tree
version=v4
num_class=1
num_tree_per_iteration=1
label_index=0
max_feature_idx=16
objective=quantile
feature_names=ret_1d ret_5d ret_20d overnight_gap atr_pct parkinson_20 dvol_z_20 dist_ma20 dist_ma50 dist_ma200 spy_ret_1d spy_ret_5d spy_ret_20d vix_level vix_chg_1d sector_ret_1d sector_ret_5d
feature_infos=[-0.27554869511995173:0.14550192733798828] [-0.32885865741323572:0.2085442227658072] [-0.4076796039907844:0.32416494480680313] [-0.27982533442131119:0.079949022563337468] [0.012043406657691652:0.085655086412656234] [0.0070627667072465112:0.036508700376699961] [-1.7004511523856789:3.9937742653697046] [-0.31804482953325897:0.16010734557970752] [-0.39725680372425187:0.19183152691866501] [-0.501609884717235:0.33629366392763171] [-0.058542971330535654:0.10501930183911301] [-0.11496151859245618:0.082843162776128354] [-0.1226559005192206:0.15756591020035837] [11.859999656677246:52.330001831054688] [-0.35753873962348437:0.74039073966007019] [-0.068247998544687438:0.13425697132599002] [-0.13587196028298487:0.11773217696052685]
tree_sizes=828 858 849 859 857 864 872 864 862 864 863 861 869 869 869 863 869 863 858 864 870 870 869 868 862 867 869 863 861 864 868 866 864 867 872 869 866 870 867 863 864 863 868 873 872 875 870 869 867 875 865 856 861 870 855 870 857 871 876 857

Tree=0
num_leaves=8
num_cat=0
split_feature=4 15 10 16 2 12 8
split_gain=3.02914 1.56028 2.30557 1.1163 0.753061 0.552045 0.566741
threshold=0.032147356757681551 0.014941233322009919 -0.0066318377960538624 -0.044122106073568472 -0.072966965793664781 0.027692193477340758 -0.072446015600671584
decision_type=2 2 2 2 2 2 10
left_child=3 2 -2 -1 -4 6 -5
right_child=1 -3 4 5 -6 -7 -8
leaf_value=0.01896688422264925 0.02013411264557885 0.019902601279990596 0.01915419373495748 0.018987143955504493 0.018390174959975213 0.018486139754134399 0.018638940211652667
leaf_weight=26 28 27 49 41 41 259 275
leaf_count=26 28 27 49 41 41 259 275
internal_value=0.0186794 0.0251659 0.0226849 0.0171144 0.0187866 0.0166562 0.0180588
internal_weight=746 145 118 601 90 575 316
internal_count=746 145 118 601 90 575 316
is_linear=0
shrinkage=1


Tree=1
num_leaves=8
num_cat=0
split_feature=1 16 4 13 12 10 5
split_gain=3.37682 1.23754 0.968712 0.950786 0.623295 0.717036 1.25826
threshold=-0.059542486094549978 -0.045426613673476827 0.045944795023282782 17.914999961853031 0.027692193477340758 0.0066149119046357016 0.016891892381167017
decision_type=2 2 2 2 2 2 2
left_child=3 -2 4 -1 5 -3 -7
right_child=1 2 -4 -5 -6 6 -8
leaf_value=0.00056130262775743183 0.0005661099858381202 -0.00015051845880709039 0.00019296006383060405 0.0013847653785977465 -0.00028348282132170769 -6.9666957246560318e-05 0.00028227217784657928
leaf_weight=26 28 271 34 31 270 48 25
leaf_count=26 28 271 34 31 270 48 25
internal_value=-2.0465e-05 -0.00100592 -0.00145062 0.0116667 -0.00190554 -0.000494187 0.00390411
internal_weight=733 676 648 57 614 344 73
internal_count=733 676 648 57 614 344 73
is_linear=0
shrinkage=0.05


Tree=2
num_leaves=8
num_cat=0
split_feature=1 4 13 6 4 6 11
split_gain=4.36811 1.19277 0.966964 0.496568 0.707087 0.635252 1.35396
threshold=-0.056397438850137087 0.045944795023282782 17.914999961853031 -0.48398452583034102 0.028793871656123782 -0.6180402859393882 0.011124133624280887
decision_type=2 2 2 2 2 2 2
left_child=2 3 -1 5 -5 -2 -7
right_child=1 -3 -4 4 -6 6 -8
leaf_value=0.00043306832454779445 -0.00023218859108714671 0.00019524686796783941 0.001112489139497811 -0.00021747524254252173 6.372489866465921e-05 0.00032398552228034668 -0.00063484064193083944
leaf_weight=28 192 37 32 347 57 25 27
leaf_count=28 192 37 32 347 57 25 27
internal_value=-0.000436243 -0.00156934 0.0125 -0.0020679 -0.00314357 -0.000286886 0.00461538
internal_weight=745 685 60 648 404 244 52
internal_count=745 685 60 648 404 244 52
is_linear=0
shrinkage=0.05


Tree=3
num_leaves=8
num_cat=0
split_feature=1 9 0 16 13 6 10
split_gain=2.43535 1.22804 0.880476 0.682431 0.578571 0.421812 0.564639
threshold=-0.056397438850137087 -0.37012643427340564 -0.0020015744332098069 -0.046290294771689826 17.914999961853031 -0.45815642322624189 0.011197957811865391
decision_type=2 8 2 2 2 2 2
left_child=4 2 -2 -3 -1 -5 -7
right_child=1 3 -4 5 -6 6 -8
leaf_value=0.00020099447673688339 0.00083478354346686295 0.00035471201267310901 7.5487403666722557e-05 -1.924270818531028e-05 0.0011793098521728392 -0.00022868836664468491 0.0003317555639909377
leaf_weight=28 25 27 35 224 35 334 29
leaf_count=28 25 27 35 224 35 334 29
internal_value=-0.000115334 -0.000994066 0.00583333 -0.00166124 0.00928571 -0.00201874 -0.00307163
internal_weight=737 674 60 614 63 587 363
internal_count=737 674 60 614 63 587 363
is_linear=0
shrinkage=0.05


Tree=4
num_leaves=8
num_cat=0
split_feature=1 4 9 16 14 3 9
split_gain=2.7929 0.89811 0.730729 0.561132 0.526542 0.612269 0.888889
threshold=-0.058232725927591371 0.033646925381487149 -0.28019678997481329 -0.013642674793240937 -0.0054293361358405115 -0.0043772812772979721 0.1325273870974473
decision_type=2 2 8 2 2 2 8
left_child=2 4 -1 -3 -2 6 -6
right_child=1 3 -4 -5 5 -7 -8
leaf_value=0.001328260731246328 -0.00026155759079849329 0.00030426327533504424 0.00019509420509427301 1.342059282317366e-05 -0.00032828000761442864 -0.00014691970282523472 0.00026396572463058168
leaf_weight=29 298 29 27 72 36 216 36
leaf_count=29 298 29 27 72 36 216 36
internal_value=-0.000558548 -0.00143377 0.0101786 0.00292079 -0.0021843 -0.000659723 0.00333333
internal_weight=743 687 56 101 586 288 72
internal_count=743 687 56 101 586 288 72
is_linear=0
shrinkage=0.05


Tree=5
num_leaves=8
num_cat=0
split_feature=0 4 16 12 9 10 4
split_gain=2.1797 1.72776 1.23937 0.530268 0.557939 0.595763 1.08997
threshold=-0.032906634095629266 0.045944795023282782 -0.045426613673476827 0.027692193477340758 0.14804524931909627 0.0066149119046357016 0.027966151587778841
decision_type=2 2 2 2 10 2 2
left_child=-1 2 -2 4 5 -4 -7
right_child=1 -3 3 -5 -6 6 -8
leaf_value=0.00073758777635865038 0.00028141024475928001 0.00090093755512422207 -0.00017347410177402951 -0.00024977490980141332 0.0002122191471673582 -6.8069337081183226e-05 0.00028169380773163506
leaf_weight=27 30 44 250 274 34 48 25
leaf_count=27 30 44 250 274 34 48 25
internal_value=-0.000423498 -0.000957448 -0.00159607 -0.00206815 -0.000798321 -0.00143963 0.00253425
internal_weight=732 705 661 631 357 323 73
internal_count=732 705 661 631 357 323 73
is_linear=0
shrinkage=0.05


Tree=6
num_leaves=8
num_cat=0
split_feature=9 0 14 2 16 10 6
split_gain=2.52195 0.963458 0.514365 0.560217 0.403066 1.52104 0.598078
threshold=-0.37012643427340564 -0.0052853984733036144 -0.0054293361358405115 -0.08362541507318981 -0.00035947524594137631 -0.00098146470718468693 -0.47597706849922489
decision_type=8 2 2 2 2 2 2
left_child=1 -1 3 -2 5 6 -4
right_child=2 -3 4 -5 -6 -7 -8
leaf_value=0.00091391108896048123 6.883089878793247e-05 0.00037560730777001463 0.00016676921555775078 -0.00020494288187723373 -0.00022961102567381681 0.00029849563123789959 -4.1416482352094584e-05
leaf_weight=34 39 49 35 302 172 25 88
leaf_count=34 39 49 35 302 172 25 88
internal_value=-0.000564517 0.0076506 -0.00159607 -0.00294722 -0.000156251 0.00175676 -0.000528456
internal_weight=744 83 661 341 320 148 123
internal_count=744 83 661 341 320 148 123
is_linear=0
shrinkage=0.05


Tree=7
num_leaves=8
num_cat=0
split_feature=8 12 15 12 4 4 15
split_gain=1.80894 1.08167 0.769072 0.351758 0.442898 1.10526 0.457913
threshold=-0.15410090398131196 -0.0014831897497937228 -0.024469919857228236 0.027692193477340758 0.017893323107005109 0.015215467639737459 0.013242945444064571
decision_type=8 2 2 2 2 2 2
left_child=1 -1 -2 4 5 -4 -6
right_child=2 -3 3 -5 6 -7 -8
leaf_value=0.00068437260722058072 0.00087412885757675446 0.00025482678133941704 -0.00039763588463825747 -0.00020949651109480649 -0.00016291043128134559 0.00015219404283808356 7.5632162560761032e-05
leaf_weight=31 30 32 28 280 231 48 60
leaf_count=31 30 32 28 280 231 48 60
internal_value=-0.000405407 0.00769841 -0.00115953 -0.00152241 -0.000504088 0.00289474 -0.00139175
internal_weight=740 63 677 647 367 76 291
internal_count=740 63 677 647 367 76 291
is_linear=0
shrinkage=0.05


Tree=8
num_leaves=8
num_cat=0
split_feature=1 13 15 4 12 7 7
split_gain=2.25592 0.711395 0.633772 0.514369 0.43396 0.326603 1.0971
threshold=-0.058232725927591371 24.119999885559086 -0.0067207406434357511 0.033902938301450768 0.0072856290131225751 -0.022212672328852264 -0.017029476532483875
decision_type=2 2 2 2 2 2 2
left_child=2 3 -1 5 -5 -2 -7
right_child=1 -3 -4 4 -6 6 -8
leaf_value=0.00095630978470136381 -0.00024031477071760005 0.00011514617973992482 0.00080377570918391489 0.00042470553684621575 -2.0533580747595712e-05 0.00022775353087141814 -0.00014088207356288527
leaf_weight=25 139 39 32 29 38 26 433
leaf_count=25 139 39 32 29 38 26 433
internal_value=-0.000532196 -0.00130682 0.00903509 -0.00169173 0.00246269 -0.00215719 -0.00151416
internal_weight=761 704 57 665 67 598 459
internal_count=761 704 57 665 67 598 459
is_linear=0
shrinkage=0.05


Tree=9
num_leaves=8
num_cat=0
split_feature=0 4 16 10 6 6 13
split_gain=1.54823 1.32879 0.83224 0.43744 0.316329 1.05372 0.357348
threshold=-0.034450679383432763 0.046709177962404883 -0.045426613673476827 0.012020737458552368 -0.48398452583034102 -0.6180402859393882 15.97499990463257
decision_type=2 2 2 2 2 2 2
left_child=-1 2 -2 4 5 -4 -6
right_child=1 -3 3 -5 6 -7 -8
leaf_value=0.0006754040210466875 0.00024336932193453069 0.00094086691716218545 -0.00023755398304355137 0.00029438119313501154 -0.00013665476488112336 0.00016253680375591143 -0.00015062844659660863
leaf_weight=28 30 44 177 44 166 45 204
leaf_count=28 30 44 177 44 166 45 204
internal_value=-0.000460706 -0.000915494 -0.00147147 -0.00185535 -0.00221284 -0.000720722 -0.00310811
internal_weight=738 710 666 636 592 222 370
internal_count=738 710 666 636 592 222 370
is_linear=0
shrinkage=0.05


Tree=10
num_leaves=8
num_cat=0
split_feature=4 10 10 0 12 9 0
split_gain=1.67261 1.62521 0.758178 0.666807 0.382633 0.769849 0.3552
threshold=0.028412368739711952 -0.010966446415133555 0.0066149119046357016 -0.01431324616806162 0.027692193477340758 0.14804524931909627 -0.0085532499408129108
decision_type=2 2 2 2 2 10 2
left_child=4 -2 3 -3 5 6 -1
right_child=1 2 -4 -5 -6 -7 -8
leaf_value=-0.00021236308604904422 0.0010050403910296811 0.00020564065918497591 0.00022940332669061441 -0.0002674173248074626 -0.00020509066031552915 0.00019418496223164888 -2.8778562361018905e-05
leaf_weight=75 25 35 47 84 246 38 198
leaf_count=75 25 35 47 84 246 38 198
internal_value=-0.000922461 0.00311518 0.0013253 -0.000798321 -0.002307 -0.00114148 -0.0020696
internal_weight=748 191 166 119 557 311 273
internal_count=748 191 166 119 557 311 273
is_linear=0
shrinkage=0.05


Tree=11
num_leaves=8
num_cat=0
split_feature=0 4 0 15 9 6 14
split_gain=1.37059 1.07246 0.752665 0.928571 0.523099 0.809847 0.871646
threshold=-0.036336601991377886 0.033646925381487149 0.016299412239950465 0.0038316337312216402 0.14804524931909627 -0.48398452583034102 0.0037598780805861991
decision_type=2 2 2 2 8 2 2
left_child=-1 4 3 -3 -2 6 -6
right_child=1 2 -4 -5 5 -7 -8
leaf_value=0.00063639496328925596 -0.00014222817597910189 2.6754639482964373e-05 -7.7110364280663236e-05 0.0010266161056344801 -3.3253959643942255e-05 -0.00013898034612166884 0.00029293561672491297
leaf_weight=25 349 42 29 39 67 162 33
leaf_count=25 349 42 29 39 67 162 33
internal_value=-0.000509385 -0.000908462 0.00363636 0.00611111 -0.00172668 -3.81691e-05 0.0035
internal_weight=746 721 110 81 611 262 100
internal_count=746 721 110 81 611 262 100
is_linear=0
shrinkage=0.05


Tree=12
num_leaves=8
num_cat=0
split_feature=1 6 9 11 10 6 15
split_gain=1.70799 0.430591 0.682023 0.743471 0.498869 0.479969 0.593717
threshold=-0.058232725927591371 -0.58864965304623496 -0.40739992528563762 0.00053831818388905283 -0.013932241848525038 0.86114754817634664 0.0096674812609049993
decision_type=2 2 10 2 2 2 2
left_child=-1 2 3 -2 -3 -6 -7
right_child=1 4 -4 -5 5 6 -8
leaf_value=0.00067282361243345423 -0.00012673311694478824 0.00020715520977872476 -0.00019069595119860971 0.00027711188047765717 -0.00017957122186581121 -0.00011099175703647426 0.00032827110408813811
leaf_weight=54 26 26 145 33 343 68 31
leaf_count=54 26 26 145 33 343 68 31
internal_value=-0.000592288 -0.00127976 0.000637254 0.00516949 -0.00211539 -0.00251131 0.000555554
internal_weight=726 672 204 59 468 442 99
internal_count=726 672 204 59 468 442 99
is_linear=0
shrinkage=0.05


Tree=13
num_leaves=8
num_cat=0
split_feature=0 4 16 12 10 14 13
split_gain=1.20465 1.00151 0.572699 0.411471 0.532822 1.35135 0.495861
threshold=-0.036336601991377886 0.045944795023282782 -0.039836208160089086 0.027692193477340758 0.0066149119046357016 -0.073050802278400592 15.825000286102297
decision_type=2 2 2 2 2 2 2
left_child=-1 2 -2 4 6 -6 -4
right_child=1 -3 3 -5 5 -7 -8
leaf_value=0.00055182541831739216 0.00011271207947100705 0.00084128808057135768 5.3729667852667015e-05 -0.00018244926154918647 -6.2582622838112755e-05 0.00023402315776795688 -0.00015990598664429836
leaf_weight=27 44 44 97 282 37 37 174
leaf_count=27 44 44 97 282 37 37 174
internal_value=-0.000552562 -0.000944057 -0.00142325 -0.00181021 -0.000652175 0.00310811 -0.00167897
internal_weight=742 715 671 627 345 74 271
internal_count=742 715 671 627 345 74 271
is_linear=0
shrinkage=0.05


Tree=14
num_leaves=8
num_cat=0
split_feature=0 16 4 1 14 14 2
split_gain=0.909034 0.742572 0.403995 0.359021 0.66886 2.40079 0.423394
threshold=-0.036336601991377886 -0.039836208160089086 0.047880102259208371 -0.018711977432259327 0.052213768787031663 0.082777995482000835 0.012573478306778909
decision_type=2 2 2 2 2 2 2
left_child=-1 -2 3 -3 6 -6 -5
right_child=1 2 -4 4 5 -7 -8
leaf_value=0.00053384028498102581 0.00014950997420480082 -0.00021346285727474304 0.00044289776770078449 2.1967962373979976e-06 0.00039287071159125844 -0.00038773558716799912 -0.00016304623063428069
leaf_weight=26 44 164 34 167 28 35 226
leaf_count=26 44 164 34 167 28 35 226
internal_value=-0.000718233 -0.00106017 -0.00148318 -0.00177419 -0.00105263 0.00373016 -0.00181934
internal_weight=724 698 654 620 456 63 393
internal_count=724 698 654 620 456 63 393
is_linear=0
shrinkage=0.05


Tree=15
num_leaves=8
num_cat=0
split_feature=5 10 10 13 14 14 4
split_gain=0.737319 0.85967 1.07525 1.3027 0.470037 1.07673 0.587033
threshold=0.015755865807555176 -0.011742886099156634 0.007852611946651546 18.510000228881839 0.0037598780805861991 0.013234785210327617 0.018858870256519247
decision_type=2 2 2 2 2 2 2
left_child=4 -2 -3 -4 -1 -6 -7
right_child=1 2 3 -5 5 6 -8
leaf_value=-0.00016840609083087262 0.00086281352694434507 -7.7622039576650317e-05 0.00081824280736504315 -9.4753794933501802e-05 0.00014850954077382834 4.384815304447132e-05 -0.00028009253554598789
leaf_weight=246 27 210 29 27 35 67 91
leaf_count=246 27 210 29 27 35 67 91
internal_value=-0.000628416 0.00131399 0.000451127 0.00660714 -0.00192483 -7.77214e-05 -0.00183544
internal_weight=732 293 266 56 439 193 158
internal_count=732 293 266 56 439 193 158
is_linear=0
shrinkage=0.05


Tree=16
num_leaves=8
num_cat=0
split_feature=0 16 6 6 10 8 3
split_gain=0.549866 0.472517 0.403906 0.660307 0.370041 0.690909 0.725926
threshold=-0.036336601991377886 -0.045426613673476827 -0.48398452583034102 -0.60325296793515093 0.0066149119046357016 0.036868994401298878 0.0021295303606161391
decision_type=2 2 2 2 2 8 2
left_child=-1 -2 3 -3 -4 6 -6
right_child=1 2 4 -5 5 -7 -8
leaf_value=0.00048738893788924094 0.00027419111653390337 -7.4840913719035826e-05 -0.00013150301795571899 0.00019290963008403172 0.00037464883878823347 -0.00018177872984504893 -3.7399904971597733e-05
leaf_weight=26 36 201 332 46 27 38 45
leaf_count=26 36 201 332 46 27 38 45
internal_value=-0.00060586 -0.00086207 -0.00115385 0.000465586 -0.00205882 0.000454544 0.00333333
internal_weight=751 725 689 247 442 110 72
internal_count=751 725 689 247 442 110 72
is_linear=0
shrinkage=0.05


Tree=17
num_leaves=8
num_cat=0
split_feature=1 16 14 7 9 16 11
split_gain=1.07219 0.569801 0.46454 1.18651 0.344946 0.372889 0.756069
threshold=-0.073750587147500421 -0.046290294771689826 0.052213768787031663 0.006282425229754752 -0.3729312723208581 -0.012980524547583248 -0.0094173901882642057
decision_type=2 2 2 2 8 2 2
left_child=-1 -2 4 -4 -3 6 -6
right_child=1 2 3 -5 5 -7 -8
leaf_value=0.00091410049267083744 0.0004095826728557811 9.9454984232278618e-05 -9.226164551842569e-05 0.00037295986597366188 -0.00015619112817051855 -0.0001547274517075245 0.00017853184873064889
leaf_weight=29 27 49 78 35 52 439 35
leaf_count=29 27 49 78 35 52 439 35
internal_value=-0.000631722 -0.00101399 -0.00129361 0.00163717 -0.00186957 -0.00224335 0.000747125
internal_weight=744 715 688 113 575 526 87
internal_count=744 715 688 113 575 526 87
is_linear=0
shrinkage=0.05


Tree=18
num_leaves=8
num_cat=0
split_feature=15 8 10 6 9 6 6
split_gain=0.638088 0.547268 0.775265 0.428352 0.807232 0.899465 0.349436
threshold=-0.024986231241789388 -0.15410090398131196 0.000540884636322292 -0.48398452583034102 0.14804524931909627 -0.66965714276972754 2.0545178930837764
decision_type=2 8 2 2 8 2 2
left_child=-1 2 -2 4 -3 -6 -5
right_child=1 3 -4 6 5 -7 -8
leaf_value=0.00044196384676792723 -4.9069666172424333e-05 -0.00025988331136392616 0.00047613811735438812 -0.00010315252985070868 2.8703057876785924e-05 0.00020731319904083759 1.3062984610115946e-05
leaf_weight=31 31 141 27 379 65 32 44
leaf_count=31 31 141 27 379 65 32 44
internal_value=-0.000733335 -0.00103616 0.00362069 -0.00144478 0.0002521 0.00376289 -0.00239953
internal_weight=750 719 58 661 238 97 423
internal_count=750 719 58 661 238 97 423
is_linear=0
shrinkage=0.05


Tree=19
num_leaves=8
num_cat=0
split_feature=9 1 16 14 7 2 15
split_gain=0.991208 0.738916 0.684877 0.50484 1.15539 0.355556 0.204369
threshold=-0.39251191435540739 -0.019635010193221166 -0.045426613673476827 0.052213768787031663 0.012305184494059486 -0.020530398796717027 -0.0082487658961080661
decision_type=8 2 2 2 2 2 2
left_child=1 -1 -2 6 5 -5 -4
right_child=2 -3 3 4 -6 -7 -8
leaf_value=0.00071831481819669427 0.00040315636590407202 -4.8810487933532684e-05 -0.00022876637187683441 8.7750917682653024e-06 0.00035771059460901005 -0.00017586049020490771 -8.7554093357800151e-05
leaf_weight=27 32 29 57 45 25 36 490
leaf_count=27 32 29 57 45 25 36 490
internal_value=-0.000681513 0.00571428 -0.00120438 -0.00155437 0.00160377 -0.0012963 -0.00216636
internal_weight=741 56 685 653 106 81 547
internal_count=741 56 685 653 106 81 547
is_linear=0
shrinkage=0.05


Tree=20
num_leaves=8
num_cat=0
split_feature=0 0 10 2 16 14 9
split_gain=0.587565 0.47809 0.944368 1.86852 0.684654 0.724189 0.43338
threshold=-0.036336601991377886 0.017209266327721354 0.007852611946651546 -0.03417210186904545 -0.046290294771689826 -0.021011062487688355 0.14804524931909627
decision_type=2 2 2 2 2 2 8
left_child=-1 2 4 -4 -2 -6 -7
right_child=1 -3 3 -5 5 6 -8
leaf_value=0.00038519058043108459 0.00064081493180070882 -0.00022032639123661867 0.00048062532209527855 -0.00013859128518590622 -0.00015172164556218377 -8.7605497980340353e-05 5.2136318946493677e-05
leaf_weight=25 25 82 31 52 154 224 146
leaf_count=25 25 82 31 52 154 224 146
internal_value=-0.000534507 -0.000798321 -0.00033228 0.00463855 -0.00108379 -0.00146947 -0.000270271
internal_weight=739 714 632 83 549 524 370
internal_count=739 714 632 83 549 524 370
is_linear=0
shrinkage=0.05


Tree=21
num_leaves=8
num_cat=0
split_feature=0 4 14 2 2 12 12
split_gain=0.94668 0.563926 0.400998 0.419459 0.702169 0.455019 1.08242
threshold=-0.036336601991377886 0.046709177962404883 -0.0054293361358405115 -0.035030177183696935 -0.018794916340984399 0.014938847679140889 -0.0026166502717502866
decision_type=2 2 2 2 2 2 2
left_child=-1 2 -2 -4 -5 6 -6
right_child=1 -3 3 4 5 -7 -8
leaf_value=0.00036572427497646298 -0.00012473852627823299 0.00043514226767974817 -0.00013260151287889467 7.0388824241850178e-05 -0.00013649956733693125 -9.8162445154504011e-05 0.0002287768518792699
leaf_weight=26 342 43 89 26 32 153 35
leaf_count=26 342 43 89 26 32 153 35
internal_value=-0.000911529 -0.00125 -0.00160266 -0.000373136 0.000691056 -0.000227274 0.00320895
internal_weight=746 720 677 335 246 220 67
internal_count=746 720 677 335 246 220 67
is_linear=0
shrinkage=0.05


Tree=22
num_leaves=8
num_cat=0
split_feature=9 1 10 15 15 5 16
split_gain=0.83613 0.840572 0.280221 0.427901 0.518614 0.679562 0.604438
threshold=-0.39251191435540739 -0.019635010193221166 0.012020737458552368 0.0022521864515802075 0.0013472785893936525 0.010291005804659564 0.02781390015284391
decision_type=8 2 2 2 2 2 2
left_child=1 -1 3 4 5 -2 -7
right_child=2 -3 -4 -5 -6 6 -8
leaf_value=0.00065420320469257128 6.8315547541075995e-05 -0.00011219522076871487 0.00021504640165269124 -0.00011553437466717564 8.1523505273615657e-05 -0.00010691775246128005 6.5725960939561361e-05
leaf_weight=27 31 32 45 287 32 249 37
leaf_count=27 31 32 45 287 32 249 37
internal_value=-0.000540542 0.00516949 -0.00103524 -0.00130503 -0.000128941 -0.000741326 -0.0015035
internal_weight=740 59 681 636 349 317 286
internal_count=740 59 681 636 349 317 286
is_linear=0
shrinkage=0.05


Tree=23
num_leaves=8
num_cat=0
split_feature=4 16 9 11 1 10 13
split_gain=0.79935 0.633363 0.442919 0.866286 1.3225 0.539677 0.669346
threshold=0.046709177962404883 -0.045426613673476827 -0.3729312723208581 0.0035059532242039952 0.0054524561591916551 0.0012830782027211109 15.825000286102297
decision_type=2 2 10 2 2 2 2
left_child=1 -1 3 -3 -5 6 -4
right_child=-2 2 5 4 -6 -7 -8
leaf_value=0.00028334017148476707 0.00043115296626868081 -0.00014579406098264635 6.0878746686374131e-05 0.00025224206955871135 -3.5964891689914997e-05 -0.00011477031774822637 -7.3716027785395035e-05
leaf_weight=32 46 102 96 36 64 241 130
leaf_count=32 46 102 96 36 64 241 130
internal_value=-0.000515396 -0.000934381 -0.00126308 0.000693068 0.004 -0.00210921 -0.000353983
internal_weight=747 701 669 202 100 467 226
internal_count=747 701 669 202 100 467 226
is_linear=0
shrinkage=0.05


Tree=24
num_leaves=8
num_cat=0
split_feature=1 2 15 0 0 13 2
split_gain=0.738187 0.446429 0.392264 0.301248 0.535348 0.380473 0.480346
threshold=-0.058232725927591371 -0.10531078488404154 -0.024986231241789388 0.017209266327721354 0.013431955657421725 21.724999427795414 0.11861124237598698
decision_type=2 2 2 2 2 2 2
left_child=1 -1 -2 4 5 6 -4
right_child=2 -3 3 -5 -6 -7 -8
leaf_value=5.4971358359496868e-05 0.00023896075686640403 0.00035040535404309934 -0.00010789063945794003 -0.00020738768929402939 0.00021007271135304188 1.3808190994420836e-05 0.00015680271869330178
leaf_weight=28 25 28 484 76 35 43 25
leaf_count=28 25 28 484 76 35 43 25
internal_value=-0.000698926 0.00482143 -0.00114826 -0.00138009 -0.000996594 -0.00137681 -0.00175835
internal_weight=744 56 688 663 587 552 509
internal_count=744 56 688 663 587 552 509
is_linear=0
shrinkage=0.05


Tree=25
num_leaves=8
num_cat=0
split_feature=15 1 3 5 16 1 16
split_gain=0.717735 0.42031 0.798623 1.03061 0.773333 0.415207 0.475286
threshold=-0.024469919857228236 -0.037230991189332478 -0.0059992507623998761 0.01968416719341182 -0.008392142496231823 -0.024441872086958357 -0.026790326293764651
decision_type=2 2 2 2 2 2 2
left_child=-1 2 -2 4 -4 -3 -7
right_child=1 5 3 -5 -6 6 -8
leaf_value=0.00032043096753416576 -7.0907316249874301e-05 -0.00025167726242207047 4.8557774194527581e-05 0.0012831126148251911 -0.00021932587428028167 3.4404933701509004e-05 -7.7459470448053985e-05
leaf_weight=34 29 64 25 29 29 43 497
leaf_count=34 29 64 25 29 29 43 497
internal_value=-0.000333335 -0.000670392 0.00214286 0.00463855 0.000555554 -0.00119205 -0.000740742
internal_weight=750 716 112 83 54 604 540
internal_count=750 716 112 83 54 604 540
is_linear=0
shrinkage=0.05


Tree=26
num_leaves=8
num_cat=0
split_feature=4 14 10 1 13 13 16
split_gain=0.656772 0.821447 0.458333 0.627886 0.389723 0.362003 0.441944
threshold=0.033646925381487149 0.066707247335420675 -0.00075291424678586283 0.0078313669880696341 21.82499980926514 17.125000000000004 0.00023795238460544435
decision_type=2 2 2 2 2 2 2
left_child=4 2 -2 -4 5 6 -1
right_child=1 -3 3 -5 -6 -7 -8
leaf_value=6.5049919033090684e-05 -0.00044534525023672732 0.00063611249094202974 0.00032059315528418486 -8.8606834613609166e-05 1.2439195109963356e-05 -0.00013196225161904359 -8.8177605490778982e-05
leaf_weight=125 27 30 44 28 41 182 266
leaf_count=125 27 30 44 28 41 182 266
internal_value=-0.000491253 0.00275194 0.000555554 0.00263889 -0.00117264 -0.0015096 -0.000652175
internal_weight=743 129 99 72 614 573 391
internal_count=743 129 99 72 614 573 391
is_linear=0
shrinkage=0.05


Tree=27
num_leaves=8
num_cat=0
split_feature=1 9 16 6 9 14 2
split_gain=0.879082 0.555812 0.607649 0.347806 0.72988 1.34063 0.814871
threshold=-0.073750587147500421 -0.39601683456274184 -0.046290294771689826 -0.48398452583034102 0.111409945497859 0.0037598780805861991 -0.010374639955154251
decision_type=2 8 2 2 8 2 2
left_child=-1 -2 -3 4 -4 6 -6
right_child=1 2 3 -5 5 -7 -8
leaf_value=0.0010155003847539151 0.0002693987709186983 0.00030153525859383582 -0.0002517175400376886 -5.7328773951006409e-05 0.00011310015572320981 0.00021291345279107686 -0.00023652827189213908
leaf_weight=26 41 27 137 409 25 29 51
leaf_count=26 41 27 137 409 25 29 51
internal_value=-0.000570471 -0.00089708 -0.00123894 -0.00154378 -4.13235e-05 0.00309524 -0.000394738
internal_weight=745 719 678 651 242 105 76
internal_count=745 719 678 651 242 105 76
is_linear=0
shrinkage=0.05


Tree=28
num_leaves=8
num_cat=0
split_feature=4 1 14 10 13 4 2
split_gain=0.764491 0.59841 0.485048 0.926297 0.640811 0.558922 0.384263
threshold=0.046709177962404883 -0.037230991189332478 -0.073802250117532039 0.012020737458552368 21.724999427795414 0.030420654025842073 0.11861124237598698
decision_type=2 2 2 2 2 2 2
left_child=2 -2 -1 4 6 -6 -4
right_child=1 -3 3 -5 5 -7 -8
leaf_value=-0.00010181304333218042 0.001284741203170603 -5.5227678973089149e-05 -6.3671273700710622e-05 0.00079365467113967506 3.2159077410629449e-05 -0.00013176579559858809 0.00013908391517612075
leaf_weight=64 25 28 531 25 28 25 26
leaf_count=64 25 28 531 25 28 25 26
internal_value=-0.000412235 0.00537736 -0.000851217 -0.000433072 -0.000819673 0.00443396 -0.00131957
internal_weight=752 53 699 635 610 53 557
internal_count=752 53 699 635 610 53 557
is_linear=0
shrinkage=0.05


Tree=29
num_leaves=8
num_cat=0
split_feature=9 16 7 8 11 11 0
split_gain=0.748034 0.587742 0.647037 0.534859 0.285669 0.740321 0.297304
threshold=-0.40055893273668064 -0.026391808934725033 -0.046112912906273389 -0.0073600301155979366 0.018473495823320477 0.023193318891049478 0.0041776049334455454
decision_type=8 2 2 10 2 2 2
left_child=-1 2 -2 -4 -3 -6 -7
right_child=1 4 3 -5 5 6 -8
leaf_value=0.00030492899281084525 0.00027483443706851192 -9.0032643980975365e-05 -0.00041883658671888085 1.8600868127268617e-05 7.1327165218692992e-05 -0.00023544495758261831 1.3957786292632206e-05
leaf_weight=48 29 453 31 40 41 45 43
leaf_count=48 29 453 31 40 41 45 43
internal_value=-0.00061644 -0.00104106 0.0025 -7.04237e-05 -0.00164949 0.000426355 -0.00215909
internal_weight=730 682 100 71 582 129 88
internal_count=730 682 100 71 582 129 88
is_linear=0
shrinkage=0.05


Tree=30
num_leaves=8
num_cat=0
split_feature=9 0 3 12 16 9 1
split_gain=0.612953 0.452174 0.517936 1.28443 0.594963 0.505428 0.536943
threshold=-0.42553801416507853 0.018736252175089899 0.0042924062468204802 0.0094949334570126904 0.048443358893376483 0.14804524931909627 0.036009547082103251
decision_type=8 2 2 2 2 8 2
left_child=-1 2 4 -4 5 -2 -7
right_child=1 -3 3 -5 -6 6 -8
leaf_value=0.00024964487614211181 -0.00010742343833507325 -0.0001785910076042746 0.00045524532386995425 -0.00013588775328806868 1.6311296482055544e-05 -3.468702555041852e-05 0.00018838461451287604
leaf_weight=38 277 64 47 85 43 158 25
leaf_count=38 277 64 47 85 43 158 25
internal_value=-0.000658074 -0.000994279 -0.000590552 0.00219697 -0.00132207 -0.00184783 0.000191256
internal_weight=737 699 635 132 503 460 183
internal_count=737 699 635 132 503 460 183
is_linear=0
shrinkage=0.05


Tree=31
num_leaves=8
num_cat=0
split_feature=4 8 9 3 2 10 7
split_gain=0.359037 0.495322 0.75416 0.512 0.340666 0.423099 0.667244
threshold=0.02892637410537071 -0.29703296215006647 -0.40055893273668064 0.0090912253710776509 -0.055432695543624837 -0.0061039058742593513 0.0041173040138103864
decision_type=2 10 10 2 2 2 2
left_child=4 -2 -3 -4 -1 6 -6
right_child=1 2 3 -5 5 -7 -8
leaf_value=-0.00011838711037039361 -0.00035897463230728251 0.00028605161150533509 -3.9784042685942675e-05 0.00089124918558408 -0.00022740350896545715 -5.4426630301831192e-05 0.00026691709261385976
leaf_weight=104 28 27 100 25 33 384 30
leaf_count=104 28 27 100 25 33 384 30
internal_value=-0.000827635 0.00111111 0.00223684 0.000599999 -0.00146098 -0.000861299 0.00293651
internal_weight=731 180 152 125 551 447 63
internal_count=731 180 152 125 551 447 63
is_linear=0
shrinkage=0.05


Tree=32
num_leaves=8
num_cat=0
split_feature=4 0 12 7 15 9 11
split_gain=0.610524 0.513631 0.565756 0.812176 0.732009 0.485273 0.490196
threshold=0.046709177962404883 0.017209266327721354 0.027692193477340758 0.047600981708807673 0.014043577431530398 -0.28816660859899335 0.0035059532242039952
decision_type=2 2 2 2 2 10 2
left_child=1 2 3 4 -1 6 -4
right_child=-2 -3 5 -5 -6 -7 -8
leaf_value=-3.221129473935025e-05 0.00031276544441035878 -0.00018553526708709023 -0.00018143337688200807 9.1390169810231636e-05 0.0002238369532882899 -0.00010450262541217854 4.9810317343229507e-05
leaf_weight=293 52 72 25 29 33 188 60
leaf_count=293 52 72 25 29 33 188 60
internal_value=-0.000611703 -0.001 -0.000541402 0.000774647 6.13485e-05 -0.00225275 0.000882352
internal_weight=752 700 628 355 326 273 85
internal_count=752 700 628 355 326 273 85
is_linear=0
shrinkage=0.05


Tree=33
num_leaves=8
num_cat=0
split_feature=9 16 12 12 10 11 4
split_gain=0.497925 0.39306 0.410158 0.547828 0.936068 0.496109 0.681748
threshold=-0.40055893273668064 -0.039836208160089086 -0.014960350168733092 0.0066896408709551389 0.006220969349569617 0.022655260909184464 0.02340840122883887
decision_type=8 2 2 2 2 2 2
left_child=-1 -2 -3 4 -4 -5 -7
right_child=1 2 3 5 -6 6 -8
leaf_value=0.00024292998785365436 8.1022886882024266e-05 -6.9218240891654064e-05 -1.7673299942647591e-05 -8.884731038581381e-05 0.00021900757368937754 -8.3494124956861126e-05 0.00015959764030129463
leaf_weight=49 48 112 65 376 25 42 25
leaf_count=49 48 112 65 376 25 42 25
internal_value=-0.000687333 -0.00103175 -0.00135659 -0.000778613 0.00277778 -0.00150113 0.00246269
internal_weight=742 693 645 533 90 443 67
internal_count=742 693 645 533 90 443 67
is_linear=0
shrinkage=0.05


Tree=34
num_leaves=8
num_cat=0
split_feature=1 2 2 14 14 16 12
split_gain=0.481168 0.48332 0.594443 0.462615 0.527817 1.05104 0.398507
threshold=-0.073750587147500421 -0.03659577552614434 -0.023970619716964511 -0.0043060965648996632 0.099742575354610077 -0.017892541437627859 0.01698171514572289
decision_type=2 2 2 2 2 2 2
left_child=-1 -2 -3 -4 5 -5 -7
right_child=1 2 3 4 -6 6 -8
leaf_value=0.00028766109936691767 -5.7074747532913224e-05 0.00019051037993129047 -8.8663240005523717e-05 0.00015428308130783 -0.00020734335740420456 6.0791679602977804e-05 -3.471675652740692e-05
leaf_weight=28 232 36 228 33 31 42 117
leaf_count=28 232 36 228 33 31 42 117
internal_value=-0.000716199 -0.000966621 -7.18698e-05 -0.000565411 0.00105381 0.00203125 0.000345911
internal_weight=747 719 487 451 223 192 159
internal_count=747 719 487 451 223 192 159
is_linear=0
shrinkage=0.05


Tree=35
num_leaves=8
num_cat=0
split_feature=1 9 1 7 12 8 9
split_gain=0.584775 0.678937 0.539004 0.349198 0.601604 0.667797 0.349779
threshold=-0.073750587147500421 -0.42553801416507853 -0.028445923001787218 -0.019172745864441839 0.030386390811761314 -0.046187318087514466 0.1817164137601143
decision_type=2 8 2 2 2 10 8
left_child=-1 -2 -3 4 5 -4 -5
right_child=1 2 3 6 -6 -7 -8
leaf_value=0.00034483393104766465 0.00026741321292984995 -8.0091237303383245e-05 -7.6624711299796858e-05 -7.4827102798491365e-05 -0.00022516620433448944 0.00020775644532577237 6.2519918279201314e-07
leaf_weight=26 25 133 44 261 25 41 188
leaf_count=26 25 133 44 261 25 41 188
internal_value=-0.000827727 -0.00109484 -0.00138728 -0.00070662 0.00181818 0.00382353 -0.00132517
internal_weight=743 717 692 559 110 85 449
internal_count=743 717 692 559 110 85 449
is_linear=0
shrinkage=0.05


Tree=36
num_leaves=8
num_cat=0
split_feature=3 12 9 6 11 7 3
split_gain=0.77911 0.273328 0.413955 0.490238 0.359751 0.531868 0.353119
threshold=0.013626052052556738 0.027692193477340758 0.14804524931909627 2.0545178930837764 0.012360939559302066 -0.0070649305546808252 -0.0012284580091568851
decision_type=2 2 10 2 2 2 2
left_child=1 2 3 4 6 -6 -1
right_child=-2 -3 -4 -5 5 -7 -8
leaf_value=-5.7412639402439387e-05 0.00026502854911946539 -7.7115770759356752e-05 0.00018628070312152735 1.3689166810639646e-05 0.00032470944919839296 -1.9086692320706385e-05 -7.3217631675413894e-05
leaf_weight=134 28 286 35 28 35 56 151
leaf_count=134 28 286 35 28 35 56 151
internal_value=-0.000683932 -0.001 -0.000216402 -0.000668318 -0.00114362 0.00159341 -0.00201755
internal_weight=753 725 439 404 376 91 285
internal_count=753 725 439 404 376 91 285
is_linear=0
shrinkage=0.05


Tree=37
num_leaves=8
num_cat=0
split_feature=1 9 0 10 0 14 14
split_gain=0.655203 0.547191 0.529938 0.674747 0.75665 0.679149 0.641277
threshold=-0.073750587147500421 -0.42553801416507853 0.017209266327721354 0.009431747271499093 0.006441912615951618 0.0037598780805861991 0.0091478412114857095
decision_type=2 8 2 2 2 2 2
left_child=-1 -2 3 5 -5 -3 -7
right_child=1 2 -4 4 -6 6 -8
leaf_value=0.00058233706332773731 0.00022919330633779374 -6.1317163489419034e-05 -0.00014143901796779125 -0.00013780877313899009 0.0011094868563292423 4.1685049147106271e-05 -1.2563605980278944e-05
leaf_weight=30 27 298 79 28 30 27 238
leaf_count=30 27 298 79 28 30 27 238
internal_value=-0.000574638 -0.000873454 -0.00114286 -0.000652175 0.00448276 -0.00118117 0.000660376
internal_weight=757 727 700 621 58 563 265
internal_count=757 727 700 621 58 563 265
is_linear=0
shrinkage=0.05


Tree=38
num_leaves=8
num_cat=0
split_feature=1 0 0 14 0 0 4
split_gain=0.516291 0.459154 0.532706 0.359881 0.573016 0.432304 0.573668
threshold=-0.073750587147500421 0.017209266327721354 0.014406484809981858 -0.0054293361358405115 0.0096578804465470309 -0.00573983857723842 0.023481876987065654
decision_type=2 2 2 2 2 2 2
left_child=-1 2 3 5 -5 6 -2
right_child=1 -3 -4 4 -6 -7 -8
leaf_value=0.00026615916452586469 -0.00012938695850485312 -0.00011708177207746962 0.0011118917375090109 -1.8901210208255636e-05 0.00023904686035018907 -8.1846322668795114e-05 6.6013953447257093e-05
leaf_weight=27 33 84 26 280 35 217 38
leaf_count=27 33 84 26 280 35 217 38
internal_value=-0.000675677 -0.00093268 -0.000469 -0.000771145 0.000396824 -0.00204861 0.00133803
internal_weight=740 713 629 603 315 288 71
internal_count=740 713 629 603 315 288 71
is_linear=0
shrinkage=0.05


Tree=39
num_leaves=8
num_cat=0
split_feature=8 8 10 9 13 7 15
split_gain=0.719373 0.763471 0.77447 1.04606 0.384061 0.224285 0.611601
threshold=-0.064382403421759479 -0.095637203906506971 -0.00075291424678586283 -0.39251191435540739 21.82499980926514 0.052038027816492589 0.0018874120505504301
decision_type=8 10 2 10 2 2 2
left_child=1 2 -1 -4 5 -2 -7
right_child=4 -3 3 -5 -6 6 -8
leaf_value=-0.00013300600932581285 -5.9909124976706906e-05 9.7497643688976082e-05 0.00040995276516818412 -0.00025569695716960554 9.4122288801724788e-06 7.8664171963986133e-05 -9.5190795918403113e-05
leaf_weight=54 495 42 28 25 35 25 32
leaf_count=54 495 42 28 25 35 25 32
internal_value=-0.00072011 0.00238255 0.000140186 0.00443396 -0.00150767 -0.00182971 0.00114035
internal_weight=736 149 107 53 587 552 57
internal_count=736 149 107 53 587 552 57
is_linear=0
shrinkage=0.05


Tree=40
num_leaves=8
num_cat=0
split_feature=15 5 0 7 15 7 8
split_gain=0.40181 0.290576 0.435897 0.405303 0.645594 0.726672 0.573356
threshold=-0.024986231241789388 0.015906035450792801 0.016105117529850558 0.039531136044061228 -0.00081429508006464191 0.006804606570254391 -0.089957488967621665
decision_type=2 2 2 2 2 2 8
left_child=-1 -2 3 4 -3 6 -6
right_child=1 2 -4 -5 5 -7 -8
leaf_value=0.00030231673161722986 -4.8031101729395342e-05 -0.00016854914083995018 -3.9220477860851794e-05 9.7247712835181981e-05 0.0002685068622976595 -0.00014155822473167239 3.5082751077581575e-06
leaf_weight=31 440 60 51 43 30 27 61
leaf_count=31 440 60 51 43 30 27 61
internal_value=-0.000895021 -0.00113764 0.000147058 0.0011086 5.61786e-05 0.00220339 0.00434066
internal_weight=743 712 272 221 178 118 91
internal_count=743 712 272 221 178 118 91
is_linear=0
shrinkage=0.05


Tree=41
num_leaves=8
num_cat=0
split_feature=16 9 1 15 3 3 9
split_gain=0.701695 0.498658 0.588766 1.04219 0.478578 0.66728 0.637424
threshold=-0.026391808934725033 -0.2438272748071241 -0.037230991189332478 0.0017460280894240345 0.0047642735136846923 -0.0012284580091568851 -0.1694366902943327
decision_type=2 10 2 2 2 2 10
left_child=4 2 3 -2 5 6 -1
right_child=1 -3 -4 -5 -6 -7 -8
leaf_value=-0.00011865682106047002 -0.00012514434323819188 -7.210925915135097e-05 -3.0074096175947493e-05 0.00044971933558541006 0.00097388420443793831 -7.7103998777405206e-05 1.5291266604856989e-05
leaf_weight=26 25 349 238 32 25 29 27
leaf_count=26 25 349 238 32 25 29 27
internal_value=-0.000805594 -0.00142857 8.47446e-05 0.00464912 0.00294392 0.00109756 0.00443396
internal_weight=751 644 295 57 107 82 53
internal_count=751 644 295 57 107 82 53
is_linear=0
shrinkage=0.05


Tree=42
num_leaves=8
num_cat=0
split_feature=16 3 16 9 11 13 5
split_gain=0.385675 0.458886 0.362201 0.549048 0.65744 0.360666 0.324986
threshold=-0.045426613673476827 -0.0027269261702833609 -0.015092462760027623 -0.39125260749024338 0.003813504719322514 14.920000076293947 0.015906035450792801
decision_type=2 2 2 10 2 2 2
left_child=-1 2 -2 4 -4 -5 -3
right_child=1 6 3 5 -6 -7 -8
leaf_value=0.00010992759364447007 4.4822014503562317e-05 -7.9081104300086753e-05 -7.4584633470561288e-05 4.326992489302173e-05 0.00022157846137717079 -0.00018468804630253203 1.2146423590978728e-06
leaf_weight=36 43 309 28 33 32 76 192
leaf_count=36 43 309 28 33 32 76 192
internal_value=-0.000327104 -0.000582049 0.00136792 0.000325443 0.00416667 -0.00178899 -0.00140719
internal_weight=749 713 212 169 60 109 501
internal_count=749 713 212 169 60 109 501
is_linear=0
shrinkage=0.05


Tree=43
num_leaves=8
num_cat=0
split_feature=12 12 4 10 11 11 3
split_gain=0.498936 0.4155 0.43252 0.945897 0.617913 0.468985 0.408163
threshold=-0.052281358654850445 -0.014960350168733092 0.023481876987065654 0.007852611946651546 0.020333074859658965 -0.0083605121660306741 1.0000000180025095e-35
decision_type=2 2 2 2 2 2 2
left_child=-1 -2 5 4 6 -3 -4
right_child=1 2 3 -5 -6 -7 -8
leaf_value=0.0001132140019741906 -5.4470660291691798e-05 0.00017791143480615294 3.9998270544246611e-05 0.00018311838914018372 0.00010150358722642555 -6.0030805960238177e-05 -0.00017090759690926004
leaf_weight=28 121 52 93 43 25 295 87
leaf_count=28 121 52 93 43 25 295 87
internal_value=-0.000833335 -0.00108939 -0.00054622 0.00104839 -0.000365855 -0.00168588 -0.00138889
internal_weight=744 716 595 248 205 347 180
internal_count=744 716 595 248 205 347 180
is_linear=0
shrinkage=0.05


Tree=44
num_leaves=8
num_cat=0
split_feature=16 3 4 8 3 0 0
split_gain=0.719439 0.610295 0.4058 0.375098 0.396161 0.318965 0.382581
threshold=-0.046290294771689826 -0.0027269261702833609 0.018812476928309483 -0.22253232426793576 -0.0047574709749797486 0.0036582412624046605 0.0055458190507052816
decision_type=2 2 2 10 2 2 2
left_child=-1 2 -2 -4 -5 -3 -7
right_child=1 5 3 4 -6 6 -8
leaf_value=0.00026649004599800221 5.2872687899422237e-05 -8.8020021351942337e-05 0.00017245226057026623 -0.00010616474676313894 3.8734191534751688e-05 4.3708633967688332e-05 -3.5941213803013434e-05
leaf_weight=32 47 246 25 98 50 36 201
leaf_count=32 47 246 25 98 50 36 201
internal_value=-0.00139456 -0.00172831 0.000454544 -0.000664741 -0.00162162 -0.00272257 -0.0014135
internal_weight=735 703 220 173 148 483 237
internal_count=735 703 220 173 148 483 237
is_linear=0
shrinkage=0.05


Tree=45
num_leaves=8
num_cat=0
split_feature=4 11 11 16 16 6 14
split_gain=0.391366 0.671866 2.24226 0.484714 0.608552 0.390989 0.461002
threshold=0.021944953005500253 0.017632958734851271 0.028003232862589215 0.00023795238460544435 -0.0056680370522956261 1.0305354876756532 0.020125848996620292
decision_type=2 2 2 2 2 2 2
left_child=3 5 -3 4 -1 6 -2
right_child=1 2 -4 -5 -6 -7 -8
leaf_value=-3.8165988070194421e-05 -5.7244664227174561e-05 9.1769389291378113e-05 -0.00010392295049788457 -0.00012620803229237496 0.00016108140804867974 -8.4940607226874072e-05 9.8762129698974353e-05
leaf_weight=129 153 30 44 218 31 48 90
leaf_count=129 153 30 44 218 31 48 90
internal_value=-0.000962316 0.000205478 0.00445946 -0.00208995 -1.19209e-09 -0.00087629 -6.17296e-05
internal_weight=743 365 74 378 160 291 243
internal_count=743 365 74 378 160 291 243
is_linear=0
shrinkage=0.05


Tree=46
num_leaves=8
num_cat=0
split_feature=10 5 10 6 16 15 10
split_gain=0.453121 0.480868 0.645324 0.780537 0.62667 0.520496 0.437822
threshold=0.0018426398432722648 0.010291005804659564 0.0004408774644957259 -0.42171806787218397 0.027358645496494031 -0.024986231241789388 0.007852611946651546
decision_type=2 2 2 2 2 2 2
left_child=1 -1 4 -4 5 -3 -2
right_child=6 2 3 -5 -6 -7 -8
leaf_value=5.6785996210570036e-05 -9.0656587791885159e-05 0.00037220613091956906 -1.8143636920338928e-05 0.0001495629048202825 9.2418238220798917e-05 -8.8393417870431039e-05 2.4428005442587601e-06
leaf_weight=43 200 25 27 29 41 247 135
leaf_count=43 200 25 27 29 41 247 135
internal_value=-0.000649265 0.000461164 -0.000121952 0.00482143 -0.00100639 -0.001875 -0.00201493
internal_weight=747 412 369 56 313 272 335
internal_count=747 412 369 56 313 272 335
is_linear=0
shrinkage=0.05


Tree=47
num_leaves=8
num_cat=0
split_feature=7 13 10 9 9 9 11
split_gain=0.366956 0.957783 0.334353 0.929835 0.307982 0.321406 0.341446
threshold=-0.066112466100461828 19.214999198913578 0.0018732766831597305 0.2155823930479093 -0.33976634209391576 -0.23013348767279776 -0.0099347791487244246
decision_type=2 2 2 10 8 8 2
left_child=1 -1 3 4 -2 -6 -7
right_child=2 -3 -4 -5 5 6 -8
leaf_value=-4.6247622907700165e-05 -0.00031722019847367185 0.00043646918934076619 -3.2931666513536949e-05 7.8182823948458078e-05 6.7154303045748185e-06 1.018686630617056e-05 -6.714712145298741e-05
leaf_weight=39 42 27 306 25 25 81 189
leaf_count=39 42 27 306 25 25 81 189
internal_value=-0.000980928 0.00257576 -0.00133234 -0.000303869 -0.000994066 -0.00042373 -0.000925927
internal_weight=734 66 668 362 337 295 270
internal_count=734 66 668 362 337 295 270
is_linear=0
shrinkage=0.05


Tree=48
num_leaves=8
num_cat=0
split_feature=3 0 10 0 7 10 4
split_gain=0.48327 0.350479 0.402606 0.700606 0.532892 0.958471 0.475913
threshold=0.013626052052556738 0.018736252175089899 0.0095537147442000831 0.006441912615951618 0.012305184494059486 0.0036325888728027116 0.016155480753563593
decision_type=2 2 2 2 2 2 2
left_child=1 2 4 -4 -1 6 -6
right_child=-2 -3 3 -5 5 -7 -8
leaf_value=-4.4390937876450947e-05 0.00010214580313943523 -0.00036504201794305469 -0.00028393997658099986 0.0010416626214370007 -9.8758629667310485e-05 -5.9066278820379342e-05 8.6326490868896379e-05
leaf_weight=384 29 57 25 30 26 66 117
leaf_count=384 29 57 25 30 26 66 117
internal_value=-0.000980928 -0.00124114 -0.000910495 0.00318182 -0.00129005 0.000741626 0.00304196
internal_weight=734 705 648 55 593 209 143
internal_count=734 705 648 55 593 209 143
is_linear=0
shrinkage=0.05


Tree=49
num_leaves=8
num_cat=0
split_feature=12 12 8 1 10 11 2
split_gain=0.598067 0.877725 0.994934 0.399789 0.388882 0.698977 0.595259
threshold=-0.005215251084133842 0.0037862010061723299 -0.024634255977531435 -0.051719570861095181 0.0014914798272115395 0.016276955956380904 0.068309119163647694
decision_type=2 2 10 2 2 2 2
left_child=-1 2 -2 -3 5 6 -5
right_child=1 3 -4 4 -6 -7 -8
leaf_value=-4.7302042926164199e-05 -5.2843919658326098e-05 0.0001478097700738561 0.00017668029694571381 -6.7847631317842773e-05 -5.6147467065011019e-05 7.5745738590233625e-05 0.00010243701716580179
leaf_weight=184 32 32 25 157 232 41 29
leaf_count=184 32 32 25 157 232 41 29
internal_value=-0.00117486 -0.000346717 0.00552631 -0.00102851 -0.00140523 6.60781e-05 -0.00123656
internal_weight=732 548 57 491 459 227 186
internal_count=732 548 57 491 459 227 186
is_linear=0
shrinkage=0.05


Tree=50
num_leaves=8
num_cat=0
split_feature=3 13 10 10 6 7 2
split_gain=0.422289 0.570668 0.881923 0.407791 0.517052 0.475094 0.387978
threshold=-0.0028666763331099405 16.345000267028812 -0.00098146470718468693 0.0103636474765072 0.28180146703609826 0.006804606570254391 0.1024107240982436
decision_type=2 2 2 2 2 2 2
left_child=1 2 -1 4 6 -5 -2
right_child=3 -3 -4 5 -6 -7 -8
leaf_value=-3.3673740307126488e-05 -4.3447068270858814e-05 -4.0375655989887362e-05 0.00013402877635352223 0.00028882516855124321 -4.1760081217699131e-05 -0.00038751671275097724 0.00012004905175597288
leaf_weight=45 293 141 37 38 128 27 26
leaf_count=45 293 141 37 38 128 27 26
internal_value=-0.000986396 0.000829595 0.00414634 -0.00177734 -0.00231544 0.00192308 -0.00123825
internal_weight=735 223 82 512 447 65 319
internal_count=735 223 82 512 447 65 319
is_linear=0
shrinkage=0.05


Tree=51
num_leaves=8
num_cat=0
split_feature=10 14 14 16 9 7 0
split_gain=0.431609 0.471019 0.59841 0.448148 0.341211 0.241152 0.251446
threshold=-0.0061039058742593513 0.082777995482000835 0.054586954999164335 -0.032577672604407408 -0.40055893273668064 0.05623363324055642 0.017209266327721354
decision_type=2 2 2 2 8 2 2
left_child=1 2 -1 -3 -2 6 -6
right_child=4 3 -4 -5 5 -7 -8
leaf_value=-4.1959854668253429e-05 0.00021283538348718136 0.0003128786376511696 0.00063595594143142512 -6.516875823254531e-05 -2.4468284226803396e-05 7.5518792639850054e-08 -0.00011348297889996896
leaf_weight=28 45 27 25 45 476 44 63
leaf_count=28 45 27 25 45 476 44 63
internal_value=-0.000883135 0.0018 0.00537736 -0.000833335 -0.0014172 -0.001741 -0.00203154
internal_weight=753 125 53 72 628 583 539
internal_count=753 125 53 72 628 583 539
is_linear=0
shrinkage=0.05


Tree=52
num_leaves=8
num_cat=0
split_feature=5 8 1 16 1 4 9
split_gain=0.524326 0.516808 0.91099 0.866856 1.04667 0.379741 0.270889
threshold=0.015906035450792801 -0.032361240320864286 -0.037655164955692648 0.0345124392496673 0.0059713234194087592 0.046183738801395736 -0.016978018966561422
decision_type=2 10 2 2 2 2 8
left_child=6 2 5 4 -3 -2 -1
right_child=1 3 -4 -5 -6 -7 -8
leaf_value=-0.00039463401349720318 1.1853585485794126e-05 -5.3178832310622155e-05 -6.0679629634706297e-05 -8.1018090651914837e-05 0.00013849611138571919 0.0010250125470670159 -2.1683189725731574e-05
leaf_weight=65 34 30 134 39 37 25 387
leaf_count=65 34 30 134 39 37 25 387
internal_value=-0.00093875 0.000685618 -0.000854923 0.00349056 0.0069403 0.00432203 -0.00201328
internal_weight=751 299 193 106 67 59 452
internal_count=751 299 193 106 67 59 452
is_linear=0
shrinkage=0.05


Tree=53
num_leaves=8
num_cat=0
split_feature=1 16 12 2 16 11 16
split_gain=0.357961 0.533854 0.623814 0.601789 0.486797 0.290633 0.577044
threshold=0.043651732415994189 0.02781390015284391 0.014344491575221776 0.029638885960042053 -0.043074199358928138 -0.016025846447031252 0.00023795238460544435
decision_type=2 2 2 2 2 2 2
left_child=1 4 -3 -4 -1 -6 -7
right_child=-2 2 3 -5 5 6 -8
leaf_value=0.00017784849246035969 -0.00011001979850620277 -3.1938054077383181e-05 0.00037812929625442361 -6.3312528330587876e-06 -6.3379240753441113e-05 8.7496493909981918e-06 -6.794088051814504e-05
leaf_weight=39 75 44 49 40 63 182 244
leaf_count=39 75 44 49 40 63 182 244
internal_value=-0.00105978 -0.000688352 0.00214286 0.00455056 -0.00140152 -0.00183027 -0.0013615
internal_weight=736 661 133 89 528 489 426
internal_count=736 661 133 89 528 489 426
is_linear=0
shrinkage=0.05


Tree=54
num_leaves=8
num_cat=0
split_feature=3 3 13 13 13 12 1
split_gain=0.31801 0.394162 0.534185 1.1283 0.352696 0.563333 0.239821
threshold=0.014472831331954985 -0.0028666763331099405 16.125000000000004 14.765000343322756 18.82499980926514 -0.008121323465966555 -0.02628199579150808
decision_type=2 2 2 2 2 2 2
left_child=1 2 3 -1 -4 -6 -3
right_child=-2 6 4 -5 5 -7 -8
leaf_value=-2.0372464770667425e-05 0.00018462179575119415 -5.496856181176869e-05 -0.00016103826862276895 0.00014527770258751177 -1.7358000761693025e-05 0.00040909527647240676 -2.2754851255639193e-05
leaf_weight=47 26 100 71 30 50 30 387
leaf_count=47 26 100 71 30 50 30 387
internal_value=-0.000816465 -0.00101399 0.000701753 0.00409091 -0.00102649 0.00125 -0.00181725
internal_weight=741 715 228 77 151 80 487
internal_count=741 715 228 77 151 80 487
is_linear=0
shrinkage=0.05


Tree=55
num_leaves=8
num_cat=0
split_feature=14 10 16 7 10 14 1
split_gain=0.408836 0.46604 0.941727 0.909263 0.408775 0.477444 0.422794
threshold=-0.0054293361358405115 0.00034889263673931753 0.0090525107441445946 0.0049005848465299992 -0.005204649425331386 0.082777995482000835 -0.02352724836605968
decision_type=2 2 2 2 2 2 2
left_child=-1 4 -3 -4 5 -2 -7
right_child=1 2 3 -5 -6 6 -8
leaf_value=-2.7735736649709939e-05 0.00011207600609552617 0.00020295387774654664 8.6496058100952563e-05 -0.00020325629861807598 -7.7042590915556326e-05 0.00016971649676694018 -0.00015271421630708019
leaf_weight=370 68 29 29 51 131 34 46
leaf_count=370 68 29 29 51 131 34 46
internal_value=-0.00110818 2.5772e-05 0.00279816 -1.19209e-09 -0.00105735 0.000743242 -0.001875
internal_weight=758 388 109 80 279 148 80
internal_count=758 388 109 80 279 148 80
is_linear=0
shrinkage=0.05


Tree=56
num_leaves=8
num_cat=0
split_feature=13 13 6 13 0 9 7
split_gain=0.297672 0.78629 0.479455 0.398072 0.493961 0.390869 0.576923
threshold=17.125000000000004 16.85000038146973 2.0545178930837764 21.82499980926514 -0.0034094610061839443 -0.2438272748071241 -0.039946092417998229
decision_type=2 2 2 2 2 8 2
left_child=1 5 3 -2 -5 6 -1
right_child=2 -3 -4 4 -6 -7 -8
leaf_value=-0.00013699417708204478 -8.5067226506721966e-05 2.7335046976161901e-05 0.00025465131779927344 0.00012223560291592172 -3.9136785046328914e-05 -1.3420129660788867e-05 0.00010231980484061117
leaf_weight=26 211 27 28 38 40 333 39
leaf_count=26 211 27 28 38 40 333 39
internal_value=-0.00115903 -0.000294119 -0.00231861 -0.00292388 0.000128204 -0.000854273 0.00269231
internal_weight=742 425 317 289 78 398 65
internal_count=742 425 317 289 78 398 65
is_linear=0
shrinkage=0.05


Tree=57
num_leaves=8
num_cat=0
split_feature=12 12 12 10 3 15 13
split_gain=0.379406 0.382216 0.547862 0.936436 0.612379 0.521148 0.514689
threshold=-0.052281358654850445 -0.016111251712643489 0.0072856290131225751 0.0066149119046357016 -0.003128497672081509 0.0035889971211937603 16.98499965667725
decision_type=2 2 2 2 2 2 2
left_child=-1 -2 3 6 5 -4 -3
right_child=1 2 4 -5 -6 -7 -8
leaf_value=0.00012550171422863403 -5.2994114094346507e-05 8.7127219856022108e-05 -7.5191234288279592e-05 9.876080171452331e-05 -4.4611484793850799e-05 0.00033008805831347425 -4.4526315908348228e-05
leaf_weight=26 117 38 84 26 349 35 58
leaf_count=26 117 38 84 26 349 35 58
internal_value=-0.00131651 -0.00153465 -0.00101695 0.00196721 -0.00179487 0.00130252 -0.000312501
internal_weight=733 707 590 122 468 119 96
internal_count=733 707 590 122 468 119 96
is_linear=0
shrinkage=0.05


Tree=58
num_leaves=8
num_cat=0
split_feature=9 9 10 14 1 3 10
split_gain=0.400094 0.985547 0.691979 0.422772 0.42197 0.717128 0.42834
threshold=-0.2438272748071241 -0.31641434260725304 0.007852611946651546 -0.0054293361358405115 0.0070830560614492119 0.0041845315675929093 0.00057749123294836846
decision_type=8 10 2 2 2 2 2
left_child=1 2 -1 -2 5 6 -5
right_child=3 -3 -4 4 -6 -7 -8
leaf_value=-4.540768865548744e-05 -2.5648793574473921e-05 0.00060660894714911111 0.00021472011040326797 -2.671961788067955e-05 -5.0451845811461555e-05 0.00012110662640722747 0.00022046039541293857
leaf_weight=122 285 27 25 125 112 25 29
leaf_count=122 285 27 25 125 112 25 29
internal_value=-0.00106667 0.00103448 -0.000578232 -0.00170139 -0.000360826 0.00114525 -0.000129871
internal_weight=750 174 147 576 291 179 154
internal_count=750 174 147 576 291 179 154
is_linear=0
shrinkage=0.05


Tree=59
num_leaves=8
num_cat=0
split_feature=9 9 16 9 6 15 13
split_gain=0.293511 0.442622 0.442269 0.515992 0.736838 0.607367 0.768627
threshold=-0.2438272748071241 -0.31641434260725304 -0.01017519168423525 -0.3729312723208581 0.10014855908339725 0.0056427515142557514 17.164999961853031
decision_type=10 10 2 10 2 2 2
left_child=1 2 -1 4 5 6 -4
right_child=-2 -3 3 -5 -6 -7 -8
leaf_value=-6.314038092796652e-05 -1.9319050596986991e-05 0.00057627849979165549 0.0001891986052544657 -0.00027779525820600097 -2.3053111224635212e-05 -1.2907562228160863e-05 0.0001560806636418525
leaf_weight=80 420 27 30 48 60 42 34
leaf_count=80 420 27 30 48 60 42 34
internal_value=-0.00115385 -1.55775e-05 -0.000578232 0.000607475 0.00192771 0.00443396 0.0075
internal_weight=741 321 294 214 166 106 64
internal_count=741 321 294 214 166 106 64
is_linear=0
shrinkage=0.05


end of trees

feature_importances:
dist_ma200=41
spy_ret_1d=39
sector_ret_5d=38
ret_1d=32
ret_5d=31
atr_pct=30
spy_ret_20d=26
vix_chg_1d=26
vix_level=24
dvol_z_20=21
sector_ret_1d=20
overnight_gap=19
dist_ma20=18
ret_20d=17
spy_ret_5d=17
dist_ma50=13
parkinson_20=8

parameters:
[boosting: gbdt]
[objective: quantile]
[metric: quantile]
[tree_learner: serial]
[device_type: cpu]
[data_sample_strategy: bagging]
[data: ]
[valid: ]
[num_iterations: 80]
[learning_rate: 0.05]
[num_leaves: 8]
[num_threads: 1]
[seed: 0]
[deterministic: 0]
[force_col_wise: 1]
[force_row_wise: 0]
[histogram_pool_size: -1]
[max_depth: -1]
[min_data_in_leaf: 25]
[min_sum_hessian_in_leaf: 0.001]
[bagging_fraction: 0.9]
[pos_bagging_fraction: 1]
[neg_bagging_fraction: 1]
[bagging_freq: 1]
[bagging_seed: 3]
[bagging_by_query: 0]
[feature_fraction: 0.9]
[feature_fraction_bynode: 1]
[feature_fraction_seed: 2]
[extra_trees: 0]
[extra_seed: 6]
[early_stopping_round: 0]
[early_stopping_min_delta: 0]
[first_metric_only: 0]
[max_delta_step: 0]
[lambda_l1: 0]
[lambda_l2: 0]
[linear_lambda: 0]
[min_gain_to_split: 0]
[drop_rate: 0.1]
[max_drop: 50]
[skip_drop: 0.5]
[xgboost_dart_mode: 0]
[uniform_drop: 0]
[drop_seed: 4]
[top_rate: 0.2]
[other_rate: 0.1]
[min_data_per_group: 100]
[max_cat_threshold: 32]
[cat_l2: 10]
[cat_smooth: 10]
[max_cat_to_onehot: 4]
[top_k: 20]
[monotone_constraints: ]
[monotone_constraints_method: basic]
[monotone_penalty: 0]
[feature_contri: ]
[forcedsplits_filename: ]
[refit_decay_rate: 0.9]
[cegb_tradeoff: 1]
[cegb_penalty_split: 0]
[cegb_penalty_feature_lazy: ]
[cegb_penalty_feature_coupled: ]
[path_smooth: 0]
[interaction_constraints: ]
[verbosity: -1]
[saved_feature_importance_type: 0]
[use_quantized_grad: 0]
[num_grad_quant_bins: 4]
[quant_train_renew_leaf: 0]
[stochastic_rounding: 1]
[linear_tree: 0]
[max_bin: 255]
[max_bin_by_feature: ]
[min_data_in_bin: 3]
[bin_construct_sample_cnt: 200000]
[data_random_seed: 1]
[is_enable_sparse: 1]
[enable_bundle: 1]
[use_missing: 1]
[zero_as_missing: 0]
[feature_pre_filter: 1]
[pre_partition: 0]
[two_round: 0]
[header: 0]
[label_column: ]
[weight_column: ]
[group_column: ]
[ignore_column: ]
[categorical_feature: ]
[forcedbins_filename: ]
[precise_float_parser: 0]
[parser_config_file: ]
[objective_seed: 5]
[num_class: 1]
[is_unbalance: 0]
[scale_pos_weight: 1]
[sigmoid: 1]
[boost_from_average: 1]
[reg_sqrt: 0]
[alpha: 0.9]
[fair_c: 1]
[poisson_max_delta_step: 0.7]
[tweedie_variance_power: 1.5]
[lambdarank_truncation_level: 30]
[lambdarank_norm: 1]
[label_gain: ]
[lambdarank_position_bias_regularization: 0]
[eval_at: ]
[multi_error_top_k: 1]
[auc_mu_weights: ]
[num_machines: 1]
[local_listen_port: 12400]
[time_out: 120]
[machine_list_filename: ]
[machines: ]
[gpu_platform_id: -1]
[gpu_device_id: -1]
[gpu_device_id_list: ]
[gpu_use_dp: 0]
[num_gpu: 1]

end of parameters

pandas_categorical:[]
