tree
version=v4
num_class=1
num_tree_per_iteration=1
label_index=0
max_feature_idx=16
objective=quantile
feature_names=ret_1d ret_5d ret_20d overnight_gap atr_pct parkinson_20 dvol_z_20 dist_ma20 dist_ma50 dist_ma200 spy_ret_1d spy_ret_5d spy_ret_20d vix_level vix_chg_1d sector_ret_1d sector_ret_5d
feature_infos=[-0.12235070811870952:0.092878911189969715] [-0.17992535331746917:0.14905518341513835] [-0.22215696548528785:0.30278002105027757] [-0.044735089227693869:0.064679511866259309] [0.015655529858662733:0.064527592088250665] [0.0099056526604634643:0.04265877530798446] [-2.0440080377842009:4.240406313885976] [-0.18153591483413334:0.16876529259567197] [-0.17250865621275868:0.22484773898428179] [-0.16788193757308301:0.35321906360326505] [-0.058542971330535654:0.10501930183911301] [-0.11496151859245618:0.082843162776128354] [-0.1226559005192206:0.15756591020035837] [11.859999656677246:52.330001831054688] [-0.35753873962348437:0.74039073966007019] [-0.045565914362008186:0.057443288787383029] [-0.11461315937536976:0.085316917045247465]
tree_sizes=828 854 859 853 851 854 851 856 853 854 860 855 855 857 859 861 867 871 845 862 854 862 864 857 872 851 855 861 867 850 858 856 858 858 855 856 859 859 856 855 864 870 839 860 865 858

Tree=0
num_leaves=8
num_cat=0
split_feature=12 9 8 3 9 16 5
split_gain=2.66768 3.82812 2.05698 1.84229 1.71475 2.23521 1.70503
threshold=0.0048491257127185614 0.036656201407048956 0.10635576371076762 0.0069151530240123557 0.062842641337644847 0.0084903412982366717 0.013836885834226645
decision_type=2 10 8 2 8 2 2
left_child=1 6 3 4 5 -2 -1
right_child=2 -3 -4 -5 -6 -7 -8
leaf_value=0.010153163108043373 0.010579080833122135 0.010621563624590635 0.010260764928534626 0.010510724876075983 0.010277420142665505 0.010315468581393362 0.010554197453893721
leaf_weight=37 56 99 65 77 267 39 110
leaf_count=37 56 99 65 77 267 39 110
internal_value=0.0104041 0.0146724 0.00832081 0.00954993 0.00805608 0.0138252 0.00955381
internal_weight=750 246 504 439 362 95 147
internal_count=750 246 504 439 362 95 147
is_linear=0
shrinkage=1


Tree=1
num_leaves=8
num_cat=0
split_feature=8 11 9 4 1 11 11
split_gain=3.74631 2.79432 1.73632 1.39612 1.28669 1.96393 1.46746
threshold=0.10389256929282699 -0.011940050299307501 -0.142694517062912 0.025347534340581922 0.047823816197856257 0.02573480883905466 0.017632958734851271
decision_type=8 2 10 2 2 2 2
left_child=1 2 -1 -2 5 -3 -6
right_child=3 4 -4 -5 6 -7 -8
leaf_value=-7.1416572900488953e-05 -0.00020159703912213443 -2.4709897115826437e-06 0.00025188229745253926 7.9394127242267157e-05 5.0343858310952784e-05 0.00024768571136519314 -0.00024795128731057046
leaf_weight=25 75 413 88 27 28 43 35
leaf_count=25 75 413 88 27 28 43 35
internal_value=6.81199e-05 0.00150316 0.00862832 -0.00882353 -4.81696e-05 0.000877193 -0.00674603
internal_weight=734 632 113 102 519 456 63
internal_count=734 632 113 102 519 456 63
is_linear=0
shrinkage=0.05


Tree=2
num_leaves=8
num_cat=0
split_feature=12 8 9 13 1 8 3
split_gain=2.97755 3.4598 2.1207 2.11514 1.89634 1.47511 1.73333
threshold=0.0048491257127185614 -0.044869945048378428 0.068693554902044221 25.505000114440922 0.03807742806809878 0.10635576371076762 0.0064282864920572899
decision_type=2 10 8 2 2 8 2
left_child=1 3 4 -1 -2 6 -4
right_child=2 -3 5 -5 -6 -7 -8
leaf_value=-0.00015275576419662682 0.00010481257422361524 0.00015263533490360716 -0.00011890165717341004 0.00079156003042589885 -0.00025241194444242863 -0.00014018110209144648 8.3212638506665823e-05
leaf_weight=105 103 112 260 29 27 61 52
leaf_count=105 103 112 260 29 27 61 52
internal_value=0.000166889 0.0046748 -0.00203777 -0.000746269 0.00346154 -0.00395442 -0.0025641
internal_weight=749 246 503 134 130 373 312
internal_count=749 246 503 134 130 373 312
is_linear=0
shrinkage=0.05


Tree=3
num_leaves=8
num_cat=0
split_feature=11 8 6 9 3 9 13
split_gain=2.94724 3.05815 2.48937 1.98401 1.73042 1.52028 1.4169
threshold=-0.022672211523631577 0.10635576371076762 1.814788838805691 0.042122449664507185 0.0050937813091249682 0.059658281310524648 16.550000190734867
decision_type=2 8 2 10 2 10 2
left_child=3 2 4 -1 6 -6 -2
right_child=1 -3 -4 -5 5 -7 -8
leaf_value=0.00015522134439670482 -0.00011044447311433027 -0.00016774260277161379 0.00027079436712956528 0.00042846282767568488 -5.1072029845090647e-05 9.8772901797201511e-05 2.0160650255274942e-05
leaf_weight=35 221 81 42 29 73 70 192
leaf_count=35 221 81 42 29 73 70 192
internal_value=-0.000100942 -0.00106775 0.000167224 0.0101563 -0.000719424 0.00402098 -0.00236077
internal_weight=743 679 598 64 556 143 413
internal_count=743 679 598 64 556 143 413
is_linear=0
shrinkage=0.05


Tree=4
num_leaves=8
num_cat=0
split_feature=13 8 14 1 13 1 0
split_gain=3.2371 2.59448 2.18386 1.64333 1.38077 1.58998 1.51592
threshold=25.505000114440922 0.10635576371076762 0.12708615320093045 0.011718276363240411 13.934999942779543 0.045549957045432972 0.010876023529687974
decision_type=2 8 2 2 2 2 2
left_child=1 2 4 -3 -1 6 -6
right_child=-2 3 -4 -5 5 -7 -8
leaf_value=-0.00013497570491395892 0.00076841395885425318 -0.00023607435563986653 0.00023539677551001669 -7.2321422257809896e-05 1.5933300000906504e-05 -0.00019768543195765225 0.00013483471932908294
leaf_weight=128 32 33 25 58 329 55 86
leaf_count=128 32 33 25 58 329 55 86
internal_value=6.70241e-05 -0.000630252 0.000521669 -0.00851648 -8.3612e-05 0.00117021 0.00222892
internal_weight=746 714 623 91 598 470 415
internal_count=746 714 623 91 598 470 415
is_linear=0
shrinkage=0.05


Tree=5
num_leaves=8
num_cat=0
split_feature=11 8 8 6 6 6 15
split_gain=2.63046 2.93415 2.60905 2.03382 1.47662 1.93302 1.66234
threshold=-0.022672211523631577 0.12222775430740708 -0.088821835739431851 1.8973772663280191 -0.53440865663502068 -0.93529691941829252 -0.00025584126733080298
decision_type=2 8 10 2 2 2 2
left_child=2 3 -1 4 5 6 -2
right_child=1 -3 -4 -5 -6 -7 -8
leaf_value=-1.2920262459985679e-05 0.00013158099832985318 -0.00011835608857861364 0.00041624164700501573 0.00030096380503794355 -8.9370531343549366e-05 7.8068051331545594e-05 -0.00026693882182163362
leaf_weight=26 32 62 34 37 371 119 56
leaf_count=26 32 62 34 37 371 119 56
internal_value=-3.39213e-05 -0.000923191 0.01 0.000121951 -0.000605536 0.00277778 -0.00284091
internal_weight=737 677 60 615 578 207 88
internal_count=737 677 60 615 578 207 88
is_linear=0
shrinkage=0.05


Tree=6
num_leaves=8
num_cat=0
split_feature=12 2 3 9 9 16 8
split_gain=2.67357 2.4845 1.68306 1.63092 1.62402 1.76858 1.53664
threshold=0.0048491257127185614 -0.024553466163505563 -0.0049245150029068588 0.2384600787375222 0.25793989146195123 -0.0055487606675242987 0.12222775430740708
decision_type=2 2 2 8 8 2 8
left_child=1 -1 4 -3 5 -2 -4
right_child=2 3 6 -5 -6 -7 -8
leaf_value=4.3264579553293266e-05 0.00020175928197017627 0.00029273332734973856 -0.00010048957865770206 0.00011959642740641871 -7.9291867667631235e-05 0.00010807412275009075 -0.00011243828414968299
leaf_weight=175 27 42 346 40 38 42 36
leaf_count=175 27 42 346 40 38 42 36
internal_value=-0.000335121 0.00379377 -0.00250511 0.0109756 0.00303738 0.0076087 -0.00405759
internal_weight=746 257 489 82 107 69 382
internal_count=746 257 489 82 107 69 382
is_linear=0
shrinkage=0.05


Tree=7
num_leaves=8
num_cat=0
split_feature=11 8 9 1 15 0 9
split_gain=2.9554 2.91115 1.77173 1.45912 1.5452 2.18866 1.53323
threshold=-0.022672211523631577 -0.051346843887339559 0.11469544039958803 -0.04425104249766592 -1.0000000180025095e-35 0.010754454309814589 0.068693554902044221
decision_type=2 10 8 2 2 2 10
left_child=1 -1 3 -2 6 -6 -5
right_child=2 -3 -4 4 5 -7 -8
leaf_value=0.00015098446812699821 -0.00023239155504117538 0.00035159204327686117 -7.9979171162714632e-05 0.00019685393273805065 -0.00012505802478825968 6.8816161177028172e-05 -1.5398495342880663e-06
leaf_weight=40 33 25 403 71 85 56 32
leaf_count=40 33 25 403 71 85 56 32
internal_value=-0.00057047 0.00961538 -0.00154412 0.0015343 0.00286885 -0.000531915 0.00752427
internal_weight=745 65 680 277 244 141 103
internal_count=745 65 680 277 244 141 103
is_linear=0
shrinkage=0.05


Tree=8
num_leaves=8
num_cat=0
split_feature=11 1 8 10 10 6 14
split_gain=3.26669 2.18945 2.1122 1.44625 2.65021 1.24023 1.18485
threshold=-0.022024026906729662 -0.039940928435198635 0.10635576371076762 0.00446494553626653 0.0027897617515871835 0.43202589258294816 0.090336443973437111
decision_type=2 2 8 2 2 2 2
left_child=1 -1 3 4 6 -4 -2
right_child=2 -3 5 -5 -6 -7 -8
leaf_value=0.00014343524472064826 -2.7428928007625046e-05 0.00041204125411751184 -0.00019097432573996972 6.9635712980828382e-05 -0.00022874747343123734 9.2486092229538383e-06 0.00011024975913723478
leaf_weight=34 316 35 59 203 51 25 41
leaf_count=34 316 35 59 203 51 25 41
internal_value=0.00013089 0.0105072 -0.000899281 0.00012275 -0.00159314 -0.00833333 -7.0028e-05
internal_weight=764 69 695 611 408 84 357
internal_count=764 69 695 611 408 84 357
is_linear=0
shrinkage=0.05


Tree=9
num_leaves=8
num_cat=0
split_feature=12 8 6 5 3 13 9
split_gain=3.28545 2.34679 1.30108 1.31154 2.31371 1.90081 1.64847
threshold=-0.052281358654850445 0.12222775430740708 1.8973772663280191 0.013024966530169444 -0.0049245150029068588 14.404999732971193 0.068693554902044221
decision_type=2 8 2 2 2 2 10
left_child=-1 2 3 4 -2 6 -5
right_child=1 -3 -4 5 -6 -7 -8
leaf_value=0.00076692313481790909 0.00018657976700029789 -8.0008283084579727e-05 0.00030347645370030015 -0.0001126505626565134 6.6291888265819852e-06 2.3073114472900101e-06 -0.00029594774000841486
leaf_weight=27 44 71 34 44 167 325 32
leaf_count=27 44 71 34 44 167 325 32
internal_value=0.00047043 -0.000174338 0.000773994 0.000245098 0.00343602 -0.00143392 -0.00855263
internal_weight=744 717 646 612 211 401 76
internal_count=744 717 646 612 211 401 76
is_linear=0
shrinkage=0.05


Tree=10
num_leaves=8
num_cat=0
split_feature=11 16 8 7 10 10 1
split_gain=1.89191 2.05142 1.75865 1.47749 1.23884 1.98995 1.56695
threshold=-0.022672211523631577 -0.037565538360303567 0.10635576371076762 0.071358774769627389 0.00446494553626653 0.0030127975736100603 0.034560991525875114
decision_type=2 2 8 2 2 2 2
left_child=1 -1 4 -4 5 6 -2
right_child=2 -3 3 -5 -6 -7 -8
leaf_value=-4.8259561575538309e-05 1.8801539851014127e-05 0.00039132382583927176 -0.0002166878486331069 1.154857974988606e-05 6.0369739053886195e-05 -0.00021986756902654019 -0.00016045435410141437
leaf_weight=25 297 37 56 26 209 45 54
leaf_count=25 297 37 56 26 209 45 54
internal_value=-0.000300401 0.00806452 -0.00105531 -0.00792683 -0.000123967 -0.00176768 -0.000498575
internal_weight=749 62 687 82 605 396 351
internal_count=749 62 687 82 605 396 351
is_linear=0
shrinkage=0.05


Tree=11
num_leaves=8
num_cat=0
split_feature=11 8 9 0 8 5 2
split_gain=2.24239 2.33711 1.75911 1.60171 1.49959 1.92991 1.54047
threshold=-0.022672211523631577 -0.051346843887339559 0.11233018643384686 0.022854692603826558 0.10696830433642647 0.014102803030142963 0.092979669977525395
decision_type=2 10 8 2 8 2 2
left_child=1 -1 -2 4 6 -6 -4
right_child=2 -3 3 -5 5 -7 -8
leaf_value=0.00010845611472139251 6.5222619399244548e-05 0.00029372882154281451 -7.8026737050194546e-05 0.00012311578366606962 -0.00028046887030274548 -5.0843573653518596e-05 0.00014819404391213072
leaf_weight=38 272 25 291 30 26 37 28
leaf_count=38 272 25 291 30 26 37 28
internal_value=0.000100402 0.00912698 -0.000730994 -0.00279126 -0.00366492 -0.0107143 -0.00227273
internal_weight=747 63 684 412 382 63 319
internal_count=747 63 684 412 382 63 319
is_linear=0
shrinkage=0.05


Tree=12
num_leaves=8
num_cat=0
split_feature=10 9 12 12 12 9 4
split_gain=2.36141 1.83361 1.58967 2.77188 2.32113 1.8586 1.36981
threshold=-0.0060493292963074699 -0.10178277301467469 0.0048491257127185614 -0.0041728590088926923 -0.027198413534659901 0.11233018643384686 0.030163241149835488
decision_type=2 10 2 2 2 10 2
left_child=1 -1 3 4 -2 6 -4
right_child=2 -3 5 -5 -6 -7 -8
leaf_value=-5.1269389232831004e-05 0.00012041300731828113 0.00021526396328142938 2.2726592723607174e-05 0.00018402741245023533 -0.0001433432552719858 -0.00015070031809419771 -0.00021538360986659818
leaf_weight=47 62 75 212 41 57 210 30
leaf_count=47 62 75 212 41 57 210 30
internal_value=-0.00020436 0.00614754 -0.00147059 0.0028125 -0.00105042 -0.00298673 0
internal_weight=734 122 612 160 119 452 242
internal_count=734 122 612 160 119 452 242
is_linear=0
shrinkage=0.05


Tree=13
num_leaves=8
num_cat=0
split_feature=12 8 14 5 6 6 6
split_gain=2.11359 1.5549 1.82014 1.31084 1.05212 0.941636 1.84573
threshold=-0.052281358654850445 0.10635576371076762 0.12307845124318741 0.013594992140187197 0.19234554852992458 -0.53440865663502068 -0.93529691941829252
decision_type=2 8 2 2 2 2 2
left_child=-1 2 5 -3 -5 6 -2
right_child=1 3 -4 4 -6 -7 -8
leaf_value=0.00062444633952608874 -0.00015675777107834345 -0.00023533056716393763 0.00019493571602734259 -4.0941857549660175e-05 8.6387920530232523e-05 -3.7657210379523585e-05 8.3933656226148261e-05
leaf_weight=29 81 31 28 31 27 407 111
leaf_count=29 81 31 28 31 27 407 111
internal_value=-0.000302013 -0.000837989 3.98724e-05 -0.00702247 -0.00258621 -0.000542571 0.00234375
internal_weight=745 716 627 89 58 599 192
internal_count=745 716 627 89 58 599 192
is_linear=0
shrinkage=0.05


Tree=14
num_leaves=8
num_cat=0
split_feature=12 12 12 8 16 7 11
split_gain=1.60409 1.65774 1.61066 2.0256 1.8375 1.38907 2.36421
threshold=-0.052281358654850445 -0.038043904409190692 0.0048491257127185614 -0.06827855563265732 0.0086090752371138519 -0.019337475203105855 0.002577635332758899
decision_type=2 2 2 10 2 2 2
left_child=-1 -2 3 -3 -5 6 -4
right_child=1 2 5 4 -6 -7 -8
leaf_value=0.00059322402254978436 -0.0002985339692365405 -0.00014795679701282507 0.00015166703363888868 0.00014824869693952689 -7.135111363697471e-06 -7.4554317768607466e-05 -0.00019846924830613767
leaf_weight=29 31 57 33 80 40 419 30
leaf_count=29 31 57 33 80 40 419 30
internal_value=-0.000312935 -0.000797101 -0.000265554 0.00381356 0.0075 -0.00176349 0.00515873
internal_weight=719 690 659 177 120 482 63
internal_count=719 690 659 177 120 482 63
is_linear=0
shrinkage=0.05


Tree=15
num_leaves=8
num_cat=0
split_feature=11 8 8 8 13 9 10
split_gain=2.51644 2.14823 1.7085 2.21281 1.38301 1.66209 1.37959
threshold=-0.022672211523631577 -0.051346843887339559 0.042953854211482241 0.048692570678702481 14.824999809265138 0.16779678768436249 0.0041080829558171059
decision_type=2 10 8 10 2 8 2
left_child=1 -1 6 -4 5 -5 -2
right_child=2 -3 3 4 -6 -7 -8
leaf_value=0.00011364675295777744 -3.0394754403841474e-05 0.00034077842097809583 -0.00022825698917188083 3.6442436587572763e-05 2.3960931715525781e-05 -0.00019156873064406907 8.2231265609009063e-05
leaf_weight=37 250 25 45 47 153 55 131
leaf_count=37 250 25 45 47 153 55 131
internal_value=3.36474e-05 0.00967742 -0.000844347 -0.00366667 -0.00186275 -0.00637255 0.00137795
internal_weight=743 62 681 300 255 102 381
internal_count=743 62 681 300 255 102 381
is_linear=0
shrinkage=0.05


Tree=16
num_leaves=8
num_cat=0
split_feature=13 8 10 16 15 14 6
split_gain=2.19955 1.16156 1.1154 1.80019 1.78074 1.66554 1.59109
threshold=24.385000228881839 0.13073917737920129 -0.00018001810557455308 -0.0018209062022097042 0.0047943740535936205 0.031250907350716124 -0.87689651199422813
decision_type=2 8 2 2 2 2 2
left_child=1 2 3 -1 -5 6 -4
right_child=-2 -3 5 4 -6 -7 -8
leaf_value=0.00012315143448306219 0.00032373949992919101 -7.8132604843968872e-05 -0.00022455332065775014 3.6689447216383453e-05 -0.00035380477019267428 -0.00039794440095812771 2.5590467946359427e-06
leaf_weight=134 45 60 58 90 34 27 309
leaf_count=134 45 60 58 90 34 27 309
internal_value=-0.000165125 -0.000842697 -0.000230061 0.00232558 -0.00201613 -0.00190355 -0.0010218
internal_weight=757 712 652 258 124 394 367
internal_count=757 712 652 258 124 394 367
is_linear=0
shrinkage=0.05


Tree=17
num_leaves=8
num_cat=0
split_feature=12 8 12 16 9 15 16
split_gain=1.58921 1.15903 1.74974 1.97832 1.74271 2.26507 2.13029
threshold=-0.052281358654850445 -0.073862605001394452 0.0048491257127185614 0.0086090752371138519 0.068693554902044221 0.00050868432254136408 0.025349368190269454
decision_type=2 10 2 2 10 2 2
left_child=-1 -2 3 -3 5 -4 -6
right_child=1 2 4 -5 6 -7 -8
leaf_value=0.00055783160959036403 -0.00013700306113463597 9.066861685349788e-05 0.00012467684572458194 -3.3824975053741402e-05 -0.00011191094620040108 -7.9405752370149488e-05 0.00011365260115035001
leaf_weight=29 110 90 98 48 240 90 41
leaf_count=29 110 90 98 48 240 90 41
internal_value=-0.000268097 -0.000732218 0.000123558 0.00507246 -0.00133262 0.00239362 -0.00382562
internal_weight=746 717 607 138 469 188 281
internal_count=746 717 607 138 469 188 281
is_linear=0
shrinkage=0.05


Tree=18
num_leaves=8
num_cat=0
split_feature=8 13 3 16 11 9 11
split_gain=1.61667 1.88111 1.34271 1.40155 2.63258 1.22056 1.47561
threshold=inf 16.469999313354496 -0.010838518932427097 -0.037565538360303567 -0.023324981642921735 0.050540347678423199 0.020527358618941841
decision_type=8 2 2 2 2 10 2
left_child=1 5 -3 -4 -5 6 -1
right_child=-2 2 3 4 -6 -7 -8
leaf_value=8.666027823832096e-05 -0.00035075472409402605 -0.00028371025407211849 -8.5371047810496169e-05 0.00047155768213751233 4.2279264511611331e-05 -0.00010581048272089852 -0.0001466890103814414
leaf_weight=91 25 42 28 27 269 239 32
leaf_count=91 25 42 28 27 269 239 32
internal_value=-0.000498008 -6.86813e-05 0.00245902 0.00354938 0.00456081 -0.00262431 0.00142276
internal_weight=753 728 366 324 296 362 123
internal_count=753 728 366 324 296 362 123
is_linear=0
shrinkage=0.05


Tree=19
num_leaves=8
num_cat=0
split_feature=9 1 15 1 12 3 3
split_gain=1.89962 2.45874 2.07647 2.66805 1.82986 1.45533 2.06612
threshold=0.068693554902044221 0.03807742806809878 0.0043666608397198168 0.015370984427215519 0.018878621288125678 0.0048555477323910532 -0.0022827723211234492
decision_type=8 2 2 2 2 2 2
left_child=1 2 3 -1 -2 6 -6
right_child=4 -3 -4 -5 5 -7 -8
leaf_value=0.00012574612152175553 1.1318315421507322e-05 -0.00020069793106876224 -0.00020114126607878461 0.00038663040651231725 -1.0722210132262014e-05 6.035374628356491e-05 -0.00019199699463102877
leaf_weight=113 255 31 49 28 96 62 105
leaf_count=113 255 31 49 28 96 62 105
internal_value=0.000304465 0.00418552 0.00631579 0.00939716 -0.00135135 -0.00427757 -0.00634328
internal_weight=739 221 190 141 518 263 201
internal_count=739 221 190 141 518 263 201
is_linear=0
shrinkage=0.05


Tree=20
num_leaves=8
num_cat=0
split_feature=13 13 12 2 9 12 16
split_gain=1.73104 1.5023 1.3663 2.42624 1.82396 2.15641 1.89922
threshold=25.505000114440922 22.330000877380375 0.0048491257127185614 -0.012988433611674842 0.050540347678423199 0.062788552899160646 0.011157401983533323
decision_type=2 2 2 2 8 2 2
left_child=1 2 3 -1 5 6 -4
right_child=-2 -3 4 -5 -6 -7 -8
leaf_value=-2.5456653539629798e-05 0.0004959467554198606 -0.00014848730342413224 0.00024536947877490102 0.00016782066051773941 -4.7236537187068075e-05 -7.1191657485010842e-05 0.00011945881544566774
leaf_weight=113 33 42 36 59 400 39 29
leaf_count=113 33 42 36 59 400 39 29
internal_value=0.000166445 -0.000348189 0.000221893 0.00406977 -0.00109127 0.00480769 0.0103846
internal_weight=751 718 676 172 504 104 65
internal_count=751 718 676 172 504 104 65
is_linear=0
shrinkage=0.05


Tree=21
num_leaves=8
num_cat=0
split_feature=13 8 10 15 12 12 2
split_gain=1.87569 1.6245 2.47184 2.00893 1.61574 2.32683 1.43254
threshold=26.494999885559086 -0.11179313153766661 -0.0077272897241722474 -0.0034247849451171093 0.0048491257127185614 -0.0080596429832442956 -0.06168362158781359
decision_type=2 10 2 2 2 2 2
left_child=1 3 -3 -1 5 6 -4
right_child=-2 2 4 -5 -6 -7 -8
leaf_value=-0.00024615060272479379 0.00050468021865220124 0.0001679639163783153 -0.00015718385738038379 -7.1817286306770022e-06 -3.4620415354641791e-05 0.00020130506143968457 9.5521558084636551e-05
leaf_weight=28 26 68 48 36 459 47 36
leaf_count=28 26 68 48 36 459 47 36
internal_value=0.00026738 -0.000207756 0.000531915 -0.0078125 -0.000508475 0.00438931 -0.000595238
internal_weight=748 722 658 64 590 131 84
internal_count=748 722 658 64 590 131 84
is_linear=0
shrinkage=0.05


Tree=22
num_leaves=8
num_cat=0
split_feature=0 1 11 10 8 9 14
split_gain=1.66202 2.17843 2.68427 1.69983 1.85435 1.84142 1.75207
threshold=0.010876023529687974 0.034400185229330422 0.02573480883905466 -0.00053944274453426855 0.094360261214626276 0.070544565656328509 -0.026973540467474796
decision_type=2 2 2 2 8 8 2
left_child=1 2 3 4 -1 -5 -7
right_child=-2 -3 -4 5 -6 6 -8
leaf_value=8.3861345337064773e-05 4.0713707893615811e-05 -0.000118239770496229 0.00029634574848241515 2.0983920643166763e-05 -0.00012261448858072108 -5.6649448242026591e-06 -0.00024604920783205471
leaf_weight=212 169 81 29 69 32 65 85
leaf_count=212 169 81 29 69 32 65 85
internal_value=-6.73854e-05 -0.00135253 -0.000101626 -0.00102592 0.00184426 -0.00422374 -0.00733333
internal_weight=742 573 492 463 244 219 150
internal_count=742 573 492 463 244 219 150
is_linear=0
shrinkage=0.05


Tree=23
num_leaves=8
num_cat=0
split_feature=11 1 14 7 13 9 6
split_gain=2.04793 2.14912 1.21959 1.54557 2.10701 1.51559 1.81651
threshold=-0.023324981642921735 -0.039940928435198635 -0.036818887874406285 0.02401309493983184 20.335000038146976 0.061580569260319969 -0.72756193483202902
decision_type=2 2 2 2 2 8 2
left_child=1 -1 3 4 -2 6 -4
right_child=2 -3 5 -5 -6 -7 -8
leaf_value=4.3368329495459748e-05 0.00014322551882102897 0.00026798700599253071 0.00014550714545690917 -1.0728512805081859e-05 -0.00019796999404164429 -7.3977491388167474e-05 -5.3940571831772711e-05
leaf_weight=30 83 27 38 80 26 367 100
leaf_count=30 83 27 38 80 26 367 100
internal_value=9.98668e-05 0.00921053 -0.000648415 0.00277778 0.00665138 -0.00193069 0.00253623
internal_weight=751 57 694 189 109 505 138
internal_count=751 57 694 189 109 505 138
is_linear=0
shrinkage=0.05


Tree=24
num_leaves=8
num_cat=0
split_feature=11 6 10 10 10 15 8
split_gain=1.76489 1.66706 1.35245 2.28392 1.80381 1.69138 1.57169
threshold=-0.023324981642921735 1.8973772663280191 0.013844778774777857 0.0041080829558171059 0.0032637883634802915 -0.00072706691451046568 -0.072361538586926941
decision_type=2 2 2 2 2 2 10
left_child=-1 2 3 4 6 -5 -2
right_child=1 -3 -4 5 -6 -7 -8
leaf_value=0.00019314391260026045 -0.00022894759115338868 0.00015688936655102099 -0.00015881832498965565 -4.6938020369461431e-05 -0.00020334019525893046 0.00011301648166580388 -6.9463445404541885e-06
leaf_weight=53 60 46 35 48 32 142 333
leaf_count=53 60 46 35 48 32 142 333
internal_value=0.000166889 -0.000502874 -0.00115385 -0.000609756 -0.00264706 0.00394737 -0.00171756
internal_weight=749 696 650 615 425 190 393
internal_count=749 696 650 615 425 190 393
is_linear=0
shrinkage=0.05


Tree=25
num_leaves=8
num_cat=0
split_feature=8 6 12 6 6 7 0
split_gain=1.32756 1.6749 1.2629 1.00414 1.99145 1.98084 1.6707
threshold=0.14860904865678706 0.19234554852992458 -0.05793872793170584 -1.0308925677096461 -0.53440865663502068 0.01809164510151862 -0.00028787695952081632
decision_type=8 2 2 2 2 2 2
left_child=2 -2 -1 6 5 -5 -4
right_child=1 -3 3 4 -6 -7 -8
leaf_value=0.00048169011665785775 -0.00025471626287107933 2.0983552524879089e-05 8.3202200001540388e-05 1.2350714213641606e-05 -1.4358363826718224e-05 0.00013859327879217856 -0.00020713428803419327
leaf_weight=25 29 27 26 96 460 51 43
leaf_count=25 29 27 26 96 460 51 43
internal_value=-0.000627477 -0.00803571 -3.56633e-05 -0.000443787 0.000205931 0.00527211 -0.00615942
internal_weight=757 56 701 676 607 147 69
internal_count=757 56 701 676 607 147 69
is_linear=0
shrinkage=0.05


Tree=26
num_leaves=8
num_cat=0
split_feature=9 1 16 10 11 3 3
split_gain=2.24647 1.56363 2.45261 1.49341 2.14222 1.18388 1.02508
threshold=0.12296046806002038 -0.037342102099481959 0.0063189047301051024 0.00446494553626653 0.014880662239239896 -0.0053160938005428751 0.001930896441242447
decision_type=8 2 2 2 2 2 2
left_child=1 5 -3 4 -4 -1 -2
right_child=6 2 3 -5 -6 -7 -8
leaf_value=8.449278943388796e-05 -7.2476743630104124e-05 0.00013748169563379195 6.1256996334719573e-05 0.00030783004655781022 -0.00018674706243796595 -0.00024192436306152599 9.9086285058551389e-06
leaf_weight=30 258 135 46 42 30 34 162
leaf_count=30 258 135 46 42 30 34 162
internal_value=-0.000101764 0.00307571 0.0048419 -0.000423729 -0.00460526 -0.00390625 -0.0025
internal_weight=737 317 253 118 76 64 420
internal_count=737 317 253 118 76 64 420
is_linear=0
shrinkage=0.05


Tree=27
num_leaves=8
num_cat=0
split_feature=3 1 11 1 15 11 10
split_gain=1.49251 1.85107 1.41967 3.52015 1.73018 1.90744 2.69538
threshold=0.0050937813091249682 -0.072521442133506073 0.02573480883905466 0.039644772921561662 -0.003134392362062199 0.0057915448439024306 0.0041080829558171059
decision_type=2 2 2 2 2 2 2
left_child=1 -1 4 -4 -3 -6 -7
right_child=-2 2 3 -5 5 6 -8
leaf_value=0.00039899421270961789 6.0205362962110004e-05 9.5360218203877783e-06 0.00027109755205379817 -7.3234582426726961e-05 -6.5947604300892542e-06 -0.00024571989431587915 -6.6695837877143184e-06
leaf_weight=26 194 193 28 26 155 77 50
leaf_count=26 194 193 28 26 155 77 50
internal_value=-0.000166889 -0.00148649 -0.00212665 0.00555556 -0.003 -0.00549645 -0.0100394
internal_weight=749 555 529 54 475 282 127
internal_count=749 555 529 54 475 282 127
is_linear=0
shrinkage=0.05


Tree=28
num_leaves=8
num_cat=0
split_feature=6 1 11 10 10 6 14
split_gain=1.41207 1.27621 2.15011 1.55649 2.31657 2.28285 1.90984
threshold=1.8973772663280191 0.030420084370699322 0.02573480883905466 -0.00018001810557455308 0.00097851086285993837 -1.0308925677096461 0.009860755526874045
decision_type=2 2 2 2 2 2 2
left_child=1 2 3 -1 -5 -6 -7
right_child=-2 -3 -4 4 5 6 -8
leaf_value=4.7393773780351342e-05 0.00017027455995914108 -6.4398516137119741e-05 0.00023221241469981369 -0.0001661716804267961 -0.00023239290217319693 3.3101434590018432e-05 -0.00030132775218906028
leaf_weight=250 52 165 30 41 31 164 31
leaf_count=250 52 165 30 41 31 164 31
internal_value=-0.00026178 -0.000842697 0.000319927 -0.000435203 -0.00308989 -0.00110619 0.000897436
internal_weight=764 712 547 517 267 226 195
internal_count=764 712 547 517 267 226 195
is_linear=0
shrinkage=0.05


Tree=29
num_leaves=8
num_cat=0
split_feature=8 6 5 9 15 0 11
split_gain=1.02619 1.15575 1.1142 1.72135 1.65403 1.5332 1.2516
threshold=0.14860904865678706 0.19234554852992458 0.020383380249195778 0.068693554902044221 -1.0000000180025095e-35 -0.0096884692832409618 0.02573480883905466
decision_type=8 2 2 8 2 2 2
left_child=2 -2 3 4 5 -1 -5
right_child=1 -3 -4 6 -6 -7 -8
leaf_value=3.7355607208997612e-05 -0.00016606214949994467 7.9149473272798271e-06 -0.00017720265364733285 -1.3184007791981756e-05 5.2996659935952711e-06 0.0003491113680765717 0.00014298800414738427
leaf_weight=37 30 27 54 415 93 40 36
leaf_count=37 30 27 54 415 93 40 36
internal_value=-0.000136612 -0.00657895 0.000407407 0.00100644 0.00529412 0.0107143 -0.000609756
internal_weight=732 57 675 621 170 77 451
internal_count=732 57 675 621 170 77 451
is_linear=0
shrinkage=0.05


Tree=30
num_leaves=8
num_cat=0
split_feature=0 13 1 11 1 1 13
split_gain=1.48424 2.1665 2.00929 1.74082 1.1255 1.20691 1.72495
threshold=0.013005424423986113 20.335000038146976 0.02875644353886864 0.024405077895535147 -0.069968818035226019 -0.04425104249766592 21.555000305175785
decision_type=2 2 2 2 2 2 2
left_child=2 -2 3 4 -1 -6 -7
right_child=1 -3 -4 -5 5 6 -8
leaf_value=0.00032007623034275364 9.2513131339543516e-05 -4.3591977758376552e-05 -0.0001080418838849248 0.00023915926840404109 -0.00019997649296022254 -1.307838406004987e-05 0.00027887765892196974
leaf_weight=33 118 25 120 25 44 334 39
leaf_count=33 118 25 120 25 44 334 39
internal_value=-0.000203252 0.00437063 -0.00130252 0.000157895 -0.000555556 -0.00125899 -0.000335121
internal_weight=738 143 595 475 450 417 373
internal_count=738 143 595 475 450 417 373
is_linear=0
shrinkage=0.05


Tree=31
num_leaves=8
num_cat=0
split_feature=4 4 4 4 14 16 13
split_gain=1.13439 2.06085 2.88492 1.40333 1.33547 1.29889 1.46454
threshold=0.018776820036192295 0.019913302157730715 0.02054349363118892 0.020968201184912539 0.003286853869637119 0.042535528051023348 25.505000114440922
decision_type=2 2 2 2 2 2 2
left_child=-1 4 -3 -4 -2 6 -5
right_child=1 2 3 5 -6 -7 -8
leaf_value=9.4342042074642123e-05 -0.00012481104427895613 0.00018698295805105429 -0.0002321791176774329 2.6524579553381843e-06 -1.3529055037539949e-05 -0.00013018066855883842 0.00052233953462893002
leaf_weight=76 39 42 29 459 36 30 27
leaf_count=76 39 42 29 459 36 30 27
internal_value=0.000135501 -0.000528701 0.000468484 -0.000504587 -0.00833333 9.68992e-05 0.000720165
internal_weight=738 662 587 545 75 516 486
internal_count=738 662 587 545 75 516 486
is_linear=0
shrinkage=0.05


Tree=32
num_leaves=8
num_cat=0
split_feature=11 10 8 3 13 6 9
split_gain=1.62839 1.72881 1.70936 1.81912 1.86799 1.44677 1.23546
threshold=-0.023324981642921735 0.00446494553626653 -0.073862605001394452 -0.0056211116802803432 13.13000011444092 0.27406597726712983 0.083661680442748257
decision_type=2 2 10 2 2 2 8
left_child=-1 2 -2 5 -5 6 -4
right_child=1 -3 3 4 -6 -7 -8
leaf_value=0.0002321368261388688 -0.00024991477158098249 2.9540033012556354e-05 0.00015426358984753764 -0.00018746876945061332 -2.0121440276851031e-05 -0.00015453213511221043 3.2666816567251867e-05
leaf_weight=56 64 227 25 42 260 26 51
leaf_count=56 64 227 25 42 260 26 51
internal_value=-0.000166445 -0.000827338 -0.0025641 -0.00136139 -0.00331126 0.00441176 0.00789474
internal_weight=751 695 468 404 302 102 76
internal_count=751 695 468 404 302 102 76
is_linear=0
shrinkage=0.05


Tree=33
num_leaves=8
num_cat=0
split_feature=3 13 8 9 5 6 9
split_gain=1.52754 1.46694 2.59083 2.06383 1.87365 1.6461 1.36111
threshold=0.0050937813091249682 16.550000190734867 -0.02424751644327466 0.050540347678423199 0.012972603969521502 -0.22947866976357159 0.16779678768436249
decision_type=2 2 10 10 2 2 8
left_child=1 3 -3 -1 5 -5 -4
right_child=-2 2 6 4 -6 -7 -8
leaf_value=8.7935149105575466e-06 5.9001261432338126e-05 -7.6234987769620643e-05 9.0962807076686069e-05 0.000101244251905672 -0.00015297108701785536 -0.00016066698633556494 1.9150622733744418e-05
leaf_weight=100 193 134 72 33 100 44 72
leaf_count=100 193 134 72 33 100 44 72
internal_value=-0.000334225 -0.00166667 0.000899281 -0.00424188 -0.00748588 -0.00162338 0.00555556
internal_weight=748 555 278 277 177 77 144
internal_count=748 555 278 277 177 77 144
is_linear=0
shrinkage=0.05


Tree=34
num_leaves=8
num_cat=0
split_feature=3 16 16 3 3 5 6
split_gain=1.36224 1.3748 1.40697 1.72654 1.34496 2.06689 2.06157
threshold=0.0050937813091249682 0.003480812560592184 -0.0048286455632493 0.0074672706564766775 -0.0033333938224664457 0.013331921348662706 0.085768713778933678
decision_type=2 2 2 2 2 2 2
left_child=4 2 3 -2 5 6 -1
right_child=1 -3 -4 -5 -6 -7 -8
leaf_value=0.00016028539614833804 0.00029866488149227715 0.00012300084274775836 -0.00011187935134141141 -1.1597752107855376e-05 -6.1338912745988181e-05 -7.2782245941566167e-05 -1.3815950463244922e-06
leaf_weight=44 25 98 28 40 317 170 27
leaf_count=44 25 98 28 40 317 170 27
internal_value=-0.000634179 0.00301047 -0.00134409 0.00269231 -0.00188172 0.00093361 0.00809859
internal_weight=749 191 93 65 558 241 71
internal_count=749 191 93 65 558 241 71
is_linear=0
shrinkage=0.05


Tree=35
num_leaves=8
num_cat=0
split_feature=7 2 9 0 1 2 14
split_gain=1.25055 1.6619 1.33157 1.2986 1.85337 1.47347 1.21463
threshold=-0.079590854393233088 -0.12199509775803706 0.12296046806002038 0.016993209930967205 -0.035464112914151351 -0.014921653902481733 0.050179471356022971
decision_type=2 2 8 2 2 2 2
left_child=-1 -2 -3 4 -4 -6 -7
right_child=1 2 3 -5 5 6 -8
leaf_value=0.00047495716161474809 -0.00018093354067734999 2.27918382085043e-05 8.5785051864499314e-05 9.3343961134354468e-05 -0.0001625950281665377 -0.0001028933618396683 9.3266309007987097e-05
leaf_weight=41 26 299 32 50 37 219 49
leaf_count=41 26 299 32 50 37 219 49
internal_value=-0.000564409 -0.00105337 -0.00058309 -0.00251938 -0.00363501 -0.00483607 -0.00354478
internal_weight=753 712 686 387 337 305 268
internal_count=753 712 686 387 337 305 268
is_linear=0
shrinkage=0.05


Tree=36
num_leaves=8
num_cat=0
split_feature=15 7 7 9 1 11 11
split_gain=1.10978 1.96018 1.52158 2.12033 1.69402 1.70312 2.02302
threshold=0.00037071655999265657 -0.056798636515271221 -0.063700057385440698 0.070544565656328509 0.029138051330745433 0.012360939559302066 0.00053831818388905283
decision_type=2 2 2 8 2 2 2
left_child=2 -2 -1 -4 5 6 -5
right_child=1 -3 3 4 -6 -7 -8
leaf_value=-0.00015274622785297828 0.00040970879559416293 -3.8826112170730919e-05 0.00012696603479104746 5.4690837754707436e-05 -9.8147277030641612e-05 0.0001552569442365909 -9.7748693747684841e-05
leaf_weight=38 30 355 84 90 52 46 55
leaf_count=38 30 355 84 90 52 46 55
internal_value=-0.0004 -0.00227273 0.00157534 0.00267584 0.000308642 0.00248691 -0.000172414
internal_weight=750 385 365 327 243 191 145
internal_count=750 385 365 327 243 191 145
is_linear=0
shrinkage=0.05


Tree=37
num_leaves=8
num_cat=0
split_feature=12 9 7 12 15 12 16
split_gain=1.33119 2.174 1.22015 1.69813 1.90368 1.27374 2.91255
threshold=0.04102656469090827 1.0000000180025095e-35 0.012263947689392986 0.0048491257127185614 0.0035926675106238153 0.032077134319751129 0.0089551961356008087
decision_type=2 10 2 2 2 2 2
left_child=2 -2 -1 4 -4 -5 -7
right_child=1 -3 3 5 -6 6 -8
leaf_value=-1.7603699043229617e-05 6.5843957290023625e-06 -0.00013217829136500064 0.00024064653391943515 -8.4003264146171975e-06 6.3138776333675211e-06 -7.3656665895305545e-05 0.00025462293595032817
leaf_weight=338 73 81 29 157 25 28 27
leaf_count=338 73 81 29 157 25 28 27
internal_value=-0.000395778 -0.00454545 0.000662252 0.00319549 0.0111111 0.00117925 0.00772727
internal_weight=758 154 604 266 54 212 55
internal_count=758 154 604 266 54 212 55
is_linear=0
shrinkage=0.05


Tree=38
num_leaves=8
num_cat=0
split_feature=6 14 4 15 3 3 9
split_gain=1.23022 1.40948 1.09625 1.20399 1.05893 1.94529 1.6139
threshold=1.7442638828408379 -0.011298954547856009 0.018602239896192724 0.0015127159751707755 0.0050937813091249682 0.0038758565960911322 0.050540347678423199
decision_type=2 2 2 2 2 2 8
left_child=2 -2 3 -1 5 6 -4
right_child=1 -3 4 -5 -6 -7 -8
leaf_value=0.00013963456578544058 -1.139202010308621e-05 0.00037742638494672379 3.697625219791995e-05 -3.0405545566593395e-05 3.189359245989246e-05 -0.00019668693460804122 -4.9648506813472235e-05
leaf_weight=29 27 26 121 37 165 33 310
leaf_count=29 27 26 121 37 165 33 310
internal_value=-0.00026738 0.00707547 -0.000827338 0.00530303 -0.00147059 -0.00269397 -0.00179814
internal_weight=748 53 695 66 629 464 431
internal_count=748 53 695 66 629 464 431
is_linear=0
shrinkage=0.05


Tree=39
num_leaves=8
num_cat=0
split_feature=6 0 0 8 13 5 14
split_gain=1.21967 1.89043 1.79459 1.24867 1.1273 2.91079 1.51644
threshold=-0.93529691941829252 -0.0048830322857343336 0.0071099636328392233 0.10389256929282699 19.23499965667725 0.016038959760535439 0.013234785210327617
decision_type=2 2 2 8 2 2 2
left_child=1 -1 -3 4 6 -6 -2
right_child=3 2 -4 -5 5 -7 -8
leaf_value=0.00015014972363495955 2.2302266191924146e-05 -0.00023256188929840876 -1.9354164731223181e-05 -4.3710446157238602e-05 0.00029175461774720969 -1.1409340671844974e-05 -9.9620767208030624e-05
leaf_weight=26 282 42 31 89 46 78 143
leaf_count=26 282 42 31 89 46 78 143
internal_value=-0.000644505 -0.00580808 -0.00993151 0.00015674 0.00104736 0.00524194 -0.000176471
internal_weight=737 99 73 638 549 124 425
internal_count=737 99 73 638 549 124 425
is_linear=0
shrinkage=0.05


Tree=40
num_leaves=8
num_cat=0
split_feature=13 8 7 10 6 14 12
split_gain=0.997556 1.18112 1.96682 1.96132 1.79763 1.76116 2.20745
threshold=25.505000114440922 -0.0017272533471958116 -0.01826654361584867 -0.0077272897241722474 -0.97516023235094773 0.016378333086022993 0.018681855298992137
decision_type=2 10 2 2 2 2 2
left_child=1 -1 -3 -4 -5 -6 -7
right_child=-2 2 3 4 5 6 -8
leaf_value=-5.1696188313809981e-05 0.00040428914701561892 0.0001661966503259943 0.00012580548320729356 -0.00021622108655834231 1.1309973518966802e-05 7.6271283350861589e-05 -0.00018923798996440871
leaf_weight=258 30 32 33 35 258 43 61
leaf_count=258 30 32 33 35 258 43 61
internal_value=-0.0006 -0.000972222 0.000541126 -0.000348837 -0.00132242 -0.000276243 -0.00576923
internal_weight=750 720 462 430 397 362 104
internal_count=750 720 462 430 397 362 104
is_linear=0
shrinkage=0.05


Tree=41
num_leaves=8
num_cat=0
split_feature=2 3 9 12 15 8 12
split_gain=0.824413 1.56053 1.77117 1.87194 2.06127 1.47374 1.46782
threshold=-0.011507413532769404 -0.0049245150029068588 -1.0000000180025095e-35 0.041226491428898011 0.0050573884226996499 0.021465079062491291 0.033234518551448107
decision_type=2 2 8 2 2 8 2
left_child=5 -2 -3 6 -5 -1 -4
right_child=1 2 3 4 -6 -7 -8
leaf_value=-2.1652681189580612e-05 0.00013310867672013823 0.00012802948180127964 -9.682119867031282e-06 -0.00017923254832347908 6.335034764221471e-06 -0.00025110089168267711 3.3045375421175219e-05
leaf_weight=228 110 36 224 55 27 27 45
leaf_count=228 110 36 224 55 27 27 45
internal_value=-0.000531915 0.000653924 -0.000839793 -0.00192308 -0.00853659 -0.00284314 9.29368e-05
internal_weight=752 497 387 351 82 255 269
internal_count=752 497 387 351 82 255 269
is_linear=0
shrinkage=0.05


Tree=42
num_leaves=8
num_cat=0
split_feature=11 1 9 6 14 4 16
split_gain=1.05034 2.31044 1.29513 1.29495 1.247 2.34248 2.33038
threshold=0.02573480883905466 0.039644772921561662 0.068693554902044221 -0.73233408918250575 -0.010794703163862494 0.025923817440030094 -0.0093150251161375746
decision_type=2 2 8 2 2 2 2
left_child=2 -2 3 -1 5 -5 -6
right_child=1 -3 -4 4 6 -7 -8
leaf_value=0.00016500434165004718 0.0002156136378533014 -4.355618032078268e-05 -2.6194056628594002e-05 0.00017331007822604839 0.00021362432155952278 -0.0001304757540890399 -0.00017081446305001436
leaf_weight=46 42 36 482 36 30 34 47
leaf_count=46 42 36 482 36 30 34 47
internal_value=-0.000365206 0.00512821 -0.001 0.00246114 0.000170068 0.005 -0.00422078
internal_weight=753 78 675 193 147 70 77
internal_count=753 78 675 193 147 70 77
is_linear=0
shrinkage=0.05


Tree=43
num_leaves=8
num_cat=0
split_feature=11 10 10 14 14 9 9
split_gain=1.14988 1.67868 2.87893 1.49936 1.88561 1.7255 1.89664
threshold=-0.022672211523631577 0.0042053474893619667 0.0032637883634802915 -0.10344834121785244 -0.075454415356713087 0.26873641010095067 0.079831786754569492
decision_type=2 2 2 2 2 8 10
left_child=-1 2 -2 -3 -5 6 -6
right_child=1 3 -4 4 5 -7 -8
leaf_value=0.00013108426968582145 -3.1196872374367281e-05 -6.843208670096303e-05 -0.00018673939103840237 0.00022198267572404924 9.5010001314316521e-05 0.00015413199504948211 -8.9490666645960763e-05
leaf_weight=60 410 28 33 30 66 51 68
leaf_count=60 410 28 33 30 66 51 68
internal_value=-0.00080429 -0.00138484 -0.0032167 0.00195473 0.00337209 0.00148649 -0.00149254
internal_weight=746 686 443 243 215 185 134
internal_count=746 686 443 243 215 185 134
is_linear=0
shrinkage=0.05


Tree=44
num_leaves=8
num_cat=0
split_feature=6 0 14 0 16 12 16
split_gain=1.20676 2.1344 0.951894 1.38508 1.67715 1.91813 1.19874
threshold=-1.0498170434385889 -0.0016074143870079547 -0.10344834121785244 -0.0088033310932545388 -0.028451646858905718 -0.018675976456826889 -0.031780912236245011
decision_type=2 2 2 2 2 2 2
left_child=1 -1 -2 6 -5 -6 -4
right_child=2 -3 3 4 5 -7 -8
leaf_value=5.0399988374595035e-05 -5.4205260098738304e-05 -0.00018371372256097151 0.00012500430045859438 -0.00010662354824786712 0.00033109640936398619 1.0531027484199634e-05 -5.1920996083647148e-05
leaf_weight=25 30 43 25 29 42 402 144
leaf_count=25 30 43 25 29 42 402 144
internal_value=-0.00027027 -0.00661765 0.000372024 0.000778816 0.00216702 0.00292793 -0.00310651
internal_weight=740 68 672 642 473 444 169
internal_count=740 68 672 642 473 444 169
is_linear=0
shrinkage=0.05


Tree=45
num_leaves=8
num_cat=0
split_feature=6 14 6 14 5 9 3
split_gain=1.20307 1.93197 1.2355 1.24465 1.10455 0.961988 1.41388
threshold=1.1071822295380687 -0.001242221342315941 0.8965375334979796 -0.081825770158787711 0.013762684923855949 0.062842641337644847 -0.0053160938005428751
decision_type=2 2 2 2 2 8 2
left_child=2 4 3 -1 -2 6 -5
right_child=1 -3 -4 5 -6 -7 -8
leaf_value=2.5177504957388416e-05 -6.0486544366809581e-05 0.00024014872036748895 -0.00044506878812393966 0.00010131854476638281 0.00016686344628181213 -3.1558385673592995e-05 -7.4135994314107964e-06
leaf_weight=43 27 39 29 50 33 414 111
leaf_count=43 27 39 29 50 33 414 111
internal_value=-0.000335121 0.00479798 -0.00112056 -0.000647249 -0.000833333 -0.00126087 0.00201863
internal_weight=746 99 647 618 60 575 161
internal_count=746 99 647 618 60 575 161
is_linear=0
shrinkage=0.05


end of trees

feature_importances:
dist_ma200=35
dist_ma50=33
dvol_z_20=28
spy_ret_5d=27
spy_ret_20d=26
ret_5d=21
overnight_gap=20
spy_ret_1d=20
vix_level=19
vix_chg_1d=18
sector_ret_5d=17
sector_ret_1d=13
ret_1d=12
parkinson_20=9
dist_ma20=9
atr_pct=8
ret_20d=7

parameters:
[boosting: gbdt]
[objective: quantile]
[metric: quantile]
[tree_learner: serial]
[device_type: cpu]
[data_sample_strategy: bagging]
[data: ]
[valid: ]
[num_iterations: 80]
[learning_rate: 0.05]
[num_leaves: 8]
[num_threads: 1]
[seed: 0]
[deterministic: 0]
[force_col_wise: 1]
[force_row_wise: 0]
[histogram_pool_size: -1]
[max_depth: -1]
[min_data_in_leaf: 25]
[min_sum_hessian_in_leaf: 0.001]
[bagging_fraction: 0.9]
[pos_bagging_fraction: 1]
[neg_bagging_fraction: 1]
[bagging_freq: 1]
[bagging_seed: 3]
[bagging_by_query: 0]
[feature_fraction: 0.9]
[feature_fraction_bynode: 1]
[feature_fraction_seed: 2]
[extra_trees: 0]
[extra_seed: 6]
[early_stopping_round: 0]
[early_stopping_min_delta: 0]
[first_metric_only: 0]
[max_delta_step: 0]
[lambda_l1: 0]
[lambda_l2: 0]
[linear_lambda: 0]
[min_gain_to_split: 0]
[drop_rate: 0.1]
[max_drop: 50]
[skip_drop: 0.5]
[xgboost_dart_mode: 0]
[uniform_drop: 0]
[drop_seed: 4]
[top_rate: 0.2]
[other_rate: 0.1]
[min_data_per_group: 100]
[max_cat_threshold: 32]
[cat_l2: 10]
[cat_smooth: 10]
[max_cat_to_onehot: 4]
[top_k: 20]
[monotone_constraints: ]
[monotone_constraints_method: basic]
[monotone_penalty: 0]
[feature_contri: ]
[forcedsplits_filename: ]
[refit_decay_rate: 0.9]
[cegb_tradeoff: 1]
[cegb_penalty_split: 0]
[cegb_penalty_feature_lazy: ]
[cegb_penalty_feature_coupled: ]
[path_smooth: 0]
[interaction_constraints: ]
[verbosity: -1]
[saved_feature_importance_type: 0]
[use_quantized_grad: 0]
[num_grad_quant_bins: 4]
[quant_train_renew_leaf: 0]
[stochastic_rounding: 1]
[linear_tree: 0]
[max_bin: 255]
[max_bin_by_feature: ]
[min_data_in_bin: 3]
[bin_construct_sample_cnt: 200000]
[data_random_seed: 1]
[is_enable_sparse: 1]
[enable_bundle: 1]
[use_missing: 1]
[zero_as_missing: 0]
[feature_pre_filter: 1]
[pre_partition: 0]
[two_round: 0]
[header: 0]
[label_column: ]
[weight_column: ]
[group_column: ]
[ignore_column: ]
[categorical_feature: ]
[forcedbins_filename: ]
[precise_float_parser: 0]
[parser_config_file: ]
[objective_seed: 5]
[num_class: 1]
[is_unbalance: 0]
[scale_pos_weight: 1]
[sigmoid: 1]
[boost_from_average: 1]
[reg_sqrt: 0]
[alpha: 0.5]
[fair_c: 1]
[poisson_max_delta_step: 0.7]
[tweedie_variance_power: 1.5]
[lambdarank_truncation_level: 30]
[lambdarank_norm: 1]
[label_gain: ]
[lambdarank_position_bias_regularization: 0]
[eval_at: ]
[multi_error_top_k: 1]
[auc_mu_weights: ]
[num_machines: 1]
[local_listen_port: 12400]
[time_out: 120]
[machine_list_filename: ]
[machines: ]
[gpu_platform_id: -1]
[gpu_device_id: -1]
[gpu_device_id_list: ]
[gpu_use_dp: 0]
[num_gpu: 1]

end of parameters

pandas_categorical:[]
