tree
version=v4
num_class=1
num_tree_per_iteration=1
label_index=0
max_feature_idx=16
objective=quantile
feature_names=ret_1d ret_5d ret_20d overnight_gap atr_pct parkinson_20 dvol_z_20 dist_ma20 dist_ma50 dist_ma200 spy_ret_1d spy_ret_5d spy_ret_20d vix_level vix_chg_1d sector_ret_1d sector_ret_5d
feature_infos=[-0.31339847201516924:0.093761877007489947] [-0.30427686212000615:0.19418130145905188] [-0.34879504702759501:0.20788532727777764] [-0.26382973682755817:0.075197845893886228] [0.01500381891163417:0.067870616717584833] [0.010127082795928275:0.027639746133569659] [-2.2460150919026285:4.1007449146930348] [-0.3262117083215047:0.15129969439125412] [-0.32534596138560778:0.19021287869507564] [-0.26825051976800918:0.21324999012249379] [-0.058542971330535654:0.10501930183911301] [-0.11496151859245618:0.082843162776128354] [-0.1226559005192206:0.15756591020035837] [11.859999656677246:52.330001831054688] [-0.35753873962348437:0.74039073966007019] [-0.05484528635308028:0.043465174951121455] [-0.079035639478724384:0.068782341876153064]
tree_sizes=848 872 855 860 858 867 859 856 855 871 867 870 871 877 851

Tree=0
num_leaves=8
num_cat=0
split_feature=12 12 5 2 8 2 1
split_gain=0.957071 1.64112 0.911304 1.18255 1.4091 0.811128 0.642857
threshold=0.046695400961737528 0.052411993463065805 0.015924990227134578 0.0015749359198196091 -0.022049863260264032 -0.08996984497338105 0.012716902199280013
decision_type=2 2 2 2 8 2 2
left_child=2 -2 -1 4 5 -4 -5
right_child=1 -3 3 6 -6 -7 -8
leaf_value=0.00033926675904984995 0.00061007326872303258 0.00041273449508087148 0.00072436059982624039 0.00043831496409345446 0.00071536958466490166 0.00035881719316383404 0.00021088125683690339
leaf_weight=413 32 83 27 63 34 35 63
leaf_count=413 32 83 27 63 34 35 63
internal_value=0.000341408 0.00453851 -0.000418697 0.00216483 0.00634557 0.00185969 -0.0010205
internal_weight=750 115 635 222 96 62 126
internal_count=750 115 635 222 96 62 126
is_linear=0
shrinkage=1


Tree=1
num_leaves=8
num_cat=0
split_feature=11 11 10 11 10 14 5
split_gain=0.651968 1.50289 0.82983 0.75964 1.26021 1.69313 1.06322
threshold=-0.0071962553700703471 -0.0036909046216437309 -0.0028568237545411042 0.013766763160974362 0.0010681623083543814 0.016378333086022993 0.017776366863380667
decision_type=2 2 2 2 2 2 2
left_child=-1 -2 -3 4 5 -4 -6
right_child=1 2 3 -5 6 -7 -8
leaf_value=-7.7816179449128817e-05 0.00013415894717285054 -0.00023279178558814175 0.00023727275714292397 -4.9101683314811109e-05 -3.773899761040374e-05 -7.8846170561626126e-05 0.00011710496400710106
leaf_weight=180 45 90 48 187 126 29 29
leaf_count=180 45 90 48 187 126 29 29
internal_value=-0.000163489 0.000685919 -8.84098e-05 0.000847254 0.00275862 0.00798701 0.000161289
internal_weight=734 554 509 419 232 77 155
internal_count=734 554 509 419 232 77 155
is_linear=0
shrinkage=0.05


Tree=2
num_leaves=8
num_cat=0
split_feature=12 9 9 7 0 4 3
split_gain=0.553616 1.34292 0.831 0.745892 0.723359 0.834879 1.03594
threshold=0.046695400961737528 0.1364909010044553 0.08467998437065595 0.013491923243742045 0.012197587500716868 0.030441713234728031 -0.0014922138081432943
decision_type=2 8 8 2 2 2 2
left_child=2 3 4 -2 5 -1 -7
right_child=1 -3 -4 -5 -6 6 -8
leaf_value=1.3199669663001355e-05 0.00013627242648387637 0.00021664038127677346 -5.9477876385985483e-05 -9.2619495273266913e-05 -0.00015518290084016756 -9.9388741649252121e-05 0.00015217868236751475
leaf_weight=231 25 29 281 59 61 25 38
leaf_count=231 25 29 281 59 61 25 38
internal_value=-0.000260348 0.0029646 -0.000833335 -0.000238096 0.000774647 0.00180272 0.00690476
internal_weight=749 113 636 84 355 294 63
internal_count=749 113 636 84 355 294 63
is_linear=0
shrinkage=0.05


Tree=3
num_leaves=8
num_cat=0
split_feature=12 12 4 14 0 11 12
split_gain=0.756648 1.1928 0.665691 0.691436 0.832035 0.527882 0.80426
threshold=0.044456917101200373 0.052411993463065805 0.030879347260885422 0.023814289245349455 0.0065982190078365264 0.01397341061460511 -0.0041728590088926923
decision_type=2 2 2 2 2 2 2
left_child=2 -2 5 4 -4 6 -1
right_child=1 -3 3 -5 -6 -7 -8
leaf_value=-0.00012673246111233211 0.00027916733298644206 -5.2816866014741468e-06 0.00020001920409477953 -0.00014274552371954514 2.0477476365944616e-05 -0.00013075709336317766 1.394838330814924e-05
leaf_weight=137 37 83 28 26 27 119 286
leaf_count=137 37 83 28 26 27 119 286
internal_value=0.0001144 0.00375 -0.000585876 0.00364197 0.00681818 -0.00121771 -0.000390072
internal_weight=743 120 623 81 55 542 423
internal_count=743 120 623 81 55 542 423
is_linear=0
shrinkage=0.05


Tree=4
num_leaves=8
num_cat=0
split_feature=12 16 13 4 0 14 8
split_gain=0.902904 1.40497 1.21108 0.894718 0.676252 1.11775 0.641295
threshold=0.046695400961737528 0.0064875873523306824 17.914999961853031 0.030879347260885422 0.0084478614537210079 -0.001390218635627771 -0.017518667585566524
decision_type=2 2 2 2 2 2 8
left_child=3 2 -2 6 5 -5 -1
right_child=1 -3 -4 4 -6 -7 -8
leaf_value=-5.1927953100055909e-05 0.00015979540240748503 -5.6428515687244896e-05 9.4950605475156805e-05 0.0001244474637606597 -4.6027283063553498e-05 -1.9190031685998363e-05 -2.2824676335535224e-06
leaf_weight=160 26 60 30 28 31 33 378
leaf_count=160 26 60 30 28 31 33 378
internal_value=0.000428953 0.00448276 0.0101786 -0.000317462 0.00423913 0.00729508 -0.00109666
internal_weight=746 116 56 630 92 61 538
internal_count=746 116 56 630 92 61 538
is_linear=0
shrinkage=0.05


Tree=5
num_leaves=8
num_cat=0
split_feature=5 12 10 7 4 14 6
split_gain=0.649352 0.713524 0.881126 0.609524 0.981721 0.960784 1.04872
threshold=0.015023048178342097 -0.0026166502717502866 0.0012830782027211109 -0.023949505501943077 0.025892726927820079 -0.026973540467474796 -0.53495158603659665
decision_type=2 2 2 2 2 2 2
left_child=1 -1 -3 -2 5 -5 -7
right_child=3 2 -4 4 -6 6 -8
leaf_value=-0.00011832919896158843 0.00015320003024225969 5.7773818335199169e-05 -0.00012495072946815681 -6.8091460295334924e-05 -3.7701402880824422e-05 1.2038583837965254e-06 0.00069639659457229434
leaf_weight=92 56 157 152 34 178 31 37
leaf_count=92 56 157 152 34 178 31 37
internal_value=0.000223879 -0.00113466 1.618e-05 0.00184524 0.000892856 0.00480392 0.00823529
internal_weight=737 401 309 336 280 102 68
internal_count=737 401 309 336 280 102 68
is_linear=0
shrinkage=0.05


Tree=6
num_leaves=8
num_cat=0
split_feature=12 12 4 0 12 2 8
split_gain=0.636424 1.02614 0.700119 0.936878 1.04664 0.623445 0.538089
threshold=0.046695400961737528 0.052411993463065805 0.030879347260885422 0.0084478614537210079 -0.0014831897497937228 0.033274093661974875 -0.017518667585566524
decision_type=2 2 2 2 2 2 8
left_child=2 -2 6 4 -4 -3 -1
right_child=1 5 3 -5 -6 -7 -8
leaf_value=-4.9018373079581101e-05 0.00015481366009090962 8.2546995179607252e-05 0.00020609180911326254 -7.1239285129112527e-05 1.3632207377668451e-05 -6.4096587287945533e-05 -4.7671992661533354e-06
leaf_weight=168 35 32 25 32 37 50 367
leaf_count=168 35 32 25 32 37 50 367
internal_value=0.000160857 0.00354701 -0.000469 0.00351064 0.00709677 0.000487804 -0.00116823
internal_weight=746 117 629 94 62 82 535
internal_count=746 117 629 94 62 82 535
is_linear=0
shrinkage=0.05


Tree=7
num_leaves=8
num_cat=0
split_feature=12 2 9 9 9 1 11
split_gain=0.690631 1.01437 0.861658 0.859284 0.744048 0.578709 0.570139
threshold=0.029535426722854145 0.013493780575052796 0.043304594175266782 -0.17980754376824756 -0.012844170124834518 0.048414624786060741 0.0036681526021306037
decision_type=2 2 10 8 8 2 2
left_child=3 2 4 -1 -2 6 -3
right_child=1 5 -4 -5 -6 -7 -8
leaf_value=0.0002062111212124935 0.00063386485796560832 7.5955827403792061e-05 0.00031078331593467618 -2.7804871248059964e-05 -0.00010318828534025933 0.00013295967729423853 -0.00015710452431998026
leaf_weight=28 28 49 26 460 32 25 97
leaf_count=28 28 49 26 460 32 25 97
internal_value=0.00010067 0.00219844 0.00662791 -0.0010041 0.00333333 -2.9241e-05 -0.00123288
internal_weight=745 257 86 488 60 171 146
internal_count=745 257 86 488 60 171 146
is_linear=0
shrinkage=0.05


Tree=8
num_leaves=8
num_cat=0
split_feature=12 12 4 6 4 14 6
split_gain=0.731663 1.07558 0.728118 0.931589 0.534883 0.846176 0.544444
threshold=0.046695400961737528 0.082959740110242888 0.025946519355163403 0.075909923466507837 0.030441713234728031 -0.068623004427642229 -0.41177159542151387
decision_type=2 2 2 2 2 2 2
left_child=4 2 3 -2 -1 -6 -7
right_child=1 -3 -4 -5 5 6 -8
leaf_value=-2.6696916717599905e-05 0.00010443549964573257 -0.00026116763083640723 -6.3325920015409201e-05 0.00062742296027978666 0.00011749046427006016 -9.1812085893064059e-05 0.00013070157011914012
leaf_weight=549 35 28 25 29 26 32 40
leaf_count=549 35 28 25 29 26 32 40
internal_value=-9.16242e-05 0.00354701 0.00623595 0.0090625 -0.000749615 0.00265306 -0.00013889
internal_weight=764 117 89 64 647 98 72
internal_count=764 117 89 64 647 98 72
is_linear=0
shrinkage=0.05


Tree=9
num_leaves=8
num_cat=0
split_feature=12 12 5 7 14 11 13
split_gain=0.731373 1.19429 0.847043 0.548169 0.546906 0.528872 0.735922
threshold=0.046695400961737528 0.052411993463065805 0.022047128730067315 -0.038318448813707155 -0.0032889554051496734 0.01397341061460511 15.085000038146974
decision_type=2 2 2 2 2 2 2
left_child=2 -2 3 -1 -3 6 -5
right_child=1 4 -4 5 -6 -7 -8
leaf_value=-0.00010031471229327715 0.00014434706261719197 -7.6550758601308104e-05 0.00018878394823790712 8.6192954408945434e-05 7.2344985417673442e-05 -0.00011273097799091045 -1.2663308606218936e-05
leaf_weight=78 33 49 27 114 34 123 286
leaf_count=78 33 49 27 114 34 123 286
internal_value=-2.68829e-05 0.00362069 -0.000700638 -0.00108985 0.000421686 -0.000506693 0.000374999
internal_weight=744 116 628 601 83 523 400
internal_count=744 116 628 601 83 523 400
is_linear=0
shrinkage=0.05


Tree=10
num_leaves=8
num_cat=0
split_feature=11 12 16 6 11 11 10
split_gain=0.486819 0.577458 0.9848 0.706125 0.698836 1.10679 0.72133
threshold=0.040036417291261513 0.046695400961737528 -0.0021350161049066836 0.017301836086466578 0.01397341061460511 0.0099206044404429611 0.00048355916176134889
decision_type=2 2 2 2 2 2 2
left_child=1 4 -3 -4 5 -1 -7
right_child=-2 2 3 -5 -6 6 -8
leaf_value=-1.9935610221693323e-05 6.1474859756639947e-05 0.00012699209912563831 -0.00010356127983311395 0.00011100954918535443 -0.00011458913464861228 0.00033651803611133404 0.00010132021989860754
leaf_weight=411 25 37 47 33 135 25 36
leaf_count=411 25 37 47 33 135 25 36
internal_value=0.000140186 -9.66863e-05 0.00311966 -1.19209e-09 -0.00071664 0.000190677 0.00647541
internal_weight=749 724 117 80 607 472 61
internal_count=749 724 117 80 607 472 61
is_linear=0
shrinkage=0.05


Tree=11
num_leaves=8
num_cat=0
split_feature=5 5 1 1 8 8 2
split_gain=0.502008 0.426087 0.417225 0.409531 0.438974 1.14009 0.894489
threshold=0.011176090378202382 0.022047128730067315 -0.039483009935670881 -0.03298003964831913 -0.020640781715191011 -0.010707762196107916 -0.010854555551545629
decision_type=2 2 2 2 8 10 2
left_child=-1 2 -2 -4 -5 6 -6
right_child=1 -3 3 4 5 -7 -8
leaf_value=5.9117680707359752e-05 -0.0001169380010571223 0.00012264162381155205 8.4570666451731934e-05 -3.9917487671255203e-05 0.00029719872673907493 -2.5007618707151985e-05 -1.2645505689174635e-06
leaf_weight=27 62 30 30 134 33 400 31
leaf_count=27 62 30 30 134 33 400 31
internal_value=-0.000582331 -0.000833335 -0.00108696 -0.000700638 -0.000986623 -0.000258622 0.0059375
internal_weight=747 720 690 628 598 464 64
internal_count=747 720 690 628 598 464 64
is_linear=0
shrinkage=0.05


Tree=12
num_leaves=8
num_cat=0
split_feature=5 15 15 1 1 11 3
split_gain=0.470664 0.381349 0.7831 0.593135 0.658134 0.392274 0.554442
threshold=0.011176090378202382 -0.0020524360564920792 -0.0031557774264471812 -0.016916278865634012 -0.0023666175382055506 0.030772226573239195 0.011462524821002297
decision_type=2 2 2 2 2 2 2
left_child=-1 2 3 -2 -5 6 -3
right_child=1 5 -4 4 -6 -7 -8
leaf_value=5.6161796671991763e-05 -9.5919935425416286e-05 -3.5803002822370148e-05 0.00010062890202005391 6.670284965699717e-05 -3.6259235898802153e-05 5.5768060057858337e-05 8.8785559176122721e-05
leaf_weight=27 90 377 35 41 97 35 32
leaf_count=27 90 377 35 41 97 35 32
internal_value=-0.000367849 -0.000615277 0.000893535 -0.00017544 0.00188406 -0.00150901 -0.00194377
internal_weight=734 707 263 228 138 444 409
internal_count=734 707 263 228 138 444 409
is_linear=0
shrinkage=0.05


Tree=13
num_leaves=8
num_cat=0
split_feature=4 15 2 2 4 5 2
split_gain=0.561896 0.420382 0.658621 0.940408 0.518756 0.41013 0.556379
threshold=0.037691657643209399 -0.0016043152392111735 -0.038988431102617897 -0.0091518889665591612 0.021002313605960672 0.014094091126354529 0.0060097466035217159
decision_type=2 2 2 2 2 2 2
left_child=1 2 -1 -4 -5 -3 -7
right_child=-2 5 3 4 -6 6 -8
leaf_value=-8.7137699407204965e-05 0.00029058570437446169 -5.7698711952442952e-05 5.5755581661892775e-05 5.1871317937282884e-05 -4.5529858274074015e-05 0.00012843219435509213 -4.3389769977355666e-05
leaf_weight=67 25 186 49 52 123 108 135
leaf_count=67 25 186 49 52 123 108 135
internal_value=-0.000369129 -0.000625001 0.000841923 0.00214286 0.00042857 -0.00162005 -0.000267491
internal_weight=745 720 291 224 175 429 243
internal_count=745 720 291 224 175 429 243
is_linear=0
shrinkage=0.05


Tree=14
num_leaves=8
num_cat=0
split_feature=1 2 0 11 8 1 5
split_gain=0.493742 0.879199 1.47709 2.81894 2.64 0.726086 0.528
threshold=-0.017248787458872202 0.0060097466035217159 -0.00028664029334646285 0.014319946344864666 -0.020179650481466967 0.025252704630245985 0.017608534281185442
decision_type=2 2 2 2 8 2 2
left_child=6 2 3 4 -2 -4 -1
right_child=1 -3 5 -5 -6 -7 -8
leaf_value=-6.4169419068519702e-05 1.0318232149209061e-05 -1.0782180828027808e-05 -6.870308011713776e-05 -5.4394612504405771e-05 0.0011095120946018582 0.00027094376631647349 6.0148329062196648e-05
leaf_weight=155 25 323 71 33 30 34 48
leaf_count=155 25 323 71 33 30 34 48
internal_value=-0.00020167 0.000620154 0.00329015 0.00806818 0.015 -0.000714287 -0.00229064
internal_weight=719 516 193 88 55 105 203
internal_count=719 516 193 88 55 105 203
is_linear=0
shrinkage=0.05


end of trees

feature_importances:
spy_ret_20d=17
spy_ret_5d=11
ret_20d=9
atr_pct=9
parkinson_20=9
ret_5d=8
dist_ma50=6
vix_chg_1d=6
ret_1d=5
dist_ma200=5
dvol_z_20=4
spy_ret_1d=4
dist_ma20=3
sector_ret_1d=3
overnight_gap=2
vix_level=2
sector_ret_5d=2

parameters:
[boosting: gbdt]
[objective: quantile]
[metric: quantile]
[tree_learner: serial]
[device_type: cpu]
[data_sample_strategy: bagging]
[data: ]
[valid: ]
[num_iterations: 80]
[learning_rate: 0.05]
[num_leaves: 8]
[num_threads: 1]
[seed: 0]
[deterministic: 0]
[force_col_wise: 1]
[force_row_wise: 0]
[histogram_pool_size: -1]
[max_depth: -1]
[min_data_in_leaf: 25]
[min_sum_hessian_in_leaf: 0.001]
[bagging_fraction: 0.9]
[pos_bagging_fraction: 1]
[neg_bagging_fraction: 1]
[bagging_freq: 1]
[bagging_seed: 3]
[bagging_by_query: 0]
[feature_fraction: 0.9]
[feature_fraction_bynode: 1]
[feature_fraction_seed: 2]
[extra_trees: 0]
[extra_seed: 6]
[early_stopping_round: 0]
[early_stopping_min_delta: 0]
[first_metric_only: 0]
[max_delta_step: 0]
[lambda_l1: 0]
[lambda_l2: 0]
[linear_lambda: 0]
[min_gain_to_split: 0]
[drop_rate: 0.1]
[max_drop: 50]
[skip_drop: 0.5]
[xgboost_dart_mode: 0]
[uniform_drop: 0]
[drop_seed: 4]
[top_rate: 0.2]
[other_rate: 0.1]
[min_data_per_group: 100]
[max_cat_threshold: 32]
[cat_l2: 10]
[cat_smooth: 10]
[max_cat_to_onehot: 4]
[top_k: 20]
[monotone_constraints: ]
[monotone_constraints_method: basic]
[monotone_penalty: 0]
[feature_contri: ]
[forcedsplits_filename: ]
[refit_decay_rate: 0.9]
[cegb_tradeoff: 1]
[cegb_penalty_split: 0]
[cegb_penalty_feature_lazy: ]
[cegb_penalty_feature_coupled: ]
[path_smooth: 0]
[interaction_constraints: ]
[verbosity: -1]
[saved_feature_importance_type: 0]
[use_quantized_grad: 0]
[num_grad_quant_bins: 4]
[quant_train_renew_leaf: 0]
[stochastic_rounding: 1]
[linear_tree: 0]
[max_bin: 255]
[max_bin_by_feature: ]
[min_data_in_bin: 3]
[bin_construct_sample_cnt: 200000]
[data_random_seed: 1]
[is_enable_sparse: 1]
[enable_bundle: 1]
[use_missing: 1]
[zero_as_missing: 0]
[feature_pre_filter: 1]
[pre_partition: 0]
[two_round: 0]
[header: 0]
[label_column: ]
[weight_column: ]
[group_column: ]
[ignore_column: ]
[categorical_feature: ]
[forcedbins_filename: ]
[precise_float_parser: 0]
[parser_config_file: ]
[objective_seed: 5]
[num_class: 1]
[is_unbalance: 0]
[scale_pos_weight: 1]
[sigmoid: 1]
[boost_from_average: 1]
[reg_sqrt: 0]
[alpha: 0.9]
[fair_c: 1]
[poisson_max_delta_step: 0.7]
[tweedie_variance_power: 1.5]
[lambdarank_truncation_level: 30]
[lambdarank_norm: 1]
[label_gain: ]
[lambdarank_position_bias_regularization: 0]
[eval_at: ]
[multi_error_top_k: 1]
[auc_mu_weights: ]
[num_machines: 1]
[local_listen_port: 12400]
[time_out: 120]
[machine_list_filename: ]
[machines: ]
[gpu_platform_id: -1]
[gpu_device_id: -1]
[gpu_device_id_list: ]
[gpu_use_dp: 0]
[num_gpu: 1]

end of parameters

pandas_categorical:[]
