tree
version=v4
num_class=1
num_tree_per_iteration=1
label_index=0
max_feature_idx=16
objective=quantile
feature_names=ret_1d ret_5d ret_20d overnight_gap atr_pct parkinson_20 dvol_z_20 dist_ma20 dist_ma50 dist_ma200 spy_ret_1d spy_ret_5d spy_ret_20d vix_level vix_chg_1d sector_ret_1d sector_ret_5d
feature_infos=[-0.064335711842936183:0.078074814166112283] [-0.115420941208909:0.12220571755491361] [-0.16335230236026255:0.19208439277570855] [-0.030606854899993485:0.043799798697686576] [0.010982423360780379:0.046789439806977348] [0.0072961457864960458:0.028365431334779027] [-2.2279927339706891:3.8110350344292496] [-0.11087628717540521:0.14368166860947063] [-0.15880375911829103:0.22774409538781626] [-0.17015759341932146:0.2243628570124494] [-0.058542971330535654:0.10501930183911301] [-0.11496151859245618:0.082843162776128354] [-0.1226559005192206:0.15756591020035837] [11.859999656677246:52.330001831054688] [-0.35753873962348437:0.74039073966007019] [-0.045565914362008186:0.057443288787383029] [-0.11461315937536976:0.085316917045247465]
tree_sizes=845 854 861 862 852 859 858 864 855 857 864 862 861 858 860 854 863 864 861 855 861 857 864 866 857 861 857 852 860 861 862 869 841 864 863 851 860 867 849 873 860 864 862 863 869 857 864 857 856 860 862 837 854 863 859 855 854 868 864 861 862 852

Tree=0
num_leaves=8
num_cat=0
split_feature=9 14 5 6 6 4 4
split_gain=2.57679 2.00607 2.84401 1.84324 1.83355 1.46755 1.67636
threshold=0.19216350743982039 -0.036818887874406285 0.012815802157452011 -1.1346025488605769 0.16473833167232649 0.014694646403773234 0.022334658409114142
decision_type=8 2 2 2 2 2 2
left_child=1 2 4 -3 -1 -5 -7
right_child=-2 3 -4 5 -6 6 -8
leaf_value=-0.0078590889810584482 -0.0081038781907409423 -0.0078303264919668443 -0.0079953232780098915 -0.0081613749032840126 -0.007732317526824772 -0.0079164405586197965 -0.0081064468249678612
leaf_weight=62 181 27 63 28 26 278 85
leaf_count=62 181 27 63 28 26 278 85
internal_value=-0.00840736 -0.0067544 -0.00181486 -0.00853878 0.00399113 -0.00941128 -0.00856052
internal_weight=750 569 151 418 88 391 363
internal_count=750 569 151 418 88 391 363
is_linear=0
shrinkage=1


Tree=1
num_leaves=8
num_cat=0
split_feature=8 10 9 16 7 9 4
split_gain=2.66471 2.05382 1.6836 1.48404 1.83559 1.298 1.51554
threshold=0.099587740365569957 0.0019017631763441625 -0.10065639092244337 -0.01424267323912176 -0.010466073731987989 -0.072421485191716192 0.021613117326857407
decision_type=8 2 10 2 2 10 2
left_child=2 -2 3 -1 -5 -4 -7
right_child=1 -3 5 4 -6 6 -8
leaf_value=-0.00028275326127186423 -0.00025738664204254751 3.1964244844857579e-05 0.00013380723539739849 0.00014862048905342815 -0.00018589857732877139 5.6088973651640103e-05 -0.00011954098008573056
leaf_weight=53 36 28 25 32 68 379 113
leaf_count=53 36 28 25 32 68 379 113
internal_value=-0.000408719 -0.0101563 0.000522388 -0.00408497 -0.0005 0.00188588 0.00132114
internal_weight=734 64 670 153 100 517 492
internal_count=734 64 670 153 100 517 492
is_linear=0
shrinkage=0.05


Tree=2
num_leaves=8
num_cat=0
split_feature=9 2 14 9 1 1 0
split_gain=3.53245 1.99584 1.68682 1.59676 1.47083 2.76343 1.72515
threshold=-0.10903612973096886 -0.044866466008231291 -0.083456210331023115 0.036795380906796356 0.031583582626164571 0.021770854107932006 0.00997663609462285
decision_type=10 2 2 10 2 2 2
left_child=-1 3 -3 -2 5 6 -4
right_child=1 2 4 -5 -6 -7 -8
leaf_value=-0.00016189040662720804 0.00016469298853189686 0.00018736975292267744 1.7074912277166739e-05 -4.3547121458686894e-05 -0.00014317495524301195 0.00024484908091835676 -0.00014042685515596533
leaf_weight=174 48 38 298 25 79 39 48
leaf_count=174 48 38 298 25 79 39 48
internal_value=-0.000367156 0.00152174 0.000398406 0.00924658 -0.000431034 0.000844156 -0.000578035
internal_weight=749 575 502 73 464 385 346
internal_count=749 575 502 73 464 385 346
is_linear=0
shrinkage=0.05


Tree=3
num_leaves=8
num_cat=0
split_feature=4 12 16 0 6 14 4
split_gain=2.26606 1.92148 1.7871 2.07458 1.80043 1.94234 2.83241
threshold=0.019440449318901515 0.04102656469090827 -0.014334613081101065 -0.0016607007095728597 -0.74445394425140288 -0.027760594315615391 0.021580349957621824
decision_type=2 2 2 2 2 2 2
left_child=-1 2 -2 -4 -5 -6 -7
right_child=1 -3 3 4 5 6 -8
leaf_value=4.2139166066044662e-05 -8.351016437300134e-05 -0.00020144104361534125 0.00013052594920154653 -0.00022175817705065125 0.00014003914154600344 7.7990610969573033e-05 -0.00046819080702152871
leaf_weight=297 113 85 103 27 54 34 30
leaf_count=297 113 85 103 27 54 34 30
internal_value=-0.000100942 -0.00235426 -0.000761773 0.0016129 -0.00224138 0.000423729 -0.00546875
internal_weight=743 446 361 248 145 118 64
internal_count=743 446 361 248 145 118 64
is_linear=0
shrinkage=0.05


Tree=4
num_leaves=8
num_cat=0
split_feature=9 16 14 15 0 1 1
split_gain=3.07012 2.56046 1.55667 1.57935 1.04874 1.02103 1.68122
threshold=0.21180189644894867 0.040671965546648543 -0.073802250117532039 0.00037071655999265657 -0.0036745673618839288 0.021770854107932006 -0.0023840952376494857
decision_type=8 2 2 2 2 2 2
left_child=1 2 -1 -4 -5 6 -6
right_child=-2 -3 3 4 5 -7 -8
leaf_value=0.0001531036283308822 -0.00013909759252701413 -0.00026277287820039417 8.7155453657651336e-05 -0.00013299346578794939 7.5454746744162517e-05 6.2462649161061561e-05 -9.4653430246507966e-05
leaf_weight=58 160 26 264 30 68 57 83
leaf_count=58 160 26 264 30 68 57 83
internal_value=0.000201072 0.00187713 0.00258929 0.00169323 -0.0012605 0 -0.00215232
internal_weight=746 586 560 502 238 208 151
internal_count=746 586 560 502 238 208 151
is_linear=0
shrinkage=0.05


Tree=5
num_leaves=8
num_cat=0
split_feature=9 6 14 6 16 10 4
split_gain=2.1776 1.61869 2.33564 1.57867 1.33786 2.40095 1.84091
threshold=-0.093043921591853027 -0.71066327047807276 -0.022573745611405568 -0.46543893379245971 0.0021102602914535589 0.00446494553626653 0.021580349957621824
decision_type=10 2 2 2 2 2 2
left_child=3 2 -2 -1 -3 6 -6
right_child=1 4 -4 -5 5 -7 -8
leaf_value=-0.00020265370486879423 -2.0755167180153873e-05 4.1603909798728584e-05 0.00016538981336755213 -6.8124130603905607e-05 -6.3470837504032732e-05 0.00010695247044311188 -0.00032044389539561422
leaf_weight=60 58 207 81 125 99 74 33
leaf_count=60 58 207 81 125 99 74 33
internal_value=-0.000305292 0.00126812 0.00593525 -0.005 -0.000302663 -0.00315534 -0.00719697
internal_weight=737 552 139 185 413 206 132
internal_count=737 552 139 185 413 206 132
is_linear=0
shrinkage=0.05


Tree=6
num_leaves=8
num_cat=0
split_feature=8 7 11 4 4 7 10
split_gain=2.37412 1.20496 1.62223 1.4726 1.37964 1.95833 1.65216
threshold=0.1225810078747719 0.043177430610579666 0.02573480883905466 0.019030523636226589 0.014490799178634517 -0.0045313614556534701 -0.0027475729584331417
decision_type=8 2 2 2 2 2 2
left_child=1 2 3 4 -1 -6 -7
right_child=-2 -3 -4 -5 5 6 -8
leaf_value=-9.25097584993667e-05 -0.00021667896509346913 -8.3371417849703946e-05 0.00018463957000501008 -4.3632225339921512e-05 0.00013748766834325825 -0.00018337287694733808 6.2184024914556556e-05
leaf_weight=37 43 56 60 353 61 29 107
leaf_count=37 43 56 60 353 61 29 107
internal_value=-0.00080429 -0.000106686 0.000502318 -0.000298126 0.00277778 0.00444162 0.00110294
internal_weight=746 703 647 587 234 197 136
internal_count=746 703 647 587 234 197 136
is_linear=0
shrinkage=0.05


Tree=7
num_leaves=8
num_cat=0
split_feature=8 4 4 15 3 9 5
split_gain=1.77107 1.36762 2.00007 1.85915 1.88215 1.55122 1.28733
threshold=0.1225810078747719 0.021270611319409851 0.020893853178083916 -1.0000000180025095e-35 -0.0045376906055342161 -0.055575866386088683 0.009821669132591743
decision_type=8 2 2 2 2 10 2
left_child=1 2 3 4 -1 -5 -6
right_child=-2 -3 -4 5 6 -7 -8
leaf_value=-8.3591013060174178e-05 -0.00018316229452814867 -3.5914024854706877e-05 0.00016771496189791742 -0.00023104020721259025 -6.1533832371100765e-06 -1.3821751844728765e-05 0.00012826723478044755
leaf_weight=49 43 266 41 26 33 183 104
leaf_count=49 43 266 41 26 33 183 104
internal_value=-3.3557e-05 0.000569801 0.00229358 0.00120253 0.00483871 -0.00203349 0.00784672
internal_weight=745 702 436 395 186 209 137
internal_count=745 702 436 395 186 209 137
is_linear=0
shrinkage=0.05


Tree=8
num_leaves=8
num_cat=0
split_feature=8 4 11 10 10 9 8
split_gain=2.31446 1.25802 1.79841 2.15162 2.24608 1.91837 2.35192
threshold=0.1225810078747719 0.021883024781959932 0.0049014316460139771 0.0043154379998111567 0.0024545779679250317 -0.01072898739546929 1.0000000180025095e-35
decision_type=8 2 2 2 2 8 10
left_child=1 2 5 4 -4 6 -1
right_child=-2 -3 3 -5 -6 -7 -8
leaf_value=3.5879150906229083e-06 -0.00015744988049360494 -4.2055736408882444e-05 7.5046084834507013e-05 0.00015132153502942945 -0.0001675552243102759 -4.8016428688397615e-05 0.00016238269616405355
leaf_weight=54 40 224 109 96 26 187 28
leaf_count=54 40 224 109 96 26 187 28
internal_value=0.000458115 0.00110497 0.0025 0.00573593 0.00166667 -0.00027881 0.00609756
internal_weight=764 724 500 231 135 269 82
internal_count=764 724 500 231 135 269 82
is_linear=0
shrinkage=0.05


Tree=9
num_leaves=8
num_cat=0
split_feature=16 9 6 14 4 10 10
split_gain=1.84033 1.72005 1.44331 1.2873 1.55261 1.48565 1.78246
threshold=0.044154562659851411 0.2027230817715642 -0.61081192143615171 -0.073802250117532039 0.014490799178634517 0.010151792675436979 0.0079281319106555576
decision_type=2 8 2 2 2 2 2
left_child=1 3 -3 -1 -5 6 -6
right_child=-2 2 -4 4 5 -7 -8
leaf_value=0.00012402052743254181 -0.00025613328692315605 -0.00019975418180533572 -2.1864006041093667e-05 -0.0001736123007917477 2.4168858077918551e-05 -0.00013231882761327783 0.00022298185770626362
leaf_weight=57 25 47 109 32 422 26 26
leaf_count=57 25 47 109 32 422 26 26
internal_value=0.000336022 0.000799722 -0.00384615 0.00208703 0.00128458 0.00200422 0.00267857
internal_weight=744 719 156 563 506 474 448
internal_count=744 719 156 563 506 474 448
is_linear=0
shrinkage=0.05


Tree=10
num_leaves=8
num_cat=0
split_feature=8 4 11 14 3 2 2
split_gain=2.27567 1.3909 1.55705 1.21263 1.69943 1.50152 1.92129
threshold=0.17839323315022851 0.022093868800521683 0.015980558357876488 -0.0070547548707520216 0.0019065373036900592 -0.030787151879476223 0.019328294064802746
decision_type=8 2 2 2 2 2 2
left_child=1 2 3 5 -5 -1 -7
right_child=-2 -3 -4 4 -6 6 -8
leaf_value=7.8716722171055198e-05 -0.00032977052016734193 -5.0850020647461113e-05 9.0618763205624884e-05 -1.4300691529538484e-05 9.4394109353135194e-05 -0.00010633783719383929 1.0087191398644057e-05
leaf_weight=35 28 219 106 148 72 66 75
leaf_count=35 28 219 106 148 72 66 75
internal_value=-0.000300401 0.000242718 0.00169323 0.000252525 0.00272727 -0.00284091 -0.00514184
internal_weight=749 721 502 396 220 176 141
internal_count=749 721 502 396 220 176 141
is_linear=0
shrinkage=0.05


Tree=11
num_leaves=8
num_cat=0
split_feature=8 16 0 6 12 10 9
split_gain=2.55897 1.81147 1.70464 1.74384 1.91393 1.46367 3.40835
threshold=0.1225810078747719 -0.039485250174404844 -0.0026164501191103802 0.37975135854684133 0.020229824127922073 0.00446494553626653 -0.038898292117287951
decision_type=8 2 2 2 2 2 10
left_child=1 -1 3 4 -3 6 -4
right_child=-2 2 5 -5 -6 -7 -8
leaf_value=-0.00015591176287906624 -0.00017346524270917714 0.00014615938271269639 -0.00023675718585522518 -3.6657690213993393e-05 1.4965071834912095e-05 3.9475709315725897e-05 -8.8022910979315963e-07
leaf_weight=30 43 91 65 83 99 166 170
leaf_count=30 43 91 65 83 99 166 170
internal_value=-0.000368139 0.000355114 0.000890208 0.00393773 0.00657895 -0.00118454 -0.0037234
internal_weight=747 704 674 273 190 401 235
internal_count=747 704 674 273 190 401 235
is_linear=0
shrinkage=0.05


Tree=12
num_leaves=8
num_cat=0
split_feature=5 13 10 9 1 0 2
split_gain=0.976699 2.19124 2.06341 2.13272 2.93763 1.63395 2.03583
threshold=0.011884000370002581 20.610000610351566 -0.00010103151992763014 -0.0016119998594285587 -0.0079438126789324586 -0.0031831183907603529 0.0053150208375746253
decision_type=2 2 2 8 2 2 2
left_child=1 2 3 -1 -5 6 -2
right_child=5 -3 -4 4 -6 -7 -8
leaf_value=4.2825688731234613e-06 -2.9803088803330956e-05 0.00023288789145426989 4.608243448636347e-05 4.8853487819037514e-06 -0.00034075003290466599 -0.00011435104194243138 0.00018490350109181685
leaf_weight=43 126 29 168 25 32 256 55
leaf_count=43 126 29 168 25 32 256 55
internal_value=-0.000613079 0.00159933 0.000186567 -0.0055 -0.0118421 -0.0021167 0.00151934
internal_weight=734 297 268 100 57 437 181
internal_count=734 297 268 100 57 437 181
is_linear=0
shrinkage=0.05


Tree=13
num_leaves=8
num_cat=0
split_feature=4 16 10 5 13 14 14
split_gain=1.80213 1.68865 1.94633 1.32393 1.37682 0.914887 0.89538
threshold=0.022093868800521683 0.0086090752371138519 0.0050524811907738396 0.012877942787148816 18.214999198913578 0.028971532531295811 -0.083456210331023115
decision_type=2 2 2 2 2 2 2
left_child=6 3 -3 -2 -5 -6 -1
right_child=1 2 -4 4 5 -7 -8
leaf_value=0.00011978924776895843 -9.1710567800935841e-05 -0.00035516329965340292 -1.2722941748317908e-05 0.00010789660026832242 2.9061637397124727e-05 -0.00016929761264185056 1.1031573284918123e-05
leaf_weight=40 25 52 34 61 38 25 470
leaf_count=40 25 52 34 61 38 25 470
internal_value=-0.000100671 -0.0037234 -0.00930233 -0.000503356 0.0016129 -0.00357143 0.00156863
internal_weight=745 235 86 149 124 63 510
internal_count=745 235 86 149 124 63 510
is_linear=0
shrinkage=0.05


Tree=14
num_leaves=8
num_cat=0
split_feature=4 4 16 1 16 12 12
split_gain=1.40276 1.39945 1.30827 2.04772 1.65253 1.35333 1.38129
threshold=0.022093868800521683 0.025872212572243879 -0.015153235479692993 -0.011237078147092792 -0.021496259537076397 0.044320340975829382 0.030878652672085786
decision_type=2 2 2 2 2 2 2
left_child=2 -2 4 -4 -1 6 -5
right_child=1 -3 3 5 -6 -7 -8
leaf_value=1.2259973147589476e-05 -0.00011121928941558802 1.8780484009453667e-05 0.00015085919850287355 3.5168617652213584e-06 -0.00011377610692303725 -0.00016483059312937857 0.00013015539564387881
leaf_weight=48 157 84 76 195 41 54 64
leaf_count=48 157 84 76 195 41 54 64
internal_value=-0.000312935 -0.00342324 0.00125523 0.00250643 -0.00421348 0.00071885 0.00222008
internal_weight=719 241 478 389 89 313 259
internal_count=719 241 478 389 89 313 259
is_linear=0
shrinkage=0.05


Tree=15
num_leaves=8
num_cat=0
split_feature=2 8 2 3 16 16 8
split_gain=1.40003 1.34234 1.53572 1.12593 1.04848 2.02465 1.74729
threshold=0.11969860095847164 0.11553589708584956 0.074636421000395373 0.0021608953448472028 -0.015260578427375047 -0.011159370386775945 -0.056659633890804299
decision_type=2 8 2 2 2 2 10
left_child=1 2 4 -4 -1 -6 -7
right_child=-2 -3 3 -5 5 6 -8
leaf_value=-4.9465996147033366e-05 -0.00010801299823395856 -0.00013575529902314722 7.1179507142387713e-05 0.00023237683917317709 0.00019793713641872628 0.00026110057809350157 -7.6675415385171589e-06
leaf_weight=145 29 33 30 27 56 32 391
leaf_count=145 29 33 30 27 56 32 391
internal_value=-0.000437416 0 0.000477239 0.00833333 -0.000240385 0.000887265 -0.000295508
internal_weight=743 714 681 57 624 479 423
internal_count=743 714 681 57 624 479 423
is_linear=0
shrinkage=0.05


Tree=16
num_leaves=8
num_cat=0
split_feature=8 15 0 0 2 7 13
split_gain=1.54184 1.04137 0.993221 2.12752 1.48302 2.31221 2.18679
threshold=0.17839323315022851 0.018440711012990055 0.00088834898474898793 0.0023458986128340746 0.018147364561693972 -0.0053825898198462943 15.684999942779543
decision_type=8 2 2 2 2 2 2
left_child=1 2 4 -4 5 -1 -6
right_child=-2 -3 3 -5 6 -7 -8
leaf_value=5.2018449615773461e-05 -0.00028841037079332189 0.00027161153008017973 -0.00021159124797608467 -7.2841644615913309e-06 0.00016360311346510614 -0.00013970365481447418 2.2028102684850013e-05
leaf_weight=185 29 27 43 281 57 66 69
leaf_count=185 29 27 43 281 57 66 69
internal_value=9.90753e-05 0.000549451 0.000178317 -0.00185185 0.00192308 -0.000298805 0.00634921
internal_weight=757 728 701 324 377 251 126
internal_count=757 728 701 324 377 251 126
is_linear=0
shrinkage=0.05


Tree=17
num_leaves=8
num_cat=0
split_feature=9 6 11 10 15 15 4
split_gain=1.64935 1.48174 1.77547 2.24323 1.17754 1.41914 1.34028
threshold=0.19216350743982039 -0.61081192143615171 0.0069117178035681412 0.0043154379998111567 0.00037071655999265657 -0.0010854553500265205 0.022451539109480407
decision_type=8 2 2 2 2 2 2
left_child=4 -2 -3 -4 5 -1 -6
right_child=1 2 3 -5 6 -7 -8
leaf_value=2.3795451879805017e-05 -0.00021168818922479677 4.1626400200680576e-05 -0.00041067304977934868 0.00014070097658231131 4.0886039769657583e-06 0.00016287837879232892 -0.00013462830917694739
leaf_weight=234 52 63 31 27 227 42 70
leaf_count=234 52 63 31 27 227 42 70
internal_value=-0.000201072 -0.00447977 -0.00144628 -0.00775862 0.00109075 0.00344203 -0.00109428
internal_weight=746 173 121 58 573 276 297
internal_count=746 173 121 58 573 276 297
is_linear=0
shrinkage=0.05


Tree=18
num_leaves=8
num_cat=0
split_feature=8 16 13 16 8 13 9
split_gain=2.42948 1.07058 1.72025 1.71297 1.62279 1.52548 3.3724
threshold=0.17839323315022851 -0.015578030520268514 24.119999885559086 -0.010575185029158106 -0.056659633890804299 17.195000648498539 -0.035820700684841937
decision_type=8 2 2 2 10 2 8
left_child=1 -1 3 -3 -5 6 -6
right_child=-2 2 -4 4 5 -7 -8
leaf_value=-3.507283456605612e-05 -0.00030462791575947446 0.00016972330801388386 0.00021379061575935957 0.00022857405239148687 0.00023324859616932108 -9.4637296443561737e-05 -2.9103021454238502e-06
leaf_weight=142 28 62 30 32 31 149 279
leaf_count=142 28 62 30 32 31 149 279
internal_value=0.000166003 0.000724138 0.00167238 0.00103978 5.09165e-05 -0.000708061 0.00129032
internal_weight=753 725 583 553 491 459 310
internal_count=753 725 583 553 491 459 310
is_linear=0
shrinkage=0.05


Tree=19
num_leaves=8
num_cat=0
split_feature=9 7 14 1 1 10 15
split_gain=1.26255 1.16991 1.28151 1.12333 3.52877 1.74898 1.23474
threshold=0.21180189644894867 -0.010720151055680636 -0.0015377949631008578 0.031583582626164571 0.021770854107932006 0.0047561334202744785 0.012847552180683343
decision_type=8 2 2 2 2 2 2
left_child=3 -2 -3 4 6 -5 -1
right_child=1 2 -4 5 -6 -7 -8
leaf_value=1.4803044003789584e-05 -1.122526707832746e-05 -3.5309586459777568e-05 -0.00032017391988793583 -0.00014861377103061795 0.00020842505329997003 6.0237801709734894e-05 -0.00015248084556443236
leaf_weight=427 88 37 36 41 40 39 31
leaf_count=427 88 37 36 41 40 39 31
internal_value=3.38295e-05 -0.00388199 -0.00856164 0.00112457 0.00200803 -0.004375 0.000764192
internal_weight=739 161 73 578 498 80 458
internal_count=739 161 73 578 498 80 458
is_linear=0
shrinkage=0.05


Tree=20
num_leaves=8
num_cat=0
split_feature=0 0 3 5 9 5 13
split_gain=1.10047 2.25852 2.22466 1.74209 1.62564 2.4199 2.33198
threshold=0.00088834898474898793 0.0023458986128340746 -0.0020991458835841188 0.012070597199497227 0.0029511413129290624 0.010864278110343888 16.345000267028812
decision_type=2 2 2 2 10 2 2
left_child=2 -2 -1 4 5 -3 -6
right_child=1 3 -4 -5 6 -7 -8
leaf_value=-3.4004910281328764e-05 -0.00018445153821860895 8.4484429502134934e-06 8.8772019718788068e-05 -8.0310300823298016e-05 -8.7884865285584382e-05 0.00018690079176215699 4.0302550872349196e-05
leaf_weight=182 42 33 220 172 26 26 50
leaf_count=182 42 33 220 172 26 26 50
internal_value=-0.000166445 -0.00222063 0.00161692 -0.000732899 0.00351852 0.00974576 -0.00131579
internal_weight=751 349 402 307 135 59 76
internal_count=751 349 402 307 135 59 76
is_linear=0
shrinkage=0.05


Tree=21
num_leaves=8
num_cat=0
split_feature=6 0 8 0 11 10 6
split_gain=1.35513 1.84688 1.99352 1.6722 1.78771 2.01406 1.36453
threshold=0.47307004799691116 -0.0026164501191103802 0.033910299287136743 -0.010569884509332326 -0.0027153641144564973 -0.00025978449841479451 -0.0084038904811758516
decision_type=2 2 10 2 2 2 2
left_child=1 2 3 -1 -5 -6 -3
right_child=-2 6 -4 4 5 -7 -8
leaf_value=-4.3784549195494542e-05 -6.7777497175143528e-05 -3.4636111536610438e-05 0.00016249959785450056 0.00020225183476597246 -0.0002565066219407606 0.00018698552850056574 9.3848523253990077e-05
leaf_weight=80 185 264 34 38 33 45 69
leaf_count=80 185 264 34 38 33 45 69
internal_value=0.000334225 0.00155417 0.005 0.00306122 0.00689655 0.0025641 -0.000825826
internal_weight=748 563 230 196 116 78 333
internal_count=748 563 230 196 116 78 333
is_linear=0
shrinkage=0.05


Tree=22
num_leaves=8
num_cat=0
split_feature=8 16 10 10 1 5 10
split_gain=1.30395 1.32534 1.75056 2.44826 1.87999 1.65598 1.65779
threshold=0.17839323315022851 -0.015260578427375047 0.00446494553626653 0.0033676557373516496 0.031583582626164571 0.011842127637585917 0.0004408774644957259
decision_type=8 2 2 2 2 2 2
left_child=1 5 3 4 -3 6 -1
right_child=-2 2 -4 -5 -6 -7 -8
leaf_value=0.00012856652634654568 -0.00021481189945257275 1.6524085881066201e-05 6.6780239003425633e-05 -0.00010448536730872268 -0.00013543576186109157 -0.00012167595839645165 -5.5822532663987952e-05
leaf_weight=28 26 307 180 43 49 84 25
leaf_count=28 26 307 180 43 49 84 25
internal_value=-0.000539084 -0.000139665 0.000906736 -0.00093985 0.000421348 -0.00456204 0.00235849
internal_weight=742 716 579 399 356 137 53
internal_count=742 716 579 399 356 137 53
is_linear=0
shrinkage=0.05


Tree=23
num_leaves=8
num_cat=0
split_feature=6 9 2 6 4 15 15
split_gain=1.58968 1.2862 2.03823 1.42253 1.33225 0.960433 2.24301
threshold=2.0387616219138587 -0.10903612973096886 -0.039874340392795797 -0.61081192143615171 0.022334658409114142 -0.0097083619432358197 -0.00025584126733080298
decision_type=2 10 2 2 2 2 2
left_child=1 3 4 -1 -3 -4 -7
right_child=-2 2 5 -5 -6 6 -8
leaf_value=-0.00017037829643372327 -0.00022187690841461076 0.00014750656455600963 -6.0929647340201231e-05 -1.2606191422897662e-05 -5.4880564724630986e-07 0.00011191453670142222 -7.5399274336129633e-06
leaf_weight=51 32 61 46 126 25 141 269
leaf_count=51 32 61 46 126 25 141 269
internal_value=-3.32889e-05 0.000452017 0.00166052 -0.00324859 0.00872093 0.000328947 0.00109756
internal_weight=751 719 542 177 86 456 410
internal_count=751 719 542 177 86 456 410
is_linear=0
shrinkage=0.05


Tree=24
num_leaves=8
num_cat=0
split_feature=15 6 8 13 8 5 2
split_gain=1.4762 1.15911 1.23241 1.26902 1.87301 1.66807 1.61857
threshold=-0.021145571992412567 2.0387616219138587 -0.072017093709138488 20.500000000000004 -0.062701596551035396 0.011842127637585917 0.019328294064802746
decision_type=2 2 8 2 10 2 2
left_child=-1 2 -2 4 -4 -5 -6
right_child=1 -3 3 5 6 -7 -8
leaf_value=-0.00025428296651123036 0.00010141086002727315 -0.00020697712617252429 -0.00020145055552848987 0.00021014060180967137 -1.1866070138773959e-05 1.2065940429883439e-05 5.9409630179425813e-05
leaf_weight=26 34 31 26 25 302 67 238
leaf_count=26 34 31 26 25 302 67 238
internal_value=0.000166889 0.000587828 0.00101156 0.000531915 -0.000353357 0.00597826 0.000277778
internal_weight=749 723 692 658 566 92 540
internal_count=749 723 692 658 566 92 540
is_linear=0
shrinkage=0.05


Tree=25
num_leaves=8
num_cat=0
split_feature=9 13 13 2 16 10 16
split_gain=1.32973 2.70795 2.33481 2.04677 1.36077 2.02414 1.60863
threshold=-0.031116041071188368 15.425000190734865 14.494999885559084 -0.046325348462800724 0.0043111150430181775 -0.010966446415133555 -0.0037394166679808323
decision_type=10 2 2 2 2 2 2
left_child=1 2 -1 -2 5 -3 -7
right_child=3 4 -4 -5 -6 6 -8
leaf_value=-1.3700953548267428e-06 0.00010254260826005457 -0.00020541878718097857 0.00017507258234709876 4.6479564008969186e-06 -0.00017122596631983321 -1.9119230447286095e-05 0.00012099926101165889
leaf_weight=53 43 37 27 387 76 108 26
leaf_count=53 43 37 27 387 76 108 26
internal_value=3.30251e-05 -0.00237003 0.005625 0.00186047 -0.00495951 -0.00248538 0.000373134
internal_weight=757 327 80 430 247 171 134
internal_count=757 327 80 430 247 171 134
is_linear=0
shrinkage=0.05


Tree=26
num_leaves=8
num_cat=0
split_feature=9 11 15 2 15 14 7
split_gain=1.46076 1.57665 1.43178 1.90019 1.41663 1.7414 1.21728
threshold=0.084910104029220404 0.02573480883905466 -0.0070215865073746655 0.0047537456000726905 -0.017239853024160753 0.06920052511090892 0.022040688223567754
decision_type=8 2 2 2 2 2 2
left_child=4 2 3 -2 -1 -6 -4
right_child=1 -3 6 -5 5 -7 -8
leaf_value=-0.00024119269660129755 -9.2649718029301246e-05 0.00018638359845105082 -0.00011267514267757177 0.00015556512641538576 1.8108608581468023e-05 9.0402270949143133e-05 -6.5733461081356805e-06
leaf_weight=28 34 30 132 35 354 43 81
leaf_count=28 34 30 132 35 354 43 81
internal_value=3.39213e-05 -0.0025641 -0.0037234 0.00253623 0.00194118 0.00270781 -0.00575117
internal_weight=737 312 282 69 425 397 213
internal_count=737 312 282 69 425 397 213
is_linear=0
shrinkage=0.05


Tree=27
num_leaves=8
num_cat=0
split_feature=6 9 12 6 10 12 4
split_gain=1.15233 1.32205 1.35358 1.13241 1.77767 1.61794 2.02791
threshold=0.47307004799691116 0.21180189644894867 -0.0041728590088926923 0.74358916582584011 0.0034739164181698538 0.0066896408709551389 0.019995340552844267
decision_type=2 8 2 2 2 2 2
left_child=1 -1 -3 -2 5 -5 -7
right_child=3 2 -4 4 -6 6 -8
leaf_value=2.4515579501743204e-05 -0.00013366548783585184 -8.9444396090305987e-05 4.3321665467932305e-06 0.0001682415593397697 0.00010344459784274174 -3.3626977399172159e-06 -0.00032394380659975225
leaf_weight=430 47 42 83 31 53 31 32
leaf_count=430 47 42 83 31 53 31 32
internal_value=-3.33778e-05 0.00112613 -0.0034 -0.00335052 -0.00119048 -0.00531915 -0.00992063
internal_weight=749 555 125 194 147 94 63
internal_count=749 555 125 194 147 94 63
is_linear=0
shrinkage=0.05


Tree=28
num_leaves=8
num_cat=0
split_feature=16 11 7 4 6 11 2
split_gain=1.03983 1.45309 1.12154 0.825076 1.30801 1.62677 1.49694
threshold=0.044154562659851411 0.02573480883905466 0.03268171246036345 0.017824968623870594 1.4065050544920801 0.0019507060207528684 0.023505030795513141
decision_type=2 2 2 2 2 2 2
left_child=1 3 -3 -1 6 -6 -5
right_child=-2 2 -4 4 5 -7 -8
leaf_value=3.2042824525046298e-05 -0.00022125207381004211 0.00016211060642637695 -1.5066169687687464e-05 -1.6623527674302761e-05 -0.00017468025372231866 7.6582978746402016e-06 7.0421897143751238e-05
leaf_weight=175 29 40 25 311 33 25 126
leaf_count=175 29 40 25 311 33 25 126
internal_value=-0.000196335 0.000170068 0.00730769 -0.000522388 -0.00156566 -0.00862069 -0.000629291
internal_weight=764 735 65 670 495 58 437
internal_count=764 735 65 670 495 58 437
is_linear=0
shrinkage=0.05


Tree=29
num_leaves=8
num_cat=0
split_feature=5 14 4 14 5 16 1
split_gain=1.39041 1.19396 1.3136 1.19434 1.18573 2.11575 0.962934
threshold=0.015096520575688398 -0.083456210331023115 0.025379633190679072 -0.056340529311790281 0.016412632501528971 0.007206110025217872 -0.036212704086676754
decision_type=2 2 2 2 2 2 2
left_child=1 -1 3 -3 5 -2 -5
right_child=4 2 -4 6 -6 -7 -8
leaf_value=9.6667556199013849e-05 -1.0123583444227209e-05 -6.179913359507803e-05 0.00014383616129105269 -8.2713835939605791e-05 1.8723908703935541e-05 -0.00029383476210001957 5.5394498331946301e-06
leaf_weight=52 30 43 25 40 39 26 477
leaf_count=52 30 43 25 40 39 26 477
internal_value=-0.000409836 0.000431711 -0.000213675 -0.000714286 -0.00605263 -0.0107143 -4.83559e-05
internal_weight=732 637 585 560 95 56 517
internal_count=732 637 585 560 95 56 517
is_linear=0
shrinkage=0.05


Tree=30
num_leaves=8
num_cat=0
split_feature=16 12 14 2 12 6 16
split_gain=1.77454 2.22097 1.84044 1.72605 1.63858 1.78748 1.59314
threshold=-0.014334613081101065 0.037030624356881099 0.079615825148664734 0.01742641860803085 0.033074860381173139 -1.0319800271905453 0.014192198927964196
decision_type=2 2 2 2 2 2 2
left_child=3 2 4 -1 5 -2 -3
right_child=1 6 -4 -5 -6 -7 -8
leaf_value=-6.9360900813460148e-05 -0.00010076578092097117 -9.632469080438859e-07 0.00013693753398552068 0.00015006783293541968 0.00016628617987751731 1.7959479160327418e-05 -0.00015752713432604754
leaf_weight=134 29 102 44 33 32 310 54
leaf_count=134 29 102 44 33 32 310 54
internal_value=-0.000406504 0.00091944 0.00283133 -0.00494012 0.00168464 0.000663717 -0.00416667
internal_weight=738 571 415 167 371 339 156
internal_count=738 571 415 167 371 339 156
is_linear=0
shrinkage=0.05


Tree=31
num_leaves=8
num_cat=0
split_feature=4 4 1 10 2 8 1
split_gain=1.16536 1.38702 1.23659 1.28213 1.22719 2.25472 2.06916
threshold=0.014490799178634517 0.018464638285652209 -0.0014761043191059973 -0.00015260304164599334 -0.04031354962263644 -0.0010486223942064996 -0.015095435811623479
decision_type=2 2 2 2 2 10 2
left_child=-1 2 -2 -4 -3 -6 -7
right_child=1 4 3 -5 5 6 -8
leaf_value=-0.00012539328212129831 0.0001336453183428933 5.5249812124602951e-05 -4.4815672973127363e-05 4.8775150851605702e-05 -0.00019972719991041181 -8.0887975927682309e-05 5.1884835846731286e-05
leaf_weight=37 82 154 45 78 134 30 178
leaf_count=37 82 154 45 78 134 30 178
internal_value=-0.000135501 0.00032097 0.00378049 0.000609756 -0.00110887 -0.00277778 0.000480769
internal_weight=738 701 205 123 496 342 208
internal_count=738 701 205 123 496 342 208
is_linear=0
shrinkage=0.05


Tree=32
num_leaves=8
num_cat=0
split_feature=0 6 13 0 6 3 15
split_gain=1.19342 1.57904 1.52457 1.45355 1.27465 1.17333 1.1125
threshold=-0.0014731048213670881 -0.166060093378812 15.400000095367433 -0.010657932811116598 -0.7491428871477771 -0.001600970844989613 0.018440711012990055
decision_type=2 2 2 2 2 2 2
left_child=1 3 5 4 -1 -3 -2
right_child=6 2 -4 -5 -6 -7 -8
leaf_value=-9.1416743492995069e-05 -2.1108969783841622e-05 -7.3554205125499901e-06 -5.3928770221496875e-05 9.0933466622170446e-05 4.206971857173758e-05 9.5916376923861e-05 0.00022016248097366615
leaf_weight=26 384 25 111 114 35 30 26
leaf_count=26 384 25 111 114 35 30 26
internal_value=-0.000499334 0.00168622 -0.00180723 0.005 -0.00122951 0.005 -0.00231707
internal_weight=751 341 166 175 61 55 410
internal_count=751 341 166 175 61 55 410
is_linear=0
shrinkage=0.05


Tree=33
num_leaves=8
num_cat=0
split_feature=3 13 3 2 11 16 13
split_gain=1.62328 1.50186 1.02979 1.9836 0.851563 1.82625 1.87147
threshold=-0.011199011376187283 24.630000114440922 0.009302330161268248 1.0000000180025095e-35 -0.022024026906729662 -0.028451646858905718 18.214999198913578
decision_type=2 2 2 2 2 2 2
left_child=-1 2 4 -4 -2 -6 -7
right_child=1 -3 3 -5 5 6 -8
leaf_value=-0.0001563328983813347 0.00011973981918862031 0.00010049726359643507 -0.00036212455466494447 7.9536361214497392e-05 -7.3387419593698566e-05 1.3883521382477074e-05 -5.6531190859510499e-05
leaf_weight=40 40 32 28 29 28 425 126
leaf_count=40 40 32 28 29 28 425 126
internal_value=-0.000200535 0.000353107 -0.000147929 -0.00657895 0.000444265 -4.31779e-05 0.000589837
internal_weight=748 708 676 57 619 579 551
internal_count=748 708 676 57 619 579 551
is_linear=0
shrinkage=0.05


Tree=34
num_leaves=8
num_cat=0
split_feature=15 10 10 15 2 2 8
split_gain=1.21409 1.48789 1.83477 1.44643 1.35518 2.13417 1.98926
threshold=0.019631601986655037 0.010824112764753148 0.0092143531748835068 0.008860739873546743 0.018147364561693972 -0.022067500084306853 0.015876084170050046
decision_type=2 2 2 2 2 2 8
left_child=1 2 4 -3 5 -1 -6
right_child=-2 3 -4 -5 6 -7 -8
leaf_value=8.2438607542358865e-06 0.00025078606841840622 -6.1526163007802906e-06 0.00016175031952591235 -8.8131576738711409e-05 0.00024646404529864928 -5.579474335905455e-05 3.8004198716000592e-06
leaf_weight=230 25 28 34 28 41 159 204
leaf_count=230 25 28 34 28 41 159 204
internal_value=0.000166889 -0.000207182 0.000449102 -0.00803571 -0.000157729 -0.00199229 0.0027551
internal_weight=749 724 668 56 634 389 245
internal_count=749 724 668 56 634 389 245
is_linear=0
shrinkage=0.05


Tree=35
num_leaves=8
num_cat=0
split_feature=0 6 11 2 13 2 9
split_gain=0.980585 1.71161 1.57037 1.42704 2.58615 1.44219 1.4315
threshold=0.00088834898474898793 -0.166060093378812 -0.022024026906729662 0.017204795708941293 17.82499980926514 -0.011040283115814562 0.028706824945424318
decision_type=2 2 2 2 2 2 8
left_child=1 2 -1 5 -5 6 -4
right_child=-2 -3 3 4 -6 -7 -8
leaf_value=0.00021271697339964772 -6.7985592318711882e-06 -1.1450948043640361e-05 0.00014418268159655572 0.00015582486998001006 -0.00014386245750482282 -0.00012767379757738399 -5.9653439548787782e-05
leaf_weight=25 355 188 46 40 25 31 43
leaf_count=25 355 188 46 40 25 31 43
internal_value=0.000431607 0.00213568 0.0052381 0.00364865 0.00961538 0.000416667 0.00365169
internal_weight=753 398 210 185 65 120 89
internal_count=753 398 210 185 65 120 89
is_linear=0
shrinkage=0.05


Tree=36
num_leaves=8
num_cat=0
split_feature=5 11 14 5 4 4 11
split_gain=1.56129 1.49494 1.65932 1.42222 1.21672 1.59301 2.74547
threshold=0.015189020572334608 -0.022024026906729662 -0.083456210331023115 0.015978413208624639 0.014490799178634517 0.018391746019266093 0.026101740885835282
decision_type=2 2 2 2 2 2 2
left_child=1 -1 -3 -2 -4 -6 -7
right_child=3 2 4 -5 5 6 -8
leaf_value=0.00015785295479023276 -0.00027199572752864201 0.00011982836949865038 -7.8624298040621667e-05 -6.153910629597679e-05 3.1772578611745349e-05 -5.1495607619597101e-05 0.0001680787551785509
leaf_weight=53 30 45 33 60 184 309 36
leaf_count=53 30 45 33 60 184 309 36
internal_value=6.66667e-05 0.000909091 0.000205931 -0.00611111 -0.000533808 4.7259e-05 -0.00195652
internal_weight=750 660 607 90 562 529 345
internal_count=750 660 607 90 562 529 345
is_linear=0
shrinkage=0.05


Tree=37
num_leaves=8
num_cat=0
split_feature=16 2 12 9 16 15 3
split_gain=1.87511 1.5435 1.91359 1.62818 2.19646 3.51199 1.52947
threshold=0.044154562659851411 0.010346513079856902 0.039535416571109601 0.056854609475782143 -0.014334613081101065 0.0046821760438289237 0.0059764641050609199
decision_type=2 2 2 8 2 2 2
left_child=1 2 3 4 -1 -6 -5
right_child=-2 -3 -4 6 5 -7 -8
leaf_value=-5.3562453240202564e-05 -0.00022731760571575801 2.4579919406862868e-05 -0.00017418641192161813 -2.1992609621178644e-05 7.5654226690231519e-05 -5.8236641259467716e-05 -0.00034019443961891266
leaf_weight=60 28 318 41 115 113 57 26
leaf_count=60 28 318 41 115 113 57 26
internal_value=0.000197889 0.000684932 -0.00133495 -0.000202156 0.0023913 0.00529412 -0.00443262
internal_weight=758 730 412 371 230 170 141
internal_count=758 730 412 371 230 170 141
is_linear=0
shrinkage=0.05


Tree=38
num_leaves=8
num_cat=0
split_feature=15 0 13 2 0 15 15
split_gain=1.49965 1.29926 1.22881 2.11381 1.25559 1.98527 1.63969
threshold=0.018440711012990055 0.0010243850860073291 15.375000000000002 0.018635440739204538 -0.0093647678902372671 -0.0078591589944712031 -0.017239853024160753
decision_type=2 2 2 2 2 2 2
left_child=1 2 3 -1 5 6 -4
right_child=-2 -3 4 -5 -6 -7 -8
leaf_value=5.4321005713236713e-06 0.00024043465230353517 -1.260572477394578e-05 -8.7323619478730131e-05 0.00013589344266093801 2.0455538531352494e-05 -0.0001018771262408653 0.00010750504950494055
leaf_weight=81 27 324 37 50 156 41 32
leaf_count=81 27 324 37 50 156 41 32
internal_value=0.000467914 3.46741e-05 0.00195214 0.00591603 0 -0.00409091 0.00108696
internal_weight=748 721 397 131 266 110 69
internal_count=748 721 397 131 266 110 69
is_linear=0
shrinkage=0.05


Tree=39
num_leaves=8
num_cat=0
split_feature=4 5 12 3 12 12 0
split_gain=1.9169 1.12704 0.976069 1.34789 1.88129 2.54192 1.88223
threshold=0.014490799178634517 0.0096477291466639855 0.062788552899160646 0.0021608953448472028 -0.0041728590088926923 0.0048491257127185614 0.0013188604046097121
decision_type=2 2 2 2 2 2 2
left_child=-1 -2 3 4 -3 -6 -7
right_child=1 2 -4 -5 5 6 -8
leaf_value=-0.00016731281981742795 9.0681082899433447e-05 -8.2957438504793591e-05 -7.8327843145674248e-05 4.1098601932400698e-05 0.00016956679478780351 1.9192475334481969e-05 -6.8162698195818478e-05
leaf_weight=34 42 113 45 240 32 139 92
leaf_count=34 42 113 45 240 32 139 92
internal_value=-0.000169607 0.000391181 -0.000113464 0.000405844 -0.00146277 0.000855513 -0.000974026
internal_weight=737 703 661 616 376 263 231
internal_count=737 703 661 616 376 263 231
is_linear=0
shrinkage=0.05


Tree=40
num_leaves=8
num_cat=0
split_feature=10 12 1 10 7 11 10
split_gain=1.73942 1.84675 1.73137 1.59131 1.59966 1.58045 1.36188
threshold=0.0057158529632723729 0.040854106099518013 0.048587164262228318 0.0067105474305927401 -0.014612054039591869 0.0099206044404429611 0.00063379839939814453
decision_type=2 2 2 2 2 2 2
left_child=2 3 6 -2 -5 -6 -1
right_child=1 -3 -4 4 5 -7 -8
leaf_value=7.2583798746693554e-06 0.00016066955771316512 -8.712216357267885e-05 -0.00011351600613727442 8.1703509993710511e-05 -8.7738746182634147e-05 8.3423252471868204e-05 -4.1187789587599727e-05
leaf_weight=350 28 48 32 32 40 43 177
leaf_count=350 28 48 32 32 40 43 177
internal_value=0.0002 0.00431937 -0.00120751 0.00716783 0.00456522 0.000903614 -0.000521822
internal_weight=750 191 559 143 115 83 527
internal_count=750 191 559 143 115 83 527
is_linear=0
shrinkage=0.05


Tree=41
num_leaves=8
num_cat=0
split_feature=9 12 15 7 16 16 11
split_gain=1.18882 1.3864 1.93399 2.41855 1.54902 1.19782 1.66264
threshold=0.084910104029220404 0.020963092201194859 -0.0066255689902053874 0.021864747060994508 0.028020493240257908 -0.019944264868854863 -0.00043728349314975373
decision_type=8 2 2 2 2 2 2
left_child=5 -2 -3 -4 -5 -1 -7
right_child=1 2 3 4 -6 6 -8
leaf_value=-3.7600712356962398e-05 -5.5777353766106515e-05 0.00015562785910739371 -0.0001648756960326531 0.00010621671610266375 -4.6185746427215331e-05 7.0799970573980246e-05 4.2138817250144454e-06
leaf_weight=55 165 29 52 42 29 107 273
leaf_count=55 165 29 52 42 29 107 273
internal_value=0.000199468 -0.00212934 0.00131579 -0.00142276 0.00457746 0.00189655 0.00289474
internal_weight=752 317 152 123 71 435 380
internal_count=752 317 152 123 71 435 380
is_linear=0
shrinkage=0.05


Tree=42
num_leaves=8
num_cat=0
split_feature=9 6 14 13 15 4 16
split_gain=1.40962 1.34266 1.52828 1.27273 1.07289 1.0999 1.91678
threshold=-0.10903612973096886 -0.44623479553543638 0.018846539562811352 15.654999732971193 -0.00025584126733080298 0.022451539109480407 0.030491538483337192
decision_type=10 2 2 2 2 2 2
left_child=1 -1 3 -3 -2 6 -6
right_child=4 2 -4 -5 5 -7 -8
leaf_value=-0.00015290119005213358 4.8076475440071324e-05 0.00012096963303129751 -0.00016246218840591071 -5.9940858514432503e-05 -2.0981420307899807e-06 -6.2453590792779234e-05 0.00012622372799084378
leaf_weight=61 256 28 41 44 220 68 35
leaf_count=61 256 28 41 44 220 68 35
internal_value=0.000498008 -0.00344828 -0.000221239 0.00416667 0.00168394 -0.000232198 0.00127451
internal_weight=753 174 113 72 579 323 255
internal_count=753 174 113 72 579 323 255
is_linear=0
shrinkage=0.05


Tree=43
num_leaves=8
num_cat=0
split_feature=6 3 11 5 12 3 10
split_gain=1.36797 1.20525 1.70988 1.45215 1.56233 2.26714 1.70771
threshold=2.0387616219138587 -0.0010604937740826268 -0.022024026906729662 0.014360596000575094 -0.0041728590088926923 -0.0052156502609422275 -0.0051935568801995671
decision_type=2 2 2 2 2 2 2
left_child=1 3 -3 4 5 -1 -6
right_child=-2 2 -4 -5 6 -7 -8
leaf_value=3.4403702135556421e-06 -0.00021117145825903425 0.00016032784060842329 5.2479823814293287e-06 -8.1193862974431911e-05 0.00013920077596598807 -0.00021926291362232608 -4.3552888687886388e-07
leaf_weight=35 31 33 390 55 29 25 148
leaf_count=35 31 33 390 55 29 25 148
internal_value=-0.000201072 0.000244755 0.00195035 -0.00222603 -0.000527426 -0.0075 0.00183616
internal_weight=746 715 423 292 237 60 177
internal_count=746 715 423 292 237 60 177
is_linear=0
shrinkage=0.05


Tree=44
num_leaves=8
num_cat=0
split_feature=11 2 10 8 16 10 14
split_gain=1.5505 1.24574 1.64442 1.69189 1.76277 1.59977 1.56928
threshold=0.034590323148393838 -0.039874340392795797 0.010824112764753148 -0.0087279016711713214 0.0018631302066854929 0.0057641825485008633 0.018846539562811352
decision_type=2 2 2 10 2 2 2
left_child=1 -1 3 4 6 -5 -3
right_child=-2 2 -4 5 -6 -7 -8
leaf_value=4.7173208693414943e-05 0.00015387742667191177 4.1612421785328351e-05 -0.00017517734042002463 -2.9459611273863033e-06 -0.00025230795328230716 7.9009797678009869e-05 -0.00017001617773859635
leaf_weight=169 34 51 38 290 59 69 30
leaf_count=169 34 51 38 290 59 69 30
internal_value=-0.000135135 -0.000637394 -0.00181564 -0.0010521 -0.00571429 0.000766017 -0.000925926
internal_weight=740 706 537 499 140 359 81
internal_count=740 706 537 499 140 359 81
is_linear=0
shrinkage=0.05


Tree=45
num_leaves=8
num_cat=0
split_feature=5 11 9 10 15 15 13
split_gain=1.43546 1.29929 1.25742 1.62514 1.5454 1.29273 1.22521
threshold=0.015096520575688398 0.011915744624196202 0.084910104029220404 0.0057884366035171339 -0.0069344839376352932 0.009655167503245134 14.920000076293947
decision_type=2 2 8 2 2 2 2
left_child=2 -2 -1 4 -4 -5 -6
right_child=1 -3 3 5 6 -7 -8
leaf_value=1.086530380794439e-05 -8.2549070487648171e-06 -0.00023415903366524193 5.148652593992202e-05 0.00014408912137222531 -7.8095975898796483e-05 -3.2474093898332734e-05 -4.0522881406697671e-05
leaf_weight=374 53 46 62 41 48 28 94
leaf_count=374 53 46 62 41 48 28 94
internal_value=-0.000201072 -0.00580808 0.000656878 -0.00192308 -0.00416667 0.00471014 -0.00704225
internal_weight=746 99 647 273 204 69 142
internal_count=746 99 647 273 204 69 142
is_linear=0
shrinkage=0.05


Tree=46
num_leaves=8
num_cat=0
split_feature=1 12 16 10 10 1 9
split_gain=1.05692 1.14849 2.06187 1.31897 1.41056 2.95317 1.78081
threshold=-0.042758051017427461 0.043947966856704664 0.004058734094760875 0.0057158529632723729 0.0033676557373516496 0.010627036272681802 0.074588325563433436
decision_type=2 2 2 2 2 2 8
left_child=-1 3 -3 4 6 -6 -2
right_child=1 2 -4 -5 5 -7 -8
leaf_value=-5.4472440288123874e-05 2.5934050796092707e-05 2.3070186785637082e-05 -9.7042493497813236e-05 5.2057052205106964e-05 -0.00015748727891432671 0.00012069826126748412 -1.0888346928374918e-05
leaf_weight=59 189 51 84 152 35 28 150
leaf_count=59 189 51 84 152 35 28 150
internal_value=6.68449e-05 0.000616836 -0.00351852 0.00162455 0.000124378 -0.00674603 0.00140118
internal_weight=748 689 135 554 402 63 339
internal_count=748 689 135 554 402 63 339
is_linear=0
shrinkage=0.05


Tree=47
num_leaves=8
num_cat=0
split_feature=16 9 10 10 0 3 4
split_gain=1.403 1.3252 1.24446 1.09094 1.51469 2.11815 1.01763
threshold=0.044154562659851411 -0.10903612973096886 -0.01378806518059311 -0.0067260034259559167 0.0010721509913121932 -0.001600970844989613 0.014490799178634517
decision_type=2 10 2 2 2 2 2
left_child=1 3 -3 -1 5 -5 -4
right_child=-2 2 6 4 -6 -7 -8
leaf_value=-0.00025476687342442769 -0.00020823467317005324 0.00015440925417539413 -0.00013596854935468851 -0.00013409030317705571 -6.6135905418948437e-05 0.00014148563326163874 1.1277332501519276e-05
leaf_weight=35 25 28 33 32 64 34 488
leaf_count=35 25 28 33 32 64 34 488
internal_value=0.00064276 0.00105042 0.00223133 -0.00287879 -0.000769231 0.00454545 0.00167946
internal_weight=739 714 549 165 130 66 521
internal_count=739 714 549 165 130 66 521
is_linear=0
shrinkage=0.05


Tree=48
num_leaves=8
num_cat=0
split_feature=9 10 11 16 16 5 8
split_gain=1.61282 1.58609 2.71065 1.79272 1.39475 1.42345 1.35087
threshold=0.15695124639870497 0.0050524811907738396 -0.0073194397976522043 0.0043111150430181775 -0.016043090544060442 0.011842127637585917 0.060856035772614232
decision_type=8 2 2 2 2 2 8
left_child=4 2 -2 -3 5 -1 -4
right_child=1 3 6 -5 -6 -7 -8
leaf_value=4.9975697218180388e-05 4.4449926912713719e-05 -4.4236166447236048e-05 -8.5609272681372314e-05 0.00016280302586902775 2.1352810821279219e-05 -3.7022898782296993e-05 -0.00030538657137645303
leaf_weight=38 44 28 77 31 439 55 28
leaf_count=38 44 28 77 31 439 55 28
internal_value=0.000608108 -0.003125 -0.00587248 0.00381356 0.00206767 -0.00349462 -0.0102381
internal_weight=740 208 149 59 532 93 105
internal_count=740 208 149 59 532 93 105
is_linear=0
shrinkage=0.05


Tree=49
num_leaves=8
num_cat=0
split_feature=15 15 10 12 2 10 11
split_gain=1.12414 1.26925 2.04534 1.28403 1.25043 1.3594 1.31832
threshold=0.019631601986655037 0.0085266818302511833 0.0033676557373516496 0.020963092201194859 0.037137956356397168 0.0027133093769406984 0.013766763160974362
decision_type=2 2 2 2 2 2 2
left_child=1 4 -3 -4 -1 6 -6
right_child=-2 2 3 -5 5 -7 -8
leaf_value=-5.3681532080924329e-07 0.00020987268929009104 5.3518351785386992e-05 -1.6324496946311384e-05 -0.00015822132689626356 3.0427676252302307e-05 0.00013557090895343989 -0.00021635559660451869
leaf_weight=429 25 41 40 32 75 60 31
leaf_count=429 25 41 40 32 75 60 31
internal_value=0.000579809 0.000211864 -0.00464602 -0.00972222 0.00113445 0.00481928 0.00141509
internal_weight=733 708 113 72 595 166 106
internal_count=733 708 113 72 595 166 106
is_linear=0
shrinkage=0.05


Tree=50
num_leaves=8
num_cat=0
split_feature=3 14 0 3 15 7 4
split_gain=1.33657 0.911522 0.884675 1.78017 1.77547 1.37043 3.13416
threshold=-0.011199011376187283 -0.11544121967691799 0.0010243850860073291 -0.0020291174455608347 0.014077113154079337 -0.022601258178448432 0.018347931209516836
decision_type=2 2 2 2 2 2 2
left_child=-1 -2 3 5 -4 -3 -7
right_child=1 2 4 -5 -6 6 -8
leaf_value=-9.6145996774742954e-05 6.455592024003296e-05 6.0722638401005751e-05 -1.5369876953497034e-05 3.8210411013821964e-05 6.1414518824538851e-05 7.4662862576259847e-05 -0.00014408358209722547
leaf_weight=39 27 50 269 210 49 26 70
leaf_count=39 27 50 269 210 49 26 70
internal_value=0.000675676 0.00117689 0.000816024 0.00252809 -0.00110063 -0.00171233 -0.00520833
internal_weight=740 701 674 356 318 146 96
internal_count=740 701 674 356 318 146 96
is_linear=0
shrinkage=0.05


Tree=51
num_leaves=8
num_cat=0
split_feature=4 15 10 11 13 9 6
split_gain=1.24228 1.34271 1.74326 1.31092 2.00571 1.62 1.26312
threshold=0.02226065676332745 0.0042494235296716152 -0.0084264331718765222 -0.0015936378577838248 17.795000076293949 -0.026144897433440169 -0.5572007016037378
decision_type=2 2 2 2 2 10 2
left_child=-1 2 -2 -4 5 -5 -3
right_child=1 6 3 4 -6 -7 -8
leaf_value=7.5157019065745685e-06 -5.393478433851108e-05 -0.00014074107199112189 0.0001427771355874557 0.00012014133807758946 -0.00020483834687822834 -7.4316102624182211e-06 -1.9198661738795665e-05
leaf_weight=533 30 34 34 25 28 25 53
leaf_count=533 30 34 34 25 28 25 53
internal_value=0.000787402 -0.00229258 0.000704225 0.00357143 0 0.006 -0.00718391
internal_weight=762 229 142 112 78 50 87
internal_count=762 229 142 112 78 50 87
is_linear=0
shrinkage=0.05


Tree=52
num_leaves=8
num_cat=0
split_feature=4 14 4 16 5 5 5
split_gain=1.16118 1.83133 1.27376 1.36706 1.02778 1.79885 1.19184
threshold=0.022411906012198467 -0.033094273980848292 0.025518179419946593 0.012286043407481186 0.013079572749531128 0.013290445841846859 0.011884000370002581
decision_type=2 2 2 2 2 2 2
left_child=4 -2 3 -3 6 -6 -1
right_child=1 2 -4 -5 5 -7 -8
leaf_value=1.2749975338962856e-05 1.9163808543875379e-05 -7.3603011453466952e-05 -4.7295788183355974e-06 -0.00025199992659880819 0.00016969327788978925 2.535817658473826e-05 -5.9421046306134233e-05
leaf_weight=302 76 56 65 26 27 66 130
leaf_count=302 76 56 65 26 27 66 130
internal_value=0.000668449 -0.00235426 -0.00561224 -0.0097561 0.00195238 0.00672043 0.000925926
internal_weight=748 223 147 82 525 93 432
internal_count=748 223 147 82 525 93 432
is_linear=0
shrinkage=0.05


Tree=53
num_leaves=8
num_cat=0
split_feature=12 16 14 10 0 2 11
split_gain=1.09779 1.65306 2.36442 2.28616 3.81891 2.75657 2.13603
threshold=0.04102656469090827 -0.014334613081101065 0.090336443973437111 0.00446494553626653 -0.0014731048213670881 -0.0016057795126959149 0.0095883601476249875
decision_type=2 2 2 2 2 2 2
left_child=1 -1 3 4 5 -3 -5
right_child=-2 2 -4 6 -6 -7 -8
leaf_value=-2.7980770123827099e-05 -1.6384533940283498e-05 -4.4930998774188236e-06 0.00011408127839183569 -6.261147675600725e-07 -7.6757227238345163e-05 0.00010657651873367349 0.00012860568661811786
leaf_weight=147 155 81 38 66 139 42 75
leaf_count=147 155 81 38 66 139 42 75
internal_value=3.36474e-05 0.00102041 0.00255102 0.0014268 -0.00133588 0.0050813 0.00656028
internal_weight=743 588 441 403 262 123 141
internal_count=743 588 441 403 262 123 141
is_linear=0
shrinkage=0.05


Tree=54
num_leaves=8
num_cat=0
split_feature=9 5 7 11 13 9 16
split_gain=1.10275 1.53094 1.28776 1.41246 0.925401 2.42592 2.39438
threshold=0.13711443277594829 0.010671597337117483 0.043177430610579666 0.026483501755781628 15.355000019073488 -0.024414320487659621 0.0035894194458974131
decision_type=10 2 2 2 2 8 2
left_child=2 -2 3 4 5 -1 -7
right_child=1 -3 -4 -5 -6 6 -8
leaf_value=0.00014077099822405289 -4.7887623045593956e-05 5.3865833793915503e-05 -6.5762459210714401e-05 0.00011936922952073361 -8.0994286020551021e-06 -8.673194849660856e-05 3.4171940826440221e-05
leaf_weight=37 31 46 59 49 382 71 72
leaf_count=37 31 46 59 49 382 71 72
internal_value=0.000502008 0.00616883 -0.000149254 0.000531915 -0.000177936 0.00277778 -0.000174825
internal_weight=747 77 670 611 562 180 143
internal_count=747 77 670 611 562 180 143
is_linear=0
shrinkage=0.05


Tree=55
num_leaves=8
num_cat=0
split_feature=16 16 3 6 11 15 9
split_gain=1.86943 1.38708 2.08655 0.888102 2.08536 1.26215 1.2763
threshold=0.044154562659851411 0.030491538483337192 0.0014324927810550616 1.1382581407995247 0.0019507060207528684 0.014468988583662747 0.011738837930662107
decision_type=2 2 2 2 2 2 8
left_child=1 3 -3 5 -5 6 -1
right_child=-2 2 -4 4 -6 -7 -8
leaf_value=2.3164883793364837e-05 -0.00019351974945458893 -8.5137596683249137e-05 0.00017310283689959057 -0.00014385308625211989 2.4327966278296817e-05 7.6453137500686816e-05 -4.3035217183614058e-06
leaf_weight=242 27 25 26 47 45 27 324
leaf_count=242 27 25 26 47 45 27 324
internal_value=0.000884666 0.0013587 0.00931373 0.000766423 -0.00380435 0.00147555 0.000971731
internal_weight=763 736 51 685 92 593 566
internal_count=763 736 51 685 92 593 566
is_linear=0
shrinkage=0.05


Tree=56
num_leaves=8
num_cat=0
split_feature=13 9 2 9 15 8 8
split_gain=1.76867 1.81204 0.984049 1.69322 1.91114 1.5515 1.2077
threshold=15.355000019073488 -0.033585197994012599 0.038521730187112586 0.10535873858494739 0.0050000246784774891 -0.041617207045053332 -0.00064329848534261369
decision_type=2 8 2 8 2 10 10
left_child=1 -1 5 -4 -5 -3 -7
right_child=-2 2 3 4 -6 6 -8
leaf_value=0.0001818226920544502 -3.8538676213982883e-06 5.1489306218578842e-05 0.00010853311038998135 0.00010076758189534836 -9.6057210618290866e-05 -0.00023299632688918655 2.1861067820915308e-06
leaf_weight=25 484 35 39 27 25 37 67
leaf_count=25 484 35 39 27 25 37 67
internal_value=0.000845737 0.00421569 0.00282609 0.00686813 0.000961538 0.000179856 -0.00288462
internal_weight=739 255 230 91 52 139 104
internal_count=739 255 230 91 52 139 104
is_linear=0
shrinkage=0.05


Tree=57
num_leaves=8
num_cat=0
split_feature=12 12 3 12 13 15 10
split_gain=1.02437 2.89443 2.69596 2.00936 1.95168 1.82918 1.62471
threshold=-0.0041728590088926923 0.0062346359643689073 0.0017544659519551644 -0.026522895581630176 17.195000648498539 0.0069424741842167856 0.00063379839939814453
decision_type=2 2 2 2 2 2 2
left_child=2 -2 3 -1 6 -4 -3
right_child=1 4 5 -5 -6 -7 -8
leaf_value=-2.5768890720545039e-05 0.0001058812175513668 2.9438864594358339e-05 0.00013895916659548943 -0.00013118007268523346 -4.0206882082139719e-05 -3.6629940733695984e-05 -6.0100187776980162e-07
leaf_weight=63 64 145 46 44 127 30 216
leaf_count=63 64 145 46 44 127 30 216
internal_value=0.000646259 0.00172101 -0.00259563 -0.00771028 0.000409836 0.00460526 0.00228532
internal_weight=735 552 183 107 488 76 361
internal_count=735 552 183 107 488 76 361
is_linear=0
shrinkage=0.05


Tree=58
num_leaves=8
num_cat=0
split_feature=15 11 4 1 14 0 7
split_gain=1.16288 1.41823 2.63626 1.02545 2.4174 2.15332 1.99362
threshold=-1.0000000180025095e-35 0.010325604265528312 0.024116178577610645 -0.0064770437101214764 -0.093449770795740669 0.010842590698580403 0.0073099192569930924
decision_type=2 2 2 2 2 2 2
left_child=1 -1 -3 -2 -5 6 -6
right_child=3 2 -4 4 5 -7 -8
leaf_value=2.3685050064090314e-06 7.2720774358549584e-06 0.0001209065988867227 -0.00017248366942531669 0.00017597752050609841 -0.00023681388379409509 1.2206522774911752e-06 -1.5020904127522467e-05
leaf_weight=240 116 85 25 26 55 108 95
leaf_count=240 116 85 25 26 55 108 95
internal_value=0.000466667 0.00257143 0.00727273 -0.001375 -0.00299296 -0.00445736 -0.00833333
internal_weight=750 350 110 400 284 258 150
internal_count=750 350 110 400 284 258 150
is_linear=0
shrinkage=0.05


Tree=59
num_leaves=8
num_cat=0
split_feature=12 10 6 10 0 16 9
split_gain=0.972028 1.62913 1.7193 1.59994 1.50247 2.39226 2.38526
threshold=0.043947966856704664 0.0057158529632723729 -0.63001441045068907 0.0072501492901362328 -0.0026164501191103802 -0.013752299923689868 -0.03968177777983755
decision_type=2 2 2 2 2 2 8
left_child=1 4 -3 -4 5 -1 -7
right_child=-2 2 3 -5 -6 6 -8
leaf_value=-3.4391895706538782e-05 -2.8444320772151849e-05 -1.4025072152350216e-05 0.00011320951786093574 3.6229223318687844e-05 -4.365512401347557e-05 0.00021153739278476229 1.7711991517539544e-05
leaf_weight=82 133 38 26 88 231 30 130
leaf_count=82 133 38 26 88 231 30 130
internal_value=-6.59631e-05 0.00076 0.00526316 0.00833333 -0.000687104 0.00206612 0.005625
internal_weight=758 625 152 114 473 242 160
internal_count=758 625 152 114 473 242 160
is_linear=0
shrinkage=0.05


Tree=60
num_leaves=8
num_cat=0
split_feature=13 7 0 0 11 11 6
split_gain=0.912767 1.13033 1.38712 1.55619 1.64869 1.4063 1.32613
threshold=12.644999980926515 0.043177430610579666 -0.0077755393798600849 -0.0026164501191103802 -0.0040062918952337148 0.012464191506580515 -0.1356530217020073
decision_type=2 2 2 2 2 2 2
left_child=-1 2 -2 4 -4 -6 -5
right_child=1 -3 3 6 5 -7 -8
leaf_value=2.7174456924598412e-05 -1.0645983489611941e-05 -4.0817439726339744e-05 0.00020338129486585163 -1.3907653197541914e-05 -8.3997136956847927e-06 8.2721994336077746e-05 1.7148746997716473e-05
leaf_weight=36 175 66 35 216 39 32 154
leaf_count=36 175 66 35 216 39 32 154
internal_value=0.000564409 0.000174338 0.000806452 0.00220588 0.00754717 0.00316901 0.000675676
internal_weight=753 717 651 476 106 71 370
internal_count=753 717 651 476 106 71 370
is_linear=0
shrinkage=0.05


Tree=61
num_leaves=8
num_cat=0
split_feature=12 16 7 13 12 12 6
split_gain=0.847583 1.13277 2.20069 0.965323 1.07756 0.762447 1.89181
threshold=0.04102656469090827 -0.012208082007479802 0.013938989833272799 17.224999427795414 0.050860094870715973 0.032816307706160404 -0.36874515766843774
decision_type=2 2 2 2 2 2 2
left_child=5 -2 -3 4 -4 -1 -7
right_child=1 2 3 -5 -6 6 -8
leaf_value=4.0597301240174157e-06 0.00012541358413107416 -0.00014210322606218856 -0.00011145002120677688 -0.00013909576073720321 0.00010461891130882485 -7.3826270456189055e-05 9.5294106730982585e-05
leaf_weight=511 25 44 25 28 26 32 45
leaf_count=511 25 44 25 28 26 32 45
internal_value=0.000679348 -0.0027027 -0.0046748 0.000316456 0.00441176 0.00153061 0.00616883
internal_weight=736 148 123 79 51 588 77
internal_count=736 148 123 79 51 588 77
is_linear=0
shrinkage=0.05


end of trees

feature_importances:
spy_ret_1d=40
sector_ret_5d=38
dist_ma200=35
atr_pct=33
sector_ret_1d=30
dvol_z_20=27
spy_ret_5d=26
ret_20d=25
spy_ret_20d=25
ret_1d=24
dist_ma50=22
vix_level=22
vix_chg_1d=21
parkinson_20=20
ret_5d=16
overnight_gap=16
dist_ma20=14

parameters:
[boosting: gbdt]
[objective: quantile]
[metric: quantile]
[tree_learner: serial]
[device_type: cpu]
[data_sample_strategy: bagging]
[data: ]
[valid: ]
[num_iterations: 80]
[learning_rate: 0.05]
[num_leaves: 8]
[num_threads: 1]
[seed: 0]
[deterministic: 0]
[force_col_wise: 1]
[force_row_wise: 0]
[histogram_pool_size: -1]
[max_depth: -1]
[min_data_in_leaf: 25]
[min_sum_hessian_in_leaf: 0.001]
[bagging_fraction: 0.9]
[pos_bagging_fraction: 1]
[neg_bagging_fraction: 1]
[bagging_freq: 1]
[bagging_seed: 3]
[bagging_by_query: 0]
[feature_fraction: 0.9]
[feature_fraction_bynode: 1]
[feature_fraction_seed: 2]
[extra_trees: 0]
[extra_seed: 6]
[early_stopping_round: 0]
[early_stopping_min_delta: 0]
[first_metric_only: 0]
[max_delta_step: 0]
[lambda_l1: 0]
[lambda_l2: 0]
[linear_lambda: 0]
[min_gain_to_split: 0]
[drop_rate: 0.1]
[max_drop: 50]
[skip_drop: 0.5]
[xgboost_dart_mode: 0]
[uniform_drop: 0]
[drop_seed: 4]
[top_rate: 0.2]
[other_rate: 0.1]
[min_data_per_group: 100]
[max_cat_threshold: 32]
[cat_l2: 10]
[cat_smooth: 10]
[max_cat_to_onehot: 4]
[top_k: 20]
[monotone_constraints: ]
[monotone_constraints_method: basic]
[monotone_penalty: 0]
[feature_contri: ]
[forcedsplits_filename: ]
[refit_decay_rate: 0.9]
[cegb_tradeoff: 1]
[cegb_penalty_split: 0]
[cegb_penalty_feature_lazy: ]
[cegb_penalty_feature_coupled: ]
[path_smooth: 0]
[interaction_constraints: ]
[verbosity: -1]
[saved_feature_importance_type: 0]
[use_quantized_grad: 0]
[num_grad_quant_bins: 4]
[quant_train_renew_leaf: 0]
[stochastic_rounding: 1]
[linear_tree: 0]
[max_bin: 255]
[max_bin_by_feature: ]
[min_data_in_bin: 3]
[bin_construct_sample_cnt: 200000]
[data_random_seed: 1]
[is_enable_sparse: 1]
[enable_bundle: 1]
[use_missing: 1]
[zero_as_missing: 0]
[feature_pre_filter: 1]
[pre_partition: 0]
[two_round: 0]
[header: 0]
[label_column: ]
[weight_column: ]
[group_column: ]
[ignore_column: ]
[categorical_feature: ]
[forcedbins_filename: ]
[precise_float_parser: 0]
[parser_config_file: ]
[objective_seed: 5]
[num_class: 1]
[is_unbalance: 0]
[scale_pos_weight: 1]
[sigmoid: 1]
[boost_from_average: 1]
[reg_sqrt: 0]
[alpha: 0.5]
[fair_c: 1]
[poisson_max_delta_step: 0.7]
[tweedie_variance_power: 1.5]
[lambdarank_truncation_level: 30]
[lambdarank_norm: 1]
[label_gain: ]
[lambdarank_position_bias_regularization: 0]
[eval_at: ]
[multi_error_top_k: 1]
[auc_mu_weights: ]
[num_machines: 1]
[local_listen_port: 12400]
[time_out: 120]
[machine_list_filename: ]
[machines: ]
[gpu_platform_id: -1]
[gpu_device_id: -1]
[gpu_device_id_list: ]
[gpu_use_dp: 0]
[num_gpu: 1]

end of parameters

pandas_categorical:[]
