tree
version=v4
num_class=1
num_tree_per_iteration=1
label_index=0
max_feature_idx=16
objective=quantile
feature_names=ret_1d ret_5d ret_20d overnight_gap atr_pct parkinson_20 dvol_z_20 dist_ma20 dist_ma50 dist_ma200 spy_ret_1d spy_ret_5d spy_ret_20d vix_level vix_chg_1d sector_ret_1d sector_ret_5d
feature_infos=[-0.13338229763899556:0.11644177396574951] [-0.21874998669539159:0.16813051491809938] [-0.20982138105496984:0.2507657437857127] [-0.058103225780153145:0.055987551708031047] [0.016711987704371937:0.073637703755977446] [0.010477138953591099:0.036560533024464735] [-2.4027706416003389:3.8756223471880751] [-0.17794544753541253:0.14914680547480441] [-0.20473342543141748:0.22266388683102467] [-0.13384522667356458:0.40271789734337005] [-0.058542971330535654:0.10501930183911301] [-0.11496151859245618:0.082843162776128354] [-0.1226559005192206:0.15756591020035837] [11.859999656677246:52.330001831054688] [-0.35753873962348437:0.74039073966007019] [-0.091999030713283303:0.077446336732958532] [-0.18680848466589095:0.088372074287953684]
tree_sizes=816 865 864 860 858 849 851 864 859 864 864 860 859 855 860 869 865 860

Tree=0
num_leaves=8
num_cat=0
split_feature=13 10 5 8 6 13 15
split_gain=1.98416 1.04212 1.4197 1.13128 1.59707 0.435175 0.431282
threshold=24.630000114440922 -0.0043931743596038455 0.01419813738305296 0.082976754940496514 0.20815611332973744 14.50500011444092 0.013376071210903786
decision_type=2 2 2 8 2 2 2
left_child=1 2 -1 4 -4 -3 -7
right_child=-2 5 3 -5 -6 6 -8
leaf_value=0.028978252009080264 0.029842970328295415 0.029040884742245265 0.029649066455742456 0.029261461157378443 0.030469018523471149 0.029431595568738044 0.029219559095273694
leaf_weight=46 41 171 43 29 26 325 65
leaf_count=46 41 171 43 29 26 325 65
internal_value=0.0295638 0.0289419 0.0327362 0.0361376 0.0396203 0.027968 0.0288901
internal_weight=746 705 144 98 69 561 390
internal_count=746 705 144 98 69 561 390
is_linear=0
shrinkage=1


Tree=1
num_leaves=8
num_cat=0
split_feature=10 4 11 11 1 13 0
split_gain=1.89979 1.88542 0.932398 0.480486 0.641026 0.409982 0.449046
threshold=-0.0037750757818245657 0.033133686341748202 0.0010676984150611581 -0.0070947628288289813 0.00062117232229819141 23.409999847412113 0.032032835156691093
decision_type=2 2 2 2 2 2 2
left_child=1 2 3 4 -1 6 -2
right_child=5 -3 -4 -5 -6 -7 -8
leaf_value=-0.00016862750893321233 -0.00018449773181138321 0.0010134419082590274 0.00068227357755686448 -0.00030683740202656706 0.00048554295963232938 0.00039870986827699188 0.00081541752736078669
leaf_weight=52 493 25 40 35 26 35 27
leaf_count=52 493 25 40 35 26 35 27
internal_value=-0.000225104 0.00426966 0.00218954 -0.000132745 0.00205128 -0.00166667 -0.00201923
internal_weight=733 178 153 113 78 555 520
internal_count=733 178 153 113 78 555 520
is_linear=0
shrinkage=0.05


Tree=2
num_leaves=8
num_cat=0
split_feature=11 4 6 14 9 2 11
split_gain=0.961998 2.52627 0.54262 1.65176 0.442372 0.920881 0.440445
threshold=-0.012951361499321188 0.03020713021707223 1.8589386266559804 -0.022450840204273455 0.077749494055026305 -0.0091491804028411266 0.0039565944761287284
decision_type=2 2 2 2 10 2 2
left_child=1 -1 4 -4 -2 -6 -7
right_child=2 -3 3 -5 5 6 -8
leaf_value=-0.00025412777897401533 -0.00019533750987475721 0.00068208015796167309 -0.00021430470019083477 0.0012676067031900191 0.00052414210896789429 0.00014408311898423261 -0.00032769463647162726
leaf_weight=79 345 48 26 25 36 74 112
leaf_count=79 345 48 26 25 36 74 112
internal_value=-0.000302015 0.00366142 -0.00111651 0.00382353 -0.00156085 0.000180179 -0.00123656
internal_weight=745 127 618 51 567 222 186
internal_count=745 127 618 51 567 222 186
is_linear=0
shrinkage=0.05


Tree=3
num_leaves=8
num_cat=0
split_feature=10 4 11 3 8 0 6
split_gain=1.61198 1.93139 1.33333 0.828813 1.10455 0.714061 0.522446
threshold=-0.0043931743596038455 0.033394398062865115 0.0010676984150611581 -0.008185034113560195 -0.012218835816862559 0.031093874973836425 0.027429324237523173
decision_type=2 2 2 2 10 2 2
left_child=1 2 6 4 -2 -5 -1
right_child=3 -3 -4 5 -6 -7 -8
leaf_value=-0.00023176536778206662 -0.00014753016636500759 0.00092866580494799233 0.0005698605845204127 -0.00020296114159064262 0.00043760402172406099 0.0011061606556997409 0.00033181982329657942
leaf_weight=57 33 25 36 480 27 28 51
leaf_count=57 33 25 36 480 27 28 51
internal_value=-0.000115334 0.0041716 0.00194444 -0.00139085 0.00416667 -0.00204725 -0.000833335
internal_weight=737 169 144 568 60 508 108
internal_count=737 169 144 568 60 508 108
is_linear=0
shrinkage=0.05


Tree=4
num_leaves=8
num_cat=0
split_feature=14 4 9 14 15 6 9
split_gain=1.21272 1.44192 0.672174 1.06813 0.422705 0.403092 0.475678
threshold=0.020125848996620292 0.031555447351126573 0.04582154273460038 0.052213768787031663 -0.0069227059455456699 1.8589386266559804 0.27265607330047731
decision_type=2 2 10 2 2 2 10
left_child=5 2 4 -4 -2 6 -1
right_child=1 -3 3 -5 -6 -7 -8
leaf_value=-0.00022300997613735438 0.00023213036149345614 0.00071360135452643307 0.0010237574524815461 -5.7790325803088786e-05 -0.00035283811049416299 0.00047483370454611245 6.1236405531786816e-05
leaf_weight=434 36 40 40 65 56 45 27
leaf_count=434 36 40 40 65 56 45 27
internal_value=-0.000356663 0.00259494 0.000837562 0.00357143 -0.00228261 -0.00173913 -0.00218004
internal_weight=743 237 197 105 92 506 461
internal_count=743 237 197 105 92 506 461
is_linear=0
shrinkage=0.05


Tree=5
num_leaves=8
num_cat=0
split_feature=3 14 4 10 6 8 10
split_gain=1.5474 1.18344 1.088 0.658436 0.471965 0.370508 0.515085
threshold=-0.008015660887919383 -0.015515001009757 0.029008757637804441 -0.013932241848525038 1.9105509357364476 -0.032383573028610939 0.0075431397626640759
decision_type=2 2 2 2 2 8 2
left_child=1 -1 -3 -2 5 6 -5
right_child=3 2 -4 4 -6 -7 -8
leaf_value=-0.00028710990031206163 0.00061309562818440003 0.00033418533317023703 0.00037694146967599834 -0.000125238582847469 0.00075621359615405293 -0.00020076186361335307 0.00058650506831209965
leaf_weight=32 33 26 30 69 41 476 25
leaf_count=32 33 26 30 69 41 476 25
internal_value=-0.000423498 0.00579545 0.0101786 -0.00127329 -0.00164485 -0.00201755 0.000851063
internal_weight=732 88 56 644 611 570 94
internal_count=732 88 56 644 611 570 94
is_linear=0
shrinkage=0.05


Tree=6
num_leaves=8
num_cat=0
split_feature=3 12 10 8 0 4 9
split_gain=1.07069 1.50003 0.675901 1.20098 1.36111 1.08889 0.455526
threshold=-0.008015660887919383 0.027409196484277535 -0.0037750757818245657 0.065804694750827078 -0.013897119199487216 0.024906099191666631 0.017118356189209098
decision_type=2 2 2 8 2 2 10
left_child=1 6 3 4 -2 -6 -1
right_child=2 -3 -4 -5 5 -7 -8
leaf_value=0.00050640625754372651 -0.00020542567611537082 -0.0003556392566690611 -0.0001711763390184964 -0.00018520850910238085 0.00039028933764511986 0.0005800008003806166 0.00032002648973494552
leaf_weight=28 27 33 505 45 45 36 25
leaf_count=28 27 33 505 45 45 36 25
internal_value=-0.000362904 0.00488372 -0.00104863 0.00186274 0.00472222 0.00796296 0.0100943
internal_weight=744 86 658 153 108 81 53
internal_count=744 86 658 153 108 81 53
is_linear=0
shrinkage=0.05


Tree=7
num_leaves=8
num_cat=0
split_feature=3 11 10 8 6 8 1
split_gain=1.46264 1.61354 0.901102 0.596022 0.513286 0.704855 0.82139
threshold=-0.008015660887919383 -0.010447917606839994 -0.013932241848525038 -0.012218835816862559 -0.26263892953141227 0.069326791311123306 0.040128544518413863
decision_type=2 2 2 10 2 8 2
left_child=1 -1 -2 -3 -4 6 -6
right_child=2 3 4 -5 5 -7 -8
leaf_value=0.00028863797761957054 0.00070454563379646095 -0.00026013307033320455 -0.00030558264010837222 0.00042881230992046634 -8.0955177134654556e-06 -0.00026053834487222604 0.00082004455682865211
leaf_weight=26 34 32 307 31 187 90 33
leaf_count=26 34 32 307 31 187 90 33
internal_value=-0.000337839 0.00567416 -0.00115976 0.00134921 -0.00159644 -0.000161292 0.00136364
internal_weight=740 89 651 63 617 310 220
internal_count=740 89 651 63 617 310 220
is_linear=0
shrinkage=0.05


Tree=8
num_leaves=8
num_cat=0
split_feature=6 10 8 15 4 14 2
split_gain=0.90553 1.03225 1.06127 1.43275 0.637059 0.472556 0.487245
threshold=-0.17117161093711528 0.00040263082252767207 0.032806671484490575 -0.007445743877622645 0.02940187087189804 0.024414321868059811 -0.033016277696365996
decision_type=2 2 8 2 2 2 2
left_child=5 2 3 -2 -4 -1 -7
right_child=1 -3 4 -5 -6 6 -8
leaf_value=-0.00030652519850641414 7.6549131316917791e-05 -8.4143078379762815e-05 -0.00015593677975516416 0.0004049290843433016 0.00069201558707300851 0.00037792208041086459 -7.4309150656305569e-05
leaf_weight=276 45 197 60 47 25 25 86
leaf_count=276 45 197 60 47 25 25 86
internal_value=-0.000203681 0.0015508 0.00432203 0.00804348 0.000294116 -0.00189923 0.000855855
internal_weight=761 374 177 92 85 387 111
internal_count=761 374 177 92 85 387 111
is_linear=0
shrinkage=0.05


Tree=9
num_leaves=8
num_cat=0
split_feature=3 11 10 14 3 8 6
split_gain=1.76247 1.23378 0.755494 0.570814 0.403396 0.497851 0.729983
threshold=-0.008015660887919383 -0.010447917606839994 -0.013932241848525038 -0.013287751267225366 -0.0031936549331665893 0.043344102239043399 -0.17117161093711528
decision_type=2 2 2 2 2 8 2
left_child=1 -1 -2 -3 -4 6 -6
right_child=2 3 4 -5 5 -7 -8
leaf_value=0.00024951188122190296 0.0007057075025591889 -0.0003085979221934217 -0.00030459789237855249 0.00036229900186800462 -0.0001895159357963678 -0.00015673236998149377 0.0001563943279741129
leaf_weight=27 30 26 115 34 157 215 134
leaf_count=27 30 26 115 34 157 215 134
internal_value=-0.000189703 0.00649425 -0.00108295 0.0025 -0.00145733 -0.000849804 0.000498281
internal_weight=738 87 651 60 621 506 291
internal_count=738 87 651 60 621 506 291
is_linear=0
shrinkage=0.05


Tree=10
num_leaves=8
num_cat=0
split_feature=4 11 9 8 8 12 0
split_gain=0.810473 1.6182 0.493623 0.654762 0.481372 0.471429 0.597931
threshold=0.033524116656579152 -0.0094173901882642057 0.14801153814874904 0.036244258536777936 0.082976754940496514 0.014344491575221776 0.0023255108932935813
decision_type=2 2 10 8 8 2 2
left_child=2 -2 4 -4 -1 6 -5
right_child=1 -3 3 5 -6 -7 -8
leaf_value=-9.6144635380968074e-05 0.00091873963472764502 -5.8187548038171644e-05 0.00035607520583497815 0.00051717564051198734 -0.00023604653501312916 -0.00037086478853816385 -0.00013505278518611825
leaf_weight=451 25 47 30 25 85 56 29
leaf_count=451 25 47 30 25 85 56 29
internal_value=-0.000320857 0.00472222 -0.000857989 0.00178571 -0.00154851 -1.19209e-09 0.00333333
internal_weight=748 72 676 140 536 110 54
internal_count=748 72 676 140 536 110 54
is_linear=0
shrinkage=0.05


Tree=11
num_leaves=8
num_cat=0
split_feature=6 10 5 8 0 14 14
split_gain=1.10376 1.57808 1.20227 1.40192 1.64571 0.709158 0.49398
threshold=-0.082233544712033091 0.00069579143919507047 0.014021608758389819 0.065804694750827078 -0.014786091446129522 0.0053913947730825926 0.024414321868059811
decision_type=2 2 2 8 2 2 2
left_child=6 2 -2 4 -4 -6 -1
right_child=1 -3 3 -5 5 -7 -8
leaf_value=-0.00024423264785385768 -0.0003198802371936196 -7.5302820414674962e-05 -0.00011672239619977252 -2.6401739932501931e-05 0.00065246677961380026 0.00067216277902372066 0.00011930941365771314
leaf_weight=295 45 173 25 39 26 30 113
leaf_count=295 45 173 25 39 26 30 113
internal_value=-0.000308312 0.00180473 0.00530303 0.00791667 0.0116667 0.0164286 -0.00205882
internal_weight=746 338 165 120 81 56 408
internal_count=746 338 165 120 81 56 408
is_linear=0
shrinkage=0.05


Tree=12
num_leaves=8
num_cat=0
split_feature=6 10 5 8 9 4 10
split_gain=1.33165 1.98261 1.50878 1.60202 1.14514 0.396695 0.341165
threshold=-0.082233544712033091 0.00069579143919507047 0.014021608758389819 0.082976754940496514 0.029008737534570232 0.028718251165792151 0.0039560273734108318
decision_type=2 2 2 8 10 2 2
left_child=-1 2 -2 4 -4 -6 -3
right_child=1 6 3 -5 5 -7 -8
leaf_value=-0.00014883634397665308 -0.00030388622533393858 -0.00018186421495689951 0.0010881797659642743 -8.4622978765718068e-05 0.00043141947643780473 0.00028434181595062713 -1.9468308967742867e-05
leaf_weight=400 45 54 29 32 25 27 114
leaf_count=400 45 54 29 32 25 27 114
internal_value=-0.000316806 0.00205521 0.00607595 0.00915929 0.0129012 0.00846154 -0.00172619
internal_weight=726 326 158 113 81 52 168
internal_count=726 326 158 113 81 52 168
is_linear=0
shrinkage=0.05


Tree=13
num_leaves=8
num_cat=0
split_feature=3 4 14 6 2 14 10
split_gain=1.50125 1.04632 0.82739 0.686792 0.590965 1.24182 0.628205
threshold=-0.008015660887919383 0.025770369947588963 -0.0026760061162229838 1.8932301874206388 -0.048103696569737779 0.03328086000020148 0.0075431397626640759
decision_type=2 2 2 2 2 2 2
left_child=1 -1 -3 4 5 6 -2
right_child=3 2 -4 -5 -6 -7 -8
leaf_value=-0.00031566846570746794 -0.00028259816200220273 7.5557320171515854e-05 0.00053178831987890456 0.00056186654196160976 -0.00013539662137284045 0.00053534142140098382 0.00043987270930934304
leaf_weight=25 49 27 37 47 502 29 26
leaf_count=25 49 27 37 47 502 29 26
internal_value=-0.000417791 0.00567416 0.0090625 -0.00124809 -0.00169967 0.00173077 -0.00166667
internal_weight=742 89 64 653 606 104 75
internal_count=742 89 64 653 606 104 75
is_linear=0
shrinkage=0.05


Tree=14
num_leaves=8
num_cat=0
split_feature=13 8 6 5 7 7 3
split_gain=1.35197 0.563286 0.851513 1.25057 1.48465 1.23302 1.14274
threshold=24.695000648498539 0.071180304230117022 -0.64338262993893103 0.015096487598616421 -0.023059156413868461 0.024181731244719454 -1.0000000180025095e-35
decision_type=2 8 2 2 2 2 2
left_child=1 2 -1 -4 -5 6 -6
right_child=-2 -3 3 4 5 -7 -8
leaf_value=-0.00018006214956766157 0.00033889183612224676 -0.00017415339978173284 -0.00010402031842896925 -0.00015294365573899284 0.00014976600990080876 0.00038412389989883779 0.0012620627850556028
leaf_weight=145 34 173 203 53 37 54 25
leaf_count=145 34 173 203 53 37 54 25
internal_value=-2.76255e-05 -0.000507248 0.000319148 0.00158602 0.00476331 0.00793103 0.0127419
internal_weight=724 690 517 372 169 116 62
internal_count=724 690 517 372 169 116 62
is_linear=0
shrinkage=0.05


Tree=15
num_leaves=8
num_cat=0
split_feature=3 4 3 10 9 9 15
split_gain=1.0027 1.31291 0.567027 0.723906 1.25595 0.828452 0.475632
threshold=-0.008015660887919383 0.029008757637804441 -0.0031936549331665893 -0.0037750757818245657 0.15010688054169932 0.085540446267981532 0.0016868962086498132
decision_type=2 2 2 2 10 8 2
left_child=1 -1 -2 4 5 -4 -5
right_child=2 -3 3 6 -6 -7 -8
leaf_value=-0.00027888426425017959 -0.00031346539849807299 0.00022260471537809243 0.00046091661287697759 -0.00017421252374834442 0.00056774098162937019 -9.4965369214189735e-05 -1.2495164774207092e-06
leaf_weight=44 122 45 43 164 25 50 239
leaf_count=44 122 45 43 164 25 50 239
internal_value=-0.000423498 0.00455056 -0.00111198 -0.000393475 0.00305085 0.000376343 -0.00140199
internal_weight=732 89 643 521 118 93 403
internal_count=732 89 643 521 118 93 403
is_linear=0
shrinkage=0.05


Tree=16
num_leaves=8
num_cat=0
split_feature=16 8 6 8 8 14 11
split_gain=1.1372 0.939042 0.403498 0.359409 0.325425 0.272609 0.534994
threshold=-0.039452363518861548 -0.038582143473878498 2.092834354430877 0.13031975683209132 0.082976754940496514 0.0053913947730825926 0.0074288376528827147
decision_type=2 8 2 10 8 2 2
left_child=1 -1 3 4 5 -2 -7
right_child=2 -3 -4 -5 -6 6 -8
leaf_value=0.00071885779714873574 -0.00011969764832185687 -1.4755819345522219e-05 0.000444831646057697 0.00013022898147287246 -0.00023501924182420145 -5.0307244843524407e-05 0.00024478227735263497
leaf_weight=25 309 43 34 47 83 137 73
leaf_count=25 309 43 34 47 83 137 73
internal_value=-0.000872172 0.00529412 -0.00148609 -0.00176425 -0.00209302 -0.00162813 -0.000238096
internal_weight=751 68 683 649 602 519 210
internal_count=751 68 683 649 602 519 210
is_linear=0
shrinkage=0.05


Tree=17
num_leaves=8
num_cat=0
split_feature=3 4 11 10 8 3 3
split_gain=1.33917 0.895105 0.794558 0.582506 0.784025 0.926211 1.15703
threshold=-0.008015660887919383 0.027758576455676681 0.010571725721311933 -0.0037750757818245657 0.06644160789324062 -0.0027355694934682036 0.00097452690615018611
decision_type=2 2 2 2 10 2 2
left_child=1 -1 -3 4 5 -2 -7
right_child=3 2 -4 -5 -6 6 -8
leaf_value=-0.00019936040764733742 -0.00013209827503850603 0.00023425208171784571 0.00011495823872040165 -0.00011591658763883398 -0.00018273293484559266 0.00041191961898630374 0.0003744424995445269
leaf_weight=36 25 27 25 508 36 25 62
leaf_count=36 25 27 25 508 36 25 62
internal_value=-0.000564517 0.00522727 0.00942308 -0.00134146 0.00141892 0.00348214 0.00591954
internal_weight=744 88 52 656 148 112 87
internal_count=744 88 52 656 148 112 87
is_linear=0
shrinkage=0.05


end of trees

feature_importances:
dist_ma50=17
spy_ret_1d=15
overnight_gap=13
dvol_z_20=13
atr_pct=12
vix_chg_1d=11
spy_ret_5d=10
dist_ma200=8
ret_1d=5
parkinson_20=4
vix_level=4
sector_ret_1d=4
ret_20d=3
ret_5d=2
dist_ma20=2
spy_ret_20d=2
sector_ret_5d=1

parameters:
[boosting: gbdt]
[objective: quantile]
[metric: quantile]
[tree_learner: serial]
[device_type: cpu]
[data_sample_strategy: bagging]
[data: ]
[valid: ]
[num_iterations: 80]
[learning_rate: 0.05]
[num_leaves: 8]
[num_threads: 1]
[seed: 0]
[deterministic: 0]
[force_col_wise: 1]
[force_row_wise: 0]
[histogram_pool_size: -1]
[max_depth: -1]
[min_data_in_leaf: 25]
[min_sum_hessian_in_leaf: 0.001]
[bagging_fraction: 0.9]
[pos_bagging_fraction: 1]
[neg_bagging_fraction: 1]
[bagging_freq: 1]
[bagging_seed: 3]
[bagging_by_query: 0]
[feature_fraction: 0.9]
[feature_fraction_bynode: 1]
[feature_fraction_seed: 2]
[extra_trees: 0]
[extra_seed: 6]
[early_stopping_round: 0]
[early_stopping_min_delta: 0]
[first_metric_only: 0]
[max_delta_step: 0]
[lambda_l1: 0]
[lambda_l2: 0]
[linear_lambda: 0]
[min_gain_to_split: 0]
[drop_rate: 0.1]
[max_drop: 50]
[skip_drop: 0.5]
[xgboost_dart_mode: 0]
[uniform_drop: 0]
[drop_seed: 4]
[top_rate: 0.2]
[other_rate: 0.1]
[min_data_per_group: 100]
[max_cat_threshold: 32]
[cat_l2: 10]
[cat_smooth: 10]
[max_cat_to_onehot: 4]
[top_k: 20]
[monotone_constraints: ]
[monotone_constraints_method: basic]
[monotone_penalty: 0]
[feature_contri: ]
[forcedsplits_filename: ]
[refit_decay_rate: 0.9]
[cegb_tradeoff: 1]
[cegb_penalty_split: 0]
[cegb_penalty_feature_lazy: ]
[cegb_penalty_feature_coupled: ]
[path_smooth: 0]
[interaction_constraints: ]
[verbosity: -1]
[saved_feature_importance_type: 0]
[use_quantized_grad: 0]
[num_grad_quant_bins: 4]
[quant_train_renew_leaf: 0]
[stochastic_rounding: 1]
[linear_tree: 0]
[max_bin: 255]
[max_bin_by_feature: ]
[min_data_in_bin: 3]
[bin_construct_sample_cnt: 200000]
[data_random_seed: 1]
[is_enable_sparse: 1]
[enable_bundle: 1]
[use_missing: 1]
[zero_as_missing: 0]
[feature_pre_filter: 1]
[pre_partition: 0]
[two_round: 0]
[header: 0]
[label_column: ]
[weight_column: ]
[group_column: ]
[ignore_column: ]
[categorical_feature: ]
[forcedbins_filename: ]
[precise_float_parser: 0]
[parser_config_file: ]
[objective_seed: 5]
[num_class: 1]
[is_unbalance: 0]
[scale_pos_weight: 1]
[sigmoid: 1]
[boost_from_average: 1]
[reg_sqrt: 0]
[alpha: 0.9]
[fair_c: 1]
[poisson_max_delta_step: 0.7]
[tweedie_variance_power: 1.5]
[lambdarank_truncation_level: 30]
[lambdarank_norm: 1]
[label_gain: ]
[lambdarank_position_bias_regularization: 0]
[eval_at: ]
[multi_error_top_k: 1]
[auc_mu_weights: ]
[num_machines: 1]
[local_listen_port: 12400]
[time_out: 120]
[machine_list_filename: ]
[machines: ]
[gpu_platform_id: -1]
[gpu_device_id: -1]
[gpu_device_id_list: ]
[gpu_use_dp: 0]
[num_gpu: 1]

end of parameters

pandas_categorical:[]
