tree
version=v4
num_class=1
num_tree_per_iteration=1
label_index=0
max_feature_idx=16
objective=quantile
feature_names=ret_1d ret_5d ret_20d overnight_gap atr_pct parkinson_20 dvol_z_20 dist_ma20 dist_ma50 dist_ma200 spy_ret_1d spy_ret_5d spy_ret_20d vix_level vix_chg_1d sector_ret_1d sector_ret_5d
feature_infos=[-0.13147455699610955:0.12964170711561573] [-0.14875370856376402:0.17194002997122015] [-0.23625357598515817:0.18778351091279299] [-0.086366152244086281:0.093469775011118861] [0.009539971457359641:0.058853814880643569] [0.0062308894011605769:0.031881415463934429] [-2.0666015004763136:4.2497621048039438] [-0.20599368511410754:0.15051024157083814] [-0.23989037097314114:0.17839757844973381] [-0.2073868434685644:0.32878281987056335] [-0.058542971330535654:0.10501930183911301] [-0.11496151859245618:0.082843162776128354] [-0.1226559005192206:0.15756591020035837] [11.859999656677246:52.330001831054688] [-0.35753873962348437:0.74039073966007019] [-0.068247998544687438:0.13425697132599002] [-0.13587196028298487:0.11773217696052685]
tree_sizes=848 857 849 863 863 863 864 864 871 872 863 873 865 869 858 871 870 875 863 874

Tree=0
num_leaves=8
num_cat=0
split_feature=1 8 9 9 6 4 16
split_gain=1.28926 1.82115 0.793737 0.968756 0.406348 1.05691 0.738838
threshold=-0.0427165870716869 -0.045265540963625943 0.092678417828627083 0.058545117797088493 -0.34132117475863311 0.019032891057090735 -0.0052837497192119711
decision_type=2 10 8 10 2 2 2
left_child=1 -1 3 -2 -4 6 -6
right_child=2 -3 4 -5 5 -7 -8
leaf_value=0.0018208677008034301 0.0017881696598349844 0.0021104439575405421 0.0017356754645113763 0.002152403609690534 0.0019343007879842778 0.001634202633323073 0.0017877538962223927
leaf_weight=41 117 25 230 45 57 109 122
leaf_count=41 117 25 230 45 57 109 122
internal_value=0.00151377 0.00818571 0.000866195 0.00392084 -8.91199e-05 0.00116235 0.00352599
internal_weight=746 66 680 162 518 288 179
internal_count=746 66 680 162 518 288 179
is_linear=0
shrinkage=1


Tree=1
num_leaves=8
num_cat=0
split_feature=7 8 16 11 5 13 5
split_gain=1.20226 1.83131 1.1146 0.840373 0.658431 0.365893 0.8832
threshold=-0.031138665098453307 -0.046219715250239539 0.059691259568397721 0.0058629672128354135 0.023098207568555847 16.644999504089359 0.013618057288675536
decision_type=2 10 2 2 2 2 2
left_child=1 3 4 -1 5 6 -2
right_child=2 -3 -4 -5 -6 -7 -8
leaf_value=-0.00015719879154735926 -4.0448880883879853e-05 0.00035231389057248787 0.00015879570684250614 0.00017784999444265658 0.00025708544091205046 -0.00010431775591691391 0.00019925338226654214
leaf_weight=42 297 29 29 34 26 237 39
leaf_count=42 297 29 29 34 26 237 39
internal_value=4.77478e-05 0.005 -0.000780256 0.000921051 -0.00124374 -0.00159686 -0.000535715
internal_weight=733 105 628 76 599 573 336
internal_count=733 105 628 76 599 573 336
is_linear=0
shrinkage=0.05


Tree=2
num_leaves=8
num_cat=0
split_feature=9 1 3 14 9 7 7
split_gain=1.02896 0.987043 1.25919 1.63028 1.17751 0.94095 0.75537
threshold=0.14691093500420085 0.036015003432046673 -0.0039256660493025 0.020730184888119289 0.082110555979314395 -0.040036698496328009 0.005463663742899195
decision_type=8 2 2 2 10 2 2
left_child=1 2 -1 5 -5 -4 -7
right_child=-2 -3 3 4 -6 6 -8
leaf_value=-2.0059097218219754e-05 -5.747667432951496e-05 -0.0001200680506171521 0.00022655888662530439 9.8230406957313835e-05 0.00020615463679721447 -4.8871947905048318e-05 0.00015485815989410803
leaf_weight=80 376 59 29 27 32 81 61
leaf_count=80 376 59 29 27 32 81 61
internal_value=-0.000100672 0.00177507 0.00290322 0.00478261 0.0119492 0.00230994 0.000633802
internal_weight=745 369 310 230 59 171 142
internal_count=745 369 310 230 59 171 142
is_linear=0
shrinkage=0.05


Tree=3
num_leaves=8
num_cat=0
split_feature=1 8 16 9 9 1 1
split_gain=1.01792 1.42055 0.870211 0.544465 0.620114 0.40349 0.704167
threshold=-0.0427165870716869 -0.049816832351607492 0.056311592973609666 0.092678417828627083 0.060610294108069958 0.030823321805582008 0.044562889011539049
decision_type=2 10 2 8 10 2 2
left_child=1 -1 3 4 -2 -5 -7
right_child=2 -3 -4 5 -6 6 -8
leaf_value=-9.0395678138591784e-06 -2.6809797045038735e-05 0.00024647769710879933 0.00011127049523712313 -7.5425386742022213e-05 0.00038523015135479282 4.4818533019102112e-05 -9.6348138011824577e-05
leaf_weight=41 103 25 40 382 38 60 48
leaf_count=41 103 25 40 382 38 60 48
internal_value=-0.000318861 0.00560606 -0.000901641 -0.00135499 0.00138298 -0.00214286 0.000555554
internal_weight=737 66 671 631 141 490 108
internal_count=737 66 671 631 141 490 108
is_linear=0
shrinkage=0.05


Tree=4
num_leaves=8
num_cat=0
split_feature=15 9 15 9 2 0 14
split_gain=0.882834 0.738269 0.378697 0.462723 0.640462 1.13855 0.879487
threshold=-0.024469919857228236 -0.10539848709664178 0.020025774523632526 0.14691093500420085 0.063478886216874711 0.0079039512694011344 -1.0000000180025095e-35
decision_type=2 8 2 10 2 2 2
left_child=-1 -2 3 4 -3 6 -6
right_child=1 2 -4 -5 5 -7 -8
leaf_value=0.00017635950791340652 0.00015418268888626227 -4.3815169058920786e-05 7.1809630052928155e-05 -9.6617878736147229e-05 9.6299404034077077e-05 -0.00013326480237505723 0.00011013240766011694
leaf_weight=31 42 352 41 194 26 27 30
leaf_count=31 42 352 41 194 26 27 30
internal_value=-0.000356663 -0.000716293 -0.0011194 -0.00142289 -0.000517243 0.00343373 0.0075
internal_weight=743 712 670 629 435 83 56
internal_count=743 712 670 629 435 83 56
is_linear=0
shrinkage=0.05


Tree=5
num_leaves=8
num_cat=0
split_feature=5 11 11 9 6 4 5
split_gain=0.772669 0.443404 0.466087 0.692552 0.385585 0.615744 0.69585
threshold=0.02500572915623606 0.035212885385391253 -0.022024026906729662 0.12608889094626 -0.37258773813629281 0.019860631433504503 0.010299339535848879
decision_type=2 2 2 8 2 2 2
left_child=1 2 3 -1 -4 6 -6
right_child=-2 -3 4 -5 5 -7 -8
leaf_value=0.00015277301391531121 0.00022540237029768613 7.6830634114884985e-05 -5.0931990115388444e-05 -0.00023797097329061585 -6.8949140888158189e-05 -0.00011150942376152655 4.3734786998517196e-05
leaf_weight=29 33 29 257 32 136 129 87
leaf_count=29 33 29 257 32 136 129 87
internal_value=-0.000355192 -0.000708156 -0.00097015 0.00319672 -0.00138752 -0.000312501 0.00127803
internal_weight=732 699 670 61 609 352 223
internal_count=732 699 670 61 609 352 223
is_linear=0
shrinkage=0.05


Tree=6
num_leaves=8
num_cat=0
split_feature=10 16 8 8 9 4 15
split_gain=0.996526 0.944686 0.647964 0.377362 0.643691 0.66677 0.47138
threshold=-0.014256563971479506 0.059691259568397721 -0.097960367858250172 -0.052184173654395975 0.092678417828627083 0.019277304721736253 0.0018874120505504301
decision_type=2 2 8 10 8 2 2
left_child=-1 2 -2 -4 5 6 -5
right_child=1 -3 3 4 -6 -7 -8
leaf_value=0.00020705634628299962 9.8630448259100461e-05 0.00013588791417161231 -0.00015164740679186333 0.00013462344585883298 -4.2154679204924836e-05 0.000366946844490739 -0.00014971271127082276
leaf_weight=39 38 36 81 27 457 38 28
leaf_count=39 38 36 81 27 457 38 28
internal_value=4.03214e-05 -0.000390072 -0.00081465 -0.00119651 -0.000727274 0.00306451 -0.000454547
internal_weight=744 705 669 631 550 93 55
internal_count=744 705 669 631 550 93 55
is_linear=0
shrinkage=0.05


Tree=7
num_leaves=8
num_cat=0
split_feature=1 8 1 9 9 1 6
split_gain=0.852997 1.45558 0.625864 0.768331 1.49227 1.02505 0.538601
threshold=-0.0427165870716869 -0.045265540963625943 -0.021826266331251117 0.090028542746649856 0.060610294108069958 0.00045618953416171065 -0.40424269426258846
decision_type=2 10 2 8 10 2 2
left_child=1 -1 -2 4 5 -4 -5
right_child=2 -3 3 6 -6 -7 -8
leaf_value=-4.9934713550030884e-06 -7.743994518717545e-05 0.00024286579673871188 0.00013494595443475988 -5.3833941089592842e-05 0.00044859994210112703 -6.5448761754893051e-05 9.4243536709552319e-06
leaf_weight=42 87 25 29 176 26 74 281
leaf_count=42 87 25 29 176 26 74 281
internal_value=6.75664e-05 0.00544776 -0.000468055 0.000119453 0.00352713 0.000825242 -0.000842452
internal_weight=740 67 673 586 129 103 457
internal_count=740 67 673 586 129 103 457
is_linear=0
shrinkage=0.05


Tree=8
num_leaves=8
num_cat=0
split_feature=4 10 14 11 15 0 3
split_gain=0.681593 1.51485 0.504514 0.938277 1.11105 0.588363 0.927275
threshold=0.029005590748522391 0.0067604630299248356 0.032336920174311119 -0.020756014565235011 -0.0038955620054010871 0.0033658122023159103 0.00085346438480127251
decision_type=2 2 2 2 2 2 2
left_child=2 -2 5 -4 -5 -1 -7
right_child=1 -3 3 4 -6 6 -8
leaf_value=-5.023988592068776e-05 -8.5704023099323833e-06 0.00018402282862999906 0.00023719667779229376 -8.0661187979475484e-05 8.9895783823396385e-05 6.9757448528957929e-05 -9.3953858974738939e-05
leaf_weight=251 84 35 26 89 50 93 133
leaf_count=251 84 35 26 89 50 93 133
internal_value=-7.22745e-05 0.00340336 -0.000716512 0.00166667 3.597e-05 -0.00154088 0.000309733
internal_weight=761 119 642 165 139 477 226
internal_count=761 119 642 165 139 477 226
is_linear=0
shrinkage=0.05


Tree=9
num_leaves=8
num_cat=0
split_feature=16 5 7 8 12 11 0
split_gain=0.833177 0.828895 0.661799 1.87305 0.597576 0.592495 0.921308
threshold=0.059691259568397721 0.02500572915623606 -0.031138665098453307 -0.052184173654395975 0.0072856290131225751 -0.0070947628288289813 -0.010916545636925011
decision_type=2 2 2 10 2 2 2
left_child=1 2 3 -1 -4 -6 -7
right_child=-2 -3 4 -5 5 6 -8
leaf_value=-2.2849318737561434e-05 0.00011287983577807102 0.00022725214729720709 -6.9511459074506944e-05 0.00029502239244304386 5.4275917741381294e-05 0.00013256898357078253 -6.179341224146992e-05
leaf_weight=64 36 26 167 34 44 40 327
leaf_count=64 36 26 167 34 44 40 327
internal_value=8.12996e-05 -0.000299146 -0.000636096 0.00316326 -0.00128028 -0.000255476 -0.000912808
internal_weight=738 702 676 98 578 411 367
internal_count=738 702 676 98 578 411 367
is_linear=0
shrinkage=0.05


Tree=10
num_leaves=8
num_cat=0
split_feature=16 1 7 11 1 2 0
split_gain=0.805272 0.811584 1.21467 0.563877 0.639085 0.516645 0.443861
threshold=0.059691259568397721 -0.0427165870716869 -0.054427597901765094 0.021590279744903355 -0.021826266331251117 -0.067298386380698891 -0.01576964186686752
decision_type=2 2 2 2 2 2 2
left_child=1 2 -1 4 -3 -6 -7
right_child=-2 3 -4 -5 5 6 -8
leaf_value=-9.7272040030619308e-06 8.7805278312086908e-05 -8.2452811968735564e-05 0.00016628427300487977 -7.6531790008788479e-05 8.8178733346826633e-05 0.00036646213498240466 -1.9272181486690342e-05
leaf_weight=37 31 83 28 73 36 27 433
leaf_count=37 31 83 28 73 36 27 433
internal_value=1.33678e-05 -0.000327756 0.005 -0.000858897 -0.000336789 0.000342741 -0.000108697
internal_weight=748 717 65 652 579 496 460
internal_count=748 717 65 652 579 496 460
is_linear=0
shrinkage=0.05


Tree=11
num_leaves=8
num_cat=0
split_feature=16 10 12 7 5 4 4
split_gain=0.844997 0.831189 0.461283 0.655525 0.440927 0.496793 0.415621
threshold=0.059691259568397721 -0.014256563971479506 -0.014960350168733092 -0.041381445109751495 0.0084415637796666047 0.011512930779004962 0.015230585154170967
decision_type=2 2 2 2 2 2 2
left_child=1 -1 -3 -4 5 -5 -6
right_child=-2 2 3 4 6 -7 -8
leaf_value=0.00016723911962410334 0.00010284558007356313 -6.1686973097429802e-05 0.00015634534864507259 -4.7715949998150241e-05 -0.00010223153548572751 7.3268524268860845e-05 -1.6281047900541761e-05
leaf_weight=38 36 113 48 25 65 52 369
leaf_count=38 36 113 48 25 65 52 369
internal_value=2.68085e-05 -0.000352114 -0.00075893 -0.000169948 -0.000694717 0.00279221 -0.00131337
internal_weight=746 710 672 559 511 77 434
internal_count=746 710 672 559 511 77 434
is_linear=0
shrinkage=0.05


Tree=12
num_leaves=8
num_cat=0
split_feature=16 1 3 1 16 2 13
split_gain=0.695855 0.619138 1.22077 0.516534 0.481908 0.594443 0.479681
threshold=0.059691259568397721 -0.0427165870716869 7.8758193729933104e-05 -0.021826266331251117 0.0090525107441445946 -0.059602459394417932 14.119999885559084
decision_type=2 2 2 2 2 2 2
left_child=1 2 -1 -3 5 -5 -7
right_child=-2 3 -4 4 -6 6 -8
leaf_value=-7.9865868506535141e-06 0.00010936165193704006 -7.1318638420290155e-05 0.00025656767445606329 0.0002077679607226238 -5.1335207677110212e-05 7.6466164775201617e-05 -2.0285324471499419e-05
leaf_weight=39 33 85 25 26 273 58 187
leaf_count=39 33 85 25 26 273 58 187
internal_value=2.7547e-05 -0.000310247 0.004375 -0.000786965 -0.000220589 0.00127306 0.000510203
internal_weight=726 693 64 629 544 271 245
internal_count=726 693 64 629 544 271 245
is_linear=0
shrinkage=0.05


Tree=13
num_leaves=8
num_cat=0
split_feature=16 3 3 7 14 7 1
split_gain=0.824138 0.783168 0.466693 0.562552 0.563001 1.08584 1.02568
threshold=0.065852244975053945 0.0081580362984627914 0.0035929091959060471 0.014709184612080818 -0.0066427814256201914 0.023138026921810554 0.031060247802509381
decision_type=2 2 2 2 2 2 2
left_child=1 2 3 -1 -5 -6 -7
right_child=-2 -3 -4 4 5 6 -8
leaf_value=-2.3330282232437869e-05 6.0250139787684596e-05 0.00012494871844875483 -7.5135924937451735e-05 -3.9822790690800058e-05 0.00012595493183285131 5.6001889007768173e-05 -0.0001900088577736121
leaf_weight=328 26 47 107 107 25 63 39
leaf_count=328 26 47 107 107 25 63 39
internal_value=-0.00028302 -0.00060056 -0.00103887 -0.000462635 0.00141026 0.00366142 0.00137255
internal_weight=742 716 669 562 234 127 102
internal_count=742 716 669 562 234 127 102
is_linear=0
shrinkage=0.05


Tree=14
num_leaves=8
num_cat=0
split_feature=8 3 4 0 14 2 2
split_gain=0.537549 0.59128 0.897727 1.16346 0.749601 0.914567 0.81931
threshold=0.10123964928676833 -0.0067035445986846623 0.029005590748522391 -0.0022587222051115847 0.039671535485110161 0.041570996739634387 -0.01978340121228683
decision_type=8 2 2 2 2 2 2
left_child=1 -1 4 -4 -3 6 -6
right_child=-2 2 3 -5 5 -7 -8
leaf_value=-6.3321150483815119e-05 -8.1942927174560621e-05 -7.5367522985028877e-06 0.00016879628366454078 5.8583053913122088e-06 8.0764257149017074e-05 0.00018648868833519395 -0.00019169369099503742
leaf_weight=76 100 385 25 40 25 40 33
leaf_count=76 100 385 25 40 25 40 33
internal_value=-9.66863e-05 0.000448717 0.0010219 0.00653846 0.000279502 0.00418367 0.000172413
internal_weight=724 624 548 65 483 98 58
internal_count=724 624 548 65 483 98 58
is_linear=0
shrinkage=0.05


Tree=15
num_leaves=8
num_cat=0
split_feature=16 3 9 11 9 3 3
split_gain=0.915128 0.596417 0.476947 0.585181 0.600126 0.442051 0.526909
threshold=0.059691259568397721 0.014194452517008462 0.18340893497176217 -0.020171834808393903 0.17056344005473581 -0.0037956764860553323 0.0035929091959060471
decision_type=2 2 8 2 10 2 2
left_child=1 2 3 -1 5 -5 -7
right_child=-2 -3 -4 4 -6 6 -8
leaf_value=0.00014922226206514656 0.00011053772097127547 0.00016113589302664132 -3.880962282208585e-05 -7.512935451137851e-05 3.5723387425934904e-05 2.723367024447272e-05 -7.7654617733586206e-05
leaf_weight=48 30 25 276 77 25 192 59
leaf_count=48 30 25 276 77 25 192 59
internal_value=-0.00021858 -0.000584047 -0.000864108 0.000236907 -0.000467423 -0.00103659 -1.99215e-05
internal_weight=732 702 677 401 353 328 251
internal_count=732 702 677 401 353 328 251
is_linear=0
shrinkage=0.05


Tree=16
num_leaves=8
num_cat=0
split_feature=8 1 1 4 12 13 8
split_gain=0.51425 0.441841 0.47921 0.487053 0.518802 0.542845 0.266339
threshold=-0.097960367858250172 -0.0427165870716869 -0.021826266331251117 0.033719741578780056 -0.025750753581570359 20.154999732971195 0.07771124103147399
decision_type=8 2 2 2 2 2 8
left_child=-1 -2 -3 4 -4 6 -6
right_child=1 2 3 -5 5 -7 -8
leaf_value=7.4331508476075851e-05 6.0567393043452085e-05 -8.1727254634777495e-05 -7.5772351077664314e-05 0.00016773879174022629 -6.9355778123392389e-08 0.00014875527553410484 -0.00011917661541288084
leaf_weight=46 36 87 64 27 326 38 127
leaf_count=46 36 87 64 27 326 38 127
internal_value=-0.000339548 -0.00067376 -0.000964127 -0.000446737 -0.000765767 -0.00021385 -0.000695365
internal_weight=751 705 669 582 555 491 453
internal_count=751 705 669 582 555 491 453
is_linear=0
shrinkage=0.05


Tree=17
num_leaves=8
num_cat=0
split_feature=3 7 14 16 1 6 8
split_gain=0.64711 1.15517 0.691587 0.59164 0.406628 0.395742 0.542866
threshold=-0.0015773601678568114 -0.041381445109751495 0.049298283120689408 0.059691259568397721 -0.015813369658874307 -0.63290629133316167 0.037277964805563009
decision_type=2 2 2 2 2 2 8
left_child=-1 -2 3 4 -3 -6 -7
right_child=1 2 -4 -5 5 6 -8
leaf_value=-3.6642986873494903e-05 0.00018750868638535705 -6.8093764914977604e-05 6.7557100811427379e-05 7.9546054573658432e-05 -6.1282078885580658e-05 0.00012005597402468381 -3.3587416993861765e-05
leaf_weight=244 40 61 47 26 91 103 132
leaf_count=244 40 61 47 26 91 103 132
internal_value=-0.000430109 0.000599999 -0.000108697 -0.000762713 -0.00125323 -0.000552148 0.000531914
internal_weight=744 500 460 413 387 326 235
internal_count=744 500 460 413 387 326 235
is_linear=0
shrinkage=0.05


Tree=18
num_leaves=8
num_cat=0
split_feature=13 10 10 1 9 2 12
split_gain=0.471562 0.37343 0.520738 0.453835 0.42444 0.773558 0.571883
threshold=25.505000114440922 -0.0045587761694280129 -0.0036518559527396461 -0.0427165870716869 0.21690061875932456 0.09919004719577508 0.035862383052092557
decision_type=2 2 2 2 10 2 2
left_child=1 -1 -3 -4 5 -5 -7
right_child=-2 2 3 4 -6 6 -8
leaf_value=-5.4414938613125629e-05 0.00012176357367983426 0.00010479665131340843 6.1612925280017948e-05 -1.4128023551936444e-05 -0.00012568641125143749 5.4697782992889087e-05 2.3658346452734634e-08
leaf_weight=142 35 26 36 395 61 26 29
leaf_count=142 35 26 36 395 61 26 29
internal_value=-0.000666668 -0.000944057 -0.000375219 -0.00070384 -0.00108611 -0.000555557 0.005
internal_weight=750 715 573 547 511 450 55
internal_count=750 715 573 547 511 450 55
is_linear=0
shrinkage=0.05


Tree=19
num_leaves=8
num_cat=0
split_feature=3 7 12 5 12 14 1
split_gain=0.576411 1.18575 0.933164 0.582291 0.677514 0.538136 0.72579
threshold=-0.0067035445986846623 -0.031138665098453307 0.010183672155494096 0.022976604122471319 0.0072856290131225751 -0.0066427814256201914 0.031060247802509381
decision_type=2 2 2 2 2 2 2
left_child=-1 2 -2 4 -3 6 -6
right_child=1 3 -4 -5 5 -7 -8
leaf_value=-6.1254052339502273e-05 0.0002156685498304453 -5.5053238993941041e-05 -5.5070620404468875e-06 9.0726219187552154e-05 -6.6167935282652587e-05 1.6180648581653453e-05 7.5050276068759332e-05
leaf_weight=92 44 150 32 25 149 196 53
leaf_count=92 44 150 32 25 149 196 53
internal_value=-0.000209178 0.000315869 0.00618421 -0.000462479 -0.000802921 0.000276381 -0.00153465
internal_weight=741 649 76 573 548 398 202
internal_count=741 649 76 573 548 398 202
is_linear=0
shrinkage=0.05


end of trees

feature_importances:
ret_5d=18
dist_ma200=15
sector_ret_5d=12
overnight_gap=11
dist_ma50=11
dist_ma20=10
atr_pct=8
parkinson_20=7
spy_ret_5d=7
vix_chg_1d=7
ret_20d=6
spy_ret_20d=6
ret_1d=5
spy_ret_1d=5
dvol_z_20=4
vix_level=4
sector_ret_1d=4

parameters:
[boosting: gbdt]
[objective: quantile]
[metric: quantile]
[tree_learner: serial]
[device_type: cpu]
[data_sample_strategy: bagging]
[data: ]
[valid: ]
[num_iterations: 80]
[learning_rate: 0.05]
[num_leaves: 8]
[num_threads: 1]
[seed: 0]
[deterministic: 0]
[force_col_wise: 1]
[force_row_wise: 0]
[histogram_pool_size: -1]
[max_depth: -1]
[min_data_in_leaf: 25]
[min_sum_hessian_in_leaf: 0.001]
[bagging_fraction: 0.9]
[pos_bagging_fraction: 1]
[neg_bagging_fraction: 1]
[bagging_freq: 1]
[bagging_seed: 3]
[bagging_by_query: 0]
[feature_fraction: 0.9]
[feature_fraction_bynode: 1]
[feature_fraction_seed: 2]
[extra_trees: 0]
[extra_seed: 6]
[early_stopping_round: 0]
[early_stopping_min_delta: 0]
[first_metric_only: 0]
[max_delta_step: 0]
[lambda_l1: 0]
[lambda_l2: 0]
[linear_lambda: 0]
[min_gain_to_split: 0]
[drop_rate: 0.1]
[max_drop: 50]
[skip_drop: 0.5]
[xgboost_dart_mode: 0]
[uniform_drop: 0]
[drop_seed: 4]
[top_rate: 0.2]
[other_rate: 0.1]
[min_data_per_group: 100]
[max_cat_threshold: 32]
[cat_l2: 10]
[cat_smooth: 10]
[max_cat_to_onehot: 4]
[top_k: 20]
[monotone_constraints: ]
[monotone_constraints_method: basic]
[monotone_penalty: 0]
[feature_contri: ]
[forcedsplits_filename: ]
[refit_decay_rate: 0.9]
[cegb_tradeoff: 1]
[cegb_penalty_split: 0]
[cegb_penalty_feature_lazy: ]
[cegb_penalty_feature_coupled: ]
[path_smooth: 0]
[interaction_constraints: ]
[verbosity: -1]
[saved_feature_importance_type: 0]
[use_quantized_grad: 0]
[num_grad_quant_bins: 4]
[quant_train_renew_leaf: 0]
[stochastic_rounding: 1]
[linear_tree: 0]
[max_bin: 255]
[max_bin_by_feature: ]
[min_data_in_bin: 3]
[bin_construct_sample_cnt: 200000]
[data_random_seed: 1]
[is_enable_sparse: 1]
[enable_bundle: 1]
[use_missing: 1]
[zero_as_missing: 0]
[feature_pre_filter: 1]
[pre_partition: 0]
[two_round: 0]
[header: 0]
[label_column: ]
[weight_column: ]
[group_column: ]
[ignore_column: ]
[categorical_feature: ]
[forcedbins_filename: ]
[precise_float_parser: 0]
[parser_config_file: ]
[objective_seed: 5]
[num_class: 1]
[is_unbalance: 0]
[scale_pos_weight: 1]
[sigmoid: 1]
[boost_from_average: 1]
[reg_sqrt: 0]
[alpha: 0.9]
[fair_c: 1]
[poisson_max_delta_step: 0.7]
[tweedie_variance_power: 1.5]
[lambdarank_truncation_level: 30]
[lambdarank_norm: 1]
[label_gain: ]
[lambdarank_position_bias_regularization: 0]
[eval_at: ]
[multi_error_top_k: 1]
[auc_mu_weights: ]
[num_machines: 1]
[local_listen_port: 12400]
[time_out: 120]
[machine_list_filename: ]
[machines: ]
[gpu_platform_id: -1]
[gpu_device_id: -1]
[gpu_device_id_list: ]
[gpu_use_dp: 0]
[num_gpu: 1]

end of parameters

pandas_categorical:[]
