tree
version=v4
num_class=1
num_tree_per_iteration=1
label_index=0
max_feature_idx=16
objective=quantile
feature_names=ret_1d ret_5d ret_20d overnight_gap atr_pct parkinson_20 dvol_z_20 dist_ma20 dist_ma50 dist_ma200 spy_ret_1d spy_ret_5d spy_ret_20d vix_level vix_chg_1d sector_ret_1d sector_ret_5d
feature_infos=[-0.045714908085106698:0.047351004280124176] [-0.10599787621953338:0.072653762627128859] [-0.11907572245567188:0.14069682603672207] [-0.032606171627405756:0.029338414013236003] [0.011937798576114619:0.029651866873590092] [0.0078333630343189152:0.017363889093814158] [-2.1377562270463444:4.1452015863123464] [-0.093635753886014639:0.08029260342379696] [-0.1053613635588686:0.12803269258399053] [-0.086875969120290941:0.14663373322985018] [-0.058542971330535654:0.10501930183911301] [-0.11496151859245618:0.082843162776128354] [-0.1226559005192206:0.15756591020035837] [11.859999656677246:52.330001831054688] [-0.35753873962348437:0.74039073966007019] [-0.055625943886246643:0.039932904849798945] [-0.11091775398112247:0.072664397618361631]
tree_sizes=829 864 865 872 860 872 869 866 865 869 858 862 863 862 867 869

Tree=0
num_leaves=8
num_cat=0
split_feature=14 13 15 6 15 8 8
split_gain=1.4946 0.667701 0.840779 0.815376 0.73339 0.810934 1.23077
threshold=0.13092898697672287 17.394999504089359 0.004327358569084728 0.80713070649632668 -0.0076193680047313408 0.029498091415754327 0.068425281048656764
decision_type=2 2 2 2 2 8 8
left_child=1 -1 3 4 -3 -6 -7
right_child=-2 2 -4 -5 5 6 -8
leaf_value=-0.019026456214137257 -0.0196957417115937 -0.019063452344631984 -0.01909567011488511 -0.019494110296793193 -0.019084477889640707 -0.019560216454254979 -0.019112599214651142
leaf_weight=445 37 41 93 36 46 26 26
leaf_count=445 37 41 93 36 46 26 26
internal_value=-0.0191951 -0.0186867 -0.0206583 -0.0226999 -0.020963 -0.0233122 -0.02759
internal_weight=750 713 268 175 139 98 52
internal_count=750 713 268 175 139 98 52
is_linear=0
shrinkage=1


Tree=1
num_leaves=8
num_cat=0
split_feature=14 11 4 13 3 14 14
split_gain=1.3854 0.713875 1.01187 0.43468 0.667445 0.47751 0.460179
threshold=0.13092898697672287 0.029571955445533264 0.018577524648284088 17.369999885559086 0.0071731006599229383 0.035942894407802857 -0.0049345356588886271
decision_type=2 2 2 2 2 2 2
left_child=1 3 -3 -1 5 6 -5
right_child=-2 2 -4 4 -6 -7 -8
leaf_value=0.00010223220135473481 -0.00052229788960139972 -0.00046188932754741502 0.00010451166660315243 7.6432066229981115e-07 -0.00025962481331763077 6.6526914574381417e-05 -0.00022390983925239707
leaf_weight=407 38 26 35 113 26 54 35
leaf_count=407 38 26 35 113 26 54 35
internal_value=-0.000177112 0.00033046 -0.00483607 0.000826772 -0.000921052 4.95051e-05 -0.00141892
internal_weight=734 696 61 635 228 202 148
internal_count=734 696 61 635 228 202 148
is_linear=0
shrinkage=0.05


Tree=2
num_leaves=8
num_cat=0
split_feature=13 12 3 1 12 14 8
split_gain=0.905828 0.88427 1.02545 0.393663 0.367359 0.391193 0.577937
threshold=18.035000801086429 0.060339682487529529 0.0073866234054287281 -0.037301874254613336 0.024150461568972496 -0.053534792570075034 0.040506914232626541
decision_type=2 2 2 2 2 2 8
left_child=3 2 4 -1 5 -2 -7
right_child=1 -3 -4 -5 -6 6 -8
leaf_value=-0.00018945585833737394 0.00011019149000062374 -0.00066277028056009905 -0.0003149976695262198 9.3976010398529527e-05 6.4175769823012955e-05 -0.00019923844058527789 3.8510809876092068e-05
leaf_weight=27 38 25 31 475 34 62 57
leaf_count=27 38 25 31 475 34 62 57
internal_value=0.000393859 -0.00208502 -0.00108108 0.00161355 0.000287958 -0.000732484 -0.00214286
internal_weight=749 247 222 502 191 157 119
internal_count=749 247 222 502 191 157 119
is_linear=0
shrinkage=0.05


Tree=3
num_leaves=8
num_cat=0
split_feature=14 4 2 1 1 13 0
split_gain=0.902401 0.505825 0.490475 0.533107 0.507274 0.70086 0.772993
threshold=0.13092898697672287 0.015919245608804942 -0.060159310433916972 -0.0024446635837034321 -0.0060676356523051691 17.445000648498539 -0.00065418063642547198
decision_type=2 2 2 2 2 2 2
left_child=1 -1 -3 4 5 -4 -7
right_child=-2 2 3 -5 -6 6 -8
leaf_value=9.6440368491655177e-05 -0.00040752008680603564 0.00026296345503796055 7.2473795435027723e-05 5.1908278327989533e-05 -0.00022598635820679882 -7.3314676353502959e-05 -0.00044273128314806665
leaf_weight=226 36 40 101 239 29 46 26
leaf_count=226 36 40 101 239 29 46 26
internal_value=0.000222073 0.000615276 -0.000301455 -0.000782313 -0.00267327 -0.0016474 -0.00541667
internal_weight=743 707 481 441 202 173 72
internal_count=743 707 481 441 202 173 72
is_linear=0
shrinkage=0.05


Tree=4
num_leaves=8
num_cat=0
split_feature=14 13 12 15 8 8 7
split_gain=0.858177 0.59066 1.06906 0.754109 1.21556 1.06745 0.677932
threshold=0.15436855290822041 17.369999885559086 0.060339682487529529 0.004327358569084728 0.030225908936816318 0.065238055291765532 -0.020855504493015205
decision_type=2 2 2 2 10 10 2
left_child=1 -1 3 4 6 -6 -3
right_child=-2 2 -4 -5 5 -7 -8
leaf_value=9.7535017554062649e-05 -0.00058297680430589058 -0.00018839650483715566 -0.00051559215623671903 3.4699823578237835e-05 -0.00041096109471145396 -3.1645565059327168e-05 0.00020308940296897903
leaf_weight=448 25 30 34 91 27 30 61
leaf_count=448 25 30 34 91 27 30 61
internal_value=0.000107239 0.000423024 -0.00141026 -0.000230125 -0.00243243 -0.00815789 0.00115385
internal_weight=746 721 273 239 148 57 91
internal_count=746 721 273 239 148 57 91
is_linear=0
shrinkage=0.05


Tree=5
num_leaves=8
num_cat=0
split_feature=11 11 10 10 11 7 4
split_gain=0.743214 0.620872 0.394539 0.786647 1.06403 0.443367 0.475134
threshold=0.03197650803521624 -0.025492153007652226 -0.0042544467454991288 -0.0023625599212317434 0.00066761306825102739 0.017214605569868761 0.015387324318771852
decision_type=2 2 2 2 2 2 2
left_child=1 -1 -3 4 -4 6 -5
right_child=-2 2 3 5 -6 -7 -8
leaf_value=-0.00030733090535633312 -0.0002951219207615496 7.6967119821952717e-05 -0.00031198041493159809 0.0002875373409969474 6.0926534889989423e-05 -0.00015832736895912084 1.8748249661037548e-05
leaf_weight=44 45 142 25 91 34 121 235
leaf_count=44 45 142 25 91 34 121 235
internal_value=0.000115333 0.000520231 0.000910494 0.000256917 -0.00516949 0.000973155 0.00193252
internal_weight=737 692 648 506 59 447 326
internal_count=737 692 648 506 59 447 326
is_linear=0
shrinkage=0.05


Tree=6
num_leaves=8
num_cat=0
split_feature=14 11 2 7 7 6 9
split_gain=0.803609 0.861764 0.468561 0.570245 0.600884 0.597905 0.705037
threshold=0.15436855290822041 0.034061336593809395 -0.047041753635039756 0.007012173909081155 0.017214605569868761 1.4259296372221486 0.094012784961853071
decision_type=2 2 2 2 2 2 8
left_child=1 2 -1 5 -5 6 -4
right_child=-2 -3 3 4 -6 -7 -8
leaf_value=0.00018756736892040735 -0.00055760032179912587 -0.00033563403177637853 4.0326092959314298e-05 0.00026042985040945115 5.8529380252580101e-06 -0.00014608453533089007 -0.00019099882808618724
leaf_weight=102 26 38 176 102 189 26 87
leaf_count=102 26 38 176 102 189 26 87
internal_value=0.000174263 0.000486111 0.000894428 0.000344828 0.00190722 -0.00122837 -0.000513308
internal_weight=746 720 682 580 291 289 263
internal_count=746 720 682 580 291 289 263
is_linear=0
shrinkage=0.05


Tree=7
num_leaves=8
num_cat=0
split_feature=9 15 4 2 10 3 6
split_gain=0.829377 0.993127 0.590799 0.435291 0.459737 0.442251 0.499802
threshold=0.094012784961853071 0.0030344368287159589 0.02227510448299776 -0.047041753635039756 0.010824112764753148 -0.0030108351960214659 1.6666795416086475
decision_type=10 2 2 2 2 2 2
left_child=2 -2 3 -1 5 -5 -7
right_child=1 -3 -4 4 -6 6 -8
leaf_value=0.00015979064850693721 -0.00028462080833683683 4.0486247786882109e-05 -0.00023818122851481903 0.00016842639030531639 -0.00020366053534280864 1.3818222389223174e-05 -0.00013878030856434565
leaf_weight=104 49 48 46 96 42 334 26
leaf_count=104 49 48 46 96 42 334 26
internal_value=3.35572e-05 -0.00427835 0.000679013 0.00109635 0.000481928 0.000942983 0.000138889
internal_weight=745 97 648 602 498 456 360
internal_count=745 97 648 602 498 456 360
is_linear=0
shrinkage=0.05


Tree=8
num_leaves=8
num_cat=0
split_feature=11 11 9 0 6 6 9
split_gain=0.719171 0.495612 0.35978 1.00304 0.334923 1.4513 0.286965
threshold=-0.025492153007652226 0.034061336593809395 0.094012784961853071 0.0058684022223657326 -0.53389356694918788 -0.44912519673515916 -0.0099422523198974804
decision_type=2 2 10 2 2 2 10
left_child=-1 2 4 -4 -2 -6 -7
right_child=1 -3 3 -5 5 6 -8
leaf_value=-0.00025392882205893297 0.00014878521336234363 -0.00018191350616356364 -0.00018560022410052434 0.00037602643525142264 -0.00055785516880343066 0.0001028903983240381 1.0654333983195673e-06
leaf_weight=47 194 42 47 30 25 213 166
leaf_count=47 194 42 47 30 25 213 166
internal_value=0.000353403 0.000746165 0.00107407 -0.00214286 0.00148829 0.000668317 0.00143799
internal_weight=764 717 675 77 598 404 379
internal_count=764 717 675 77 598 404 379
is_linear=0
shrinkage=0.05


Tree=9
num_leaves=8
num_cat=0
split_feature=12 14 7 0 7 11 14
split_gain=0.505995 0.519314 0.443327 1.00655 0.512253 0.427694 0.875214
threshold=0.070121882080432366 0.14228104891203866 0.02464525135327034 -0.0017622334926636338 0.030370411716570293 0.0029094650612268018 0.014555585659076444
decision_type=2 2 2 2 2 2 2
left_child=1 2 5 -4 -5 6 -1
right_child=-2 -3 3 4 -6 -7 -8
leaf_value=-5.6247139730804264e-05 -0.00037874760297132139 -0.00043287647832726317 -0.00029773043955557489 -0.00017930461421618863 9.8186707749035334e-05 8.0376573262860444e-05 0.00014491410141896765
leaf_weight=130 38 26 30 30 69 317 104
leaf_count=130 38 26 30 30 69 317 104
internal_value=9.40862e-05 0.000396601 0.000661765 -0.00197674 0.000454546 0.00127949 -0.00034188
internal_weight=744 706 680 129 99 551 234
internal_count=744 706 680 129 99 551 234
is_linear=0
shrinkage=0.05


Tree=10
num_leaves=8
num_cat=0
split_feature=6 0 8 1 2 10 10
split_gain=0.661248 0.758464 1.18095 0.468299 0.475828 0.343704 0.336021
threshold=0.79946998065916841 0.005406333969173783 0.018533433148364756 -0.03825316072388673 -0.047041753635039756 -0.00262768472957231 0.012727043065882683
decision_type=2 2 8 2 2 2 2
left_child=3 2 -2 -1 -5 -3 -6
right_child=1 5 -4 4 6 -7 -8
leaf_value=-0.00011939949646860666 -4.6134729804815965e-06 -3.8510783536796374e-05 -0.00036498153478689707 0.00021309308257371441 2.2293726347883615e-05 0.00021137119405196421 -0.0001074148576542265
leaf_weight=35 51 25 28 85 465 29 31
leaf_count=35 51 25 28 85 465 29 31
internal_value=-7.34311e-05 -0.00327068 -0.0063924 0.000616883 0.00095525 0.0012963 0.000362903
internal_weight=749 133 79 616 581 54 496
internal_count=749 133 79 616 581 54 496
is_linear=0
shrinkage=0.05


Tree=11
num_leaves=8
num_cat=0
split_feature=6 15 2 1 15 9 10
split_gain=1.02052 0.821171 0.725452 0.420451 0.470639 0.40814 0.378391
threshold=0.73913506928844142 -0.0025204376285577475 0.0040809879067026386 -0.036125676852427561 -0.0076193680047313408 0.10472373456051233 0.012727043065882683
decision_type=2 2 2 2 2 8 2
left_child=3 2 -2 -1 -5 -3 -6
right_child=1 5 -4 4 6 -7 -8
leaf_value=-0.00018409700645226023 -6.4193193626481751e-05 -5.662485023476701e-05 -0.00035354255175531877 0.00011225327758141956 6.665423989485042e-05 0.00017179158951710272 -8.7935592264060404e-05
leaf_weight=41 28 60 30 91 438 26 33
leaf_count=41 28 60 30 91 438 26 33
internal_value=0.000448461 -0.00333333 -0.00793103 0.00135158 0.00170819 -0.000232558 0.00107219
internal_weight=747 144 58 603 562 86 471
internal_count=747 144 58 603 562 86 471
is_linear=0
shrinkage=0.05


Tree=12
num_leaves=8
num_cat=0
split_feature=13 6 15 15 0 9 15
split_gain=0.551216 0.736491 0.80397 0.618337 0.59952 0.685577 0.72973
threshold=16.85000038146973 0.73913506928844142 -0.00066367739988726349 -0.0076193680047313408 0.0011715674026895331 0.094012784961853071 -0.0014504602360732031
decision_type=2 2 2 2 2 10 2
left_child=-1 3 -3 -2 5 6 -5
right_child=1 2 -4 4 -6 -7 -8
leaf_value=7.2762906143245893e-05 0.00010664060549712017 -0.00028979451199634968 -2.1683682772704592e-06 0.00027328053053290134 2.0333066403450484e-05 -0.00016752726772891868 -0.00047426193678318002
leaf_weight=383 51 43 45 27 119 29 37
leaf_count=383 51 43 45 27 119 29 37
internal_value=0.000163488 -0.00126781 -0.00522727 5.70344e-05 -0.00113208 -0.00413978 -0.00125
internal_weight=734 351 88 263 212 93 64
internal_count=734 351 88 263 212 93 64
is_linear=0
shrinkage=0.05


Tree=13
num_leaves=8
num_cat=0
split_feature=7 3 0 2 7 2 6
split_gain=0.530838 0.649935 0.769248 0.459835 0.396503 0.58386 1.21519
threshold=0.027058811422006172 -0.0030108351960214659 0.0029344860800339938 0.049455847760772061 0.007012173909081155 -0.0024578945060962916 0.25814645230554295
decision_type=2 2 2 2 2 2 2
left_child=4 -2 -3 -4 5 -1 -7
right_child=1 2 3 -5 -6 6 -8
leaf_value=2.4300165317278588e-05 0.00017364513559287939 -0.00026520839717768425 -0.00024734933199072989 2.6916517090993414e-05 0.00021250410060649622 4.5476120010975097e-06 -0.00028301810726411681
leaf_weight=317 25 28 25 53 205 66 26
leaf_count=317 25 28 25 53 205 66 26
internal_value=0.000637584 -0.00225191 -0.00396226 -0.00141026 0.00125407 0.000354523 -0.00315217
internal_weight=745 131 106 78 614 409 92
internal_count=745 131 106 78 614 409 92
is_linear=0
shrinkage=0.05


Tree=14
num_leaves=8
num_cat=0
split_feature=1 8 16 12 3 13 0
split_gain=0.677691 0.629604 0.431775 0.658787 0.609375 0.516806 0.487242
threshold=-0.036125676852427561 -0.036103226509746449 0.022638187268902991 0.025155853289738354 0.0019305171806928147 16.85000038146973 -0.0080701572112268343
decision_type=2 10 2 2 2 2 2
left_child=1 -1 5 4 -4 -2 -7
right_child=2 -3 3 -5 -6 6 -8
leaf_value=-0.00028603924003237628 0.00012675349163782519 8.7739841066041877e-06 0.00014303673950126524 -0.00022664181649579098 -0.00025540598024751488 -8.8341144451354524e-05 6.8156819149896615e-06
leaf_weight=25 296 29 39 47 25 51 207
leaf_count=25 296 29 39 47 25 51 207
internal_value=0.000201669 -0.00518518 0.000639098 -0.00220721 0.00109375 0.00120939 -0.000426356
internal_weight=719 54 665 111 64 554 258
internal_count=719 54 665 111 64 554 258
is_linear=0
shrinkage=0.05


Tree=15
num_leaves=8
num_cat=0
split_feature=14 14 9 10 13 12 1
split_gain=0.663064 0.405537 0.499303 0.467041 0.916064 0.507491 0.554198
threshold=0.13092898697672287 0.035942894407802857 -0.036872690772897558 -0.0023625599212317434 16.894999504089359 0.070121882080432366 0.032709804890195822
decision_type=2 2 8 2 2 2 2
left_child=1 2 -1 4 -4 6 -5
right_child=-2 -3 3 5 -6 -7 -8
leaf_value=0.00016471280960260167 -0.00040007962820549372 2.4746691398077764e-05 0.00023917487571043167 5.0905694563068892e-05 -0.00016632194003925459 -0.0003575629003385186 -0.00013170811000234438
leaf_weight=46 35 147 42 356 43 26 48
leaf_count=46 35 147 42 356 43 26 48
internal_value=0.000289368 0.000621469 8.91284e-06 -0.000436893 -0.00382353 0.000232558 0.000668317
internal_weight=743 708 561 515 85 430 404
internal_count=743 708 561 515 85 430 404
is_linear=0
shrinkage=0.05


end of trees

feature_importances:
vix_chg_1d=12
dvol_z_20=9
sector_ret_1d=9
dist_ma20=8
spy_ret_5d=8
vix_level=8
ret_1d=7
ret_5d=7
ret_20d=7
dist_ma50=7
dist_ma200=7
spy_ret_1d=7
spy_ret_20d=6
overnight_gap=5
atr_pct=4
sector_ret_5d=1

parameters:
[boosting: gbdt]
[objective: quantile]
[metric: quantile]
[tree_learner: serial]
[device_type: cpu]
[data_sample_strategy: bagging]
[data: ]
[valid: ]
[num_iterations: 80]
[learning_rate: 0.05]
[num_leaves: 8]
[num_threads: 1]
[seed: 0]
[deterministic: 0]
[force_col_wise: 1]
[force_row_wise: 0]
[histogram_pool_size: -1]
[max_depth: -1]
[min_data_in_leaf: 25]
[min_sum_hessian_in_leaf: 0.001]
[bagging_fraction: 0.9]
[pos_bagging_fraction: 1]
[neg_bagging_fraction: 1]
[bagging_freq: 1]
[bagging_seed: 3]
[bagging_by_query: 0]
[feature_fraction: 0.9]
[feature_fraction_bynode: 1]
[feature_fraction_seed: 2]
[extra_trees: 0]
[extra_seed: 6]
[early_stopping_round: 0]
[early_stopping_min_delta: 0]
[first_metric_only: 0]
[max_delta_step: 0]
[lambda_l1: 0]
[lambda_l2: 0]
[linear_lambda: 0]
[min_gain_to_split: 0]
[drop_rate: 0.1]
[max_drop: 50]
[skip_drop: 0.5]
[xgboost_dart_mode: 0]
[uniform_drop: 0]
[drop_seed: 4]
[top_rate: 0.2]
[other_rate: 0.1]
[min_data_per_group: 100]
[max_cat_threshold: 32]
[cat_l2: 10]
[cat_smooth: 10]
[max_cat_to_onehot: 4]
[top_k: 20]
[monotone_constraints: ]
[monotone_constraints_method: basic]
[monotone_penalty: 0]
[feature_contri: ]
[forcedsplits_filename: ]
[refit_decay_rate: 0.9]
[cegb_tradeoff: 1]
[cegb_penalty_split: 0]
[cegb_penalty_feature_lazy: ]
[cegb_penalty_feature_coupled: ]
[path_smooth: 0]
[interaction_constraints: ]
[verbosity: -1]
[saved_feature_importance_type: 0]
[use_quantized_grad: 0]
[num_grad_quant_bins: 4]
[quant_train_renew_leaf: 0]
[stochastic_rounding: 1]
[linear_tree: 0]
[max_bin: 255]
[max_bin_by_feature: ]
[min_data_in_bin: 3]
[bin_construct_sample_cnt: 200000]
[data_random_seed: 1]
[is_enable_sparse: 1]
[enable_bundle: 1]
[use_missing: 1]
[zero_as_missing: 0]
[feature_pre_filter: 1]
[pre_partition: 0]
[two_round: 0]
[header: 0]
[label_column: ]
[weight_column: ]
[group_column: ]
[ignore_column: ]
[categorical_feature: ]
[forcedbins_filename: ]
[precise_float_parser: 0]
[parser_config_file: ]
[objective_seed: 5]
[num_class: 1]
[is_unbalance: 0]
[scale_pos_weight: 1]
[sigmoid: 1]
[boost_from_average: 1]
[reg_sqrt: 0]
[alpha: 0.1]
[fair_c: 1]
[poisson_max_delta_step: 0.7]
[tweedie_variance_power: 1.5]
[lambdarank_truncation_level: 30]
[lambdarank_norm: 1]
[label_gain: ]
[lambdarank_position_bias_regularization: 0]
[eval_at: ]
[multi_error_top_k: 1]
[auc_mu_weights: ]
[num_machines: 1]
[local_listen_port: 12400]
[time_out: 120]
[machine_list_filename: ]
[machines: ]
[gpu_platform_id: -1]
[gpu_device_id: -1]
[gpu_device_id_list: ]
[gpu_use_dp: 0]
[num_gpu: 1]

end of parameters

pandas_categorical:[]
