tree
version=v4
num_class=1
num_tree_per_iteration=1
label_index=0
max_feature_idx=16
objective=quantile
feature_names=ret_1d ret_5d ret_20d overnight_gap atr_pct parkinson_20 dvol_z_20 dist_ma20 dist_ma50 dist_ma200 spy_ret_1d spy_ret_5d spy_ret_20d vix_level vix_chg_1d sector_ret_1d sector_ret_5d
feature_infos=[-0.080390927143120239:0.10735059998817609] [-0.14197528389233538:0.10195054148119764] [-0.19920377902113851:0.179506118314815] [-0.099507841748324832:0.067547962758434332] [0.011791397965376751:0.044684603306623577] [0.0071619893560848115:0.024928901239841105] [-2.6792939581603692:4.2244747651061099] [-0.12998998447821142:0.10827168184819991] [-0.17131388353147414:0.13408428368699488] [-0.21462162546635122:0.30206022540078248] [-0.058542971330535654:0.10501930183911301] [-0.11496151859245618:0.082843162776128354] [-0.1226559005192206:0.15756591020035837] [11.859999656677246:52.330001831054688] [-0.35753873962348437:0.74039073966007019] [-0.062852571542473257:0.088816390052506744] [-0.11675896877857916:0.085294626879873769]
tree_sizes=851 861 860 868 867 869 851 861 865 875 864 867 860 866 856 862 868 861 874 877 864 864 861 874 870 859 859 868 879 856

Tree=0
num_leaves=8
num_cat=0
split_feature=15 15 16 3 1 5 15
split_gain=0.504209 0.756743 0.677183 0.685194 0.633603 0.429545 0.403416
threshold=-0.0045342286202222906 -0.0057624137398977751 0.014661371894583166 0.0064100259132295898 0.008432128150817288 0.011848499079160746 0.0046716365154146908
decision_type=2 2 2 2 2 2 2
left_child=1 -1 -2 4 -4 -6 -7
right_child=2 -3 3 -5 5 6 -8
leaf_value=0.0017367759344891751 0.001656435781807588 0.0019748910076136605 0.001810248972182582 0.0019024529211773555 0.0015093573610674399 0.0017773521327679898 0.0016097530904770306
leaf_weight=168 363 43 25 41 54 29 27
leaf_count=168 363 43 25 41 54 29 27
internal_value=0.00153289 0.00360493 0.000721758 0.00326698 0.0015477 -8.52919e-05 0.00298289
internal_weight=750 211 539 176 135 110 56
internal_count=750 211 539 176 135 110 56
is_linear=0
shrinkage=1


Tree=1
num_leaves=8
num_cat=0
split_feature=9 4 5 0 0 13 4
split_gain=1.14159 1.55183 0.712283 0.472643 0.991519 0.442445 0.422311
threshold=0.0075964737213821696 0.020506565176032044 0.011279400534515894 -0.010259566445496469 -0.013116227833462278 24.385000228881839 0.017818563276392165
decision_type=8 2 2 2 2 2 2
left_child=1 2 -1 4 -2 -3 -5
right_child=3 5 -4 6 -6 -7 -8
leaf_value=7.5315275464372293e-05 -7.8586274271168503e-05 -0.00012868059754587326 0.00016417922276902672 -0.00010176764852609372 0.00019134668643861586 0.00024066317398658565 -4.5708485045695073e-05
leaf_weight=25 55 118 34 215 28 36 223
leaf_count=25 55 118 34 215 28 36 223
internal_value=-0.000572208 0.00251174 0.00940678 -0.00183301 0.0016265 -0.000129871 -0.00248859
internal_weight=734 213 59 521 83 154 438
internal_count=734 213 59 521 83 154 438
is_linear=0
shrinkage=0.05


Tree=2
num_leaves=8
num_cat=0
split_feature=5 5 12 6 8 5 0
split_gain=0.937552 0.772608 0.533735 0.757428 0.914312 1.5939 0.684429
threshold=0.011232069370670126 0.011493317084548168 -0.026522895581630176 0.39835554424515301 -0.065922132134231357 0.01409258345861023 -0.0084477656558488694
decision_type=2 2 2 2 10 2 2
left_child=-1 -2 -3 4 -4 6 -6
right_child=1 2 3 -5 5 -7 -8
leaf_value=-6.7422071978432267e-05 0.00021714284335605681 0.00017802766682536265 -0.00019203439499911152 -0.00021724857328545342 6.5280244217312278e-05 0.00041553728618872414 -5.298006572280003e-05
leaf_weight=286 33 87 47 96 28 43 129
leaf_count=286 33 87 47 96 28 43 129
internal_value=-0.000126837 0.0012635 0.000697673 -0.000189506 0.0012753 0.00275 0.000414012
internal_weight=749 463 430 343 247 200 157
internal_count=749 463 430 343 247 200 157
is_linear=0
shrinkage=0.05


Tree=3
num_leaves=8
num_cat=0
split_feature=9 10 3 8 14 13 10
split_gain=0.654787 0.604423 0.541549 0.975874 0.57067 0.69002 0.660981
threshold=0.0075964737213821696 -0.00083775227081622761 0.0071624623279982211 -0.01232407111499245 0.064380578257103652 13.84500026702881 -0.011231034779129566
decision_type=10 2 2 8 2 2 2
left_child=2 -2 4 -4 5 -1 -6
right_child=1 -3 3 -5 6 -7 -8
leaf_value=7.0041456407153975e-05 4.6838767454689809e-06 -7.1333319538699526e-05 0.00017531729862647425 -0.00014365153603851236 -1.2134339106248274e-05 -3.5455551445013857e-05 0.00022122843714383973
leaf_weight=31 124 232 34 28 39 225 30
leaf_count=31 124 232 34 28 39 225 30
internal_value=-0.000222074 -0.00176966 0.00120155 0.00548387 0.000384614 -0.000703126 0.00442029
internal_weight=743 356 387 62 325 256 69
internal_count=743 356 387 62 325 256 69
is_linear=0
shrinkage=0.05


Tree=4
num_leaves=8
num_cat=0
split_feature=8 3 15 12 4 7 1
split_gain=0.640765 1.06718 0.893968 0.851142 0.577563 1.11111 0.733333
threshold=0.022905668321006493 0.0022260551124227983 -0.0024623742081519291 -0.0093119022308690274 0.019246279580854231 -0.018734907633803973 0.0021070622117542741
decision_type=8 2 2 2 2 2 2
left_child=1 4 -3 -4 -1 -6 -7
right_child=-2 2 3 -5 5 6 -8
leaf_value=-0.00011575872512773901 -4.3823103355074225e-05 9.6280128500599287e-05 0.00018167883413628904 -4.4632054398697083e-05 -9.6298712514280519e-05 -2.7169368260476259e-05 0.00041010018437638687
leaf_weight=87 337 36 31 75 120 27 33
leaf_count=87 337 36 31 75 120 27 33
internal_value=2.68085e-05 0.00135697 0.00485915 0.00254717 -0.000505619 0.00111111 0.00666667
internal_weight=746 409 142 106 267 180 60
internal_count=746 409 142 106 267 180 60
is_linear=0
shrinkage=0.05


Tree=5
num_leaves=8
num_cat=0
split_feature=6 5 7 8 15 10 7
split_gain=0.833205 0.718729 0.442654 2.02542 0.734483 1.74549 0.33116
threshold=2.5711755936510836 0.011184950797352732 -0.015697541138356027 -0.025865214019615054 -0.0049790022434130768 -0.0042544467454991288 0.057908503349668024
decision_type=2 2 2 8 2 2 2
left_child=1 -1 4 -4 5 -3 -5
right_child=-2 2 3 6 -6 -7 -8
leaf_value=-8.5195696192521099e-05 0.00023969361857620081 -8.5651994890391327e-05 0.00046983082193425971 2.1012925360075046e-05 -0.00014318982621104338 0.00020822345150692031 -0.00018013783797020795
leaf_weight=246 27 52 29 196 117 25 45
leaf_count=246 27 52 29 196 117 25 45
internal_value=-0.000658074 -0.000985917 0.000172413 0.00148148 -0.00164949 0.00214286 -2.07481e-05
internal_weight=737 710 464 270 194 77 241
internal_count=737 710 464 270 194 77 241
is_linear=0
shrinkage=0.05


Tree=6
num_leaves=8
num_cat=0
split_feature=0 4 9 8 3 8 4
split_gain=0.83107 0.989846 0.820638 0.842849 0.658715 1.08207 0.820232
threshold=-0.0093781304691798999 0.021900901830802202 0.16413381810054631 0.011767330179101145 0.0049207372753102838 0.0017972255119435012 0.022239890690910643
decision_type=2 2 8 10 2 8 2
left_child=1 2 3 -1 -2 6 -6
right_child=4 -3 -4 -5 5 -7 -8
leaf_value=8.1438830555415312e-05 -6.7884473861136286e-05 -4.5692404856703428e-05 -3.4135918912019201e-06 0.00045727081059727687 0.000143196784864001 -0.00011409797709060217 4.4788134890757498e-05
leaf_weight=27 440 71 30 25 28 87 38
leaf_count=27 440 71 30 25 28 87 38
internal_value=-0.00044236 0.00284314 0.00658536 0.0103846 -0.00129005 0.00153595 0.00636364
internal_weight=746 153 82 52 593 153 66
internal_count=746 153 82 52 593 153 66
is_linear=0
shrinkage=0.05


Tree=7
num_leaves=8
num_cat=0
split_feature=4 6 2 9 8 7 7
split_gain=0.461456 0.543233 0.451792 0.78169 0.461261 0.77347 1.34268
threshold=0.017571535566138913 1.5468308906558892 -0.087642668189446202 -0.12066022896123739 0.021431006409444623 -0.003812007101351544 0.01173506039887451
decision_type=2 2 2 8 8 2 2
left_child=-1 2 -2 -4 5 -5 -7
right_child=1 -3 3 4 -6 6 -8
leaf_value=-4.9279619463809601e-05 -3.0309931408678236e-05 0.00024576531713575733 0.0003996563225461149 -6.5203147591757384e-05 -8.1094229885560057e-05 0.00014343264908239119 -3.4197963346499118e-06
leaf_weight=241 61 48 25 123 148 34 65
leaf_count=241 61 48 25 123 148 34 65
internal_value=-0.000503357 0.000357142 -0.00017544 0.000443037 -0.000135136 0.00130631 0.00459596
internal_weight=745 504 456 395 370 222 99
internal_count=745 504 456 395 370 222 99
is_linear=0
shrinkage=0.05


Tree=8
num_leaves=8
num_cat=0
split_feature=0 11 0 15 6 3 1
split_gain=0.546933 0.712295 1.11899 0.82436 0.543843 0.831897 0.623144
threshold=-0.0093781304691798999 0.0028224739741974374 -0.020821499214288327 -0.010286944843569732 -1.2661448246596529 -0.0027645031900658808 -0.0079638819696340995
decision_type=2 2 2 2 2 2 2
left_child=1 2 -1 -4 -2 -6 -7
right_child=4 -3 3 -5 5 6 -8
leaf_value=-0.00020850843166090257 0.0002847366302090565 -6.5122935315056217e-05 0.00010349799986714547 0.00022640601061477036 -0.00011729123668331014 -0.00010918275209577171 2.41651012694799e-05
leaf_weight=29 27 53 29 42 113 120 351
leaf_count=29 27 53 29 42 113 120 351
internal_value=-0.000157069 0.00251634 0.005 0.00838028 -0.000826515 -0.00114726 -0.000222931
internal_weight=764 153 100 71 611 584 471
internal_count=764 153 100 71 611 584 471
is_linear=0
shrinkage=0.05


Tree=9
num_leaves=8
num_cat=0
split_feature=6 6 7 10 0 16 8
split_gain=0.731874 0.574531 0.474423 0.737095 0.755367 0.853337 0.629082
threshold=-1.2661448246596529 -0.82118146187173158 -0.016512002755157958 0.012396496477192877 -0.0093781304691798999 1.0000000180025095e-35 0.022905668321006493
decision_type=2 2 2 2 2 2 8
left_child=-1 -2 -3 4 5 -4 -6
right_child=1 2 3 -5 6 -7 -8
leaf_value=0.0002472431236756387 -0.00010523364591742302 -6.5119825071738169e-05 0.00019914436518676706 0.00012133128108642906 3.4944340969925135e-05 -4.0690983588716488e-05 -4.2041008469289885e-05
leaf_weight=28 109 183 31 30 117 26 220
leaf_count=28 109 183 31 30 117 26 220
internal_value=-0.000430109 -0.000740225 -0.000140034 0.000778301 0.000203044 0.00552631 -0.000697331
internal_weight=744 716 607 424 394 57 337
internal_count=744 716 607 424 394 57 337
is_linear=0
shrinkage=0.05


Tree=10
num_leaves=8
num_cat=0
split_feature=6 6 7 9 8 6 4
split_gain=0.50263 0.521994 0.475665 1.12835 0.595897 0.531253 0.45126
threshold=-1.2661448246596529 -0.82118146187173158 -0.017230692594019378 -0.032498842757338546 -0.097195911634445006 2.4494423808579544 0.022783253967954099
decision_type=2 2 2 8 10 2 2
left_child=-1 -2 4 6 -3 -5 -4
right_child=1 2 3 5 -6 -7 -8
leaf_value=0.00015644374115155975 -9.2382616189421059e-05 4.6471193642532994e-05 0.00051533591558571088 -9.6525154532679338e-06 -0.0001265021846676632 0.00023131529660023678 0.00011410915821483944
leaf_weight=32 110 34 30 348 139 25 31
leaf_count=32 110 34 30 348 139 25 31
internal_value=-0.000193593 -0.000467226 0.000107083 0.000990782 -0.00210983 -4.02157e-05 0.00729508
internal_weight=749 717 607 434 173 373 61
internal_count=749 717 607 434 173 373 61
is_linear=0
shrinkage=0.05


Tree=11
num_leaves=8
num_cat=0
split_feature=6 5 5 9 15 9 8
split_gain=0.632919 0.484967 0.475734 0.726761 0.577533 0.52376 0.497942
threshold=2.5711755936510836 0.011184950797352732 0.012731312029108932 0.0075964737213821696 -0.0045816702324833472 0.16038548498940533 0.059297238433992934
decision_type=2 2 2 8 2 10 8
left_child=1 -1 3 -3 -5 -6 -4
right_child=-2 2 6 4 5 -7 -8
leaf_value=-6.353463168606338e-05 0.00019650970528244167 0.00016836152490985859 -3.9096047153786458e-06 4.4217487072292344e-05 -0.00015472155720828957 2.4721500308077688e-05 -0.00017440672726950785
leaf_weight=258 30 43 187 43 88 33 65
leaf_count=258 30 43 187 43 88 33 65
internal_value=-0.000448462 -0.000746166 0.000228757 0.00200483 0.000487804 -0.00128099 -0.00123016
internal_weight=747 717 459 207 164 121 252
internal_count=747 717 459 207 164 121 252
is_linear=0
shrinkage=0.05


Tree=12
num_leaves=8
num_cat=0
split_feature=6 1 2 8 3 8 4
split_gain=0.619117 0.616417 0.465374 0.569735 0.575385 0.427087 0.662288
threshold=2.5711755936510836 -0.052822472924965606 0.10922188247093724 0.021431006409444623 0.0060592759838956631 -0.0093858322273821498 0.018456864305336367
decision_type=2 2 2 8 2 10 2
left_child=1 -1 3 4 5 -3 -7
right_child=-2 2 -4 -5 -6 6 -8
leaf_value=8.8845112088194948e-05 0.00018668422001831959 -5.8935643925567263e-05 1.6352455763020425e-05 -5.8926635451672901e-05 6.01256936350016e-05 -6.0134668936564524e-05 0.00024010869787144493
leaf_weight=38 30 188 45 281 65 42 45
leaf_count=38 30 188 45 281 65 42 45
internal_value=-0.000367849 -0.000667615 -0.00102102 -0.00137681 -1.19209e-09 -0.001 0.00189655
internal_weight=734 704 666 621 340 275 87
internal_count=734 704 666 621 340 275 87
is_linear=0
shrinkage=0.05


Tree=13
num_leaves=8
num_cat=0
split_feature=6 10 1 8 7 12 6
split_gain=0.539623 0.478842 0.531518 0.378041 0.591509 0.867591 0.503762
threshold=2.5711755936510836 0.012161923601447857 -0.052822472924965606 0.022905668321006493 0.0015320016723511245 0.0048491257127185614 -0.47252173526333235
decision_type=2 2 2 8 2 2 2
left_child=1 2 -1 4 6 -6 -4
right_child=-2 -3 3 -5 5 -7 -8
leaf_value=0.00010844792719392903 0.00017270206957856822 3.441426155590895e-05 1.2303061881377349e-05 -4.9220122934431826e-05 0.0003081856099530065 -1.3396525431946128e-06 -9.3288718962009683e-05
leaf_weight=34 31 48 94 306 29 75 128
leaf_count=34 31 48 94 306 29 75 128
internal_value=-0.000167786 -0.00044818 -0.000795797 -0.00112342 6.13485e-05 0.00317308 -0.0013964
internal_weight=745 714 666 632 326 104 222
internal_count=745 714 666 632 326 104 222
is_linear=0
shrinkage=0.05


Tree=14
num_leaves=8
num_cat=0
split_feature=2 3 6 0 0 11 7
split_gain=0.538481 0.602778 0.71952 1.22727 0.635715 0.680437 0.977698
threshold=0.10922188247093724 0.0084449558613253223 -0.15933874775552739 0.015904842979094672 -0.010259566445496469 0.0029094650612268018 -0.014526856164818134
decision_type=2 2 2 2 2 2 2
left_child=1 4 -3 -4 5 6 -1
right_child=-2 2 3 -5 -6 -7 -8
leaf_value=2.2899156956320884e-05 0.00010196792714300886 -2.8008951093916921e-05 0.00040167517716655231 -6.6566573916566898e-05 -5.5949171063978239e-05 -6.2409004234026776e-05 0.00035817114177116068
leaf_weight=57 44 27 25 30 476 35 25
leaf_count=57 44 27 25 30 476 35 25
internal_value=-0.000132129 -0.000481483 0.00353658 0.00681818 -0.0010371 0.00226496 0.0047561
internal_weight=719 675 82 55 593 117 82
internal_count=719 675 82 55 593 117 82
is_linear=0
shrinkage=0.05


Tree=15
num_leaves=8
num_cat=0
split_feature=15 4 8 14 5 3 9
split_gain=0.619607 0.634223 0.896485 1.15979 0.535485 0.903592 0.865277
threshold=-0.0023403309959620362 0.020875125704320738 0.043643760320511656 0.0091478412114857095 0.013975336213518619 -0.00012575545066045854 -0.11231333531684089
decision_type=2 2 8 2 2 2 10
left_child=1 2 3 -1 -2 -6 -7
right_child=4 -3 -4 -5 5 6 -8
leaf_value=0.00019723300406834917 -6.1337750014577814e-05 -3.3659133021943914e-05 0.00013461527579248633 -1.9346442176843566e-05 -7.0550715146542402e-05 0.00034255108371479125 -5.6291857627456313e-06
leaf_weight=48 362 121 40 77 32 26 37
leaf_count=48 362 121 40 77 32 26 37
internal_value=-0.000356663 0.00146853 0.00348485 0.0014 -0.00149891 0.0018421 0.00531746
internal_weight=743 286 165 125 457 95 63
internal_count=743 286 165 125 457 95 63
is_linear=0
shrinkage=0.05


Tree=16
num_leaves=8
num_cat=0
split_feature=6 6 2 12 6 11 10
split_gain=0.490764 0.604329 0.530992 0.543477 1.00245 1.06206 0.635401
threshold=-1.2661448246596529 -0.82118146187173158 0.11733373607654619 0.025521160306696159 -0.49104969303266038 0.0053660058673883357 0.011869721142281022
decision_type=2 2 2 2 2 2 2
left_child=-1 -2 3 4 5 -3 -6
right_child=1 2 -4 -5 6 -7 -8
leaf_value=0.00024538541184946267 -8.6918388433204055e-05 5.9075406902681052e-06 1.1183972967457183e-05 -4.6928351923418774e-05 -1.4800020923292371e-05 0.00014069038109344761 9.0073018699388598e-05
leaf_weight=27 113 40 25 239 256 26 31
leaf_count=27 113 40 25 239 256 26 31
internal_value=-0.000508588 -0.000753426 -0.000137765 -0.00043919 0.000807364 0.00636364 -0.000470384
internal_weight=757 730 617 592 353 66 287
internal_count=757 730 617 592 353 66 287
is_linear=0
shrinkage=0.05


Tree=17
num_leaves=8
num_cat=0
split_feature=6 12 10 6 15 11 9
split_gain=0.441083 0.464219 0.5754 0.762452 0.942857 0.383519 0.325566
threshold=-1.2661448246596529 0.053746423182394205 0.012396496477192877 1.5468308906558892 -0.0018369578498858561 -0.023324981642921735 -0.052547808473338002
decision_type=2 2 2 2 2 2 8
left_child=-1 2 3 5 -5 -2 -7
right_child=1 -3 -4 4 -6 6 -8
leaf_value=0.00021178913210809347 6.5811127485504721e-05 -4.377551811071234e-05 5.5421456215054175e-05 0.00057192118599046638 -0.00024184887269524318 -0.00012435248769128294 -2.5803281948884118e-05
leaf_weight=28 50 77 37 27 28 85 414
leaf_count=28 50 77 37 27 28 85 414
internal_value=-0.00044236 -0.000682452 -0.000241811 -0.000612584 0.005 -0.00117486 -0.00159319
internal_weight=746 718 641 604 55 549 499
internal_count=746 718 641 604 55 549 499
is_linear=0
shrinkage=0.05


Tree=18
num_leaves=8
num_cat=0
split_feature=0 16 15 3 1 2 2
split_gain=0.658457 0.667673 0.816642 0.561594 0.545283 0.489319 0.771368
threshold=-0.0093781304691798999 -0.009004786696278964 -0.010286944843569732 -0.0048756089274900596 -0.013173059137164709 0.016861350241005216 0.0012207921493255782
decision_type=2 2 2 2 2 2 2
left_child=1 2 -1 -2 -5 6 -6
right_child=3 -3 -4 4 5 -7 -8
leaf_value=6.4341304309431792e-05 -0.00018071556340479083 -1.9603911859495655e-05 0.00020580507188165364 -7.2020120311052684e-05 4.9347661373308918e-06 -2.9238207234966045e-05 0.00021499625899901845
leaf_weight=39 75 77 32 106 156 232 36
leaf_count=39 75 77 32 106 156 232 36
internal_value=-0.000219125 0.00277027 0.0062676 -0.000950414 -0.00037736 0.000424527 0.00229167
internal_weight=753 148 71 605 530 424 192
internal_count=753 148 71 605 530 424 192
is_linear=0
shrinkage=0.05


Tree=19
num_leaves=8
num_cat=0
split_feature=15 10 9 9 14 16 9
split_gain=0.410178 0.940333 0.687357 1.42401 0.588945 0.457548 0.402337
threshold=-0.0045342286202222906 -0.0014527022796280706 -0.017405635773352798 -0.054141430540852624 -0.048564324883399894 -0.023441247901116399 0.17403011720948872
decision_type=2 2 8 10 2 2 8
left_child=1 5 3 4 -2 -1 -4
right_child=2 -3 6 -5 -6 -7 -8
leaf_value=0.00015320506705987101 0.00011394393653517984 0.0001246486546865191 -8.1744309011501265e-05 0.00028665212895578911 -7.511377326192076e-05 -2.2612244365236105e-05 -7.5555080584270733e-07
leaf_weight=35 29 41 250 25 60 127 172
leaf_count=35 29 41 250 25 60 127 172
internal_value=-0.000263871 0.00165025 -0.000988807 0.00245614 -0.000505619 -6.17296e-05 -0.00191943
internal_weight=739 203 536 114 89 162 422
internal_count=739 203 536 114 89 162 422
is_linear=0
shrinkage=0.05


Tree=20
num_leaves=8
num_cat=0
split_feature=13 13 14 2 7 7 13
split_gain=0.458392 0.531326 0.760856 0.900918 0.557781 1.42917 0.316295
threshold=24.385000228881839 16.125000000000004 -0.036818887874406285 0.0051128827902926508 0.0020598194621269665 0.013090371770575928 17.914999961853031
decision_type=2 2 2 2 2 2 2
left_child=1 2 3 -1 -4 -6 -3
right_child=-2 6 4 -5 5 -7 -8
leaf_value=2.5484167627001749e-05 0.00013299445634206155 -7.4676566412714137e-05 -0.00010769222972871135 3.4505979283053021e-05 4.4675214763285113e-05 -1.4836023985828704e-05 -3.5800930654771108e-06
leaf_weight=29 47 163 82 49 48 120 213
leaf_count=29 47 163 82 49 48 120 213
internal_value=-0.000206393 -0.000525569 0.000945121 0.00525641 -0.000400001 0.00125 -0.00180851
internal_weight=751 704 328 78 250 168 376
internal_count=751 704 328 78 250 168 376
is_linear=0
shrinkage=0.05


Tree=21
num_leaves=8
num_cat=0
split_feature=6 15 13 6 12 4 7
split_gain=0.423801 0.398805 0.552681 0.478843 0.565085 0.671336 0.453821
threshold=2.5711755936510836 0.012013164106694731 16.260000228881839 -1.2661448246596529 0.026646485703523241 0.014913102235004456 -0.049883917976200613
decision_type=2 2 2 2 2 2 2
left_child=1 3 -3 -1 5 -5 -7
right_child=-2 2 -4 4 -6 6 -8
leaf_value=0.00017906649641459321 0.00015786711038638787 0.00011022630238162641 -3.2785163273210268e-06 2.2818205112474017e-05 -5.1212920305261594e-05 0.0001555078525177457 -1.7572360490500746e-05
leaf_weight=29 28 25 43 34 269 44 276
leaf_count=29 28 25 43 34 269 44 276
internal_value=-0.000320857 -0.000555557 0.00308823 -0.000935584 -0.00122793 8.47446e-05 -0.000625001
internal_weight=748 720 68 652 623 354 320
internal_count=748 720 68 652 623 354 320
is_linear=0
shrinkage=0.05


Tree=22
num_leaves=8
num_cat=0
split_feature=14 8 11 14 7 16 14
split_gain=0.390762 0.737722 0.625988 0.686216 0.4174 0.795871 0.890512
threshold=-0.037374592254897913 -0.043944771635798512 0.0060643629866489199 -0.056925165822572281 0.0015320016723511245 -0.0012646913200418661 0.023268635347166725
decision_type=2 8 2 2 2 2 2
left_child=1 -1 -3 -4 -2 6 -6
right_child=4 2 3 -5 5 -7 -8
leaf_value=6.6330824374465498e-05 -4.2663777851676646e-05 -0.00011695718231291032 -0.0001233145988327779 6.4035050191310993e-05 -2.1257086752336817e-05 -1.2915079375810179e-05 0.00012837384247600919
leaf_weight=52 255 62 38 42 34 228 31
leaf_count=52 255 62 38 42 34 228 31
internal_value=-0.000485176 0.0014433 -0.000422536 0.0025 -0.00116788 0.000119453 0.005
internal_weight=742 194 142 80 548 293 65
internal_count=742 194 142 80 548 293 65
is_linear=0
shrinkage=0.05


Tree=23
num_leaves=8
num_cat=0
split_feature=15 10 15 9 16 12 16
split_gain=0.438678 1.00459 0.449497 0.681748 0.438292 0.329163 0.283115
threshold=-0.0045342286202222906 -0.0014527022796280706 0.012013164106694731 -0.068751911749165437 -0.023441247901116399 0.062788552899160646 0.02091187750028101
decision_type=2 2 2 10 2 2 2
left_child=1 4 5 -4 -1 6 -2
right_child=2 -3 3 -5 -6 -7 -8
leaf_value=9.8838394421401157e-05 -6.6884956237142155e-05 0.00010385534398951041 0.00032716500344945489 -0.00018222845621184179 -1.8069181848630829e-05 0.00013838754737892928 -1.1794435425542014e-06
leaf_weight=38 341 47 25 42 129 31 98
leaf_count=38 341 47 25 42 129 31 98
internal_value=-0.00060586 0.00130841 -0.00136872 0.00246269 -0.000508983 -0.00191489 -0.00226652
internal_weight=751 214 537 67 167 470 439
internal_count=751 214 537 67 167 470 439
is_linear=0
shrinkage=0.05


Tree=24
num_leaves=8
num_cat=0
split_feature=0 5 3 5 3 8 5
split_gain=0.551366 0.865925 0.803318 0.466797 0.63934 0.596231 0.842634
threshold=-0.0097057538943977045 0.013334850369586196 -0.0067964330951325027 0.010804489123018223 -0.0038891062336253719 -0.07832615306098327 0.014168991718239423
decision_type=2 2 2 2 2 10 2
left_child=1 2 -1 -2 -5 -6 -7
right_child=3 -3 -4 4 5 6 -8
leaf_value=0.00037344688434357812 -6.3117194374213447e-05 -0.00013663071768485027 2.4438128798903697e-05 -0.00019718815139090672 -8.681575380687082e-05 2.9952559460151562e-07 0.00030178498105764721
leaf_weight=26 195 42 77 60 42 247 60
leaf_count=26 195 42 77 60 42 247 60
internal_value=-0.000527371 0.00224138 0.00470874 -0.00119205 -0.000232275 0.000587391 0.00135179
internal_weight=749 145 103 604 409 349 307
internal_count=749 145 103 604 409 349 307
is_linear=0
shrinkage=0.05


Tree=25
num_leaves=8
num_cat=0
split_feature=7 7 6 14 9 8 13
split_gain=0.338746 0.70415 0.584516 0.575547 0.751155 0.726964 0.560401
threshold=0.013642091781632117 0.0078399196154415058 1.127368248495537 -0.026106823606350468 -0.066233259407793663 -0.051761341305798451 14.824999809265138
decision_type=2 2 2 2 10 10 2
left_child=1 3 -2 4 5 -1 -3
right_child=2 6 -4 -5 -6 -7 -8
leaf_value=1.1042760713460901e-05 -5.9833357288626278e-05 0.00013435736408702622 0.0002170403935265845 -2.964528614419357e-05 -5.7791975925765883e-05 0.0002971864287383847 3.7471456094866012e-06
leaf_weight=50 231 25 32 281 73 26 39
leaf_count=50 231 25 32 281 73 26 39
internal_value=-0.000508588 0.000263157 -0.00195818 -0.000465117 0.00204698 0.00552631 0.00515625
internal_weight=757 494 263 430 149 76 64
internal_count=757 494 263 430 149 76 64
is_linear=0
shrinkage=0.05


Tree=26
num_leaves=8
num_cat=0
split_feature=9 1 13 13 11 8 13
split_gain=0.597101 0.598889 0.423974 0.793036 0.60003 0.702024 0.56391
threshold=-0.11552731456831282 -0.026925258368038382 15.775000095367433 15.375000000000002 0.013034509173491029 0.042914258609542351 13.894999980926515
decision_type=8 2 2 2 2 10 2
left_child=1 -1 3 4 5 6 -2
right_child=2 -3 -4 -5 -6 -7 -8
leaf_value=-5.899071791707269e-05 2.689690226338201e-05 0.00032922969669932253 -2.6406177175176349e-05 0.00021058675174829346 -8.5400892825189488e-05 4.9505395705419306e-05 -0.00015715785228981506
leaf_weight=26 28 32 386 30 107 80 48
leaf_count=26 28 32 386 30 107 80 48
internal_value=-0.000386704 0.00448276 -0.000802652 0.000631398 -0.000247149 0.00173077 -0.00171053
internal_weight=737 58 679 293 263 156 76
internal_count=737 58 679 293 263 156 76
is_linear=0
shrinkage=0.05


Tree=27
num_leaves=8
num_cat=0
split_feature=6 6 6 15 0 0 12
split_gain=0.599827 0.419941 0.421973 0.427046 0.619295 0.570149 1.15039
threshold=2.5711755936510836 -1.2661448246596529 -0.82118146187173158 0.012013164106694731 0.0060105920703480429 0.00047066155321007225 0.032077134319751129
decision_type=2 2 2 2 2 2 2
left_child=1 -1 -3 4 5 -4 -7
right_child=-2 2 3 -5 -6 6 -8
leaf_value=0.00016544351542226285 0.0001133187422310164 -6.1061450336590125e-05 -9.0916892637448378e-06 3.1073294313263605e-05 -0.00012256060051194718 0.00011816558808519116 -9.9633600956094688e-05
leaf_weight=29 30 110 291 64 125 57 43
leaf_count=29 30 110 291 64 125 57 43
internal_value=-0.000260348 -0.000549375 -0.000797103 -0.000258622 -0.000736435 0.000242966 0.0035
internal_weight=749 719 690 580 516 391 100
internal_count=749 719 690 580 516 391 100
is_linear=0
shrinkage=0.05


Tree=28
num_leaves=8
num_cat=0
split_feature=12 0 5 16 0 11 15
split_gain=0.659129 0.414929 1.03409 1.22727 0.483533 0.507957 0.984931
threshold=-0.043864321053953818 -0.0097057538943977045 0.011764808257765965 -0.010142093357846214 0.00047066155321007225 0.0032511544819977538 -0.00022044964607037529
decision_type=2 2 2 2 2 2 2
left_child=-1 2 3 -2 -3 -6 -7
right_child=1 4 -4 -5 5 6 -8
leaf_value=7.1364244899743595e-05 0.00036208286557457573 -3.5715536225985658e-05 -3.4924160883488904e-05 -4.3654072069246151e-06 -4.4768349014743534e-05 0.00010338640414467068 -7.0902584089671316e-06
leaf_weight=50 25 232 73 30 122 37 195
leaf_count=50 25 232 73 30 122 37 195
internal_value=-0.000549739 -0.000938377 0.00164062 0.00681818 -0.00150171 -0.000338984 0.00103448
internal_weight=764 714 128 55 586 354 232
internal_count=764 714 128 55 586 354 232
is_linear=0
shrinkage=0.05


Tree=29
num_leaves=8
num_cat=0
split_feature=6 6 7 8 9 7 7
split_gain=0.458459 0.450325 0.550476 0.323618 0.37531 0.294919 0.95512
threshold=-1.2661448246596529 1.5468308906558892 0.012122761105202941 0.084536078431176401 0.1445671324587349 0.010900121990287117 0.0015320016723511245
decision_type=2 2 2 10 10 2 2
left_child=-1 3 -3 5 -5 6 -2
right_child=1 2 -4 4 -6 -7 -8
leaf_value=0.00017914826220208672 -3.0229390997084182e-05 -4.7893133144220825e-05 0.00035268418961264148 8.6884024219694017e-05 -0.00010605538309185724 -7.3167939377757627e-05 1.6525823464546732e-05
leaf_weight=28 302 35 25 25 28 206 83
leaf_count=28 302 35 25 25 28 206 83
internal_value=-0.00056011 -0.00080966 0.00333333 -0.00119565 0.00254717 -0.0015313 -0.000714287
internal_weight=732 704 60 644 53 591 385
internal_count=732 704 60 644 53 591 385
is_linear=0
shrinkage=0.05


end of trees

feature_importances:
dvol_z_20=27
dist_ma50=19
dist_ma20=18
dist_ma200=16
sector_ret_1d=16
ret_1d=15
parkinson_20=13
overnight_gap=11
atr_pct=10
vix_level=10
spy_ret_1d=9
spy_ret_20d=9
vix_chg_1d=8
sector_ret_5d=8
ret_5d=7
ret_20d=7
spy_ret_5d=7

parameters:
[boosting: gbdt]
[objective: quantile]
[metric: quantile]
[tree_learner: serial]
[device_type: cpu]
[data_sample_strategy: bagging]
[data: ]
[valid: ]
[num_iterations: 80]
[learning_rate: 0.05]
[num_leaves: 8]
[num_threads: 1]
[seed: 0]
[deterministic: 0]
[force_col_wise: 1]
[force_row_wise: 0]
[histogram_pool_size: -1]
[max_depth: -1]
[min_data_in_leaf: 25]
[min_sum_hessian_in_leaf: 0.001]
[bagging_fraction: 0.9]
[pos_bagging_fraction: 1]
[neg_bagging_fraction: 1]
[bagging_freq: 1]
[bagging_seed: 3]
[bagging_by_query: 0]
[feature_fraction: 0.9]
[feature_fraction_bynode: 1]
[feature_fraction_seed: 2]
[extra_trees: 0]
[extra_seed: 6]
[early_stopping_round: 0]
[early_stopping_min_delta: 0]
[first_metric_only: 0]
[max_delta_step: 0]
[lambda_l1: 0]
[lambda_l2: 0]
[linear_lambda: 0]
[min_gain_to_split: 0]
[drop_rate: 0.1]
[max_drop: 50]
[skip_drop: 0.5]
[xgboost_dart_mode: 0]
[uniform_drop: 0]
[drop_seed: 4]
[top_rate: 0.2]
[other_rate: 0.1]
[min_data_per_group: 100]
[max_cat_threshold: 32]
[cat_l2: 10]
[cat_smooth: 10]
[max_cat_to_onehot: 4]
[top_k: 20]
[monotone_constraints: ]
[monotone_constraints_method: basic]
[monotone_penalty: 0]
[feature_contri: ]
[forcedsplits_filename: ]
[refit_decay_rate: 0.9]
[cegb_tradeoff: 1]
[cegb_penalty_split: 0]
[cegb_penalty_feature_lazy: ]
[cegb_penalty_feature_coupled: ]
[path_smooth: 0]
[interaction_constraints: ]
[verbosity: -1]
[saved_feature_importance_type: 0]
[use_quantized_grad: 0]
[num_grad_quant_bins: 4]
[quant_train_renew_leaf: 0]
[stochastic_rounding: 1]
[linear_tree: 0]
[max_bin: 255]
[max_bin_by_feature: ]
[min_data_in_bin: 3]
[bin_construct_sample_cnt: 200000]
[data_random_seed: 1]
[is_enable_sparse: 1]
[enable_bundle: 1]
[use_missing: 1]
[zero_as_missing: 0]
[feature_pre_filter: 1]
[pre_partition: 0]
[two_round: 0]
[header: 0]
[label_column: ]
[weight_column: ]
[group_column: ]
[ignore_column: ]
[categorical_feature: ]
[forcedbins_filename: ]
[precise_float_parser: 0]
[parser_config_file: ]
[objective_seed: 5]
[num_class: 1]
[is_unbalance: 0]
[scale_pos_weight: 1]
[sigmoid: 1]
[boost_from_average: 1]
[reg_sqrt: 0]
[alpha: 0.9]
[fair_c: 1]
[poisson_max_delta_step: 0.7]
[tweedie_variance_power: 1.5]
[lambdarank_truncation_level: 30]
[lambdarank_norm: 1]
[label_gain: ]
[lambdarank_position_bias_regularization: 0]
[eval_at: ]
[multi_error_top_k: 1]
[auc_mu_weights: ]
[num_machines: 1]
[local_listen_port: 12400]
[time_out: 120]
[machine_list_filename: ]
[machines: ]
[gpu_platform_id: -1]
[gpu_device_id: -1]
[gpu_device_id_list: ]
[gpu_use_dp: 0]
[num_gpu: 1]

end of parameters

pandas_categorical:[]
