tree
version=v4
num_class=1
num_tree_per_iteration=1
label_index=0
max_feature_idx=16
objective=quantile
feature_names=ret_1d ret_5d ret_20d overnight_gap atr_pct parkinson_20 dvol_z_20 dist_ma20 dist_ma50 dist_ma200 spy_ret_1d spy_ret_5d spy_ret_20d vix_level vix_chg_1d sector_ret_1d sector_ret_5d
feature_infos=[-0.16004155829534084:0.15733207114145831] [-0.26635144394358934:0.25161072003672658] [-0.32585083032966977:0.36398717751456999] [-0.079382027927498489:0.12494019562513192] [0.018648883597635953:0.087233137030278532] [0.011334158634540688:0.044201877277238448] [-2.0744793556953804:4.1686605474493001] [-0.26226260565534432:0.21206236697684533] [-0.32074204797411521:0.23772491609494928] [-0.38019382483939668:0.27609276079984135] [-0.058542971330535654:0.10501930183911301] [-0.11496151859245618:0.082843162776128354] [-0.1226559005192206:0.15756591020035837] [11.859999656677246:52.330001831054688] [-0.35753873962348437:0.74039073966007019] [-0.062852571542473257:0.088816390052506744] [-0.11675896877857916:0.085294626879873769]
tree_sizes=837 859 851 840 851 860 855 857 858 865 858 872

Tree=0
num_leaves=8
num_cat=0
split_feature=4 9 7 2 6 15 10
split_gain=4.15789 1.95009 1.42408 0.883589 0.576954 0.534032 0.44533
threshold=0.036239789114249667 0.075624087421992017 -0.093609408682747905 0.092380579573882807 1.9580796440446668 -0.0088666457968040718 -0.0069332778537110609
decision_type=2 8 2 2 2 2 2
left_child=4 2 -2 -4 5 6 -1
right_child=1 -3 3 -5 -6 -7 -8
leaf_value=-0.033295174110322574 -0.035476403308916951 -0.034390160810984054 -0.033431817699536202 -0.033850603140846577 -0.033726166053905375 -0.033174808445127435 -0.033956592414604678
leaf_weight=42 26 39 67 25 40 486 25
leaf_count=42 26 39 67 25 40 486 25
internal_value=-0.0333488 -0.040584 -0.0373804 -0.0344604 -0.0314332 -0.0310137 -0.0351985
internal_weight=750 157 118 92 593 553 67
internal_count=750 157 118 92 593 553 67
is_linear=0
shrinkage=1


Tree=1
num_leaves=8
num_cat=0
split_feature=4 9 14 14 1 2 13
split_gain=3.23071 1.48458 1.00794 1.16837 0.371604 0.838962 0.654978
threshold=0.036239789114249667 0.075624087421992017 -0.040011250304013861 -0.008595690120394071 -0.035121850513737111 -0.039913152040079163 17.494999885559086
decision_type=2 8 2 2 2 2 2
left_child=4 2 -2 -4 -1 6 -6
right_child=1 -3 3 -5 5 -7 -8
leaf_value=0.00038097349200238442 0.00016467748268602438 -0.00085997567732510639 -0.00063823456091606176 -0.000887601851380248 0.00015615055458219901 0.00018113581565541945 -0.00037997843912034382
leaf_weight=128 34 34 31 50 73 345 39
leaf_count=128 34 34 31 50 73 345 39
internal_value=0.000163488 -0.0064094 -0.00369565 -0.00672839 0.00183761 0.00117068 -0.00258929
internal_weight=734 149 115 81 585 457 112
internal_count=734 149 115 81 585 457 112
is_linear=0
shrinkage=0.05


Tree=2
num_leaves=8
num_cat=0
split_feature=4 9 7 6 2 5 5
split_gain=2.86601 1.77991 1.65079 0.802218 0.686254 0.341705 1.05452
threshold=0.036239789114249667 0.075624087421992017 -0.10903733416265514 1.8154150377436415 0.089494186100613674 0.016577655028114247 0.017115140969411819
decision_type=2 8 2 2 2 2 2
left_child=3 2 -2 5 -4 -1 -7
right_child=1 -3 4 -5 -6 6 -8
leaf_value=0.00039718904686723475 -0.00185020727705022 -0.0008352535819900809 8.3211075614584093e-05 -0.00027138516009633069 -0.0004873282941517336 -0.00037800254855960974 0.00017145547673841737
leaf_weight=255 26 36 66 46 25 38 257
leaf_count=255 26 36 66 46 25 38 257
internal_value=-6.67538e-06 -0.00611111 -0.00311966 0.0015604 5.49452e-05 0.00209091 0.000932204
internal_weight=749 153 117 596 91 550 295
internal_count=749 153 117 596 91 550 295
is_linear=0
shrinkage=0.05


Tree=3
num_leaves=8
num_cat=0
split_feature=7 2 6 4 4 9 10
split_gain=1.79074 1.39722 0.545745 0.98 0.513534 1.26648 0.377989
threshold=-0.10903733416265514 0.1683788147007256 1.9580796440446668 0.028100848984676702 0.036239789114249667 0.075624087421992017 0.0027133093769406984
decision_type=2 2 2 2 2 8 2
left_child=-1 2 4 -4 -2 6 -6
right_child=1 -3 3 -5 5 -7 -8
leaf_value=-0.0017630066067921301 0.00015898399376594052 -0.0010506488930893507 -0.00069189817811330951 0.00012236448532814971 0.0001534487006693449 -0.00061064489327730502 -0.00043423470883330025
leaf_weight=25 530 25 25 25 43 34 36
leaf_count=25 530 25 25 25 43 34 36
internal_value=0.000154778 0.000612814 0.00103175 -0.004 0.00142302 -0.00163717 0.00183544
internal_weight=743 718 693 50 643 113 79
internal_count=743 718 693 50 643 113 79
is_linear=0
shrinkage=0.05


Tree=4
num_leaves=8
num_cat=0
split_feature=6 2 13 8 12 6 6
split_gain=1.45322 0.826177 0.619503 0.713037 0.300247 0.25285 0.392167
threshold=2.4803898477616411 0.12974060754125652 21.134999275207523 -0.11090051887262779 0.044320340975829382 -1.0867223758039855 -0.29197949417682217
decision_type=2 2 2 8 2 2 2
left_child=1 2 4 -4 5 -1 -7
right_child=-2 -3 3 -5 -6 6 -8
leaf_value=-5.0226692444985428e-05 -0.0012771638739716526 -0.00046899263317164955 0.00010455435280126249 -0.00036710182268182918 0.00024368948035483496 0.00031365500223132188 3.4520727138409422e-05
leaf_weight=35 36 44 44 50 97 212 228
leaf_count=35 36 44 44 50 97 212 228
internal_value=0.000911528 0.00140845 0.00184685 -0.00191489 0.00246504 0.00194737 0.00227273
internal_weight=746 710 666 94 572 475 440
internal_count=746 710 666 94 572 475 440
is_linear=0
shrinkage=0.05


Tree=5
num_leaves=8
num_cat=0
split_feature=7 6 3 4 8 6 1
split_gain=1.26655 0.677925 0.925762 0.852341 1.77846 1.01332 0.5744
threshold=-0.10903733416265514 -0.68092715292691908 0.005777639454566331 0.036239789114249667 0.029988901012277473 1.8154150377436415 -0.020190512192979456
decision_type=2 2 2 2 8 2 2
left_child=-1 -2 3 5 -5 6 -3
right_child=1 2 -4 4 -6 -7 -8
leaf_value=-0.0016402313422551919 0.00032446862993365663 0.00033032515800676915 0.00019955428417333006 -1.5036061307472611e-05 -0.001241925775763544 -0.00053700939150374779 -0.0001220476419370572
leaf_weight=26 174 109 149 40 25 39 175
leaf_count=26 174 109 149 40 25 39 175
internal_value=0.000454546 0.000850914 -2.79328e-05 -0.00131443 -0.00653846 -0.000263158 0.000774648
internal_weight=737 711 537 388 65 323 284
internal_count=737 711 537 388 65 323 284
is_linear=0
shrinkage=0.05


Tree=6
num_leaves=8
num_cat=0
split_feature=6 4 9 7 15 2 2
split_gain=1.42036 1.02646 1.86464 0.733333 0.360246 0.341895 0.331566
threshold=1.9291915774119761 0.036444874900518613 0.030856115124514808 0.034371289177856486 -0.0088666457968040718 -0.060112449277985751 -0.039913152040079163
decision_type=2 2 10 2 2 2 2
left_child=1 4 -3 -2 5 -1 -6
right_child=3 2 -4 -5 6 -7 -8
leaf_value=0.00030366070111840089 -0.0027350360171686399 6.3542745172483e-05 -0.00074186966737753478 2.9409780849668791e-05 4.4516814354693419e-05 -0.00031155565649105036 0.00028464894177550939
leaf_weight=27 33 107 34 27 161 38 319
leaf_count=27 33 107 34 27 161 38 319
internal_value=0.000710456 0.00135569 -0.00244681 -0.00666667 0.00233945 -0.00115385 0.0028125
internal_weight=746 686 141 60 545 65 480
internal_count=746 686 141 60 545 65 480
is_linear=0
shrinkage=0.05


Tree=7
num_leaves=8
num_cat=0
split_feature=6 4 4 9 7 8 8
split_gain=1.46828 0.866374 1.12474 1.08284 0.857249 0.598646 0.485514
threshold=1.9291915774119761 0.031224611387750165 0.032093022413068169 -0.029912503348012428 0.034371289177856486 0.054152148833637954 -0.17863906515786612
decision_type=2 2 2 10 2 10 10
left_child=1 -1 -3 6 -2 -5 -4
right_child=4 2 3 5 -6 -7 -8
leaf_value=0.00023605572245886803 -0.0028772154406493827 -0.00039608231316803303 -8.9809396703016052e-05 -0.00040364254505643749 2.7939291807185255e-05 2.1865253512821888e-05 0.00012985756678589997
leaf_weight=397 31 25 39 44 27 39 143
leaf_count=397 31 25 39 44 27 39 143
internal_value=0.00057047 0.00121543 -0.000862069 9.43398e-05 -0.00706897 -0.00463855 0.00225275
internal_weight=745 687 290 265 58 83 182
internal_count=745 687 290 265 58 83 182
is_linear=0
shrinkage=0.05


Tree=8
num_leaves=8
num_cat=0
split_feature=4 3 9 9 9 6 3
split_gain=1.50428 1.18967 1.43735 1.11257 0.640523 0.590502 0.400257
threshold=0.036239789114249667 0.0072691690403946527 0.030856115124514808 -0.17739875610579711 -0.044734337690770669 2.4803898477616411 -0.0053238765671055335
decision_type=2 2 10 8 8 2 2
left_child=5 2 3 -2 -5 6 -1
right_child=1 -3 -4 4 -6 -7 -8
leaf_value=-1.7973632537395985e-05 -0.0012776072022515313 0.00028966764804521321 -0.00078923466385448244 0.00020823505326837861 -0.0002074324274073663 -0.00052179061867381644 0.00022353789080993124
leaf_weight=127 26 39 25 32 36 29 450
leaf_count=127 26 39 25 32 36 29 450
internal_value=0.000484293 -0.00386076 -0.00634454 -0.00351064 -0.000147059 0.00161716 0.00196707
internal_weight=764 158 119 94 68 606 577
internal_count=764 158 119 94 68 606 577
is_linear=0
shrinkage=0.05


Tree=9
num_leaves=8
num_cat=0
split_feature=5 5 3 12 6 4 11
split_gain=0.93219 1.0752 1.00365 0.513983 0.633625 0.480815 0.969951
threshold=0.022514264965613661 0.023175514787511634 -0.0040925697742832381 0.038546150430795463 -0.29197949417682217 0.025147997350357731 0.012763459668046597
decision_type=2 2 2 2 2 2 2
left_child=3 -2 -3 4 -1 -6 -7
right_child=1 2 -4 -5 5 6 -8
leaf_value=0.00021326440612919403 -0.00062388703186741262 -0.00058607500714455223 0.00029478017180093537 0.00013559739144783749 0.00016753101995793383 -6.6178224450605253e-05 -0.00037738933916103487
leaf_weight=219 39 27 50 140 93 139 37
leaf_count=219 39 27 50 140 93 139 37
internal_value=0.000497312 -0.00362069 -0.000194805 0.00125796 0.000491803 -0.00113383 -0.00267045
internal_weight=744 116 77 628 488 269 176
internal_count=744 116 77 628 488 269 176
is_linear=0
shrinkage=0.05


Tree=10
num_leaves=8
num_cat=0
split_feature=5 6 6 11 9 1 2
split_gain=1.3993 0.600761 0.542438 0.916017 0.5 0.493936 1.1703
threshold=0.022257308024068053 -0.63326887050194081 -0.48666293057413518 0.011124133624280887 -0.030425171570650663 -0.036918825671764736 -0.046472649659555658
decision_type=2 2 2 2 10 2 2
left_child=1 -1 4 -4 -2 -3 -7
right_child=2 5 3 -5 -6 6 -8
leaf_value=0.00036476140298360212 0.00039917953906669514 0.00019266056869132877 -0.001118731744447374 -1.6776539230651748e-05 -3.2222857919028148e-05 -0.00031503305522190441 8.3082996204165074e-05
leaf_weight=158 25 113 42 35 25 75 276
leaf_count=158 25 113 42 35 25 75 276
internal_value=0.000727637 0.00170418 -0.00405512 -0.00668831 1.86265e-10 0.000797414 -0.000128205
internal_weight=749 622 127 77 50 464 351
internal_count=749 622 127 77 50 464 351
is_linear=0
shrinkage=0.05


Tree=11
num_leaves=8
num_cat=0
split_feature=10 5 12 11 11 15 6
split_gain=0.79836 0.51348 0.465875 0.556819 0.656336 0.511363 0.418841
threshold=-0.015857538372193832 0.022280794645048164 0.038546150430795463 -0.010198834089706231 -0.0066204979438934655 -0.0088666457968040718 -0.48001242874736444
decision_type=2 2 2 2 2 2 2
left_child=-1 2 3 -2 -5 -6 -3
right_child=1 6 -4 4 5 -7 -8
leaf_value=-0.00070104377833417591 0.00044858815236853493 0.00014139709210529946 0.00017156470954680244 -0.00086168688644290602 -0.00044981406157079522 8.5681435779796914e-05 -0.00021268823814728886
leaf_weight=28 91 46 136 35 28 314 69
leaf_count=28 91 46 136 35 28 314 69
internal_value=0.000783133 0.0011057 0.00168874 0.000940171 9.28384e-05 0.000760234 -0.00195652
internal_weight=747 719 604 468 377 342 115
internal_count=747 719 604 468 377 342 115
is_linear=0
shrinkage=0.05


end of trees

feature_importances:
dvol_z_20=15
atr_pct=11
dist_ma200=10
ret_20d=8
parkinson_20=6
dist_ma20=6
overnight_gap=4
dist_ma50=4
spy_ret_5d=4
ret_5d=3
spy_ret_1d=3
spy_ret_20d=3
sector_ret_1d=3
vix_level=2
vix_chg_1d=2

parameters:
[boosting: gbdt]
[objective: quantile]
[metric: quantile]
[tree_learner: serial]
[device_type: cpu]
[data_sample_strategy: bagging]
[data: ]
[valid: ]
[num_iterations: 80]
[learning_rate: 0.05]
[num_leaves: 8]
[num_threads: 1]
[seed: 0]
[deterministic: 0]
[force_col_wise: 1]
[force_row_wise: 0]
[histogram_pool_size: -1]
[max_depth: -1]
[min_data_in_leaf: 25]
[min_sum_hessian_in_leaf: 0.001]
[bagging_fraction: 0.9]
[pos_bagging_fraction: 1]
[neg_bagging_fraction: 1]
[bagging_freq: 1]
[bagging_seed: 3]
[bagging_by_query: 0]
[feature_fraction: 0.9]
[feature_fraction_bynode: 1]
[feature_fraction_seed: 2]
[extra_trees: 0]
[extra_seed: 6]
[early_stopping_round: 0]
[early_stopping_min_delta: 0]
[first_metric_only: 0]
[max_delta_step: 0]
[lambda_l1: 0]
[lambda_l2: 0]
[linear_lambda: 0]
[min_gain_to_split: 0]
[drop_rate: 0.1]
[max_drop: 50]
[skip_drop: 0.5]
[xgboost_dart_mode: 0]
[uniform_drop: 0]
[drop_seed: 4]
[top_rate: 0.2]
[other_rate: 0.1]
[min_data_per_group: 100]
[max_cat_threshold: 32]
[cat_l2: 10]
[cat_smooth: 10]
[max_cat_to_onehot: 4]
[top_k: 20]
[monotone_constraints: ]
[monotone_constraints_method: basic]
[monotone_penalty: 0]
[feature_contri: ]
[forcedsplits_filename: ]
[refit_decay_rate: 0.9]
[cegb_tradeoff: 1]
[cegb_penalty_split: 0]
[cegb_penalty_feature_lazy: ]
[cegb_penalty_feature_coupled: ]
[path_smooth: 0]
[interaction_constraints: ]
[verbosity: -1]
[saved_feature_importance_type: 0]
[use_quantized_grad: 0]
[num_grad_quant_bins: 4]
[quant_train_renew_leaf: 0]
[stochastic_rounding: 1]
[linear_tree: 0]
[max_bin: 255]
[max_bin_by_feature: ]
[min_data_in_bin: 3]
[bin_construct_sample_cnt: 200000]
[data_random_seed: 1]
[is_enable_sparse: 1]
[enable_bundle: 1]
[use_missing: 1]
[zero_as_missing: 0]
[feature_pre_filter: 1]
[pre_partition: 0]
[two_round: 0]
[header: 0]
[label_column: ]
[weight_column: ]
[group_column: ]
[ignore_column: ]
[categorical_feature: ]
[forcedbins_filename: ]
[precise_float_parser: 0]
[parser_config_file: ]
[objective_seed: 5]
[num_class: 1]
[is_unbalance: 0]
[scale_pos_weight: 1]
[sigmoid: 1]
[boost_from_average: 1]
[reg_sqrt: 0]
[alpha: 0.1]
[fair_c: 1]
[poisson_max_delta_step: 0.7]
[tweedie_variance_power: 1.5]
[lambdarank_truncation_level: 30]
[lambdarank_norm: 1]
[label_gain: ]
[lambdarank_position_bias_regularization: 0]
[eval_at: ]
[multi_error_top_k: 1]
[auc_mu_weights: ]
[num_machines: 1]
[local_listen_port: 12400]
[time_out: 120]
[machine_list_filename: ]
[machines: ]
[gpu_platform_id: -1]
[gpu_device_id: -1]
[gpu_device_id_list: ]
[gpu_use_dp: 0]
[num_gpu: 1]

end of parameters

pandas_categorical:[]
