tree
version=v4
num_class=1
num_tree_per_iteration=1
label_index=0
max_feature_idx=16
objective=quantile
feature_names=ret_1d ret_5d ret_20d overnight_gap atr_pct parkinson_20 dvol_z_20 dist_ma20 dist_ma50 dist_ma200 spy_ret_1d spy_ret_5d spy_ret_20d vix_level vix_chg_1d sector_ret_1d sector_ret_5d
feature_infos=[-0.076595765327608367:0.081084453014838243] [-0.10684088535640557:0.12162084026060849] [-0.15564657017420414:0.2533116190860456] [-0.06102409482953608:0.050865983253723712] [0.014628952234865732:0.044291771456771788] [0.0097388556294512024:0.024790794664229586] [-2.2725016920714798:4.0591624506539281] [-0.11061758964092272:0.13056999019803328] [-0.13827462491870401:0.18692471717134307] [-0.17593078480282975:0.20616519592633353] [-0.058542971330535654:0.10501930183911301] [-0.11496151859245618:0.082843162776128354] [-0.1226559005192206:0.15756591020035837] [11.859999656677246:52.330001831054688] [-0.35753873962348437:0.74039073966007019] [-0.045565914362008186:0.057443288787383029] [-0.11461315937536976:0.085316917045247465]
tree_sizes=834 871 858 867 864 865 852 863 869 867 873 867 861 871 870 866 861 870 861 859 870 866 867 869 866 868 864 864 874 862 847

Tree=0
num_leaves=8
num_cat=0
split_feature=12 9 16 4 16 15 1
split_gain=1.33631 0.969806 0.959459 0.970363 0.707529 0.666829 0.858413
threshold=0.0037862010061723299 -0.0076958514804832392 0.021723995626602547 0.030579348414147455 -0.014972294621050595 0.0007814779604464751 -0.0057843771840343497
decision_type=2 8 2 2 2 2 2
left_child=2 4 3 -1 -2 -6 -7
right_child=1 -3 -4 -5 5 6 -8
leaf_value=0.017891032530006644 0.018627811295956496 0.017685269856828674 0.018657984231465717 0.01853330963064348 0.017634049715944754 0.018140371475290972 0.017584921928393248
leaf_weight=182 29 344 35 25 65 25 45
leaf_count=182 29 344 35 25 65 25 45
internal_value=0.0178801 0.0164234 0.020938 0.0196434 0.0195874 0.0180653 0.0214515
internal_weight=750 508 242 207 164 135 70
internal_count=750 508 242 207 164 135 70
is_linear=0
shrinkage=1


Tree=1
num_leaves=8
num_cat=0
split_feature=12 16 3 9 16 16 16
split_gain=0.980303 1.35345 0.627149 0.53702 0.732123 0.491352 0.415636
threshold=0.0033715039290467268 0.021723995626602547 1.0000000180025095e-35 -0.0076958514804832392 -0.014815260392677885 -0.014466230737299133 -0.0026622536668587378
decision_type=2 2 2 8 2 2 2
left_child=1 2 5 4 -2 -1 -6
right_child=3 -3 -4 -5 6 -7 -8
leaf_value=0.00037342332532676781 0.00062581992707600354 0.00076626560352515598 -0.00013789072438759426 -0.00016589563956728484 -0.00032825998360538569 6.2497110988786814e-05 7.6117668719047059e-05
leaf_weight=48 25 32 95 344 35 61 94
leaf_count=48 25 32 95 344 35 61 94
internal_value=-2.72491e-05 0.00262712 0.00112745 -0.00128514 0.00116883 0.0037156 -0.000348838
internal_weight=734 236 204 498 154 109 129
internal_count=734 236 204 498 154 109 129
is_linear=0
shrinkage=0.05


Tree=2
num_leaves=8
num_cat=0
split_feature=5 11 8 9 6 8 9
split_gain=1.35048 0.703195 2.3253 0.648874 0.486864 0.432031 0.52211
threshold=0.019236948699062992 0.02573480883905466 -0.024723405878053269 -0.11477981792532636 -0.10526475188374899 -0.057544783463579656 -0.030489781324434858
decision_type=2 2 8 8 2 8 8
left_child=1 3 -3 4 -1 -5 -7
right_child=-2 2 -4 5 -6 6 -8
leaf_value=-2.7113730342924334e-05 0.00064926651700833839 0.00082264157066537155 -0.00012477743157551427 -0.00020802353218434845 0.0002583576401033692 7.4529220910142654e-05 -0.00014690226427987088
leaf_weight=32 30 27 39 115 25 89 392
leaf_count=32 30 27 39 115 25 89 392
internal_value=-0.00039386 -0.000827539 0.00409091 -0.00132466 0.00377193 -0.00181208 -0.00115385
internal_weight=749 719 66 653 57 596 481
internal_count=749 719 66 653 57 596 481
is_linear=0
shrinkage=0.05


Tree=3
num_leaves=8
num_cat=0
split_feature=10 4 9 8 1 8 3
split_gain=1.02253 1.07825 0.555983 0.454402 0.769306 1.20945 0.574473
threshold=0.015021993582677752 0.030779175340826831 -0.12621949078158187 -0.057544783463579656 -0.0024079821120288609 -0.029255455634619894 -0.0010933799772913087
decision_type=2 2 8 10 2 10 2
left_child=1 2 -1 -4 5 6 -5
right_child=-2 -3 3 4 -6 -7 -8
leaf_value=9.1375755741964531e-05 0.00058178623680918298 0.00059533948020248169 -0.00020186897013437915 0.00078150949213210297 -0.000162453256538581 -4.3366690818024398e-05 0.00012521031497578485
leaf_weight=41 28 34 132 27 322 134 25
leaf_count=41 28 34 132 27 322 134 25
internal_value=-8.74844e-05 -0.000454547 -0.000888401 -0.00125 -0.000570867 0.00198925 0.00846154
internal_weight=743 715 681 640 508 186 52
internal_count=743 715 681 640 508 186 52
is_linear=0
shrinkage=0.05


Tree=4
num_leaves=8
num_cat=0
split_feature=5 9 15 0 12 5 4
split_gain=0.87665 0.760951 0.642086 0.762624 0.418018 0.819585 0.418118
threshold=0.019236948699062992 -0.0076958514804832392 -0.0083757229334068799 -0.016611701994107771 0.0033715039290467268 0.013471730432117078 0.025893981029950702
decision_type=2 8 2 2 2 2 2
left_child=1 2 3 -1 5 -3 -7
right_child=-2 4 -4 -5 -6 6 -8
leaf_value=-9.0422627965266669e-05 0.00061601196031480518 0.00063566037567017739 2.6619186991126065e-05 0.00085094927260764537 -0.00014805596219680034 -0.00040043083997775203 0.0003223466478090378
leaf_weight=26 30 25 217 25 341 40 42
leaf_count=26 30 25 217 25 341 40 42
internal_value=-4.02157e-05 -0.000391063 0.00171642 0.0067647 -0.00165179 0.00107477 -0.00134146
internal_weight=746 716 268 51 448 107 82
internal_count=746 716 268 51 448 107 82
is_linear=0
shrinkage=0.05


Tree=5
num_leaves=8
num_cat=0
split_feature=4 0 3 9 10 16 15
split_gain=0.746375 0.826548 1.62204 0.515943 0.580146 0.861183 0.4468
threshold=0.027196627481505985 -0.0032846400137408467 0.0018117409718285684 -0.0076958514804832392 0.0025359002095745047 -0.014575463909165696 0.0007814779604464751
decision_type=2 2 2 8 2 2 2
left_child=3 -2 -3 4 5 -1 -7
right_child=1 2 -4 -5 -6 6 -8
leaf_value=0.00053028195477788627 -0.00016456889072471203 0.00067971854592551047 -0.00015812904611426133 -0.00013604670716294904 -6.7341813331997744e-05 -0.00019243761034310014 0.00026480723001826034
leaf_weight=28 57 45 39 393 84 51 40
leaf_count=28 57 45 39 393 84 51 40
internal_value=-0.000115334 0.00315603 0.00630952 -0.000889263 0.00115763 0.00340336 0.00104395
internal_weight=737 141 84 596 203 119 91
internal_count=737 141 84 596 203 119 91
is_linear=0
shrinkage=0.05


Tree=6
num_leaves=8
num_cat=0
split_feature=4 0 0 2 8 9 6
split_gain=0.922973 1.28571 2.26598 0.546685 0.821499 0.631011 1.117
threshold=0.027785294507936768 -0.0050878210584108787 0.0050096959359520197 0.078657605248815501 0.11750937507440841 -0.076433340338628905 0.33971945289916089
decision_type=2 2 2 2 10 8 2
left_child=3 -2 -3 5 -5 6 -1
right_child=1 2 -4 4 -6 -7 -8
leaf_value=-2.5150186570649549e-05 -0.0002048739738509069 0.00090155911196799696 2.9394075172205182e-05 0.00045025204343338888 -0.00030750659104959065 -0.00013216348491157479 0.00025112648378121979
leaf_weight=78 44 26 51 43 28 442 34
leaf_count=78 44 26 51 43 28 442 34
internal_value=9.38326e-05 0.00409091 0.00798701 -0.000680001 0.0034507 -0.00120939 0.00214286
internal_weight=746 121 77 625 71 554 112
internal_count=746 121 77 625 71 554 112
is_linear=0
shrinkage=0.05


Tree=7
num_leaves=8
num_cat=0
split_feature=4 0 15 9 6 8 11
split_gain=1.13248 0.938133 1.39942 0.658338 0.899466 0.537662 0.520464
threshold=0.027196627481505985 -0.0079995298700518674 0.006403163763374021 -0.076433340338628905 0.33971945289916089 -0.04671742386007776 -0.00075473720010332801
decision_type=2 2 2 8 2 10 2
left_child=3 -2 -3 4 -1 -5 -7
right_child=1 2 -4 5 -6 6 -8
leaf_value=-2.0152699768165965e-05 -0.00019520936227421725 0.00085443844509184945 -3.708865532183832e-05 -0.00014998505208241254 0.00023163521709877391 6.1667026934274599e-05 -0.00018526550810578531
leaf_weight=70 49 53 42 115 31 121 264
leaf_count=70 49 53 42 115 31 121 264
internal_value=-0.000302015 0.00368055 0.00657895 -0.00125624 0.00242574 -0.002 -0.0011039
internal_weight=745 144 95 601 101 500 385
internal_count=745 144 95 601 101 500 385
is_linear=0
shrinkage=0.05


Tree=8
num_leaves=8
num_cat=0
split_feature=4 12 13 1 10 15 10
split_gain=0.608029 0.566505 1.91283 0.528302 0.505096 0.647685 0.634494
threshold=0.027196627481505985 -0.0014831897497937228 21.134999275207523 -0.009695731462506128 0.0019017631763441625 0.0060962365268371075 0.0011530196642344228
decision_type=2 2 2 2 2 2 2
left_child=4 2 -2 -4 5 6 -1
right_child=1 -3 3 -5 -6 -7 -8
leaf_value=-9.211864070330332e-05 0.00090622743159563923 -4.0271121067105479e-05 0.00024279080992042697 -0.00018163217672198664 -0.00012343219995100121 0.00040195959599958884 0.00039233065285790807
leaf_weight=272 29 62 25 28 270 53 25
leaf_count=272 29 62 25 28 270 53 25
internal_value=-0.000287959 0.00263889 0.00536585 -0.00028302 -0.000967743 0.000285713 -0.000622897
internal_weight=764 144 82 53 620 350 297
internal_count=764 144 82 53 620 350 297
is_linear=0
shrinkage=0.05


Tree=9
num_leaves=8
num_cat=0
split_feature=16 15 10 7 7 9 9
split_gain=0.619974 0.353465 0.591296 0.981739 0.403403 0.392189 0.838968
threshold=-0.041638560842605248 0.0041390983761111508 0.00063379839939814453 0.022105283298404003 0.053543046831526782 -0.072195128623387325 -0.094460176404169302
decision_type=2 2 2 2 2 8 10
left_child=-1 5 3 -3 -4 6 -2
right_child=1 2 4 -5 -6 -7 -8
leaf_value=0.00023456639042992506 -3.8432051773454367e-05 0.00061825325338037346 -4.4012003917344718e-05 -0.00031292625398948178 0.00035979712185802782 -0.0001230148586246974 0.00077925624959755105
leaf_weight=31 63 42 158 26 25 374 25
leaf_count=31 63 42 158 26 25 374 25
internal_value=-0.000631722 -0.00093268 0.000577688 0.00455882 -0.000901641 -0.00175325 0.00125
internal_weight=744 713 251 68 183 462 88
internal_count=744 713 251 68 183 462 88
is_linear=0
shrinkage=0.05


Tree=10
num_leaves=8
num_cat=0
split_feature=5 3 11 11 3 6 9
split_gain=0.718712 0.510577 0.847756 0.700036 0.900168 0.952558 0.456255
threshold=0.018829630253168358 0.0020131890275252311 0.02573480883905466 0.0033857060530237963 -0.0019097056531675591 -0.097287335746796641 -0.049895110728668472
decision_type=2 2 2 2 2 2 8
left_child=1 2 3 4 6 -6 -1
right_child=-2 -3 -4 -5 5 -7 -8
leaf_value=0.00020649927960809003 0.00041939516129274016 -9.2721809903540062e-05 0.00031239949016234229 -0.00020532644768583329 3.3988527735601889e-05 0.00047643290943880762 -0.00025009710179315796
leaf_weight=33 41 240 36 207 50 36 106
leaf_count=33 41 240 36 207 50 36 106
internal_value=-0.000460615 -0.000833335 0.000128204 -0.000486112 0.00144444 0.00546512 -0.00104317
internal_weight=749 708 468 432 225 86 139
internal_count=749 708 468 432 225 86 139
is_linear=0
shrinkage=0.05


Tree=11
num_leaves=8
num_cat=0
split_feature=9 8 9 15 10 4 1
split_gain=0.450012 1.15917 0.527242 0.467228 0.457764 0.452052 0.470632
threshold=0.012930991790282344 -0.012256280696392839 -0.048312437121531708 -0.0085126223275808748 0.00069579143919507047 0.018617781144761699 -0.00077261036160713992
decision_type=8 10 10 2 2 2 2
left_child=1 3 -3 -1 -4 6 -2
right_child=5 2 4 -5 -6 -7 -8
leaf_value=0.0003537515570130878 0.00046533402014037935 0.00040243543962113575 0.00048378078390412223 -5.4753117077246873e-05 -0.00014488841864038348 -0.00012685015148162325 -0.00017797572652198255
leaf_weight=44 25 38 25 181 33 357 44
leaf_count=44 25 38 25 181 33 357 44
internal_value=-0.00111781 0.000295949 0.00489583 -0.00166667 0.00189655 -0.0021831 0.00152174
internal_weight=747 321 96 225 58 426 69
internal_count=747 321 96 225 58 426 69
is_linear=0
shrinkage=0.05


Tree=12
num_leaves=8
num_cat=0
split_feature=15 0 3 6 2 9 8
split_gain=0.484513 1.30611 1.07143 0.624772 0.438537 0.660452 1.01592
threshold=-0.0081447990434662092 -0.01434307258357531 -0.0012827643959876787 1.7703976031166764 -0.027121027072730227 -0.049895110728668472 -0.012256280696392839
decision_type=2 2 2 2 2 8 10
left_child=1 -1 -3 4 -2 6 -6
right_child=3 2 -4 -5 5 -7 -8
leaf_value=-0.00020368405767303552 -0.00012270349919597231 0.00059295513706552499 -1.3864686424013798e-05 0.00055535232170720694 -4.8722974172815216e-05 -5.9177258918563157e-05 0.00038899706140834231
leaf_weight=76 221 32 28 27 43 274 33
leaf_count=76 221 32 28 27 43 274 33
internal_value=-0.000708448 0.00198529 0.0075 -0.00132107 -0.00167251 -0.00057143 0.00355263
internal_weight=734 136 60 598 571 350 76
internal_count=734 136 60 598 571 350 76
is_linear=0
shrinkage=0.05


Tree=13
num_leaves=8
num_cat=0
split_feature=14 0 0 0 10 12 7
split_gain=0.614236 0.562987 0.379838 0.656657 0.91385 0.41966 0.635188
threshold=-0.12096344977185801 0.029325616186423712 0.0028909278678549426 -7.3077593289339035e-05 0.0004408774644957259 0.011040694977268452 -0.052205678685774907
decision_type=2 2 2 2 2 2 2
left_child=-1 2 3 5 -5 6 -2
right_child=1 -3 -4 4 -6 -7 -8
leaf_value=0.00017459994414213733 -0.00018225957374398997 0.00045192818370603746 -0.00011581440080480502 0.00067988758605380759 -4.189498404640569e-05 -0.0001403013487405463 0.00026619768072400855
leaf_weight=25 33 27 265 33 39 223 100
leaf_count=25 33 27 265 33 39 223 100
internal_value=-0.000704699 -0.000972223 -0.0012482 -0.000327104 0.00402778 -0.00120787 0.00101504
internal_weight=745 720 693 428 72 356 133
internal_count=745 720 693 428 72 356 133
is_linear=0
shrinkage=0.05


Tree=14
num_leaves=8
num_cat=0
split_feature=6 3 4 8 13 2 3
split_gain=0.758157 0.612467 0.514393 0.860822 0.845181 0.732814 0.630403
threshold=1.7703976031166764 0.0020131890275252311 0.027196627481505985 -0.054727283408596276 20.980000495910648 -0.057857418423583266 -0.0023927113067480073
decision_type=2 2 2 10 2 2 2
left_child=1 2 3 -1 -4 -5 -7
right_child=-2 -3 4 5 -6 6 -8
leaf_value=-0.00017067789363950966 0.0004364465609355028 -7.7168049796985021e-05 0.00035948411985285678 0.00026605952632681072 -0.00011921531233614716 -0.00025471928896680463 6.1203854738853876e-05
leaf_weight=82 46 232 44 25 41 132 117
leaf_count=82 46 232 44 25 41 132 117
internal_value=-0.000340752 -0.000765232 0.000328797 -0.000505619 0.00382353 0.000839415 2.00791e-05
internal_weight=719 673 441 356 85 274 249
internal_count=719 673 441 356 85 274 249
is_linear=0
shrinkage=0.05


Tree=15
num_leaves=8
num_cat=0
split_feature=3 4 8 2 4 4 11
split_gain=0.608836 0.674389 0.89007 1.19111 0.462963 0.427229 0.425831
threshold=0.0020131890275252311 0.025169360683476045 0.0067168339962353505 -0.038848589742686505 0.02743111941407669 0.023031471181377505 0.0063364892264597969
decision_type=2 2 8 2 2 2 2
left_child=1 6 3 4 -3 -2 -1
right_child=5 2 -4 -5 -6 -7 -8
leaf_value=1.4423702579865285e-05 -8.8208199396519671e-06 0.00033268496849351973 -7.6425540531352724e-05 0.00051139816502632847 -0.00024154655892065984 -0.00014016215762255847 -0.00013087895974425669
leaf_weight=180 121 27 67 39 27 127 155
leaf_count=180 121 27 67 39 27 127 155
internal_value=-0.000558548 0.000454544 0.003125 0.00629032 0.00148148 -0.00258065 -0.000820897
internal_weight=743 495 160 93 54 248 335
internal_count=743 495 160 93 54 248 335
is_linear=0
shrinkage=0.05


Tree=16
num_leaves=8
num_cat=0
split_feature=10 12 3 13 4 4 15
split_gain=0.500607 0.400075 0.788332 0.624863 1.34258 0.880135 0.491281
threshold=0.01542612816856115 0.0011335726897910849 0.003870858371801567 20.500000000000004 0.025893981029950702 0.023031471181377505 0.0068490422230736989
decision_type=2 2 2 2 2 2 2
left_child=1 2 3 4 5 -1 -3
right_child=-2 6 -4 -5 -6 -7 -8
leaf_value=0.00041213862533336256 0.0005646935157766356 -0.00012252650372481669 -0.00012027290338854326 -0.00011228021954931239 0.00080849673510147754 -0.00020370731707870814 7.8368224535223672e-05
leaf_weight=26 27 403 55 62 28 36 120
leaf_count=26 27 403 55 62 28 36 120
internal_value=-0.000574638 -0.000821919 0.00103865 0.00289474 0.00555555 0.00145161 -0.00155832
internal_weight=757 730 207 152 90 62 523
internal_count=757 730 207 152 90 62 523
is_linear=0
shrinkage=0.05


Tree=17
num_leaves=8
num_cat=0
split_feature=6 11 8 11 8 15 15
split_gain=0.542658 0.450938 0.997562 0.490754 0.394636 0.35172 0.683506
threshold=1.7703976031166764 0.02573480883905466 -0.025768186889703334 0.012589195808640931 -0.024723405878053269 0.013034875501114153 0.0041390983761111508
decision_type=2 2 8 2 10 2 2
left_child=1 3 -3 5 -2 6 -1
right_child=4 2 -4 -5 -6 -7 -8
leaf_value=-4.4441059547175042e-05 0.00045373576749253267 0.00069659557883469832 -2.8289462011620872e-05 -0.00014850909111851316 -7.4855150467081802e-05 -0.00027878788677300649 0.00024153787647658394
leaf_weight=323 25 25 52 137 28 40 116
leaf_count=323 25 25 52 137 28 40 116
internal_value=-0.00044236 -0.000815297 0.00279221 -0.00126623 0.00443396 -0.000511483 -0.000102507
internal_weight=746 693 77 616 53 479 439
internal_count=746 693 77 616 53 479 439
is_linear=0
shrinkage=0.05


Tree=18
num_leaves=8
num_cat=0
split_feature=6 4 9 8 8 15 12
split_gain=0.497021 0.403015 0.635757 0.561265 0.5 0.317344 0.801771
threshold=1.7703976031166764 0.027196627481505985 -0.030489781324434858 -0.020735749138744371 -0.050313083208568359 0.0060962365268371075 0.037030624356881099
decision_type=2 2 10 8 10 2 2
left_child=1 5 3 4 -3 -1 -7
right_child=-2 2 -4 -5 -6 6 -8
leaf_value=-0.00012418902487654662 0.00036912953409172933 0.00066630060609711888 -0.0002205907156174547 0.00030598872837688375 -0.00018991590294675033 -4.0904606098104268e-05 0.00039467189085396891
leaf_weight=414 50 25 42 43 25 107 47
leaf_count=414 50 25 42 43 25 107 47
internal_value=-0.000816734 -0.00115932 0.0012963 0.00360215 -1.19209e-09 -0.00174296 0.000194804
internal_weight=753 703 135 93 50 568 154
internal_count=753 703 135 93 50 568 154
is_linear=0
shrinkage=0.05


Tree=19
num_leaves=8
num_cat=0
split_feature=16 4 5 5 5 4 9
split_gain=0.532536 0.502268 0.706022 0.769306 0.3835 0.590626 0.615681
threshold=-0.041638560842605248 0.018933414960337302 0.012021002304142677 0.01126483081029076 0.012432151402335943 0.021180086923164049 0.13331748982467698
decision_type=2 2 2 2 2 2 8
left_child=-1 2 3 -2 -3 6 -6
right_child=1 4 -4 -5 5 -7 -8
leaf_value=0.00014025529475622032 -8.5896130909442322e-06 -0.0001965223156460208 -0.00031640772295682222 0.00055815094712191528 0.00062386424701883205 -4.6299360860682046e-05 -1.7029157949570089e-05
leaf_weight=33 34 130 42 26 28 419 27
leaf_count=33 34 130 42 26 28 419 27
internal_value=-0.000602166 -0.000892352 0.00235294 0.00583333 -0.0014404 -0.000780592 0.00409091
internal_weight=739 706 102 60 604 474 55
internal_count=739 706 102 60 604 474 55
is_linear=0
shrinkage=0.05


Tree=20
num_leaves=8
num_cat=0
split_feature=16 0 0 0 4 2 2
split_gain=0.541636 0.393749 0.445725 0.657362 0.364518 0.668372 0.736857
threshold=-0.041638560842605248 0.028186297125552321 0.014776445503646653 0.013187607933303093 0.023321523791473845 -0.060922709864764384 0.03035548694394408
decision_type=2 2 2 2 2 2 2
left_child=-1 2 3 4 5 -2 -7
right_child=1 -3 -4 -5 -6 6 -8
leaf_value=0.00013099735616921789 0.00023330391350662364 0.00032381836911474671 -0.00019455255757756072 0.00022078047518531179 -6.8349688215401205e-05 -0.00032105153155183839 4.1841529359222033e-05
leaf_weight=34 42 25 76 25 259 178 112
leaf_count=34 42 25 76 25 259 178 112
internal_value=-0.000872172 -0.00116458 -0.00138728 -0.00094156 -0.0012775 -0.000180724 -0.00103448
internal_weight=751 717 692 616 591 332 290
internal_count=751 717 692 616 591 332 290
is_linear=0
shrinkage=0.05


Tree=21
num_leaves=8
num_cat=0
split_feature=14 3 15 8 2 4 8
split_gain=0.589068 0.446692 0.700569 0.464549 0.904008 0.460813 0.40744
threshold=-0.12096344977185801 0.0031173681903907684 0.0043666608397198168 -0.040371271336830154 0.048662736869168229 0.029066622964263485 -0.0039476520151341945
decision_type=2 2 2 8 2 2 8
left_child=-1 2 5 -4 6 -2 -5
right_child=1 -3 3 4 -6 -7 -8
leaf_value=6.9597159542468596e-05 -7.1685021414776543e-05 -5.6670018217730721e-05 -0.00027199301483844492 0.00025431736872424688 -0.00037283940434715409 0.00014219915729511758 0.00062314314484439477
leaf_weight=26 356 208 25 28 33 40 32
leaf_count=26 356 208 25 28 33 40 32
internal_value=-0.000855616 -0.00112188 -0.00033074 0.00305085 0.00467742 -0.00133839 0.00833333
internal_weight=748 722 514 118 93 396 60
internal_count=748 722 514 118 93 396 60
is_linear=0
shrinkage=0.05


Tree=22
num_leaves=8
num_cat=0
split_feature=9 2 16 8 4 1 14
split_gain=0.668819 0.575401 0.710559 0.58991 0.551369 0.45873 0.411437
threshold=0.0076672642743956807 0.067223436026824693 -0.014972294621050595 -0.051941769363362193 0.018617781144761699 0.0011487225982069751 -0.075454415356713087
decision_type=8 2 2 10 2 2 2
left_child=1 2 3 -1 5 -2 -4
right_child=4 -3 6 -5 -6 -7 -8
leaf_value=-1.3355744529767059e-05 0.00017740260522768585 0.00032759990842987389 0.00013580105587461975 0.00048517350264101462 -0.00010982548863176076 -0.00026893806391710921 -5.6087095509108394e-05
leaf_weight=34 30 27 25 25 370 42 189
leaf_count=34 30 27 25 25 370 42 189
internal_value=-0.000822104 0.000999999 0.000311354 0.00516949 -0.00205882 0.00194444 -0.00102804
internal_weight=742 300 273 59 442 72 214
internal_count=742 300 273 59 442 72 214
is_linear=0
shrinkage=0.05


Tree=23
num_leaves=8
num_cat=0
split_feature=14 6 9 3 15 6 6
split_gain=0.525681 0.411431 0.579881 0.450127 0.301364 0.298218 0.343298
threshold=-0.12096344977185801 0.43238931231794281 -0.011293068158501672 0.0036958991206740292 -0.0055238713266010367 0.23264532151769546 -0.62609716872013499
decision_type=2 2 8 2 2 2 2
left_child=-1 5 3 -3 -4 6 -2
right_child=1 2 4 -5 -6 -7 -8
leaf_value=6.6625747102194962e-05 -0.00011747319609701031 0.00040587298515689773 -8.6193866533427891e-05 -1.6702729006459939e-05 1.4680715361255968e-06 -0.00031496381074901136 -1.0092182574533389e-05
leaf_weight=27 206 49 36 25 82 61 265
leaf_count=27 206 49 36 25 82 61 265
internal_value=-0.000739016 -0.000994476 0.000989582 0.00445946 -0.00118644 -0.00171053 -0.0012845
internal_weight=751 724 192 74 118 532 471
internal_count=751 724 192 74 118 532 471
is_linear=0
shrinkage=0.05


Tree=24
num_leaves=8
num_cat=0
split_feature=14 0 6 13 3 16 13
split_gain=0.65022 0.479322 0.830576 0.630668 0.837438 0.60232 0.543868
threshold=-0.12096344977185801 -0.013387669305548187 1.7703976031166764 16.579999923706058 0.0055402576360200637 -0.017400418421487703 19.055000305175785
decision_type=2 2 2 2 2 2 2
left_child=-1 -2 3 -3 5 -5 -7
right_child=1 2 -4 4 -6 6 -8
leaf_value=7.6392274329622979e-05 -0.00019832192541716678 -6.9767943723003482e-05 0.00045451660611304845 0.00045438158962796409 -0.0001737714785395848 0.00022942108619112365 -8.9694895760263909e-05
leaf_weight=25 135 295 33 34 51 102 74
leaf_count=25 135 295 33 34 51 102 74
internal_value=-0.000927905 -0.00120166 -0.00058574 -0.00104317 0.000747125 0.00214286 0.000965908
internal_weight=749 724 589 556 261 210 176
internal_count=749 724 589 556 261 210 176
is_linear=0
shrinkage=0.05


Tree=25
num_leaves=8
num_cat=0
split_feature=6 10 15 7 15 7 16
split_gain=0.502808 0.434438 0.571396 0.443083 0.518519 0.49359 0.798429
threshold=1.7703976031166764 -0.014256563971479506 0.0028863593351780019 0.047138178721536923 0.013034875501114153 0.024027621923464974 0.003480812560592184
decision_type=2 2 2 2 2 2 2
left_child=1 -1 -3 4 5 6 -4
right_child=-2 2 3 -5 -6 -7 -8
leaf_value=0.00020909259604295135 0.00029663248351165141 -9.2004922543593691e-05 -3.2945522327625092e-05 0.00026260773147548537 -0.00020835815524847918 -0.00031659589489834198 0.00063264691751454042
leaf_weight=32 51 391 71 40 54 33 85
leaf_count=32 51 391 71 40 54 33 85
internal_value=-0.000970939 -0.00131728 -0.00158754 0.000123674 -0.000679014 0.000555554 0.00173077
internal_weight=757 706 674 283 243 189 156
internal_count=757 706 674 283 243 189 156
is_linear=0
shrinkage=0.05


Tree=26
num_leaves=8
num_cat=0
split_feature=4 9 3 10 13 6 11
split_gain=0.362669 0.698923 0.628205 0.79652 0.319081 0.443484 0.340557
threshold=0.026831139310627618 -0.030489781324434858 0.003870858371801567 -0.0010954591841218495 19.72500038146973 1.8518819743405002 0.0070762794177224872
decision_type=2 10 2 2 2 2 2
left_child=4 2 3 -2 5 6 -1
right_child=1 -3 -4 -5 -6 -7 -8
leaf_value=2.6220007526269235e-07 9.6895086283521994e-05 -0.00018773267171086667 -4.9318050723235797e-05 0.00062303649190980487 -0.00025637287635758621 0.00041336721732214199 -6.1339837864127624e-05
leaf_weight=249 41 44 26 37 77 30 233
leaf_count=249 41 44 26 37 77 30 233
internal_value=-0.00079376 0.00141892 0.00365384 0.00589743 -0.00134975 -0.000898439 -0.00126556
internal_weight=737 148 104 78 589 512 482
internal_count=737 148 104 78 589 512 482
is_linear=0
shrinkage=0.05


Tree=27
num_leaves=8
num_cat=0
split_feature=0 1 0 0 0 12 10
split_gain=0.447598 0.778272 1.03948 0.829279 0.420458 0.876149 0.366108
threshold=-0.01458254898378508 -0.024788481324658825 0.0026568728732417894 -0.0033674908483711792 -0.0069734904824459423 0.024521735190164765 0.010655378584307098
decision_type=2 2 2 2 2 2 2
left_child=-1 2 3 -2 5 -3 -6
right_child=1 4 -4 -5 6 -7 -8
leaf_value=-0.00015224767002090122 5.1450663210938091e-06 0.00030825501683113074 -0.00014868376867433294 0.00052465612424305256 -4.5960501365451116e-05 -0.00034548529664297275 0.00018726252630784935
leaf_weight=130 42 34 35 34 397 31 46
leaf_count=130 42 34 35 34 397 31 46
internal_value=-0.000794394 -0.00023425 0.00355856 0.0068421 -0.00106299 0.00269231 -0.001614
internal_weight=749 619 111 76 508 65 443
internal_count=749 619 111 76 508 65 443
is_linear=0
shrinkage=0.05


Tree=28
num_leaves=8
num_cat=0
split_feature=5 3 11 16 4 6 15
split_gain=0.637477 0.390139 0.655809 0.529224 0.458712 0.454301 0.441597
threshold=0.018829630253168358 0.0020131890275252311 0.027231962502118127 -0.039485250174404844 0.023031471181377505 0.68713811748564457 0.0043666608397198168
decision_type=2 2 2 2 2 2 2
left_child=1 2 3 -1 5 -3 -5
right_child=-2 4 -4 6 -6 -7 -8
leaf_value=0.00016965540638767679 0.00020950587678035028 -8.6093380933140409e-05 0.00043616060789679589 -8.8425979523758811e-05 -0.00016152252967547968 0.00030352627729473576 0.00014216146167778568
leaf_weight=27 44 93 35 330 110 31 94
leaf_count=27 44 93 35 330 110 31 94
internal_value=-0.000615184 -0.000972223 -0.00016461 -0.000676276 -0.00264957 -0.000564517 -0.00110849
internal_weight=764 720 486 451 234 124 424
internal_count=764 720 486 451 234 124 424
is_linear=0
shrinkage=0.05


Tree=29
num_leaves=8
num_cat=0
split_feature=5 15 4 2 2 13 2
split_gain=0.529581 0.321919 0.461183 0.523987 0.635408 0.514006 1.32923
threshold=0.018829630253168358 -0.020664839774751972 0.02199285847484753 0.078657605248815501 -0.044702870468689364 17.250000000000004 0.013585554239860411
decision_type=2 2 2 2 2 2 2
left_child=1 -1 3 4 -3 -6 -7
right_child=-2 2 -4 -5 5 6 -8
leaf_value=3.5196228826736124e-05 0.00019930232444407395 0.00025680258031207588 -7.2310642275611538e-05 0.0003169296047283848 -0.00011405230476365627 -0.0003727272908876557 0.00054445041982487423
leaf_weight=27 41 46 362 31 173 27 25
leaf_count=27 41 46 362 31 173 27 25
internal_value=-0.000765029 -0.00109262 -0.00131024 0.000132449 -0.000571957 -0.00166667 0.00269231
internal_weight=732 691 664 302 271 225 52
internal_count=732 691 664 302 271 225 52
is_linear=0
shrinkage=0.05


Tree=30
num_leaves=8
num_cat=0
split_feature=9 9 3 0 11 2 4
split_gain=0.395832 0.509265 0.929483 0.4847 0.372579 0.5 0.298429
threshold=-0.064711702712026239 -0.10001408524965903 0.0034480601567653539 0.027348394022456261 0.028003232862589215 0.010624590900576549 0.031043289030597259
decision_type=8 10 2 2 2 2 2
left_child=1 -1 -3 4 6 -6 -2
right_child=3 2 -4 -5 5 -7 -8
leaf_value=-2.2180946681834413e-05 -8.6634751278606177e-05 0.0004339595050903705 -9.6985327593082117e-05 0.00031046894776215261 0.00056449704682629985 -0.00013425893987169233 5.675706915960854e-05
leaf_weight=87 479 44 27 25 25 25 26
leaf_count=87 479 44 27 25 25 25 26
internal_value=-0.00120596 0.00101266 0.00415493 -0.00181035 -0.00211712 0.002 -0.00252475
internal_weight=738 158 71 580 555 50 505
internal_count=738 158 71 580 555 50 505
is_linear=0
shrinkage=0.05


end of trees

feature_importances:
atr_pct=24
dist_ma200=22
ret_1d=18
sector_ret_1d=18
dist_ma50=17
overnight_gap=16
dvol_z_20=15
sector_ret_5d=14
ret_20d=12
spy_ret_1d=11
spy_ret_5d=10
parkinson_20=9
spy_ret_20d=8
vix_level=7
ret_5d=6
dist_ma20=5
vix_chg_1d=5

parameters:
[boosting: gbdt]
[objective: quantile]
[metric: quantile]
[tree_learner: serial]
[device_type: cpu]
[data_sample_strategy: bagging]
[data: ]
[valid: ]
[num_iterations: 80]
[learning_rate: 0.05]
[num_leaves: 8]
[num_threads: 1]
[seed: 0]
[deterministic: 0]
[force_col_wise: 1]
[force_row_wise: 0]
[histogram_pool_size: -1]
[max_depth: -1]
[min_data_in_leaf: 25]
[min_sum_hessian_in_leaf: 0.001]
[bagging_fraction: 0.9]
[pos_bagging_fraction: 1]
[neg_bagging_fraction: 1]
[bagging_freq: 1]
[bagging_seed: 3]
[bagging_by_query: 0]
[feature_fraction: 0.9]
[feature_fraction_bynode: 1]
[feature_fraction_seed: 2]
[extra_trees: 0]
[extra_seed: 6]
[early_stopping_round: 0]
[early_stopping_min_delta: 0]
[first_metric_only: 0]
[max_delta_step: 0]
[lambda_l1: 0]
[lambda_l2: 0]
[linear_lambda: 0]
[min_gain_to_split: 0]
[drop_rate: 0.1]
[max_drop: 50]
[skip_drop: 0.5]
[xgboost_dart_mode: 0]
[uniform_drop: 0]
[drop_seed: 4]
[top_rate: 0.2]
[other_rate: 0.1]
[min_data_per_group: 100]
[max_cat_threshold: 32]
[cat_l2: 10]
[cat_smooth: 10]
[max_cat_to_onehot: 4]
[top_k: 20]
[monotone_constraints: ]
[monotone_constraints_method: basic]
[monotone_penalty: 0]
[feature_contri: ]
[forcedsplits_filename: ]
[refit_decay_rate: 0.9]
[cegb_tradeoff: 1]
[cegb_penalty_split: 0]
[cegb_penalty_feature_lazy: ]
[cegb_penalty_feature_coupled: ]
[path_smooth: 0]
[interaction_constraints: ]
[verbosity: -1]
[saved_feature_importance_type: 0]
[use_quantized_grad: 0]
[num_grad_quant_bins: 4]
[quant_train_renew_leaf: 0]
[stochastic_rounding: 1]
[linear_tree: 0]
[max_bin: 255]
[max_bin_by_feature: ]
[min_data_in_bin: 3]
[bin_construct_sample_cnt: 200000]
[data_random_seed: 1]
[is_enable_sparse: 1]
[enable_bundle: 1]
[use_missing: 1]
[zero_as_missing: 0]
[feature_pre_filter: 1]
[pre_partition: 0]
[two_round: 0]
[header: 0]
[label_column: ]
[weight_column: ]
[group_column: ]
[ignore_column: ]
[categorical_feature: ]
[forcedbins_filename: ]
[precise_float_parser: 0]
[parser_config_file: ]
[objective_seed: 5]
[num_class: 1]
[is_unbalance: 0]
[scale_pos_weight: 1]
[sigmoid: 1]
[boost_from_average: 1]
[reg_sqrt: 0]
[alpha: 0.9]
[fair_c: 1]
[poisson_max_delta_step: 0.7]
[tweedie_variance_power: 1.5]
[lambdarank_truncation_level: 30]
[lambdarank_norm: 1]
[label_gain: ]
[lambdarank_position_bias_regularization: 0]
[eval_at: ]
[multi_error_top_k: 1]
[auc_mu_weights: ]
[num_machines: 1]
[local_listen_port: 12400]
[time_out: 120]
[machine_list_filename: ]
[machines: ]
[gpu_platform_id: -1]
[gpu_device_id: -1]
[gpu_device_id_list: ]
[gpu_use_dp: 0]
[num_gpu: 1]

end of parameters

pandas_categorical:[]
