tree
version=v4
num_class=1
num_tree_per_iteration=1
label_index=0
max_feature_idx=16
objective=quantile
feature_names=ret_1d ret_5d ret_20d overnight_gap atr_pct parkinson_20 dvol_z_20 dist_ma20 dist_ma50 dist_ma200 spy_ret_1d spy_ret_5d spy_ret_20d vix_level vix_chg_1d sector_ret_1d sector_ret_5d
feature_infos=[-0.26058519427314786:0.23599883833954749] [-0.382238129065952:0.45166240038508154] [-0.45540578282742916:1.1470654363627171] [-0.24475039207341343:0.27630526801274424] [0.019921310547195745:0.094030623575030239] [0.012738532728546076:0.050170372916471036] [-1.5262718136975968:4.1731483740394308] [-0.36776921925380768:0.48069124895241488] [-0.38105420329944006:1.0291454869073928] [-0.50454493873049333:2.0192975243169453] [-0.058542971330535654:0.10501930183911301] [-0.11496151859245618:0.082843162776128354] [-0.1226559005192206:0.15756591020035837] [11.859999656677246:52.330001831054688] [-0.35753873962348437:0.74039073966007019] [-0.068247998544687438:0.13425697132599002] [-0.13587196028298487:0.11773217696052685]
tree_sizes=817 848 832 844 859 850 849 859 845 856 847 848 864 853 858 862 862 864 852 869 863 860 856 858 861 863 855 862 855 864

Tree=0
num_leaves=8
num_cat=0
split_feature=13 1 10 4 16 6 6
split_gain=2.09486 2.13096 2.38314 0.864808 0.827852 0.591847 0.576635
threshold=22.625000000000004 0.095010542426757452 1.0000000180025095e-35 0.075450123748447909 -0.007831416492475261 0.71702890008869458 1.0951372801450259
decision_type=2 2 2 2 2 2 2
left_child=1 3 -3 6 -2 -4 -1
right_child=4 2 5 -5 -6 -7 -8
leaf_value=0.036509499988200945 0.038943536244638463 0.041280622519171931 0.038249228586653673 0.037834233777213379 0.03704493198086798 0.036548417548249869 0.037496088672084739
leaf_weight=507 43 28 25 25 25 43 54
leaf_count=507 43 28 25 25 25 43 54
internal_value=0.0368215 0.0359871 0.0428923 0.0348559 0.0451901 0.0378372 0.0344504
internal_weight=750 682 96 586 68 68 561
internal_count=750 682 96 586 68 68 561
is_linear=0
shrinkage=1


Tree=1
num_leaves=8
num_cat=0
split_feature=13 1 9 0 13 10 12
split_gain=2.31548 2.20244 1.54872 0.768606 0.594149 0.518341 1.00188
threshold=25.19999980926514 0.02879640626395397 0.4314692236312922 0.034022519480221065 22.429999351501468 0.0059451911988195336 0.027544134222988518
decision_type=2 2 10 2 2 2 2
left_child=1 4 5 -4 -1 6 -3
right_child=-2 2 3 -5 -6 -7 -8
leaf_value=-0.00047393316766925939 0.0018880848739656212 -0.0003017065351656452 0.0032818220000339032 0.00031455822736407103 0.00071453511935784877 -0.00062634170502054031 0.0015538576831029746
leaf_weight=436 34 68 39 25 26 56 50
leaf_count=436 34 68 39 25 26 56 50
internal_value=-9.5369e-05 -0.000714287 0.00319328 0.00984375 -0.00272727 0.000747125 0.00262712
internal_weight=734 700 238 64 462 174 118
internal_count=734 700 238 64 462 174 118
is_linear=0
shrinkage=0.05


Tree=2
num_leaves=8
num_cat=0
split_feature=1 9 13 0 0 16 6
split_gain=2.4478 1.55805 1.52348 1.27676 1.15103 0.814655 0.673674
threshold=0.088662400255662202 0.34406839607922474 26.85000038146973 0.024309008574821881 0.020528725884712443 0.032438032132950496 1.8062189652944671
decision_type=2 10 2 2 2 2 2
left_child=2 5 3 6 -3 -2 -1
right_child=1 4 -4 -5 -6 -7 -8
leaf_value=-0.00036234273182070981 0.0014560017422899749 0.0035630296697936078 0.0015159671528565941 0.0012331199968335994 0.0012587058010417266 -0.0010062259540820505 0.0013470721941514696
leaf_weight=504 29 25 25 81 27 27 31
leaf_count=504 29 25 25 81 27 27 31
internal_value=7.343e-05 0.00703704 -0.00109985 -0.00159091 0.0132692 0.00125 -0.00247664
internal_weight=749 108 641 616 52 56 535
internal_count=749 108 641 616 52 56 535
is_linear=0
shrinkage=0.05


Tree=3
num_leaves=8
num_cat=0
split_feature=0 13 6 12 0 9 0
split_gain=1.56258 0.932315 0.978249 1.3725 0.838944 0.70614 0.504334
threshold=0.013966536083186655 15.784999847412111 -0.19754226201977082 0.017439018002644805 -0.034353039541490042 0.091631077418157139 0.027913266946216101
decision_type=2 2 2 2 2 10 2
left_child=4 6 -3 -4 5 -1 -2
right_child=1 2 3 -5 -6 -7 -8
leaf_value=-0.00026171194054407484 0.00043355687562957518 4.1279602522757092e-05 0.00063904987727059909 0.0016361512568718894 -0.00037350470733722409 0.0010481185286772545 -0.00083712525198387602
leaf_weight=47 54 49 48 38 439 28 40
leaf_count=47 54 49 48 38 439 28 40
internal_value=-0.000356663 0.0030786 0.00574074 0.00895349 -0.00188716 0.003 -0.000744682
internal_weight=743 229 135 86 514 75 94
internal_count=743 229 135 86 514 75 94
is_linear=0
shrinkage=0.05


Tree=4
num_leaves=8
num_cat=0
split_feature=5 3 13 5 2 2 5
split_gain=1.84014 1.40706 0.876591 0.635607 0.545455 0.503444 0.805215
threshold=0.032414792032026761 -0.00062966991935270434 19.295000076293949 0.018450118320110936 0.096281497545721698 -0.0068159430321172434 0.020350373138900864
decision_type=2 2 2 2 2 2 2
left_child=3 4 -3 -1 -2 6 -5
right_child=1 2 -4 5 -6 -7 -8
leaf_value=-0.00058804198608760532 -0.0014446704206959543 0.00040447799943161818 0.0038411854054232241 0.0012524057256666152 0.0012443029002437661 -0.00027482058006576712 -2.6275411782603379e-05
leaf_weight=206 30 31 30 38 25 262 124
leaf_count=206 30 31 30 38 25 262 124
internal_value=-0.00044236 0.00534483 0.0105738 -0.00150794 -0.000454547 -0.000400945 0.00179012
internal_weight=746 116 61 630 55 424 162
internal_count=746 116 61 630 55 424 162
is_linear=0
shrinkage=0.05


Tree=5
num_leaves=8
num_cat=0
split_feature=1 10 6 6 4 11 5
split_gain=1.39228 1.62195 1.17054 1.22391 1.08744 0.853017 0.490659
threshold=0.088662400255662202 0.0004408774644957259 1.0951372801450259 2.2326546594008425 0.075946292662650405 0.021151753576904912 0.020489321158771542
decision_type=2 2 2 2 2 2 2
left_child=2 -2 4 -4 6 -3 -1
right_child=1 5 3 -5 -6 -7 -8
leaf_value=-0.0005031268416497975 0.0035580157597935162 0.00074783715008667313 0.0014800888451178221 -0.00077329877792425979 0.0008390129739418049 -0.00069340768704232293 -0.00011981448572183397
leaf_weight=237 35 37 33 25 35 36 299
leaf_count=237 35 37 33 25 35 36 299
internal_value=-0.000522389 0.00472222 -0.00142289 0.00534483 -0.00211033 0.000479451 -0.00266791
internal_weight=737 108 629 58 571 73 536
internal_count=737 108 629 58 571 73 536
is_linear=0
shrinkage=0.05


Tree=6
num_leaves=8
num_cat=0
split_feature=9 6 13 3 0 16 15
split_gain=1.67037 0.99086 0.915895 0.835208 0.668264 0.87438 0.921818
threshold=0.44274598753795874 -0.5648725028436451 24.19999980926514 0.012914908585765607 0.013038982651512822 0.025906890397640828 0.0082178169751596659
decision_type=10 2 2 2 2 2 2
left_child=2 -2 4 -3 -1 -6 -7
right_child=1 3 -4 -5 5 6 -8
leaf_value=-0.0003845954451533771 -0.00063117448915444956 0.0023752477377956102 0.0012602259671881568 0.00021190246086983107 -9.3339874375906892e-05 0.0014504929216422238 -0.00021618918181284011
leaf_weight=422 25 45 49 29 121 25 30
leaf_count=422 25 45 49 29 121 25 30
internal_value=-0.00044236 0.00560606 -0.00136785 0.00851351 -0.00190636 0.000681817 0.00590909
internal_weight=746 99 647 74 598 176 55
internal_count=746 99 647 74 598 176 55
is_linear=0
shrinkage=0.05


Tree=7
num_leaves=8
num_cat=0
split_feature=5 1 11 12 15 0 15
split_gain=1.35759 1.04304 1.13237 1.43953 0.773491 0.77471 0.753033
threshold=0.019573132785695956 0.082301092512717791 0.021151753576904912 0.022913164694052916 -0.0034253456343100171 0.028355647189096559 -0.020807394869380488
decision_type=2 2 2 2 2 2 2
left_child=-1 4 3 -3 6 -6 -2
right_child=1 2 -4 -5 5 -7 -8
leaf_value=-0.00030340938388689898 -0.00062397734906417584 0.0012076164162836463 -0.00020414692067256661 0.0020058893476288388 -0.0004153549460159168 0.0010202856462590774 0.0011279581243024612
leaf_weight=269 33 33 38 31 196 42 103
leaf_count=269 33 33 38 31 196 42 103
internal_value=-0.000302015 0.00130252 0.00578431 0.00984375 8.02127e-05 -0.00163866 0.00308823
internal_weight=745 476 102 64 374 238 136
internal_count=745 476 102 64 374 238 136
is_linear=0
shrinkage=0.05


Tree=8
num_leaves=8
num_cat=0
split_feature=1 13 4 4 13 8 13
split_gain=1.47894 1.44526 0.770537 0.822503 0.966786 0.808252 0.608009
threshold=0.02879640626395397 20.659999847412113 0.036754855150391806 0.046233254844949188 16.579999923706058 0.12570755947662596 17.369999885559086
decision_type=2 2 2 2 2 10 2
left_child=1 -1 -2 4 -4 -5 -7
right_child=2 -3 3 5 -6 6 -8
leaf_value=-0.00043227833835694578 -7.4409181800579553e-05 0.00089922647400740043 0.0014376639583553812 -0.00030039095458202393 0.00088366039558765972 -7.0775267682309979e-05 0.0031560016338069959
leaf_weight=428 93 89 35 37 27 27 28
leaf_count=428 93 89 35 37 27 27 28
internal_value=-0.000287959 -0.00180851 0.00289474 0.00506493 0.00951613 0.00206522 0.00590909
internal_weight=764 517 247 154 62 92 55
internal_count=764 517 247 154 62 92 55
is_linear=0
shrinkage=0.05


Tree=9
num_leaves=8
num_cat=0
split_feature=13 5 6 12 10 11 6
split_gain=1.15459 0.830041 0.699522 0.585781 0.47863 0.843887 0.929037
threshold=25.19999980926514 0.018385854932240788 -0.78926116062754514 -0.0031637225858343605 0.002139856175938371 0.0029094650612268018 0.143296242749367
decision_type=2 2 2 2 2 2 2
left_child=1 -1 -3 -4 5 -5 -7
right_child=-2 2 3 4 -6 6 -8
leaf_value=-0.00047803629343033454 0.0016046163992416878 -0.00047579985131083064 -0.00021639716412685133 1.0239031029822662e-05 1.40928248894166e-05 0.00025002281637371264 0.0025783753387362937
leaf_weight=193 32 109 90 76 151 43 50
leaf_count=193 32 109 90 76 151 43 50
internal_value=-0.000228496 -0.000646069 0.000394989 0.00134146 0.00234375 0.0041716 0.00736559
internal_weight=744 712 519 410 320 169 93
internal_count=744 712 519 410 320 169 93
is_linear=0
shrinkage=0.05


Tree=10
num_leaves=8
num_cat=0
split_feature=1 0 6 4 6 6 0
split_gain=1.49622 1.23273 0.765686 0.880884 0.642499 0.557544 0.395071
threshold=0.088662400255662202 0.0025861070462891438 1.0951372801450259 0.075946292662650405 0.44851292946500843 2.2326546594008425 0.024956340606618003
decision_type=2 2 2 2 2 2 2
left_child=2 -2 3 6 -3 -4 -1
right_child=1 4 5 -5 -6 -7 -8
leaf_value=-0.00031090154739184988 0.0031190957114529631 0.00073376686544598599 0.0012821968902811418 0.0011732613061908805 -0.00012431245778843193 -0.00029563838988081901 0.0011337687047664519
leaf_weight=486 25 25 33 37 57 26 60
leaf_count=486 25 25 33 37 57 26 60
internal_value=-0.000193593 0.00528037 -0.00110592 -0.00165523 0.00231707 0.00432203 -0.00216117
internal_weight=749 107 642 583 82 59 546
internal_count=749 107 642 583 82 59 546
is_linear=0
shrinkage=0.05


Tree=11
num_leaves=8
num_cat=0
split_feature=1 0 4 6 6 5 11
split_gain=1.45929 1.14503 0.799197 0.623624 0.522255 0.725366 0.392063
threshold=0.088662400255662202 -0.0011483342788071169 0.077577991892086945 0.44851292946500843 1.0951372801450259 0.019886985747183342 -0.0084964669653203023
decision_type=2 2 2 2 2 2 2
left_child=2 -2 4 -3 6 -6 -1
right_child=1 3 -4 -5 5 -7 -8
leaf_value=6.9082273199637175e-06 0.0029296806227325804 0.00069707852217368662 0.0011544889638704225 -0.00021013376996370311 0.001277211367281757 -0.0004255057782825704 -0.00035684120445687552
leaf_weight=131 26 25 36 64 30 26 409
leaf_count=131 26 25 36 64 30 26 409
internal_value=-0.000180724 0.005 -0.00112342 0.00230337 -0.0015604 0.00303571 -0.00203704
internal_weight=747 115 632 89 596 56 540
internal_count=747 115 632 89 596 56 540
is_linear=0
shrinkage=0.05


Tree=12
num_leaves=8
num_cat=0
split_feature=13 0 15 9 9 1 11
split_gain=1.1376 0.675773 0.811903 0.712171 0.705726 0.741359 0.477948
threshold=25.19999980926514 0.017690129757519383 0.0014703025428648433 -0.051167723076871612 -0.32243960871504995 0.11341522275658157 -0.0082927648313566565
decision_type=2 2 2 8 8 2 2
left_child=1 4 -3 -4 -1 6 -6
right_child=-2 2 3 -5 5 -7 -8
leaf_value=0.0004226857199150133 0.0013987865021803199 0.0013416088219355656 0.0011124057698064826 -0.00010295604874367481 3.2861679300428975e-06 0.0014392124328224919 -0.00043562966763803989
leaf_weight=27 33 43 30 103 105 36 357
leaf_count=27 33 43 30 103 105 36 357
internal_value=-0.000435968 -0.000863054 0.00181818 -0.000112783 -0.00176191 -0.00218876 -0.00272727
internal_weight=734 701 176 133 525 498 462
internal_count=734 701 176 133 525 498 462
is_linear=0
shrinkage=0.05


Tree=13
num_leaves=8
num_cat=0
split_feature=1 10 15 5 5 4 6
split_gain=1.0417 1.88504 0.577761 1.139 1.25433 0.83204 0.632523
threshold=0.11341522275658157 0.00074647751592549227 0.00057923249945746058 0.019486688896507797 0.021629720432127523 0.04904446476614966 -0.38107954792554627
decision_type=2 2 2 2 2 2 2
left_child=2 -2 3 -1 -5 -6 -7
right_child=1 -3 -4 4 5 6 -8
leaf_value=-0.00035382752238011933 0.002941604919454094 -5.2736464893101721e-05 -0.00026525567644926102 0.0018451492270422356 -0.00023444923694205768 0.00084624852746535565 0.00059211191192790232
leaf_weight=114 26 53 367 28 84 37 36
leaf_count=114 26 53 367 28 84 37 36
internal_value=-0.000302015 0.00512658 -0.000945947 0.000685618 0.00310811 0.00136943 0.00527397
internal_weight=745 79 666 299 185 157 73
internal_count=745 79 666 299 185 157 73
is_linear=0
shrinkage=0.05


Tree=14
num_leaves=8
num_cat=0
split_feature=6 12 8 3 4 4 14
split_gain=0.938536 0.715817 0.431801 0.625 0.595694 0.994989 0.604978
threshold=-0.51871099840715329 -0.050232690438178178 0.020431237178265674 0.0075624051132062728 0.03972612789677777 0.04644770925520212 0.009860755526874045
decision_type=2 2 10 2 2 2 2
left_child=-1 -2 3 -3 -4 -6 -7
right_child=1 2 4 -5 5 6 -8
leaf_value=-0.00034523913786799025 0.0012523697595367685 -0.00046574951964166022 -0.00016908209347614331 0.00010544366188240368 0.001444607344558221 -0.00017932290877199176 0.0027945246434085335
leaf_weight=269 25 140 117 56 33 43 36
leaf_count=269 25 140 117 56 33 43 36
internal_value=-0.000618916 0.000777777 0.000294116 -0.00142857 0.00176856 0.004375 0.00132911
internal_weight=719 450 425 196 229 112 79
internal_count=719 450 425 196 229 112 79
is_linear=0
shrinkage=0.05


Tree=15
num_leaves=8
num_cat=0
split_feature=5 9 10 5 2 8 11
split_gain=0.850399 0.585224 1.9533 0.71688 0.937399 0.638322 0.576923
threshold=0.018311528073539449 0.17629856618998976 -0.0030276650310187554 0.020754854215542712 0.0086300347439094444 -0.18005778546445669 0.020527358618941841
decision_type=2 10 2 2 2 8 2
left_child=-1 3 -3 4 -2 -5 -4
right_child=1 2 6 5 -6 -7 -8
leaf_value=-0.00038551655039861555 0.00084143276706945779 0.0017082157418144746 -6.6705108958739173e-05 0.00094416770435534281 -0.00026876370416781687 -0.00033414011336309297 0.00056624906199152487
leaf_weight=195 51 40 90 30 49 261 27
leaf_count=195 51 40 90 30 49 261 27
internal_value=-0.000625842 0.00038321 0.00296178 -0.000652175 0.003 -0.00190722 -0.000299146
internal_weight=743 548 157 391 100 291 117
internal_count=743 548 157 391 100 291 117
is_linear=0
shrinkage=0.05


Tree=16
num_leaves=8
num_cat=0
split_feature=6 4 14 8 2 12 6
split_gain=1.03631 0.460212 0.674028 0.87199 0.730519 1.09435 0.453679
threshold=-0.51871099840715329 0.036196160321250205 -0.083456210331023115 0.020431237178265674 0.046295903267273848 0.040312415369648032 1.0749824277970068
decision_type=2 2 2 8 2 2 2
left_child=-1 6 -3 -4 -5 -6 -2
right_child=1 2 3 4 5 -7 -8
leaf_value=-0.00034530970183215654 -0.00016120860315741445 0.00098229614397611956 -0.00065717165593265044 0.0011993539336279261 -0.00014034711932172178 0.0019454373687870501 0.00084492972009925942
leaf_weight=280 146 32 105 28 87 39 40
leaf_count=280 146 32 105 28 87 39 40
internal_value=-0.000442538 0.000974842 0.00221649 0.00137066 0.00376623 0.00214286 -0.000967743
internal_weight=757 477 291 259 154 126 186
internal_count=757 477 291 259 154 126 186
is_linear=0
shrinkage=0.05


Tree=17
num_leaves=8
num_cat=0
split_feature=1 10 6 9 9 15 6
split_gain=0.991641 1.46049 0.61467 0.451206 0.505499 0.552398 0.670918
threshold=0.076921932708477705 0.00090086479202544656 0.6942688291016208 -0.32243960871504995 -0.054012868073709745 -0.0030821786331124419 -0.33786415519144941
decision_type=2 2 2 8 10 2 2
left_child=3 -2 -3 -1 -5 6 -6
right_child=1 2 -4 4 5 -7 -8
leaf_value=0.00087675808931049525 0.002334684086906355 0.00060020968227960888 -0.00087588076776278553 -0.00031203531618902896 0.00080141906199656136 -0.00025983867206466615 -8.0051040891340928e-05
leaf_weight=41 45 30 51 314 45 177 43
leaf_count=41 45 30 51 314 45 177 43
internal_value=-0.000710457 0.00333333 -0.000679014 -0.00153226 -0.00189119 -0.00028302 0.00295454
internal_weight=746 126 81 620 579 265 88
internal_count=746 126 81 620 579 265 88
is_linear=0
shrinkage=0.05


Tree=18
num_leaves=8
num_cat=0
split_feature=1 9 0 15 13 3 3
split_gain=0.69395 0.637424 0.614769 0.790131 0.500605 0.710371 0.480159
threshold=0.14277893460098226 0.549643375616229 0.017761471319584835 0.0014703025428648433 19.814999580383304 -0.010717637354829777 0.0026174373121443666
decision_type=2 8 2 2 2 2 2
left_child=2 -2 4 -4 -1 -6 -5
right_child=1 -3 3 6 5 -7 -8
leaf_value=-0.00027869008392314231 0.0010899470991917405 -7.7074146524831372e-05 0.001125009902299757 -0.00074478038755095618 -0.00033400356929329505 0.00088802969288347394 0.00037389831629549349
leaf_weight=436 27 26 35 42 45 58 84
leaf_count=436 27 26 35 42 45 58 84
internal_value=-0.00108234 0.00443396 -0.0015 0.00121118 -0.00230983 0.000825242 -0.000634922
internal_weight=753 53 700 161 539 103 126
internal_count=753 53 700 161 539 103 126
is_linear=0
shrinkage=0.05


Tree=19
num_leaves=8
num_cat=0
split_feature=5 1 10 16 12 15 15
split_gain=1.06031 0.835255 1.11928 0.688538 0.645466 0.512039 0.93727
threshold=0.019486688896507797 0.082301092512717791 0.00090086479202544656 0.022094113282572051 -0.043864321053953818 -0.0034253456343100171 -0.0080136933192340703
decision_type=2 2 2 2 2 2 2
left_child=-1 4 -3 -4 -2 6 -6
right_child=1 2 3 -5 5 -7 -8
leaf_value=-0.00029690095884950967 0.0012314976443105125 0.0023261837020382477 0.00062423099400966942 -7.6267430427225092e-05 -9.7937233204449818e-05 -0.000216177038343361 0.0010958980288850457
leaf_weight=258 30 40 25 38 82 228 38
leaf_count=258 30 40 25 38 82 228 38
internal_value=-0.000669825 0.000717255 0.00470874 0.000555554 -0.000370372 -0.000977013 0.00166667
internal_weight=739 481 103 63 378 348 120
internal_count=739 481 103 63 378 348 120
is_linear=0
shrinkage=0.05


Tree=20
num_leaves=8
num_cat=0
split_feature=1 10 3 15 2 0 16
split_gain=0.851031 1.03644 0.631369 0.585082 0.632967 0.699595 0.470868
threshold=0.11341522275658157 0.0004408774644957259 0.0022469394157826898 0.0014703025428648433 -0.031448267254706057 1.0000000180025095e-35 0.026478017329660267
decision_type=2 2 2 2 2 2 2
left_child=2 -2 -1 4 -4 -6 -5
right_child=1 -3 3 6 5 -7 -8
leaf_value=-0.00021387725459568065 0.0022994846947443199 -4.5347012747601075e-05 0.0013292597175098458 -0.00019011534441093437 -0.00020666340912705515 0.00090269715024609643 0.00044616583759726292
leaf_weight=414 26 50 26 119 27 38 51
leaf_count=414 26 50 26 119 27 38 51
internal_value=-0.000805594 0.00421053 -0.00137037 0.000555554 0.00379121 0.00115384 -0.00117647
internal_weight=751 76 675 261 91 65 170
internal_count=751 76 675 261 91 65 170
is_linear=0
shrinkage=0.05


Tree=21
num_leaves=8
num_cat=0
split_feature=13 3 12 8 1 1 15
split_gain=0.671797 0.783944 0.938515 0.801697 0.390354 0.902096 0.614853
threshold=19.814999580383304 -0.010717637354829777 -0.03685301683685837 -0.0092815935420150746 0.032309196610689546 0.040855926238494551 0.0043876731117163956
decision_type=2 2 2 10 2 2 2
left_child=4 -2 -3 -4 -1 -6 -7
right_child=1 2 3 -5 5 6 -8
leaf_value=-0.00023661032856878416 -0.00026855046438571841 0.0018073117814338827 -0.00037082442430956932 0.0015510251007144361 0.0010237347227062287 0.00075082531222811055 -0.00033186612526170888
leaf_weight=394 50 29 28 41 25 87 94
leaf_count=394 50 29 28 41 25 87 94
internal_value=-0.000922461 0.00209459 0.00469388 0.00152174 -0.00166667 9.70862e-05 -0.0011326
internal_weight=748 148 98 69 600 206 181
internal_count=748 148 98 69 600 206 181
is_linear=0
shrinkage=0.05


Tree=22
num_leaves=8
num_cat=0
split_feature=9 10 5 15 11 11 5
split_gain=0.721343 1.14599 0.892428 0.688648 1.16165 0.425401 0.323813
threshold=0.23287700967135386 -0.0030276650310187554 0.031535381742762471 0.014064595328595832 0.0023967132721236521 0.023858955233929894 0.027377037730968241
decision_type=10 2 2 2 2 2 2
left_child=3 2 -2 -1 -5 6 -3
right_child=1 5 -4 4 -6 -7 -8
leaf_value=-0.00029452256412147796 0.00017712036884598499 0.00021942916880187481 0.0021520140631640311 0.0005486789783242926 -0.00027831291182998035 0.0017664525977186176 -0.0001550410882370215
leaf_weight=466 25 37 26 25 52 25 86
leaf_count=466 25 37 26 25 52 25 86
internal_value=-0.0012938 0.00128141 0.0077451 -0.00223757 0.00214286 -0.000945947 -0.00215447
internal_weight=742 199 51 543 77 148 123
internal_count=742 199 51 543 77 148 123
is_linear=0
shrinkage=0.05


Tree=23
num_leaves=8
num_cat=0
split_feature=5 6 15 9 12 4 2
split_gain=0.770771 0.67223 0.874914 1.68924 0.784259 0.700899 0.532127
threshold=0.019261538429470999 -0.67495411785343429 0.0012677310499032981 0.14378208253052052 -0.0093119022308690274 0.040628354096430348 -0.0041356876856213911
decision_type=2 2 2 10 2 2 2
left_child=-1 4 3 5 -2 6 -3
right_child=1 2 -4 -5 -6 -7 -8
leaf_value=-0.00026580381693115727 0.00062130545892240372 0.00051732849740310867 -4.0040732317190378e-05 0.0018318275270562498 -0.00047948857349237086 -0.00050265643463317665 0.00029976525938240121
leaf_weight=246 32 26 197 46 108 62 34
leaf_count=246 32 26 197 46 108 62 34
internal_value=-0.000672438 0.000445543 0.00157534 0.00422619 -0.0025 0.00114754 0.005
internal_weight=751 505 365 168 140 122 60
internal_count=751 505 365 168 140 122 60
is_linear=0
shrinkage=0.05


Tree=24
num_leaves=8
num_cat=0
split_feature=6 11 11 5 8 6 7
split_gain=0.626532 0.563625 0.825102 0.70228 0.604145 0.832363 0.659395
threshold=-0.67495411785343429 0.011915744624196202 0.0091429221400685119 0.018450118320110936 -0.021399555444410519 -0.24484857660340575 0.015867685902746457
decision_type=2 2 2 2 8 2 2
left_child=-1 2 3 -2 5 -5 -6
right_child=1 -3 -4 4 6 -7 -8
leaf_value=-0.0002809751669676451 -0.00026056511707404976 -6.0977139628118904e-05 0.0012881690743102615 0.0012318359874679712 -0.00032017125562417722 2.3247672983012582e-05 0.00059576890826199675
leaf_weight=207 90 176 43 25 58 51 99
leaf_count=207 90 176 43 25 58 51 99
internal_value=-0.000727638 0.00016605 0.00128415 0.000417955 0.00186695 0.00552631 9.55402e-05
internal_weight=749 542 366 323 233 76 157
internal_count=749 542 366 323 233 76 157
is_linear=0
shrinkage=0.05


Tree=25
num_leaves=8
num_cat=0
split_feature=6 9 0 12 10 8 8
split_gain=0.771563 0.499759 1.15943 0.807563 0.779423 0.830769 0.630208
threshold=-0.48009695567051541 -0.024603665632648149 0.020528725884712443 0.023812257227728287 -0.0030276650310187554 0.1646665411691122 0.074908124419118219
decision_type=2 10 2 2 2 10 10
left_child=-1 2 -2 -4 -3 6 -6
right_child=1 4 3 -5 5 -7 -8
leaf_value=-0.00022842721288116429 -0.00012953940146360891 0.0015992374065061398 -5.1761441774867523e-05 0.00099732860164213804 -3.5359349313526961e-05 -0.0001623564420660564 0.0011958814628045414
leaf_weight=293 183 57 40 28 64 60 32
leaf_count=293 183 57 40 28 64 60 32
internal_value=-0.000772789 0.000495688 -0.00101594 0.00455882 0.00227699 0.000448717 0.00333333
internal_weight=757 464 251 68 213 156 96
internal_count=757 464 251 68 213 156 96
is_linear=0
shrinkage=0.05


Tree=26
num_leaves=8
num_cat=0
split_feature=9 15 6 7 9 9 6
split_gain=0.611439 0.905547 0.684916 0.65514 0.647676 0.48014 0.475094
threshold=0.14146284670830003 0.0013472785893936525 1.7779146550579887 0.079981758956653173 -0.39009754369912791 0.30163994175724135 -0.40894639103850172
decision_type=10 2 2 2 8 10 2
left_child=2 3 4 6 -1 -3 -2
right_child=1 5 -4 -5 -6 -7 -8
leaf_value=0.00081642976883691788 0.00028565912537327655 0.00017776221647687474 0.00064139916893724306 0.0017972356274687175 -0.00025698180846222418 -0.00021127792973984957 -0.0004574916853003961
leaf_weight=25 38 27 47 28 435 110 27
leaf_count=25 38 27 47 28 435 110 27
internal_value=-0.00126866 0.000869564 -0.00223866 0.00467742 -0.00282609 -0.00171533 0.00192308
internal_weight=737 230 507 93 460 137 65
internal_count=737 230 507 93 460 137 65
is_linear=0
shrinkage=0.05


Tree=27
num_leaves=8
num_cat=0
split_feature=5 6 2 3 10 1 6
split_gain=0.811359 0.594781 0.487008 0.597258 0.457996 1.13575 0.81492
threshold=0.018385854932240788 -0.67495411785343429 -0.018389101570024876 -0.0024093368858879578 0.002139856175938371 0.11341522275658157 -0.35279527032518876
decision_type=2 2 2 2 2 2 2
left_child=-1 2 3 -2 5 6 -3
right_child=1 4 -4 -5 -6 -7 -8
leaf_value=-0.00030138344748698286 -0.00041573587867815143 0.0010003537588292757 -0.00040626900206891579 0.00097448534301561123 -3.0275120255628298e-05 0.0016831579086331679 -4.3760508430861107e-05
leaf_weight=194 31 46 105 25 178 30 140
leaf_count=194 31 46 105 25 178 30 140
internal_value=-0.000927905 4.50439e-05 -0.00251553 0.00125 0.00109137 0.00263889 0.00118279
internal_weight=749 555 161 56 394 216 186
internal_count=749 555 161 56 394 216 186
is_linear=0
shrinkage=0.05


Tree=28
num_leaves=8
num_cat=0
split_feature=3 1 6 6 2 5 14
split_gain=0.782334 0.840496 0.481691 0.861046 0.845943 0.677351 0.705128
threshold=-0.0005220685460412543 0.11636753079211094 2.359047189926144 1.0951372801450259 0.041648262513010577 0.0245528960507377 -0.03839547318596314
decision_type=2 2 2 2 2 2 2
left_child=1 -1 3 4 5 -2 -7
right_child=2 -3 -4 -5 -6 6 -8
leaf_value=-0.00025225734415353871 -5.1178137742147869e-06 0.00089797364445176912 -0.00084312184524257911 0.0011881831426309676 -0.00027060535586263725 0.0014007939656064477 0.0011482915713773776
leaf_weight=326 132 28 35 43 135 32 33
leaf_count=326 132 28 35 43 135 32 33
internal_value=-0.000876965 -0.00259887 0.000609755 0.00113333 0.000271083 0.0023604 0.00653846
internal_weight=764 354 410 375 332 197 65
internal_count=764 354 410 375 332 197 65
is_linear=0
shrinkage=0.05


Tree=29
num_leaves=8
num_cat=0
split_feature=6 6 5 16 16 14 1
split_gain=0.759537 0.388763 0.545902 0.399587 0.697809 0.653613 0.49173
threshold=-0.48009695567051541 -0.33786415519144941 0.032584672528581486 0.039067309740818963 0.014926180038304484 -0.011298954547856009 0.082301092512717791
decision_type=2 2 2 2 2 2 2
left_child=-1 -2 3 4 6 -6 -3
right_child=1 2 -4 -5 5 -7 -8
leaf_value=-0.00021396608578024058 0.00011314227073197852 -0.00014440443401210856 0.00150956334992218 -0.00026018884236480834 0.00064649166847646181 -0.00039921361118686201 0.00026433724637357048
leaf_weight=275 51 179 71 46 47 38 25
leaf_count=275 51 179 71 46 47 38 25
internal_value=-0.00056011 0.000689277 0.000172413 -0.000671643 1.72998e-05 0.00382353 -0.00156863
internal_weight=732 457 406 335 289 85 204
internal_count=732 457 406 335 289 85 204
is_linear=0
shrinkage=0.05


end of trees

feature_importances:
dvol_z_20=32
ret_5d=19
parkinson_20=19
dist_ma200=16
ret_1d=15
vix_level=14
sector_ret_1d=14
spy_ret_1d=12
atr_pct=11
spy_ret_5d=10
spy_ret_20d=10
overnight_gap=9
ret_20d=8
dist_ma50=8
sector_ret_5d=7
vix_chg_1d=4
dist_ma20=2

parameters:
[boosting: gbdt]
[objective: quantile]
[metric: quantile]
[tree_learner: serial]
[device_type: cpu]
[data_sample_strategy: bagging]
[data: ]
[valid: ]
[num_iterations: 80]
[learning_rate: 0.05]
[num_leaves: 8]
[num_threads: 1]
[seed: 0]
[deterministic: 0]
[force_col_wise: 1]
[force_row_wise: 0]
[histogram_pool_size: -1]
[max_depth: -1]
[min_data_in_leaf: 25]
[min_sum_hessian_in_leaf: 0.001]
[bagging_fraction: 0.9]
[pos_bagging_fraction: 1]
[neg_bagging_fraction: 1]
[bagging_freq: 1]
[bagging_seed: 3]
[bagging_by_query: 0]
[feature_fraction: 0.9]
[feature_fraction_bynode: 1]
[feature_fraction_seed: 2]
[extra_trees: 0]
[extra_seed: 6]
[early_stopping_round: 0]
[early_stopping_min_delta: 0]
[first_metric_only: 0]
[max_delta_step: 0]
[lambda_l1: 0]
[lambda_l2: 0]
[linear_lambda: 0]
[min_gain_to_split: 0]
[drop_rate: 0.1]
[max_drop: 50]
[skip_drop: 0.5]
[xgboost_dart_mode: 0]
[uniform_drop: 0]
[drop_seed: 4]
[top_rate: 0.2]
[other_rate: 0.1]
[min_data_per_group: 100]
[max_cat_threshold: 32]
[cat_l2: 10]
[cat_smooth: 10]
[max_cat_to_onehot: 4]
[top_k: 20]
[monotone_constraints: ]
[monotone_constraints_method: basic]
[monotone_penalty: 0]
[feature_contri: ]
[forcedsplits_filename: ]
[refit_decay_rate: 0.9]
[cegb_tradeoff: 1]
[cegb_penalty_split: 0]
[cegb_penalty_feature_lazy: ]
[cegb_penalty_feature_coupled: ]
[path_smooth: 0]
[interaction_constraints: ]
[verbosity: -1]
[saved_feature_importance_type: 0]
[use_quantized_grad: 0]
[num_grad_quant_bins: 4]
[quant_train_renew_leaf: 0]
[stochastic_rounding: 1]
[linear_tree: 0]
[max_bin: 255]
[max_bin_by_feature: ]
[min_data_in_bin: 3]
[bin_construct_sample_cnt: 200000]
[data_random_seed: 1]
[is_enable_sparse: 1]
[enable_bundle: 1]
[use_missing: 1]
[zero_as_missing: 0]
[feature_pre_filter: 1]
[pre_partition: 0]
[two_round: 0]
[header: 0]
[label_column: ]
[weight_column: ]
[group_column: ]
[ignore_column: ]
[categorical_feature: ]
[forcedbins_filename: ]
[precise_float_parser: 0]
[parser_config_file: ]
[objective_seed: 5]
[num_class: 1]
[is_unbalance: 0]
[scale_pos_weight: 1]
[sigmoid: 1]
[boost_from_average: 1]
[reg_sqrt: 0]
[alpha: 0.9]
[fair_c: 1]
[poisson_max_delta_step: 0.7]
[tweedie_variance_power: 1.5]
[lambdarank_truncation_level: 30]
[lambdarank_norm: 1]
[label_gain: ]
[lambdarank_position_bias_regularization: 0]
[eval_at: ]
[multi_error_top_k: 1]
[auc_mu_weights: ]
[num_machines: 1]
[local_listen_port: 12400]
[time_out: 120]
[machine_list_filename: ]
[machines: ]
[gpu_platform_id: -1]
[gpu_device_id: -1]
[gpu_device_id_list: ]
[gpu_use_dp: 0]
[num_gpu: 1]

end of parameters

pandas_categorical:[]
