tree
version=v4
num_class=1
num_tree_per_iteration=1
label_index=0
max_feature_idx=16
objective=quantile
feature_names=ret_1d ret_5d ret_20d overnight_gap atr_pct parkinson_20 dvol_z_20 dist_ma20 dist_ma50 dist_ma200 spy_ret_1d spy_ret_5d spy_ret_20d vix_level vix_chg_1d sector_ret_1d sector_ret_5d
feature_infos=[-0.17453778691652444:0.15665348024524639] [-0.22674852973430837:0.30912945316626339] [-0.28674119600452841:0.32979469099980929] [-0.11396214280677741:0.12108029811933929] [0.019517363694609789:0.080446343034761572] [0.012523860649335314:0.039863840018705909] [-2.2076867703065757:4.2918038450649689] [-0.23265603049931716:0.20391278813869662] [-0.24877982796851172:0.20906390647763051] [-0.34847149143430067:0.4991539683552555] [-0.058542971330535654:0.10501930183911301] [-0.11496151859245618:0.082843162776128354] [-0.1226559005192206:0.15756591020035837] [11.859999656677246:52.330001831054688] [-0.35753873962348437:0.74039073966007019] [-0.060400368534546778:0.10888055657805773] [-0.11617886647053255:0.1006018727753657]
tree_sizes=840 858 838 867 857 866 851 853 853 860 863 861 855 859 855 853 855 857 861 860 861 854 868 852 862 865 854 869 856 853 849 863 856 856 859 864 866 870 863 858 851 846 843 854 852 844 858 864 852 845 851 856 858 852 840 871 855 867 837 861 856 852 859 844 853 869 860

Tree=0
num_leaves=8
num_cat=0
split_feature=1 3 13 1 9 12 13
split_gain=1.86878 1.75372 2.14861 1.76297 1.55891 1.37251 1.48103
threshold=0.058554372556428931 0.017905390421740889 14.734999656677248 -0.051855611723518651 -0.27904190018898156 0.020963092201194859 12.555000305175783
decision_type=2 2 2 2 10 2 2
left_child=1 2 5 4 -4 -1 -7
right_child=-2 -3 3 -5 -6 6 -8
leaf_value=0.0010743057646322995 0.0013618676457554102 0.0024960262991953639 0.0018696041603107004 0.0017035604047123342 0.0010272522747982293 0.0012042336573358625 0.0016146004782058299
leaf_weight=37 108 32 29 369 45 30 100
leaf_count=37 108 32 29 369 45 30 100
internal_value=0.00157819 0.00260186 0.00200332 0.00382529 -0.00321821 -0.0028298 -0.000411557
internal_weight=750 642 610 443 74 167 130
internal_count=750 642 610 443 74 167 130
is_linear=0
shrinkage=1


Tree=1
num_leaves=8
num_cat=0
split_feature=0 3 9 13 0 1 7
split_gain=2.18266 2.05811 1.55769 1.95582 1.33565 1.32815 2.39974
threshold=-0.0014890568951998471 -0.0047554455985738811 0.10980470311303915 19.085000038146976 -0.017456610701290728 -0.012576722346579581 1.0000000180025095e-35
decision_type=2 2 10 2 2 2 2
left_child=1 4 3 -3 -1 -2 -7
right_child=5 2 -4 -5 -6 6 -8
leaf_value=-0.00023157999647082763 0.00015794440114405008 -0.00017005066329147669 0.0003670333910849877 0.0006113825339707546 0.00022247431072173638 -0.00048215094459010295 -7.3389592653256845e-05
leaf_weight=65 82 67 100 29 57 60 274
leaf_count=65 82 67 100 29 57 60 274
internal_value=0.000340599 0.00345912 0.00663265 0.00208333 -0.00163934 -0.00204327 -0.00344311
internal_weight=734 318 196 96 122 416 334
internal_count=734 318 196 96 122 416 334
is_linear=0
shrinkage=0.05


Tree=2
num_leaves=8
num_cat=0
split_feature=13 1 1 5 0 4 13
split_gain=1.68608 1.84221 2.16642 1.86874 1.82798 1.79487 1.66978
threshold=12.494999885559084 0.055242283922762765 0.047158411851130684 0.017070231803684398 0.0038396514386240814 0.025437774016411108 15.97499990463257
decision_type=2 2 2 2 2 2 2
left_child=-1 2 3 4 6 -6 -2
right_child=1 -3 -4 -5 5 -7 -8
leaf_value=-0.00029489922191351073 0.0001252378492936259 -0.00017366599276283525 0.00028339819604661902 -6.2040969123700054e-05 -0.00023096843069288298 0.00038514239371761509 0.00044728562679119941
leaf_weight=25 29 118 29 464 30 26 28
leaf_count=25 29 118 29 464 30 26 28
internal_value=-0.000233645 0.000207182 0.00132013 0.000649913 0.00641593 0 0.0127193
internal_weight=749 724 606 577 113 56 57
internal_count=749 724 606 577 113 56 57
is_linear=0
shrinkage=0.05


Tree=3
num_leaves=8
num_cat=0
split_feature=10 0 3 14 9 0 3
split_gain=2.61881 1.85051 2.22374 2.08973 1.82088 1.72494 1.41718
threshold=0.010824112764753148 -0.0016750971394878242 -0.0047554455985738811 -0.069744182185856193 0.18515091998407554 -0.017456610701290728 0.0030919196642398288
decision_type=2 2 2 2 10 2 2
left_child=1 2 5 -3 -4 -1 -5
right_child=-2 3 4 6 -6 -7 -8
leaf_value=-0.00021837759740128603 0.00046711920959523922 0.00024924606513895928 9.0022746718796049e-05 -7.5720603407262389e-05 0.00026767945728670383 0.00019683481420679531 -0.00028102502409487899
leaf_weight=65 63 38 108 184 90 57 138
leaf_count=65 63 38 108 184 90 57 138
internal_value=0.000168237 -0.000735294 0.00203125 -0.00319444 0.00530303 -0.00327869 -0.00450311
internal_weight=743 680 320 360 198 122 322
internal_count=743 680 320 360 198 122 322
is_linear=0
shrinkage=0.05


Tree=4
num_leaves=8
num_cat=0
split_feature=13 13 14 12 5 0 5
split_gain=2.47948 1.66711 2.94064 2.26658 2.09058 2.00093 1.83994
threshold=12.555000305175783 19.115000724792484 -0.066405515647089006 0.021636066325832374 0.02201468995608041 0.0097662487826639683 0.019465136309128401
decision_type=2 2 2 2 2 2 2
left_child=-1 2 -2 -4 -3 6 -5
right_child=1 4 3 5 -6 -7 -8
leaf_value=-0.00034861025213901936 0.00043384360510719032 0.00032950241407677029 -0.00032579590341955057 0.00028333412323342715 0.00019447677531926957 -0.0001919029154102941 -0.00011504651822572557
leaf_weight=31 57 40 211 92 137 104 74
leaf_count=31 57 40 211 92 137 104 74
internal_value=0.000134048 0.000734266 -0.000650558 -0.00192308 0.0049435 0.00111111 0.00451807
internal_weight=746 715 538 481 177 270 166
internal_count=746 715 538 481 177 270 166
is_linear=0
shrinkage=0.05


Tree=5
num_leaves=8
num_cat=0
split_feature=14 15 3 16 11 16 14
split_gain=1.36517 1.77288 1.68755 1.28419 1.4901 1.83615 1.92706
threshold=0.11068884178819839 -0.0060168413683126523 0.0040261876343075107 -0.033348441004840627 -0.0071962553700703471 -0.0033861607950620982 -0.066405515647089006
decision_type=2 2 2 2 2 2 2
left_child=1 2 -1 -3 -5 -6 -7
right_child=-2 3 -4 4 5 6 -8
leaf_value=-0.00022746031060421126 0.00037917829557283919 -0.00043632359550141095 0.00040731529664581479 0.00039852446076429638 -0.00026426740149950871 0.0002888751079608362 1.2866362516336071e-05
leaf_weight=127 51 26 27 65 73 56 312
leaf_count=127 51 26 27 65 73 56 312
internal_value=0.000440977 -0.000145773 -0.00487013 0.0012218 0.00177866 0.000736961 0.00217391
internal_weight=737 686 154 532 506 441 368
internal_count=737 686 154 532 506 441 368
is_linear=0
shrinkage=0.05


Tree=6
num_leaves=8
num_cat=0
split_feature=0 9 3 16 9 13 13
split_gain=1.51928 1.45361 3.15074 1.58948 1.46091 1.51194 1.37705
threshold=-0.0014890568951998471 0.12242554832490805 0.0035440239781084908 0.0023949271117611475 0.3189350177761166 15.684999942779543 23.965000152587894
decision_type=2 8 2 2 8 2 2
left_child=1 2 3 -1 5 -3 -2
right_child=6 4 -4 -5 -6 -7 -8
leaf_value=-0.00038298773379122835 -0.00011545378680642834 2.0334233458242865e-06 0.00081671010337187877 0.00010005785993666386 5.1717284675950821e-05 0.00035820191320642107 0.00047171067453755138
leaf_weight=53 386 37 32 30 115 68 25
leaf_count=53 386 37 32 30 115 68 25
internal_value=-0.000335121 0.00216418 -0.0023913 -0.00753012 0.00454545 0.00880952 -0.00237226
internal_weight=746 335 115 83 220 105 411
internal_count=746 335 115 83 220 105 411
is_linear=0
shrinkage=0.05


Tree=7
num_leaves=8
num_cat=0
split_feature=15 9 3 1 8 5 4
split_gain=1.66837 1.49953 1.858 1.27328 1.41724 1.21845 1.81481
threshold=-0.02422357426564686 0.16175536629614942 -0.009375694022940138 0.055242283922762765 0.11839171383427007 0.024223167157768073 0.033113420966181951
decision_type=2 8 2 2 10 2 2
left_child=-1 2 -2 5 -5 6 -3
right_child=1 3 -4 4 -6 -7 -8
leaf_value=0.00040348277405605573 -0.00047245157853041241 0.00013115918749480963 -0.00010138022174701364 -0.00048770774436418871 0.00017054399862897018 0.00049838826966232264 -0.00022263435822030128
leaf_weight=25 36 243 196 37 47 80 81
leaf_count=25 36 243 196 37 47 80 81
internal_value=0.000302013 -0.000138889 -0.00344828 0.00143443 -0.00416667 0.00259901 0.00123457
internal_weight=745 720 232 488 84 404 324
internal_count=745 720 232 488 84 404 324
is_linear=0
shrinkage=0.05


Tree=8
num_leaves=8
num_cat=0
split_feature=10 12 13 6 9 9 0
split_gain=1.73042 2.64087 2.2915 1.52779 1.51831 1.9037 1.69285
threshold=0.010655378584307098 0.018300587263459293 14.734999656677248 -0.96336955538496027 -0.08210446407100129 -0.23956374912519598 -0.0087896035329719218
decision_type=2 2 2 2 8 10 2
left_child=2 -2 -1 -4 5 -5 -6
right_child=1 -3 3 4 6 -7 -8
leaf_value=-0.00018255200074492322 -8.5670840300100705e-08 0.00090996200256524733 -0.00031733504036643673 0.00043351164259210505 0.00026734069426713941 -0.00049611985063644773 3.6323490537394115e-05
leaf_weight=198 44 28 41 32 120 41 260
leaf_count=198 44 28 41 32 120 41 260
internal_value=0.00026178 0.00763889 -0.00050578 0.00131579 0.00215232 -0.00445205 0.00342105
internal_weight=764 72 692 494 453 73 380
internal_count=764 72 692 494 453 73 380
is_linear=0
shrinkage=0.05


Tree=9
num_leaves=8
num_cat=0
split_feature=12 13 8 9 0 10 16
split_gain=2.26765 1.39907 1.37427 1.59406 2.95179 1.6283 1.61289
threshold=-0.052281358654850445 12.494999885559084 0.15651286219565211 0.038576856514838893 -0.0093241558590535494 -0.00018001810557455308 0.041196842687590947
decision_type=2 2 10 8 2 2 2
left_child=-1 -2 3 4 -3 -6 -5
right_child=1 2 -4 6 5 -7 -8
leaf_value=0.00093695639122916199 -0.0003318392812291771 -0.000534378005175373 -0.00033298979249415201 8.2774333643976437e-05 -0.00092117692413553297 0.00021153338929104305 -0.00017262302143309987
leaf_weight=27 27 48 51 472 26 61 32
leaf_count=27 27 48 51 472 26 61 32
internal_value=-0.000336022 -0.000871688 -0.000434783 0.000195618 -0.00462963 0.000862069 0.0014881
internal_weight=744 717 690 639 135 87 504
internal_count=744 717 690 639 135 87 504
is_linear=0
shrinkage=0.05


Tree=10
num_leaves=8
num_cat=0
split_feature=10 3 11 0 0 10 1
split_gain=1.04304 2.7423 1.6683 1.24393 1.7827 2.71939 1.5291
threshold=-0.011231034779129566 -0.0060587101995250294 -0.025492153007652226 -0.037280792178748738 -0.0014890568951998471 -0.0038583192426028807 -0.0048942455349058602
decision_type=2 2 2 2 2 2 2
left_child=1 -1 -2 -4 5 6 -5
right_child=2 -3 3 4 -6 -7 -8
leaf_value=-0.00031581777941046111 -0.00059214363923457819 0.00051626395692515065 -0.00020266261985723612 -0.00031758732211778495 -2.3803755347396005e-05 0.00020837696405462153 0.00014568739370308468
leaf_weight=32 27 29 29 36 395 174 27
leaf_count=32 27 29 29 36 395 174 27
internal_value=0.000700935 0.00696721 0.000145349 0.000642965 0.00110759 0.00453586 -0.00436508
internal_weight=749 61 688 661 632 237 63
internal_count=749 61 688 661 632 237 63
is_linear=0
shrinkage=0.05


Tree=11
num_leaves=8
num_cat=0
split_feature=15 10 14 14 9 12 15
split_gain=1.29656 1.3619 1.42742 2.02011 2.00586 1.43271 1.33729
threshold=-0.023287323236036713 0.011197957811865391 -0.067583665573298909 -0.039477048520880569 0.097809318931089254 0.073733903664651171 0.007991479547021953
decision_type=2 2 2 2 10 2 2
left_child=-1 2 4 6 -2 -5 -4
right_child=1 -3 3 5 -6 -7 -8
leaf_value=0.00038668989963954581 0.00047057953057670111 0.00047345100810186565 -7.7142928661542943e-05 8.8399524002376861e-06 -4.2286100667565621e-05 -0.00063852775620631573 -0.00043490457249500161
leaf_weight=26 26 62 43 500 30 26 34
leaf_count=26 26 62 43 500 30 26 34
internal_value=0.000568942 0.00017337 -0.000493171 -0.00120232 0.00714286 -9.5057e-05 -0.00876623
internal_weight=747 721 659 603 56 526 77
internal_count=747 721 659 603 56 526 77
is_linear=0
shrinkage=0.05


Tree=12
num_leaves=8
num_cat=0
split_feature=0 9 6 6 0 1 0
split_gain=1.58451 2.38818 2.26057 2.20778 2.12466 1.94299 1.57381
threshold=-0.0020104072382930989 0.10980470311303915 0.65597057315554508 2.0095640021876591 -0.0098141099084962918 -0.012576722346579581 0.0004969249871660254
decision_type=2 8 2 2 2 2 2
left_child=1 4 -3 5 -1 -2 -7
right_child=3 2 -4 -5 -6 6 -8
leaf_value=-0.00033599070824107428 0.00017903423287658196 0.00022269012451718841 -0.0001582796017768632 0.000627967605569918 0.0001479165065195621 -0.00051534164744597487 -0.00012151198798265026
leaf_weight=70 76 167 40 36 33 25 287
leaf_count=70 76 167 40 36 33 25 287
internal_value=-0.00013624 0.00258065 0.00567633 -0.00212264 -0.00364078 -0.00322165 -0.00496795
internal_weight=734 310 207 424 103 388 312
internal_count=734 310 207 424 103 388 312
is_linear=0
shrinkage=0.05


Tree=13
num_leaves=8
num_cat=0
split_feature=13 3 5 15 1 1 1
split_gain=1.39712 1.97036 1.90316 1.35641 1.41977 1.802 1.64923
threshold=19.115000724792484 0.016693994152982897 0.022593344374367327 -0.016818187782860091 -0.057827399548867557 -0.030751349942449598 -0.019156544163700603
decision_type=2 2 2 2 2 2 2
left_child=1 3 -2 -1 -5 -6 -7
right_child=2 -3 -4 4 5 6 -8
leaf_value=0.00037739404226683378 0.00021851827637887363 0.00052369910112162819 2.027242767936679e-05 -0.00050823364690425604 0.00042045853040464221 -0.00047530090404680482 -6.8466665044666396e-05
leaf_weight=25 44 36 137 36 43 26 398
leaf_count=25 44 36 137 36 43 26 398
internal_value=-0.000369128 -0.00159574 0.00345304 -0.00236742 -0.00293241 -0.00219486 -0.00318396
internal_weight=745 564 181 528 503 467 424
internal_count=745 564 181 528 503 467 424
is_linear=0
shrinkage=0.05


Tree=14
num_leaves=8
num_cat=0
split_feature=2 13 3 12 5 5 4
split_gain=1.39458 1.91967 1.46199 1.45962 1.40428 2.02365 3.25624
threshold=0.16119973798892398 12.494999885559084 0.00046629698703259953 0.060339682487529529 0.017070231803684398 0.026374523713712173 0.043643061184889829
decision_type=2 2 2 2 2 2 2
left_child=1 -1 -2 4 -3 -6 -7
right_child=2 3 -4 -5 5 6 -8
leaf_value=-0.0003295201919109983 2.633417976860809e-05 0.00018565966652999712 -0.00049689647601829068 0.0005185812605319511 -0.0001259739043871342 0.00060660177147106521 2.3645549498487007e-05
leaf_weight=25 40 122 36 33 329 28 106
leaf_count=25 40 122 36 33 329 28 106
internal_value=-0.000173853 0.000583204 -0.00657895 0.00113269 0.000555556 -0.000701944 0.00447761
internal_weight=719 643 76 618 585 463 134
internal_count=719 643 76 618 585 463 134
is_linear=0
shrinkage=0.05


Tree=15
num_leaves=8
num_cat=0
split_feature=13 7 12 13 11 9 11
split_gain=1.59034 1.75165 1.0379 2.68327 1.72287 1.73211 3.44882
threshold=12.644999980926515 0.10470471700690299 0.021636066325832374 14.734999656677248 -0.0034482650078786477 0.2269419929229384 0.010411831074112256
decision_type=2 2 2 2 2 8 2
left_child=-1 2 3 -2 -4 6 -6
right_child=1 -3 4 -5 5 -7 -8
leaf_value=-0.00030143736864619874 -0.00034633206300769387 -0.0002296089524676425 0.00035937441017898901 4.7538523267775523e-05 -0.00032972930716695573 0.00011542129370020906 0.0002421594767675592
leaf_weight=32 41 37 38 328 37 191 39
leaf_count=32 41 37 38 328 37 191 39
internal_value=-3.36474e-05 0.000457103 0.00103858 -0.000745257 0.00319672 0.00177903 -0.00460526
internal_weight=743 711 674 369 305 267 76
internal_count=743 711 674 369 305 267 76
is_linear=0
shrinkage=0.05


Tree=16
num_leaves=8
num_cat=0
split_feature=13 13 14 10 3 14 0
split_gain=1.07685 2.9841 1.47486 1.85045 1.46939 2.04955 1.22706
threshold=19.115000724792484 20.659999847412113 -0.067583665573298909 0.010151792675436979 -0.0051752372194985843 -0.033937801347731548 0.013028893557458178
decision_type=2 2 2 2 2 2 2
left_child=2 -2 3 -1 -3 -6 -4
right_child=1 4 6 -5 5 -7 -8
leaf_value=0.00043273064881121839 0.00036519658780116633 -0.000249073596287079 -1.9616978390929637e-05 -5.9096331975918263e-05 -0.00016131311400159512 0.00026044022796576152 -0.00021370298868403186
leaf_weight=30 67 39 379 31 29 42 140
leaf_count=30 67 39 379 31 29 42 140
internal_value=-0.000165125 0.00324859 -0.0012069 0.00614754 -0.00181818 0.00246479 -0.00207129
internal_weight=757 177 580 61 110 71 519
internal_count=757 177 580 61 110 71 519
is_linear=0
shrinkage=0.05


Tree=17
num_leaves=8
num_cat=0
split_feature=5 16 6 5 12 6 15
split_gain=1.23266 1.98585 1.52986 1.14175 1.43144 1.54062 1.89974
threshold=0.016928304711492172 0.0095265777327933083 -0.19748161588597835 0.017313814530014529 -0.050232690438178178 2.565884978182257 0.017801485800590825
decision_type=2 2 2 2 2 2 2
left_child=1 2 -1 -2 -5 6 -6
right_child=3 -3 -4 4 5 -7 -8
leaf_value=0.00015015302739762937 -0.00018501290154007905 -2.6902466954929772e-05 0.00036465310440733975 0.00038992479523868229 1.4427352123250616e-05 -0.00034111973497079557 -0.0003193897376865625
leaf_weight=40 38 63 31 33 472 25 44
leaf_count=40 38 63 31 33 472 25 44
internal_value=0.000134048 0.00447761 0.0102113 -0.000816993 -0.000261324 -0.000878004 -0.000290698
internal_weight=746 134 71 612 574 541 516
internal_count=746 134 71 612 574 541 516
is_linear=0
shrinkage=0.05


Tree=18
num_leaves=8
num_cat=0
split_feature=15 0 0 10 12 3 9
split_gain=1.66808 1.41197 2.10425 1.646 1.87149 1.83689 1.60627
threshold=-0.023287323236036713 -0.037280792178748738 -0.0014890568951998471 0.0024545779679250317 0.035783078123668884 -0.0099360625704743005 0.3189350177761166
decision_type=2 2 2 2 2 2 8
left_child=-1 -2 3 4 5 -3 -7
right_child=1 2 -4 -5 -6 6 -8
leaf_value=0.0003516960477934352 -0.00019112308688852702 -0.0003968558561859798 -6.1664118587790017e-05 0.00028239000082354472 -0.00015092060781714354 0.00034642044918697278 -9.7830358133824846e-05
leaf_weight=27 37 29 419 62 44 85 50
leaf_count=27 37 29 419 62 44 85 50
internal_value=-0.000166003 -0.000619835 -0.000108853 0.00333333 0.00120192 0.00365854 0.00611111
internal_weight=753 726 689 270 208 164 135
internal_count=753 726 689 270 208 164 135
is_linear=0
shrinkage=0.05


Tree=19
num_leaves=8
num_cat=0
split_feature=1 4 13 13 3 10 1
split_gain=1.74377 2.4975 2.28374 2.44618 1.99827 1.96889 2.39411
threshold=0.055242283922762765 0.04503774528786509 19.115000724792484 20.610000610351566 -0.013021789021944728 0.0052648520275683239 -0.053799947649977857
decision_type=2 2 2 2 2 2 2
left_child=2 -2 4 -4 -1 6 -6
right_child=1 -3 3 -5 5 -7 -8
leaf_value=0.00032187433721019845 -1.5992812479031772e-05 -0.00055340938220831387 0.00046197898733071592 0.00013081455892779926 -0.00060098420412240999 0.00012393875114095917 -0.00010047505477484073
leaf_weight=35 84 33 51 94 28 136 278
leaf_count=35 84 33 51 94 28 136 278
internal_value=-0.000169147 -0.00576923 0.000884244 0.00637931 -0.000786164 -0.00169683 -0.00392157
internal_weight=739 117 622 145 477 442 306
internal_count=739 117 622 145 477 442 306
is_linear=0
shrinkage=0.05


Tree=20
num_leaves=8
num_cat=0
split_feature=0 3 9 3 7 2 0
split_gain=1.1351 2.25915 2.23095 1.59462 1.50724 1.46914 1.31552
threshold=-0.0014890568951998471 -0.0047554455985738811 0.12242554832490805 -0.0086658827746011174 0.023036269107234223 -0.042584786520067357 0.0010758201040701467
decision_type=2 2 10 2 2 2 2
left_child=1 3 -3 4 5 -1 -2
right_child=6 2 -4 -5 -6 -7 -8
leaf_value=8.1078050240015136e-05 -0.00035886366745232438 3.7987895180617696e-05 0.00026424252715316626 -0.00030474208891828066 0.00034822617513576427 -0.00056340730806194318 -9.568607857692453e-06
leaf_weight=36 35 102 103 37 30 25 383
leaf_count=36 35 102 103 37 30 25 383
internal_value=0.000299601 0.00247748 0.00573171 -0.00273438 0.000824176 -0.00368852 -0.00143541
internal_weight=751 333 205 128 91 61 418
internal_count=751 333 205 128 91 61 418
is_linear=0
shrinkage=0.05


Tree=21
num_leaves=8
num_cat=0
split_feature=0 0 3 3 0 12 4
split_gain=1.06284 1.88861 1.80893 1.82889 1.64224 1.48172 1.31944
threshold=-0.0014890568951998471 0.00023576855254192622 -0.0047554455985738811 -0.000117161891899753 0.0026192966207559958 0.035394103010096385 0.033633866871050543
decision_type=2 2 2 2 2 2 2
left_child=2 -2 -1 -4 -3 6 -5
right_child=1 4 3 5 -6 -7 -8
leaf_value=-2.7374490182536074e-05 -0.00046281838452193565 0.00040645045553652608 0.00023517312148830353 0.00042220848943591176 -4.4184723102198279e-05 -0.00012959437778799988 -3.8672426869837362e-05
leaf_weight=127 25 33 76 35 360 30 62
leaf_count=127 25 33 76 35 360 30 62
internal_value=0 -0.00167464 0.00212121 0.00504926 -0.000826972 0.00137795 0.00438144
internal_weight=748 418 330 203 393 127 97
internal_count=748 418 330 203 393 127 97
is_linear=0
shrinkage=0.05


Tree=22
num_leaves=8
num_cat=0
split_feature=15 16 9 0 15 14 12
split_gain=1.30273 1.29745 1.60509 1.43338 2.12678 1.68648 1.60906
threshold=-0.023287323236036713 0.036734909350368612 -0.08210446407100129 -0.010565987720308588 -0.0075033835603982571 0.049298283120689408 0.032365039336737407
decision_type=2 2 8 2 2 2 2
left_child=-1 2 -2 5 -5 -4 -6
right_child=1 -3 3 4 6 -7 -8
leaf_value=0.00030598427558786983 -0.0002116398801377977 0.00013514504559965828 7.1474831035686555e-06 -0.00026721014553760376 0.00011885660260008934 0.00043506303812287434 -0.00011777964974672857
leaf_weight=28 78 67 90 68 234 44 133
leaf_count=28 78 67 90 68 234 44 133
internal_value=0.000134771 -0.000280112 -0.000965997 -4.39367e-05 -0.00143678 0.00447761 6.81199e-05
internal_weight=742 714 647 569 435 134 367
internal_count=742 714 647 569 435 134 367
is_linear=0
shrinkage=0.05


Tree=23
num_leaves=8
num_cat=0
split_feature=7 5 4 2 9 13 12
split_gain=1.42779 1.68452 1.88017 1.39961 1.37167 1.24178 1.6012
threshold=0.10470471700690299 0.026374523713712173 0.043643061184889829 -0.087834093694196633 0.1769109264640181 18.444999694824222 -0.0014831897497937228
decision_type=2 2 2 2 8 2 2
left_child=1 5 -3 -4 -5 6 -1
right_child=-2 2 3 4 -6 -7 -8
leaf_value=-0.000412880369709129 -0.00026007333856683704 0.00054837503053687525 0.00038892790710641105 -0.0002435255044267849 0.00015154315533549235 8.3599088238261828e-05 -1.8016439129919041e-05
leaf_weight=63 38 36 45 39 44 104 382
leaf_count=63 38 36 45 39 44 104 382
internal_value=0.000233023 0.000736325 0.00518293 0.00234375 -0.00150602 -0.000591985 -0.00174157
internal_weight=751 713 164 128 83 549 445
internal_count=751 713 164 128 83 549 445
is_linear=0
shrinkage=0.05


Tree=24
num_leaves=8
num_cat=0
split_feature=13 0 3 11 14 3 11
split_gain=1.11736 1.04902 1.85885 1.81159 1.76093 1.47945 1.43478
threshold=12.644999980926515 0.0038396514386240814 -0.01027371384248321 0.021151753576904912 -0.0082882010072965456 -0.013739344965210619 0.028626427066600128
decision_type=2 2 2 2 2 2 2
left_child=-1 2 5 -3 -4 -2 -5
right_child=1 3 4 6 -6 -7 -8
leaf_value=-0.00031156472336937548 -5.1999466896866193e-07 -0.00014307052211614117 -2.418890681528471e-05 0.00040124495252529891 0.00017929766592737105 -0.00064241795542218066 -4.7675264335566086e-07
leaf_weight=32 48 276 106 25 193 25 44
leaf_count=32 48 276 106 25 193 25 44
internal_value=-0.000233645 0.000174338 0.00201613 -0.00181159 0.00376254 -0.00513699 0.00543478
internal_weight=749 717 372 345 299 73 69
internal_count=749 717 372 345 299 73 69
is_linear=0
shrinkage=0.05


Tree=25
num_leaves=8
num_cat=0
split_feature=15 15 16 8 1 8 12
split_gain=1.00102 3.36493 1.79722 1.57458 1.53173 1.52451 1.25366
threshold=-0.0099560758952793021 -0.0060168413683126523 -0.033348441004840627 -0.057380171427880648 -0.012576722346579581 -0.10326124993596135 0.019854443093846989
decision_type=2 2 2 8 2 8 2
left_child=3 -2 -3 -1 5 -4 -7
right_child=1 2 4 -5 -6 6 -8
leaf_value=-0.00012315322211346359 -0.00033692677375006682 -0.00050883688364575924 -2.9040213084853134e-05 0.00023645273370618156 -5.8852562424911627e-06 0.00037519446311529343 0.0005219365338477391
leaf_weight=37 74 27 29 94 392 56 48
leaf_count=37 74 27 29 94 392 56 48
internal_value=3.30251e-05 -0.000798722 0.000543478 0.00400763 0.00119048 0.00582707 0.00865385
internal_weight=757 626 552 131 525 133 104
internal_count=757 626 552 131 525 133 104
is_linear=0
shrinkage=0.05


Tree=26
num_leaves=8
num_cat=0
split_feature=15 9 3 1 5 4 3
split_gain=1.32764 1.30637 2.2155 1.69817 1.67933 1.23277 1.19019
threshold=-0.02422357426564686 0.16175536629614942 -0.0050382056801170352 -0.029797688586944367 0.022108872966041627 0.043930748869444446 -0.0087813314896939536
decision_type=2 8 2 2 2 2 2
left_child=-1 2 -2 -4 -5 -6 -3
right_child=1 6 3 4 5 -7 -8
leaf_value=0.00027884903131676777 -0.0002180380419939654 0.00040599979672161608 0.00040510507767711171 -0.00038027239306381486 0.00057757001401228939 -6.8356166418277604e-05 3.6339896240671772e-06
leaf_weight=26 59 76 49 46 31 39 411
leaf_count=26 59 76 49 46 31 39 411
internal_value=0.000440977 3.51617e-05 -0.003125 -0.000151515 -0.00344828 0.00142857 0.00148871
internal_weight=737 711 224 165 116 70 487
internal_count=737 711 224 165 116 70 487
is_linear=0
shrinkage=0.05


Tree=27
num_leaves=8
num_cat=0
split_feature=10 12 10 10 16 16 13
split_gain=1.06831 2.00238 1.37192 1.32244 1.64833 2.01728 1.55676
threshold=0.010591445370862431 0.018300587263459293 0.0091157709324108955 0.0053455164524482965 -0.013779214459690879 1.0000000180025095e-35 18.154999732971195
decision_type=2 2 2 2 2 2 2
left_child=2 -2 3 4 -1 -6 -5
right_child=1 -3 -4 6 5 -7 -8
leaf_value=0.00014694690364333392 -1.1478249264211029e-05 0.00067625663630456554 -0.00011137255261331561 0.00020918137975910685 -0.00034118805265299831 -1.2970459373953618e-05 -0.000148181887686177
leaf_weight=147 42 28 37 81 103 281 30
leaf_count=147 42 28 37 81 103 281 30
internal_value=-0.000166889 0.00571429 -0.000773196 -0.000233645 -0.00127119 -0.00299479 0.00472973
internal_weight=749 70 679 642 531 384 111
internal_count=749 70 679 642 531 384 111
is_linear=0
shrinkage=0.05


Tree=28
num_leaves=8
num_cat=0
split_feature=12 1 0 3 0 3 3
split_gain=1.35697 1.18287 0.769224 1.5624 2.02669 1.5961 1.80623
threshold=-0.050232690438178178 -0.074643587509206175 -0.0014890568951998471 -0.0047554455985738811 -0.017456610701290728 -1.0000000180025095e-35 0.0035440239781084908
decision_type=2 2 2 2 2 2 2
left_child=-1 -2 3 4 -3 -5 -7
right_child=1 2 -4 5 -6 6 -8
leaf_value=0.00030657058941814552 -0.00014537130242411701 -0.00022951605504265959 -2.8682718756965788e-05 0.00023965738679875362 0.00017748000332165419 -0.00013043992313543784 0.00024866190087911394
leaf_weight=38 45 48 396 70 54 48 65
leaf_count=38 45 48 396 70 54 48 65
internal_value=0 -0.000482094 3.67107e-05 0.00201754 -0.00294118 0.00478142 0.00110619
internal_weight=764 726 681 285 102 183 113
internal_count=764 726 681 285 102 183 113
is_linear=0
shrinkage=0.05


Tree=29
num_leaves=8
num_cat=0
split_feature=9 3 2 7 13 16 1
split_gain=1.27918 2.27516 1.40491 1.99422 1.74603 1.56075 1.44633
threshold=0.34395415311496552 0.00046629698703259953 0.16119973798892398 0.019371227800555228 14.734999656677248 0.010250510263367098 0.0075960622879077686
decision_type=10 2 2 2 2 2 2
left_child=2 -2 3 4 -1 -4 -5
right_child=1 -3 5 6 -6 -7 -8
leaf_value=-0.00028137808521402891 0.00013817694111243427 -0.00037543548279175148 -0.00044827974305722832 0.0003537872161556041 1.0033059272796195e-05 8.7536660711289641e-06 6.1157449284662301e-05
leaf_weight=74 40 45 30 59 274 33 177
leaf_count=74 40 45 30 59 274 33 177
internal_value=-0.000409836 -0.00617647 0.000347759 0.00111301 -0.0012931 -0.00674603 0.00466102
internal_weight=732 85 647 584 348 63 236
internal_count=732 85 647 584 348 63 236
is_linear=0
shrinkage=0.05


Tree=30
num_leaves=8
num_cat=0
split_feature=5 8 16 16 1 13 3
split_gain=1.01671 1.44944 1.04121 1.41818 1.13364 1.31838 2.25373
threshold=0.016193984741278141 0.1093346816762313 0.036734909350368612 0.050930025414572262 0.065254774423064502 19.115000724792484 -0.0047554455985738811
decision_type=2 10 2 2 2 2 2
left_child=1 -1 4 -4 5 -2 -7
right_child=2 -3 3 -5 -6 6 -8
leaf_value=0.00027189633137945208 -4.1494451216845767e-05 -7.1835801310930566e-05 0.00010388894906288661 -1.7741475908992924e-05 -0.0003269080413877424 -6.5459675102387199e-05 0.00039893244840950897
leaf_weight=43 410 28 32 33 62 46 84
leaf_count=43 410 28 32 33 62 46 84
internal_value=-0.000406504 0.00528169 -0.00101199 0.005 -0.00166113 -0.000925926 0.00346154
internal_weight=738 71 667 65 602 540 130
internal_count=738 71 667 65 602 540 130
is_linear=0
shrinkage=0.05


Tree=31
num_leaves=8
num_cat=0
split_feature=7 9 13 16 3 15 15
split_gain=1.20263 1.7349 1.46544 1.55208 1.27892 1.49502 1.79049
threshold=0.023665574921145963 0.31625562638158816 16.345000267028812 0.0010400085154200769 0.0031724839053101088 0.015049127943286946 0.0011942674325640115
decision_type=2 10 2 2 2 2 2
left_child=1 2 3 -1 -2 6 -6
right_child=4 -3 -4 -5 5 -7 -8
leaf_value=-0.00039640448581324331 0.00010585159273296114 -0.00036186303448554737 5.5842635788998663e-05 -1.9622866974136179e-05 4.3958596289816645e-05 0.00059155767995075937 -0.00036565937392010257
leaf_weight=46 216 25 235 81 42 25 68
leaf_count=46 216 25 235 81 42 25 68
internal_value=-0.000338753 -0.00226098 -0.00138122 -0.00570866 0.00178063 -0.00203704 -0.00454545
internal_weight=738 387 362 127 351 135 110
internal_count=738 387 362 127 351 135 110
is_linear=0
shrinkage=0.05


Tree=32
num_leaves=8
num_cat=0
split_feature=0 3 7 15 7 6 0
split_gain=1.31342 1.53759 1.51326 2.01321 1.82605 1.44605 1.69422
threshold=0.0038396514386240814 -0.01027371384248321 0.047430176556930388 -0.0027158110510418494 0.023665574921145963 -0.41183419688275164 0.015008904519469681
decision_type=2 2 2 2 2 2 2
left_child=1 -1 4 -4 -3 6 -2
right_child=5 2 3 -5 -6 -7 -8
leaf_value=-0.00013329062694745122 -0.00030436262450429547 6.3297667205746056e-05 0.00012722206216263365 -0.00018876284504048787 0.00031458725688988725 1.0994876419753318e-05 1.9887327518916645e-05
leaf_weight=81 78 186 28 38 65 227 48
leaf_count=81 78 186 28 38 65 227 48
internal_value=0.000166445 0.00213568 0.00370662 -0.0030303 0.00547809 -0.00205382 -0.00634921
internal_weight=751 398 317 66 251 353 126
internal_count=751 398 317 66 251 353 126
is_linear=0
shrinkage=0.05


Tree=33
num_leaves=8
num_cat=0
split_feature=2 1 8 6 12 6 6
split_gain=1.21229 1.71089 1.15821 1.17315 3.6368 1.72377 1.78182
threshold=-0.15169694786621304 -0.074643587509206175 -0.10580464773172459 -0.94061081652540668 0.026210005909285575 -0.64691407781633858 -0.41623887061522608
decision_type=2 2 8 2 2 2 2
left_child=-1 -2 -3 4 -4 -5 -7
right_child=1 2 3 5 -6 6 -8
leaf_value=0.00062735998768670908 -0.00023038255936629916 -0.00027223316970690015 -0.00040625728620708867 0.00039282019809719327 0.00017785010866193173 -9.2550821317900815e-05 2.3379850734262463e-05
leaf_weight=35 33 29 33 83 36 94 405
leaf_count=35 33 29 33 83 36 94 405
internal_value=0.000200535 -0.000245442 0.000294118 0.000729647 -0.00543478 0.00146048 0.000350701
internal_weight=748 713 680 651 69 582 499
internal_count=748 713 680 651 69 582 499
is_linear=0
shrinkage=0.05


Tree=34
num_leaves=8
num_cat=0
split_feature=10 12 1 13 3 13 3
split_gain=1.04704 1.52886 1.08952 1.36106 1.9735 1.9107 2.06121
threshold=0.010655378584307098 0.0011335726897910849 -0.053799947649977857 14.765000343322756 0.013766813921908707 13.894999980926515 0.00071505687801542994
decision_type=2 2 2 2 2 2 2
left_child=2 -2 -1 5 -5 6 -4
right_child=1 -3 3 4 -6 -7 -8
leaf_value=-0.00012172969148979752 -5.3935752121647458e-05 0.00070876882274144661 0.00014576710565610283 6.6647033419339752e-05 -0.00037710202346105952 -0.00033633608571496894 -0.00016400683389538424
leaf_weight=74 28 41 59 385 34 56 72
leaf_count=74 28 41 59 385 34 56 72
internal_value=-0.000433912 0.00543478 -0.00102941 -0.000330033 0.00125298 -0.00387701 -0.000572519
internal_weight=749 69 680 606 419 187 131
internal_count=749 69 680 606 419 187 131
is_linear=0
shrinkage=0.05


Tree=35
num_leaves=8
num_cat=0
split_feature=0 6 0 11 10 12 0
split_gain=1.4188 1.50338 1.98756 1.91528 1.8075 1.74654 1.37912
threshold=-0.037280792178748738 1.7421105751175074 -0.0014890568951998471 0.020793253578218044 0.0024545779679250317 0.035783078123668884 0.0010758201040701467
decision_type=2 2 2 2 2 2 2
left_child=-1 2 4 6 5 -2 -4
right_child=1 -3 3 -5 -6 -7 -8
leaf_value=-0.00021652661658067043 4.8602749532699429e-05 0.00032179939527590218 -0.00072984082911177928 7.1776709168992571e-05 0.00022292361784327533 -0.00010026928622014996 -0.00010324975408403012
leaf_weight=47 163 60 27 80 63 43 270
leaf_count=47 163 60 27 80 63 43 270
internal_value=-0.00063081 -7.08215e-05 -0.000773994 -0.00311671 0.00250929 0.000242718 -0.00496633
internal_weight=753 706 646 377 269 206 297
internal_count=753 706 646 377 269 206 297
is_linear=0
shrinkage=0.05


Tree=36
num_leaves=8
num_cat=0
split_feature=14 11 13 9 3 5 4
split_gain=1.09306 1.41935 1.02422 0.979761 1.65478 1.20844 2.53411
threshold=-0.10816573528732347 0.037714619913018062 12.644999980926515 -0.08210446407100129 -0.00039358456795379743 0.024223167157768073 0.033113420966181951
decision_type=2 2 2 8 2 2 2
left_child=-1 2 -2 4 -4 6 -5
right_child=1 -3 3 5 -6 -7 -8
leaf_value=-0.00019317512827521537 -0.00025942428488695367 0.00031093287218765829 -0.0003903172055288016 3.1012922424153106e-05 2.9744591781644343e-05 0.00016200926559540468 -0.00034609910513928865
leaf_weight=32 34 26 37 314 39 152 116
leaf_count=32 34 26 37 314 39 152 116
internal_value=-0.000333333 6.96379e-05 -0.000361272 7.59878e-05 -0.00526316 0.000773196 -0.000581395
internal_weight=750 718 692 658 76 582 430
internal_count=750 718 692 658 76 582 430
is_linear=0
shrinkage=0.05


Tree=37
num_leaves=8
num_cat=0
split_feature=12 12 0 10 0 3 11
split_gain=1.35142 0.870744 0.946589 1.75998 1.585 1.38001 1.23863
threshold=-0.050232690438178178 -0.03685301683685837 -0.0014890568951998471 0.0024545779679250317 0.00023576855254192622 0.0035440239781084908 0.016655619585763119
decision_type=2 2 2 2 2 2 2
left_child=-1 -2 3 5 -4 -3 -6
right_child=1 2 4 -5 6 -7 -8
leaf_value=0.00029477659154629921 -9.6745662932416681e-05 -4.8760752159385964e-05 -0.00029099231853347651 0.00020321500652741888 -0.00010462910047505897 0.00020508073806640837 4.4878589196806598e-05
leaf_weight=36 35 181 25 70 264 46 101
leaf_count=36 35 181 25 70 264 46 101
internal_value=-0.00112137 -0.0015928 -0.00120087 0.000925926 -0.00282051 -0.00121145 -0.0019863
internal_weight=758 722 687 297 390 227 365
internal_count=758 722 687 297 390 227 365
is_linear=0
shrinkage=0.05


Tree=38
num_leaves=8
num_cat=0
split_feature=15 10 9 1 1 3 10
split_gain=1.69546 0.952426 1.72087 1.43412 1.53695 1.13038 0.897203
threshold=-0.01725840630498365 0.010655378584307098 0.13556327914220104 -0.053799947649977857 -0.041945509149966691 -0.014333423923787279 0.0091157709324108955
decision_type=2 2 10 2 2 2 2
left_child=-1 3 -3 -2 -5 -6 -7
right_child=1 2 -4 4 5 6 -8
leaf_value=0.00030538288955209592 -0.00014425043197275404 0.00069993824275720094 -6.1176024757585357e-05 0.00045472649778602266 0.00012598290878619304 -6.1899601742054002e-06 -0.00013496251109147413
leaf_weight=54 59 38 31 28 32 473 33
leaf_count=54 59 38 31 28 32 473 33
internal_value=-0.000200535 -0.000864553 0.00471014 -0.00148 -0.000706714 -0.00130112 -0.00187747
internal_weight=748 694 69 625 566 538 506
internal_count=748 694 69 625 566 538 506
is_linear=0
shrinkage=0.05


Tree=39
num_leaves=8
num_cat=0
split_feature=13 13 12 4 3 3 0
split_gain=1.20608 1.82921 1.71791 1.8999 1.21319 1.20855 1.48408
threshold=19.115000724792484 20.610000610351566 -0.050232690438178178 0.043643061184889829 -0.013021789021944728 -0.0099360625704743005 -0.014671500482350717
decision_type=2 2 2 2 2 2 2
left_child=4 -2 -3 -4 -1 -6 -7
right_child=1 2 3 -5 5 6 -8
leaf_value=0.00023951345434360325 0.00020037553851224327 0.00078479988744267629 0.00015226576113984547 -0.00035921963196327883 -0.00044711483071850503 9.8718335010829108e-05 -7.5769664560013653e-05
leaf_weight=34 65 27 33 56 28 76 418
leaf_count=34 65 27 33 56 28 76 418
internal_value=-0.000644505 0.00290055 -0.000862069 -0.00421348 -0.00179856 -0.00239464 -0.00182186
internal_weight=737 181 116 89 556 522 494
internal_count=737 181 116 89 556 522 494
is_linear=0
shrinkage=0.05


Tree=40
num_leaves=8
num_cat=0
split_feature=15 12 13 13 5 11 12
split_gain=1.2249 1.36365 1.47879 1.47522 1.26532 1.17102 1.34082
threshold=-0.01725840630498365 -0.036045899235514094 19.115000724792484 20.610000610351566 0.027711826077323237 0.023193318891049478 0.037030624356881099
decision_type=2 2 2 2 2 2 2
left_child=-1 -2 5 -4 -5 -3 -7
right_child=1 2 3 4 -6 6 -8
leaf_value=0.00024045087238297992 -9.4922991690836515e-05 -3.5169214245850398e-05 0.00028808460743209337 0.00013165235615592022 -0.00049283600926767026 -1.9608562724529645e-05 0.00048615040533086807
leaf_weight=57 50 461 48 28 29 51 26
leaf_count=57 50 461 48 28 29 51 26
internal_value=-0.000466667 -0.00104618 -0.000427683 0.005 -0.000438596 -0.00148699 0.00422078
internal_weight=750 693 643 105 57 538 77
internal_count=750 693 643 105 57 538 77
is_linear=0
shrinkage=0.05


Tree=41
num_leaves=8
num_cat=0
split_feature=11 9 2 13 12 12 5
split_gain=0.920951 1.26945 2.17966 1.14795 1.03831 3.95369 1.97044
threshold=0.026101740885835282 -0.08210446407100129 -0.14813697534004797 18.154999732971195 0.032469113334652529 0.024994032932905811 0.026374523713712173
decision_type=2 8 2 2 2 2 2
left_child=1 2 -1 -2 5 6 -3
right_child=3 4 -4 -5 -6 -7 -8
leaf_value=0.00028143231330125584 0.00013777837087936836 -5.2570279579412884e-05 -0.00041978688895114063 -2.567105261669586e-05 -8.707174747887088e-05 0.00019002523433058824 0.00015847635475320566
leaf_weight=27 44 247 50 29 183 83 89
leaf_count=27 44 247 50 29 183 83 89
internal_value=-0.000199468 -0.000773196 -0.00681818 0.00513699 0 0.00137232 -0.00104167
internal_weight=752 679 77 73 602 419 336
internal_count=752 679 77 73 602 419 336
is_linear=0
shrinkage=0.05


Tree=42
num_leaves=8
num_cat=0
split_feature=11 5 5 4 13 9 1
split_gain=1.02666 1.09307 1.86364 1.3369 2.03866 0.979125 0.9758
threshold=-0.031453464626615406 0.017070231803684398 0.017313814530014529 0.027452168374536311 15.085000038146974 0.24932880499350699 -0.053799947649977857
decision_type=2 2 2 2 2 10 2
left_child=-1 3 -3 4 -2 -6 -4
right_child=1 2 6 -5 5 -7 -8
leaf_value=0.00028165698479161672 -0.0001517081561423173 -0.00036647440602347893 -0.00023274633883592789 0.0003514564944346061 -1.6936588466457152e-06 0.0002326197122769709 -7.3982472816103436e-06
leaf_weight=25 43 26 63 33 34 43 486
leaf_count=25 43 26 63 33 34 43 486
internal_value=-0.000962815 -0.00130495 -0.00230435 0.00245098 0 0.00487013 -0.00168488
internal_weight=753 728 575 153 120 77 549
internal_count=753 728 575 153 120 77 549
is_linear=0
shrinkage=0.05


Tree=43
num_leaves=8
num_cat=0
split_feature=13 1 7 1 1 1 9
split_gain=1.18967 1.52459 1.26578 1.09829 1.64119 1.60087 1.54426
threshold=12.555000305175783 0.0070715818956155205 0.023665574921145963 0.024728283870511628 0.055242283922762765 0.047158411851130684 0.20891704571748806
decision_type=2 2 2 2 2 2 8
left_child=-1 2 -2 -3 5 -5 -6
right_child=1 3 -4 4 6 -7 -8
leaf_value=-0.00016658446209333864 5.5016042725378162e-06 -0.00010936539428816476 0.00018142347712930007 8.5031001188635947e-06 1.6200658338835511e-05 0.00019488761175177595 -0.00033323471078755968
leaf_weight=28 290 100 78 105 37 27 81
leaf_count=28 290 100 78 105 37 27 81
internal_value=-0.000603217 -0.000208914 0.00203804 -0.00257143 -0.0008 0.0030303 -0.00508475
internal_weight=746 718 368 350 250 132 118
internal_count=746 718 368 350 250 132 118
is_linear=0
shrinkage=0.05


Tree=44
num_leaves=8
num_cat=0
split_feature=13 1 16 13 11 3 0
split_gain=1.16847 1.27483 1.2873 1.11495 1.88325 1.02929 1.70826
threshold=19.115000724792484 0.058554372556428931 0.0025550024875672377 20.555000305175785 -0.022310292973000797 0.016693994152982897 0.020125631813982973
decision_type=2 2 2 2 2 2 2
left_child=5 2 3 -2 -5 6 -1
right_child=1 -3 -4 4 -6 -7 -8
leaf_value=-2.865254033434671e-06 0.00027362384541250424 -5.4054929241299963e-05 0.0010259700600285979 0.00026438897642874179 -0.00044855451867758075 0.0004784385109193547 -0.00025454212501630494
leaf_weight=446 37 25 29 38 45 36 84
leaf_count=446 37 25 29 38 45 36 84
internal_value=-0.000135135 0.00344828 0.00520134 0.00291667 -0.000301205 -0.00123675 -0.00179245
internal_weight=740 174 149 120 83 566 530
internal_count=740 174 149 120 83 566 530
is_linear=0
shrinkage=0.05


Tree=45
num_leaves=8
num_cat=0
split_feature=6 6 1 4 4 2 13
split_gain=1.99049 2.20543 1.47624 1.24954 1.2552 1.08457 1.17469
threshold=-0.94061081652540668 -1.1238011686445231 0.055242283922762765 0.04564764333245299 0.039829985032180402 0.17344661651864227 12.694999694824221
decision_type=2 2 2 2 2 2 2
left_child=1 -1 5 4 -4 6 -2
right_child=2 -3 3 -5 -6 -7 -8
leaf_value=6.5569450395708788e-05 -0.00027250114913319562 -0.00026591023258395135 -0.000109041376806683 -0.00051099498083479638 0.00036449021549752778 0.00029805472490620967 3.465065598450565e-05
leaf_weight=36 30 42 53 27 30 29 499
leaf_count=36 30 42 53 27 30 29 499
internal_value=-0.000134048 -0.00769231 0.000748503 -0.00454545 -0.00150602 0.00179211 0.00127599
internal_weight=746 78 668 110 83 558 529
internal_count=746 78 668 110 83 558 529
is_linear=0
shrinkage=0.05


Tree=46
num_leaves=8
num_cat=0
split_feature=12 4 9 7 14 10 1
split_gain=1.41034 1.30697 2.24067 1.9165 1.64839 2.33744 1.60432
threshold=-0.050232690438178178 0.028946196137033375 -0.22292217773866238 0.047430176556930388 0.040951993391927573 0.0019017631763441625 -0.010590853134145815
decision_type=2 2 10 2 2 2 2
left_child=-1 6 3 4 5 -3 -2
right_child=1 2 -4 -5 -6 -7 -8
leaf_value=0.00024177676588939503 0.00028272013392842578 -0.00031639164496066692 -8.3496689313814607e-05 -0.00019347305801078405 0.00040059333190830301 0.0005543991388424162 4.9543476571020155e-06
leaf_weight=36 46 47 284 35 28 57 215
leaf_count=36 46 47 284 35 28 57 215
internal_value=6.68449e-05 -0.000421348 -0.002051 0.00254491 0.00530303 0.00240385 0.00239464
internal_weight=748 712 451 167 132 104 261
internal_count=748 712 451 167 132 104 261
is_linear=0
shrinkage=0.05


Tree=47
num_leaves=8
num_cat=0
split_feature=14 10 0 11 3 3 4
split_gain=1.41797 1.39222 1.41485 1.65534 1.82683 1.53867 1.10455
threshold=-0.10816573528732347 0.010824112764753148 -0.0014890568951998471 0.020793253578218044 -0.0099360625704743005 -0.016441595584912646 0.029048901035938875
decision_type=2 2 2 2 2 2 2
left_child=-1 2 3 4 5 -2 -4
right_child=1 -3 6 -5 -6 -7 -8
leaf_value=-0.0003136445282409812 0.00015894782495373493 0.00054945605247711795 1.215767662688512e-05 -0.00016783775389889321 0.00010781535728144931 -0.00026380574541845975 -0.0002503376658615779
leaf_weight=32 29 45 155 27 222 39 190
leaf_count=32 29 45 155 27 222 39 190
internal_value=-0.00064276 -0.000176803 -0.000755287 0.00165615 0.00275862 -0.00441176 -0.00297101
internal_weight=739 707 662 317 290 68 345
internal_count=739 707 662 317 290 68 345
is_linear=0
shrinkage=0.05


Tree=48
num_leaves=8
num_cat=0
split_feature=1 4 5 1 0 9 4
split_gain=0.986152 1.43138 1.41316 1.31119 1.06618 1.03386 1.64568
threshold=-0.010590853134145815 0.029565103786217063 0.020422588261891632 -0.051855611723518651 -0.013159786842896757 0.1769109264640181 0.038289341992921173
decision_type=2 2 2 2 2 8 2
left_child=1 -1 4 -4 -3 6 -2
right_child=5 2 3 -5 -6 -7 -8
leaf_value=0.00033425937099285579 -0.00034481983511956108 2.3060591975056742e-05 -2.625055058763904e-05 0.00046741838184195702 -0.0006859677439979159 2.9704001885506699e-06 -4.010901830085907e-06
leaf_weight=48 45 25 65 78 26 370 83
leaf_count=48 45 25 65 78 26 370 83
internal_value=6.75676e-05 0.00268595 0.000773196 0.00332168 -0.00637255 -0.00120482 -0.00507813
internal_weight=740 242 194 143 51 498 128
internal_count=740 242 194 143 51 498 128
is_linear=0
shrinkage=0.05


Tree=49
num_leaves=8
num_cat=0
split_feature=15 15 4 0 6 7 5
split_gain=1.03257 2.13605 1.3563 1.2403 1.25375 1.14095 1.7719
threshold=-0.011568631833059393 -0.0060168413683126523 0.057257810474447363 -0.017456610701290728 -0.18314848580721163 0.11339129946220684 0.026374523713712173
decision_type=2 2 2 2 2 2 2
left_child=3 -2 5 -1 -5 6 -3
right_child=1 2 -4 4 -6 -7 -8
leaf_value=-3.8103567385816117e-06 -0.0002694136456549423 -2.9724964509242078e-06 -0.00027139247674718591 0.00037412853655169331 0.00014753040424231919 -0.00023985909913185828 0.00033207804756456825
leaf_weight=53 85 400 28 26 31 26 84
leaf_count=53 85 400 28 26 31 26 84
internal_value=-0.000375171 -0.00116372 0 0.00409091 0.00921053 0.000588235 0.00113636
internal_weight=733 623 538 110 57 510 484
internal_count=733 623 538 110 57 510 484
is_linear=0
shrinkage=0.05


Tree=50
num_leaves=8
num_cat=0
split_feature=13 9 6 8 1 7 7
split_gain=1.64701 1.1569 1.14309 1.96456 1.44559 1.32177 2.67584
threshold=26.284999847412113 -0.12116953643758237 1.06593818182864 0.12602496895171536 0.011845728914811506 -0.014414600247991181 -0.024474749435695605
decision_type=2 8 2 8 2 2 2
left_child=1 -1 5 4 -4 6 -3
right_child=-2 2 3 -5 -6 -7 -8
leaf_value=-5.0024932108268968e-05 0.00022711485378490212 -2.6464485702400936e-05 2.5575217700465632e-06 -0.00022443234875488776 0.00048037103390865198 2.4113111353963572e-06 -0.00055088205234935211
leaf_weight=65 29 122 33 29 32 403 27
leaf_count=65 29 122 33 29 32 403 27
internal_value=-0.000472973 -0.000949367 -0.000309598 0.00478723 0.00961538 -0.00117754 -0.00520134
internal_weight=740 711 646 94 65 552 149
internal_count=740 711 646 94 65 552 149
is_linear=0
shrinkage=0.05


Tree=51
num_leaves=8
num_cat=0
split_feature=10 12 15 13 6 4 6
split_gain=1.0676 1.68671 1.15853 0.947275 1.24091 2.57669 1.33788
threshold=0.011197957811865391 0.0061045845958173093 0.017254512855774843 12.644999980926515 -0.94061081652540668 0.028421718984595896 -0.66168935725825162
decision_type=2 2 2 2 2 2 2
left_child=2 -2 3 -1 5 -5 -6
right_child=1 -3 -4 4 6 -7 -8
leaf_value=-0.00023728706037179261 -6.684341554107709e-05 0.00059355239529237263 -0.00027096294730077311 0.00014501777573100154 0.00041433112441139952 -0.00030124364002185136 -2.1381561694948492e-06
leaf_weight=31 29 32 28 27 80 49 486
leaf_count=31 29 32 28 27 80 49 486
internal_value=-0.00019685 0.00614754 -0.00074893 -0.000334324 7.78816e-05 -0.00592105 0.000883392
internal_weight=762 61 701 673 642 76 566
internal_count=762 61 701 673 642 76 566
is_linear=0
shrinkage=0.05


Tree=52
num_leaves=8
num_cat=0
split_feature=4 15 15 1 12 6 1
split_gain=1.14034 1.19959 1.62896 1.56534 1.48659 1.40032 1.36018
threshold=0.049594533309447679 -0.0054951900855324523 -0.011001154448854187 -0.012576722346579581 0.022394590796643524 1.0309272244937648 -0.057827399548867557
decision_type=2 2 2 2 2 2 2
left_child=1 2 4 6 -1 -5 -3
right_child=-2 3 -4 5 -6 -7 -8
leaf_value=-4.8177124602573617e-05 1.0036839275926001e-05 -5.4555056580125983e-05 -0.00029791442459317982 -6.2799804322231519e-05 0.00035201440946823638 0.00010918575032630671 0.00030048779584909409
leaf_weight=56 99 25 84 312 29 51 92
leaf_count=56 99 25 84 312 29 51 92
internal_value=-0.000200535 -0.00096302 -0.0045858 0.0003125 0.000294118 -0.00130854 0.00534188
internal_weight=748 649 169 480 85 363 117
internal_count=748 649 169 480 85 363 117
is_linear=0
shrinkage=0.05


Tree=53
num_leaves=8
num_cat=0
split_feature=4 11 12 4 4 7 15
split_gain=0.927412 1.04 2.3578 1.36331 1.99646 1.291 1.6749
threshold=0.049594533309447679 -0.017686131484892616 -0.010634821304977891 0.043930748869444446 0.041637093088901213 0.071427498518567681 0.0043174227313379507
decision_type=2 2 2 2 2 2 2
left_child=1 2 -1 4 5 -3 -7
right_child=-2 3 -4 -5 -6 6 -8
leaf_value=-0.00012181641282304649 1.054785748570257e-05 2.1914942207094078e-07 0.00052962305717451546 -0.00029395026675761753 0.00048328353403558164 -0.0004930700138633114 8.7703682239653189e-06
leaf_weight=36 93 407 29 78 44 29 27
leaf_count=36 93 407 29 78 44 29 27
internal_value=0.000437416 -0.000230769 0.00576923 -0.000897436 4.93097e-05 -0.000917927 -0.00803571
internal_weight=743 650 65 585 507 463 56
internal_count=743 650 65 585 507 463 56
is_linear=0
shrinkage=0.05


Tree=54
num_leaves=8
num_cat=0
split_feature=7 1 6 16 9 6 6
split_gain=1.0755 1.69749 1.5 1.1168 2.3519 2.06883 1.67928
threshold=-0.060492952213779809 -0.051855611723518651 0.045209612133209565 1.0000000180025095e-35 -0.048748762182529375 -0.86330828025568718 -1.1238011686445231
decision_type=2 2 2 2 8 2 2
left_child=1 2 -1 4 -2 -6 -5
right_child=3 -3 -4 6 5 -7 -8
leaf_value=-0.00041362396902960212 -0.00072133732583195946 0.00065645330965482846 0.00019801708958823872 0.00022674610593313561 -0.00029233339503419051 3.0584359831999652e-07 1.1674133216519343e-06
leaf_weight=27 26 33 27 26 25 202 381
leaf_count=27 26 33 27 26 25 202 381
internal_value=0.00023427 0.00545977 0 -0.000454545 -0.00306324 -0.00143172 0.00116708
internal_weight=747 87 54 660 253 227 407
internal_count=747 87 54 660 253 227 407
is_linear=0
shrinkage=0.05


Tree=55
num_leaves=8
num_cat=0
split_feature=12 15 14 10 9 15 15
split_gain=1.36673 0.984493 1.23536 2.05259 1.14605 1.02346 2.10515
threshold=-0.050232690438178178 0.021497044466683549 -0.067583665573298909 0.010263968374022882 0.16175536629614942 -0.011342398795860907 -0.0079227694204913584
decision_type=2 2 2 2 8 2 2
left_child=-1 2 3 -2 -4 -6 -7
right_child=1 -3 4 -5 5 6 -8
leaf_value=0.00021291153070968581 0.0002342401508609469 -0.00022709362994432808 -0.00012756178588466672 -8.4508731332458363e-05 0.00023790469313138553 -0.00035799618842658772 5.6726205658862502e-06
leaf_weight=38 42 34 180 25 69 35 340
leaf_count=38 42 34 180 25 69 35 340
internal_value=-3.27654e-05 -0.000517241 -0.000108538 0.00634328 -0.000801282 0.000563063 -0.000466667
internal_weight=763 725 691 67 624 444 375
internal_count=763 725 691 67 624 444 375
is_linear=0
shrinkage=0.05


Tree=56
num_leaves=8
num_cat=0
split_feature=14 14 14 9 10 6 1
split_gain=1.37704 2.46809 1.84067 1.43564 1.27246 1.50946 1.69055
threshold=-0.10816573528732347 -0.067583665573298909 -0.051474636784154308 0.13942186056855257 0.0043154379998111567 0.088739895314835796 0.023869648422679361
decision_type=2 2 2 10 2 2 2
left_child=-1 3 -3 -2 -4 6 -6
right_child=1 2 4 -5 5 -7 -8
leaf_value=-0.00022630713495969267 0.00067425334670640066 -0.00034317709564005318 -2.4325564706031362e-05 0.00011812274162487546 6.7787669575221474e-05 -6.6217427365134363e-05 0.00052321935906956207
leaf_weight=31 29 47 485 26 47 41 33
leaf_count=31 29 47 485 26 47 41 33
internal_value=-0.000169147 0.000282486 -0.000574273 0.0104545 0.000165017 0.00475207 0.00875
internal_weight=739 708 653 55 606 121 80
internal_count=739 708 653 55 606 121 80
is_linear=0
shrinkage=0.05


Tree=57
num_leaves=8
num_cat=0
split_feature=0 11 6 11 12 3 3
split_gain=1.10662 1.52905 1.46007 1.45483 2.24739 1.20478 1.64622
threshold=-0.00041590301777427724 0.026101740885835282 1.5087341781592232 -0.0027153641144564973 0.017951128324421587 0.0035440239781084908 -1.0000000180025095e-35
decision_type=2 2 2 2 2 2 2
left_child=5 2 3 -2 -5 6 -1
right_child=1 -3 -4 4 -6 -7 -8
leaf_value=9.2149547174775248e-06 1.5596896919444658e-05 4.4404934887712279e-05 0.00019975439401387631 -0.00045826842211020086 -7.5790694665522809e-05 0.00025435220071449142 -0.0001478677231428938
leaf_weight=210 88 57 33 62 149 82 54
leaf_count=210 88 57 33 62 149 82 54
internal_value=-3.40136e-05 -0.00186375 -0.00316265 -0.00426421 -0.00651659 0.00202312 0.000378788
internal_weight=735 389 332 299 211 346 264
internal_count=735 389 332 299 211 346 264
is_linear=0
shrinkage=0.05


Tree=58
num_leaves=8
num_cat=0
split_feature=4 5 4 5 4 2 4
split_gain=1.89755 2.12281 1.62184 2.07337 2.27675 2.21289 2.17956
threshold=0.047698715261270327 0.029639727659769324 0.043930748869444446 0.024223167157768073 0.033113420966181951 0.083261855290813772 0.037683992720980171
decision_type=2 2 2 2 2 2 2
left_child=2 -2 3 4 -1 -5 -6
right_child=1 -3 -4 5 6 -7 -8
leaf_value=8.1044661411520509e-06 0.00070386293423519992 7.6357294244785978e-06 -0.00032287910298684484 0.00064807680900300275 -0.00046734315675942776 1.0181894398494865e-05 -1.0073898413587247e-05
leaf_weight=358 38 76 73 33 59 47 66
leaf_count=358 38 76 73 33 59 47 66
internal_value=0.0002 0.00614035 -0.00086478 4.4405e-05 -0.00119048 0.0075 -0.007
internal_weight=750 114 636 563 483 80 125
internal_count=750 114 636 563 483 80 125
is_linear=0
shrinkage=0.05


Tree=59
num_leaves=8
num_cat=0
split_feature=2 3 3 3 9 9 2
split_gain=1.25519 0.920307 2.43832 1.89206 1.79556 2.55301 2.43667
threshold=-0.15169694786621304 0.00046629698703259953 0.0012368493870662525 -0.000117161891899753 0.31156204026580042 0.16175536629614942 0.090786682555735645
decision_type=2 2 2 2 8 10 2
left_child=-1 3 -3 -2 5 -4 -7
right_child=1 2 4 -5 -6 6 -8
leaf_value=0.00041434685761002846 -2.6666007577908628e-07 -0.00034345996240539383 -9.8755341994438857e-05 0.00018786371317039682 -0.00016430194382480658 0.00035913664778805564 -8.8918773311389565e-05
leaf_weight=37 335 29 88 35 143 64 27
leaf_count=37 335 29 88 35 143 64 27
internal_value=-0.000197889 -0.000658807 -0.00249288 0.00108108 -0.00124224 0.00209497 0.00796703
internal_weight=758 721 351 370 322 179 91
internal_count=758 721 351 370 322 179 91
is_linear=0
shrinkage=0.05


Tree=60
num_leaves=8
num_cat=0
split_feature=0 10 10 1 14 3 9
split_gain=1.05917 1.46735 1.93399 1.34784 2.52762 1.02317 1.11325
threshold=0.013259624130463112 0.006255070263884722 0.0031270998422653355 -0.0012187735946134202 -0.049735428455543622 0.011540354564075652 0.34596214022157395
decision_type=2 2 2 2 2 2 8
left_child=5 2 -2 -3 -5 6 -1
right_child=1 3 -4 4 -6 -7 -8
leaf_value=2.362243698013349e-05 -9.6121078727932875e-05 0.00048879118916843995 -0.00058437776688636753 -0.0001560578657773576 0.00037007389885589564 0.0003844700824294459 -7.8087108239392506e-05
leaf_weight=358 74 39 26 38 29 40 149
leaf_count=358 74 39 26 38 29 40 149
internal_value=-9.96016e-05 -0.00315534 -0.0075 0.000943396 -0.00335821 0.00105119 0.000443787
internal_weight=753 206 100 106 67 547 507
internal_count=753 206 100 106 67 547 507
is_linear=0
shrinkage=0.05


Tree=61
num_leaves=8
num_cat=0
split_feature=12 14 14 14 13 6 5
split_gain=1.17614 0.910173 1.99545 1.3252 1.60892 1.33089 1.12569
threshold=0.076145654651098141 -0.10816573528732347 -0.069744182185856193 -0.051474636784154308 18.335000038146976 -0.7577252531840486 0.030328782997197764
decision_type=2 2 2 2 2 2 2
left_child=1 -1 -3 -4 -5 -6 -7
right_child=-2 2 3 4 5 6 -8
leaf_value=-0.00021292209796341054 -0.00038484677674588505 0.00019870689876285436 -0.00021638135652578456 -1.7779698677885489e-05 0.00031880573235875873 0.00016578747295819469 -9.6415309422274631e-05
leaf_weight=32 32 46 54 403 32 102 35
leaf_count=32 32 46 54 403 32 102 35
internal_value=0 0.000426136 0.000818452 7.98722e-05 0.000786713 0.00488166 0.00273723
internal_weight=736 704 672 626 572 169 137
internal_count=736 704 672 626 572 169 137
is_linear=0
shrinkage=0.05


Tree=62
num_leaves=8
num_cat=0
split_feature=6 16 0 10 16 15 15
split_gain=1.1059 2.84657 1.20526 1.51843 1.3911 1.05495 1.26984
threshold=-0.90085874385570153 0.0025550024875672377 0.016205799848073025 0.010655378584307098 -0.0068314932242888862 0.002392262543353119 0.0097626048120071935
decision_type=2 2 2 2 2 2 2
left_child=1 -1 3 -2 -4 -6 -7
right_child=2 -3 4 -5 5 6 -8
leaf_value=-0.00027855964836654096 1.0384743465921945e-05 1.9224537294931939e-05 2.5367209437425932e-05 0.00050862194303982224 -0.00045725713368734974 3.5935412247609646e-05 -9.4237743668236176e-05
leaf_weight=41 457 51 46 26 25 45 60
leaf_count=41 457 51 46 26 25 45 60
internal_value=-0.000299601 -0.00543478 0.000417299 0.00170807 -0.003125 -0.00576923 -0.00357143
internal_weight=751 92 659 483 176 130 105
internal_count=751 92 659 483 176 130 105
is_linear=0
shrinkage=0.05


Tree=63
num_leaves=8
num_cat=0
split_feature=6 6 6 15 6 5 12
split_gain=1.16807 1.31853 1.2864 1.28 1.0957 2.23166 2.2774
threshold=1.06593818182864 0.61765756021485296 2.565884978182257 -0.00068146437775890012 -0.41183419688275164 0.028929474715958612 0.026210005909285575
decision_type=2 2 2 2 2 2 2
left_child=1 4 -2 -3 5 6 -1
right_child=2 3 -4 -5 -6 -7 -8
leaf_value=-0.00018058993568884998 0.00018464654066236314 -0.00030244771166114583 -6.371746202440219e-05 -3.8146166802576062e-06 1.5760535359583838e-05 0.00018956695689818063 1.9453539913876741e-05
leaf_weight=143 65 25 42 25 299 37 116
leaf_count=143 65 25 42 25 299 37 116
internal_value=-0.000398936 -0.00120155 0.00443925 -0.009 -0.000546218 -0.0027027 -0.00434363
internal_weight=752 645 107 50 595 296 259
internal_count=752 645 107 50 595 296 259
is_linear=0
shrinkage=0.05


Tree=64
num_leaves=8
num_cat=0
split_feature=0 6 6 4 1 13 10
split_gain=0.952415 1.56729 1.34971 1.16401 1.59549 1.43358 1.39968
threshold=-0.0016750971394878242 1.7421105751175074 1.8263928554806241 0.036453720845838943 -0.052812712652276821 20.555000305175785 -0.0037293617198180247
decision_type=2 2 2 2 2 2 2
left_child=2 -2 3 6 -5 -6 -1
right_child=1 -3 -4 4 5 -7 -8
leaf_value=-0.00010289025848342202 -5.1036809116570609e-05 0.00030286036623803497 -0.00018404244930833393 -0.00029992800604656205 0.00035133716108785417 2.079052608841732e-06 0.00011096428493512099
leaf_weight=62 365 43 25 39 65 29 104
leaf_count=62 365 43 25 39 65 29 104
internal_value=0.000136612 -0.00147059 0.00216049 0.00309365 0.00657895 0.0101064 0.000301205
internal_weight=732 408 324 299 133 94 166
internal_count=732 408 324 299 133 94 166
is_linear=0
shrinkage=0.05


Tree=65
num_leaves=8
num_cat=0
split_feature=1 12 11 4 4 1 7
split_gain=1.21007 0.802693 1.25766 0.845625 2.05678 1.30665 0.918315
threshold=-0.088810879513026339 -0.052281358654850445 -0.024572919887126395 0.043930748869444446 0.041637093088901213 -0.041945509149966691 -0.013702786297848711
decision_type=2 2 2 2 2 2 2
left_child=-1 -2 -3 4 5 -4 -7
right_child=1 2 3 -5 -6 6 -8
leaf_value=0.0003366680003494777 0.00029769403015230506 -0.00022737877621151824 0.00017331224132215826 -5.6088610817046962e-05 0.00039948112643649011 -0.00021713893839036687 -5.928798024631543e-06
leaf_weight=29 26 32 29 131 42 71 392
leaf_count=29 26 32 29 131 42 71 392
internal_value=-0.000531915 -0.00093361 -0.00125538 -0.000789474 9.3633e-05 -0.000813008 -0.00145788
internal_weight=752 723 697 665 534 492 463
internal_count=752 723 697 665 534 492 463
is_linear=0
shrinkage=0.05


Tree=66
num_leaves=8
num_cat=0
split_feature=6 6 12 9 3 16 16
split_gain=0.871405 2.17406 1.5948 1.65708 1.69787 1.69599 1.30627
threshold=1.06593818182864 0.61765756021485296 0.026210005909285575 -0.23956374912519598 0.0095128382513933758 -0.007911712508035405 0.020326961821583448
decision_type=2 2 2 10 2 2 2
left_child=1 2 6 -4 5 -5 -1
right_child=-2 -3 3 4 -6 -7 -8
leaf_value=-1.6118934241312971e-06 0.00011302331296166105 -0.00011736424621395197 0.00047585254600391203 -0.00023268313656168646 -0.0002116816723744793 0.00012167148438807115 -7.9700832558170299e-05
leaf_weight=268 105 51 49 29 27 146 70
leaf_count=268 105 51 49 29 27 146 70
internal_value=0.000302013 -0.000390625 0.000466893 0.00348606 0.00148515 0.00328571 -0.00177515
internal_weight=745 640 589 251 202 175 338
internal_count=745 640 589 251 202 175 338
is_linear=0
shrinkage=0.05


end of trees

feature_importances:
overnight_gap=45
ret_1d=42
vix_level=42
ret_5d=41
spy_ret_20d=35
dist_ma200=34
dvol_z_20=32
atr_pct=29
sector_ret_1d=29
spy_ret_1d=26
parkinson_20=23
vix_chg_1d=21
sector_ret_5d=19
spy_ret_5d=18
dist_ma20=16
ret_20d=10
dist_ma50=7

parameters:
[boosting: gbdt]
[objective: quantile]
[metric: quantile]
[tree_learner: serial]
[device_type: cpu]
[data_sample_strategy: bagging]
[data: ]
[valid: ]
[num_iterations: 80]
[learning_rate: 0.05]
[num_leaves: 8]
[num_threads: 1]
[seed: 0]
[deterministic: 0]
[force_col_wise: 1]
[force_row_wise: 0]
[histogram_pool_size: -1]
[max_depth: -1]
[min_data_in_leaf: 25]
[min_sum_hessian_in_leaf: 0.001]
[bagging_fraction: 0.9]
[pos_bagging_fraction: 1]
[neg_bagging_fraction: 1]
[bagging_freq: 1]
[bagging_seed: 3]
[bagging_by_query: 0]
[feature_fraction: 0.9]
[feature_fraction_bynode: 1]
[feature_fraction_seed: 2]
[extra_trees: 0]
[extra_seed: 6]
[early_stopping_round: 0]
[early_stopping_min_delta: 0]
[first_metric_only: 0]
[max_delta_step: 0]
[lambda_l1: 0]
[lambda_l2: 0]
[linear_lambda: 0]
[min_gain_to_split: 0]
[drop_rate: 0.1]
[max_drop: 50]
[skip_drop: 0.5]
[xgboost_dart_mode: 0]
[uniform_drop: 0]
[drop_seed: 4]
[top_rate: 0.2]
[other_rate: 0.1]
[min_data_per_group: 100]
[max_cat_threshold: 32]
[cat_l2: 10]
[cat_smooth: 10]
[max_cat_to_onehot: 4]
[top_k: 20]
[monotone_constraints: ]
[monotone_constraints_method: basic]
[monotone_penalty: 0]
[feature_contri: ]
[forcedsplits_filename: ]
[refit_decay_rate: 0.9]
[cegb_tradeoff: 1]
[cegb_penalty_split: 0]
[cegb_penalty_feature_lazy: ]
[cegb_penalty_feature_coupled: ]
[path_smooth: 0]
[interaction_constraints: ]
[verbosity: -1]
[saved_feature_importance_type: 0]
[use_quantized_grad: 0]
[num_grad_quant_bins: 4]
[quant_train_renew_leaf: 0]
[stochastic_rounding: 1]
[linear_tree: 0]
[max_bin: 255]
[max_bin_by_feature: ]
[min_data_in_bin: 3]
[bin_construct_sample_cnt: 200000]
[data_random_seed: 1]
[is_enable_sparse: 1]
[enable_bundle: 1]
[use_missing: 1]
[zero_as_missing: 0]
[feature_pre_filter: 1]
[pre_partition: 0]
[two_round: 0]
[header: 0]
[label_column: ]
[weight_column: ]
[group_column: ]
[ignore_column: ]
[categorical_feature: ]
[forcedbins_filename: ]
[precise_float_parser: 0]
[parser_config_file: ]
[objective_seed: 5]
[num_class: 1]
[is_unbalance: 0]
[scale_pos_weight: 1]
[sigmoid: 1]
[boost_from_average: 1]
[reg_sqrt: 0]
[alpha: 0.5]
[fair_c: 1]
[poisson_max_delta_step: 0.7]
[tweedie_variance_power: 1.5]
[lambdarank_truncation_level: 30]
[lambdarank_norm: 1]
[label_gain: ]
[lambdarank_position_bias_regularization: 0]
[eval_at: ]
[multi_error_top_k: 1]
[auc_mu_weights: ]
[num_machines: 1]
[local_listen_port: 12400]
[time_out: 120]
[machine_list_filename: ]
[machines: ]
[gpu_platform_id: -1]
[gpu_device_id: -1]
[gpu_device_id_list: ]
[gpu_use_dp: 0]
[num_gpu: 1]

end of parameters

pandas_categorical:[]
