tree
version=v4
num_class=1
num_tree_per_iteration=1
label_index=0
max_feature_idx=16
objective=quantile
feature_names=ret_1d ret_5d ret_20d overnight_gap atr_pct parkinson_20 dvol_z_20 dist_ma20 dist_ma50 dist_ma200 spy_ret_1d spy_ret_5d spy_ret_20d vix_level vix_chg_1d sector_ret_1d sector_ret_5d
feature_infos=[-0.096645573078829927:0.08720823406965672] [-0.14031528510090541:0.1479050173456038] [-0.18705601830380314:0.24246550936629441] [-0.13871317891413171:0.067761507148246913] [0.01515504341166826:0.055918893869788905] [0.0098095558559730331:0.030279786713218071] [-2.1134650453833079:3.9520063459514327] [-0.14691983172645728:0.14285716843446172] [-0.22849194144430429:0.1948541145329532] [-0.26611755842531548:0.27322963363404984] [-0.058542971330535654:0.10501930183911301] [-0.11496151859245618:0.082843162776128354] [-0.1226559005192206:0.15756591020035837] [11.859999656677246:52.330001831054688] [-0.35753873962348437:0.74039073966007019] [-0.05484528635308028:0.043465174951121455] [-0.079035639478724384:0.068782341876153064]
tree_sizes=850 864 856 865 857 846 857 856 860 852 864 859 841 841 851 858 858 852 857 854

Tree=0
num_leaves=8
num_cat=0
split_feature=6 9 5 16 8 4 7
split_gain=1.82841 2.32713 1.92088 2.40932 1.99754 1.50694 2.03008
threshold=-0.40971890301299635 0.067509414397946235 0.013523769388905317 0.02467512796267635 -0.008559939211849275 0.023683209754146884 -0.051965154262088746
decision_type=2 10 2 2 10 2 2
left_child=1 -1 4 5 -2 -4 -7
right_child=2 -3 3 -5 -6 6 -8
leaf_value=3.6516205727821213e-05 -0.00032052396636572666 -0.00018531220339355062 0.00030418850874411871 -0.00018274992544320412 0.00012379419858916664 0.000398514745029388 8.0749566768645303e-05
leaf_weight=242 44 62 63 28 54 55 198
leaf_count=242 44 62 63 28 54 55 198
internal_value=-0.000397573 -0.00338235 0.00165531 0.00341462 -0.00452024 0.0046602 0.00293721
internal_weight=746 304 442 344 98 316 253
internal_count=746 304 442 344 98 316 253
is_linear=0
shrinkage=1


Tree=1
num_leaves=8
num_cat=0
split_feature=0 3 8 10 2 13 2
split_gain=2.55793 1.89122 2.07198 1.78568 2.39477 1.65173 1.64314
threshold=-0.01047634444123152 0.011982577522662187 -0.12122535967495167 -0.0024053723341925788 -0.095945684049599453 18.444999694824222 -0.0020564402770523178
decision_type=2 2 10 2 2 2 2
left_child=-1 2 -2 5 -5 -4 -6
right_child=1 -3 3 4 6 -7 -8
leaf_value=0.00019810756308288546 -0.00060032866869732973 8.790168921223085e-05 -0.00029934485673038585 -0.00034761179598717722 0.00014405335638002724 3.9336960799118974e-05 -4.7895057041387186e-05
leaf_weight=170 28 44 76 31 127 41 216
leaf_count=170 28 44 76 31 127 41 216
internal_value=-0.000375171 -0.00199822 -0.002842 -0.00208758 -0.00040107 -0.00747863 0.000801749
internal_weight=733 563 519 491 374 117 343
internal_count=733 563 519 491 374 117 343
is_linear=0
shrinkage=0.05


Tree=2
num_leaves=8
num_cat=0
split_feature=0 6 9 9 1 11 16
split_gain=1.90057 2.47202 2.29832 2.09697 1.61382 1.65543 1.49879
threshold=-0.01047634444123152 0.43822452496549175 -0.11349894280591981 0.10222776789574407 0.057288924651775493 0.02573480883905466 -0.00024555514352103675
decision_type=2 2 8 10 2 2 2
left_child=2 4 -1 -3 5 -2 -4
right_child=1 3 6 -5 -6 -7 -8
leaf_value=0.00041020562288576913 -9.1597422759150506e-05 1.9811342599950878e-05 -9.4277485430211536e-05 0.00022345286324889458 -0.00038726746307793294 0.00011570243859932816 0.00025443079907927312
leaf_weight=37 361 105 98 29 26 35 54
leaf_count=37 361 105 98 29 26 35 54
internal_value=3.3557e-05 -0.00143885 0.00436508 0.00447761 -0.00331754 -0.00252525 0.00164474
internal_weight=745 556 189 134 422 396 152
internal_count=745 556 189 134 422 396 152
is_linear=0
shrinkage=0.05


Tree=3
num_leaves=8
num_cat=0
split_feature=0 9 6 10 6 16 11
split_gain=2.80792 2.35013 2.31094 1.79064 1.67327 1.79888 2.15207
threshold=-0.01047634444123152 -0.11349894280591981 1.6341630587243667 -0.0024053723341925788 -0.34876289823995021 -0.0051415322788567188 0.021590279744903355
decision_type=2 10 2 2 2 2 2
left_child=1 -1 3 -2 5 -5 -7
right_child=2 -3 -4 4 -6 6 -8
leaf_value=0.0003180917643470821 -0.00019903351017234173 3.5466271397490346e-05 0.00015045195401805814 3.3226931005992809e-05 5.0817147108682547e-05 -0.00026501912470471326 4.6161852762361384e-05
leaf_weight=71 114 111 37 57 202 100 45
leaf_count=71 114 111 37 57 202 100 45
internal_value=-0.000169607 0.00521978 -0.00193694 -0.00279923 -0.00123762 -0.00445545 -0.00741379
internal_weight=737 182 555 518 404 202 145
internal_count=737 182 555 518 404 202 145
is_linear=0
shrinkage=0.05


Tree=4
num_leaves=8
num_cat=0
split_feature=16 6 7 7 9 13 1
split_gain=2.26897 1.77678 1.68819 2.51155 1.29402 1.57715 1.6595
threshold=0.013182641001603381 0.82173807652905417 -0.0060994204286740064 0.0093663742578661297 0.16107416937419741 13.795000076293947 0.0037942639853302267
decision_type=2 2 2 2 10 2 2
left_child=1 4 -2 -4 5 -1 -7
right_child=2 -3 3 -5 -6 6 -8
leaf_value=0.00013049385147281104 -0.00025116106182187652 0.0002118775607234557 0.00032056416436870909 -0.00011382644779098627 -0.00022291014942657741 3.2218679423231152e-05 -0.00018436714418423435
leaf_weight=68 40 94 31 118 27 262 103
leaf_count=68 40 94 31 118 27 262 103
internal_value=0.000100942 0.0017148 -0.00462963 -0.00218121 0.000434783 0.001097 -0.000205479
internal_weight=743 554 189 149 460 433 365
internal_count=743 554 189 149 460 433 365
is_linear=0
shrinkage=0.05


Tree=5
num_leaves=8
num_cat=0
split_feature=0 9 6 12 16 16 0
split_gain=1.78325 1.91744 1.71995 1.60087 2.03734 1.5979 1.47664
threshold=-0.0083425751638654382 -0.11736229513206502 1.6341630587243667 0.0066896408709551389 0.0013972815333429536 -0.0072842088887766212 0.026780261373677065
decision_type=2 8 2 2 2 2 2
left_child=1 -1 6 -3 5 -5 -2
right_child=2 3 -4 4 -6 -7 -8
leaf_value=0.0004025125652392379 -9.5011020541490101e-05 0.00028934183955494383 0.00012108401244562493 -0.00015068402073639895 0.00029562770017651797 -0.00030347529838932274 0.00019421409055976735
leaf_weight=34 448 65 37 48 42 28 30
leaf_count=34 448 65 37 48 42 28 30
internal_value=0 0.00380184 -0.00160194 0.00177596 -0.00169492 -0.00657895 -0.00240586
internal_weight=732 217 515 183 118 76 478
internal_count=732 217 515 183 118 76 478
is_linear=0
shrinkage=0.05


Tree=6
num_leaves=8
num_cat=0
split_feature=0 9 6 9 10 14 11
split_gain=1.86459 2.45452 2.37435 1.74829 1.84285 1.80259 1.41647
threshold=-0.01047634444123152 -0.11349894280591981 -0.30481230724862995 -0.11736229513206502 -0.0024053723341925788 0.064380578257103652 0.02573480883905466
decision_type=2 10 2 8 2 2 2
left_child=1 -1 6 -4 5 -5 -2
right_child=2 -3 3 4 -6 -7 -8
leaf_value=0.00027842649444706057 -0.00019644438657795451 6.565224750596443e-06 -0.00024994160778685898 -0.000246626708533144 8.2895788697826908e-05 9.6934563209031947e-05 8.8787190070568607e-05
leaf_weight=76 226 113 29 43 201 25 31
leaf_count=76 226 113 29 43 201 25 31
internal_value=0.000604839 0.00489418 -0.000855856 0.00218121 0.00343866 -0.00367647 -0.00437743
internal_weight=744 189 555 298 269 68 257
internal_count=744 189 555 298 269 68 257
is_linear=0
shrinkage=0.05


Tree=7
num_leaves=8
num_cat=0
split_feature=6 4 0 9 15 5 9
split_gain=1.98574 1.66283 1.44761 1.98606 1.69759 1.39799 1.49331
threshold=1.4253767061341311 0.024147660087936819 -0.0083425751638654382 -0.11736229513206502 0.0020167161926240022 0.017626087033644617 0.086365207635687238
decision_type=2 2 2 8 2 2 8
left_child=2 -2 3 -1 5 6 -4
right_child=1 -3 4 -5 -6 -7 -8
leaf_value=0.00033813286656865011 0.00013244835453557791 3.165592503262436e-05 2.1702077077261314e-06 2.4861035128443629e-05 1.8250516233332733e-05 -0.00051025272451760487 -0.00018484478143376102
leaf_weight=27 31 43 113 161 245 27 93
leaf_count=27 31 43 113 161 245 27 93
internal_value=0.000337838 0.00810811 -0.000525526 0.00319149 -0.00198745 -0.00504292 -0.00364078
internal_weight=740 74 666 188 478 233 206
internal_count=740 74 666 188 478 233 206
is_linear=0
shrinkage=0.05


Tree=8
num_leaves=8
num_cat=0
split_feature=9 0 6 13 10 12 11
split_gain=2.00354 1.95993 1.95303 1.9137 1.70641 1.73951 1.69308
threshold=0.18275576538602215 -0.0083425751638654382 1.6341630587243667 16.550000190734867 -0.0026372338745276331 0.0061045845958173093 0.0069842899086436381
decision_type=10 2 2 2 2 2 2
left_child=1 3 4 6 5 -3 -1
right_child=-2 2 -4 -5 -6 -7 -8
leaf_value=-0.00027099511981053444 -0.00027914099377644833 -7.5700848104030178e-06 0.00013635432692194835 0.00027330343458324463 -5.3760099075148253e-06 -0.00034464327206591336 0.00024889881472752758
leaf_weight=50 34 44 32 123 378 59 41
leaf_count=50 34 44 32 123 378 59 41
internal_value=9.85545e-05 0.00065337 -0.00102339 0.0046729 -0.00181913 -0.00752427 -0.000824176
internal_weight=761 727 513 214 481 103 91
internal_count=761 727 513 214 481 103 91
is_linear=0
shrinkage=0.05


Tree=9
num_leaves=8
num_cat=0
split_feature=13 11 6 5 3 16 4
split_gain=1.62681 1.38699 2.01398 1.79134 1.68177 1.89035 1.43069
threshold=24.385000228881839 0.02306163879140322 0.99835853656744467 0.015445442390422561 -0.0069595577915038112 0.011174281119892162 0.023131305605772316
decision_type=2 2 2 2 2 2 2
left_child=1 2 4 -3 -1 -6 -4
right_child=-2 3 6 -5 5 -7 -8
leaf_value=8.6803231534916987e-05 0.00027004790582065366 0.00023219882930883745 0.00038729791389693652 -3.0618170899792667e-05 -4.5857756041883827e-05 -0.0001715356501625423 4.2292998816705066e-05
leaf_weight=83 46 40 27 49 321 109 63
leaf_count=83 46 40 27 49 321 109 63
internal_value=0.000677507 7.22543e-05 -0.000787728 0.00589888 -0.00199805 -0.00325581 0.00611111
internal_weight=738 692 603 89 513 430 90
internal_count=738 692 603 89 513 430 90
is_linear=0
shrinkage=0.05


Tree=10
num_leaves=8
num_cat=0
split_feature=0 8 7 10 10 3 0
split_gain=1.84813 1.30387 1.82858 1.7476 2.06881 1.533 1.57686
threshold=-0.0080159043890332665 -0.095710035316807038 0.024374316739740113 -0.0020576212459770811 0.0023793811070187414 0.0050184098507463091 0.0084789994718000878
decision_type=2 10 2 2 2 2 2
left_child=-1 -2 5 -4 -5 -3 -7
right_child=1 2 3 4 -6 6 -8
leaf_value=0.00011812129316034073 -0.00033884051524945619 6.2522671198823499e-05 -0.00023966138105421103 7.613843844847724e-05 -0.00012956361158718253 -0.00021270160180718152 2.9510871839737943e-05
leaf_weight=220 52 229 34 42 86 42 43
leaf_count=220 52 229 34 42 86 42 43
internal_value=0.000467914 -0.00113636 -0.000315126 -0.00462963 -0.00195312 0.00191083 -0.00382353
internal_weight=748 528 476 162 128 314 85
internal_count=748 528 476 162 128 314 85
is_linear=0
shrinkage=0.05


Tree=11
num_leaves=8
num_cat=0
split_feature=0 9 8 15 12 6 5
split_gain=1.41047 2.16827 2.09339 2.36136 1.30909 1.98098 1.29209
threshold=-0.013623520876703486 -0.11349894280591981 -0.095710035316807038 0.0046606373722162262 0.016494776846734397 -0.099232786529548686 0.016157345942248547
decision_type=2 8 10 2 2 2 2
left_child=1 -1 3 -2 -3 -6 -4
right_child=2 4 6 -5 5 -7 -8
leaf_value=0.00032764757096256534 -0.00044351402972433697 0.00025201596352741006 3.3089764064436586e-05 4.418294398682567e-05 0.00011107325911948571 -0.00024159176220928604 -7.7742966545320168e-05
leaf_weight=28 37 55 375 25 27 28 171
leaf_count=28 37 55 375 25 27 28 171
internal_value=0.000871314 0.00543478 -0.000164474 -0.00887097 0.00227273 -0.00318182 0.000824176
internal_weight=746 138 608 62 110 55 546
internal_count=746 138 608 62 110 55 546
is_linear=0
shrinkage=0.05


Tree=12
num_leaves=8
num_cat=0
split_feature=13 6 13 3 13 8 13
split_gain=1.68101 2.48045 2.15362 2.05333 2.43658 2.42629 2.01588
threshold=16.550000190734867 1.4253767061341311 16.875000000000004 0.003171249143573363 21.724999427795414 0.009540702126945912 16.285000801086429
decision_type=2 2 2 2 2 8 2
left_child=1 6 -2 -4 5 -5 -1
right_child=2 -3 3 4 -6 -7 -8
leaf_value=-3.7271687927941238e-05 0.00031842154761061006 0.0002232303444661135 5.6705651372463278e-05 -0.0003441161681516456 0.0002904400056087429 1.7726586433982666e-05 -0.00083824296755912484
leaf_weight=303 34 30 234 43 27 30 25
leaf_count=303 34 30 234 43 27 30 25
internal_value=0.000344353 -0.00209497 0.00271739 0.00149701 -0.0045 -0.00924658 -0.00335366
internal_weight=726 358 368 334 100 73 328
internal_count=726 358 368 334 100 73 328
is_linear=0
shrinkage=0.05


Tree=13
num_leaves=8
num_cat=0
split_feature=7 13 2 2 6 16 12
split_gain=1.38586 1.23136 1.63106 1.09082 1.11204 1.06177 1.66119
threshold=-0.053831106862701254 24.119999885559086 -0.086899923114749353 -0.10675454006500661 0.32574827427524439 0.024284727215859617 0.028755529874552547
decision_type=2 2 2 2 2 2 2
left_child=3 2 -2 4 -1 -4 -7
right_child=1 -3 5 -5 -6 6 -8
leaf_value=-6.728237297047556e-05 -0.00028571016820408082 0.00027591800532830577 1.2558427634335045e-05 0.00018087224941761094 0.00018335012445159414 -0.00031433065611337103 2.5763183865940103e-05
leaf_weight=26 46 27 519 40 25 32 27
leaf_count=26 46 27 519 40 25 32 27
internal_value=0.000539084 -0.000268817 -0.000721154 0.00631868 0.00147059 0 -0.00635593
internal_weight=742 651 624 91 51 578 59
internal_count=742 651 624 91 51 578 59
is_linear=0
shrinkage=0.05


Tree=14
num_leaves=8
num_cat=0
split_feature=15 15 15 13 13 13 16
split_gain=1.6139 2.08044 1.76211 1.65611 1.81506 1.66647 2.6625
threshold=-0.0083349240474520619 -0.0098778017747112572 -0.0058696284824380487 12.555000305175783 13.050000190734865 16.095000267028812 0.010565569234320506
decision_type=2 2 2 2 2 2 2
left_child=1 -1 -2 -4 -5 6 -6
right_child=2 -3 3 4 5 -7 -8
leaf_value=6.1560682389158228e-05 -0.00029775098971848994 0.00046186729224973475 -0.00042847571303556581 0.00030833573558334344 6.3308161074584685e-05 5.1998284810701864e-05 -0.00012535122083802774
leaf_weight=75 50 29 26 30 135 297 82
leaf_count=75 50 29 26 30 135 297 82
internal_value=0.000966851 0.00673077 0 0.000789474 0.00137868 0.000680934 -0.00264977
internal_weight=724 104 620 570 544 514 217
internal_count=724 104 620 570 544 514 217
is_linear=0
shrinkage=0.05


Tree=15
num_leaves=8
num_cat=0
split_feature=3 3 14 1 9 15 15
split_gain=1.6289 1.98311 1.75485 1.44668 1.17733 0.880968 1.94134
threshold=0.011849150903291973 0.0044700141366215149 -0.0091057157714133346 -0.0041690039837225515 0.18275576538602215 -0.008129067236699981 -0.011835266142907806
decision_type=2 2 2 2 10 2 2
left_child=1 4 3 -3 5 6 -1
right_child=-2 2 -4 -5 -6 -7 -8
leaf_value=-4.6726938786572817e-06 0.00010499971504122075 -0.00047444613065144832 7.854246663322183e-06 -7.6981129391905868e-05 -0.00017066438823270312 1.1388458796460423e-05 0.00025454658316521054
leaf_weight=40 49 34 54 48 25 437 45
leaf_count=40 49 34 54 48 25 437 45
internal_value=0.000887978 0.000256223 -0.00514706 -0.0097561 0.00159963 0.00210728 0.00676471
internal_weight=732 683 136 82 547 522 85
internal_count=732 683 136 82 547 522 85
is_linear=0
shrinkage=0.05


Tree=16
num_leaves=8
num_cat=0
split_feature=3 3 14 6 0 4 10
split_gain=1.28629 1.84691 2.39933 1.35014 1.24466 2.66676 2.13342
threshold=0.011555387892998927 0.0050184098507463091 0.004407866869301503 -0.40253091272359492 -0.0074584163282260798 0.023290272872262843 0.0050045154394297029
decision_type=2 2 2 2 2 2 2
left_child=1 3 -3 4 -1 -6 -7
right_child=-2 2 -4 -5 5 6 -8
leaf_value=7.997405479888577e-05 6.3764933919882843e-05 -0.00038985963803302078 3.2214602180930609e-05 5.1534283836387965e-05 2.4493973290707988e-05 -0.00049439941476769943 2.4400266833636038e-05
leaf_weight=86 55 71 38 342 80 54 25
leaf_count=86 55 71 38 342 80 54 25
internal_value=0.000366178 -0.000215517 -0.00619266 0.000894378 -0.00193878 -0.00455975 -0.0110759
internal_weight=751 696 109 587 245 159 79
internal_count=751 696 109 587 245 159 79
is_linear=0
shrinkage=0.05


Tree=17
num_leaves=8
num_cat=0
split_feature=3 3 14 5 4 9 9
split_gain=1.41769 1.07492 1.45729 1.51534 2.01608 1.06219 1.59647
threshold=0.011982577522662187 0.0043037071905313038 -0.0091057157714133346 0.013853446795887134 0.027351681203537394 0.14824987661950342 0.10832380834979251
decision_type=2 2 2 2 2 10 10
left_child=1 5 3 -3 -5 6 -1
right_child=-2 2 -4 4 -6 -7 -8
leaf_value=5.0108592063229222e-06 7.0293892395308677e-05 -0.00055365740271408402 5.8508042211095441e-06 3.555984945102592e-05 -0.00053783139227091563 -0.00014126275045414885 0.00020971713950387828
leaf_weight=472 45 25 54 40 26 54 28
leaf_count=472 45 25 54 40 26 54 28
internal_value=-0.000268817 -0.000822604 -0.00465517 -0.00851648 -0.00454545 0.000180505 0.0009
internal_weight=744 699 145 91 66 554 500
internal_count=744 699 145 91 66 554 500
is_linear=0
shrinkage=0.05


Tree=18
num_leaves=8
num_cat=0
split_feature=3 3 16 6 15 14 8
split_gain=1.58457 1.50197 1.43696 2.17325 1.46437 1.14541 2.0733
threshold=0.011555387892998927 0.0043037071905313038 0.012947241220240603 0.41189297467103742 -0.0015261102212689723 -0.035874657899562339 0.020752699101335041
decision_type=2 2 2 2 2 2 10
left_child=1 5 3 4 -3 6 -1
right_child=-2 2 -4 -5 -6 -7 -8
leaf_value=4.4692395890552857e-06 6.6779197775543249e-05 -0.0004376473724853003 -0.00033868626551514084 0.00025980272718597756 -2.0759623435617728e-05 -7.973084866057311e-07 0.00026399879108586114
leaf_weight=73 55 35 35 25 46 439 42
leaf_count=73 55 35 35 25 46 439 42
internal_value=0.000466667 -0.000179856 -0.00478723 -0.00188679 -0.0058642 0.00099278 0.00543478
internal_weight=750 695 141 106 81 554 115
internal_count=750 695 141 106 81 554 115
is_linear=0
shrinkage=0.05


Tree=19
num_leaves=8
num_cat=0
split_feature=13 15 1 5 1 1 9
split_gain=1.36855 1.24244 1.38993 2.19208 2.11751 2.09977 2.08171
threshold=24.385000228881839 0.014896261844423055 0.022606124532909892 0.01428243416660179 0.036102696112167217 0.014834035411092851 0.13735485696184949
decision_type=2 2 2 2 2 2 10
left_child=1 2 5 -4 -5 6 -1
right_child=-2 -3 3 4 -6 -7 -8
leaf_value=1.7418295036526949e-05 0.00024367522225911595 -9.7405206820454541e-05 -0.00011478646039059725 0.00015903691757252945 4.4453435691704079e-05 -0.00022687253388528592 -0.00023351230967521156
leaf_weight=412 48 28 49 36 71 55 42
leaf_count=412 48 28 49 36 71 55 42
internal_value=0.000168691 -0.000396825 3.7594e-05 0.00416667 0.00817757 -0.0012279 -0.000110132
internal_weight=741 693 665 156 107 509 454
internal_count=741 693 665 156 107 509 454
is_linear=0
shrinkage=0.05


end of trees

feature_importances:
dist_ma200=16
dvol_z_20=15
vix_level=13
ret_1d=12
overnight_gap=12
sector_ret_5d=10
sector_ret_1d=9
spy_ret_1d=7
ret_5d=6
parkinson_20=6
dist_ma50=6
atr_pct=5
dist_ma20=5
spy_ret_5d=5
vix_chg_1d=5
ret_20d=4
spy_ret_20d=4

parameters:
[boosting: gbdt]
[objective: quantile]
[metric: quantile]
[tree_learner: serial]
[device_type: cpu]
[data_sample_strategy: bagging]
[data: ]
[valid: ]
[num_iterations: 80]
[learning_rate: 0.05]
[num_leaves: 8]
[num_threads: 1]
[seed: 0]
[deterministic: 0]
[force_col_wise: 1]
[force_row_wise: 0]
[histogram_pool_size: -1]
[max_depth: -1]
[min_data_in_leaf: 25]
[min_sum_hessian_in_leaf: 0.001]
[bagging_fraction: 0.9]
[pos_bagging_fraction: 1]
[neg_bagging_fraction: 1]
[bagging_freq: 1]
[bagging_seed: 3]
[bagging_by_query: 0]
[feature_fraction: 0.9]
[feature_fraction_bynode: 1]
[feature_fraction_seed: 2]
[extra_trees: 0]
[extra_seed: 6]
[early_stopping_round: 0]
[early_stopping_min_delta: 0]
[first_metric_only: 0]
[max_delta_step: 0]
[lambda_l1: 0]
[lambda_l2: 0]
[linear_lambda: 0]
[min_gain_to_split: 0]
[drop_rate: 0.1]
[max_drop: 50]
[skip_drop: 0.5]
[xgboost_dart_mode: 0]
[uniform_drop: 0]
[drop_seed: 4]
[top_rate: 0.2]
[other_rate: 0.1]
[min_data_per_group: 100]
[max_cat_threshold: 32]
[cat_l2: 10]
[cat_smooth: 10]
[max_cat_to_onehot: 4]
[top_k: 20]
[monotone_constraints: ]
[monotone_constraints_method: basic]
[monotone_penalty: 0]
[feature_contri: ]
[forcedsplits_filename: ]
[refit_decay_rate: 0.9]
[cegb_tradeoff: 1]
[cegb_penalty_split: 0]
[cegb_penalty_feature_lazy: ]
[cegb_penalty_feature_coupled: ]
[path_smooth: 0]
[interaction_constraints: ]
[verbosity: -1]
[saved_feature_importance_type: 0]
[use_quantized_grad: 0]
[num_grad_quant_bins: 4]
[quant_train_renew_leaf: 0]
[stochastic_rounding: 1]
[linear_tree: 0]
[max_bin: 255]
[max_bin_by_feature: ]
[min_data_in_bin: 3]
[bin_construct_sample_cnt: 200000]
[data_random_seed: 1]
[is_enable_sparse: 1]
[enable_bundle: 1]
[use_missing: 1]
[zero_as_missing: 0]
[feature_pre_filter: 1]
[pre_partition: 0]
[two_round: 0]
[header: 0]
[label_column: ]
[weight_column: ]
[group_column: ]
[ignore_column: ]
[categorical_feature: ]
[forcedbins_filename: ]
[precise_float_parser: 0]
[parser_config_file: ]
[objective_seed: 5]
[num_class: 1]
[is_unbalance: 0]
[scale_pos_weight: 1]
[sigmoid: 1]
[boost_from_average: 1]
[reg_sqrt: 0]
[alpha: 0.5]
[fair_c: 1]
[poisson_max_delta_step: 0.7]
[tweedie_variance_power: 1.5]
[lambdarank_truncation_level: 30]
[lambdarank_norm: 1]
[label_gain: ]
[lambdarank_position_bias_regularization: 0]
[eval_at: ]
[multi_error_top_k: 1]
[auc_mu_weights: ]
[num_machines: 1]
[local_listen_port: 12400]
[time_out: 120]
[machine_list_filename: ]
[machines: ]
[gpu_platform_id: -1]
[gpu_device_id: -1]
[gpu_device_id_list: ]
[gpu_use_dp: 0]
[num_gpu: 1]

end of parameters

pandas_categorical:[]
