tree
version=v4
num_class=1
num_tree_per_iteration=1
label_index=0
max_feature_idx=16
objective=quantile
feature_names=ret_1d ret_5d ret_20d overnight_gap atr_pct parkinson_20 dvol_z_20 dist_ma20 dist_ma50 dist_ma200 spy_ret_1d spy_ret_5d spy_ret_20d vix_level vix_chg_1d sector_ret_1d sector_ret_5d
feature_infos=[-0.096645573078829927:0.08720823406965672] [-0.14031528510090541:0.1479050173456038] [-0.18705601830380314:0.24246550936629441] [-0.13871317891413171:0.067761507148246913] [0.01515504341166826:0.055918893869788905] [0.0098095558559730331:0.030279786713218071] [-2.1134650453833079:3.9520063459514327] [-0.14691983172645728:0.14285716843446172] [-0.22849194144430429:0.1948541145329532] [-0.26611755842531548:0.27322963363404984] [-0.058542971330535654:0.10501930183911301] [-0.11496151859245618:0.082843162776128354] [-0.1226559005192206:0.15756591020035837] [11.859999656677246:52.330001831054688] [-0.35753873962348437:0.74039073966007019] [-0.05484528635308028:0.043465174951121455] [-0.079035639478724384:0.068782341876153064]
tree_sizes=840 866 873 865 862 869 865 875 862 863 862 858

Tree=0
num_leaves=8
num_cat=0
split_feature=9 13 5 5 15 14 9
split_gain=1.98728 1.1047 0.64692 1.06456 0.706037 0.796323 0.718925
threshold=-0.180611494566675 13.84500026702881 0.015506310760400691 0.015225986465328736 -0.0056949646700201742 0.050179471356022971 0.065623684279668817
decision_type=8 2 2 2 2 2 8
left_child=-1 -2 3 4 5 -3 -6
right_child=1 2 -4 -5 6 -7 -8
leaf_value=-0.030780245266795785 -0.028876129251524864 -0.029673114063923801 -0.029197657928654974 -0.030564872990081249 -0.028995212442936312 -0.029234478449231847 -0.029386566015216671
leaf_weight=27 140 34 262 27 104 30 126
leaf_count=27 140 34 262 27 104 30 126
internal_value=-0.0295017 -0.0290043 -0.0299621 -0.0314668 -0.0305942 -0.0352392 -0.0293017
internal_weight=750 723 583 321 294 64 230
internal_count=750 723 583 321 294 64 230
is_linear=0
shrinkage=1


Tree=1
num_leaves=8
num_cat=0
split_feature=9 13 0 7 11 8 11
split_gain=1.36478 0.837006 0.852098 0.647217 0.729228 0.623664 0.8364
threshold=-0.180611494566675 13.194999694824221 0.010945445562159485 -0.053831106862701254 0.018027346802980907 -0.073302472303430219 -0.0038175375039997124
decision_type=8 2 2 2 2 10 2
left_child=-1 -2 3 -3 5 -5 -7
right_child=1 2 -4 4 -6 6 -8
leaf_value=-0.0013948316322486432 0.0003281328099549754 0.00040995001721626082 0.00016180303840691946 -0.00044399076123002282 0.00023768673096575901 0.00013953031019929842 -0.00021938376669440672
leaf_weight=28 80 62 133 49 76 101 205
leaf_count=28 80 62 133 49 76 101 205
internal_value=-0.000245231 0.000184136 -0.00043131 -0.00138945 -0.00207657 -0.00302817 -0.00218954
internal_weight=734 706 626 493 431 355 306
internal_count=734 706 626 493 431 355 306
is_linear=0
shrinkage=0.05


Tree=2
num_leaves=8
num_cat=0
split_feature=13 11 8 16 16 8 2
split_gain=1.12426 0.804247 1.38278 1.12669 0.943118 0.941548 0.891817
threshold=14.904999732971193 0.011634052199270497 -0.15470899137434993 -0.0099945486022129919 -0.00767392747355261 -0.072470079037077681 -0.019190233068088255
decision_type=2 2 10 2 2 10 2
left_child=-1 2 -2 -4 -3 -5 -7
right_child=1 4 3 5 -6 6 -8
leaf_value=0.00025843015879111495 -0.0010245724303131335 -0.00035656413477757666 0.00016837519164193974 -0.00051037323261901796 0.00035216430682877866 0.00024392613028213075 -0.00023842719790043637
leaf_weight=227 27 25 130 37 116 52 135
leaf_count=227 27 25 130 37 116 52 135
internal_value=-0.000140187 -0.00141762 -0.00261155 -0.00177966 0.00180851 -0.00392857 -0.00248663
internal_weight=749 522 381 354 141 224 187
internal_count=749 522 381 354 141 224 187
is_linear=0
shrinkage=0.05


Tree=3
num_leaves=8
num_cat=0
split_feature=11 9 0 13 0 6 1
split_gain=1.19885 0.850694 0.7405 0.667626 0.715779 0.776005 0.714
threshold=-0.022024026906729662 -0.077366194043956935 0.0058287765790142618 13.194999694824221 -0.0081918721172663505 -0.41950479571168525 -0.0035867591695070695
decision_type=2 8 2 2 2 2 2
left_child=1 -1 3 -2 -5 -6 -7
right_child=2 -3 -4 4 5 6 -8
leaf_value=-0.0012769096278441253 0.00043034392010282056 -1.2259725597759439e-05 0.00014778388238884899 6.0860420084229714e-05 1.5225746764620062e-06 -0.00047072770753576023 -6.4740938186954198e-05
leaf_weight=32 49 40 226 164 111 53 68
leaf_count=32 49 40 226 164 111 53 68
internal_value=2.01886e-05 -0.00611111 0.000678093 -0.000505618 -0.00118687 -0.00297414 -0.0057438
internal_weight=743 72 671 445 396 232 121
internal_count=743 72 671 445 396 232 121
is_linear=0
shrinkage=0.05


Tree=4
num_leaves=8
num_cat=0
split_feature=6 0 9 0 1 2 13
split_gain=0.920619 1.22056 1.11455 0.586457 0.644074 0.552031 0.531696
threshold=0.0066569296533778438 0.016147185046657579 -0.059061535389256785 -0.0035272255677918913 0.031671795285522449 0.052654270783239372 14.904999732971193
decision_type=2 2 8 2 2 2 2
left_child=5 2 -2 -4 -5 6 -1
right_child=1 -3 3 4 -6 -7 -8
leaf_value=0.00036672176840608765 -0.00072710508657983848 0.00036501034646248249 0.00015325084979287491 -0.0001635593669290497 -0.00033897943207137482 0.00046296793266829996 -8.4260029603949876e-06
leaf_weight=96 54 65 84 68 29 101 249
leaf_count=96 54 65 84 68 29 101 249
internal_value=0.000308311 -0.00183333 -0.00351064 -0.00162983 -0.00427835 0.00174888 0.000797102
internal_weight=746 300 235 181 97 446 345
internal_count=746 300 235 181 97 446 345
is_linear=0
shrinkage=0.05


Tree=5
num_leaves=8
num_cat=0
split_feature=1 11 7 0 12 16 11
split_gain=1.00686 0.775641 0.872507 0.511863 0.555377 0.497091 0.904925
threshold=-0.049457466271580035 -0.022024026906729662 -0.053831106862701254 0.021201597278143972 0.073733903664651171 -0.0099945486022129919 0.013148939613643941
decision_type=2 2 2 2 2 2 2
left_child=1 -1 -3 4 5 -2 -7
right_child=3 2 -4 -5 -6 6 -8
leaf_value=-0.0012409866009511184 0.00036700894814667607 0.00041199084102254879 -0.0002776236609920757 0.00032014704891267297 -0.00046319428810559342 -0.00011406135134749796 0.0003367481734931286
leaf_weight=26 125 25 27 64 25 284 161
leaf_count=26 125 25 27 64 25 284 161
internal_value=0.000115333 -0.00525641 -0.00173077 0.000751138 0.000294118 0.000614035 -0.000168539
internal_weight=737 78 52 659 595 570 445
internal_count=737 78 52 659 595 570 445
is_linear=0
shrinkage=0.05


Tree=6
num_leaves=8
num_cat=0
split_feature=9 13 6 0 2 14 9
split_gain=0.830175 0.713166 0.663211 0.802198 0.696418 0.930177 0.61488
threshold=-0.180611494566675 13.194999694824221 -0.49312750036879865 0.021201597278143972 -0.00068398837279021174 -0.058539441914538297 0.20241123043524537
decision_type=8 2 2 2 2 2 8
left_child=-1 -2 -3 4 5 -4 -6
right_child=1 2 3 -5 6 -7 -8
leaf_value=-0.0011778898346606372 0.00038747585896691385 0.00020462911164585899 -0.0003071378933096743 0.00035724670687505678 -0.00026680133401491322 2.9373640168419053e-05 -0.0003765020068492638
leaf_weight=31 77 213 25 46 150 176 28
leaf_count=31 77 213 25 46 150 176 28
internal_value=0.000107239 0.000454546 -9.40437e-05 -0.00123529 -0.00199208 2.48758e-05 -0.00426966
internal_weight=746 715 638 425 379 201 178
internal_count=746 715 638 425 379 201 178
is_linear=0
shrinkage=0.05


Tree=7
num_leaves=8
num_cat=0
split_feature=15 3 14 14 10 11 6
split_gain=0.827601 0.711272 0.803884 0.613415 0.895938 1.23419 0.439492
threshold=-0.014994391899305735 -0.0029920345654528275 -0.044386160859696593 -0.012410493039419599 -0.0037293617198180247 0.0039565944761287284 0.099850456885460306
decision_type=2 2 2 2 2 2 2
left_child=-1 2 -2 -4 -5 -6 -3
right_child=1 6 3 4 5 -7 -8
leaf_value=-0.00023490048380520593 -0.00030307344397774064 0.00015428017165289903 0.00011258114382935775 2.4513592785684817e-05 -0.0003450925839512132 -0.00013201097312259605 -3.4231156730827055e-06
leaf_weight=26 27 317 39 78 29 50 179
leaf_count=26 27 317 39 78 29 50 179
internal_value=0.000302014 0.000618915 -0.00172646 -0.000612245 -0.00200637 -0.00575949 0.00167339
internal_weight=745 719 223 196 157 79 496
internal_count=745 719 223 196 157 79 496
is_linear=0
shrinkage=0.05


Tree=8
num_leaves=8
num_cat=0
split_feature=13 1 6 7 7 8 4
split_gain=0.846798 0.847662 0.912272 0.407314 0.881365 0.512472 0.615992
threshold=13.84500026702881 -0.049457466271580035 0.099850456885460306 0.032797722618518217 0.040952813480386603 0.045006714439036595 0.029587882372090198
decision_type=2 2 2 2 2 10 2
left_child=-1 2 -2 5 -5 6 -3
right_child=1 3 -4 4 -6 -7 -8
leaf_value=0.00024470616020302454 3.8256623848106882e-05 -6.0849719496176044e-05 -0.00092968250740400958 -0.00038718866228836007 2.8001122822397416e-06 0.00044542483927174334 0.00015843529113803483
leaf_weight=144 32 293 37 25 77 59 97
leaf_count=144 32 293 37 25 77 59 97
internal_value=0.000157068 -0.000645161 -0.00586956 9.0746e-06 -0.00284314 0.000657016 1.86265e-10
internal_weight=764 620 69 551 102 449 390
internal_count=764 620 69 551 102 449 390
is_linear=0
shrinkage=0.05


Tree=9
num_leaves=8
num_cat=0
split_feature=6 0 12 7 9 0 15
split_gain=0.911456 1.22056 0.82906 1.00992 0.750801 2.08848 1.13362
threshold=0.0066569296533778438 0.016147185046657579 -0.021564591208677316 -0.053831106862701254 -0.057484682595460738 0.00068404178773240354 0.0046515957037716058
decision_type=2 2 2 2 10 2 2
left_child=-1 2 -2 -4 5 -5 -6
right_child=1 -3 3 4 6 -7 -8
leaf_value=6.92685939572939e-05 -0.00059263056900427265 0.00031335618733803797 0.00045491922810405206 -0.00055561625931797897 0.00024440511748102583 4.2027884587133268e-05 -0.00057463414351395167
leaf_weight=444 31 65 38 39 76 25 26
leaf_count=444 31 65 38 39 76 25 26
internal_value=0.000295699 -0.00183333 -0.00351064 -0.00235294 -0.00403614 -0.00828125 -0.00137255
internal_weight=744 300 235 204 166 64 102
internal_count=744 300 235 204 166 64 102
is_linear=0
shrinkage=0.05


Tree=10
num_leaves=8
num_cat=0
split_feature=1 10 0 6 2 5 7
split_gain=0.866935 0.889474 0.498592 0.610865 0.613818 0.529015 0.520088
threshold=-0.049457466271580035 -0.00083775227081622761 0.021201597278143972 0.73216710236090965 0.056445333437136876 0.014558955160422028 0.0070213931456040166
decision_type=2 2 2 2 2 2 2
left_child=1 -1 3 4 -2 -5 -7
right_child=2 -3 -4 5 -6 6 -8
leaf_value=-0.00076649032749170985 5.9493542342983817e-07 2.9145338099353296e-05 0.00017954538549683942 0.00019942487837026776 0.00031344721236133263 -3.8388881406951405e-05 -0.00047345541058007299
leaf_weight=40 395 36 63 39 119 25 32
leaf_count=40 395 36 63 39 119 25 32
internal_value=0.000193592 -0.00486842 0.00076523 0.000327869 0.00101167 -0.00333333 -0.00640351
internal_weight=749 76 673 610 514 96 57
internal_count=749 76 673 610 514 96 57
is_linear=0
shrinkage=0.05


Tree=11
num_leaves=8
num_cat=0
split_feature=15 10 0 6 10 5 12
split_gain=0.78021 0.613341 0.679823 0.766771 0.963737 0.371812 0.409445
threshold=-0.01443343600909691 0.015605159278572868 0.01750927811716441 1.2342581119937459 -0.0037293617198180247 0.011449881991582795 0.070121882080432366
decision_type=2 2 2 2 2 2 2
left_child=-1 2 3 5 -5 -2 -7
right_child=1 -3 -4 4 -6 6 -8
leaf_value=-0.00017876791154959384 -0.00016903452866146365 -2.6891177700050642e-05 0.00015699795986295274 1.2556109569743422e-05 -0.00040742474791354022 9.720700944522682e-05 -0.00025169361643212804
leaf_weight=27 25 25 91 29 31 494 25
leaf_count=27 25 25 91 29 31 494 25
internal_value=0.000381526 0.000694445 0.000971223 0.000364239 -0.005 0.000955883 0.00124277
internal_weight=747 720 695 604 60 544 519
internal_count=747 720 695 604 60 544 519
is_linear=0
shrinkage=0.05


end of trees

feature_importances:
ret_1d=11
dvol_z_20=8
dist_ma200=8
spy_ret_5d=7
vix_level=7
dist_ma20=6
ret_5d=5
ret_20d=4
parkinson_20=4
dist_ma50=4
spy_ret_1d=4
vix_chg_1d=4
sector_ret_1d=4
spy_ret_20d=3
sector_ret_5d=3
overnight_gap=1
atr_pct=1

parameters:
[boosting: gbdt]
[objective: quantile]
[metric: quantile]
[tree_learner: serial]
[device_type: cpu]
[data_sample_strategy: bagging]
[data: ]
[valid: ]
[num_iterations: 80]
[learning_rate: 0.05]
[num_leaves: 8]
[num_threads: 1]
[seed: 0]
[deterministic: 0]
[force_col_wise: 1]
[force_row_wise: 0]
[histogram_pool_size: -1]
[max_depth: -1]
[min_data_in_leaf: 25]
[min_sum_hessian_in_leaf: 0.001]
[bagging_fraction: 0.9]
[pos_bagging_fraction: 1]
[neg_bagging_fraction: 1]
[bagging_freq: 1]
[bagging_seed: 3]
[bagging_by_query: 0]
[feature_fraction: 0.9]
[feature_fraction_bynode: 1]
[feature_fraction_seed: 2]
[extra_trees: 0]
[extra_seed: 6]
[early_stopping_round: 0]
[early_stopping_min_delta: 0]
[first_metric_only: 0]
[max_delta_step: 0]
[lambda_l1: 0]
[lambda_l2: 0]
[linear_lambda: 0]
[min_gain_to_split: 0]
[drop_rate: 0.1]
[max_drop: 50]
[skip_drop: 0.5]
[xgboost_dart_mode: 0]
[uniform_drop: 0]
[drop_seed: 4]
[top_rate: 0.2]
[other_rate: 0.1]
[min_data_per_group: 100]
[max_cat_threshold: 32]
[cat_l2: 10]
[cat_smooth: 10]
[max_cat_to_onehot: 4]
[top_k: 20]
[monotone_constraints: ]
[monotone_constraints_method: basic]
[monotone_penalty: 0]
[feature_contri: ]
[forcedsplits_filename: ]
[refit_decay_rate: 0.9]
[cegb_tradeoff: 1]
[cegb_penalty_split: 0]
[cegb_penalty_feature_lazy: ]
[cegb_penalty_feature_coupled: ]
[path_smooth: 0]
[interaction_constraints: ]
[verbosity: -1]
[saved_feature_importance_type: 0]
[use_quantized_grad: 0]
[num_grad_quant_bins: 4]
[quant_train_renew_leaf: 0]
[stochastic_rounding: 1]
[linear_tree: 0]
[max_bin: 255]
[max_bin_by_feature: ]
[min_data_in_bin: 3]
[bin_construct_sample_cnt: 200000]
[data_random_seed: 1]
[is_enable_sparse: 1]
[enable_bundle: 1]
[use_missing: 1]
[zero_as_missing: 0]
[feature_pre_filter: 1]
[pre_partition: 0]
[two_round: 0]
[header: 0]
[label_column: ]
[weight_column: ]
[group_column: ]
[ignore_column: ]
[categorical_feature: ]
[forcedbins_filename: ]
[precise_float_parser: 0]
[parser_config_file: ]
[objective_seed: 5]
[num_class: 1]
[is_unbalance: 0]
[scale_pos_weight: 1]
[sigmoid: 1]
[boost_from_average: 1]
[reg_sqrt: 0]
[alpha: 0.1]
[fair_c: 1]
[poisson_max_delta_step: 0.7]
[tweedie_variance_power: 1.5]
[lambdarank_truncation_level: 30]
[lambdarank_norm: 1]
[label_gain: ]
[lambdarank_position_bias_regularization: 0]
[eval_at: ]
[multi_error_top_k: 1]
[auc_mu_weights: ]
[num_machines: 1]
[local_listen_port: 12400]
[time_out: 120]
[machine_list_filename: ]
[machines: ]
[gpu_platform_id: -1]
[gpu_device_id: -1]
[gpu_device_id_list: ]
[gpu_use_dp: 0]
[num_gpu: 1]

end of parameters

pandas_categorical:[]
