tree
version=v4
num_class=1
num_tree_per_iteration=1
label_index=0
max_feature_idx=16
objective=quantile
feature_names=ret_1d ret_5d ret_20d overnight_gap atr_pct parkinson_20 dvol_z_20 dist_ma20 dist_ma50 dist_ma200 spy_ret_1d spy_ret_5d spy_ret_20d vix_level vix_chg_1d sector_ret_1d sector_ret_5d
feature_infos=[-0.14607304200737425:0.11836262252001295] [-0.16974802453675497:0.12650728758886998] [-0.18590525497472654:0.20141303020974854] [-0.15976251592331114:0.16396215867793873] [0.013799049702081723:0.045954233843833257] [0.0087194230766300188:0.027521575467605523] [-2.3113678127991739:4.092745832523863] [-0.16065343932753973:0.1258172735230958] [-0.17728714122593459:0.16223912522415418] [-0.2847720533791116:0.17910127877013404] [-0.058542971330535654:0.10501930183911301] [-0.11496151859245618:0.082843162776128354] [-0.1226559005192206:0.15756591020035837] [11.859999656677246:52.330001831054688] [-0.35753873962348437:0.74039073966007019] [-0.05484528635308028:0.043465174951121455] [-0.079035639478724384:0.068782341876153064]
tree_sizes=838 868 863 870 870 859 877 874 867 866 876 878 869 870 870 870 871 866 868 862

Tree=0
num_leaves=8
num_cat=0
split_feature=8 3 13 8 15 9 2
split_gain=1.4937 0.792522 1.38803 0.663042 0.516752 1.11204 0.711245
threshold=-0.13693389921593477 -0.0082159122009025625 18.82499980926514 0.056483653976443289 0.0046956366502910471 0.01165259056166046 0.03012768543527056
decision_type=10 2 2 10 2 10 2
left_child=-1 2 -2 4 -3 6 -6
right_child=1 3 -4 -5 5 -7 -8
leaf_value=-0.025906338257654097 -0.025144454124733755 -0.025345295523733949 -0.027225830238246783 -0.025036234435923135 -0.025591723061510297 -0.025199066660996503 -0.025307666412778242
leaf_weight=47 32 372 27 123 81 38 30
leaf_count=47 32 372 27 123 81 38 30
internal_value=-0.0256011 -0.0250241 -0.0305706 -0.024516 -0.0252955 -0.0277836 -0.030311
internal_weight=750 703 59 644 521 149 111
internal_count=750 703 59 644 521 149 111
is_linear=0
shrinkage=1


Tree=1
num_leaves=8
num_cat=0
split_feature=3 8 11 12 9 9 16
split_gain=1.60444 0.773873 0.768911 0.552286 0.493314 0.674973 0.833077
threshold=-0.013238134744549211 -0.16156074492081587 0.030456438390909838 -0.038043904409190692 -0.10079696733296444 -0.15520860392451033 -0.0039802073545602825
decision_type=2 10 2 2 8 10 2
left_child=-1 -2 3 -3 5 -5 -7
right_child=1 2 -4 4 -6 6 -8
leaf_value=-0.0017336751976382893 -0.00023085977118907208 -0.00014797058139020321 -0.00015424087258574296 0.00016330956529657565 0.00022009559355915328 4.8773095473201443e-05 -0.00085982767871097042
leaf_weight=26 27 43 55 67 464 25 27
leaf_count=26 27 43 55 67 464 25 27
internal_value=-0.000108992 0.000338983 0.000668135 0.00116613 0.00156947 -0.00130252 -0.00557692
internal_weight=734 708 681 626 583 119 52
internal_count=734 708 681 626 583 119 52
is_linear=0
shrinkage=0.05


Tree=2
num_leaves=8
num_cat=0
split_feature=8 3 13 11 7 4 12
split_gain=1.21442 0.81427 1.18304 0.740121 0.683305 0.666123 0.583829
threshold=-0.13902603719491355 -0.0082159122009025625 18.82499980926514 0.030456438390909838 0.028858727265954846 0.015839052057481914 -0.038043904409190692
decision_type=10 2 2 2 2 2 2
left_child=-1 2 -2 4 5 -3 -7
right_child=1 3 -4 -5 -6 6 -8
leaf_value=-0.00051829543577120655 0.00019873844003815509 -0.00021299365162105396 -0.0016857195879351181 -0.00013927433606924575 0.0002961973729868602 -0.00013988289809372691 8.9910774552430709e-05
leaf_weight=40 29 29 28 49 138 40 396
leaf_count=40 29 29 28 49 138 40 396
internal_value=-0.000273698 0.000204514 -0.00552632 0.000705522 0.00118574 0.000268817 0.000756881
internal_weight=749 709 57 652 603 465 436
internal_count=749 709 57 652 603 465 436
is_linear=0
shrinkage=0.05


Tree=3
num_leaves=8
num_cat=0
split_feature=1 8 8 16 12 16 0
split_gain=1.24143 0.760596 1.01002 0.601399 1.52881 0.656057 0.961199
threshold=-0.075815289364681612 0.055286444413530818 0.050497030330265542 -0.013888057513206651 -0.038043904409190692 -0.0030231264825407163 -0.008574568217184329
decision_type=2 10 8 2 2 2 2
left_child=-1 2 3 -2 -5 6 -6
right_child=1 -3 -4 4 5 -7 -8
leaf_value=-0.0008079847261375227 0.00018842519543277607 0.00030961200573977261 -0.0002348358527829034 -0.00057977938407271243 0.00042060100220628636 0.00010449330602395752 -0.00040445491823773086
leaf_weight=25 116 128 32 30 33 312 67
leaf_count=25 116 128 32 30 33 312 67
internal_value=-4.71061e-05 0.000334262 -0.000423729 7.16848e-05 -0.000769231 2.4272e-05 -0.0035
internal_weight=743 718 590 558 442 412 100
internal_count=743 718 590 558 442 412 100
is_linear=0
shrinkage=0.05


Tree=4
num_leaves=8
num_cat=0
split_feature=1 8 8 7 12 14 9
split_gain=0.906499 0.748561 0.663836 0.48073 0.659676 0.470044 0.536527
threshold=-0.075815289364681612 0.056483653976443289 0.052945757810073275 -0.059639711168689817 -0.039191714476565991 0.0080830591469587282 -0.1353500630713925
decision_type=2 10 8 2 2 2 8
left_child=-1 2 3 -2 -5 6 -6
right_child=1 -3 -4 4 5 -7 -8
leaf_value=-0.00055969473713903982 0.00028116191797000815 0.0003853716838948074 -0.00041430632942059071 -0.00038572682970745934 -0.00018286722227601194 0.00015298257023923611 1.2321438186059173e-05
leaf_weight=26 58 123 29 35 48 189 238
leaf_count=26 58 123 29 35 48 189 238
internal_value=0.000710456 0.00104167 0.000309883 0.00068662 0.000196079 0.000684211 -0.000594405
internal_weight=746 720 597 568 510 475 286
internal_count=746 720 597 568 510 475 286
is_linear=0
shrinkage=0.05


Tree=5
num_leaves=8
num_cat=0
split_feature=3 8 8 15 8 14 10
split_gain=1.01415 0.611069 0.962684 0.500117 0.815061 0.982558 1.62
threshold=-0.012271235361334397 0.056483653976443289 0.052945757810073275 0.0046956366502910471 -0.0039291714746254583 -0.041810588725082691 0.0039394105391010745
decision_type=2 10 8 2 10 2 2
left_child=-1 2 3 -2 5 -5 -7
right_child=1 -3 -4 4 -6 6 -8
leaf_value=-0.0015361978352731182 6.3984169538678888e-05 0.00031132832903330541 -0.00026111540262408351 0.00019779854223177758 3.9938600380002708e-05 -3.6190263458835217e-05 -0.00043373044228778936
leaf_weight=28 403 117 28 36 75 25 25
leaf_count=28 403 117 28 36 75 25 25
internal_value=4.749e-05 0.000416079 -0.000236486 0.000212766 -0.00214286 -0.00546512 -0.01
internal_weight=737 709 592 564 161 86 50
internal_count=737 709 592 564 161 86 50
is_linear=0
shrinkage=0.05


Tree=6
num_leaves=8
num_cat=0
split_feature=3 8 11 15 8 8 16
split_gain=1.14113 0.762001 0.710228 0.468636 0.602013 0.59439 0.511286
threshold=-0.013238134744549211 -0.16156074492081587 0.030456438390909838 -0.004273664326357284 0.034149377315390479 0.02058568508047998 -0.0030231264825407163
decision_type=2 10 2 2 10 10 2
left_child=-1 -2 3 -3 5 6 -5
right_child=1 2 -4 4 -6 -7 -8
leaf_value=-0.0014744649881636279 -0.00026463009651638697 0.00019617457596232115 -0.00019187034439802173 -0.00027034736994054873 0.00020989802963557278 -0.00038294924929476484 9.9908808501609337e-05
leaf_weight=26 27 173 49 116 144 38 173
leaf_count=26 27 173 49 116 144 38 173
internal_value=-9.38336e-05 0.000277778 0.000598846 0.00104037 0.00022293 -0.000963303 -0.000190311
internal_weight=746 720 693 644 471 327 289
internal_count=746 720 693 644 471 327 289
is_linear=0
shrinkage=0.05


Tree=7
num_leaves=8
num_cat=0
split_feature=3 8 8 0 3 12 8
split_gain=1.18474 1.03938 0.416644 0.579604 0.55992 0.780639 0.642177
threshold=-0.013238134744549211 -0.16156074492081587 0.056483653976443289 -0.010539125958178129 -0.0012911282453041959 -0.008121323465966555 0.042536563877064844
decision_type=2 10 10 2 2 2 10
left_child=-1 -2 3 -3 5 -5 -6
right_child=1 2 -4 4 6 -7 -8
leaf_value=-0.0014007417387554464 -0.00021825766364355246 0.00022229617106339384 0.00030673855859689425 -0.0003978196866504663 8.2845514331741785e-05 -9.5636210822075885e-06 -0.00019786987350527271
leaf_weight=26 29 123 112 34 288 108 25
leaf_count=26 29 123 112 34 288 108 25
internal_value=0.000100671 0.000479833 0.000869565 0.00032872 -0.000494505 -0.00309859 0.000686901
internal_weight=745 719 690 578 455 142 313
internal_count=745 719 690 578 455 142 313
is_linear=0
shrinkage=0.05


Tree=8
num_leaves=8
num_cat=0
split_feature=3 8 12 12 15 2 12
split_gain=1.3326 0.619649 0.664616 0.428765 0.447539 1.45199 0.705501
threshold=-0.013238134744549211 -0.16156074492081587 0.082959740110242888 0.041226491428898011 0.0046956366502910471 -0.065809838034332921 0.033074860381173139
decision_type=2 10 2 2 2 2 2
left_child=-1 -2 3 4 -3 -6 -7
right_child=1 2 -4 -5 5 6 -8
leaf_value=-0.0013382431741447568 -0.00013810277611700836 7.7904129204240289e-05 -0.00039348539472120847 0.00028386403728913537 -0.00018977812957689626 0.000133835060127276 -6.9584260575636443e-05
leaf_weight=25 25 414 25 113 26 111 25
leaf_count=25 25 414 25 113 26 111 25
internal_value=0.000353403 0.000737483 0.0010084 0.00129898 0.000746528 -0.00148148 0.000588235
internal_weight=764 739 714 689 576 162 136
internal_count=764 739 714 689 576 162 136
is_linear=0
shrinkage=0.05


Tree=9
num_leaves=8
num_cat=0
split_feature=8 8 0 0 0 13 13
split_gain=0.666147 0.528392 0.467617 0.4479 0.513725 1.30156 0.608766
threshold=0.034149377315390479 0.023974259663273826 -0.026293496296450888 -0.0063190739874597881 0.012770705743407442 19.98499965667725 15.944999694824221
decision_type=10 10 2 2 2 2 2
left_child=1 2 -1 -4 5 -5 -6
right_child=-2 -3 3 4 6 -7 -8
leaf_value=-0.00034177940078205051 0.00020220294187105211 -0.00040417839544693149 0.00020385663782571844 -7.6488810021317044e-06 -6.3792476912212035e-05 -0.00040810565229128866 0.00014674319027067808
leaf_weight=25 194 34 171 194 28 38 60
leaf_count=25 194 34 171 194 28 38 60
internal_value=0.000161291 -0.000727273 -0.000329457 1.01835e-05 -0.00109375 -0.00232759 0.00215909
internal_weight=744 550 516 491 320 232 88
internal_count=744 550 516 491 320 232 88
is_linear=0
shrinkage=0.05


Tree=10
num_leaves=8
num_cat=0
split_feature=3 11 8 8 9 8 2
split_gain=0.880858 0.849615 0.640338 0.555483 0.526942 1.38796 0.429708
threshold=-0.0082159122009025625 -0.0071962553700703471 0.056483653976443289 0.047885601253317318 -0.10079696733296444 -0.0044308084227562263 -0.0037082758562311242
decision_type=2 2 10 8 8 10 2
left_child=1 -1 3 4 5 6 -2
right_child=2 -3 -4 -5 -6 -7 -8
leaf_value=-0.0013295765204932033 -9.1838432835869425e-05 -9.0820284348330568e-05 0.00023809117050981474 -0.00031083754957332528 5.8043223666356493e-05 -0.00034881184867070303 0.00029719391537158735
leaf_weight=25 96 40 116 41 371 29 31
leaf_count=25 96 40 116 41 371 29 31
internal_value=-0.000206942 -0.00576923 0.000321638 -0.000369718 6.64138e-05 -0.00237179 -0.00011811
internal_weight=749 65 684 568 527 156 127
internal_count=749 65 684 568 527 156 127
is_linear=0
shrinkage=0.05


Tree=11
num_leaves=8
num_cat=0
split_feature=8 8 7 8 9 15 9
split_gain=0.945834 0.565547 0.459807 0.869215 0.51761 0.538894 0.596563
threshold=-0.13902603719491355 0.056483653976443289 -0.061988595878469936 -0.094832636293147074 -0.062120458010393113 0.0063314048512372887 -0.13719747958269476
decision_type=10 10 2 10 8 2 10
left_child=-1 2 -2 -4 5 6 -5
right_child=1 -3 3 4 -6 -7 -8
leaf_value=-0.00017879927672602889 0.00015832835880523024 0.00024475811821910159 -0.00025207764090967778 0.00020532417033236106 6.1651332794801492e-05 -0.00047230340886739175 -0.00021635237484763238
leaf_weight=40 55 127 28 53 339 45 60
leaf_count=40 55 127 28 53 339 45 60
internal_value=-2.00801e-05 0.000403112 -0.00025862 -0.000714286 -0.000231388 -0.00259494 -0.000752212
internal_weight=747 707 580 525 497 158 113
internal_count=747 707 580 525 497 158 113
is_linear=0
shrinkage=0.05


Tree=12
num_leaves=8
num_cat=0
split_feature=3 13 8 8 6 3 0
split_gain=0.859457 0.93648 0.522618 0.655821 0.326839 0.553041 0.819731
threshold=-0.0082159122009025625 18.564999580383304 0.056483653976443289 0.047885601253317318 -0.16743584496810701 -0.001955156602824359 -0.0020365576055055841
decision_type=2 2 10 8 2 2 2
left_child=1 -1 3 4 5 6 -2
right_child=2 -3 -4 -5 -6 -7 -8
leaf_value=0.00016543822699736086 -9.0445864852817009e-06 -0.0009457183895723812 0.00027322517692555742 -0.00028914243543906446 8.1628644195453042e-05 1.4601427334243341e-05 -0.00047556767802510918
leaf_weight=27 61 34 112 40 222 210 28
leaf_count=27 61 34 112 40 222 210 28
internal_value=2.72481e-05 -0.00565574 0.000542348 -8.02137e-05 0.000393474 -0.000685619 -0.00398876
internal_weight=734 61 673 561 521 299 89
internal_count=734 61 673 561 521 299 89
is_linear=0
shrinkage=0.05


Tree=13
num_leaves=8
num_cat=0
split_feature=1 12 4 13 10 14 2
split_gain=0.708384 0.499771 1.66256 0.408753 0.456712 0.819743 0.61092
threshold=-0.070303465032747911 -0.038043904409190692 0.029006791423344291 12.994999885559084 -0.0057061221830176914 0.053057710402313336 0.025331600122420531
decision_type=2 2 2 2 2 2 2
left_child=-1 2 -2 -3 -5 6 -6
right_child=1 3 -4 4 5 -7 -8
leaf_value=-0.00047052852784394071 -0.0004324699289084456 0.00022241100438208047 0.00025870981413129442 0.00033222630274906315 -4.5612688643810321e-05 -0.00029726115203926952 0.00024346079632588349
leaf_weight=28 29 58 27 106 274 31 192
leaf_count=28 29 58 27 106 274 31 192
internal_value=0.000302014 0.000606695 -0.00392857 0.000990923 0.000605307 -3.01809e-05 0.000493562
internal_weight=745 717 56 661 603 497 466
internal_count=745 717 56 661 603 497 466
is_linear=0
shrinkage=0.05


Tree=14
num_leaves=8
num_cat=0
split_feature=1 7 7 15 14 8 1
split_gain=0.863999 0.512287 0.843858 0.971264 0.549041 0.834103 0.700606
threshold=-0.075815289364681612 -0.029763663444644647 -0.014752531546532497 0.0035717047955656782 0.035115678917499234 0.017867088903629539 0.0091444151210208231
decision_type=2 2 2 2 2 8 2
left_child=-1 -2 3 -3 -4 -6 -7
right_child=1 2 4 -5 5 6 -8
leaf_value=-0.00045308891290694956 0.00018613781217430541 -1.4695454990168431e-05 7.3304991616104118e-05 -0.0011682848741302613 4.2981910963542414e-05 -5.0263397382592425e-05 -0.00039124924643722564
leaf_weight=25 152 58 349 29 51 30 25
leaf_count=25 152 58 349 29 51 30 25
internal_value=0.000132128 0.000461095 -0.000258302 -0.00477011 0.000604396 -0.00254717 -0.00681818
internal_weight=719 694 542 87 455 106 55
internal_count=719 694 542 87 455 106 55
is_linear=0
shrinkage=0.05


Tree=15
num_leaves=8
num_cat=0
split_feature=1 11 15 7 10 15 7
split_gain=1.17488 0.600354 0.587709 0.535022 0.618319 0.841447 0.647614
threshold=-0.075815289364681612 0.030456438390909838 0.0047664401880693772 0.028858727265954846 0.0039394105391010745 0.0099728435144444978 0.021154414439545469
decision_type=2 2 2 2 2 2 2
left_child=-1 3 -3 4 6 -6 -2
right_child=1 2 -4 -5 5 -7 -8
leaf_value=-0.0004263765929581315 6.9464839875227089e-05 -0.00025354403507125913 6.0487446078719385e-05 0.0002315070621824946 -7.4450679214822061e-05 -0.00027587983876145014 -0.00031785718015591872
leaf_weight=27 339 28 26 142 127 26 28
leaf_count=27 339 28 26 142 127 26 28
internal_value=0.000423957 0.000810056 -0.00425926 0.00122357 0.000480769 -0.00218954 0.00159401
internal_weight=743 716 54 662 520 153 367
internal_count=743 716 54 662 520 153 367
is_linear=0
shrinkage=0.05


Tree=16
num_leaves=8
num_cat=0
split_feature=8 8 3 15 14 10 11
split_gain=0.667693 0.898286 0.435038 0.421664 0.675957 1.30451 0.432978
threshold=0.029141932094045479 0.023974259663273826 -0.011644773999671952 0.0048282674515529598 -0.041810588725082691 0.0027897617515871835 0.029571955445533264
decision_type=10 8 2 2 2 2 2
left_child=1 2 -1 6 -5 -6 -4
right_child=-2 -3 3 4 5 -7 -8
leaf_value=-0.0011246720831274667 0.00015061594206418674 -0.00028072859267366421 6.3469579958847099e-05 0.00013805430239999735 0.00010779616683920728 -0.00012234117997817628 -0.00012150174844765036
leaf_weight=27 222 39 316 54 39 35 25
leaf_count=27 222 39 316 54 39 35 25
internal_value=0.000442537 -0.000514018 6.04841e-05 0.000415778 -0.00203125 -0.00513513 0.00133431
internal_weight=757 535 496 469 128 74 341
internal_count=757 535 496 469 128 74 341
is_linear=0
shrinkage=0.05


Tree=17
num_leaves=8
num_cat=0
split_feature=3 8 14 8 15 9 8
split_gain=0.697278 0.772095 0.401678 0.479723 0.635719 0.850126 0.605815
threshold=-0.0082159122009025625 -0.014869160110915767 -0.042370343814534299 0.029141932094045479 0.0048282674515529598 -1.0000000180025095e-35 0.01916472084703991
decision_type=2 8 2 10 2 8 8
left_child=1 -1 -2 4 6 -6 -4
right_child=2 -3 3 -5 5 -7 -8
leaf_value=-0.0011757131272786721 0.00014094470086386366 0.00012809159588143902 3.1694930789977298e-05 0.00019343485759281431 -0.00013969939087836626 0.00011242774205913458 -0.00041818199111288615
leaf_weight=29 162 34 257 163 41 29 31
leaf_count=29 162 34 257 163 41 29 31
internal_value=0.000509384 -0.00452381 0.000973646 0.000297505 -0.000726257 -0.005 0.0003125
internal_weight=746 63 683 521 358 70 288
internal_count=746 63 683 521 358 70 288
is_linear=0
shrinkage=0.05


Tree=18
num_leaves=8
num_cat=0
split_feature=14 2 3 10 11 8 8
split_gain=0.581008 0.636842 0.92807 1.47544 0.633333 0.432802 0.843644
threshold=0.035115678917499234 -0.012657966511767647 -0.00056268859363883806 -0.0066833356830042758 -0.015498617594306317 -0.00098038717159937261 -0.047324186042616283
decision_type=2 2 2 2 2 10 8
left_child=5 4 3 -3 -2 6 -1
right_child=1 2 -4 -5 -6 -7 -8
leaf_value=7.1350316175741539e-05 -0.00028236972960767704 0.00013693132575041546 0.00010874147361330535 -0.00039846390430440121 0.00031486088668326016 0.00012811685274453124 -0.00012549764090708009
leaf_weight=158 38 27 38 30 57 279 126
leaf_count=158 38 27 38 30 57 279 126
internal_value=0.000285525 -0.00210526 -0.005 -0.00903509 0.000789474 0.00109236 -0.00028169
internal_weight=753 190 95 57 95 563 284
internal_count=753 190 95 57 95 563 284
is_linear=0
shrinkage=0.05


Tree=19
num_leaves=8
num_cat=0
split_feature=9 8 15 1 4 14 5
split_gain=0.555961 1.42988 0.843331 0.551116 0.368046 0.322108 0.734818
threshold=-0.067644782862696581 0.0022846550810053938 0.0066926425763936823 -0.031091027336467122 0.015839052057481914 0.050179471356022971 0.014265104318260285
decision_type=8 10 2 2 2 2 2
left_child=1 2 3 -1 -2 -6 -7
right_child=4 -3 -4 -5 5 6 -8
leaf_value=-0.00017710730581182619 -0.00015569649764805914 -0.00034608377392406081 -0.00042417569094790983 0.0002281230524267229 9.0813326790124284e-05 0.00010204175083744629 -0.00028598695328388023
leaf_weight=47 33 38 33 80 412 57 39
leaf_count=47 33 38 33 80 412 57 39
internal_value=0.000196211 -0.00207071 1.86265e-10 0.00185039 0.00102588 0.00135827 -0.00125
internal_weight=739 198 160 127 541 508 96
internal_count=739 198 160 127 541 508 96
is_linear=0
shrinkage=0.05


end of trees

feature_importances:
dist_ma50=37
overnight_gap=14
sector_ret_1d=11
dist_ma200=9
spy_ret_20d=9
vix_chg_1d=8
ret_5d=7
dist_ma20=7
spy_ret_5d=7
ret_1d=6
vix_level=6
ret_20d=5
spy_ret_1d=5
sector_ret_5d=4
atr_pct=3
parkinson_20=1
dvol_z_20=1

parameters:
[boosting: gbdt]
[objective: quantile]
[metric: quantile]
[tree_learner: serial]
[device_type: cpu]
[data_sample_strategy: bagging]
[data: ]
[valid: ]
[num_iterations: 80]
[learning_rate: 0.05]
[num_leaves: 8]
[num_threads: 1]
[seed: 0]
[deterministic: 0]
[force_col_wise: 1]
[force_row_wise: 0]
[histogram_pool_size: -1]
[max_depth: -1]
[min_data_in_leaf: 25]
[min_sum_hessian_in_leaf: 0.001]
[bagging_fraction: 0.9]
[pos_bagging_fraction: 1]
[neg_bagging_fraction: 1]
[bagging_freq: 1]
[bagging_seed: 3]
[bagging_by_query: 0]
[feature_fraction: 0.9]
[feature_fraction_bynode: 1]
[feature_fraction_seed: 2]
[extra_trees: 0]
[extra_seed: 6]
[early_stopping_round: 0]
[early_stopping_min_delta: 0]
[first_metric_only: 0]
[max_delta_step: 0]
[lambda_l1: 0]
[lambda_l2: 0]
[linear_lambda: 0]
[min_gain_to_split: 0]
[drop_rate: 0.1]
[max_drop: 50]
[skip_drop: 0.5]
[xgboost_dart_mode: 0]
[uniform_drop: 0]
[drop_seed: 4]
[top_rate: 0.2]
[other_rate: 0.1]
[min_data_per_group: 100]
[max_cat_threshold: 32]
[cat_l2: 10]
[cat_smooth: 10]
[max_cat_to_onehot: 4]
[top_k: 20]
[monotone_constraints: ]
[monotone_constraints_method: basic]
[monotone_penalty: 0]
[feature_contri: ]
[forcedsplits_filename: ]
[refit_decay_rate: 0.9]
[cegb_tradeoff: 1]
[cegb_penalty_split: 0]
[cegb_penalty_feature_lazy: ]
[cegb_penalty_feature_coupled: ]
[path_smooth: 0]
[interaction_constraints: ]
[verbosity: -1]
[saved_feature_importance_type: 0]
[use_quantized_grad: 0]
[num_grad_quant_bins: 4]
[quant_train_renew_leaf: 0]
[stochastic_rounding: 1]
[linear_tree: 0]
[max_bin: 255]
[max_bin_by_feature: ]
[min_data_in_bin: 3]
[bin_construct_sample_cnt: 200000]
[data_random_seed: 1]
[is_enable_sparse: 1]
[enable_bundle: 1]
[use_missing: 1]
[zero_as_missing: 0]
[feature_pre_filter: 1]
[pre_partition: 0]
[two_round: 0]
[header: 0]
[label_column: ]
[weight_column: ]
[group_column: ]
[ignore_column: ]
[categorical_feature: ]
[forcedbins_filename: ]
[precise_float_parser: 0]
[parser_config_file: ]
[objective_seed: 5]
[num_class: 1]
[is_unbalance: 0]
[scale_pos_weight: 1]
[sigmoid: 1]
[boost_from_average: 1]
[reg_sqrt: 0]
[alpha: 0.1]
[fair_c: 1]
[poisson_max_delta_step: 0.7]
[tweedie_variance_power: 1.5]
[lambdarank_truncation_level: 30]
[lambdarank_norm: 1]
[label_gain: ]
[lambdarank_position_bias_regularization: 0]
[eval_at: ]
[multi_error_top_k: 1]
[auc_mu_weights: ]
[num_machines: 1]
[local_listen_port: 12400]
[time_out: 120]
[machine_list_filename: ]
[machines: ]
[gpu_platform_id: -1]
[gpu_device_id: -1]
[gpu_device_id_list: ]
[gpu_use_dp: 0]
[num_gpu: 1]

end of parameters

pandas_categorical:[]
