tree
version=v4
num_class=1
num_tree_per_iteration=1
label_index=0
max_feature_idx=16
objective=quantile
feature_names=ret_1d ret_5d ret_20d overnight_gap atr_pct parkinson_20 dvol_z_20 dist_ma20 dist_ma50 dist_ma200 spy_ret_1d spy_ret_5d spy_ret_20d vix_level vix_chg_1d sector_ret_1d sector_ret_5d
feature_infos=[-0.16485829432491239:0.18796345869656306] [-0.18573130750484401:0.23816310467466884] [-0.22697391997048566:0.33679486133695424] [-0.12701756499083861:0.1060763716250781] [0.015937685273782726:0.071252396045687963] [0.010497177365408146:0.039570136270266613] [-2.4360854452264427:4.2657359856776074] [-0.14950742435320119:0.17474099123512721] [-0.22463857163839462:0.30248059781408498] [-0.21998623855295252:0.55861290135853525] [-0.058542971330535654:0.10501930183911301] [-0.11496151859245618:0.082843162776128354] [-0.1226559005192206:0.15756591020035837] [11.859999656677246:52.330001831054688] [-0.35753873962348437:0.74039073966007019] [-0.068247998544687438:0.13425697132599002] [-0.13587196028298487:0.11773217696052685]
tree_sizes=826 863 861 862 846 863 866 859 858 853 850 852 868 866 861

Tree=0
num_leaves=8
num_cat=0
split_feature=12 6 3 3 12 4 14
split_gain=3.02805 0.808811 0.992863 0.907055 0.874232 0.687619 0.647756
threshold=-0.05793872793170584 -0.0278737731273021 -0.0034951276111049308 1.0000000180025095e-35 0.01698171514572289 0.029097529133093381 0.06028471113356227
decision_type=2 2 2 2 2 2 2
left_child=-1 6 -3 -4 5 -5 -2
right_child=1 2 3 4 -6 -7 -8
leaf_value=0.027467140072090147 0.025957614571002173 0.025963017730525517 0.027262453170061263 0.028430200954089636 0.02596152574428583 0.026617965597273807 0.026527134166822241
leaf_weight=25 384 100 30 25 81 35 66
leaf_count=25 384 100 30 25 81 35 66
internal_value=0.0261891 0.025596 0.0277539 0.0300683 0.0283886 0.032963 0.0242964
internal_weight=746 721 271 171 141 60 450
internal_count=746 721 271 171 141 60 450
is_linear=0
shrinkage=1


Tree=1
num_leaves=8
num_cat=0
split_feature=12 16 12 3 1 14 12
split_gain=3.30742 0.675764 0.554451 0.650129 0.742502 0.653643 1.01841
threshold=-0.052281358654850445 0.054748975145843322 0.022707498182199862 0.0098056664202306205 0.019257698490806944 0.03406338940495391 0.0082902171521933594
decision_type=2 2 2 2 2 2 2
left_child=-1 2 3 5 -5 -2 -7
right_child=1 -3 -4 4 -6 6 -8
leaf_value=0.0012238803945953957 -0.00031911628895493868 0.00028935221522875305 -0.00033242736865202568 -0.00010637642944775084 0.00061335721974084881 -7.15003543239442e-06 0.00077016801021810924
leaf_weight=27 187 43 320 31 28 63 34
leaf_count=27 187 43 320 31 28 63 34
internal_value=4.77478e-05 -0.000609066 -0.00100302 0.000393585 0.00516949 -0.000598593 0.00273196
internal_weight=733 706 663 343 59 284 97
internal_count=733 706 663 343 59 284 97
is_linear=0
shrinkage=0.05


Tree=2
num_leaves=8
num_cat=0
split_feature=12 6 9 9 11 11 12
split_gain=2.75249 0.564413 0.867189 0.485041 0.705798 0.802145 0.974421
threshold=-0.05793872793170584 1.8955481164485262 0.016366922790808095 0.24270446219703259 -0.014879372351697838 0.015296127885016332 0.014938847679140889
decision_type=2 2 10 8 2 2 2
left_child=-1 3 -3 4 -2 -6 -7
right_child=1 2 -4 -5 5 6 -8
leaf_value=0.001162686374865626 0.00051141716062393246 -0.0006635594373041306 0.0006348661718301419 -0.00035226505391732589 -0.00029568692551722344 -0.00036901540859518773 0.00039053457551601803
leaf_weight=27 47 25 31 296 234 33 52
leaf_count=27 47 25 31 296 234 33 52
internal_value=-0.000302015 -0.000891366 0.00392857 -0.00129909 -8.19684e-05 -0.000924766 0.00323529
internal_weight=745 718 56 662 366 319 85
internal_count=745 718 56 662 366 319 85
is_linear=0
shrinkage=0.05


Tree=3
num_leaves=8
num_cat=0
split_feature=12 6 0 14 4 10 1
split_gain=2.12555 0.789346 0.782531 0.477759 0.885899 0.386921 0.301638
threshold=-0.05793872793170584 2.0819612237566529 0.033127568204028852 0.039671535485110161 0.035580929275457952 0.011869721142281022 -0.0045239611888879807
decision_type=2 2 2 2 2 2 2
left_child=-1 2 3 5 6 -2 -5
right_child=1 -3 -4 4 -6 -7 -8
leaf_value=0.0011045520561223446 -0.00033058209307894684 0.00052342071203085097 0.00016106883695652155 -0.00032252626473500346 0.00070820110913447586 8.9926045156533101e-05 6.2695584129725528e-05
leaf_weight=27 458 48 30 52 35 31 56
leaf_count=27 458 48 30 52 35 31 56
internal_value=-0.000251019 -0.000774649 -0.00122357 -0.0015981 0.000944055 -0.00234151 -0.0012963
internal_weight=737 710 662 632 143 489 108
internal_count=737 710 662 632 143 489 108
is_linear=0
shrinkage=0.05


Tree=4
num_leaves=8
num_cat=0
split_feature=13 6 16 15 4 3 6
split_gain=1.4097 0.973576 0.540318 0.513056 2.0584 0.5 0.330024
threshold=25.505000114440922 2.0819612237566529 0.054748975145843322 -0.0088794462781740507 0.035580929275457952 0.0019434207726747312 -1.2459889793862418
decision_type=2 2 2 2 2 2 2
left_child=1 2 3 4 -1 -3 -5
right_child=-2 5 -4 6 -6 -7 -8
leaf_value=-0.00028619057972274368 0.00099562978253302757 0.00052207048365146796 0.00021557727498211314 0.00022175658998671799 0.00086706002655429588 0.00023907594711450528 -0.00031183111716085767
leaf_weight=90 29 25 36 33 27 25 478
leaf_count=90 29 25 36 33 27 25 478
internal_value=-0.000289369 -0.000728293 -0.00123494 -0.00157643 0.00141026 0.006 -0.00226028
internal_weight=743 714 664 628 117 50 511
internal_count=743 714 664 628 117 50 511
is_linear=0
shrinkage=0.05


Tree=5
num_leaves=8
num_cat=0
split_feature=12 0 11 4 16 15 14
split_gain=1.21231 0.663426 0.484081 0.55047 0.48809 0.508589 0.475933
threshold=-0.05793872793170584 0.037051096973585003 0.015296127885016332 0.023446160326693812 0.045115839100076556 0.0082721161046126496 0.030785511680663128
decision_type=2 2 2 2 2 2 2
left_child=-1 2 6 -4 -5 -6 -2
right_child=1 -3 3 4 5 -7 -8
leaf_value=0.0010263902995811759 -0.00036241295158398056 0.00029553998323646029 0.00022914662542480499 -0.0003022356773455118 -0.00014629656308598528 0.00088351109724046711 1.8465003739953978e-05
leaf_weight=26 351 30 27 78 33 25 162
leaf_count=26 351 30 27 78 33 25 162
internal_value=-0.00021858 -0.000609066 -0.000931954 0.00144172 0.000147058 0.00362069 -0.00168616
internal_weight=732 706 676 163 136 58 513
internal_count=732 706 676 163 136 58 513
is_linear=0
shrinkage=0.05


Tree=6
num_leaves=8
num_cat=0
split_feature=12 7 7 6 10 11 6
split_gain=1.27358 0.698412 0.692923 0.740776 0.640048 0.510729 0.437531
threshold=-0.05793872793170584 -0.038250858647725476 -0.030135518145937509 1.8955481164485262 0.011869721142281022 -0.016025846447031252 -1.2216591253919378
decision_type=2 2 2 2 2 2 2
left_child=-1 -2 -3 4 5 -4 -7
right_child=1 2 3 -5 -6 6 -8
leaf_value=0.00067805360915682066 -0.00031258196387105961 0.00046460843414191901 0.00048213791216772595 0.0005030598812028772 0.00017448855006013759 0.00029953317867731518 -0.00028392444777081317
leaf_weight=25 95 27 45 46 38 26 442
leaf_count=25 95 27 45 46 38 26 442
internal_value=-9.40872e-05 -0.000479834 0.000128204 -0.000226132 -0.000735028 -0.00119883 -0.00168804
internal_weight=744 719 624 597 551 513 468
internal_count=744 719 624 597 551 513 468
is_linear=0
shrinkage=0.05


Tree=7
num_leaves=8
num_cat=0
split_feature=15 12 14 3 0 9 1
split_gain=0.984875 0.852265 0.983626 0.910863 0.873044 0.756303 1.10681
threshold=0.023796500876488883 0.02751670136279594 0.03328086000020148 0.0047564259744400381 0.007547257665287522 0.18520966440453981 -0.040097930723255619
decision_type=2 2 2 2 2 8 2
left_child=1 2 3 -1 -5 6 -4
right_child=-2 -3 5 4 -6 -7 -8
leaf_value=-0.00040909722974909245 0.00029518851627097806 -0.00028742008568768523 -0.00013713252934081165 0.00087735730665421281 -0.00028200101695488247 1.6858365817037707e-06 0.00091966415729718184
leaf_weight=181 30 282 25 42 65 68 47
leaf_count=181 30 282 25 42 65 68 47
internal_value=-0.000540542 -0.000915494 0.000490653 -0.00118056 0.00247663 0.00392857 0.0075
internal_weight=740 710 428 288 107 140 72
internal_count=740 710 428 288 107 140 72
is_linear=0
shrinkage=0.05


Tree=8
num_leaves=8
num_cat=0
split_feature=13 15 14 11 1 1 11
split_gain=1.22123 0.552066 0.468896 0.468564 0.881359 1.17734 0.649923
threshold=25.505000114440922 0.023796500876488883 0.12708615320093045 0.015296127885016332 0.067095900285018231 0.048867683198741803 0.019556764027941379
decision_type=2 2 2 2 2 2 2
left_child=1 2 3 -1 5 6 -5
right_child=-2 -3 -4 4 -6 -7 -8
leaf_value=-0.00021666610691765004 0.0010606452689467169 0.00017761194812051595 0.00022239999282476516 0.00016262403376124423 -0.00071076601884791958 0.0006548118555108947 -0.00030059557256864361
leaf_weight=503 31 26 29 39 44 34 55
leaf_count=503 31 26 29 39 44 34 55
internal_value=-0.000203681 -0.00061644 -0.000880683 -0.00114815 0.00110465 0.00320312 0.000319148
internal_weight=761 730 704 675 172 128 94
internal_count=761 730 704 675 172 128 94
is_linear=0
shrinkage=0.05


Tree=9
num_leaves=8
num_cat=0
split_feature=12 0 6 6 9 11 9
split_gain=1.09055 0.744049 0.485222 0.434874 0.910364 0.47474 0.858132
threshold=-0.05793872793170584 0.037051096973585003 2.0819612237566529 -1.0748053891335501 0.11921858126606434 -0.016025846447031252 0.18520966440453981
decision_type=2 2 2 2 10 2 8
left_child=-1 2 3 4 -2 6 -5
right_child=1 -3 -4 5 -6 -7 -8
leaf_value=0.00079782507656458394 -0.00075271206973046359 0.00026255949564910107 0.00074073574651099935 0.00022662925826038953 0.00031647915432338755 -0.00024671459658774924 -0.00022746774199926842
leaf_weight=28 26 29 37 30 42 514 32
leaf_count=28 26 29 37 30 42 514 32
internal_value=-0.000392955 -0.000774649 -0.00110866 -0.00142857 0.00235294 -0.001875 0.00225806
internal_weight=738 710 681 644 68 576 62
internal_count=738 710 681 644 68 576 62
is_linear=0
shrinkage=0.05


Tree=10
num_leaves=8
num_cat=0
split_feature=5 16 11 9 5 2 1
split_gain=0.98877 0.939042 0.6029 0.739612 0.720873 0.554958 0.477553
threshold=0.026536561128482669 -0.0074668986401948403 0.015296127885016332 0.23476207008364061 0.012501893103380153 0.20343969118897545 0.048007623700466524
decision_type=2 2 2 8 2 2 2
left_child=2 -2 4 6 -1 -5 -4
right_child=1 -3 3 5 -6 -7 -8
leaf_value=0.0021966637042361717 0.0012272390268300271 2.5043203673057424e-05 0.00012764946088501757 -0.00049202404997795144 -0.00020896186100760627 0.00018203113156609548 0.00060134507531999068
leaf_weight=27 25 43 47 59 496 26 25
leaf_count=27 25 43 47 59 496 26 25
internal_value=-0.000454547 0.00529412 -0.00102941 0.0016879 -0.00184513 -0.00147059 0.00541667
internal_weight=748 68 680 157 523 85 72
internal_count=748 68 680 157 523 85 72
is_linear=0
shrinkage=0.05


Tree=11
num_leaves=8
num_cat=0
split_feature=14 8 1 4 10 6 1
split_gain=0.789905 1.13711 1.26507 1.02136 0.640064 0.648953 0.615681
threshold=0.039671535485110161 0.066857133512868941 0.008882965752589957 0.035928969362409614 0.011869721142281022 1.8955481164485262 0.021946063794552332
decision_type=2 8 2 2 2 2 2
left_child=4 2 3 -2 5 -1 -6
right_child=1 -3 -4 -5 6 -7 -8
leaf_value=-0.00023923339439785025 -0.00014356394551804695 -0.00019445521112061199 0.00095007802027994659 0.0006968599931852442 -0.00022674838701530577 0.0004797301107013875 0.00048421951700278318
leaf_weight=491 47 61 27 30 27 35 28
leaf_count=491 47 61 27 30 27 35 28
internal_value=-0.000174264 0.00287879 0.00605769 0.00279221 -0.00104131 -0.00157795 0.00409091
internal_weight=746 165 104 77 581 526 55
internal_count=746 165 104 77 581 526 55
is_linear=0
shrinkage=0.05


Tree=12
num_leaves=8
num_cat=0
split_feature=5 16 1 0 0 9 8
split_gain=0.929937 2.73712 0.401681 0.340091 0.618585 0.440762 0.850703
threshold=0.025154322318149631 -0.010818167207301941 -0.042941908072919192 0.010711496125845656 0.033127568204028852 0.18971662078679466 0.12872553423969738
decision_type=2 2 2 2 2 8 10
left_child=2 -2 -1 5 -5 -4 -7
right_child=1 -3 3 4 -6 6 -8
leaf_value=-0.00038520480230331492 0.0011488603479742033 -0.00018287223148227036 0.00010737179422916407 -0.00031245935659455403 0.00015127343319104244 -0.00034077730528104443 0.00017040191726098595
leaf_weight=93 35 61 140 133 28 161 75
leaf_count=93 35 61 140 133 28 161 75
internal_value=-0.000730029 0.00385417 -0.00142857 -0.000903167 -0.00282609 -7.97884e-05 -0.00139831
internal_weight=726 96 630 537 161 376 236
internal_count=726 96 630 537 161 376 236
is_linear=0
shrinkage=0.05


Tree=13
num_leaves=8
num_cat=0
split_feature=13 15 5 4 16 16 13
split_gain=0.681863 0.694826 0.538758 0.573014 1.13961 0.50912 0.425274
threshold=14.920000076293947 0.023796500876488883 0.012883730482100021 0.037722418340659016 -0.010818167207301941 -0.0019063560673281963 12.88000011444092
decision_type=2 2 2 2 2 2 2
left_child=6 2 -2 5 -5 -4 -1
right_child=1 -3 3 4 -6 -7 -8
leaf_value=9.7574818411375085e-05 0.0020948170202485178 0.00015058319957335299 -0.00028787023867702922 0.00054678152835031964 -0.00018251966158870073 1.1706515727244855e-05 -0.00024633360006920895
leaf_weight=54 35 25 131 46 65 209 177
leaf_count=54 35 25 131 46 65 209 177
internal_value=-0.000148249 0.00087084 0.000452674 -1.10877e-05 0.00310811 -0.00102941 -0.0024026
internal_weight=742 511 486 451 111 340 231
internal_count=742 511 486 451 111 340 231
is_linear=0
shrinkage=0.05


Tree=14
num_leaves=8
num_cat=0
split_feature=5 16 0 13 8 11 4
split_gain=1.24499 1.36748 0.760755 0.717735 0.85084 0.670095 0.700365
threshold=0.025154322318149631 -0.008392142496231823 0.012250806305954988 15.025000095367433 -0.07268178564552906 0.015296127885016332 0.020657757441213839
decision_type=2 2 2 2 10 2 2
left_child=3 -2 -3 -1 -5 6 -6
right_child=1 2 -4 4 5 -7 -8
leaf_value=-0.00029477859854670638 0.00080908158712115694 -0.00025085802844324452 0.00046112744946640353 -0.00029602040082289004 0.0022211918826738047 0.00021921693915537201 -7.9153274429424869e-05
leaf_weight=219 32 28 25 63 27 64 266
leaf_count=219 32 28 25 63 27 64 266
internal_value=-9.66863e-05 0.00558823 0.000660376 -0.000852896 0.000357142 0.00130252 0.000290101
internal_weight=724 85 53 639 420 357 293
internal_count=724 85 53 639 420 357 293
is_linear=0
shrinkage=0.05


end of trees

feature_importances:
spy_ret_20d=12
dvol_z_20=10
ret_5d=9
spy_ret_5d=9
sector_ret_5d=8
ret_1d=7
atr_pct=7
dist_ma200=7
vix_chg_1d=7
overnight_gap=5
parkinson_20=5
vix_level=5
sector_ret_1d=5
dist_ma50=3
spy_ret_1d=3
dist_ma20=2
ret_20d=1

parameters:
[boosting: gbdt]
[objective: quantile]
[metric: quantile]
[tree_learner: serial]
[device_type: cpu]
[data_sample_strategy: bagging]
[data: ]
[valid: ]
[num_iterations: 80]
[learning_rate: 0.05]
[num_leaves: 8]
[num_threads: 1]
[seed: 0]
[deterministic: 0]
[force_col_wise: 1]
[force_row_wise: 0]
[histogram_pool_size: -1]
[max_depth: -1]
[min_data_in_leaf: 25]
[min_sum_hessian_in_leaf: 0.001]
[bagging_fraction: 0.9]
[pos_bagging_fraction: 1]
[neg_bagging_fraction: 1]
[bagging_freq: 1]
[bagging_seed: 3]
[bagging_by_query: 0]
[feature_fraction: 0.9]
[feature_fraction_bynode: 1]
[feature_fraction_seed: 2]
[extra_trees: 0]
[extra_seed: 6]
[early_stopping_round: 0]
[early_stopping_min_delta: 0]
[first_metric_only: 0]
[max_delta_step: 0]
[lambda_l1: 0]
[lambda_l2: 0]
[linear_lambda: 0]
[min_gain_to_split: 0]
[drop_rate: 0.1]
[max_drop: 50]
[skip_drop: 0.5]
[xgboost_dart_mode: 0]
[uniform_drop: 0]
[drop_seed: 4]
[top_rate: 0.2]
[other_rate: 0.1]
[min_data_per_group: 100]
[max_cat_threshold: 32]
[cat_l2: 10]
[cat_smooth: 10]
[max_cat_to_onehot: 4]
[top_k: 20]
[monotone_constraints: ]
[monotone_constraints_method: basic]
[monotone_penalty: 0]
[feature_contri: ]
[forcedsplits_filename: ]
[refit_decay_rate: 0.9]
[cegb_tradeoff: 1]
[cegb_penalty_split: 0]
[cegb_penalty_feature_lazy: ]
[cegb_penalty_feature_coupled: ]
[path_smooth: 0]
[interaction_constraints: ]
[verbosity: -1]
[saved_feature_importance_type: 0]
[use_quantized_grad: 0]
[num_grad_quant_bins: 4]
[quant_train_renew_leaf: 0]
[stochastic_rounding: 1]
[linear_tree: 0]
[max_bin: 255]
[max_bin_by_feature: ]
[min_data_in_bin: 3]
[bin_construct_sample_cnt: 200000]
[data_random_seed: 1]
[is_enable_sparse: 1]
[enable_bundle: 1]
[use_missing: 1]
[zero_as_missing: 0]
[feature_pre_filter: 1]
[pre_partition: 0]
[two_round: 0]
[header: 0]
[label_column: ]
[weight_column: ]
[group_column: ]
[ignore_column: ]
[categorical_feature: ]
[forcedbins_filename: ]
[precise_float_parser: 0]
[parser_config_file: ]
[objective_seed: 5]
[num_class: 1]
[is_unbalance: 0]
[scale_pos_weight: 1]
[sigmoid: 1]
[boost_from_average: 1]
[reg_sqrt: 0]
[alpha: 0.9]
[fair_c: 1]
[poisson_max_delta_step: 0.7]
[tweedie_variance_power: 1.5]
[lambdarank_truncation_level: 30]
[lambdarank_norm: 1]
[label_gain: ]
[lambdarank_position_bias_regularization: 0]
[eval_at: ]
[multi_error_top_k: 1]
[auc_mu_weights: ]
[num_machines: 1]
[local_listen_port: 12400]
[time_out: 120]
[machine_list_filename: ]
[machines: ]
[gpu_platform_id: -1]
[gpu_device_id: -1]
[gpu_device_id_list: ]
[gpu_use_dp: 0]
[num_gpu: 1]

end of parameters

pandas_categorical:[]
