tree
version=v4
num_class=1
num_tree_per_iteration=1
label_index=0
max_feature_idx=16
objective=quantile
feature_names=ret_1d ret_5d ret_20d overnight_gap atr_pct parkinson_20 dvol_z_20 dist_ma20 dist_ma50 dist_ma200 spy_ret_1d spy_ret_5d spy_ret_20d vix_level vix_chg_1d sector_ret_1d sector_ret_5d
feature_infos=[-0.12449689650277118:0.060343217737141464] [-0.13760351293797835:0.099377721649525963] [-0.1579440755029935:0.17181770689603604] [-0.055406455630424567:0.064403638927214679] [0.012826687744199474:0.040754712648982346] [0.008100913522853791:0.022988096089060935] [-1.9657388625208498:4.1698089050550999] [-0.12656254846868464:0.088709330356435245] [-0.14194478725816162:0.1257800522198087] [-0.26888534232551597:0.17823319147326999] [-0.058542971330535654:0.10501930183911301] [-0.11496151859245618:0.082843162776128354] [-0.1226559005192206:0.15756591020035837] [11.859999656677246:52.330001831054688] [-0.35753873962348437:0.74039073966007019] [-0.055625943886246643:0.039932904849798945] [-0.11091775398112247:0.072664397618361631]
tree_sizes=853 864 864 860 862 867 859 853 861 870 860 871 874 868 861 863 872 867

Tree=0
num_leaves=8
num_cat=0
split_feature=12 9 5 12 8 2 14
split_gain=1.1549 1.16202 0.834863 1.19275 0.50348 0.483995 0.466243
threshold=0.055910594976570589 0.026509901391072458 0.011153750253702221 0.0061045845958173093 0.022172058426010003 -0.022648599016255318 0.13092898697672287
decision_type=2 8 2 2 10 2 2
left_child=2 -2 3 -1 5 -5 -4
right_child=1 -3 6 4 -6 -7 -8
leaf_value=-0.0012816329432428053 -0.0011666494695672584 -0.0013209495122431815 -0.0011144401039928197 -0.0012260884434318812 -0.0012376031758775941 -0.0010102118598211969 -0.0013010307305469724
leaf_weight=25 42 29 520 27 25 51 31
leaf_count=25 42 29 520 27 25 51 31
internal_value=-0.00137309 -0.0074407 -0.000738632 -0.00437622 -0.00199834 -1.92485e-05 0.000106397
internal_weight=750 71 679 128 103 78 551
internal_count=750 71 679 128 103 78 551
is_linear=0
shrinkage=1


Tree=1
num_leaves=8
num_cat=0
split_feature=8 5 0 14 14 10 10
split_gain=0.966969 0.823657 1.31082 0.951711 0.544731 0.495834 0.437468
threshold=0.090812102702152023 0.011359053726778734 -0.010673191921781731 -0.016284077904727075 0.13092898697672287 0.012727043065882683 -0.0040208105245407846
decision_type=8 2 2 2 2 2 2
left_child=1 2 -1 -4 5 -3 -5
right_child=-2 4 3 6 -6 -7 -8
leaf_value=-0.00012809104725548497 -0.00021090942749011244 6.4480757894549087e-05 -5.3222636925474466e-05 -1.6251930714544195e-05 -0.00017421939093657953 -1.1338742076252e-05 0.00018837761581241459
leaf_weight=28 44 476 48 25 28 31 54
leaf_count=28 44 476 48 25 28 31 54
internal_value=-0.000313351 0.000144928 -0.00306452 -0.000905512 0.00107477 0.0014497 0.00246835
internal_weight=734 690 155 127 535 507 79
internal_count=734 690 155 127 535 507 79
is_linear=0
shrinkage=0.05


Tree=2
num_leaves=8
num_cat=0
split_feature=8 4 11 3 3 7 2
split_gain=1.39028 0.706042 1.14874 0.714523 0.783522 0.537436 0.695023
threshold=0.11133119667530812 0.025739220654244516 -0.0237759721784318 0.00014290864400701156 -1.0000000180025095e-35 -0.020604516061771768 -0.06277240026555557
decision_type=8 2 2 2 2 2 2
left_child=1 2 -1 4 5 6 -4
right_child=-2 -3 3 -5 -6 -7 -8
leaf_value=-0.00027536459741984667 -0.00026021469495769619 0.0001321984804276908 0.00010217283872569944 6.284545520383609e-05 -0.00012052768586616064 2.4060750953858962e-05 -8.9899483080702571e-05
leaf_weight=30 28 136 26 272 27 196 34
leaf_count=30 28 136 26 272 27 196 34
internal_value=-0.000140187 0.000284328 -0.000470085 4.50452e-05 -0.00171378 -0.000859375 -0.005
internal_weight=749 721 585 555 283 256 60
internal_count=749 721 585 555 283 256 60
is_linear=0
shrinkage=0.05


Tree=3
num_leaves=8
num_cat=0
split_feature=8 10 4 8 7 13 0
split_gain=1.34035 0.805482 0.505301 0.672998 0.61234 0.297324 0.575829
threshold=0.11133119667530812 0.012727043065882683 0.018050165308124377 -0.009397178121731518 0.015248034422640224 17.945000648498539 0.0035022776137374483
decision_type=8 2 2 10 2 2 2
left_child=1 2 3 -1 -5 6 -4
right_child=-2 -3 5 4 -6 -7 -8
leaf_value=-9.9981735674149926e-05 -0.00024134321566530957 -0.00013086088697985291 0.000141886521989746 0.00015969552055284937 -5.312200798665795e-05 -7.3909289671230133e-06 6.350870247963338e-07
leaf_weight=47 29 39 211 54 38 175 150
leaf_count=47 29 39 211 54 38 175 150
internal_value=2.01886e-05 0.000448179 0.000851852 -0.00183453 0.000652174 0.00154851 0.00236842
internal_weight=743 714 675 139 92 536 361
internal_count=743 714 675 139 92 536 361
is_linear=0
shrinkage=0.05


Tree=4
num_leaves=8
num_cat=0
split_feature=5 0 14 12 0 1 9
split_gain=0.782549 1.5777 0.75879 0.614593 0.708042 0.389785 0.332374
threshold=0.011297316289668667 -0.010673191921781731 -0.010446241084373918 0.048152369041769456 0.0052250137221415702 0.0021240575042734693 0.12456579876322428
decision_type=2 2 2 2 2 2 8
left_child=1 -1 -3 6 5 -5 -2
right_child=3 2 -4 4 -6 -7 -8
leaf_value=-0.00011848694807775736 8.2799604145702952e-05 -5.0465907012125222e-05 0.0001541495298962114 -0.00032367787192320516 -7.9231895508071425e-05 0.00017012277885008922 -2.0480193404131733e-05
leaf_weight=26 377 48 68 31 39 29 128
leaf_count=26 377 48 68 31 39 29 128
internal_value=0.000241287 -0.00309859 -0.000603448 0.00102649 -0.00257576 0.000833334 0.00173267
internal_weight=746 142 116 604 99 60 505
internal_count=746 142 116 604 99 60 505
is_linear=0
shrinkage=0.05


Tree=5
num_leaves=8
num_cat=0
split_feature=4 1 10 9 14 12 12
split_gain=0.745312 0.866495 0.960844 1.00155 0.786539 0.971936 0.413636
threshold=0.024302931490004381 0.041770022064025476 0.010510737947986739 0.11737642456735987 0.035115678917499234 0.011040694977268452 0.048152369041769456
decision_type=2 2 2 8 2 2 2
left_child=1 2 3 6 5 -5 -1
right_child=-2 -3 -4 4 -6 -7 -8
leaf_value=9.6551706490965859e-05 9.1166260031393554e-05 -0.00022977779346013279 -0.00028781104275296736 -0.00021738532420945123 -7.8720778296722418e-05 7.22243079694222e-05 -7.4407907586268845e-06
leaf_weight=260 186 27 43 40 43 83 55
leaf_count=260 186 27 43 40 43 83 55
internal_value=-0.000156038 -0.00107985 -0.000629771 1.03952e-05 -0.00313253 -0.00109756 0.00166667
internal_weight=737 551 524 481 166 123 315
internal_count=737 551 524 481 166 123 315
is_linear=0
shrinkage=0.05


Tree=6
num_leaves=8
num_cat=0
split_feature=12 9 4 6 7 3 3
split_gain=1.07144 0.952381 0.811266 0.662642 0.612262 1.04787 0.702728
threshold=0.055910594976570589 0.026509901391072458 0.022887560977676896 1.1544282513092983 0.01190696925431012 0.003390229805259382 -0.0035150628758036646
decision_type=2 8 2 2 2 2 2
left_child=2 -2 3 4 6 -6 -1
right_child=1 -3 -4 -5 5 -7 -8
leaf_value=-1.7504950527507348e-05 -1.6010515626310752e-06 -0.00011329460784283122 9.4193109119741276e-05 -0.00014668862006455546 5.942131912056935e-06 -0.0001461078218314998 0.00011192133674783941
leaf_weight=60 42 28 253 44 81 32 206
leaf_count=60 42 28 253 44 81 32 206
internal_value=0.000174263 -0.00571429 0.000784024 -0.000555555 0.000118734 -0.0029646 0.00142857
internal_weight=746 70 676 423 379 113 266
internal_count=746 70 676 423 379 113 266
is_linear=0
shrinkage=0.05


Tree=7
num_leaves=8
num_cat=0
split_feature=8 14 10 12 11 4 1
split_gain=0.746946 0.969323 0.747764 1.51304 0.518305 0.541795 0.5
threshold=0.090812102702152023 0.11068884178819839 0.010510737947986739 0.0020578484903100995 -0.0237759721784318 0.022767409138441577 -0.0094463986528519599
decision_type=8 2 2 2 2 2 2
left_child=1 2 4 -4 -1 -6 -3
right_child=-2 6 3 -5 5 -7 -8
leaf_value=-6.2948490261108844e-05 -0.00017183089050473645 -6.8802528392717313e-05 9.6011389409645601e-05 -0.00029006924656038024 1.1426125532157018e-05 0.00011874092563347961 -0.00014553715809775011
leaf_weight=32 46 25 29 40 370 178 25
leaf_count=32 46 25 29 40 370 178 25
internal_value=0.000302014 0.000708155 0.00122496 -0.00369565 0.00181034 0.00217153 -0.006
internal_weight=745 699 649 69 580 548 50
internal_count=745 699 649 69 580 548 50
is_linear=0
shrinkage=0.05


Tree=8
num_leaves=8
num_cat=0
split_feature=9 14 9 12 0 3 8
split_gain=0.56053 0.673882 1.05857 0.644326 1.2983 0.531151 1.06473
threshold=-0.074237343161008815 0.079615825148664734 -0.032485011991966066 0.044995709916922373 0.0052250137221415702 -0.0035150628758036646 -0.042593781440308835
decision_type=8 2 10 2 2 2 10
left_child=-1 3 -3 5 -5 6 -2
right_child=1 2 -4 4 -6 -7 -8
leaf_value=8.8753472987883623e-05 -0.0001022513479274152 -0.00030764734387604491 1.8016991409085725e-05 1.7509395271221568e-05 -0.00015112960801994609 5.7865563490180964e-05 1.4854283353174702e-05
leaf_weight=95 30 25 54 54 34 395 77
leaf_count=95 30 25 54 54 34 395 77
internal_value=0.000353403 -0.00015695 -0.00449367 0.000423729 -0.00352273 0.00111554 -0.00200935
internal_weight=764 669 79 590 88 502 107
internal_count=764 669 79 590 88 502 107
is_linear=0
shrinkage=0.05


Tree=9
num_leaves=8
num_cat=0
split_feature=8 5 0 7 5 4 10
split_gain=0.611427 0.665993 1.00119 0.771429 0.52825 0.719206 0.869955
threshold=0.090812102702152023 0.011520089962575321 -0.0095120493495993701 0.0059436634597778157 0.012085630204995689 0.022767409138441577 -0.0032352755768272896
decision_type=8 2 2 2 2 2 2
left_child=1 2 -1 -4 -3 6 -6
right_child=-2 4 3 -5 5 -7 -8
leaf_value=-9.3819287948785005e-05 -0.00019539142960691382 0.00018754829669841925 4.0846127463792954e-05 -6.8755864888432968e-05 0.00014349013999634603 6.7110528718536982e-05 -9.1587700867948004e-05
leaf_weight=28 41 77 80 60 50 257 151
leaf_count=28 41 77 80 60 50 257 151
internal_value=-4.03224e-05 0.000305832 -0.00244048 -0.000714286 0.00116822 0.000524018 -0.00171642
internal_weight=744 703 168 140 535 458 201
internal_count=744 703 168 140 535 458 201
is_linear=0
shrinkage=0.05


Tree=10
num_leaves=8
num_cat=0
split_feature=8 14 12 10 4 11 0
split_gain=1.00881 0.560415 0.865031 0.562445 1.5745 0.528302 0.356449
threshold=0.083658068438373548 0.079615825148664734 0.013329890655183642 0.010824112764753148 0.021980275464101699 -0.020756014565235011 0.0035022776137374483
decision_type=8 2 2 2 2 2 2
left_child=1 3 5 6 -5 -3 -1
right_child=-2 2 -4 4 -6 -7 -8
leaf_value=7.530975316857874e-05 -9.4452142127428543e-05 -0.00041977146306357554 -0.00015006006319893711 -0.00023001630399022599 3.0400026282559944e-05 0.00019801500975268342 2.3712548189553298e-06
leaf_weight=328 58 25 25 25 34 28 226
leaf_count=328 58 25 25 25 34 28 226
internal_value=0.000126836 0.000658466 -0.00333333 0.00116639 -0.00347458 0.000283019 0.00166065
internal_weight=749 691 78 613 59 53 554
internal_count=749 691 78 613 59 53 554
is_linear=0
shrinkage=0.05


Tree=11
num_leaves=8
num_cat=0
split_feature=4 7 0 0 11 11 0
split_gain=0.725111 0.750819 0.571007 0.807629 0.537188 0.776191 0.997476
threshold=0.018050165308124377 0.022345473419026044 0.01427851696867344 0.011817469695134421 -0.01077904076800079 0.013370949203247886 0.0061994340511946086
decision_type=2 2 2 2 2 2 2
left_child=1 -1 3 4 -2 -6 -7
right_child=2 -3 -4 -5 5 6 -8
leaf_value=-9.1084059249461881e-06 -7.7861595517664402e-05 -8.1684050240896566e-05 7.4194634593090995e-05 -0.00010931731792548127 9.0188707453881512e-05 6.7157488668088817e-05 -0.00022092502169111469
leaf_weight=130 97 25 90 26 242 111 26
leaf_count=130 97 25 90 26 242 111 26
internal_value=-2.00801e-05 -0.00306452 0.000777027 0.000119522 0.000588235 0.00143799 -0.00156934
internal_weight=747 155 592 502 476 379 137
internal_count=747 155 592 502 476 379 137
is_linear=0
shrinkage=0.05


Tree=12
num_leaves=8
num_cat=0
split_feature=5 6 6 10 12 8 5
split_gain=0.8272 0.704875 0.531356 0.756945 0.741747 0.622869 0.660611
threshold=0.0098673346577873629 -0.73703123892771527 -0.37178719968757806 0.0069471165760636175 0.061412549385283739 -0.10940404266655705 0.011606917450581324
decision_type=2 2 2 2 2 10 2
left_child=-1 -2 3 -3 5 -4 -7
right_child=1 2 4 -5 -6 6 -8
leaf_value=-1.0442949192560498e-05 0.00014170049842031533 -1.1956706282236857e-05 -0.00017918791394249086 -0.00026091821000309815 -0.00025737454860326264 -1.0140399390610896e-05 8.7453685232323551e-05
leaf_weight=36 149 106 26 34 28 90 265
leaf_count=36 149 106 26 34 28 90 265
internal_value=-0.000108992 0.000272206 -0.000555555 -0.00321429 0.000354523 0.000931759 0.00147887
internal_weight=734 698 549 140 409 381 355
internal_count=734 698 549 140 409 381 355
is_linear=0
shrinkage=0.05


Tree=13
num_leaves=8
num_cat=0
split_feature=5 8 14 6 6 3 8
split_gain=0.684864 0.450144 0.441579 0.31061 0.347269 0.642533 0.523653
threshold=0.0097309702481672509 0.11133119667530812 0.11068884178819839 -1.0772276277727413 -0.16582697003493471 0.0048029131843604364 -0.059259665360752938
decision_type=2 8 2 2 2 2 10
left_child=-1 2 3 -2 5 6 -5
right_child=1 -3 -4 4 -6 -7 -8
leaf_value=-1.0431151826276298e-05 0.00014693013981165989 -0.00011929778417381114 -6.9243206919100751e-05 -5.8788431229947178e-05 4.3136325891008374e-05 -1.1646252469026776e-05 4.7465595674195429e-05
leaf_weight=34 47 28 44 42 298 46 206
leaf_count=34 47 28 44 42 298 46 206
internal_value=0.000167785 0.000499297 0.000754027 0.00108764 0.000777027 -0.000442177 0.000564516
internal_weight=745 711 683 639 592 294 248
internal_count=745 711 683 639 592 294 248
is_linear=0
shrinkage=0.05


Tree=14
num_leaves=8
num_cat=0
split_feature=5 16 12 1 8 12 11
split_gain=0.890907 0.553783 0.968899 1.19318 0.442065 0.413588 0.992263
threshold=0.0098673346577873629 0.024638418140130573 0.0053623366190914687 0.031625990907775299 0.083658068438373548 0.04760809957201418 0.013609022082518242
decision_type=2 2 2 2 8 2 2
left_child=-1 4 -3 -4 5 -2 -7
right_child=1 2 3 -5 -6 6 -8
leaf_value=-9.6544191882905696e-06 4.3678847728602869e-05 0.00019230166219504543 4.6992539003894306e-05 -0.00014308795401356635 -8.7769875868202855e-05 7.5179123420471075e-05 -0.00016299579321595644
leaf_weight=35 462 33 29 28 45 48 39
leaf_count=35 462 33 29 28 45 48 39
internal_value=-7.64949e-05 0.000321638 -0.00333333 -0.0072807 0.000875421 0.00126594 -0.00189655
internal_weight=719 684 90 57 594 549 87
internal_count=719 684 90 57 594 549 87
is_linear=0
shrinkage=0.05


Tree=15
num_leaves=8
num_cat=0
split_feature=5 2 16 8 1 11 4
split_gain=1.2553 0.731661 1.30284 0.540105 0.519536 0.56015 1.19169
threshold=0.011140528872828277 0.022441965965526615 -0.011176795333032672 -0.12192239070323684 0.0041893267883067473 0.01199540999330473 0.024030418061292309
decision_type=2 2 2 10 2 2 2
left_child=1 2 -1 -2 -5 -6 -7
right_child=3 -3 -4 4 5 6 -8
leaf_value=-6.5348506491820054e-05 -8.5604730549306408e-05 -4.3306849658375546e-05 7.5160299545174559e-05 9.5762417317667194e-05 1.7288334458693696e-05 -0.00010359970677222906 0.00011951418382077984
leaf_weight=26 33 30 71 294 190 56 43
leaf_count=26 33 30 71 294 190 56 43
internal_value=-0.000316285 -0.00484252 -0.00273196 0.000616883 0.000969125 -0.000536332 -0.00358586
internal_weight=743 127 97 616 583 289 99
internal_count=743 127 97 616 583 289 99
is_linear=0
shrinkage=0.05


Tree=16
num_leaves=8
num_cat=0
split_feature=14 14 1 14 10 10 6
split_gain=0.489702 0.635521 0.567176 1.05256 0.865257 0.921357 0.699875
threshold=0.11068884178819839 0.0066946732173895915 0.00064810400967441073 -0.036136320679139293 0.0011530196642344228 0.003541437167460804 1.4395049471857424
decision_type=2 2 2 2 2 2 2
left_child=1 2 6 -4 -5 -6 -1
right_child=-2 -3 3 4 5 -7 -8
leaf_value=5.487084390702218e-05 -8.6053182492303954e-05 5.4352506133793226e-05 3.885484971188056e-05 -2.8209169897761283e-06 -0.00011061180924540203 -0.00012152053799040785 -0.00020335535756153293
leaf_weight=193 50 247 104 64 25 49 25
leaf_count=193 50 247 104 64 25 49 25
internal_value=-0.000217965 0.000120226 -0.000978261 -0.00264463 -0.00550725 -0.00918919 0.00087156
internal_weight=757 707 460 242 138 74 218
internal_count=757 707 460 242 138 74 218
is_linear=0
shrinkage=0.05


Tree=17
num_leaves=8
num_cat=0
split_feature=5 9 8 4 14 8 10
split_gain=0.574561 0.766947 0.755738 0.549472 0.428414 0.463404 0.352104
threshold=0.011140528872828277 0.077140293009726149 -0.0088822455829464225 0.016193415705965237 0.13092898697672287 -0.10940404266655705 0.00048355916176134889
decision_type=2 8 10 2 2 10 2
left_child=1 -1 -3 -4 5 -2 -7
right_child=4 2 3 -5 -6 6 -8
leaf_value=1.8354783333984533e-06 -9.3982779724663249e-05 -0.00011807565743791446 -2.5974303215221427e-05 0.00015274139859524185 -8.1750525126220375e-05 0.00010344448021123046 1.3626344194595859e-05
leaf_weight=51 38 25 34 25 30 226 317
leaf_count=51 38 25 34 25 30 226 317
internal_value=0.000174263 -0.00277778 -0.00571429 -0.00262712 0.000826514 0.00112737 0.00150092
internal_weight=746 135 84 59 611 581 543
internal_count=746 135 84 59 611 581 543
is_linear=0
shrinkage=0.05


end of trees

feature_importances:
dist_ma50=16
vix_chg_1d=13
spy_ret_20d=12
parkinson_20=11
spy_ret_1d=11
ret_1d=10
atr_pct=10
dist_ma200=7
spy_ret_5d=7
ret_5d=6
overnight_gap=6
dvol_z_20=6
dist_ma20=5
ret_20d=3
sector_ret_5d=2
vix_level=1

parameters:
[boosting: gbdt]
[objective: quantile]
[metric: quantile]
[tree_learner: serial]
[device_type: cpu]
[data_sample_strategy: bagging]
[data: ]
[valid: ]
[num_iterations: 80]
[learning_rate: 0.05]
[num_leaves: 8]
[num_threads: 1]
[seed: 0]
[deterministic: 0]
[force_col_wise: 1]
[force_row_wise: 0]
[histogram_pool_size: -1]
[max_depth: -1]
[min_data_in_leaf: 25]
[min_sum_hessian_in_leaf: 0.001]
[bagging_fraction: 0.9]
[pos_bagging_fraction: 1]
[neg_bagging_fraction: 1]
[bagging_freq: 1]
[bagging_seed: 3]
[bagging_by_query: 0]
[feature_fraction: 0.9]
[feature_fraction_bynode: 1]
[feature_fraction_seed: 2]
[extra_trees: 0]
[extra_seed: 6]
[early_stopping_round: 0]
[early_stopping_min_delta: 0]
[first_metric_only: 0]
[max_delta_step: 0]
[lambda_l1: 0]
[lambda_l2: 0]
[linear_lambda: 0]
[min_gain_to_split: 0]
[drop_rate: 0.1]
[max_drop: 50]
[skip_drop: 0.5]
[xgboost_dart_mode: 0]
[uniform_drop: 0]
[drop_seed: 4]
[top_rate: 0.2]
[other_rate: 0.1]
[min_data_per_group: 100]
[max_cat_threshold: 32]
[cat_l2: 10]
[cat_smooth: 10]
[max_cat_to_onehot: 4]
[top_k: 20]
[monotone_constraints: ]
[monotone_constraints_method: basic]
[monotone_penalty: 0]
[feature_contri: ]
[forcedsplits_filename: ]
[refit_decay_rate: 0.9]
[cegb_tradeoff: 1]
[cegb_penalty_split: 0]
[cegb_penalty_feature_lazy: ]
[cegb_penalty_feature_coupled: ]
[path_smooth: 0]
[interaction_constraints: ]
[verbosity: -1]
[saved_feature_importance_type: 0]
[use_quantized_grad: 0]
[num_grad_quant_bins: 4]
[quant_train_renew_leaf: 0]
[stochastic_rounding: 1]
[linear_tree: 0]
[max_bin: 255]
[max_bin_by_feature: ]
[min_data_in_bin: 3]
[bin_construct_sample_cnt: 200000]
[data_random_seed: 1]
[is_enable_sparse: 1]
[enable_bundle: 1]
[use_missing: 1]
[zero_as_missing: 0]
[feature_pre_filter: 1]
[pre_partition: 0]
[two_round: 0]
[header: 0]
[label_column: ]
[weight_column: ]
[group_column: ]
[ignore_column: ]
[categorical_feature: ]
[forcedbins_filename: ]
[precise_float_parser: 0]
[parser_config_file: ]
[objective_seed: 5]
[num_class: 1]
[is_unbalance: 0]
[scale_pos_weight: 1]
[sigmoid: 1]
[boost_from_average: 1]
[reg_sqrt: 0]
[alpha: 0.1]
[fair_c: 1]
[poisson_max_delta_step: 0.7]
[tweedie_variance_power: 1.5]
[lambdarank_truncation_level: 30]
[lambdarank_norm: 1]
[label_gain: ]
[lambdarank_position_bias_regularization: 0]
[eval_at: ]
[multi_error_top_k: 1]
[auc_mu_weights: ]
[num_machines: 1]
[local_listen_port: 12400]
[time_out: 120]
[machine_list_filename: ]
[machines: ]
[gpu_platform_id: -1]
[gpu_device_id: -1]
[gpu_device_id_list: ]
[gpu_use_dp: 0]
[num_gpu: 1]

end of parameters

pandas_categorical:[]
