tree
version=v4
num_class=1
num_tree_per_iteration=1
label_index=0
max_feature_idx=16
objective=quantile
feature_names=ret_1d ret_5d ret_20d overnight_gap atr_pct parkinson_20 dvol_z_20 dist_ma20 dist_ma50 dist_ma200 spy_ret_1d spy_ret_5d spy_ret_20d vix_level vix_chg_1d sector_ret_1d sector_ret_5d
feature_infos=[-0.098476729715231359:0.042732933770668335] [-0.17727912222861597:0.10313333843824912] [-0.21403849094398375:0.15143465499829323] [-0.073579356825994813:0.051356620237265282] [0.010687152681301548:0.053928664786239491] [0.007469257622120193:0.02775703366073088] [-2.4331269039080379:4.2629060847926947] [-0.15823439762559122:0.07898300353190657] [-0.17876855189595864:0.12887390567909796] [-0.2888189339493471:0.19581670206565938] [-0.058542971330535654:0.10501930183911301] [-0.11496151859245618:0.082843162776128354] [-0.1226559005192206:0.15756591020035837] [11.859999656677246:52.330001831054688] [-0.35753873962348437:0.74039073966007019] [-0.073180917682286184:0.075364333134955164] [-0.12187676960594984:0.078003472462632839]
tree_sizes=841 845 863 849 862 867 862 867 854 865 858 851 863

Tree=0
num_leaves=8
num_cat=0
split_feature=9 1 3 10 14 6 6
split_gain=1.89275 2.38715 1.89195 1.70324 2.18312 1.57538 1.48705
threshold=0.16327228996407642 0.0040573054288346464 -0.0015245002468369793 0.0056232600765477878 0.039671535485110161 -0.61588517943863319 1.186889380725936
decision_type=10 2 2 2 2 2 2
left_child=1 3 -3 4 6 -5 -1
right_child=-2 2 -4 5 -6 -7 -8
leaf_value=0.0014251879416406154 0.0010772805311717094 0.0014522557845339178 0.0013209508324507624 0.00089611387811601158 0.0011016606440534815 0.0011965281591983512 0.0011352548841387033
leaf_weight=143 31 91 272 25 88 65 35
leaf_count=143 31 91 272 25 88 65 35
internal_value=0.00127915 0.00180071 0.00465381 -0.00110849 0.000903214 -0.00705418 0.00408814
internal_weight=750 719 363 356 266 90 178
internal_count=750 719 363 356 266 90 178
is_linear=0
shrinkage=1


Tree=1
num_leaves=8
num_cat=0
split_feature=11 16 12 8 16 1 2
split_gain=1.5659 2.74075 1.63668 1.42676 2.2146 2.1142 2.08511
threshold=0.030456438390909838 0.034437910834125958 0.070121882080432366 0.06152359679465081 0.017842581148162288 0.0074292868858300007 0.07648318606135808
decision_type=2 2 2 8 2 2 2
left_child=2 -2 3 4 5 -1 -5
right_child=1 -3 -4 6 -6 -7 -8
leaf_value=-4.8449963651364651e-06 0.0002138325755367987 -0.00024845843567163685 -0.00035091662357444875 -0.0002542693939176388 -0.00015498370594286827 0.00014029986195964738 9.1782496019732215e-05
leaf_weight=280 30 26 28 47 104 172 47
leaf_count=280 30 26 28 47 104 172 47
internal_value=0 0.00803571 -0.000663717 -0.000153846 0.000809353 0.00232301 -0.00585106
internal_weight=734 56 678 650 556 452 94
internal_count=734 56 678 650 556 452 94
is_linear=0
shrinkage=0.05


Tree=2
num_leaves=8
num_cat=0
split_feature=11 12 16 11 3 12 12
split_gain=1.28652 2.64867 2.1374 1.71882 1.42893 1.33456 1.32452
threshold=0.030456438390909838 0.073733903664651171 0.034437910834125958 0.025024646146281086 -0.0060710819566535115 0.055910594976570589 0.040854106099518013
decision_type=2 2 2 2 2 2 2
left_child=1 3 -2 4 -1 6 -6
right_child=2 -3 -4 -5 5 -7 -8
leaf_value=0.00021356518358516043 0.00020314094675995877 -0.00037721772318036531 -7.1055440574127721e-05 -0.00017054855627429789 -4.6027465468796455e-06 0.00022464652800408661 -0.00015486588752537501
leaf_weight=53 26 28 27 28 486 32 69
leaf_count=53 26 28 27 28 486 32 69
internal_value=-0.000433912 -0.00100575 0.00707547 -0.000374251 0.00015625 -0.000553663 -0.00112613
internal_weight=749 696 53 668 640 587 555
internal_count=749 696 53 668 640 587 555
is_linear=0
shrinkage=0.05


Tree=3
num_leaves=8
num_cat=0
split_feature=8 0 0 13 2 0 8
split_gain=2.28493 1.49686 1.8077 2.30453 1.8101 1.5852 1.56311
threshold=0.10507117162831327 0.0011351815758583463 0.012379401836604577 14.404999732971193 0.035682105332546572 0.021416588124960726 0.055472799942589919
decision_type=8 2 2 2 2 2 10
left_child=1 -1 3 4 -3 -4 -5
right_child=-2 2 5 6 -6 -7 -8
leaf_value=-3.5944627167373252e-05 -0.00025857943078572138 0.00010424551141477423 -7.1101992045987563e-05 0.00015087107888339234 -0.00017611086404267556 0.0002029340330294872 0.00023109434058587796
leaf_weight=352 38 33 81 149 30 29 31
leaf_count=352 38 33 81 149 30 29 31
internal_value=0.000100942 0.000744681 0.00304533 0.00545267 -0.00277778 -0.00227273 0.00833333
internal_weight=743 705 353 243 63 110 180
internal_count=743 705 353 243 63 110 180
is_linear=0
shrinkage=0.05


Tree=4
num_leaves=8
num_cat=0
split_feature=8 1 15 15 15 2 16
split_gain=1.90586 1.72467 2.12828 1.76788 2.32639 1.65551 1.59546
threshold=0.06152359679465081 0.0040573054288346464 0.0071175176048179365 -0.0048107695953494281 -0.0085552027955927406 0.07648318606135808 0.0065756422602926143
decision_type=8 2 2 2 2 2 2
left_child=1 2 3 4 -1 -2 -3
right_child=5 6 -4 -5 -6 -7 -8
leaf_value=0.00010622718445668397 -0.00023837778014159999 0.00018873034032129002 -0.00017093063284243727 8.1651938904296915e-05 -0.0003771202680075203 2.0292563299681217e-05 1.9644246846228266e-05
leaf_weight=54 50 128 63 175 44 48 184
leaf_count=54 50 128 63 175 44 48 184
internal_value=-0.000134048 0.000848765 -0.0016369 0.000274725 -0.00510204 -0.00663265 0.00352564
internal_weight=746 648 336 273 98 98 312
internal_count=746 648 336 273 98 98 312
is_linear=0
shrinkage=0.05


Tree=5
num_leaves=8
num_cat=0
split_feature=15 15 15 9 11 11 4
split_gain=2.00441 2.19763 2.08216 1.79053 1.81085 1.32904 1.60106
threshold=-0.0042573873915031082 -0.0084579474537897475 -0.002822566359989009 0.010056964594179598 -0.0015936378577838248 -0.0075284193939237345 0.020786323743781109
decision_type=2 2 2 8 2 2 2
left_child=1 -1 -2 -3 -5 -4 -7
right_child=2 3 5 4 -6 6 -8
leaf_value=4.9600121847950952e-05 0.00021927147715265262 -0.00050263971392446158 8.8204117883145504e-05 0.00020504182920398628 -0.00039318397990681229 2.6273215897946101e-05 -0.00018601757821364712
leaf_weight=99 48 30 92 27 36 291 114
leaf_count=99 48 30 92 27 36 291 114
internal_value=-3.39213e-05 -0.00442708 0.00151376 -0.00994624 -0.00515873 0.00055332 -0.000679012
internal_weight=737 192 545 93 63 497 405
internal_count=737 192 545 93 63 497 405
is_linear=0
shrinkage=0.05


Tree=6
num_leaves=8
num_cat=0
split_feature=0 7 7 0 15 8 15
split_gain=1.65841 1.91345 2.33749 2.4128 1.86073 2.72159 1.85956
threshold=0.00074198957824200839 0.0072963973133864943 0.014550957673221012 -0.0040066489195116342 -0.00048201820213955576 -0.0015081658419583974 -0.004999746296239004
decision_type=2 2 2 2 2 8 2
left_child=1 4 -3 -4 5 6 -1
right_child=-2 2 3 -5 -6 -7 -8
leaf_value=-3.6115930579476693e-05 3.9498946313863459e-05 0.0002948853422741038 0.00016150826680492669 -0.00020877591673901707 -0.00028954751105730983 -0.00026945484615190974 0.00030273188504406374
leaf_weight=59 383 39 49 50 96 45 25
leaf_count=59 383 39 49 50 96 45 25
internal_value=-0.000402145 -0.00282369 0.00181159 -0.00227273 -0.00566667 -0.00174419 0.00357143
internal_weight=746 363 138 99 225 129 84
internal_count=746 363 138 99 225 129 84
is_linear=0
shrinkage=0.05


Tree=7
num_leaves=8
num_cat=0
split_feature=12 3 3 12 8 7 12
split_gain=1.72707 1.583 1.15741 1.10643 1.85154 2.28358 1.80677
threshold=0.045723592601736203 -0.003554090378936225 1.0000000180025095e-35 0.029255281131715608 -0.016762403537818545 0.00071850390755545679 -0.0086076818895993706
decision_type=2 2 2 2 8 2 2
left_child=3 -2 -3 4 -1 6 -6
right_child=1 2 -4 -5 5 -7 -8
leaf_value=6.0881196141738487e-05 -0.00040959829335240905 0.00010212420511468361 -0.00022423492414139017 0.00014181319289972068 -8.3107121740986719e-06 5.8857599318497232e-07 -0.00022879962422643133
leaf_weight=166 25 36 54 147 40 225 52
leaf_count=166 25 36 54 147 40 225 52
internal_value=-0.000234899 -0.00586957 -0.00277778 0.000793651 -0.000362319 -0.00260252 -0.00923913
internal_weight=745 115 90 630 483 317 92
internal_count=745 115 90 630 483 317 92
is_linear=0
shrinkage=0.05


Tree=8
num_leaves=8
num_cat=0
split_feature=12 15 15 14 14 4 9
split_gain=1.51841 1.27404 1.30561 1.17437 1.71738 1.64547 2.21744
threshold=0.046695400961737528 0.0021051444956350367 0.006384161273564449 -0.091137781806863202 -0.0022749768251851816 0.016606215406569497 0.035073700068716247
decision_type=2 2 2 2 2 2 10
left_child=3 -2 -3 -1 5 6 -5
right_child=1 2 -4 4 -6 -7 -8
leaf_value=-8.4697994134532866e-05 -0.00032986194146430667 0.00017922105872062639 -0.00015320619568296058 -0.00014625103624660575 -1.8188118263468391e-05 0.00012914893077169059 0.00012754789804700779
leaf_weight=48 60 25 32 62 307 176 54
leaf_count=48 60 25 32 62 307 176 54
internal_value=0.000327225 -0.00491453 0.000438596 0.00127512 0.00187813 0.00462329 0
internal_weight=764 117 57 647 599 292 116
internal_count=764 117 57 647 599 292 116
is_linear=0
shrinkage=0.05


Tree=9
num_leaves=8
num_cat=0
split_feature=15 3 10 15 12 6 4
split_gain=1.22653 2.41451 2.01615 1.92057 1.58894 1.50388 1.88752
threshold=-0.0042573873915031082 -0.0070880772234530034 -0.0042544467454991288 0.0055068245481380016 0.0020578484903100995 0.43047182581460258 0.020786323743781109
decision_type=2 2 2 2 2 2 2
left_child=1 -1 4 5 -3 6 -2
right_child=3 2 -4 -5 -6 -7 -8
leaf_value=0.00014631598309825203 0.00014118593051675533 -0.0001571826626593515 -0.00029259203834677096 -7.2610921537792742e-05 0.00017353710882579701 -7.4040144862809061e-05 -6.3953692909468331e-05
leaf_weight=25 190 49 78 214 41 80 67
leaf_count=25 190 49 78 214 41 80 67
internal_value=-6.72043e-05 -0.00349741 -0.00565476 0.0011343 -0.000555556 0.00348665 0.00535019
internal_weight=744 193 168 551 90 337 257
internal_count=744 193 168 551 90 337 257
is_linear=0
shrinkage=0.05


Tree=10
num_leaves=8
num_cat=0
split_feature=1 7 7 7 2 1 12
split_gain=1.35033 1.6797 2.16936 2.70771 1.82952 2.73304 1.52895
threshold=-0.044405523115108529 -0.024159339054986736 0.0056452661996041495 0.02350305983253154 0.07648318606135808 0.024409650532022046 0.048330696725207185
decision_type=2 2 2 2 2 2 2
left_child=-1 -2 -3 6 5 -5 -4
right_child=1 2 3 4 -6 -7 -8
leaf_value=-0.00017120697365867306 5.4995466080023342e-05 -0.00010263028973972714 0.0001386678883640732 -0.00021397400829650687 0.00014288319838570699 2.9352642005092537e-05 -0.00022061164105278714
leaf_weight=56 109 200 161 63 70 64 26
leaf_count=56 109 200 161 63 70 64 26
internal_value=-0.000567423 3.6075e-05 -0.0010274 0.00117188 -0.00291878 -0.00649606 0.00548128
internal_weight=749 693 584 384 197 127 187
internal_count=749 693 584 384 197 127 187
is_linear=0
shrinkage=0.05


Tree=11
num_leaves=8
num_cat=0
split_feature=6 2 8 9 7 7 12
split_gain=1.57709 1.94215 1.50093 1.57644 1.8373 3.55774 1.62812
threshold=-0.99034934970676314 0.015060904740154759 0.06152359679465081 0.038432491975529899 0.03193206836332297 0.026053110530495419 -0.0086076818895993706
decision_type=2 2 8 8 2 2 2
left_child=1 -1 3 6 5 -5 -2
right_child=2 -3 -4 4 -6 -7 -8
leaf_value=-0.0002508346561992157 0.000194368154837841 -2.0366270027653342e-05 -0.00013253411557475345 8.2087215711499988e-05 0.00020888848491136831 -0.00013862482911155858 -4.5989584797719205e-05
leaf_weight=26 37 58 93 264 45 25 199
leaf_count=26 37 58 93 264 45 25 199
internal_value=0.000502008 -0.00595238 0.00131976 0.0022807 0.00449102 0.00302768 -0.000847458
internal_weight=747 84 663 570 334 289 236
internal_count=747 84 663 570 334 289 236
is_linear=0
shrinkage=0.05


Tree=12
num_leaves=8
num_cat=0
split_feature=11 12 16 11 15 15 11
split_gain=1.75657 2.299 2.06157 1.46904 1.64204 2.03008 1.76026
threshold=0.030456438390909838 0.070121882080432366 0.032418773857178514 0.021985340636656584 -0.0042573873915031082 -0.0081350232110720105 -0.00474984544861523
decision_type=2 2 2 2 2 2 2
left_child=1 3 -2 4 5 -1 -7
right_child=2 -3 -4 -5 -6 6 -8
leaf_value=1.6863226931863709e-05 0.00020310296425858962 -0.00032954180616748756 -0.00010667955674841133 -0.00014326287090962275 2.2931972278638691e-05 4.7766593339179089e-05 -0.00039855585172874795
leaf_weight=98 25 29 27 44 435 25 51
leaf_count=98 25 29 27 44 435 25 51
internal_value=-0.00020436 -0.000879765 0.00865385 -0.000267994 0.000369458 -0.00373563 -0.00986842
internal_weight=734 682 52 653 609 174 76
internal_count=734 682 52 653 609 174 76
is_linear=0
shrinkage=0.05


end of trees

feature_importances:
sector_ret_1d=14
spy_ret_20d=12
dist_ma20=8
spy_ret_5d=8
dist_ma50=7
ret_1d=5
ret_5d=5
ret_20d=5
overnight_gap=5
sector_ret_5d=5
dvol_z_20=4
dist_ma200=4
atr_pct=3
vix_chg_1d=3
spy_ret_1d=2
vix_level=1

parameters:
[boosting: gbdt]
[objective: quantile]
[metric: quantile]
[tree_learner: serial]
[device_type: cpu]
[data_sample_strategy: bagging]
[data: ]
[valid: ]
[num_iterations: 80]
[learning_rate: 0.05]
[num_leaves: 8]
[num_threads: 1]
[seed: 0]
[deterministic: 0]
[force_col_wise: 1]
[force_row_wise: 0]
[histogram_pool_size: -1]
[max_depth: -1]
[min_data_in_leaf: 25]
[min_sum_hessian_in_leaf: 0.001]
[bagging_fraction: 0.9]
[pos_bagging_fraction: 1]
[neg_bagging_fraction: 1]
[bagging_freq: 1]
[bagging_seed: 3]
[bagging_by_query: 0]
[feature_fraction: 0.9]
[feature_fraction_bynode: 1]
[feature_fraction_seed: 2]
[extra_trees: 0]
[extra_seed: 6]
[early_stopping_round: 0]
[early_stopping_min_delta: 0]
[first_metric_only: 0]
[max_delta_step: 0]
[lambda_l1: 0]
[lambda_l2: 0]
[linear_lambda: 0]
[min_gain_to_split: 0]
[drop_rate: 0.1]
[max_drop: 50]
[skip_drop: 0.5]
[xgboost_dart_mode: 0]
[uniform_drop: 0]
[drop_seed: 4]
[top_rate: 0.2]
[other_rate: 0.1]
[min_data_per_group: 100]
[max_cat_threshold: 32]
[cat_l2: 10]
[cat_smooth: 10]
[max_cat_to_onehot: 4]
[top_k: 20]
[monotone_constraints: ]
[monotone_constraints_method: basic]
[monotone_penalty: 0]
[feature_contri: ]
[forcedsplits_filename: ]
[refit_decay_rate: 0.9]
[cegb_tradeoff: 1]
[cegb_penalty_split: 0]
[cegb_penalty_feature_lazy: ]
[cegb_penalty_feature_coupled: ]
[path_smooth: 0]
[interaction_constraints: ]
[verbosity: -1]
[saved_feature_importance_type: 0]
[use_quantized_grad: 0]
[num_grad_quant_bins: 4]
[quant_train_renew_leaf: 0]
[stochastic_rounding: 1]
[linear_tree: 0]
[max_bin: 255]
[max_bin_by_feature: ]
[min_data_in_bin: 3]
[bin_construct_sample_cnt: 200000]
[data_random_seed: 1]
[is_enable_sparse: 1]
[enable_bundle: 1]
[use_missing: 1]
[zero_as_missing: 0]
[feature_pre_filter: 1]
[pre_partition: 0]
[two_round: 0]
[header: 0]
[label_column: ]
[weight_column: ]
[group_column: ]
[ignore_column: ]
[categorical_feature: ]
[forcedbins_filename: ]
[precise_float_parser: 0]
[parser_config_file: ]
[objective_seed: 5]
[num_class: 1]
[is_unbalance: 0]
[scale_pos_weight: 1]
[sigmoid: 1]
[boost_from_average: 1]
[reg_sqrt: 0]
[alpha: 0.5]
[fair_c: 1]
[poisson_max_delta_step: 0.7]
[tweedie_variance_power: 1.5]
[lambdarank_truncation_level: 30]
[lambdarank_norm: 1]
[label_gain: ]
[lambdarank_position_bias_regularization: 0]
[eval_at: ]
[multi_error_top_k: 1]
[auc_mu_weights: ]
[num_machines: 1]
[local_listen_port: 12400]
[time_out: 120]
[machine_list_filename: ]
[machines: ]
[gpu_platform_id: -1]
[gpu_device_id: -1]
[gpu_device_id_list: ]
[gpu_use_dp: 0]
[num_gpu: 1]

end of parameters

pandas_categorical:[]
