tree
version=v4
num_class=1
num_tree_per_iteration=1
label_index=0
max_feature_idx=16
objective=quantile
feature_names=ret_1d ret_5d ret_20d overnight_gap atr_pct parkinson_20 dvol_z_20 dist_ma20 dist_ma50 dist_ma200 spy_ret_1d spy_ret_5d spy_ret_20d vix_level vix_chg_1d sector_ret_1d sector_ret_5d
feature_infos=[-0.092390566565525134:0.16979117948508038] [-0.13358099756984487:0.1930881949032055] [-0.18888618646292854:0.33074464715138241] [-0.15073734175287767:0.10219481433744737] [0.014599326422927439:0.055610249048015641] [0.010144463993251251:0.031984198031930436] [-1.8551070093751556:4.2005111713160455] [-0.13281115660417886:0.19811114840007749] [-0.18296000627574316:0.28926178021974969] [-0.27104979305810373:0.35095022297991796] [-0.058542971330535654:0.10501930183911301] [-0.11496151859245618:0.082843162776128354] [-0.1226559005192206:0.15756591020035837] [11.859999656677246:52.330001831054688] [-0.35753873962348437:0.74039073966007019] [-0.060400368534546778:0.10888055657805773] [-0.11617886647053255:0.1006018727753657]
tree_sizes=824 860 851 848 866 867 873 861 860 856 872 859 858 858 860 864 878 871 862 869 864 880 871 863

Tree=0
num_leaves=8
num_cat=0
split_feature=9 7 7 9 12 1 4
split_gain=1.11749 0.66671 0.824485 1.07388 0.910931 0.653213 0.482934
threshold=-0.2097833500251288 -0.0071618482906783401 0.010558623621005349 0.051860205248941756 0.026646485703523241 0.077355051172870351 0.027099021429939477
decision_type=8 2 2 8 2 2 2
left_child=-1 6 3 -3 -5 -4 -2
right_child=1 2 5 4 -6 -7 -8
leaf_value=0.024615528490685379 0.023797867867560708 0.025050756105518969 0.023443621570450279 0.023222700916073778 0.024112173721114849 0.024508537354929749 0.023180232417107476
leaf_weight=26 104 35 285 38 26 42 194
leaf_count=26 104 35 285 38 26 42 194
internal_value=0.0237748 0.0234091 0.0246781 0.0286758 0.0248248 0.0234678 0.021595
internal_weight=750 724 426 99 64 327 298
internal_count=750 724 426 99 64 327 298
is_linear=0
shrinkage=1


Tree=1
num_leaves=8
num_cat=0
split_feature=13 0 9 3 0 13 12
split_gain=0.947242 0.604295 1.35289 0.466735 0.544775 0.561638 0.466336
threshold=25.505000114440922 0.022148798520983618 0.062926772989662996 0.0066055133743837544 -0.01031048325484568 19.214999198913578 0.051846022032751578
decision_type=2 2 8 2 2 2 2
left_child=1 3 -3 4 -1 6 -6
right_child=-2 2 -4 -5 5 -7 -8
leaf_value=-0.0004197280847504377 0.00098794048312849801 0.0014677765376964658 -0.00020020517729761654 -0.00030290240515857604 0.0001913284376385769 -0.0002001879140668605 0.00058944841009421034
leaf_weight=169 30 25 52 115 242 68 33
leaf_count=169 30 25 52 115 242 68 33
internal_value=-0.000367849 -0.000738638 0.00344156 -0.00125199 -0.00060547 0.000539357 0.00154545
internal_weight=734 704 77 627 512 343 275
internal_count=734 704 77 627 512 343 275
is_linear=0
shrinkage=0.05


Tree=2
num_leaves=8
num_cat=0
split_feature=6 16 5 9 9 1 2
split_gain=1.04569 1.02904 0.417308 0.605908 1.305 0.98 0.644415
threshold=-0.42919172290459545 -0.035329766223297858 0.020063514165295563 0.098903060681631697 1.0000000180025095e-35 0.0072100329582091014 0.04566825024975741
decision_type=2 2 2 8 10 2 2
left_child=-1 -2 3 4 -3 -6 -5
right_child=1 2 -4 6 5 -7 -8
leaf_value=-0.00028033096259421356 0.00060417640879695624 -3.8703332664018977e-05 -0.0005631893694944722 -0.00031426037447322296 0.00027155527527861738 0.0019214026201855292 0.00018335138285237846
leaf_weight=289 40 91 49 116 25 25 114
leaf_count=289 40 91 49 116 25 25 114
internal_value=-0.00039386 0.00108696 0.000357142 0.000929918 0.00351064 0.01 -0.000652175
internal_weight=749 460 420 371 141 50 230
internal_count=749 460 420 371 141 50 230
is_linear=0
shrinkage=0.05


Tree=3
num_leaves=8
num_cat=0
split_feature=9 1 14 4 13 2 6
split_gain=1.27213 0.649489 1.02897 1.03626 0.442265 0.797312 0.6
threshold=-0.21243713938000094 0.022117025060770405 0.052213768787031663 0.028496158680005605 14.715000152587892 0.081663170244470132 0.15510385409537639
decision_type=8 2 2 2 2 2 2
left_child=-1 -2 3 4 6 -6 -3
right_child=1 2 -4 -5 5 -7 -8
leaf_value=0.00094956407483426917 -0.00020254619320925768 -0.00090248529941224323 0.00098140908620106423 -0.00042671818410356874 0.00041918619934821474 0.0006011956161536291 0.00030308448082046587
leaf_weight=25 487 30 29 73 44 25 30
leaf_count=25 487 30 29 73 44 25 30
internal_value=-8.74844e-05 -0.000473539 0.00170996 0.000445543 0.00313953 0.00586956 -1.19209e-09
internal_weight=743 718 231 202 129 69 60
internal_count=743 718 231 202 129 69 60
is_linear=0
shrinkage=0.05


Tree=4
num_leaves=8
num_cat=0
split_feature=9 1 13 13 0 4 9
split_gain=0.816132 0.784641 0.439544 0.574675 0.753062 0.429914 0.583134
threshold=-0.2097833500251288 0.077355051172870351 14.244999885559084 14.870000362396242 0.0044027241335845577 0.021885752859709322 -0.12885571409774735
decision_type=8 2 2 2 2 2 10
left_child=-1 2 -2 4 -4 -5 -7
right_child=1 -3 3 5 -6 6 -8
leaf_value=0.00065565568155271324 -0.0002302001340350172 0.00075206897655404959 0.00030770260823487433 0.00044976829851200078 -6.8554977512596795e-05 -0.00032146985219149468 5.0446027129662027e-05
leaf_weight=26 166 40 25 30 26 152 281
leaf_count=26 166 40 25 30 26 152 281
internal_value=-0.000241288 -0.000555557 -0.000955884 -0.000233464 0.00480392 -0.000788338 -0.00118938
internal_weight=746 720 680 514 51 463 433
internal_count=746 720 680 514 51 463 433
is_linear=0
shrinkage=0.05


Tree=5
num_leaves=8
num_cat=0
split_feature=9 7 11 14 4 8 11
split_gain=0.805624 0.63396 0.618528 0.748192 0.497305 0.466533 0.963526
threshold=-0.20690031090670405 -0.011549046466668432 0.022371704579513211 -0.012700650003930223 0.024836999664142805 0.022486448858513256 0.0049014316460139771
decision_type=8 2 2 2 2 8 2
left_child=-1 4 5 -4 -2 6 -3
right_child=1 2 3 -5 -6 -7 -8
leaf_value=0.00086606085653231641 0.00028391985192855064 0.00059468125268905036 1.8493679259568498e-05 0.00090227301939262833 -0.00031071128084706612 -0.00014720599420879846 -0.0003523478075045259
leaf_weight=26 38 46 40 37 232 259 59
leaf_count=26 38 46 40 37 232 259 59
internal_value=-0.000183176 -0.000499298 0.000668933 0.00474026 -0.00240741 -0.000192309 0.00261905
internal_weight=737 711 441 77 270 364 105
internal_count=737 711 441 77 270 364 105
is_linear=0
shrinkage=0.05


Tree=6
num_leaves=8
num_cat=0
split_feature=9 14 14 11 9 15 9
split_gain=0.883626 0.462552 0.680285 0.943646 0.7337 0.697623 0.678462
threshold=-0.21243713938000094 -0.077913276979976895 -0.014609583018452553 0.026483501755781628 0.21587245464771923 0.0029344445929920808 -1.0000000180025095e-35
decision_type=8 2 2 2 10 2 8
left_child=-1 6 4 5 -3 -4 -2
right_child=1 2 3 -5 -6 -7 -8
leaf_value=0.00082600004418830429 -0.00054901835182177773 -0.00026936795364885944 -0.00025645523533985741 0.00073810671883966453 0.00018829336842458535 0.00024295630176560153 0.00065245871356244391
leaf_weight=25 25 212 296 34 25 89 40
leaf_count=25 25 212 296 34 25 89 40
internal_value=-0.000241288 -0.000561721 -0.000960367 0.000250595 -0.00310127 -0.000454547 0.00346154
internal_weight=746 721 656 419 237 385 65
internal_count=746 721 656 419 237 385 65
is_linear=0
shrinkage=0.05


Tree=7
num_leaves=8
num_cat=0
split_feature=9 2 14 8 1 10 15
split_gain=0.79001 0.482634 1.25267 0.782847 0.535805 0.613117 0.971237
threshold=-0.2097833500251288 0.0039266595149638492 -0.093449770795740669 0.064161513863642564 0.029891386376231014 0.0065341521499684427 0.0039331537620213028
decision_type=8 2 2 8 2 2 2
left_child=-1 2 -2 4 5 6 -3
right_child=1 3 -4 -5 -6 -7 -8
leaf_value=0.00078145781149628547 0.0011072820701069459 7.6586067074128737e-05 -0.00025885548280185367 -0.0001008556041387105 0.0007414045755908239 -0.0007934439333051774 0.00075867463865161009
leaf_weight=26 25 65 316 219 41 26 27
leaf_count=26 25 65 316 219 41 26 27
internal_value=-0.000100672 -0.000410293 -0.00177419 0.000820105 0.00349056 0.00177966 0.00369565
internal_weight=745 719 341 378 159 118 92
internal_count=745 719 341 378 159 118 92
is_linear=0
shrinkage=0.05


Tree=8
num_leaves=8
num_cat=0
split_feature=10 15 4 9 14 2 14
split_gain=0.839041 0.494722 0.740653 0.864046 0.83648 0.72 0.687196
threshold=-0.013932241848525038 -0.0066219551990831507 0.033625954667078135 0.10230808290858996 0.0080830591469587282 -0.019083510307002557 -0.062752290881895975
decision_type=2 2 2 8 2 2 2
left_child=-1 -2 3 4 6 -6 -3
right_child=1 2 -4 -5 5 -7 -8
leaf_value=0.00068913838699600951 -0.00025357554303265224 0.00061882234615715599 -0.00039798359595346656 -5.58921448097554e-05 0.00026387928166822185 0.0016812214078646894 -4.3635738188524967e-05
leaf_weight=43 155 42 79 291 25 25 104
leaf_count=43 155 42 79 291 25 25 104
internal_value=-0.000157069 -0.000561721 0.000123674 0.000852155 0.00341837 0.009 0.00150685
internal_weight=764 721 566 487 196 50 146
internal_count=764 721 566 487 196 50 146
is_linear=0
shrinkage=0.05


Tree=9
num_leaves=8
num_cat=0
split_feature=6 16 6 6 9 10 14
split_gain=0.603692 0.543167 1.27574 1.60215 0.751111 0.642499 0.613298
threshold=-0.42919172290459545 0.010410364728331791 0.15510385409537639 -0.085339024962324136 0.12558508958710393 0.0040309091899630731 0.013406221047230662
decision_type=2 2 2 2 8 2 2
left_child=-1 2 3 5 6 -2 -4
right_child=1 -3 4 -5 -6 -7 -8
leaf_value=-0.00020965968601489366 -5.5377723531459736e-05 -0.00012019896961787177 -0.00018866488778300722 0.00043920101989976192 -0.0002449324757809298 0.00023583515379472239 0.0013557079873264626
leaf_weight=293 57 181 53 38 60 25 37
leaf_count=293 57 181 53 38 60 25 37
internal_value=-0.000161292 0.000986695 0.00240741 0.00625 -0.000666668 0.00231707 0.00222222
internal_weight=744 451 270 120 150 82 90
internal_count=744 451 270 120 150 82 90
is_linear=0
shrinkage=0.05


Tree=10
num_leaves=8
num_cat=0
split_feature=10 8 9 0 10 14 10
split_gain=1.01217 0.543278 0.754884 1.28765 0.769774 1.05013 0.732507
threshold=-0.015213589282174643 -0.095909995414740865 0.051860205248941756 0.020363820285243753 0.0027133093769406984 -0.015515001009757 0.0057641825485008633
decision_type=2 10 8 2 2 2 2
left_child=-1 -2 3 6 -4 -6 -3
right_child=1 2 4 -5 5 -7 -8
leaf_value=0.00055534956171539112 -0.00028196128772805889 0.00039920608960342048 -0.00023378686510947834 0.0011594499041366767 -0.00011319295248890904 0.00021076381335163473 -0.00040089092736823927
leaf_weight=34 83 133 243 25 130 48 53
leaf_count=34 83 133 243 25 130 48 53
internal_value=-0.000193593 -0.000594407 -9.49379e-05 0.00234597 -0.00131829 0.00117977 0.000913977
internal_weight=749 715 632 211 421 178 186
internal_count=749 715 632 211 421 178 186
is_linear=0
shrinkage=0.05


Tree=11
num_leaves=8
num_cat=0
split_feature=6 2 2 9 16 4 16
split_gain=0.462554 0.5142 1.36898 0.994571 0.70471 0.555062 0.579517
threshold=-0.42919172290459545 0.091535542806050155 0.11937589948980044 0.098903060681631697 0.02969508724787218 0.026557587244024461 -0.02635965694277392
decision_type=2 2 2 8 2 2 2
left_child=-1 3 -3 4 5 -2 -7
right_child=1 2 -4 -5 -6 6 -8
leaf_value=-0.00017212178781978653 0.0013050797443719289 0.0006519616654680542 -0.00014802691584529112 -0.00022084141662788675 -0.00022366409664751155 0.00085335286470097883 -4.8001288509315813e-05
leaf_weight=300 35 36 66 170 27 31 82
leaf_count=300 35 36 66 170 27 31 82
internal_value=-0.000314593 0.000704697 0.00382353 -0.000217392 0.00242857 0.00378378 0.00207964
internal_weight=747 447 102 345 175 148 113
internal_count=747 447 102 345 175 148 113
is_linear=0
shrinkage=0.05


Tree=12
num_leaves=8
num_cat=0
split_feature=9 4 6 5 12 0 16
split_gain=0.445167 0.931202 0.624538 0.585559 0.713234 0.584661 0.738876
threshold=0.18373631450186725 0.025937133716965533 -0.6344572164322555 0.014061720154139633 0.05049188092826485 0.0070911784569968059 -0.020907377899340104
decision_type=8 2 2 2 2 2 2
left_child=1 3 -3 -1 -5 6 -4
right_child=-2 2 5 4 -6 -7 -8
leaf_value=-0.00027455920418450883 -0.00013800442296637211 -0.00032292854136405081 0.0007567898186983679 0.0011094364339409126 2.845932315837035e-05 -0.00032938050468415671 4.0954898980463965e-05
leaf_weight=26 292 93 36 42 25 83 137
leaf_count=26 292 93 36 42 25 83 137
internal_value=-0.000231609 0.00076923 -0.000415474 0.00521505 0.00768657 0.000859374 0.00251445
internal_weight=734 442 349 93 67 256 173
internal_count=734 442 349 93 67 256 173
is_linear=0
shrinkage=0.05


Tree=13
num_leaves=8
num_cat=0
split_feature=10 4 15 13 12 2 10
split_gain=0.483065 0.888103 0.904005 0.701788 0.559709 0.390044 0.362187
threshold=0.00446494553626653 0.026363376129357383 0.013616304700081018 25.505000114440922 0.033234518551448107 -0.063373156192416832 0.0059229211260980472
decision_type=2 2 2 2 2 2 2
left_child=3 2 4 -1 -2 -3 -7
right_child=1 5 -4 -5 -6 6 -8
leaf_value=-0.00012694159352047457 0.00061094249863038726 3.9539584571140906e-05 -0.00039955506659320231 0.00065023103912469017 0.0006240596338650498 0.00013408232668621055 -0.00047339043671625579
leaf_weight=484 29 34 30 25 32 25 86
leaf_count=484 29 34 30 25 32 25 86
internal_value=-0.000302015 0.0015678 0.00543956 -0.00116896 0.00893443 -0.00086207 -0.0022973
internal_weight=745 236 91 509 61 145 111
internal_count=745 236 91 509 61 145 111
is_linear=0
shrinkage=0.05


Tree=14
num_leaves=8
num_cat=0
split_feature=4 15 5 14 3 0 4
split_gain=0.353734 1.07963 1.36607 0.678325 0.546429 0.642604 0.456986
threshold=0.026446552376191042 0.0029344445929920808 0.016422917607672245 0.005094684764536229 0.0053973119177470616 0.0063624415324595738 0.027820265618744087
decision_type=2 2 2 2 2 2 2
left_child=1 -1 3 4 5 -3 -2
right_child=6 2 -4 -5 -6 -7 -8
leaf_value=-0.00012185024204393828 -0.00029589415459187738 -0.00039788579696767773 0.0012064987975158759 0.0005385282583303245 -0.00039758663007220053 0.00039828598297897086 -2.5101953160381422e-05
leaf_weight=161 81 31 25 29 34 25 333
leaf_count=161 81 31 25 29 34 25 333
internal_value=-6.25881e-05 0.00122951 0.004375 0.00214286 -1.19209e-09 0.00303571 -0.00101449
internal_weight=719 305 144 119 90 56 414
internal_count=719 305 144 119 90 56 414
is_linear=0
shrinkage=0.05


Tree=15
num_leaves=8
num_cat=0
split_feature=9 4 5 12 4 14 8
split_gain=0.482248 0.788667 0.912239 0.527573 0.620043 0.516277 0.926817
threshold=0.18373631450186725 0.027449783057037328 0.016697756386934094 0.027728994316604031 0.022745051192099901 0.0080830591469587282 0.014045124332374927
decision_type=8 2 2 2 2 2 10
left_child=1 2 -1 -2 -5 -3 -7
right_child=3 5 -4 4 -6 6 -8
leaf_value=9.2025549754236438e-05 -0.00021737842500214058 -0.00017086981243905275 0.0014729412076379155 0.00026125285183441226 -0.00015162482243520829 -2.71577898101909e-05 0.0014972713933452332
leaf_weight=110 181 188 29 54 67 84 30
leaf_count=110 181 188 29 54 67 84 30
internal_value=0.000181695 0.00123583 0.00435252 -0.00135762 0.00119835 -0.000198677 0.00245614
internal_weight=743 441 139 302 121 302 114
internal_count=743 441 139 302 121 302 114
is_linear=0
shrinkage=0.05


Tree=16
num_leaves=8
num_cat=0
split_feature=10 4 15 14 12 13 4
split_gain=0.623451 0.407767 0.577096 0.785281 1.01879 0.710323 0.712481
threshold=-0.015213589282174643 0.033625954667078135 -0.0066219551990831507 0.0037598780805861991 0.04760809957201418 14.715000152587892 0.023886643343869734
decision_type=2 2 2 2 2 2 2
left_child=-1 2 -2 5 -5 -4 -7
right_child=1 -3 3 4 -6 6 -8
leaf_value=0.00042445079207660113 -0.00026896108885990426 -0.00023795689715602685 -0.00020828700778293392 0.00010536514806156516 0.0014716091278709209 0.00033251381857687392 -5.9849443751512928e-05
leaf_weight=36 131 103 119 110 25 42 191
leaf_count=36 131 103 119 110 25 42 191
internal_value=-0.000310437 -0.000631069 -0.000145632 0.000646816 0.00388889 -0.000596592 0.00100858
internal_weight=757 721 618 487 135 352 233
internal_count=757 721 618 487 135 352 233
is_linear=0
shrinkage=0.05


Tree=17
num_leaves=8
num_cat=0
split_feature=10 15 5 9 15 4 9
split_gain=0.68204 0.836219 0.768523 0.716585 1.15395 1.11643 0.70986
threshold=-0.015213589282174643 -0.0066219551990831507 0.01295597846723918 0.10230808290858996 -0.0032718401020311867 0.023872581840187056 0.004123996220514182
decision_type=2 2 2 10 2 2 10
left_child=-1 -2 -3 4 -4 -6 -7
right_child=1 2 3 -5 5 6 -8
leaf_value=0.00045946605258705836 -0.00021055765794798971 0.00030901736743689295 0.00080354538469382336 -0.00018401115746701535 0.0003566633740565827 -0.00028527907778434498 0.00026441105191685286
leaf_weight=33 159 35 37 174 42 188 78
leaf_count=33 159 35 37 174 42 188 78
internal_value=9.38326e-05 -0.000231418 0.000685919 0.000202311 0.00152174 0.000519479 -0.000676693
internal_weight=746 713 554 519 345 308 266
internal_count=746 713 554 519 345 308 266
is_linear=0
shrinkage=0.05


Tree=18
num_leaves=8
num_cat=0
split_feature=6 9 14 4 15 10 6
split_gain=0.576282 0.67772 0.659123 1.05126 0.635055 0.698714 0.504686
threshold=-0.42919172290459545 0.18373631450186725 0.0080830591469587282 0.026521082761555678 -0.0060168413683126523 -0.012001983030752781 0.19513735790888861
decision_type=2 8 2 2 2 2 2
left_child=-1 2 3 -2 5 -4 -3
right_child=1 6 4 -5 -6 -7 -8
leaf_value=-0.00016857946384894631 0.00034074491772782226 5.0127349729634212e-05 0.00060884461205310729 -0.00012990129254722885 0.0013511603492857309 -0.00020533506800785853 -0.00026283200477348207
leaf_weight=299 34 78 25 133 43 43 98
leaf_count=299 34 78 25 133 43 43 98
internal_value=-0.000285526 0.000837003 0.0023741 0.00038922 0.00536036 0.00235294 -0.00159091
internal_weight=753 454 278 167 111 68 176
internal_count=753 454 278 167 111 68 176
is_linear=0
shrinkage=0.05


Tree=19
num_leaves=8
num_cat=0
split_feature=9 4 16 14 12 12 14
split_gain=0.424473 0.587781 0.500364 0.499651 0.455978 0.4406 0.390557
threshold=0.098903060681631697 0.024836999664142805 0.025124801998072436 -0.093449770795740669 0.029535426722854145 0.051846022032751578 0.013406221047230662
decision_type=8 2 2 2 2 2 2
left_child=1 -1 5 -3 -4 -2 -5
right_child=2 3 4 6 -6 -7 -8
leaf_value=0.00029705743908336476 -0.00014939763690801841 0.00087670875914735514 -8.2441770391117591e-05 -8.8730649807025949e-05 0.00041710983808529467 4.3247725334654739e-05 0.00043478181586224313
leaf_weight=38 300 25 41 163 35 29 108
leaf_count=38 300 25 41 163 35 29 108
internal_value=-0.00033153 0.000988023 -0.00141975 0.000236485 0.00223684 -0.00226444 -0.000387455
internal_weight=739 334 405 296 76 329 271
internal_count=739 334 405 296 76 329 271
is_linear=0
shrinkage=0.05


Tree=20
num_leaves=8
num_cat=0
split_feature=2 13 5 9 5 10 10
split_gain=0.607927 0.703788 0.519897 0.695309 0.702046 0.497662 0.621748
threshold=0.01179259444185077 25.505000114440922 0.02014577840689635 0.14989813723595716 0.017733287201899244 0.003541437167460804 0.0085213426073622606
decision_type=2 2 2 8 2 2 2
left_child=1 -1 3 -2 5 -5 -7
right_child=2 -3 -4 4 -6 6 -8
leaf_value=-0.00020760676730628941 0.00066825584068212025 0.00066241520580868397 -0.00023674115211421286 -0.00015560330403036521 0.00030624674509341116 0.00012124491032288133 -0.00015647333187438262
leaf_weight=344 104 28 60 120 28 32 35
leaf_count=344 104 28 60 120 28 32 35
internal_value=-0.000472704 -0.0019086 0.000936674 0.00173981 0.000116278 -0.000989306 0.00246269
internal_weight=751 372 379 319 215 187 67
internal_count=751 372 379 319 215 187 67
is_linear=0
shrinkage=0.05


Tree=21
num_leaves=8
num_cat=0
split_feature=10 13 14 2 8 11 0
split_gain=0.469697 0.526055 0.706938 0.586683 0.98021 0.463215 0.420168
threshold=-0.015213589282174643 19.214999198913578 -0.093449770795740669 0.0039266595149638492 -0.025222252819457832 -0.0070947628288289813 -0.010208808653201227
decision_type=2 2 2 2 10 2 2
left_child=-1 2 -2 -4 -5 -6 -7
right_child=1 -3 3 4 5 6 -8
leaf_value=0.00035833140201475827 0.00056500550229672682 -0.00021088405116392999 -0.00023545770184744106 0.00056697182638376306 0.00014188703847610863 -0.00041932377196618052 2.1046889816494723e-05
leaf_weight=35 28 145 215 27 27 48 223
leaf_count=35 28 145 215 27 27 48 223
internal_value=-0.000655081 -0.00093268 -0.00024648 -0.000648149 0.000692307 -0.000134229 -0.000756459
internal_weight=748 713 568 540 325 298 271
internal_count=748 713 568 540 325 298 271
is_linear=0
shrinkage=0.05


Tree=22
num_leaves=8
num_cat=0
split_feature=12 4 14 12 9 9 0
split_gain=0.416514 0.785872 0.622603 0.915238 0.817636 0.437839 0.481296
threshold=0.027728994316604031 0.021090329365127187 0.0080830591469587282 0.031326676992261111 0.045593669993341142 0.21587245464771923 -0.028379060737557801
decision_type=2 2 2 2 8 8 2
left_child=5 -2 3 -3 -4 6 -1
right_child=1 2 4 -5 -6 -7 -8
leaf_value=0.00069287144556481406 0.00028376666356773371 0.00044190659574063564 0.0010051416231701641 -0.00030428727958553754 -6.5353172043285379e-06 -0.00027885734607335479 -4.5852857464461157e-05
leaf_weight=28 35 25 30 150 61 139 274
leaf_count=28 35 25 30 150 61 139 274
internal_value=-0.000619947 0.000813952 -0.000112783 -0.00185714 0.00324176 -0.00159864 -0.000529803
internal_weight=742 301 266 175 91 441 302
internal_count=742 301 266 175 91 441 302
is_linear=0
shrinkage=0.05


Tree=23
num_leaves=8
num_cat=0
split_feature=1 14 4 15 13 11 1
split_gain=0.362439 1.08769 0.941793 1.56542 0.379251 0.342593 0.340202
threshold=0.018601556121122357 0.052213768787031663 0.02656939422064029 0.006698710783260787 25.19999980926514 0.013148939613643941 -0.041303495382187409
decision_type=2 2 2 2 2 2 2
left_child=4 2 3 5 6 -2 -1
right_child=1 -3 -4 -5 -6 -7 -8
leaf_value=-0.00018117366107439745 -0.00011329934411286361 0.00069571914051801262 -0.00041014317565741908 0.00056059176072156965 0.00051979654800786803 0.00023510251828603152 -1.7613277535973348e-05
leaf_weight=107 37 30 116 46 26 27 362
leaf_count=107 37 30 116 46 26 27 362
internal_value=-0.000472704 0.00105469 -0.000132745 0.00318182 -0.00126263 -0.001875 -0.00158849
internal_weight=751 256 226 110 495 64 469
internal_count=751 256 226 110 495 64 469
is_linear=0
shrinkage=0.05


end of trees

feature_importances:
dist_ma200=26
atr_pct=19
vix_chg_1d=18
spy_ret_1d=14
spy_ret_20d=10
vix_level=10
sector_ret_1d=10
ret_20d=9
dvol_z_20=9
ret_1d=8
ret_5d=7
parkinson_20=7
sector_ret_5d=6
dist_ma50=5
spy_ret_5d=5
dist_ma20=3
overnight_gap=2

parameters:
[boosting: gbdt]
[objective: quantile]
[metric: quantile]
[tree_learner: serial]
[device_type: cpu]
[data_sample_strategy: bagging]
[data: ]
[valid: ]
[num_iterations: 80]
[learning_rate: 0.05]
[num_leaves: 8]
[num_threads: 1]
[seed: 0]
[deterministic: 0]
[force_col_wise: 1]
[force_row_wise: 0]
[histogram_pool_size: -1]
[max_depth: -1]
[min_data_in_leaf: 25]
[min_sum_hessian_in_leaf: 0.001]
[bagging_fraction: 0.9]
[pos_bagging_fraction: 1]
[neg_bagging_fraction: 1]
[bagging_freq: 1]
[bagging_seed: 3]
[bagging_by_query: 0]
[feature_fraction: 0.9]
[feature_fraction_bynode: 1]
[feature_fraction_seed: 2]
[extra_trees: 0]
[extra_seed: 6]
[early_stopping_round: 0]
[early_stopping_min_delta: 0]
[first_metric_only: 0]
[max_delta_step: 0]
[lambda_l1: 0]
[lambda_l2: 0]
[linear_lambda: 0]
[min_gain_to_split: 0]
[drop_rate: 0.1]
[max_drop: 50]
[skip_drop: 0.5]
[xgboost_dart_mode: 0]
[uniform_drop: 0]
[drop_seed: 4]
[top_rate: 0.2]
[other_rate: 0.1]
[min_data_per_group: 100]
[max_cat_threshold: 32]
[cat_l2: 10]
[cat_smooth: 10]
[max_cat_to_onehot: 4]
[top_k: 20]
[monotone_constraints: ]
[monotone_constraints_method: basic]
[monotone_penalty: 0]
[feature_contri: ]
[forcedsplits_filename: ]
[refit_decay_rate: 0.9]
[cegb_tradeoff: 1]
[cegb_penalty_split: 0]
[cegb_penalty_feature_lazy: ]
[cegb_penalty_feature_coupled: ]
[path_smooth: 0]
[interaction_constraints: ]
[verbosity: -1]
[saved_feature_importance_type: 0]
[use_quantized_grad: 0]
[num_grad_quant_bins: 4]
[quant_train_renew_leaf: 0]
[stochastic_rounding: 1]
[linear_tree: 0]
[max_bin: 255]
[max_bin_by_feature: ]
[min_data_in_bin: 3]
[bin_construct_sample_cnt: 200000]
[data_random_seed: 1]
[is_enable_sparse: 1]
[enable_bundle: 1]
[use_missing: 1]
[zero_as_missing: 0]
[feature_pre_filter: 1]
[pre_partition: 0]
[two_round: 0]
[header: 0]
[label_column: ]
[weight_column: ]
[group_column: ]
[ignore_column: ]
[categorical_feature: ]
[forcedbins_filename: ]
[precise_float_parser: 0]
[parser_config_file: ]
[objective_seed: 5]
[num_class: 1]
[is_unbalance: 0]
[scale_pos_weight: 1]
[sigmoid: 1]
[boost_from_average: 1]
[reg_sqrt: 0]
[alpha: 0.9]
[fair_c: 1]
[poisson_max_delta_step: 0.7]
[tweedie_variance_power: 1.5]
[lambdarank_truncation_level: 30]
[lambdarank_norm: 1]
[label_gain: ]
[lambdarank_position_bias_regularization: 0]
[eval_at: ]
[multi_error_top_k: 1]
[auc_mu_weights: ]
[num_machines: 1]
[local_listen_port: 12400]
[time_out: 120]
[machine_list_filename: ]
[machines: ]
[gpu_platform_id: -1]
[gpu_device_id: -1]
[gpu_device_id_list: ]
[gpu_use_dp: 0]
[num_gpu: 1]

end of parameters

pandas_categorical:[]
