tree
version=v4
num_class=1
num_tree_per_iteration=1
label_index=0
max_feature_idx=16
objective=quantile
feature_names=ret_1d ret_5d ret_20d overnight_gap atr_pct parkinson_20 dvol_z_20 dist_ma20 dist_ma50 dist_ma200 spy_ret_1d spy_ret_5d spy_ret_20d vix_level vix_chg_1d sector_ret_1d sector_ret_5d
feature_infos=[-0.12137684838184226:0.091543321868470695] [-0.17346794320077008:0.12230317351164688] [-0.17511009966760038:0.22318842110966286] [-0.079645960247815117:0.07428935908530665] [0.015819753516238409:0.071221531734991239] [0.0097925359553470218:0.035318169456211447] [-2.238414273299115:3.7614612653042978] [-0.16520065043919896:0.12856508596750227] [-0.23070814009675289:0.18075849710267011] [-0.16723284415824302:0.37181236407217422] [-0.058542971330535654:0.10501930183911301] [-0.11496151859245618:0.082843162776128354] [-0.1226559005192206:0.15756591020035837] [11.859999656677246:52.330001831054688] [-0.35753873962348437:0.74039073966007019] [-0.073180917682286184:0.075364333134955164] [-0.12187676960594984:0.078003472462632839]
tree_sizes=818 855 851 851 856 856 855 861 855 860 862 854 851 863 857 853 862 857 859 862 862 866 859 860 854 855 861 857 856 859 860 841 858 854 854 852 858 868 861 867 861

Tree=0
num_leaves=8
num_cat=0
split_feature=2 6 12 8 16 5 9
split_gain=3.8104 2.49573 4.18915 3.7446 2.9601 2.10228 1.86599
threshold=-0.12176589949034371 -0.15903571599900726 0.04851916087108233 -0.067783619987238516 -0.010657176022262458 0.011817117251225034 0.1194013671096711
decision_type=2 2 2 10 2 2 8
left_child=-1 4 3 -3 5 -2 -5
right_child=1 2 -4 6 -6 -7 -8
leaf_value=0.011158735863864422 0.010319380555301905 0.010004179918905721 0.010206010355614126 0.010628628171980381 0.010261172009631992 0.010723928175866603 0.010484751150943338
leaf_weight=29 25 28 47 58 291 58 210
leaf_count=29 25 28 47 58 291 58 210
internal_value=0.0107235 0.0100048 0.0130851 0.015287 0.00717979 0.0155088 0.0171048
internal_weight=746 717 343 296 374 83 268
internal_count=746 717 343 296 374 83 268
is_linear=0
shrinkage=1


Tree=1
num_leaves=8
num_cat=0
split_feature=5 2 5 9 3 1 12
split_gain=5.26 2.3929 1.9171 1.81222 2.52051 1.54059 1.39421
threshold=0.015956761203083484 -0.12176589949034371 0.016571924725998288 0.24668506276133165 -0.0010913754773055338 0.032985484784698212 0.018300587263459293
decision_type=2 2 2 8 2 2 2
left_child=3 -2 -3 4 -1 -4 -6
right_child=1 2 5 -5 6 -7 -8
leaf_value=-0.00012286923942156133 0.00085884195752441897 0.00022466908150818203 -4.6958380844444075e-05 -0.00014040816749911756 0.00033801371755544097 0.00021788660960737617 7.0471526123582972e-06
leaf_weight=119 25 32 105 220 56 46 130
leaf_count=119 25 32 105 220 56 46 130
internal_value=-0.000238745 0.00649038 0.0045082 -0.00290476 -0.000409836 0.00215232 0.00322581
internal_weight=733 208 183 525 305 151 186
internal_count=733 208 183 525 305 151 186
is_linear=0
shrinkage=0.05


Tree=2
num_leaves=8
num_cat=0
split_feature=11 6 7 6 14 3 1
split_gain=5.05882 2.42075 1.85297 2.30247 1.77915 1.67406 4.02381
threshold=-0.022024026906729662 -1.3493457102439967 -0.0056514605226599115 1.3683671003470608 0.066707247335420675 0.0012727311786006059 -0.024860503425979393
decision_type=2 2 2 2 2 2 2
left_child=-1 -2 4 -4 5 -3 -7
right_child=1 2 3 -5 -6 6 -8
leaf_value=0.00040947690478060404 -0.0001619838185433764 0.00021543054038193076 -7.3478483973303887e-05 0.00017068978850147689 -0.0001793542066006921 -0.00021145396983774842 0.00038019881831132809
leaf_weight=68 27 71 421 41 33 28 56
leaf_count=68 27 71 421 41 33 28 56
internal_value=0.000234899 -0.0010709 -0.000461538 -0.0021645 0.0037234 0.00596774 0.00119048
internal_weight=745 677 650 462 188 155 84
internal_count=745 677 650 462 188 155 84
is_linear=0
shrinkage=0.05


Tree=3
num_leaves=8
num_cat=0
split_feature=13 8 6 6 13 9 11
split_gain=4.10583 1.86421 2.06313 1.4626 2.772 2.7111 2.93333
threshold=25.010000228881839 0.1115937872112457 0.64844731375952414 -0.59374817166618177 16.550000190734867 0.10028377680141599 -0.0043088808342565113
decision_type=2 8 2 2 2 10 2
left_child=1 3 -3 4 -1 -5 -7
right_child=-2 2 -4 5 -6 6 -8
leaf_value=-0.0001757675424119953 0.00079542601440916777 -0.00030747189392423029 0.00010430297227139824 -1.7556118858919925e-05 0.00011816340541554384 0.00026377678002609175 2.7112715448311157e-05
leaf_weight=104 39 76 33 173 92 55 165
leaf_count=104 39 76 33 173 92 55 165
internal_value=0.000237449 -0.000644699 -0.00665138 0.000466893 -0.00306122 0.00222646 0.00590909
internal_weight=737 698 109 589 196 393 220
internal_count=737 698 109 589 196 393 220
is_linear=0
shrinkage=0.05


Tree=4
num_leaves=8
num_cat=0
split_feature=5 6 2 9 13 7 16
split_gain=3.82594 2.45374 2.38392 2.4712 2.95234 2.27839 3.04897
threshold=0.015956761203083484 -0.88124396992088005 0.13365917481028658 0.096903995634138221 15.75500011444092 -0.0010594522859241338 -0.013143572993251805
decision_type=2 2 2 10 2 2 2
left_child=1 -1 3 5 -5 6 -3
right_child=-2 2 -4 4 -6 -7 -8
leaf_value=-0.0001613676443581607 0.00013740872228700033 -7.471943770506192e-05 -0.00014715130438598871 -2.3848187155372203e-05 0.00024725739238019747 -0.00021594433428872445 0.00016486633447457277
leaf_weight=79 214 44 53 138 89 81 45
leaf_count=79 214 44 53 138 89 81 45
internal_value=-3.36474e-05 -0.00231569 -0.000888889 0.000440806 0.00385463 -0.00411765 0.00140449
internal_weight=743 529 450 397 227 170 89
internal_count=743 529 450 397 227 170 89
is_linear=0
shrinkage=0.05


Tree=5
num_leaves=8
num_cat=0
split_feature=5 6 11 5 3 12 9
split_gain=3.37829 3.13493 3.02027 1.76394 2.70385 2.20149 1.89904
threshold=0.014891189582123513 -0.65972322663544813 -0.028186654574093969 0.013243364413826621 0.0053067577965174592 0.055910594976570589 0.12048307913105429
decision_type=2 2 2 2 2 2 8
left_child=1 -1 -2 5 -5 6 -3
right_child=2 3 -4 4 -6 -7 -8
leaf_value=-0.0001705866371113027 0.00068466281144434113 0.00032575436580234061 7.872924504552437e-05 -0.00015860473436483512 0.00019590442171831457 -0.00013216483323200018 1.9627095996052613e-05
leaf_weight=120 25 34 238 85 25 26 179
leaf_count=120 25 34 238 85 25 26 179
internal_value=-6.8306e-05 -0.00261194 0.00446768 -0.0002149 -0.00545455 0.00219665 0.00387324
internal_weight=732 469 263 349 110 239 213
internal_count=732 469 263 349 110 239 213
is_linear=0
shrinkage=0.05


Tree=6
num_leaves=8
num_cat=0
split_feature=7 6 9 13 7 12 7
split_gain=3.34351 2.45966 2.13275 1.56081 1.47847 1.46005 1.37563
threshold=-0.0028878705870528649 0.85433039421062651 0.24742324986665112 25.010000228881839 0.0025862737877837554 0.040667203232477307 0.068456467885236086
decision_type=2 2 8 2 2 2 2
left_child=3 2 4 -1 -2 -3 -6
right_child=1 5 -4 -5 6 -7 -8
leaf_value=9.380332842965894e-05 -0.00016754580879867534 0.00020232240573912243 -0.00016443925967356469 0.00064588695294962853 2.2701258461592899e-05 -6.6826924596643036e-05 -0.00028762740015698317
leaf_weight=231 30 55 131 28 216 28 25
leaf_count=231 30 55 131 28 216 28 25
internal_value=0.000336022 -0.0021134 -0.00373134 0.00492278 -0.00119926 0.00572289 0.000103734
internal_weight=744 485 402 259 271 83 241
internal_count=744 485 402 259 271 83 241
is_linear=0
shrinkage=0.05


Tree=7
num_leaves=8
num_cat=0
split_feature=2 3 11 9 6 5 15
split_gain=3.18619 2.02997 1.51352 1.83007 1.80203 1.73382 1.72379
threshold=-0.12176589949034371 0.0061798311050284003 -0.0049730820987286531 0.10028377680141599 -0.88124396992088005 0.011946839755441431 -0.00025821815420917765
decision_type=2 2 2 10 2 2 2
left_child=-1 2 3 -2 6 -6 -4
right_child=1 -3 4 -5 5 -7 -8
leaf_value=0.00058671007811842237 -4.4743230004653258e-05 0.00017236461043877013 -0.0002629273041665332 0.00020285252029850749 7.5627478952059775e-05 -8.7961742329758895e-05 -0.00014010054966125574
leaf_weight=28 90 142 38 63 69 262 48
leaf_count=28 90 142 38 63 69 262 48
internal_value=-0.000472973 -0.0011236 -0.00245614 0.00179739 -0.00401679 -0.00234139 -0.0104651
internal_weight=740 712 570 153 417 331 86
internal_count=740 712 570 153 417 331 86
is_linear=0
shrinkage=0.05


Tree=8
num_leaves=8
num_cat=0
split_feature=13 7 8 6 7 9 2
split_gain=3.74112 2.0533 2.15675 1.91513 1.72288 1.70514 1.48444
threshold=25.010000228881839 -0.0024373043570395376 0.14859591412867415 1.7924044881170951 0.0025862737877837554 0.24409821686082947 0.017013611212388095
decision_type=2 2 8 2 2 8 2
left_child=1 6 3 4 -3 -6 -1
right_child=-2 2 -4 -5 5 -7 -8
leaf_value=5.5280265997420053e-05 0.00061128704887988437 -0.00018396841592562327 -0.00021885121654207038 0.00017009703014602779 1.0736025783865054e-05 -0.00011780886285986041 0.00026721602230952898
leaf_weight=206 37 34 40 26 255 130 33
leaf_count=206 37 34 40 26 255 130 33
internal_value=3.28515e-05 -0.000759669 -0.00262887 -0.00162921 -0.0024463 -0.00149351 0.00303347
internal_weight=761 724 485 445 419 385 239
internal_count=761 724 485 445 419 385 239
is_linear=0
shrinkage=0.05


Tree=9
num_leaves=8
num_cat=0
split_feature=11 8 6 10 13 0 6
split_gain=3.16415 1.98118 2.38857 1.71278 1.76685 1.47353 1.77288
threshold=-0.024572919887126395 0.14859591412867415 2.2988119044883413 0.0079068184593043007 15.944999694824221 0.019569608836680356 -0.81647559211643428
decision_type=2 8 2 2 2 2 2
left_child=-1 2 3 5 -5 6 -2
right_child=1 -3 -4 4 -6 -7 -8
leaf_value=0.00045529526357301745 -0.00010034850781244758 -0.00014838564387600488 0.00022788509448995144 -4.1998329659127294e-05 0.00045741369706915597 -0.00010067227734454647 -2.8333041202236245e-06
leaf_weight=49 125 50 27 49 58 27 353
leaf_count=49 125 50 27 49 58 27 353
internal_value=-0.000542005 -0.00141509 -0.000665102 -0.00130719 0.00443925 -0.00252475 -0.00188285
internal_weight=738 689 639 612 107 505 478
internal_count=738 689 639 612 107 505 478
is_linear=0
shrinkage=0.05


Tree=10
num_leaves=8
num_cat=0
split_feature=2 9 11 3 5 14 10
split_gain=2.83794 2.16951 2.02892 1.64676 1.80439 2.63471 1.9505
threshold=-0.12176589949034371 0.24742324986665112 -0.024572919887126395 0.0048058383139134584 0.012521049860283828 0.013234785210327617 0.0028223419671780108
decision_type=2 8 2 2 2 2 2
left_child=-1 2 -2 4 5 -4 -6
right_child=1 -3 3 -5 6 -7 -8
leaf_value=0.00054278044052661646 0.00037025352646402778 -6.8739273303086888e-05 0.00016600949503220504 0.0001813430810724862 -9.5762854072185474e-06 -0.00012827800389801134 -0.00016047307591871425
leaf_weight=30 31 257 60 107 153 35 75
leaf_count=30 31 257 60 107 153 35 75
internal_value=-6.68449e-05 -0.000696379 0.00135575 0.000465116 -0.00131579 0.00447368 -0.00372807
internal_weight=748 718 461 430 323 95 228
internal_count=748 718 461 430 323 95 228
is_linear=0
shrinkage=0.05


Tree=11
num_leaves=8
num_cat=0
split_feature=11 5 6 2 9 9 9
split_gain=3.67226 1.84377 2.34677 1.60228 1.4746 1.22606 1.18304
threshold=-0.022024026906729662 0.015956761203083484 -0.88124396992088005 0.13365917481028658 0.24462879701504583 0.10519255038440857 0.049789496408422791
decision_type=2 2 2 2 8 10 8
left_child=-1 2 5 4 -4 -2 -3
right_child=1 6 3 -5 -6 -7 -8
leaf_value=0.00035174085014082635 -8.7307428625889484e-05 0.00041723869921688633 2.7777316323186579e-05 -0.00010146411069506534 -7.0267056411149742e-05 -0.00017551081582167628 2.8034438500214658e-05
leaf_weight=65 33 28 223 57 146 42 152
leaf_count=65 33 28 223 57 146 42 152
internal_value=-0.000201072 -0.00128488 -0.00284431 -0.00140845 -0.000203252 -0.011 0.00305556
internal_weight=746 681 501 426 369 75 180
internal_count=746 681 501 426 369 75 180
is_linear=0
shrinkage=0.05


Tree=12
num_leaves=8
num_cat=0
split_feature=2 6 15 9 9 11 8
split_gain=4.68588 1.92468 2.57095 2.10918 1.71877 1.7119 3.07305
threshold=-0.12176589949034371 0.5457229240662439 0.0055213158157567674 0.15931795973546428 0.20307955415027026 -0.0037732110910037582 -0.024716286254681582
decision_type=2 2 2 10 8 2 8
left_child=-1 5 3 -3 -4 6 -2
right_child=1 2 4 -5 -6 -7 -8
leaf_value=0.00057929213413681312 -0.0001898336828677254 3.1426851394188684e-05 0.00027415035213467783 0.00040290171683639108 -7.3676828621629988e-05 -8.8208678201183316e-05 4.7022698966975958e-05
leaf_weight=28 51 57 27 43 32 382 106
leaf_count=28 51 57 27 43 32 382 106
internal_value=-0.000413223 -0.00121777 0.00361635 0.0085 -0.00466102 -0.00264378 0.00175159
internal_weight=726 698 159 100 59 539 157
internal_count=726 698 159 100 59 539 157
is_linear=0
shrinkage=0.05


Tree=13
num_leaves=8
num_cat=0
split_feature=2 7 8 6 16 6 1
split_gain=3.28349 1.48046 1.40899 1.70393 1.58682 1.46232 1.35412
threshold=-0.12176589949034371 0.073971489490436207 -0.067783619987238516 -0.15903571599900726 -0.01237544810067137 -0.32877873643222233 -0.01474843788844976
decision_type=2 2 10 2 2 2 2
left_child=-1 2 -2 4 -4 6 -6
right_child=1 -3 3 -5 5 -7 -8
leaf_value=0.00052155044956946029 -0.00017411097951413516 -9.2855460854001815e-05 0.00017213937126390772 5.7873152028282629e-05 -0.0002909380924263098 -0.00023271651743517622 -2.7678011956975681e-05
leaf_weight=31 66 54 62 271 34 35 189
leaf_count=31 66 54 62 271 34 35 189
internal_value=-0.000606469 -0.00130098 -0.00064688 0.000126904 -0.00234375 -0.00406977 -0.00257848
internal_weight=742 711 657 591 320 258 223
internal_count=742 711 657 591 320 258 223
is_linear=0
shrinkage=0.05


Tree=14
num_leaves=8
num_cat=0
split_feature=5 6 3 3 7 4 2
split_gain=2.7543 2.61337 1.81275 2.50481 1.89937 1.77655 1.68163
threshold=0.014891189582123513 -0.88124396992088005 -1.0000000180025095e-35 0.0048281264861288484 0.00038459630617870838 0.036058660371392312 0.13772482071727557
decision_type=2 2 2 2 2 2 2
left_child=1 -1 5 4 -4 -2 -3
right_child=2 6 3 -5 -6 -7 -8
leaf_value=-0.00013451972857461743 0.00021547367131784245 8.6104652225254749e-06 0.00027092536580380488 0.00015428588599455457 -0.00019551491852905445 -4.3792530858248992e-05 -0.00010129496675411317
leaf_weight=72 79 355 26 85 36 29 42
leaf_count=72 79 355 26 85 36 29 42
internal_value=0.000621547 -0.00165245 0.00480392 0.00119048 -0.00645161 0.00972222 -6.29723e-05
internal_weight=724 469 255 147 62 108 397
internal_count=724 469 255 147 62 108 397
is_linear=0
shrinkage=0.05


Tree=15
num_leaves=8
num_cat=0
split_feature=13 8 3 2 1 3 1
split_gain=3.30661 1.67857 1.5663 1.92181 1.76196 1.70723 1.57386
threshold=21.555000305175785 0.14859591412867415 -0.0017055171828450619 0.12046936072872473 -0.036297283593427924 -0.0028503973925483868 -0.0039472701951532843
decision_type=2 8 2 2 2 2 2
left_child=1 2 3 5 -4 -1 -6
right_child=-2 -3 4 -5 6 -7 -8
leaf_value=-3.2210959164080594e-06 0.00034187373248316031 -0.00012366558642887713 -0.00017467739367252175 -0.00034841156360860116 8.429869679978802e-05 -0.00016437407233321939 2.4083778646288337e-06
leaf_weight=162 88 45 28 25 103 27 254
leaf_count=162 88 45 28 25 103 27 254
internal_value=0 -0.00124224 -0.000542571 -0.00397196 0.00136364 -0.00224868 0.00231092
internal_weight=732 644 599 214 385 189 357
internal_count=732 644 599 214 385 189 357
is_linear=0
shrinkage=0.05


Tree=16
num_leaves=8
num_cat=0
split_feature=2 11 8 12 6 10 10
split_gain=3.02855 1.48126 2.75568 1.2756 1.27156 1.60799 1.35273
threshold=-0.12176589949034371 -0.01413744986297699 -0.024716286254681582 -0.0062518932096157767 -0.73639479030932797 0.0038285567866845898 0.0011106724976560625
decision_type=2 2 10 2 2 2 2
left_child=-1 2 -2 -4 5 6 -3
right_child=1 4 3 -5 -6 -7 -8
leaf_value=0.00044573169803162322 -6.5990936480476211e-05 -9.4272409121694755e-05 0.00031540647353972616 3.7931540625531315e-05 -9.1261848573466309e-06 2.4288941717620813e-05 -0.00018628628502526755
leaf_weight=30 47 88 27 32 450 51 26
leaf_count=30 47 88 27 32 450 51 26
internal_value=-0.000565912 -0.00121359 0.00424528 0.0114407 -0.00215447 -0.00590909 -0.00921053
internal_weight=751 721 106 59 615 165 114
internal_count=751 721 106 59 615 165 114
is_linear=0
shrinkage=0.05


Tree=17
num_leaves=8
num_cat=0
split_feature=5 6 11 15 15 14 11
split_gain=3.15861 2.75604 2.74009 1.54287 2.469 1.83426 3.16667
threshold=0.014891189582123513 -0.88124396992088005 -0.028186654574093969 -0.0022134683160818787 -0.00524730331798584 0.08570124221832566 0.0026615433569360252
decision_type=2 2 2 2 2 2 2
left_child=1 -1 -2 4 5 6 -3
right_child=2 3 -4 -5 -6 -7 -8
leaf_value=-0.00012571970088038682 0.00044837836126552025 -0.00018057350832034418 3.6204998614676208e-05 -4.7176770144076106e-05 0.0001351147437302313 7.5716254476584192e-05 3.8667482272574782e-05
leaf_weight=75 25 32 246 255 60 26 25
leaf_count=75 25 32 246 255 60 26 25
internal_value=-0.00107527 -0.00354123 0.00322878 -0.00188442 0.00227273 -0.00331325 -0.00833333
internal_weight=744 473 271 398 143 83 57
internal_count=744 473 271 398 143 83 57
is_linear=0
shrinkage=0.05


Tree=18
num_leaves=8
num_cat=0
split_feature=13 9 16 4 8 11 0
split_gain=2.74384 1.7099 1.89432 2.0494 2.00173 1.64294 1.55265
threshold=25.19999980926514 0.24336516679983802 -0.00026623937926217861 0.019715350284721139 -0.018594890037487762 -0.013761586960897574 -0.011316234433953408
decision_type=2 8 2 2 10 2 2
left_child=1 2 4 -4 -1 -6 -7
right_child=-2 -3 3 -5 5 6 -8
leaf_value=-0.00020243184472467203 0.00051402618789845136 -4.2036625936731688e-05 4.6315586137627048e-05 -0.00010598775760909635 0.00025783394993446899 0.00023203030101008864 1.0312896545024327e-05
leaf_weight=39 39 265 66 194 35 25 87
leaf_count=39 39 265 66 194 35 25 87
internal_value=-0.000733333 -0.00144163 0.00044843 -0.00230769 0.00430108 0.00697279 0.00401786
internal_weight=750 711 446 260 186 147 112
internal_count=750 711 446 260 186 147 112
is_linear=0
shrinkage=0.05


Tree=19
num_leaves=8
num_cat=0
split_feature=2 9 11 15 16 3 12
split_gain=2.49263 1.82167 1.11215 2.46925 1.60173 1.10383 1.99885
threshold=-0.12176589949034371 0.24336516679983802 -0.0068475669097032279 -0.0017217682330600279 0.0039198454152962201 0.0058775893209302996 0.02287817606641707
decision_type=2 8 2 2 2 2 2
left_child=-1 -2 3 -3 -4 6 -6
right_child=1 2 4 -5 5 -7 -8
leaf_value=0.00043608103543847784 1.2570879509108454e-05 -0.00013858796362191638 -0.00024469483607046731 0.00032452035025798669 -0.00013043165453143431 0.00015858722119369337 8.5891514419698951e-07
leaf_weight=31 445 29 69 26 43 29 69
leaf_count=31 445 29 69 26 43 29 69
internal_value=-0.000168691 -0.000774648 -0.0040566 0.00227273 -0.00571429 -0.00265957 -0.00491071
internal_weight=741 710 265 55 210 141 112
internal_count=741 710 265 55 210 141 112
is_linear=0
shrinkage=0.05


Tree=20
num_leaves=8
num_cat=0
split_feature=9 16 5 16 2 2 5
split_gain=2.45739 2.27976 3.22646 1.64781 2.17524 1.62168 1.48827
threshold=0.24742324986665112 -0.00026623937926217861 0.011817117251225034 -0.014141671462501169 -1.0000000180025095e-35 -0.05735520575062996 0.014209063367579201
decision_type=8 2 2 2 2 2 2
left_child=1 2 -1 -2 5 -5 -4
right_child=3 -3 6 4 -6 -7 -8
leaf_value=-6.7129985294276141e-05 -0.00024742675423630479 -4.1230307790146584e-05 0.00043645413203170948 -3.7558977195607542e-05 -9.6495104672079344e-05 0.00027052773028132137 6.6349970561785249e-05
leaf_weight=34 44 281 51 27 145 37 120
leaf_count=34 44 281 51 27 145 37 120
internal_value=-0.000845737 0.00123457 0.0052439 -0.0048419 -0.00299043 0.0046875 0.00804094
internal_weight=739 486 205 253 209 64 171
internal_count=739 486 205 253 209 64 171
is_linear=0
shrinkage=0.05


Tree=21
num_leaves=8
num_cat=0
split_feature=13 3 3 11 10 6 0
split_gain=2.67479 1.55469 1.64444 1.33166 1.40584 1.39082 1.50759
threshold=25.010000228881839 0.0062368417678313479 0.0081838904970346089 -0.023324981642921735 -0.010112209824456707 -0.73639479030932797 0.019569608836680356
decision_type=2 2 2 2 2 2 2
left_child=1 3 -3 -1 -5 -6 -7
right_child=-2 2 -4 4 5 6 -8
leaf_value=0.00029780317899078614 0.00047889216444342022 0.00034090197754383517 4.8786801108811553e-06 -0.00019261633013583834 -0.00010175012180084019 5.4227114404411735e-06 -0.00010121899010034986
leaf_weight=32 37 37 100 41 143 327 29
leaf_count=32 37 37 100 41 143 327 29
internal_value=-0.000268097 -0.000952045 0.00383212 -0.0020979 -0.00268519 -0.00195391 -0.000280899
internal_weight=746 709 137 572 540 499 356
internal_count=746 709 137 572 540 499 356
is_linear=0
shrinkage=0.05


Tree=22
num_leaves=8
num_cat=0
split_feature=5 9 13 5 15 12 10
split_gain=2.90528 1.99479 1.8768 1.32967 1.26613 1.5385 1.52884
threshold=0.016004980325471995 0.24336516679983802 13.869999885559084 0.016571924725998288 0.0040921617223248505 0.040929519425786161 0.0048530643765671852
decision_type=2 8 2 2 2 2 2
left_child=1 4 -3 -2 6 -6 -1
right_child=3 2 -4 -5 5 -7 -8
leaf_value=3.7501859687736477e-06 0.00019720605394320749 4.6125365804319639e-05 -0.00010012799018264173 7.7886122156766967e-05 6.1322856821806155e-06 -0.00023286885838503095 8.1470721650058007e-05
leaf_weight=177 26 44 175 182 65 36 35
leaf_count=177 26 44 175 182 65 36 35
internal_value=-0.000202703 -0.00216165 -0.00582192 0.00480769 0.000399361 -0.00420792 0.00259434
internal_weight=740 532 219 208 313 101 212
internal_count=740 532 219 208 313 101 212
is_linear=0
shrinkage=0.05


Tree=23
num_leaves=8
num_cat=0
split_feature=13 3 6 3 12 12 9
split_gain=2.39999 2.59064 2.0214 2.00487 1.81894 2.68128 1.66795
threshold=21.555000305175785 -0.0017055171828450619 -0.81647559211643428 0.00060097492434518795 0.036954830574428173 0.024444486921004319 0.24336516679983802
decision_type=2 2 2 2 2 2 8
left_child=1 4 -3 -4 5 -1 -5
right_child=-2 2 3 6 -6 -7 -8
leaf_value=-8.3793638461783851e-05 0.00027993721730875835 -5.9723102619928597e-05 9.0368258487880202e-05 4.9703203796782003e-05 -0.00015818608683614507 0.0001932737123332037 -4.330929571610626e-05
leaf_weight=115 90 85 75 170 60 45 107
leaf_count=115 90 85 75 170 60 45 107
internal_value=-0.000435074 -0.00148402 0.000743707 0.00241477 -0.00590909 -0.003125 0.000451264
internal_weight=747 657 437 352 220 160 277
internal_count=747 657 437 352 220 160 277
is_linear=0
shrinkage=0.05


Tree=24
num_leaves=8
num_cat=0
split_feature=5 6 3 4 7 2 5
split_gain=2.52501 2.01384 1.60278 2.36109 2.62587 2.84444 1.79585
threshold=0.015956761203083484 -0.88124396992088005 0.0061798311050284003 0.020919885336628967 -0.0020799740555969 -0.019448764075289001 0.012521049860283828
decision_type=2 2 2 2 2 2 2
left_child=1 -1 3 -3 5 -5 -4
right_child=-2 2 6 4 -6 -7 -8
leaf_value=-9.9841827362395861e-05 0.00011206159615053578 1.8521503480994778e-05 -6.3144195289490529e-05 -7.4746153117743073e-05 -0.00012066873591897462 0.00012751630124697091 0.00019480689589976817
leaf_weight=79 212 170 26 40 128 32 57
leaf_count=79 212 170 26 40 128 32 57
internal_value=-0.000604839 -0.00244361 -0.00115894 -0.00256757 -0.00625 0.00138889 0.00512048
internal_weight=744 532 453 370 200 72 83
internal_count=744 532 453 370 200 72 83
is_linear=0
shrinkage=0.05


Tree=25
num_leaves=8
num_cat=0
split_feature=13 8 6 5 5 9 10
split_gain=2.34549 1.98514 1.42274 1.02412 2.24145 1.52479 1.49337
threshold=25.19999980926514 0.14593843273478771 2.0411490464167352 0.014697544530593422 0.014209063367579201 0.02988566470078036 0.0045502623367793546
decision_type=2 8 2 2 2 10 2
left_child=1 2 3 4 6 -5 -1
right_child=-2 -3 -4 5 -6 -7 -8
leaf_value=-3.8245054498164611e-05 0.00052955575688679187 -0.00015833673693501187 0.0001751034177612399 0.00018506655110477976 -0.00013922509213425767 -8.2505648135636382e-06 5.2828286976510124e-05
leaf_weight=249 34 56 32 45 44 192 98
leaf_count=249 34 56 32 45 44 192 98
internal_value=-0.00106667 -0.00167598 -0.000909091 -0.00143312 -0.00300512 0.00116034 -0.00165706
internal_weight=750 716 660 628 391 237 347
internal_count=750 716 660 628 391 237 347
is_linear=0
shrinkage=0.05


Tree=26
num_leaves=8
num_cat=0
split_feature=13 8 8 16 9 9 1
split_gain=2.91445 1.45771 1.89048 0.897129 1.24405 1.46595 1.68834
threshold=25.19999980926514 0.14859591412867415 0.12726159094821857 0.029426110317912427 0.039836088378675256 0.1300139657537113 -0.040422435085086632
decision_type=2 8 10 2 8 10 2
left_child=1 2 3 4 -1 6 -6
right_child=-2 -3 -4 -5 5 -7 -8
leaf_value=0.00025419844813743544 0.00055375184624139315 -0.00013154865852698356 0.00018974405827917569 -0.00012078450096452412 -0.00021605699864473966 5.2465479152143984e-06 -4.1732246177369478e-05
leaf_weight=47 37 52 27 57 28 293 202
leaf_count=47 37 52 27 57 28 293 202
internal_value=-0.000841184 -0.00155807 -0.000917431 -0.00147528 -0.000877193 -0.00157744 -0.00456522
internal_weight=743 706 654 627 570 523 230
internal_count=743 706 654 627 570 523 230
is_linear=0
shrinkage=0.05


Tree=27
num_leaves=8
num_cat=0
split_feature=2 6 13 13 13 3 11
split_gain=1.98902 1.41163 4.00398 1.17786 2.35829 1.39089 1.5168
threshold=-0.12176589949034371 -0.88124396992088005 17.530000686645511 17.445000648498539 16.550000190734867 -0.0090551002923472939 -0.014526458794264228
decision_type=2 2 2 2 2 2 2
left_child=-1 2 -2 4 -3 -5 -7
right_child=1 3 -4 5 -6 6 -8
leaf_value=0.00029538239792016395 -0.00011588327394529848 -5.0111097556148306e-07 0.0001722014644652676 0.00012205603799909553 0.00021214549010475597 4.6426621424178113e-05 -0.00014128541954268022
leaf_weight=31 77 306 45 37 68 57 124
leaf_count=31 77 306 45 37 68 57 124
internal_value=-0.000302013 -0.000840336 -0.0057377 0.000168919 0.00187166 -0.00275229 -0.00455801
internal_weight=745 714 122 592 374 218 181
internal_count=745 714 122 592 374 218 181
is_linear=0
shrinkage=0.05


Tree=28
num_leaves=8
num_cat=0
split_feature=13 12 12 7 15 10 6
split_gain=2.53067 1.10681 1.92547 1.84004 1.16905 1.93598 0.971048
threshold=24.630000114440922 0.040667203232477307 0.03275596351688493 0.015289966589502992 0.0020518700018064 0.0012069827106450106 -0.17584348185359763
decision_type=2 2 2 2 2 2 2
left_child=1 2 6 -4 5 -3 -1
right_child=-2 4 3 -5 -6 -7 -8
leaf_value=-3.7261120273077157e-05 0.00033368776962235114 -6.0371758864426283e-05 -4.4300767094399963e-05 0.00015284001177686657 -8.7588072711674778e-05 0.00018076546039217587 9.4569039304134246e-06
leaf_weight=255 43 51 29 44 85 27 218
leaf_count=255 43 51 29 44 85 27 218
internal_value=-0.000731383 -0.0014457 -0.0003663 0.00719178 -0.00506135 -0.000641026 -0.00153277
internal_weight=752 709 546 73 163 78 473
internal_count=752 709 546 73 163 78 473
is_linear=0
shrinkage=0.05


Tree=29
num_leaves=8
num_cat=0
split_feature=13 6 5 1 14 4 0
split_gain=2.28246 1.46907 1.15227 1.38341 1.37422 1.34314 1.70644
threshold=25.19999980926514 -1.3493457102439967 0.015956761203083484 -0.026324699756965605 0.0066946732173895915 0.020998044034349177 0.0034694869777764929
decision_type=2 2 2 2 2 2 2
left_child=1 -1 5 -4 -5 -3 -7
right_child=-2 2 3 4 -6 6 -8
leaf_value=-0.00012178016933608465 0.00034375919019677468 3.409597704182293e-06 -0.00023508604621225336 0.00016738017910733613 -1.0793999546284891e-05 -2.2527929714874931e-05 -0.00018491365834136833
leaf_weight=26 36 221 29 93 49 165 111
leaf_count=26 36 221 29 93 49 165 111
internal_value=-0.00116438 -0.00180115 -0.00134731 0.00219298 0.00422535 -0.00256539 -0.0048913
internal_weight=730 694 668 171 142 497 276
internal_count=730 694 668 171 142 497 276
is_linear=0
shrinkage=0.05


Tree=30
num_leaves=8
num_cat=0
split_feature=13 1 13 11 3 2 2
split_gain=2.22817 0.973652 1.31237 1.30377 1.55788 2.03478 2.58357
threshold=25.19999980926514 -0.036297283593427924 21.555000305175785 0.03197650803521624 -0.0013810913858204319 0.1169647648159944 0.062011514066228519
decision_type=2 2 2 2 2 2 2
left_child=1 -1 3 4 5 6 -3
right_child=-2 2 -4 -5 -6 -7 -8
leaf_value=-5.4227369516831902e-05 0.0004774227860423591 -8.8588263042325117e-05 0.00011602009087993432 0.00015128210812347378 6.0824041509889834e-06 -0.00026342797352759079 3.5078006317941157e-05
leaf_weight=79 35 134 35 34 358 27 35
leaf_count=79 35 134 35 34 358 27 35
internal_value=-0.000169607 -0.000783476 -0.000120385 -0.000680272 -0.00126354 -0.00484694 -0.00281065
internal_weight=737 702 623 588 554 196 169
internal_count=737 702 623 588 554 196 169
is_linear=0
shrinkage=0.05


Tree=31
num_leaves=8
num_cat=0
split_feature=6 8 14 13 8 15 12
split_gain=1.98294 1.69743 1.63203 2 1.42023 1.82181 1.29153
threshold=0.62548058919327276 0.1115937872112457 -0.030906714022271572 16.73499965667725 0.071726785058582335 -0.0014810201510909169 -0.033690141837628411
decision_type=2 8 2 2 8 2 2
left_child=1 6 3 -2 5 -4 -1
right_child=2 -3 4 -5 -6 -7 -8
leaf_value=0.00011708813089812212 -0.00011678348501118338 -0.00017507349854748756 0.00010896893274959705 0.00024040878865673725 9.9731035360021383e-06 0.00034782953183354142 -2.4167799848837232e-05
leaf_weight=56 25 80 42 25 36 25 442
leaf_count=56 25 80 42 25 36 25 442
internal_value=-0.000649795 -0.00198962 0.00441176 -0.003 0.00800971 0.0123134 -0.000903614
internal_weight=731 578 153 50 103 67 498
internal_count=731 578 153 50 103 67 498
is_linear=0
shrinkage=0.05


Tree=32
num_leaves=8
num_cat=0
split_feature=15 13 13 7 7 15 4
split_gain=1.80217 1.35182 1.16501 1.519 2.01719 1.6654 1.60177
threshold=-0.019251049846431775 12.84500026702881 13.34500026702881 1.0000000180025095e-35 0.0035241169872370919 -0.0041190445581884552 0.025968009211740053
decision_type=2 2 2 2 2 2 2
left_child=-1 -2 -3 5 -5 -4 -7
right_child=1 2 3 4 -6 6 -8
leaf_value=0.00016217189964901096 -0.00019312877061865958 0.00010209212157756866 -3.270605815277831e-05 -0.00027012298257013021 -8.3207305618229154e-06 4.4896125556711729e-06 0.00028029307011210724
leaf_weight=25 49 46 73 30 364 86 79
leaf_count=25 49 46 73 30 364 86 79
internal_value=-0.000199468 -0.00065337 -7.37463e-05 -0.000632911 -0.00253807 0.00252101 0.00530303
internal_weight=752 727 678 632 394 238 165
internal_count=752 727 678 632 394 238 165
is_linear=0
shrinkage=0.05


Tree=33
num_leaves=8
num_cat=0
split_feature=13 9 5 3 6 13 12
split_gain=2.03044 0.928938 1.19462 1.67984 1.67307 1.18359 1.10706
threshold=25.19999980926514 0.24336516679983802 0.014798958735723672 0.0028850179261976643 -0.88124396992088005 13.744999885559084 0.057873618969341407
decision_type=2 8 2 2 2 2 2
left_child=1 6 4 -4 -3 -6 -1
right_child=-2 2 3 -5 5 -7 -8
leaf_value=7.4866087460103217e-06 0.0003650441718635719 -0.00013452965662128595 0.00016479543388623447 -8.7898775859122057e-05 8.2211687200414984e-05 -4.2331613938220803e-05 -0.0001088112645670207
leaf_weight=395 36 32 27 26 29 150 47
leaf_count=395 36 32 27 26 29 150 47
internal_value=-0.000471698 -0.00106232 -0.00340909 0.00330189 -0.00509479 -0.00321229 0.000339367
internal_weight=742 706 264 53 211 179 442
internal_count=742 706 264 53 211 179 442
is_linear=0
shrinkage=0.05


Tree=34
num_leaves=8
num_cat=0
split_feature=5 6 3 15 9 6 7
split_gain=0.843735 1.27617 1.88234 2.70865 1.77989 1.18778 1.98912
threshold=0.016041705018361916 -1.0846840902882295 0.00051714762247800927 0.0086612205076362931 0.067274364881024354 -0.88124396992088005 0.022606558983750639
decision_type=2 2 2 2 8 2 2
left_child=5 -2 4 -4 -3 6 -1
right_child=1 2 3 -5 -6 -7 -8
leaf_value=-8.4062198101807293e-05 0.00029036501817715884 -0.00024266882986512391 -0.00015040467833528603 0.00020016071087400786 0.00015655566219192272 -1.3431916267996754e-06 7.1122783087098061e-06
leaf_weight=45 25 27 63 30 63 461 33
leaf_count=45 25 27 63 30 63 461 33
internal_value=-0.000301205 0.00240385 0.000956284 -0.00403226 0.00611111 -0.00134508 -0.00705128
internal_weight=747 208 183 93 90 539 78
internal_count=747 208 183 93 90 539 78
is_linear=0
shrinkage=0.05


Tree=35
num_leaves=8
num_cat=0
split_feature=13 9 10 12 6 11 7
split_gain=1.43309 1.11692 1.17896 1.436 1.229 1.56062 1.02023
threshold=25.319999694824222 0.24336516679983802 0.0054582813073318368 0.029085927178424512 0.26403921974832245 -0.0068475669097032279 0.068456467885236086
decision_type=2 8 2 2 2 2 2
left_child=1 6 4 -4 5 -3 -1
right_child=-2 2 3 -5 -6 -7 -8
leaf_value=4.0406811773800738e-06 0.0002777126393548707 6.6669197708986444e-06 -2.447198220510258e-05 0.00016364983858369931 4.6332608012959051e-07 -0.00012312179934848409 -0.00015815518031000371
leaf_weight=400 32 35 44 32 53 107 40
leaf_count=400 32 35 44 32 53 107 40
internal_value=-0.000975774 -0.00144163 -0.00396679 0.00131579 -0.00602564 -0.0084507 0.000113636
internal_weight=743 711 271 76 195 142 440
internal_count=743 711 271 76 195 142 440
is_linear=0
shrinkage=0.05


Tree=36
num_leaves=8
num_cat=0
split_feature=12 0 0 9 12 6 4
split_gain=1.47831 1.03839 1.95926 1.64306 0.891417 1.38427 1.21587
threshold=-0.033690141837628411 -0.01058499059288198 -0.014505430450826249 0.2209901236993104 0.057354881634701156 -1.29577897618397 0.020919885336628967
decision_type=2 2 2 8 2 2 2
left_child=-1 2 3 -2 5 -3 -7
right_child=1 4 -4 -5 -6 6 -8
leaf_value=9.8685386221776398e-05 0.00015864109334385118 -6.8234918963596799e-05 8.6127022942625146e-05 -0.00013590270404949828 -0.00010490279055143885 2.7443293145024617e-05 -3.3637309004515453e-05
leaf_weight=76 48 27 45 42 60 160 295
leaf_count=76 48 27 45 42 60 160 295
internal_value=-3.32005e-05 -0.00077548 0.00314815 -0.00111111 -0.00175277 -0.00103734 -0.000384615
internal_weight=753 677 135 90 542 482 455
internal_count=753 677 135 90 542 482 455
is_linear=0
shrinkage=0.05


Tree=37
num_leaves=8
num_cat=0
split_feature=15 10 10 9 7 2 11
split_gain=1.30937 1.43351 1.76031 0.974986 1.11012 0.978485 1.43254
threshold=-0.019251049846431775 -0.011231034779129566 -0.0072745110629502388 0.20713200895628617 0.068456467885236086 0.053348899812999291 0.013766763160974362
decision_type=2 2 2 8 2 2 2
left_child=-1 -2 -3 4 -4 -5 -7
right_child=1 2 3 5 -6 6 -8
leaf_value=0.00015480162809396259 -0.00013228646749511227 0.00020153814191823036 1.3112475475124224e-05 -4.114303980785649e-05 -0.00019209785888988737 1.9296968529598088e-05 -8.7855991311091297e-05
leaf_weight=27 43 37 299 195 30 84 42
leaf_count=27 43 37 299 195 30 84 42
internal_value=-0.000627477 -0.0010274 -0.000473071 -0.00107692 0.000835866 -0.00303738 0.000396825
internal_weight=757 730 687 650 329 321 126
internal_count=757 730 687 650 329 321 126
is_linear=0
shrinkage=0.05


Tree=38
num_leaves=8
num_cat=0
split_feature=12 7 1 13 6 10 11
split_gain=1.87512 1.44079 1.32636 1.31374 1.70176 1.68075 1.47472
threshold=-0.033690141837628411 0.073971489490436207 -0.040885924851955295 21.555000305175785 -0.88124396992088005 0.0038285567866845898 0.025024646146281086
decision_type=2 2 2 2 2 2 2
left_child=2 3 -1 4 5 -2 -6
right_child=1 -3 -4 -5 6 -7 -8
leaf_value=-2.8480466733394034e-05 -8.4068044546522174e-05 -0.00010658919803192696 0.00018149737621302403 0.00024295817815919458 -3.2226657082775996e-06 6.7598953571369625e-05 0.00016394459468009883
leaf_weight=26 74 53 50 44 431 28 34
leaf_count=26 74 53 50 44 431 28 34
internal_value=-0.000202703 -0.00105422 0.00723684 -0.000368249 -0.00101411 -0.00686275 0.000268817
internal_weight=740 664 76 611 567 102 465
internal_count=740 664 76 611 567 102 465
is_linear=0
shrinkage=0.05


Tree=39
num_leaves=8
num_cat=0
split_feature=11 3 9 3 6 13 0
split_gain=1.33288 1.30357 1.78628 2.05739 1.61069 2.06734 2.45583
threshold=-0.023324981642921735 -0.0012731781207097057 0.07147035086238486 -1.0000000180025095e-35 -0.84157948371178215 17.445000648498539 0.019898129739677643
decision_type=2 2 8 2 2 2 2
left_child=-1 -2 -3 -4 -5 6 -6
right_child=1 2 3 4 5 -7 -8
leaf_value=0.00012714211968928061 -4.4036252312226271e-05 0.00018006100380693474 0.00018359446937336131 -9.4738962518228694e-05 5.7423414769340776e-05 -9.0062403139894425e-05 -0.00016752164911828715
leaf_weight=56 258 59 38 60 161 71 33
leaf_count=56 258 59 38 60 161 71 33
internal_value=-0.000271739 -0.000882353 0.000829384 -0.000482094 -0.00176923 -9.43396e-05 0.00257732
internal_weight=736 680 422 363 325 265 194
internal_count=736 680 422 363 325 265 194
is_linear=0
shrinkage=0.05


Tree=40
num_leaves=8
num_cat=0
split_feature=11 6 1 2 7 1 1
split_gain=1.13029 0.781063 0.963714 1.80758 1.71421 1.69574 1.61528
threshold=-0.024572919887126395 2.447877782091878 -0.0023954023729251257 0.054109245722041573 0.06570103270064033 -0.0056049392293188163 0.013626761051400928
decision_type=2 2 2 2 2 2 2
left_child=-1 2 5 -4 6 -2 -5
right_child=1 -3 3 4 -6 -7 -8
leaf_value=0.00011317782145150498 -3.5337634621176662e-06 0.00015298108509130895 -6.263637642326524e-05 -9.9372103646605712e-05 -5.4851080249677252e-05 0.00033898637831154647 6.5060099400186857e-05
leaf_weight=49 215 30 227 39 68 28 87
leaf_count=49 215 30 227 39 68 28 87
internal_value=-0.000706595 -0.00122478 -0.00158133 -0.0030285 0.000515464 0.000925926 0.00396825
internal_weight=743 694 664 421 194 243 126
internal_count=743 694 664 421 194 243 126
is_linear=0
shrinkage=0.05


end of trees

feature_importances:
dvol_z_20=35
dist_ma200=28
vix_level=28
parkinson_20=22
ret_20d=21
overnight_gap=21
spy_ret_5d=21
dist_ma20=18
spy_ret_20d=17
dist_ma50=14
ret_5d=12
spy_ret_1d=12
sector_ret_1d=12
sector_ret_5d=8
ret_1d=7
atr_pct=6
vix_chg_1d=5

parameters:
[boosting: gbdt]
[objective: quantile]
[metric: quantile]
[tree_learner: serial]
[device_type: cpu]
[data_sample_strategy: bagging]
[data: ]
[valid: ]
[num_iterations: 80]
[learning_rate: 0.05]
[num_leaves: 8]
[num_threads: 1]
[seed: 0]
[deterministic: 0]
[force_col_wise: 1]
[force_row_wise: 0]
[histogram_pool_size: -1]
[max_depth: -1]
[min_data_in_leaf: 25]
[min_sum_hessian_in_leaf: 0.001]
[bagging_fraction: 0.9]
[pos_bagging_fraction: 1]
[neg_bagging_fraction: 1]
[bagging_freq: 1]
[bagging_seed: 3]
[bagging_by_query: 0]
[feature_fraction: 0.9]
[feature_fraction_bynode: 1]
[feature_fraction_seed: 2]
[extra_trees: 0]
[extra_seed: 6]
[early_stopping_round: 0]
[early_stopping_min_delta: 0]
[first_metric_only: 0]
[max_delta_step: 0]
[lambda_l1: 0]
[lambda_l2: 0]
[linear_lambda: 0]
[min_gain_to_split: 0]
[drop_rate: 0.1]
[max_drop: 50]
[skip_drop: 0.5]
[xgboost_dart_mode: 0]
[uniform_drop: 0]
[drop_seed: 4]
[top_rate: 0.2]
[other_rate: 0.1]
[min_data_per_group: 100]
[max_cat_threshold: 32]
[cat_l2: 10]
[cat_smooth: 10]
[max_cat_to_onehot: 4]
[top_k: 20]
[monotone_constraints: ]
[monotone_constraints_method: basic]
[monotone_penalty: 0]
[feature_contri: ]
[forcedsplits_filename: ]
[refit_decay_rate: 0.9]
[cegb_tradeoff: 1]
[cegb_penalty_split: 0]
[cegb_penalty_feature_lazy: ]
[cegb_penalty_feature_coupled: ]
[path_smooth: 0]
[interaction_constraints: ]
[verbosity: -1]
[saved_feature_importance_type: 0]
[use_quantized_grad: 0]
[num_grad_quant_bins: 4]
[quant_train_renew_leaf: 0]
[stochastic_rounding: 1]
[linear_tree: 0]
[max_bin: 255]
[max_bin_by_feature: ]
[min_data_in_bin: 3]
[bin_construct_sample_cnt: 200000]
[data_random_seed: 1]
[is_enable_sparse: 1]
[enable_bundle: 1]
[use_missing: 1]
[zero_as_missing: 0]
[feature_pre_filter: 1]
[pre_partition: 0]
[two_round: 0]
[header: 0]
[label_column: ]
[weight_column: ]
[group_column: ]
[ignore_column: ]
[categorical_feature: ]
[forcedbins_filename: ]
[precise_float_parser: 0]
[parser_config_file: ]
[objective_seed: 5]
[num_class: 1]
[is_unbalance: 0]
[scale_pos_weight: 1]
[sigmoid: 1]
[boost_from_average: 1]
[reg_sqrt: 0]
[alpha: 0.5]
[fair_c: 1]
[poisson_max_delta_step: 0.7]
[tweedie_variance_power: 1.5]
[lambdarank_truncation_level: 30]
[lambdarank_norm: 1]
[label_gain: ]
[lambdarank_position_bias_regularization: 0]
[eval_at: ]
[multi_error_top_k: 1]
[auc_mu_weights: ]
[num_machines: 1]
[local_listen_port: 12400]
[time_out: 120]
[machine_list_filename: ]
[machines: ]
[gpu_platform_id: -1]
[gpu_device_id: -1]
[gpu_device_id_list: ]
[gpu_use_dp: 0]
[num_gpu: 1]

end of parameters

pandas_categorical:[]
