tree
version=v4
num_class=1
num_tree_per_iteration=1
label_index=0
max_feature_idx=16
objective=quantile
feature_names=ret_1d ret_5d ret_20d overnight_gap atr_pct parkinson_20 dvol_z_20 dist_ma20 dist_ma50 dist_ma200 spy_ret_1d spy_ret_5d spy_ret_20d vix_level vix_chg_1d sector_ret_1d sector_ret_5d
feature_infos=[-0.10406096776735851:0.084758391040084424] [-0.12690354838478557:0.16652173581330665] [-0.16599389802401754:0.2218884225571407] [-0.054804771693800047:0.07332403722846248] [0.011293217487723932:0.040797558120793942] [0.0078562315901070379:0.023660690202201407] [-2.3663069487258381:4.2441472682971959] [-0.12737827532042623:0.12989915342050606] [-0.15978971762664562:0.15761208296430285] [-0.14618842265728849:0.3024020344598024] [-0.058542971330535654:0.10501930183911301] [-0.11496151859245618:0.082843162776128354] [-0.1226559005192206:0.15756591020035837] [11.859999656677246:52.330001831054688] [-0.35753873962348437:0.74039073966007019] [-0.057278671698730466:0.088354822396671695] [-0.10755366959955526:0.081588045068032633]
tree_sizes=838 864 864 849 863 863 860 856 859 861 854 864 871 859 864 856 857 855 850 842 860 865 860 857 859 852 864 857 861 859 856 861 870 844 863 858 866 865 870 846 858 866 855

Tree=0
num_leaves=8
num_cat=0
split_feature=16 4 3 6 3 13 4
split_gain=4.22211 3.90866 1.73304 1.64516 1.69935 1.71906 1.69059
threshold=-0.016544612108094433 0.016764538523749619 0.0019248439507076889 -0.40117634014674297 -1.0000000180025095e-35 17.394999504089359 0.02638089071478909
decision_type=2 2 2 2 2 2 2
left_child=2 -2 -1 4 5 -3 -5
right_child=1 3 -4 6 -6 -7 -8
leaf_value=0.0082137184683233506 0.0078779262956231826 0.0077550751972012225 0.0079668975784443312 0.0081081239972263571 0.0080424748128280037 0.0080415351316332814 0.0078546458389610052
leaf_weight=94 191 47 34 224 102 31 27
leaf_count=94 191 47 34 224 102 31 27
internal_value=0.00793331 0.00623149 0.0162031 0.00887004 0.0052222 -0.000333358 0.011486
internal_weight=750 622 128 431 180 78 251
internal_count=750 622 128 431 180 78 251
is_linear=0
shrinkage=1


Tree=1
num_leaves=8
num_cat=0
split_feature=16 3 16 0 5 7 16
split_gain=4.26269 2.5046 2.01506 2.0088 1.76372 2.23566 1.66914
threshold=-0.015065825364528716 0.00061225156630329025 0.0013600719879657277 -0.021947901894433405 0.011210327673607667 0.0084457333530857399 0.009416661906777259
decision_type=2 2 2 2 2 2 2
left_child=-1 3 -3 -2 5 -4 -5
right_child=1 2 4 6 -6 -7 -8
leaf_value=0.00017352338909404352 0.00026337790302932267 -8.3595069590955938e-05 8.0625906120985775e-05 -3.8201441057026353e-05 0.00014297034533228728 -9.1913177166134084e-05 -0.00013463694689562546
leaf_weight=130 25 69 45 180 98 43 144
leaf_count=130 25 69 45 180 98 43 144
internal_value=-0.00013624 -0.00190397 0.00186275 -0.00465616 0.00456989 -0.000568182 -0.00570988
internal_weight=734 604 255 349 186 88 324
internal_count=734 604 255 349 186 88 324
is_linear=0
shrinkage=0.05


Tree=2
num_leaves=8
num_cat=0
split_feature=12 6 4 7 14 0 8
split_gain=3.80413 2.19046 2.00675 1.79881 1.66092 1.36249 1.92477
threshold=-0.026522895581630176 0.62239200352949031 0.017360845813633952 0.0076078922685725034 -0.047825209867674183 -0.0018515719814163332 0.019317891132144775
decision_type=2 2 2 2 2 2 8
left_child=3 2 4 -1 -2 6 -4
right_child=1 -3 5 -5 -6 -7 -8
leaf_value=0.00022416410366713535 -0.00026822440396063031 7.7840668600401809e-05 0.00013186658533959416 -2.978669895674106e-05 -0.0001233438927447423 -5.0528199149994186e-05 -7.5901847056229592e-05
leaf_weight=67 27 147 86 37 147 183 55
leaf_count=67 27 147 86 37 147 183 55
internal_value=-0.000700935 -0.00213178 -0.00371486 0.00817308 -0.00804598 -0.00138889 0.00230496
internal_weight=749 645 498 104 174 324 141
internal_count=749 645 498 104 174 324 141
is_linear=0
shrinkage=0.05


Tree=3
num_leaves=8
num_cat=0
split_feature=4 6 11 0 7 0 9
split_gain=3.67985 3.02549 2.15924 1.82425 2.20123 2.19385 1.46967
threshold=0.020131798275221238 1.3398296919214505 0.028626427066600128 0.010498306835273865 -0.020661213219710702 -0.0090766170188701905 0.04041202924777277
decision_type=2 2 2 2 2 2 10
left_child=1 -1 3 4 5 -2 -6
right_child=2 -3 -4 -5 6 -7 -8
leaf_value=-7.0331309043103826e-05 0.00047226190420988142 0.00027536915504533684 -7.4387926422059541e-05 0.00020178262671543052 -0.00017007280701618576 6.3703467002051203e-05 0.00013097794885452466
leaf_weight=387 29 50 38 71 45 31 92
leaf_count=387 29 50 38 71 45 31 92
internal_value=0.000370121 -0.00257437 0.00457516 0.00615672 0.0036802 0.0116667 0.000182482
internal_weight=743 437 306 268 197 60 137
internal_count=743 437 306 268 197 60 137
is_linear=0
shrinkage=0.05


Tree=4
num_leaves=8
num_cat=0
split_feature=16 16 12 1 8 7 3
split_gain=3.40926 2.41884 2.28636 1.83021 2.34729 1.82699 1.83901
threshold=-0.015429546942161863 -0.011908202180768988 -0.038043904409190692 0.0086000242017821877 -0.0076601421663365912 0.057986378285953995 0.0037048341714409632
decision_type=2 2 2 2 8 2 2
left_child=2 -2 -1 4 -4 6 -3
right_child=1 5 3 -5 -6 -7 -8
leaf_value=0.00023648989569932837 -0.00017399030549669988 -4.7204594171053068e-05 9.6147616244293211e-05 0.00018570257056142966 -0.00013660011619345369 0.00019263680183328688 8.2035861349395424e-05
leaf_weight=32 28 451 38 36 28 29 104
leaf_count=32 28 451 38 36 28 29 104
internal_value=-0.000134048 -0.00171569 0.00708955 0.00343137 -0.00151515 -0.0010274 -0.00166667
internal_weight=746 612 134 102 66 584 555
internal_count=746 612 134 102 66 584 555
is_linear=0
shrinkage=0.05


Tree=5
num_leaves=8
num_cat=0
split_feature=16 4 15 10 6 10 11
split_gain=3.34694 2.22887 2.06452 1.91628 1.69362 1.69301 1.68522
threshold=-0.016544612108094433 0.016764538523749619 0.0087419166353370787 0.0055838034920830957 0.2802754649555354 0.0027133093769406984 0.013034509173491029
decision_type=2 2 2 2 2 2 2
left_child=-1 2 -2 5 6 -3 -5
right_child=1 3 -4 4 -6 -7 -8
leaf_value=0.00015944280524530108 -5.6630003582853508e-05 8.3787484434069345e-06 -0.00020267785473474214 0.00010361372151206162 0.00028000130531226754 -0.00014915637579497262 -7.6190719408517947e-05
leaf_weight=124 150 243 36 41 44 50 49
leaf_count=124 150 243 36 41 44 50 49
internal_value=0.000169607 -0.00134584 -0.00591398 0.000644028 0.00559701 -0.00162116 0.00166667
internal_weight=737 613 186 427 134 293 90
internal_count=737 613 186 427 134 293 90
is_linear=0
shrinkage=0.05


Tree=6
num_leaves=8
num_cat=0
split_feature=12 8 7 13 7 4 7
split_gain=3.13199 1.75912 1.78412 2.14813 1.90914 1.69885 3.33788
threshold=-0.026522895581630176 -0.084727809759492165 0.032436538165519953 13.869999885559084 0.0102632221714849 0.017360845813633952 0.00044647822415710975
decision_type=2 8 2 2 2 2 2
left_child=-1 -2 4 -4 5 -3 -7
right_child=1 2 3 -5 -6 6 -8
leaf_value=0.00015611864736784914 0.00019990217423799104 -0.00018831437133478082 -0.00017158609907397192 0.00015372490279980146 -6.991446740045823e-05 -5.1719341202205797e-06 0.00027708613800394335
leaf_weight=111 38 83 27 82 178 188 39
leaf_count=111 38 83 27 82 178 188 39
internal_value=0.000134048 -0.00122047 -0.00188442 0.00389908 -0.00317623 -0.000806452 0.00143172
internal_weight=746 635 597 109 488 310 227
internal_count=746 635 597 109 488 310 227
is_linear=0
shrinkage=0.05


Tree=7
num_leaves=8
num_cat=0
split_feature=12 6 15 5 9 6 3
split_gain=2.69694 2.81779 1.61161 1.46538 2.0058 1.66422 1.44048
threshold=-0.026522895581630176 0.62239200352949031 -0.0074163090822818014 0.013523874377983998 0.18391544778512861 0.34975948053974643 -0.0028239715350504286
decision_type=2 2 2 2 8 2 2
left_child=-1 3 -3 5 -5 -2 -4
right_child=1 2 6 4 -6 -7 -8
leaf_value=0.00014537720618633146 -5.0253050233390989e-05 -9.5687662880788489e-05 0.00034779396289461788 0.00011979656897108862 -0.00013019097803027504 -0.00023737391751829187 8.5427830867331269e-05
leaf_weight=109 313 32 28 98 56 25 84
leaf_count=109 313 32 28 98 56 25 84
internal_value=0.000302013 -0.000943396 0.00520833 -0.0027439 0.0012987 -0.0045858 0.00803571
internal_weight=745 636 144 492 154 338 112
internal_count=745 636 144 492 154 338 112
is_linear=0
shrinkage=0.05


Tree=8
num_leaves=8
num_cat=0
split_feature=12 6 15 14 4 4 1
split_gain=2.70569 2.90511 1.99036 3.37759 2.78996 2.46472 2.26815
threshold=-0.028469935291830225 1.0251641352229812 0.00084470517482582174 -0.001242221342315941 0.018478321048878598 0.017360845813633952 0.012853059940655888
decision_type=2 2 2 2 2 2 2
left_child=-1 2 3 4 -2 6 -4
right_child=1 -3 5 -5 -6 -7 -8
leaf_value=0.0001410438546901401 -5.4687646388599384e-05 0.00016810287497863625 -0.00021575366165131022 -7.5898822666498104e-06 -0.00023924590084719081 7.3868611465208143e-05 3.6869440515875305e-05
leaf_weight=95 44 100 56 174 54 202 39
leaf_count=95 44 100 56 174 54 202 39
internal_value=0.00026178 -0.000859492 -0.00224077 -0.00533088 -0.0127551 0.000589226 -0.00605263
internal_weight=764 669 569 272 98 297 95
internal_count=764 669 569 272 98 297 95
is_linear=0
shrinkage=0.05


Tree=9
num_leaves=8
num_cat=0
split_feature=0 9 9 6 11 3 4
split_gain=2.42096 2.14664 2.47149 2.23086 1.77126 1.74774 1.53903
threshold=-0.023495050379371381 0.16423963584484705 0.11177876892679818 0.99928387863069312 -0.0080581821115131552 -0.00047241953109816709 0.018624940199426423
decision_type=2 10 8 2 2 2 2
left_child=-1 2 3 -2 -3 -4 -6
right_child=1 4 5 -5 6 -7 -8
leaf_value=0.00038840847116472022 -3.4037362996359318e-06 0.00030185850806388383 -0.00016583886607958871 0.00022196343508642247 -5.8281169714590824e-05 -2.0595752983239551e-05 6.7279263842658093e-05
leaf_weight=34 285 35 111 42 29 142 66
leaf_count=34 285 35 111 42 29 142 66
internal_value=0.000201613 -0.000422535 -0.00172414 0.00114679 0.00538462 -0.00543478 0.00184211
internal_weight=744 710 580 327 130 253 95
internal_count=744 710 580 327 130 253 95
is_linear=0
shrinkage=0.05


Tree=10
num_leaves=8
num_cat=0
split_feature=12 6 9 7 4 8 7
split_gain=3.89695 2.40255 2.07819 1.85993 1.76058 1.69168 2.71233
threshold=-0.026522895581630176 1.0251641352229812 -0.049147888474679428 0.057986378285953995 0.020772943080228107 0.062290177183752078 0.032436538165519953
decision_type=2 2 8 2 2 8 2
left_child=4 2 -2 5 -1 6 -4
right_child=1 -3 3 -5 -6 -7 -8
leaf_value=1.5365324876359751e-05 0.00011466466954161621 0.00015970110326724328 -5.0966298118905267e-05 0.0001285970728749305 0.00028227214258890517 -0.00014248941619999641 0.00012687033897842479
leaf_weight=43 66 94 374 26 60 61 25
leaf_count=43 66 94 374 26 60 61 25
internal_value=0.000433912 -0.00100619 -0.00226449 -0.00339506 0.00946602 -0.00413043 -0.00294486
internal_weight=749 646 552 486 103 460 399
internal_count=749 646 552 486 103 460 399
is_linear=0
shrinkage=0.05


Tree=11
num_leaves=8
num_cat=0
split_feature=16 9 16 7 7 4 10
split_gain=2.60678 1.88274 1.53677 1.57036 1.74456 1.51322 1.53512
threshold=-0.016544612108094433 0.27260673562468135 -0.011510421961255178 0.057986378285953995 0.016835912744836094 0.017275289023262252 -0.0016894339030639747
decision_type=2 8 2 2 2 2 2
left_child=1 -1 -2 4 5 6 -4
right_child=2 -3 3 -5 -6 -7 -8
leaf_value=0.00017683369132639608 -0.00013323606726634173 -3.1167923276570609e-05 3.1952188809742345e-05 0.00017020320595985432 -5.2092284677717796e-05 7.2141304334645646e-05 -0.00013210148937376712
leaf_weight=88 36 36 31 31 181 259 85
leaf_count=88 36 36 31 31 181 259 85
internal_value=0.00023427 0.00685484 -0.00108347 -0.000468484 -0.00107914 0.000866667 -0.00387931
internal_weight=747 124 623 587 556 375 116
internal_count=747 124 623 587 556 375 116
is_linear=0
shrinkage=0.05


Tree=12
num_leaves=8
num_cat=0
split_feature=16 16 0 3 16 8 0
split_gain=3.15378 2.5148 1.67687 1.90717 2.61775 2.07784 1.82317
threshold=-0.015065825364528716 -0.011510421961255178 -0.021947901894433405 0.00052084540070429519 1.0000000180025095e-35 -0.026011406381469922 0.0099473969592375217
decision_type=2 2 2 2 2 8 2
left_child=-1 -2 -3 4 5 -4 -5
right_child=1 2 3 6 -6 -7 -8
leaf_value=0.00012013200782749596 -0.00016126872878354436 0.00024025827646380002 -0.00016881544128064072 -8.4206374194280894e-06 -0.00010476710070774159 0.00013566769406317343 0.00010416117364507473
leaf_weight=128 27 27 25 166 225 49 87
leaf_count=128 27 27 25 166 225 49 87
internal_value=0.000681199 -0.000825083 -0.000129534 -0.000724638 -0.00342809 0.00472973 0.00247036
internal_weight=734 606 579 552 299 74 253
internal_count=734 606 579 552 299 74 253
is_linear=0
shrinkage=0.05


Tree=13
num_leaves=8
num_cat=0
split_feature=16 16 16 3 2 7 7
split_gain=2.09971 3.63355 1.78933 1.70816 1.72172 1.61184 2.20455
threshold=-0.015065825364528716 -0.011908202180768988 -0.025446436924552892 0.0024953056732993644 0.089035485472523504 0.0102632221714849 0.025092468799849169
decision_type=2 2 2 2 2 2 2
left_child=2 -2 -1 4 -3 -5 -7
right_child=1 3 -4 5 -6 6 -8
leaf_value=1.0512058819699828e-06 -0.00014508306124601578 -3.5063887433548026e-05 0.00017617649255190172 0.00018933812463789207 9.3969303596518674e-05 -8.0346474457677905e-05 8.6346810229763398e-05
leaf_weight=69 26 407 65 70 25 40 43
leaf_count=69 26 407 65 70 25 40 43
internal_value=0.000302013 -0.00094108 0.00597015 -0.000128205 -0.00173611 0.00441176 -0.000301205
internal_weight=745 611 134 585 432 153 83
internal_count=745 611 134 585 432 153 83
is_linear=0
shrinkage=0.05


Tree=14
num_leaves=8
num_cat=0
split_feature=0 12 4 15 15 15 5
split_gain=2.34994 1.95184 1.97712 1.47912 2.3963 2.12727 1.67633
threshold=-0.021947901894433405 -0.026522895581630176 0.022199144838199233 0.0012991543310375555 0.0024158284252620015 -0.014073883796283769 0.011350638056092726
decision_type=2 2 2 2 2 2 2
left_child=-1 2 -2 5 -5 -3 -6
right_child=1 3 -4 4 6 -7 -8
leaf_value=0.00031634568256118953 -5.5848389025383794e-06 0.00018443919565839609 0.00020259801017933734 0.00010429802106643001 -7.1922617638527474e-05 -8.9633145208563476e-05 7.3072822751200835e-05
leaf_weight=31 51 26 45 29 136 260 141
leaf_count=31 51 26 45 29 136 260 141
internal_value=0.000243394 -0.000363372 0.00625 -0.00143581 0.000980392 -0.00402098 -0.000451264
internal_weight=719 688 96 592 306 286 277
internal_count=719 688 96 592 306 286 277
is_linear=0
shrinkage=0.05


Tree=15
num_leaves=8
num_cat=0
split_feature=16 16 5 5 16 7 8
split_gain=1.88029 2.65932 1.5897 2.24127 1.85494 1.53753 1.8105
threshold=-0.015065825364528716 -0.011908202180768988 0.015606646816336436 0.010537075542790071 -0.023784592445767912 0.057986378285953995 0.060124808900755451
decision_type=2 2 2 2 2 2 8
left_child=2 -2 3 -1 -5 6 -3
right_child=1 5 -4 4 -6 -7 -8
leaf_value=0.00016203910716562449 -0.00012522501982493547 3.8591498724708382e-06 0.0001691519830927425 -0.00011127848381949548 0.00010903498559894595 0.00011599884507549016 -0.0001297411922307872
leaf_weight=29 25 475 28 47 34 26 79
leaf_count=29 25 475 28 47 34 26 79
internal_value=0.000168237 -0.00103306 0.00543478 0.00272727 -0.00154321 -0.000344828 -0.000902527
internal_weight=743 605 138 110 81 580 554
internal_count=743 605 138 110 81 580 554
is_linear=0
shrinkage=0.05


Tree=16
num_leaves=8
num_cat=0
split_feature=6 3 0 1 13 2 2
split_gain=2.14003 1.77739 1.76535 1.98882 1.64894 2.11982 2.29588
threshold=0.66753498304322278 0.00036049870810506151 -0.0074726031386205807 0.021697024461806772 13.234999656677248 0.068572710187978739 0.042225931764091625
decision_type=2 2 2 2 2 2 2
left_child=1 4 -3 -4 -1 6 -6
right_child=-2 2 3 -5 5 -7 -8
leaf_value=-0.00021847503028559718 0.00011933190971225418 0.0001452056117685549 -2.8503225676785976e-05 9.3317489457986607e-05 -4.3627624419626412e-05 0.00013492620349849684 -0.00036098743767618686
leaf_weight=39 159 35 176 59 219 39 31
leaf_count=39 159 35 176 59 219 39 31
internal_value=3.30251e-05 -0.00133779 0.00166667 0.000106383 -0.00381098 -0.00250865 -0.0042
internal_weight=757 598 270 235 328 289 250
internal_count=757 598 270 235 328 289 250
is_linear=0
shrinkage=0.05


Tree=17
num_leaves=8
num_cat=0
split_feature=12 7 6 3 1 3 9
split_gain=1.97813 2.42328 1.4042 3.02454 1.61563 2.87082 1.8623
threshold=-0.026522895581630176 0.0042774670524722289 0.24381877761858087 -0.0011419053406433453 0.024160301446775948 -0.002050909632711539 0.13883977541096429
decision_type=2 2 2 2 2 2 8
left_child=1 -1 3 -2 5 -4 -7
right_child=2 -3 4 -5 -6 6 -8
leaf_value=0.00015438172630045108 -0.00010261774995620717 -2.0609010718125557e-05 0.00015625439071721369 7.6897595598557269e-06 0.00013201916174691915 -3.5225041150237572e-07 -0.00016617586571622404
leaf_weight=59 178 46 50 263 63 55 32
leaf_count=59 178 46 50 263 63 55 32
internal_value=6.70241e-05 0.00642857 -0.000975039 -0.00255102 0.0025 -0.000547445 -0.00603448
internal_weight=746 105 641 441 200 137 87
internal_count=746 105 641 441 200 137 87
is_linear=0
shrinkage=0.05


Tree=18
num_leaves=8
num_cat=0
split_feature=12 6 2 0 9 8 2
split_gain=2.36936 1.97824 1.48601 1.49481 1.43935 2.25905 1.5476
threshold=-0.026522895581630176 0.99928387863069312 0.014716241986116986 -0.0054557432930608654 -0.045705879091926797 -0.046123095623077752 0.10020296307239997
decision_type=2 2 2 2 8 10 2
left_child=2 4 3 -1 5 -2 -6
right_child=1 -3 -4 -5 6 -7 -8
leaf_value=0.0001698858859297315 0.0002480508632924424 0.00012052143415485968 -7.4633883272437135e-07 0.00014025147000670804 -5.7613470697595422e-05 -2.5462818517939203e-05 9.9123599185339209e-05
leaf_weight=25 32 90 43 41 451 42 29
leaf_count=25 32 90 43 41 451 42 29
internal_value=-0.000166003 -0.00131988 0.00665138 0.0113636 -0.00243682 0.00405405 -0.0034375
internal_weight=753 644 109 66 554 74 480
internal_count=753 644 109 66 554 74 480
is_linear=0
shrinkage=0.05


Tree=19
num_leaves=8
num_cat=0
split_feature=11 9 2 13 12 13 13
split_gain=2.32616 1.49195 1.35243 1.1301 2.81836 1.65082 1.00752
threshold=-0.0030472958153792136 0.14135961736174754 0.042660590234494651 17.605000495910648 0.016494776846734397 19.72500038146973 19.105000495910648
decision_type=2 10 2 2 2 2 2
left_child=1 3 -3 4 -1 -5 -2
right_child=6 2 -4 5 -6 -7 -8
leaf_value=-0.00022039458942754329 -1.6502615084185678e-05 0.0001281531549138272 1.8797311687892337e-05 0.0001122020165429373 0.00010949626104082778 1.9461617369866733e-06 -0.00011958207018699453
leaf_weight=44 443 36 31 32 28 60 65
leaf_count=44 443 36 31 32 28 60 65
internal_value=-0.000372124 0.00378788 0.0100746 0.00121951 -0.00347222 0.0048913 -0.00226378
internal_weight=739 231 67 164 72 92 508
internal_count=739 231 67 164 72 92 508
is_linear=0
shrinkage=0.05


Tree=20
num_leaves=8
num_cat=0
split_feature=12 7 7 7 15 14 14
split_gain=2.19909 2.14407 1.52296 2.18382 2.31878 1.74251 1.50628
threshold=-0.026522895581630176 0.0042774670524722289 0.032436538165519953 0.015785653955781135 0.0013919840305992583 -0.013287751267225366 0.014555585659076444
decision_type=2 2 2 2 2 2 2
left_child=1 -1 3 -2 -5 -6 -4
right_child=2 -3 6 4 5 -7 -8
leaf_value=0.00014261803458634056 -4.5454376805144921e-06 -1.963855132743231e-05 -3.2711219394264416e-07 -0.0001375595167782219 -5.5424541021544937e-05 1.7857446103497704e-05 0.00014721118382763937
leaf_weight=63 402 40 75 67 32 31 41
leaf_count=63 402 40 75 67 32 31 41
internal_value=-0.000233023 0.0065534 -0.00131173 -0.00244361 -0.00807692 -0.00119048 0.00387931
internal_weight=751 103 648 532 130 63 116
internal_count=751 103 648 532 130 63 116
is_linear=0
shrinkage=0.05


Tree=21
num_leaves=8
num_cat=0
split_feature=16 16 15 15 16 3 13
split_gain=2.7777 1.94558 1.43905 1.60588 1.54255 1.26515 1.32522
threshold=-0.015065825364528716 -0.011510421961255178 0.017287066086405293 0.00065421821006461666 -0.0040138510755124415 0.0012835709767634598 21.724999427795414
decision_type=2 2 2 2 2 2 2
left_child=5 -2 3 4 -3 6 -1
right_child=1 2 -4 -5 -6 -7 -8
leaf_value=0.00013104132973411586 -9.7900296758488993e-05 6.8602911165111926e-05 -0.00023331631719349379 3.1610952545690217e-05 -7.7841184000883827e-05 3.7424432604228793e-07 0.00012227775619394669
leaf_weight=58 25 55 27 321 189 46 27
leaf_count=58 25 55 27 321 189 46 27
internal_value=6.68449e-05 -0.00133712 -0.000760135 -0.000221239 -0.00327869 0.00667939 0.0102941
internal_weight=748 617 592 565 244 131 85
internal_count=748 617 592 565 244 131 85
is_linear=0
shrinkage=0.05


Tree=22
num_leaves=8
num_cat=0
split_feature=0 9 13 11 13 1 15
split_gain=1.79445 1.27838 2.02237 1.63986 1.76077 1.41387 1.17394
threshold=-0.023495050379371381 0.20903531127675171 21.295000076293949 0.030023740679380188 12.765000343322756 -0.0015757983731827239 -0.00017854051558463532
decision_type=2 8 2 2 2 2 2
left_child=-1 3 5 4 -2 -3 -7
right_child=1 2 -4 -5 -6 6 -8
leaf_value=0.00028000190922124071 -0.00012070237950182271 -0.00015994346069818206 8.6439247778088551e-05 -7.1506516301705859e-05 2.7896697872024707e-05 -0.00020335517916924068 4.840561260298932e-05
leaf_weight=35 40 82 25 41 428 37 54
leaf_count=35 40 82 25 41 428 37 54
internal_value=-0.000336927 -0.000884017 -0.00429293 0.000442043 0.00128205 -0.00621387 -0.00192308
internal_weight=742 707 198 509 468 173 91
internal_count=742 707 198 509 468 173 91
is_linear=0
shrinkage=0.05


Tree=23
num_leaves=8
num_cat=0
split_feature=16 9 2 2 1 7 13
split_gain=1.59896 1.9187 1.75494 1.70077 1.48687 1.87844 2.84483
threshold=-0.015429546942161863 0.27260673562468135 0.10020296307239997 0.07873944443673743 -0.026789351367201005 0.010633446082028432 19.115000724792484
decision_type=2 8 2 2 2 2 2
left_child=1 -1 3 4 -2 -6 -7
right_child=2 -3 -4 -5 5 6 -8
leaf_value=0.00013541565648081955 -0.00010642681148904472 -5.3165543264896424e-05 0.00011613986342501266 -0.0001750714488013441 4.1911509945061125e-05 -1.3177628811711623e-05 -0.0001528098863379512
leaf_weight=95 75 39 26 30 265 192 29
leaf_count=95 75 39 26 30 265 192 29
internal_value=-9.98668e-05 0.00485075 -0.00117504 -0.00173435 -0.00111408 -0.000102881 -0.00350679
internal_weight=751 134 617 591 561 486 221
internal_count=751 134 617 591 561 486 221
is_linear=0
shrinkage=0.05


Tree=24
num_leaves=8
num_cat=0
split_feature=0 1 4 16 8 13 16
split_gain=1.77265 1.66744 1.73284 2.07482 1.51814 1.81508 2.12279
threshold=-0.022589060442527117 0.022609603169452267 0.019781841645233274 0.033311291431935793 0.051620361714261771 14.795000076293947 0.01317821513124662
decision_type=2 2 2 2 10 2 2
left_child=-1 2 4 -4 5 6 -2
right_child=1 -3 3 -5 -6 -7 -8
leaf_value=0.00022442557282368109 7.650231947817351e-05 6.7196872913661152e-05 6.3729992167145018e-05 -6.8458936024258659e-05 -0.00014192326113266458 -0.00011900116326926448 -4.6550758716970828e-05
leaf_weight=33 49 168 205 36 30 193 35
leaf_count=33 49 168 205 36 30 193 35
internal_value=3.33778e-05 -0.000488827 -0.00182482 0.00134855 -0.00431596 -0.00315884 0.00297619
internal_weight=749 716 548 241 307 277 84
internal_count=749 716 548 241 307 277 84
is_linear=0
shrinkage=0.05


Tree=25
num_leaves=8
num_cat=0
split_feature=6 5 9 12 15 8 13
split_gain=1.57464 2.29483 1.55909 1.46306 1.44197 1.33162 1.11846
threshold=0.66753498304322278 0.015502536421679236 0.20030366888816301 -0.016903988497052599 0.0035222624874565738 -0.083375746946564563 14.494999885559084
decision_type=2 2 8 2 2 8 2
left_child=1 5 4 -3 -2 -1 -7
right_child=2 3 -4 -5 -6 6 -8
leaf_value=0.00017446828503283834 0.00016615951952062948 0.00029564726087465636 -9.9606487869430586e-05 9.6462729122583343e-06 1.132168368606426e-06 4.3773694868365529e-06 -5.3681341349019102e-05
leaf_weight=25 67 25 44 48 43 147 358
leaf_count=25 67 25 44 48 43 147 358
internal_value=3.30251e-05 -0.0011194 0.00454545 0.00719178 0.00772727 -0.00226415 -0.00282178
internal_weight=757 603 154 73 110 530 505
internal_count=757 603 154 73 110 530 505
is_linear=0
shrinkage=0.05


Tree=26
num_leaves=8
num_cat=0
split_feature=3 3 2 11 8 1 1
split_gain=1.64723 2.21538 1.91361 1.84983 1.67092 1.62119 1.97017
threshold=-0.0046757779285712666 -0.0011591116996272353 0.068572710187978739 0.0035059532242039952 0.039835252374894832 0.021697024461806772 0.015503782379939103
decision_type=2 2 2 2 8 2 2
left_child=-1 2 3 -2 5 6 -3
right_child=1 4 -4 -5 -6 -7 -8
leaf_value=8.0556976184913143e-05 -2.6591790289738669e-05 5.1385007324648026e-05 8.845313931113686e-05 -0.0002016986766894955 -1.7453036293861644e-05 0.00011304525511784139 -0.00017537570965153512
leaf_weight=125 73 214 25 71 152 51 26
leaf_count=125 73 214 25 71 152 51 26
internal_value=0.000169607 -0.000898693 -0.00576923 -0.00798611 0.000959368 0.00317869 0.00145833
internal_weight=737 612 169 144 443 291 240
internal_count=737 612 169 144 443 291 240
is_linear=0
shrinkage=0.05


Tree=27
num_leaves=8
num_cat=0
split_feature=0 15 11 2 4 11 10
split_gain=1.59271 1.34522 2.07244 1.77752 1.58623 3.09644 2.6861
threshold=-0.023495050379371381 0.0012991543310375555 -0.010198834089706231 0.016819572435717859 0.0184483608793117 0.018027346802980907 0.002139856175938371
decision_type=2 2 2 2 2 2 2
left_child=-1 2 3 -2 5 6 -3
right_child=1 4 -4 -5 -6 -7 -8
leaf_value=0.00024860050239406561 0.00011072383602141459 9.3418944890349834e-05 -4.3470741870389917e-05 -2.953564814930929e-05 7.6609613855963075e-05 0.00011289442086213349 -0.00018477058030737681
leaf_weight=35 51 39 261 46 212 33 72
leaf_count=35 51 39 261 46 212 33 72
internal_value=0.000300401 -0.000210084 -0.0023743 0.00386598 0.00196629 -0.00208333 -0.00608108
internal_weight=749 714 358 97 356 144 111
internal_count=749 714 358 97 356 144 111
is_linear=0
shrinkage=0.05


Tree=28
num_leaves=8
num_cat=0
split_feature=0 7 7 13 2 2 1
split_gain=1.82277 1.06908 2.91424 1.87392 1.37948 1.62994 2.33026
threshold=-0.023495050379371381 0.032436538165519953 0.028266832020746539 13.934999942779543 0.041987858012209507 0.024160146700381361 -0.0088633047182417029
decision_type=2 2 2 2 2 2 2
left_child=-1 2 4 -3 5 6 -2
right_child=1 3 -4 -5 -6 -7 -8
leaf_value=0.00023617047727436235 -4.3196419636568669e-05 -0.00019333526239949237 -0.00010980570452370511 0.00010090718660653813 -5.5423223273275995e-05 8.3994895614574605e-05 5.0562958271272454e-05
leaf_weight=33 187 35 27 95 80 84 223
leaf_count=33 187 35 27 95 80 84 223
internal_value=-0.00013089 -0.000649795 -0.0015391 0.00346154 -0.000783972 0.000202429 -0.00109756
internal_weight=764 731 601 130 574 494 410
internal_count=764 731 601 130 574 494 410
is_linear=0
shrinkage=0.05


Tree=29
num_leaves=8
num_cat=0
split_feature=0 9 11 0 8 6 0
split_gain=1.38633 1.40863 1.77181 2.13547 1.70903 1.91283 1.94562
threshold=-0.023495050379371381 0.17192395909530592 0.0056452584945124737 0.0045370380413314324 0.039835252374894832 0.87809807595913736 -0.0046591963599360011
decision_type=2 10 2 2 8 2 2
left_child=-1 4 -3 -4 -2 6 -6
right_child=1 2 3 -5 5 -7 -8
leaf_value=0.00017759331223418507 1.7055520167953612e-06 0.00012040655847506045 0.00011807630956791752 -4.5496949557599121e-05 -0.0002358304429782948 0.00012338378441076916 -3.9728119137779228e-05
leaf_weight=31 420 62 27 29 36 27 100
leaf_count=31 420 62 27 29 36 27 100
internal_value=0.000136612 -0.00032097 0.00466102 -0.00178571 -0.00132933 -0.00567485 -0.00808824
internal_weight=732 701 118 56 583 163 136
internal_count=732 701 118 56 583 163 136
is_linear=0
shrinkage=0.05


Tree=30
num_leaves=8
num_cat=0
split_feature=6 12 4 8 13 13 5
split_gain=1.84622 1.78555 1.49015 1.42048 1.16667 2.20764 1.83462
threshold=2.4165692860597257 -0.026522895581630176 0.022086308455213817 -0.025664728197543726 14.614999771118166 13.795000076293947 0.0096391223364669706
decision_type=2 2 2 10 2 2 2
left_child=1 2 3 -1 5 -3 -6
right_child=-2 4 -4 -5 6 -7 -8
leaf_value=3.7670006848420597e-05 0.0003320728700292948 -3.9969239057111031e-05 0.00021958527369108152 -9.5629453289686726e-05 -0.00022692136529245887 7.7562672065757768e-05 -1.640757350651308e-05
leaf_weight=26 36 119 52 25 50 66 364
leaf_count=26 36 119 52 25 50 66 364
internal_value=6.77507e-05 -0.000498575 0.00558252 -0.000490196 -0.00154424 0.00175676 -0.00301932
internal_weight=738 702 103 51 599 185 414
internal_count=738 702 103 51 599 185 414
is_linear=0
shrinkage=0.05


Tree=31
num_leaves=8
num_cat=0
split_feature=16 3 12 16 7 12 9
split_gain=2.10234 2.27997 1.80993 1.70701 1.55781 1.486 2.01577
threshold=-0.015429546942161863 0.0024953056732993644 -0.039191714476565991 -0.029515156045845255 0.0079680467386225046 0.019647566703835165 0.18325225557267191
decision_type=2 2 2 2 2 2 8
left_child=2 5 -1 -4 -3 -2 -7
right_child=1 4 3 -5 -6 6 -8
leaf_value=9.0819923908864927e-05 3.5460988413085933e-06 0.00014832047698318913 -5.1949770726449465e-05 9.0255392192511305e-05 6.4032041425360865e-08 -2.7357855723912098e-05 -0.00020821619654772579
leaf_weight=31 191 73 38 65 86 184 70
leaf_count=31 191 73 38 65 86 184 70
internal_value=0.000677507 -0.00057947 0.00634328 0.00315534 0.00455975 -0.00241573 -0.00492126
internal_weight=738 604 134 103 159 445 254
internal_count=738 604 134 103 159 445 254
is_linear=0
shrinkage=0.05


Tree=32
num_leaves=8
num_cat=0
split_feature=9 8 8 14 15 0 4
split_gain=1.46249 2.21725 3.34494 2.27583 1.95904 1.83343 1.80032
threshold=-0.056162702881935526 -0.039622457824274308 0.00303460251162524 -0.0026760061162229838 -0.00079242141442525938 0.012849508652070575 0.023053236669166931
decision_type=8 10 10 2 2 2 2
left_child=-1 -2 -3 4 -4 -6 -5
right_child=1 2 3 6 5 -7 -8
leaf_value=8.5742622582885711e-05 -8.144606425083365e-05 9.5666400217671925e-05 -0.00021696105835059128 3.2120074114508869e-06 -3.8308341573799545e-05 8.0350598038401923e-05 0.00010101592546290211
leaf_weight=71 149 115 47 170 143 27 29
leaf_count=71 149 115 47 170 143 27 29
internal_value=0.000565912 -0.000147059 0.00136535 -0.000721154 -0.00426267 -0.00176471 0.0031407
internal_weight=751 680 531 416 217 170 199
internal_count=751 680 531 416 217 170 199
is_linear=0
shrinkage=0.05


Tree=33
num_leaves=8
num_cat=0
split_feature=13 6 10 6 9 15 15
split_gain=1.26199 1.54396 1.33704 2.41429 1.2617 1.73389 2.3783
threshold=20.865000724792484 -0.427467716541931 0.009886389915227169 -0.11078041894992056 0.13035495304727365 0.0012991543310375555 0.0072476393289424576
decision_type=2 2 2 2 8 2 2
left_child=2 -2 4 -4 -1 -6 -7
right_child=1 -3 3 -5 5 6 -8
leaf_value=3.8800419246465531e-06 8.4988737203247442e-05 3.5691498938999512e-06 -5.6026047490496557e-05 0.00015889634114186246 -0.00011412459036099518 0.00010298810493386017 -9.1319602269728986e-05
leaf_weight=324 38 63 35 35 136 69 48
leaf_count=324 38 63 35 35 136 69 48
internal_value=0 0.00519802 -0.000811437 0.00571429 -0.00160312 -0.00424901 0.000213675
internal_weight=748 101 647 70 577 253 117
internal_count=748 101 647 70 577 253 117
is_linear=0
shrinkage=0.05


Tree=34
num_leaves=8
num_cat=0
split_feature=8 1 7 8 1 9 6
split_gain=1.5649 1.69193 1.90876 3.39597 2.01788 1.67902 1.38768
threshold=-0.093533721772306164 -0.018189808252048852 0.0067873303094380119 -0.039622457824274308 0.019666346140654326 -0.028899812408649635 -0.33103612756641293
decision_type=8 2 2 10 2 8 2
left_child=-1 -2 3 5 6 -3 -4
right_child=1 2 4 -5 -6 -7 -8
leaf_value=0.00020130871677642942 -3.7316783414321872e-05 0.00013463661633039497 -6.6041056396206473e-07 8.6712964904516414e-05 2.3146893050526343e-05 -0.00011227513023772725 -0.00016495937631412816
leaf_weight=25 155 26 99 132 170 55 87
leaf_count=25 155 26 99 132 170 55 87
internal_value=0.000700935 0.000276243 0.00153779 0.00528169 -0.000702247 -0.00277778 -0.00430108
internal_weight=749 724 569 213 356 81 186
internal_count=749 724 569 213 356 81 186
is_linear=0
shrinkage=0.05


Tree=35
num_leaves=8
num_cat=0
split_feature=6 9 0 0 8 1 0
split_gain=1.91826 1.27684 1.81523 1.75207 1.46011 1.6097 2.04401
threshold=0.66753498304322278 0.17192395909530592 0.0045370380413314324 0.011620237106967026 -0.083375746946564563 -0.017995131761338209 -0.0068946628515673672
decision_type=2 10 2 2 8 2 2
left_child=1 4 -3 -4 -1 -6 -7
right_child=-2 2 3 -5 5 6 -8
leaf_value=0.00016077859175283755 8.6445869114469076e-05 0.00016686177158289515 -4.0847476439855081e-05 4.9082561658980815e-05 -6.7236158234196272e-05 4.2884316436447986e-05 -3.0003460054169128e-05
leaf_weight=28 158 47 26 25 117 83 269
leaf_count=28 158 47 26 25 117 83 269
internal_value=0.000166003 -0.00113445 0.00408163 -0.00245098 -0.00216298 -0.00282516 -0.00113636
internal_weight=753 595 98 51 497 469 352
internal_count=753 595 98 51 497 469 352
is_linear=0
shrinkage=0.05


Tree=36
num_leaves=8
num_cat=0
split_feature=0 12 10 10 7 0 6
split_gain=1.6649 1.38383 2.1077 2.20321 1.7602 1.93948 1.71204
threshold=-0.022589060442527117 0.019647566703835165 0.006255070263884722 -0.0016894339030639747 -0.0048952376176034642 -0.00036553563002567063 -0.48367314821020718
decision_type=2 2 2 2 2 2 2
left_child=-1 2 3 6 -5 -6 -2
right_child=1 -3 -4 4 5 -7 -8
leaf_value=0.00015510390054155742 9.2079504101519165e-05 -1.8508686264552414e-05 0.00012272755425847393 -0.00024418524468742457 0.00012012760975635492 -3.8563708148437991e-05 -1.2448944352592626e-06
leaf_weight=35 53 360 83 49 29 40 101
leaf_count=35 53 360 83 49 29 40 101
internal_value=6.66667e-05 -0.000454545 0.00176056 -0.000367647 -0.00550847 -0.000362319 0.00357143
internal_weight=750 715 355 272 118 69 154
internal_count=750 715 355 272 118 69 154
is_linear=0
shrinkage=0.05


Tree=37
num_leaves=8
num_cat=0
split_feature=8 8 12 7 15 3 8
split_gain=1.38504 1.70288 1.85325 2.03639 1.79645 1.64418 1.73253
threshold=-0.093533721772306164 -0.03645419909332575 0.061412549385283739 0.0055929467002717734 0.010776647680366349 -0.0037700160573895243 0.0071521363717470541
decision_type=8 10 2 2 2 2 10
left_child=-1 4 3 5 -2 -3 -7
right_child=1 2 -4 -5 -6 6 -8
leaf_value=0.00014889318701253817 -2.2734046503507201e-05 0.00019654695881423796 0.00010489210928313741 -1.7308945725836525e-05 -0.00013966057672037653 7.649944937401688e-05 -1.6701120203602583e-05
leaf_weight=26 142 54 27 351 25 72 61
leaf_count=26 142 54 27 351 25 72 61
internal_value=0.000197889 -0.000204918 0.00110619 0.000464684 -0.00464072 0.00467914 0.00169173
internal_weight=758 732 565 538 167 187 133
internal_count=758 732 565 538 167 187 133
is_linear=0
shrinkage=0.05


Tree=38
num_leaves=8
num_cat=0
split_feature=16 16 12 16 14 3 11
split_gain=1.67329 1.80985 1.92824 1.36495 1.07155 1.20596 2.11891
threshold=-0.016959385164804049 -0.022707416610943828 -0.027973012120020454 -0.011510421961255178 -0.081825770158787711 0.0024953056732993644 0.011634052199270497
decision_type=2 2 2 2 2 2 2
left_child=1 2 -1 -2 -5 6 -6
right_child=3 -3 -4 4 5 -7 -8
leaf_value=0.00011342643713214418 -6.7612878241270563e-05 0.00016667484064452351 -3.3744713550464078e-05 -6.4710803600832127e-05 -3.4247638303735896e-05 8.7728208405658817e-05 2.6124457160902239e-05
leaf_weight=35 39 36 47 43 240 140 168
leaf_count=35 39 36 47 43 240 140 168
internal_value=0.000467914 0.0059322 0.00182927 -0.000555556 4.23012e-05 0.000638686 -0.000735294
internal_weight=748 118 82 630 591 548 408
internal_count=748 118 82 630 591 548 408
is_linear=0
shrinkage=0.05


Tree=39
num_leaves=8
num_cat=0
split_feature=6 5 9 13 0 13 4
split_gain=1.4247 1.41723 1.58925 1.49826 1.84704 1.4308 1.10023
threshold=2.4165692860597257 0.015502536421679236 0.18933012854759781 14.614999771118166 -0.001264984678167602 13.795000076293947 0.023974207515823281
decision_type=2 2 8 2 2 2 2
left_child=1 3 -3 4 5 -1 -5
right_child=-2 2 -4 6 -6 -7 -8
leaf_value=6.4000565071411799e-06 0.00030848137095426008 0.00016776690170038292 -1.6220275468847749e-05 -9.171665614945286e-06 -3.2535256388549117e-05 0.00017889868980302374 -0.00010691609168784626
leaf_weight=43 33 50 36 377 110 27 61
leaf_count=43 33 50 36 377 110 27 61
internal_value=-0.000305292 -0.00078125 0.00523256 -0.00161812 0.00222222 0.00857143 -0.00319635
internal_weight=737 704 86 618 180 70 438
internal_count=737 704 86 618 180 70 438
is_linear=0
shrinkage=0.05


Tree=40
num_leaves=8
num_cat=0
split_feature=0 13 13 7 2 4 1
split_gain=2.41024 1.10737 1.20509 1.58227 1.70106 1.90368 1.5707
threshold=-0.023495050379371381 12.765000343322756 14.494999885559084 0.033220639426305605 0.043659971752535782 0.019986783629204443 0.0021099140027432965
decision_type=2 2 2 2 2 2 2
left_child=-1 -2 -3 4 6 -6 -4
right_child=1 2 3 -5 5 -7 -8
leaf_value=0.00022594707575557477 -0.00010457110484154986 4.9104784426482269e-05 -3.1246464099498468e-05 6.012094184403784e-05 -0.00019495978898823797 -7.0353016214336733e-06 3.1658955843912342e-05
leaf_weight=33 43 149 229 88 29 25 154
leaf_count=33 43 149 229 88 29 25 154
internal_value=-0.000333333 -0.000941423 -0.000445104 -0.00157143 -0.0028032 -0.0111111 -0.00163185
internal_weight=750 717 674 525 437 54 383
internal_count=750 717 674 525 437 54 383
is_linear=0
shrinkage=0.05


Tree=41
num_leaves=8
num_cat=0
split_feature=8 9 16 15 1 16 7
split_gain=1.55224 1.72166 1.86617 1.7706 2.04848 1.72401 1.33288
threshold=-0.093533721772306164 0.27885953023954496 -0.015065825364528716 -0.0027945462863745991 0.00058225499961284133 -0.010940263956027317 0.059828312515786915
decision_type=8 8 2 2 2 2 2
left_child=-1 2 -2 -3 -5 -4 -7
right_child=1 3 5 4 -6 6 -8
leaf_value=0.00013124657549835902 5.4337933726404712e-05 -0.00010587815318705433 -9.2250253505719176e-05 -0.00011076349925028694 0.00010214289060436612 -5.8384906805624385e-06 0.0001285639920604268
leaf_weight=26 98 51 26 54 45 427 25
leaf_count=26 98 51 26 54 45 427 25
internal_value=-0.000465426 -0.000895317 0.000347222 -0.00566667 -0.00176768 -0.000941423 -0.000221239
internal_weight=752 726 576 150 99 478 452
internal_count=752 726 576 150 99 478 452
is_linear=0
shrinkage=0.05


Tree=42
num_leaves=8
num_cat=0
split_feature=7 1 5 6 3 1 6
split_gain=1.0425 1.54026 1.53518 1.6863 1.87154 1.34722 1.50391
threshold=0.0072249238781906264 0.016577042565601888 0.014234790447741256 0.67603651463266434 0.003974166719249995 -0.010318214906081312 -0.4297476514435225
decision_type=2 2 2 2 2 2 2
left_child=2 5 3 4 -1 -2 -7
right_child=1 -3 -4 -5 -6 6 -8
leaf_value=-3.0240835970713096e-05 6.5662602407452991e-05 1.1109540745778656e-05 0.00015470136970709226 0.00011918847660350166 6.9320191925983238e-05 -1.0034021559984916e-05 -0.00012903929319063104
leaf_weight=217 26 188 87 60 31 67 77
leaf_count=217 26 188 87 60 31 67 77
internal_value=0.000697211 -0.00125698 0.00246835 0.000811688 -0.00100806 -0.00470588 -0.00659722
internal_weight=753 358 395 308 248 170 144
internal_count=753 358 395 308 248 170 144
is_linear=0
shrinkage=0.05


end of trees

feature_importances:
sector_ret_5d=31
dist_ma20=28
ret_1d=25
dvol_z_20=23
dist_ma50=21
dist_ma200=20
vix_level=20
overnight_gap=18
atr_pct=18
spy_ret_20d=18
ret_5d=17
sector_ret_1d=17
ret_20d=13
spy_ret_5d=10
parkinson_20=9
spy_ret_1d=7
vix_chg_1d=6

parameters:
[boosting: gbdt]
[objective: quantile]
[metric: quantile]
[tree_learner: serial]
[device_type: cpu]
[data_sample_strategy: bagging]
[data: ]
[valid: ]
[num_iterations: 80]
[learning_rate: 0.05]
[num_leaves: 8]
[num_threads: 1]
[seed: 0]
[deterministic: 0]
[force_col_wise: 1]
[force_row_wise: 0]
[histogram_pool_size: -1]
[max_depth: -1]
[min_data_in_leaf: 25]
[min_sum_hessian_in_leaf: 0.001]
[bagging_fraction: 0.9]
[pos_bagging_fraction: 1]
[neg_bagging_fraction: 1]
[bagging_freq: 1]
[bagging_seed: 3]
[bagging_by_query: 0]
[feature_fraction: 0.9]
[feature_fraction_bynode: 1]
[feature_fraction_seed: 2]
[extra_trees: 0]
[extra_seed: 6]
[early_stopping_round: 0]
[early_stopping_min_delta: 0]
[first_metric_only: 0]
[max_delta_step: 0]
[lambda_l1: 0]
[lambda_l2: 0]
[linear_lambda: 0]
[min_gain_to_split: 0]
[drop_rate: 0.1]
[max_drop: 50]
[skip_drop: 0.5]
[xgboost_dart_mode: 0]
[uniform_drop: 0]
[drop_seed: 4]
[top_rate: 0.2]
[other_rate: 0.1]
[min_data_per_group: 100]
[max_cat_threshold: 32]
[cat_l2: 10]
[cat_smooth: 10]
[max_cat_to_onehot: 4]
[top_k: 20]
[monotone_constraints: ]
[monotone_constraints_method: basic]
[monotone_penalty: 0]
[feature_contri: ]
[forcedsplits_filename: ]
[refit_decay_rate: 0.9]
[cegb_tradeoff: 1]
[cegb_penalty_split: 0]
[cegb_penalty_feature_lazy: ]
[cegb_penalty_feature_coupled: ]
[path_smooth: 0]
[interaction_constraints: ]
[verbosity: -1]
[saved_feature_importance_type: 0]
[use_quantized_grad: 0]
[num_grad_quant_bins: 4]
[quant_train_renew_leaf: 0]
[stochastic_rounding: 1]
[linear_tree: 0]
[max_bin: 255]
[max_bin_by_feature: ]
[min_data_in_bin: 3]
[bin_construct_sample_cnt: 200000]
[data_random_seed: 1]
[is_enable_sparse: 1]
[enable_bundle: 1]
[use_missing: 1]
[zero_as_missing: 0]
[feature_pre_filter: 1]
[pre_partition: 0]
[two_round: 0]
[header: 0]
[label_column: ]
[weight_column: ]
[group_column: ]
[ignore_column: ]
[categorical_feature: ]
[forcedbins_filename: ]
[precise_float_parser: 0]
[parser_config_file: ]
[objective_seed: 5]
[num_class: 1]
[is_unbalance: 0]
[scale_pos_weight: 1]
[sigmoid: 1]
[boost_from_average: 1]
[reg_sqrt: 0]
[alpha: 0.5]
[fair_c: 1]
[poisson_max_delta_step: 0.7]
[tweedie_variance_power: 1.5]
[lambdarank_truncation_level: 30]
[lambdarank_norm: 1]
[label_gain: ]
[lambdarank_position_bias_regularization: 0]
[eval_at: ]
[multi_error_top_k: 1]
[auc_mu_weights: ]
[num_machines: 1]
[local_listen_port: 12400]
[time_out: 120]
[machine_list_filename: ]
[machines: ]
[gpu_platform_id: -1]
[gpu_device_id: -1]
[gpu_device_id_list: ]
[gpu_use_dp: 0]
[num_gpu: 1]

end of parameters

pandas_categorical:[]
