tree
version=v4
num_class=1
num_tree_per_iteration=1
label_index=0
max_feature_idx=16
objective=quantile
feature_names=ret_1d ret_5d ret_20d overnight_gap atr_pct parkinson_20 dvol_z_20 dist_ma20 dist_ma50 dist_ma200 spy_ret_1d spy_ret_5d spy_ret_20d vix_level vix_chg_1d sector_ret_1d sector_ret_5d
feature_infos=[-0.095691653466559612:0.094251324455549401] [-0.19461637869837389:0.15275324619681574] [-0.23399895969904849:0.24079262027480319] [-0.052640761966011307:0.038022437387094765] [0.013411737037944049:0.057210431133487775] [0.0083131186033804979:0.03290704485650435] [-2.1636391364714505:4.2414254704891245] [-0.17262736557522351:0.17048515317601165] [-0.22409856534502615:0.24745945571377526] [-0.2364476934463613:0.20672473623342413] [-0.058542971330535654:0.10501930183911301] [-0.11496151859245618:0.082843162776128354] [-0.1226559005192206:0.15756591020035837] [11.859999656677246:52.330001831054688] [-0.35753873962348437:0.74039073966007019] [-0.045565914362008186:0.057443288787383029] [-0.11461315937536976:0.085316917045247465]
tree_sizes=834 869 865 865 857 867 859 869 864 867 862 863 852 863 868

Tree=0
num_leaves=8
num_cat=0
split_feature=6 2 1 9 12 15 5
split_gain=1.63258 0.81671 0.654251 0.524374 1.0213 0.930614 0.318195
threshold=2.0334103972399515 -0.03720397634786609 0.049736223873733783 -0.049002025759637073 0.018878621288125678 0.008860739873546743 0.013496172030408293
decision_type=2 2 2 10 2 2 2
left_child=1 3 -3 5 -5 6 -1
right_child=-2 2 -4 4 -6 -7 -8
leaf_value=-0.018222496461765707 -0.018836819566374407 -0.017881706393136888 -0.018327906159360745 -0.018733009850724118 -0.017914188187494282 -0.018481232406733317 -0.01773307766775583
leaf_weight=25 41 488 43 32 26 25 70
leaf_count=25 41 488 43 32 26 25 70
internal_value=-0.0179676 -0.0174066 -0.0164241 -0.0203376 -0.0242411 -0.0184509 -0.0161921
internal_weight=750 709 531 178 58 120 95
internal_count=750 709 531 178 58 120 95
is_linear=0
shrinkage=1


Tree=1
num_leaves=8
num_cat=0
split_feature=8 8 8 9 14 14 7
split_gain=1.25084 1.03425 1.13777 1.15422 1.70961 0.626045 0.728225
threshold=-0.021505923459651907 0.022781133449308547 0.026682861005281947 0.12231259051353295 -0.010794703163862494 -0.061929277885563232 -0.065144867298172357
decision_type=10 10 10 8 2 2 2
left_child=5 -2 -3 -4 -5 -1 -7
right_child=1 2 3 4 -6 6 -8
leaf_value=-0.00075552604443577913 0.00019947469154964101 -0.00066090892563280097 0.00018067329516067675 0.00015927528294811639 -0.0003201852888194657 -0.00080575203547023587 -0.00016024228382009346
leaf_weight=30 232 30 179 39 37 27 160
leaf_count=30 232 30 179 39 37 27 160
internal_value=-0.000108992 0.00122824 -0.000789473 0.000294118 -0.00486842 -0.00329493 -0.00221925
internal_weight=734 517 285 255 76 217 187
internal_count=734 517 285 255 76 217 187
is_linear=0
shrinkage=0.05


Tree=2
num_leaves=8
num_cat=0
split_feature=8 6 2 9 11 0 0
split_gain=1.38596 0.893816 0.757815 0.988917 1.32645 0.636025 0.952381
threshold=-0.021505923459651907 -0.27193350951196776 0.014995475420365724 0.15002305080180003 0.0083592080830587907 -0.010490634411161102 0.0023164032246950632
decision_type=10 2 2 8 2 2 2
left_child=1 -1 -2 -4 -5 -3 -7
right_child=2 5 3 4 -6 6 -8
leaf_value=1.2268391002470854e-05 0.0001686349297408908 -0.00050549027137070362 0.00016865644588121549 -3.8782310713007876e-05 -0.00028569884621744743 -0.0013098191844544572 -0.00029536669113974031
leaf_weight=110 209 45 241 48 26 28 42
leaf_count=110 209 45 241 48 26 28 42
internal_value=6.00803e-05 -0.00322222 0.00146947 -7.93649e-05 -0.00513513 -0.00630435 -0.00928571
internal_weight=749 225 524 315 74 115 70
internal_count=749 225 524 315 74 115 70
is_linear=0
shrinkage=0.05


Tree=3
num_leaves=8
num_cat=0
split_feature=6 3 9 12 8 9 9
split_gain=1.31831 0.874496 0.830821 0.686944 0.691543 0.401497 0.397421
threshold=1.9575895023409784 0.0067702438913201943 -0.12412559183181852 -0.0021779841828679087 0.073534825898976433 -0.015955894165125602 -0.03127181677228779
decision_type=2 2 10 2 8 8 10
left_child=1 3 -3 4 5 -1 -4
right_child=-2 2 6 -5 -6 -7 -8
leaf_value=-0.00027408820602181904 -0.00073437732248634756 -0.00027968039913390868 0.00028800516742505248 0.00013326482762212444 -0.00060730145883711086 0.00018120538396030968 -0.00012330062447079917
leaf_weight=47 46 44 26 426 25 76 53
leaf_count=47 46 44 26 426 25 76 53
internal_value=0.000154778 0.000695839 -0.00313008 0.00151568 -0.00141892 0.000121951 -6.3291e-05
internal_weight=743 697 123 574 148 123 79
internal_count=743 697 123 574 148 123 79
is_linear=0
shrinkage=0.05


Tree=4
num_leaves=8
num_cat=0
split_feature=8 14 1 2 4 2 2
split_gain=1.00466 0.816667 0.523158 0.645095 0.814378 0.455561 0.67947
threshold=-0.078632631280452156 0.00619378828642947 0.031446417187620208 0.050415383594352943 0.023187033846610326 -0.03720397634786609 -0.067648594615660571
decision_type=10 2 2 2 2 2 2
left_child=1 -1 5 -4 -5 6 -2
right_child=2 -3 3 4 -6 -7 -8
leaf_value=-8.8027911918057481e-05 0.00025746667839325756 -0.00066587910668008119 5.7649110245559477e-05 -0.00036721051688859505 9.232720044879794e-05 0.00016183795701643953 -0.00022189274449151776
leaf_weight=54 42 36 51 31 25 443 64
leaf_count=54 42 36 51 31 25 443 64
internal_value=0.000509384 -0.00444444 0.00118902 -0.00200935 -0.00571429 0.00181239 -0.00113208
internal_weight=746 90 656 107 56 549 106
internal_count=746 90 656 107 56 549 106
is_linear=0
shrinkage=0.05


Tree=5
num_leaves=8
num_cat=0
split_feature=11 16 12 5 9 8 11
split_gain=1.18444 0.825964 0.899746 0.625108 0.874637 0.761905 0.530873
threshold=-0.026323618530511902 0.0073832776968494338 -0.014960350168733092 0.014778814225713905 0.11869663316824232 0.02512588212656797 0.010325604265528312
decision_type=2 2 2 2 8 10 2
left_child=-1 -2 -3 4 6 -6 -4
right_child=1 2 3 -5 5 -7 -8
leaf_value=-0.00065966921460493733 0.00011707186249459788 -0.00068409853510455014 -0.00040810354184092504 0.00013368671258910743 9.0166818161093105e-05 -0.00031045640997009555 0.00018192031256313211
leaf_weight=41 425 40 49 66 27 36 53
leaf_count=41 425 40 49 66 27 36 53
internal_value=-0.000156038 0.00033046 -0.00182657 -0.000627705 -0.00227273 -0.00690476 0.000588235
internal_weight=737 696 271 231 165 63 102
internal_count=737 696 271 231 165 63 102
is_linear=0
shrinkage=0.05


Tree=6
num_leaves=8
num_cat=0
split_feature=6 12 2 15 0 6 4
split_gain=1.15182 0.834458 1.01355 0.789439 0.932989 1.09395 1.18519
threshold=2.0334103972399515 0.082959740110242888 -0.021989286187469977 -0.0066255689902053874 0.01246760129483371 -0.27193350951196776 0.022877594871270078
decision_type=2 2 2 2 2 2 2
left_child=1 2 3 -1 5 -5 -7
right_child=-2 -3 -4 4 -6 6 -8
leaf_value=9.8774963949993286e-05 -0.00069469139586607895 -7.774091879659764e-05 0.00014037595709816934 -4.0643845782096198e-05 9.5572811038405732e-05 -0.00073372423983266474 -0.00049008665032691573
leaf_weight=70 40 25 442 75 40 27 27
leaf_count=70 40 25 442 75 40 27 27
internal_value=-0.000495978 -2.83284e-05 0.000301028 -0.00232218 -0.0041716 -0.00624031 -0.0116667
internal_weight=746 706 681 239 169 129 54
internal_count=746 706 681 239 169 129 54
is_linear=0
shrinkage=0.05


Tree=7
num_leaves=8
num_cat=0
split_feature=11 12 14 5 5 8 5
split_gain=0.871088 0.514354 0.517741 0.479145 0.594048 0.477655 0.957402
threshold=-0.030384470516343128 0.082959740110242888 -0.10344834121785244 0.015644670012200074 0.015246288018258959 -0.017881573677612891 0.012633610070466565
decision_type=2 2 2 2 2 10 2
left_child=-1 2 -2 4 5 6 -4
right_child=1 -3 3 -5 -6 -7 -8
leaf_value=-0.00074329448604446068 -0.00061581934904690161 -5.1743575153346278e-05 -0.00044414687451797114 0.00028211106385567702 -0.00047114238585836162 0.00015900583544241098 7.721446083052719e-05
leaf_weight=31 35 27 44 97 32 372 107
leaf_count=31 35 27 44 97 32 372 107
internal_value=0.000302014 0.000658263 0.000924309 0.00124233 0.000675676 0.00108031 -0.00129139
internal_weight=745 714 687 652 555 523 151
internal_count=745 714 687 652 555 523 151
is_linear=0
shrinkage=0.05


Tree=8
num_leaves=8
num_cat=0
split_feature=6 12 2 14 9 4 8
split_gain=0.942494 0.599522 0.579049 0.607284 0.470197 1.06782 0.469337
threshold=1.9575895023409784 0.086474140948455194 -0.03720397634786609 -0.061929277885563232 0.15308425363610259 0.021288965499987687 0.0097425570279821034
decision_type=2 2 2 2 8 2 10
left_child=1 2 3 -1 -4 -6 -7
right_child=-2 -3 4 -5 5 6 -8
leaf_value=-0.00064900074154596813 -0.00060909496426079872 -4.5457943097390508e-05 0.00013607426396562185 -1.2137862507942111e-06 -0.00028356679116833236 0.00021305654755050417 -0.0001764926038219104
leaf_weight=31 47 25 368 153 46 60 34
leaf_count=31 47 25 368 153 46 60 34
internal_value=0.000157068 0.000606695 0.000881503 -0.00152174 0.00175197 -0.000714286 0.00234043
internal_weight=764 717 692 184 508 140 94
internal_count=764 717 692 184 508 140 94
is_linear=0
shrinkage=0.05


Tree=9
num_leaves=8
num_cat=0
split_feature=12 8 6 11 9 0 8
split_gain=0.776849 0.665559 0.652663 0.701591 0.551375 0.567156 0.534756
threshold=0.082959740110242888 -0.017881573677612891 0.38566523995455021 -0.0068475669097032279 -0.049002025759637073 0.0086160356488087526 0.022781133449308547
decision_type=2 8 2 2 10 2 8
left_child=1 2 4 -4 5 -1 -3
right_child=-2 6 3 -5 -6 -7 -8
leaf_value=0.00026961640257710037 -6.8671859408683385e-05 0.00022137867370922127 -9.8952364659826218e-05 -0.00059124141598846866 -0.00035903145697162059 -0.00021664489743889598 1.1773930770728953e-05
leaf_weight=85 27 211 32 26 40 26 297
leaf_count=85 27 211 32 26 40 26 297
internal_value=0.000362903 0.00067643 -0.00169856 -0.0062069 3.31128e-05 0.00184685 0.00165354
internal_weight=744 717 209 58 151 111 508
internal_count=744 717 209 58 151 111 508
is_linear=0
shrinkage=0.05


Tree=10
num_leaves=8
num_cat=0
split_feature=11 9 11 5 1 1 16
split_gain=1.20249 0.782644 0.89687 0.830595 0.688095 0.362253 1.19316
threshold=-0.026323618530511902 0.14568384349667032 0.0083592080830587907 0.012792533102958638 0.012939432623417681 0.018831099310516412 0.017273732481494667
decision_type=2 8 2 2 2 2 2
left_child=-1 5 3 -3 -4 6 -2
right_child=1 2 4 -5 -6 -7 -8
leaf_value=-0.00050780661989712611 6.6642755460932936e-05 -0.00031293647792949111 7.180873630389672e-05 0.00018362249819624713 -0.00027489979191871908 0.00016274993307617103 -0.00090437956737314084
leaf_weight=43 327 31 28 86 42 163 29
leaf_count=43 327 31 28 86 42 163 29
internal_value=0.000327103 0.00082153 -0.00195187 0.000726496 -0.00642857 0.00182081 0.000926966
internal_weight=749 706 187 117 70 519 356
internal_count=749 706 187 117 70 519 356
is_linear=0
shrinkage=0.05


Tree=11
num_leaves=8
num_cat=0
split_feature=14 14 12 5 5 15 15
split_gain=0.897658 0.760318 0.620234 0.403288 1.0143 0.50196 0.612945
threshold=0.15436855290822041 -0.098691693357393515 0.082959740110242888 0.015644670012200074 0.015210328087579659 0.0092184518006138711 0.012704129411166278
decision_type=2 2 2 2 2 2 2
left_child=1 -1 3 4 5 -3 -7
right_child=-2 2 -4 -5 -6 6 -8
leaf_value=-0.00058264423007657877 -0.00055144678686848262 0.00010862278237598906 -4.0189152222058977e-05 0.00025634058196508124 -0.00052566057681423511 -0.00056539043053805652 9.7734306736177239e-05
leaf_weight=41 25 444 26 90 37 38 46
leaf_count=41 25 444 26 90 37 38 46
internal_value=0.000314592 0.000637119 0.00103524 0.00133588 0.000840708 0.00140152 -0.00214286
internal_weight=747 722 681 655 565 528 84
internal_count=747 722 681 655 565 528 84
is_linear=0
shrinkage=0.05


Tree=12
num_leaves=8
num_cat=0
split_feature=1 10 16 1 9 1 2
split_gain=0.940695 0.636592 0.635644 1.08109 0.602679 0.541659 0.509804
threshold=0.031446417187620208 0.0043826671813969051 0.015009177773100403 0.018831099310516412 0.029337796015450949 0.0089999566207228394 0.04611619150805913
decision_type=2 2 2 2 8 2 2
left_child=2 4 -1 5 -2 -4 -3
right_child=1 6 3 -5 -6 -7 -8
leaf_value=7.4046286095943135e-05 -0.00015041594891013546 0.00039247876716778116 -0.00043201101789667898 0.0001459179142447613 -0.00056370637949855462 -0.00056621759522394787 -4.503165705045612e-05
leaf_weight=526 28 26 26 46 32 25 25
leaf_count=526 28 26 26 46 32 25 25
internal_value=0.000231608 -0.00400901 0.000987159 -0.00273196 -0.0075 -0.0077451 9.80394e-05
internal_weight=734 111 623 97 60 51 51
internal_count=734 111 623 97 60 51 51
is_linear=0
shrinkage=0.05


Tree=13
num_leaves=8
num_cat=0
split_feature=6 8 12 1 8 14 8
split_gain=0.755239 0.578184 0.797019 0.394737 0.39107 0.609443 1.33961
threshold=2.0334103972399515 0.073534825898976433 0.0065049739274190008 0.016666350121920862 0.039046987666195083 0.010891009150098998 0.022781133449308547
decision_type=2 8 2 2 10 2 10
left_child=1 4 -3 -4 5 6 -1
right_child=-2 2 3 -5 -6 -7 -8
leaf_value=1.8136933800130998e-05 -0.00052475866338973036 -0.00046856595683419683 0.00018570220410863791 -3.3866913173904424e-05 0.00018615221271557137 0.00018855106578696725 -0.00042638535521571707
leaf_weight=256 39 36 27 30 119 184 54
leaf_count=256 39 36 27 30 119 184 54
internal_value=0.0002349 0.000609065 -0.00306452 0.000614035 0.00116639 0.000546559 -0.000806451
internal_weight=745 706 93 57 613 494 310
internal_count=745 706 93 57 613 494 310
is_linear=0
shrinkage=0.05


Tree=14
num_leaves=8
num_cat=0
split_feature=3 16 12 11 5 13 14
split_gain=0.809816 0.593941 0.858802 0.75597 0.622924 1.15238 1.83914
threshold=-0.013147835559212782 0.014192198927964196 -0.014960350168733092 0.0035059532242039952 0.012990433821426955 17.530000686645511 0.005094684764536229
decision_type=2 2 2 2 2 2 2
left_child=-1 3 -3 4 5 6 -2
right_child=1 2 -4 -5 -6 -7 -8
leaf_value=-0.0004046015524880374 0.00029811518468923396 -0.00052731473222673213 -1.0099712186786034e-05 0.00012185492719815955 8.5523458901780983e-05 0.00022597200780838478 -0.00063350592535917365
leaf_weight=26 29 31 149 233 172 45 34
leaf_count=26 29 31 149 233 172 45 34
internal_value=0.000201669 0.000526696 -0.00194444 0.00139376 -0.000357143 -0.00333333 -0.00769841
internal_weight=719 693 180 513 280 108 63
internal_count=719 693 180 513 280 108 63
is_linear=0
shrinkage=0.05


end of trees

feature_importances:
dist_ma50=14
dist_ma200=11
spy_ret_20d=10
parkinson_20=9
vix_chg_1d=9
ret_5d=8
ret_20d=8
dvol_z_20=8
spy_ret_5d=8
ret_1d=4
sector_ret_1d=4
sector_ret_5d=4
atr_pct=3
overnight_gap=2
dist_ma20=1
spy_ret_1d=1
vix_level=1

parameters:
[boosting: gbdt]
[objective: quantile]
[metric: quantile]
[tree_learner: serial]
[device_type: cpu]
[data_sample_strategy: bagging]
[data: ]
[valid: ]
[num_iterations: 80]
[learning_rate: 0.05]
[num_leaves: 8]
[num_threads: 1]
[seed: 0]
[deterministic: 0]
[force_col_wise: 1]
[force_row_wise: 0]
[histogram_pool_size: -1]
[max_depth: -1]
[min_data_in_leaf: 25]
[min_sum_hessian_in_leaf: 0.001]
[bagging_fraction: 0.9]
[pos_bagging_fraction: 1]
[neg_bagging_fraction: 1]
[bagging_freq: 1]
[bagging_seed: 3]
[bagging_by_query: 0]
[feature_fraction: 0.9]
[feature_fraction_bynode: 1]
[feature_fraction_seed: 2]
[extra_trees: 0]
[extra_seed: 6]
[early_stopping_round: 0]
[early_stopping_min_delta: 0]
[first_metric_only: 0]
[max_delta_step: 0]
[lambda_l1: 0]
[lambda_l2: 0]
[linear_lambda: 0]
[min_gain_to_split: 0]
[drop_rate: 0.1]
[max_drop: 50]
[skip_drop: 0.5]
[xgboost_dart_mode: 0]
[uniform_drop: 0]
[drop_seed: 4]
[top_rate: 0.2]
[other_rate: 0.1]
[min_data_per_group: 100]
[max_cat_threshold: 32]
[cat_l2: 10]
[cat_smooth: 10]
[max_cat_to_onehot: 4]
[top_k: 20]
[monotone_constraints: ]
[monotone_constraints_method: basic]
[monotone_penalty: 0]
[feature_contri: ]
[forcedsplits_filename: ]
[refit_decay_rate: 0.9]
[cegb_tradeoff: 1]
[cegb_penalty_split: 0]
[cegb_penalty_feature_lazy: ]
[cegb_penalty_feature_coupled: ]
[path_smooth: 0]
[interaction_constraints: ]
[verbosity: -1]
[saved_feature_importance_type: 0]
[use_quantized_grad: 0]
[num_grad_quant_bins: 4]
[quant_train_renew_leaf: 0]
[stochastic_rounding: 1]
[linear_tree: 0]
[max_bin: 255]
[max_bin_by_feature: ]
[min_data_in_bin: 3]
[bin_construct_sample_cnt: 200000]
[data_random_seed: 1]
[is_enable_sparse: 1]
[enable_bundle: 1]
[use_missing: 1]
[zero_as_missing: 0]
[feature_pre_filter: 1]
[pre_partition: 0]
[two_round: 0]
[header: 0]
[label_column: ]
[weight_column: ]
[group_column: ]
[ignore_column: ]
[categorical_feature: ]
[forcedbins_filename: ]
[precise_float_parser: 0]
[parser_config_file: ]
[objective_seed: 5]
[num_class: 1]
[is_unbalance: 0]
[scale_pos_weight: 1]
[sigmoid: 1]
[boost_from_average: 1]
[reg_sqrt: 0]
[alpha: 0.1]
[fair_c: 1]
[poisson_max_delta_step: 0.7]
[tweedie_variance_power: 1.5]
[lambdarank_truncation_level: 30]
[lambdarank_norm: 1]
[label_gain: ]
[lambdarank_position_bias_regularization: 0]
[eval_at: ]
[multi_error_top_k: 1]
[auc_mu_weights: ]
[num_machines: 1]
[local_listen_port: 12400]
[time_out: 120]
[machine_list_filename: ]
[machines: ]
[gpu_platform_id: -1]
[gpu_device_id: -1]
[gpu_device_id_list: ]
[gpu_use_dp: 0]
[num_gpu: 1]

end of parameters

pandas_categorical:[]
