tree
version=v4
num_class=1
num_tree_per_iteration=1
label_index=0
max_feature_idx=16
objective=quantile
feature_names=ret_1d ret_5d ret_20d overnight_gap atr_pct parkinson_20 dvol_z_20 dist_ma20 dist_ma50 dist_ma200 spy_ret_1d spy_ret_5d spy_ret_20d vix_level vix_chg_1d sector_ret_1d sector_ret_5d
feature_infos=[-0.099931491798404881:0.10133684827162015] [-0.14434640862173365:0.13999518459650173] [-0.18574055797926381:0.27776231164029097] [-0.086456437984110068:0.090699728533618185] [0.011424351758361141:0.044754230935509023] [0.0069497853093249363:0.025020636906803867] [-2.2632948863468365:4.1846641839169445] [-0.12862259199129311:0.13559697481833055] [-0.16300437172771765:0.15449389883464826] [-0.25530682499402524:0.23586556049678009] [-0.058542971330535654:0.10501930183911301] [-0.11496151859245618:0.082843162776128354] [-0.1226559005192206:0.15756591020035837] [11.859999656677246:52.330001831054688] [-0.35753873962348437:0.74039073966007019] [-0.068247998544687438:0.13425697132599002] [-0.13587196028298487:0.11773217696052685]
tree_sizes=845 851 854 850 857 861 857 854 859 847 858 856 855 855 852 857 864 850 849 864 859 859 848 864 855 856 863 854 856 854 866 857 852 862 853 858 863 843 856 863 858 865 858 856 853 860 853 864 858 855 863 852 840 861 855 859

Tree=0
num_leaves=8
num_cat=0
split_feature=9 6 3 4 6 4 10
split_gain=2.86399 2.53482 2.12078 3.22851 2.0184 1.86667 1.8483
threshold=-0.040514380665629061 0.18612437264541748 0.00106300606841947 0.018087357258549729 0.31075536933059061 0.020568051915970571 0.00048355916176134889
decision_type=8 2 2 2 2 2 2
left_child=4 2 3 -2 -1 6 -5
right_child=1 -3 -4 5 -6 -7 -8
leaf_value=-0.0073638454079627989 -0.0070032258168794218 -0.0071031718049198393 -0.0069431908428668979 -0.007274586893618107 -0.006963658414315432 -0.0070753690786659719 -0.0070733285741880533
leaf_weight=89 134 193 183 29 32 65 25
leaf_count=89 134 193 183 29 32 65 25
internal_value=-0.00764874 -0.00629357 -0.00418176 -0.00714755 -0.0146934 -0.0131412 -0.0200117
internal_weight=750 629 436 253 121 119 54
internal_count=750 629 436 253 121 119 54
is_linear=0
shrinkage=1


Tree=1
num_leaves=8
num_cat=0
split_feature=9 0 1 9 7 8 0
split_gain=1.95577 2.40462 1.75232 3.29112 1.87561 1.43254 1.42988
threshold=-0.040514380665629061 0.018064358935046768 0.0058027899557573379 -0.17103426915306 0.044663105530789678 0.015667813909858722 0.0022070710135828624
decision_type=10 2 2 10 2 10 2
left_child=2 -2 3 6 5 -4 -1
right_child=1 -3 4 -5 -6 -7 -8
leaf_value=4.4493585010059197e-05 4.3592693400569282e-05 -0.00010597446700558065 -0.0001283975224941969 -0.00036122045479714871 1.0730327339842934e-05 -0.00025309126242063941 0.00014828065061010421
leaf_weight=67 419 37 48 57 40 36 30
leaf_count=67 419 37 48 57 40 36 30
internal_value=6.81199e-05 0.00208333 -0.00323741 0.000324675 -0.00766129 -0.0119048 0.00592784
internal_weight=734 456 278 154 124 84 97
internal_count=734 456 278 154 124 84 97
is_linear=0
shrinkage=0.05


Tree=2
num_leaves=8
num_cat=0
split_feature=9 0 4 3 9 2 6
split_gain=2.01581 2.01137 2.02827 1.81729 1.73761 1.66234 1.45164
threshold=-0.040514380665629061 0.018064358935046768 0.024242422793681963 0.0034499468840081264 -0.087652332499991145 0.050175045908863354 -0.18179980951749938
decision_type=10 2 2 2 10 2 2
left_child=3 2 -2 4 -1 6 -5
right_child=1 -3 -4 5 -6 -7 -8
leaf_value=-7.2352698669419642e-05 2.3860076995333685e-05 -7.3592510656453642e-05 0.0002915898734645453 2.6047490071505302e-05 -0.00055938464077189573 -0.00026768538815667855 0.00029863568127620966
leaf_weight=166 408 35 25 31 27 32 25
leaf_count=166 408 35 25 31 27 32 25
internal_value=0.000233645 0.00224359 0.00317552 -0.00311388 -0.00582902 0.00284091 0.00803571
internal_weight=749 468 433 281 193 88 56
internal_count=749 468 433 281 193 88 56
is_linear=0
shrinkage=0.05


Tree=3
num_leaves=8
num_cat=0
split_feature=14 9 7 4 0 13 12
split_gain=1.84214 2.58832 2.2696 2.29735 2.21288 1.93115 1.59964
threshold=-0.067583665573298909 0.021845325320070334 0.0018315816660425812 0.016054450398028216 0.012946210641271218 18.214999198913578 0.04760809957201418
decision_type=2 10 2 2 2 2 2
left_child=5 -2 3 -3 6 -1 -4
right_child=1 2 4 -5 -6 -7 -8
leaf_value=0.00013095165948034268 -8.1949233925843103e-05 0.00012304866869380934 0.0001360852129539126 -0.00017234848163643615 -4.833643445163031e-05 -1.9029735621006651e-05 -2.508983997249739e-05
leaf_weight=53 337 25 148 73 29 39 39
leaf_count=53 337 25 148 73 29 39 39
internal_value=-0.000100942 -0.00103687 0.0022293 -0.00408163 0.00509259 0.00652174 0.00708556
internal_weight=743 651 314 98 216 92 187
internal_count=743 651 314 98 216 92 187
is_linear=0
shrinkage=0.05


Tree=4
num_leaves=8
num_cat=0
split_feature=15 14 13 14 14 0 6
split_gain=2.20349 1.17311 1.76375 1.55749 2.13806 2.11324 1.06337
threshold=-0.025947713901271593 -0.067583665573298909 18.214999198913578 -0.048319541899194234 -0.030119880421319408 0.016300108811934669 -0.47066867854487277
decision_type=2 2 2 2 2 2 2
left_child=-1 2 -2 -3 6 -6 -5
right_child=1 3 -4 4 5 -7 -8
leaf_value=-0.00038443616999698864 0.00012992798085309919 -0.00021305232498831174 -1.8078248839956299e-05 0.0001851016009374144 9.7265823120688388e-06 -0.00016011725759977705 5.9142260141597985e-05
leaf_weight=27 48 63 37 25 452 43 51
leaf_count=27 48 63 37 25 452 43 51
internal_value=0.000134048 0.00066064 0.00617647 -7.88644e-05 0.000744308 -0.000454545 0.00855263
internal_weight=746 719 85 634 571 495 76
internal_count=746 719 85 634 571 495 76
is_linear=0
shrinkage=0.05


Tree=5
num_leaves=8
num_cat=0
split_feature=1 12 5 1 0 16 9
split_gain=2.1418 1.31065 1.67876 1.9691 2.39647 2.11078 1.80481
threshold=0.055527805600529175 0.040552137472516188 0.0098764774453392757 0.0027092713091175784 0.010660746647732535 -0.011871024222094738 0.1201413618923939
decision_type=2 2 2 2 2 2 8
left_child=1 2 -1 4 5 -4 -7
right_child=-2 -3 3 -5 -6 6 -8
leaf_value=7.0414482578360594e-05 0.00011686567903116887 -2.9627978694281385e-05 -0.00012263389846965943 -7.7108916930494119e-05 0.00027886577901436608 -2.685522613948702e-06 0.00020622826519712184
leaf_weight=140 37 150 113 182 27 54 34
leaf_count=140 37 150 113 182 27 54 34
internal_value=-0.000237449 -0.000857143 0.000272727 -0.00134146 0.00175439 -0.000124378 0.00568182
internal_weight=737 700 550 410 228 201 88
internal_count=737 700 550 410 228 201 88
is_linear=0
shrinkage=0.05


Tree=6
num_leaves=8
num_cat=0
split_feature=13 8 14 2 12 3 15
split_gain=1.57876 1.61137 1.56062 1.72414 1.4816 1.6933 1.29116
threshold=13.744999885559084 0.072093753246095807 -0.083456210331023115 -0.0026665774193972975 0.034736828879240907 0.00032591030453676956 -0.025947713901271593
decision_type=2 10 2 2 2 2 2
left_child=1 4 3 -2 -1 -6 -4
right_child=2 -3 6 -5 5 -7 -8
leaf_value=0.00014564961548184957 0.00013281093200374254 -4.8855933016992698e-05 -0.00045433414301018944 -4.8609908254365016e-05 -1.4567091612269777e-05 9.1086380004709247e-05 -2.4555689180487091e-05
leaf_weight=48 29 25 26 29 26 27 536
leaf_count=48 29 25 26 29 26 27 536
internal_value=-0.000737265 0.00436508 -0.00177419 0.00603448 0.00717822 0.00141509 -0.00258007
internal_weight=746 126 620 58 101 53 562
internal_count=746 126 620 58 101 53 562
is_linear=0
shrinkage=0.05


Tree=7
num_leaves=8
num_cat=0
split_feature=9 6 12 9 6 3 4
split_gain=1.78522 2.21037 1.74781 2.1809 1.53609 2.32995 2.0242
threshold=-0.046022707998882577 0.26269528203540987 0.046695400961737528 0.14347854875305702 0.18612437264541748 0.00106300606841947 0.018087357258549729
decision_type=8 2 2 8 2 2 2
left_child=1 -1 4 -4 5 6 -2
right_child=2 -3 3 -5 -6 -7 -8
leaf_value=-0.00028062175354359855 7.367897499761679e-05 9.3130930985128044e-05 4.6848717344516283e-05 -0.00023639607457580326 -2.3833439032819922e-05 0.00011975655490768303 -0.00010412617755596239
leaf_weight=89 106 35 36 56 165 157 101
leaf_count=89 106 35 36 56 165 157 101
internal_value=-0.000167785 -0.00564516 0.000925926 -0.00543478 0.00203214 0.00384615 0.000362319
internal_weight=745 124 621 92 529 364 207
internal_count=745 124 621 92 529 364 207
is_linear=0
shrinkage=0.05


Tree=8
num_leaves=8
num_cat=0
split_feature=10 12 1 0 13 8 15
split_gain=1.5583 1.57715 1.43113 1.371 1.21703 1.31913 1.24356
threshold=0.0028352322367303233 0.060339682487529529 0.0069871518512633077 0.013607012769730311 13.869999885559084 0.042430924722404846 -0.025947713901271593
decision_type=2 2 2 2 2 8 2
left_child=3 2 -2 4 5 -1 -6
right_child=1 -3 -4 -5 6 -7 -8
leaf_value=0.00012006876656631134 8.0052463939047334e-05 -0.00012406690538873137 1.1966767759792044e-05 -0.00011750339708591586 -0.00033115965054534858 -1.8758233859324279e-05 -1.9505819910449302e-05
leaf_weight=42 129 25 144 25 25 43 331
leaf_count=42 129 25 144 25 25 43 331
internal_value=0.000196335 0.00302013 0.00412088 -0.00160944 -0.000963719 0.00441176 -0.00224719
internal_weight=764 298 273 466 441 85 356
internal_count=764 298 273 466 441 85 356
is_linear=0
shrinkage=0.05


Tree=9
num_leaves=8
num_cat=0
split_feature=14 7 7 9 9 16 6
split_gain=1.47849 1.41611 1.75846 1.676 2.39232 1.61446 1.6672
threshold=-0.077913276979976895 0.0047249355861233031 -0.029465743211039504 0.1201413618923939 0.14347854875305702 -0.016506626659326392 0.14948999099989829
decision_type=2 2 2 10 10 2 2
left_child=-1 2 -2 -4 -5 -3 -7
right_child=1 5 3 4 -6 6 -8
leaf_value=8.7600065826616132e-05 3.9393675638777937e-05 0.00026939578580929249 -0.00019964877551580172 9.0135551269216911e-05 -0.00011965666778404787 4.5116494385717606e-05 -4.5819802802491655e-05
leaf_weight=62 104 27 154 26 33 233 105
leaf_count=62 104 27 154 26 33 233 105
internal_value=0.000672043 0 -0.00244479 -0.00504695 0.00211864 0.00212329 0.00118343
internal_weight=744 682 317 213 59 365 338
internal_count=744 682 317 213 59 365 338
is_linear=0
shrinkage=0.05


Tree=10
num_leaves=8
num_cat=0
split_feature=4 14 2 14 1 0 6
split_gain=1.68506 2.38019 3.17596 2.23499 1.48305 1.39593 1.24018
threshold=0.018750840525272327 -0.067583665573298909 -0.0023740818596060249 -0.049735428455543622 0.055527805600529175 0.013373260157164115 -0.85310487080685082
decision_type=2 2 2 2 2 2 2
left_child=6 2 -2 -3 5 -5 -1
right_child=1 3 -4 4 -6 -7 -8
leaf_value=9.5141925451104831e-05 0.00010721107963795103 -0.00032752365841343041 -4.9398104776046085e-05 -3.0202910911297895e-05 0.0001193245754100888 -0.00020578551690227486 1.4077842926605027e-05
leaf_weight=46 37 26 30 258 28 30 294
leaf_count=46 37 26 30 258 28 30 294
internal_value=0.000634179 -0.00152812 0.00708955 -0.00321637 -0.00205696 -0.003125 0.00323529
internal_weight=749 409 67 342 316 288 340
internal_count=749 409 67 342 316 288 340
is_linear=0
shrinkage=0.05


Tree=11
num_leaves=8
num_cat=0
split_feature=2 14 2 11 9 11 6
split_gain=1.51611 1.90777 1.65714 1.49843 1.94338 1.51031 1.4697
threshold=0.11454062404348976 -0.067583665573298909 -0.0055979147508981577 0.029571955445533264 -0.057019143714618685 0.021985340636656584 1.0000000180025095e-35
decision_type=2 2 2 2 8 2 2
left_child=1 2 -1 4 6 -6 -3
right_child=-2 3 -4 -5 5 -7 -8
leaf_value=0.00015587536177969578 -0.00010421074697177174 -0.00030998666326932509 5.8029367549169293e-06 0.00027420904374868082 1.6252185603628407e-05 -0.00010518289015824885 6.0195583247821434e-06
leaf_weight=42 56 44 45 42 459 30 29
leaf_count=42 56 44 45 42 459 30 29
internal_value=0.000769746 0.001411 0.00833333 0.000413907 -0.000266904 0.000869121 -0.00787671
internal_weight=747 691 87 604 562 489 73
internal_count=747 691 87 604 562 489 73
is_linear=0
shrinkage=0.05


Tree=12
num_leaves=8
num_cat=0
split_feature=15 0 1 4 4 9 13
split_gain=1.27285 2.05636 1.89894 2.2992 4.2067 2.24533 1.67469
threshold=-0.0050847051933984302 -0.0052474055781230313 0.0027092713091175784 0.01942423364274001 0.022321139154319301 0.14481973966136177 12.88000011444092
decision_type=2 2 2 2 2 10 2
left_child=1 -1 -2 5 -5 -4 -7
right_child=2 -3 3 4 -6 6 -8
leaf_value=-2.7790061831705315e-06 6.2070376964745017e-05 -0.00024762468481341279 8.6187334638439971e-05 -0.0002058345639753859 4.0311982710703388e-05 8.4596787889050187e-05 -7.1135590444759968e-05
leaf_weight=150 207 52 98 59 82 26 60
leaf_count=150 207 52 98 59 82 26 60
internal_value=0.000408719 -0.0029703 0.00169173 -0.000692308 -0.00549645 0.00298913 -0.00290698
internal_weight=734 202 532 325 141 184 86
internal_count=734 202 532 325 141 184 86
is_linear=0
shrinkage=0.05


Tree=13
num_leaves=8
num_cat=0
split_feature=12 7 10 13 15 6 16
split_gain=1.83806 1.24427 1.1974 1.78347 1.80441 1.84437 1.38157
threshold=0.04760809957201418 0.021697811833984674 0.0041080829558171059 19.625000000000004 0.011134392959063268 -0.41933129651028744 0.042571476863798481
decision_type=2 2 2 2 2 2 2
left_child=2 -2 6 4 -4 -6 -1
right_child=1 -3 3 -5 5 -7 -8
leaf_value=-1.2004213195100817e-05 -0.00017472305089498183 -4.6264538361981374e-06 9.9328674756379211e-05 -0.00011475744915056808 0.00021387092652617085 -3.0917502916889349e-05 0.00017397219792976375
leaf_weight=400 38 74 67 46 31 59 30
leaf_count=400 38 74 67 46 31 59 30
internal_value=0.000100671 -0.00580357 0.00114534 0.00431034 0.00684713 0.00222222 -0.000348837
internal_weight=745 112 633 203 157 90 430
internal_count=745 112 633 203 157 90 430
is_linear=0
shrinkage=0.05


Tree=14
num_leaves=8
num_cat=0
split_feature=1 7 0 8 6 0 8
split_gain=1.07457 2.57611 2.38474 1.8786 1.73925 1.70186 1.85455
threshold=0.0027092713091175784 -0.0057503418445479784 0.0098983359250987019 0.048565322985374089 1.5728134094165072 0.010003275820252512 0.079351687457612688
decision_type=2 2 2 10 2 2 10
left_child=2 -2 3 -1 5 -3 -7
right_child=1 4 -4 -5 -6 6 -8
leaf_value=-1.2418459188735886e-05 -0.0002170351721483054 5.5786383896469597e-05 0.00022609128251894692 0.00012965071969550649 -0.00028581894132579088 5.403654931787194e-06 -0.00011118545592945742
leaf_weight=247 48 228 37 39 35 55 30
leaf_count=247 48 228 37 39 35 55 30
internal_value=0.000104312 -0.00164141 0.00224458 0.000699301 -0.000143678 0.00103834 -0.005
internal_weight=719 396 323 286 348 313 85
internal_count=719 396 323 286 348 313 85
is_linear=0
shrinkage=0.05


Tree=15
num_leaves=8
num_cat=0
split_feature=3 9 9 9 4 15 10
split_gain=1.27754 1.2901 1.56582 1.04122 1.39564 2.39881 1.97285
threshold=0.00106300606841947 0.16806329729447503 0.13490833223257762 0.015699375787658568 0.020549235921008668 0.0054666947643388095 -0.0020521609912821921
decision_type=2 10 10 10 2 2 2
left_child=3 2 -2 4 6 -6 -1
right_child=1 -3 -4 -5 5 -7 -8
leaf_value=-0.00020511347863070678 1.2331385278972503e-05 -4.5614253334141195e-05 9.9205783126820509e-05 5.1662649709629043e-06 3.8795060411468061e-05 -0.00028563303580662224 -3.7851833005565751e-05
leaf_weight=36 253 50 38 193 94 35 44
leaf_count=36 253 50 38 193 94 35 44
internal_value=0.000168237 0.00241935 0.00369416 -0.00174129 -0.0041866 -0.000968992 -0.009375
internal_weight=743 341 291 402 209 129 80
internal_count=743 341 291 402 209 129 80
is_linear=0
shrinkage=0.05


Tree=16
num_leaves=8
num_cat=0
split_feature=13 14 6 2 8 8 16
split_gain=1.41514 2.12481 1.70979 2.68359 1.62345 1.8294 1.69953
threshold=17.369999885559086 -0.030119880421319408 0.19531700881738009 0.0039470365278008188 -0.007726529629750011 -0.07757540786006055 -0.00095110220205207863
decision_type=2 2 2 2 8 10 2
left_child=1 -1 -3 -4 5 -2 -6
right_child=4 2 3 -5 6 -7 -8
leaf_value=8.6777762927692985e-05 5.5342829297704187e-06 1.1714816015023865e-05 5.0756928606135671e-05 -0.00019422895428393289 0.00014484729124492296 -0.00016851440029630807 -2.1904226815838398e-05
leaf_weight=135 41 235 27 60 57 92 110
leaf_count=135 41 235 27 60 57 92 110
internal_value=-0.000165125 0.00158643 -0.000621118 -0.0066092 -0.00283333 -0.00695489 0.000449102
internal_weight=757 457 322 87 300 133 167
internal_count=757 457 322 87 300 133 167
is_linear=0
shrinkage=0.05


Tree=17
num_leaves=8
num_cat=0
split_feature=1 1 8 11 9 6 5
split_gain=1.14063 1.55904 1.36531 1.25238 1.2165 2.14135 1.85405
threshold=0.055527805600529175 0.033077125159702965 0.12954728059036139 0.026101740885835282 -0.046022707998882577 0.26269528203540987 0.013819270562749224
decision_type=2 2 8 2 8 2 2
left_child=1 2 4 -3 5 6 -1
right_child=-2 3 -4 -5 -6 -7 -8
leaf_value=-0.00047222461186842792 9.548161752900527e-05 -0.00016526110652484319 -0.00017791663932034945 3.3637080247796591e-05 1.9438501218389803e-05 0.00011310348882937783 -3.8587624815169657e-05
leaf_weight=29 40 38 27 27 513 29 43
leaf_count=29 40 38 27 27 513 29 43
internal_value=0.000536193 7.08215e-05 0.000819033 -0.00730769 0.00130293 -0.00371287 -0.00833333
internal_weight=746 706 641 65 614 101 72
internal_count=746 706 641 65 614 101 72
is_linear=0
shrinkage=0.05


Tree=18
num_leaves=8
num_cat=0
split_feature=15 6 2 2 6 2 12
split_gain=1.26418 1.32967 1.32344 1.62644 1.74574 1.52069 1.99905
threshold=-0.0050847051933984302 1.5864570111988459 0.11454062404348976 0.071032140556567494 0.060590511009473026 -0.023003119300548876 0.0066896408709551389
decision_type=2 2 2 2 2 2 2
left_child=1 -1 3 5 -5 6 -2
right_child=2 -3 -4 4 -6 -7 -8
leaf_value=-1.51253635149841e-05 5.4622643011921971e-06 -0.00040149525830579166 -5.8034815194400909e-05 0.00013815949818153897 3.8865697509720814e-05 -5.9544270066710238e-06 0.00014617017943271024
leaf_weight=182 96 26 37 37 31 301 43
leaf_count=182 96 26 37 37 31 301 43
internal_value=0.000431607 -0.00288462 0.00169725 0.0023622 0.00955882 0.00125 0.00557554
internal_weight=753 208 545 508 68 440 139
internal_count=753 208 545 508 68 440 139
is_linear=0
shrinkage=0.05


Tree=19
num_leaves=8
num_cat=0
split_feature=9 2 15 13 9 15 16
split_gain=1.25389 1.34038 3.04271 1.27236 1.98727 1.54902 1.80888
threshold=-0.051018944319946684 -0.023003119300548876 -0.0028513532486323374 19.085000038146976 0.10829701685375782 0.0054427659978246732 0.023911921430179731
decision_type=8 2 2 2 10 2 2
left_child=-1 2 -2 4 -3 6 -6
right_child=1 3 -4 -5 5 -7 -8
leaf_value=-0.00012491920507482951 -2.2967842540819053e-05 -6.6305267606161023e-05 9.9317328149167437e-05 9.3059255355612121e-05 8.5916130768661865e-06 -2.2583764676327013e-05 0.00011652902125715995
leaf_weight=111 45 203 86 80 108 77 29
leaf_count=111 45 203 86 80 108 77 29
internal_value=0.000169147 0.00103503 0.00553435 -0.000150905 -0.00125899 0.0021028 0.00529197
internal_weight=739 628 131 497 417 214 137
internal_count=739 628 131 497 417 214 137
is_linear=0
shrinkage=0.05


Tree=20
num_leaves=8
num_cat=0
split_feature=2 14 14 7 0 14 11
split_gain=1.72987 2.15318 2.41762 1.90541 1.47116 1.38868 1.44917
threshold=0.11454062404348976 -0.067583665573298909 -0.054330610723124943 0.016469857694300653 0.0020308787735852101 -0.02817624153510306 0.030772226573239195
decision_type=2 2 2 2 2 2 2
left_child=1 3 -3 -1 -2 -4 -7
right_child=4 2 5 -5 -6 6 -8
leaf_value=9.8041981505763158e-05 1.9979761651656505e-05 -0.00021616526090012143 7.085927193996445e-05 -3.6907399811107053e-06 -0.00031851714251371447 -1.0498711141593634e-05 0.00028236913008860122
leaf_weight=56 26 37 92 27 29 459 25
leaf_count=56 26 37 92 27 29 459 25
internal_value=-9.98668e-05 0.000574713 -0.000448613 0.00813253 -0.00863636 0.000347222 -0.00072314
internal_weight=751 696 613 83 55 576 484
internal_count=751 696 613 83 55 576 484
is_linear=0
shrinkage=0.05


Tree=21
num_leaves=8
num_cat=0
split_feature=15 0 3 0 6 1 3
split_gain=1.59746 1.3799 1.40248 1.34365 1.30131 1.5052 1.24619
threshold=-0.0050847051933984302 -0.0058107899361043427 -0.00010294008941902354 -0.010038434172606301 1.0312262836524531 0.015586218453177427 -0.0076296893320419437
decision_type=2 2 2 2 2 2 2
left_child=1 3 -3 -1 6 -6 -2
right_child=4 2 -4 -5 5 -7 -8
leaf_value=-3.3355630141734516e-05 -0.00016633760849838115 -0.00019416184958425417 -0.00016853026318434892 6.3670181791593367e-05 0.00016946053277844362 5.515835134158216e-06 9.1647670403969584e-06
leaf_weight=111 26 28 31 35 27 32 458
leaf_count=111 26 28 31 35 27 32 458
internal_value=0.000467914 -0.00329268 -0.00974576 -0.000684932 0.00188766 0.00889831 0.00103306
internal_weight=748 205 59 146 543 59 484
internal_count=748 205 59 146 543 59 484
is_linear=0
shrinkage=0.05


Tree=22
num_leaves=8
num_cat=0
split_feature=14 13 0 0 11 0 12
split_gain=0.916056 2.40667 1.70422 1.46589 1.2778 1.28744 1.15469
threshold=-0.030119880421319408 17.369999885559086 0.014584234374999562 0.005049205590626161 0.0087352100413986573 0.0068741848796055613 0.028951944914526465
decision_type=2 2 2 2 2 2 2
left_child=1 3 -2 -1 5 -3 -5
right_child=2 4 -4 6 -6 -7 -8
leaf_value=0.00014658326201847876 1.5147250204936275e-06 -0.00039681109597007759 -0.00017966114959481021 0.00015296571553451456 4.6672271406830966e-05 -3.9644413340750225e-06 -2.2221420317353648e-05
leaf_weight=59 468 27 49 46 32 31 30
leaf_count=59 468 27 49 46 32 31 30
internal_value=0.000336927 0.003 -0.00082205 0.00722222 -0.00333333 -0.00775862 0.00263158
internal_weight=742 225 517 135 90 58 76
internal_count=742 225 517 135 90 58 76
is_linear=0
shrinkage=0.05


Tree=23
num_leaves=8
num_cat=0
split_feature=4 4 5 10 9 4 5
split_gain=1.82314 1.52778 2.82013 1.57863 2.50943 1.44348 1.54307
threshold=0.015351575900165603 0.021593643687192854 0.012548030432883507 -0.0028568237545411042 0.15668326871150298 0.022211378774092409 0.011920122131935976
decision_type=2 2 2 2 10 2 2
left_child=-1 2 3 -2 -5 -3 -7
right_child=1 5 -4 4 -6 6 -8
leaf_value=5.3344620069779339e-05 -9.8340004300682921e-05 0.00011174346236462161 -0.00027602366025953262 2.6975394992954104e-05 -6.2968740287697012e-05 -0.00015237537173132598 2.3719934226248615e-05
leaf_weight=148 84 34 41 176 50 25 193
leaf_count=148 84 34 41 176 50 25 193
internal_value=0.000432756 -0.000787728 -0.00292023 -0.00129032 0.000884956 0.00218254 0.000688073
internal_weight=751 603 351 310 226 252 218
internal_count=751 603 351 310 226 252 218
is_linear=0
shrinkage=0.05


Tree=24
num_leaves=8
num_cat=0
split_feature=6 4 1 2 5 4 14
split_gain=1.19393 1.59814 1.37661 1.42589 1.36167 1.34543 2.09234
threshold=-0.28887971686391561 0.016451029723284116 0.055527805600529175 0.11454062404348976 0.014991179630346204 0.01918283345896981 0.01016731697942619
decision_type=2 2 2 2 2 2 2
left_child=1 -1 3 4 -2 6 -3
right_child=2 5 -4 -5 -6 -7 -8
leaf_value=9.5368471249805318e-05 -1.8051163990074304e-05 1.2382209349201838e-06 0.00016463420451685873 -0.00012996145602537932 0.00010703638317935497 2.6363951558266249e-05 -0.00023324039738537315
leaf_weight=104 317 50 26 29 26 169 28
leaf_count=104 317 50 26 29 26 169 28
internal_value=0.000367156 0.00249288 -0.00150754 -0.00228495 -0.00138484 0.000303644 -0.00512821
internal_weight=749 351 398 372 343 247 78
internal_count=749 351 398 372 343 247 78
is_linear=0
shrinkage=0.05


Tree=25
num_leaves=8
num_cat=0
split_feature=2 13 0 0 1 7 1
split_gain=1.40826 2.76505 2.67397 3.24735 2.53099 1.61933 1.5774
threshold=0.0085609778085290484 15.355000019073488 0.015805349802190286 -0.020879384511508888 0.055527805600529175 0.00057469719757352611 -0.001766833943563306
decision_type=2 2 2 2 2 2 2
left_child=1 -1 3 -3 5 -2 -7
right_child=4 2 -4 -5 -6 6 -8
leaf_value=8.9479069787165021e-05 -0.00013298807805797673 0.00013292313354138071 9.029628544609576e-05 -6.9392482187183955e-05 0.00015013560807953675 9.1518529134163948e-05 -1.8502127891243487e-05
leaf_weight=80 43 33 34 214 33 59 261
leaf_count=80 43 33 34 214 33 59 261
internal_value=0.000165125 0.00242382 8.8968e-05 -0.00172065 -0.00189394 -0.00309917 -0.001875
internal_weight=757 361 281 247 396 363 320
internal_count=757 361 281 247 396 363 320
is_linear=0
shrinkage=0.05


Tree=26
num_leaves=8
num_cat=0
split_feature=2 11 2 6 13 3 10
split_gain=1.36368 1.92555 1.53169 1.93789 1.82449 1.68759 1.65172
threshold=-0.023003119300548876 -0.012621089037305853 -0.015656474753452495 0.14948999099989829 18.595000267028812 0.0028786333050720985 0.00063379839939814453
decision_type=2 2 2 2 2 2 2
left_child=1 -1 -2 5 -5 -4 -7
right_child=2 -3 3 4 -6 6 -8
leaf_value=-3.2774022801075699e-05 -0.00022173674416399545 6.9456913467497248e-05 -1.9744654818183108e-06 -0.00012667860978861635 8.8911261633978266e-05 0.0001426070067849781 2.4086369383122471e-05
leaf_weight=66 33 131 252 120 45 28 62
leaf_count=66 33 131 252 120 45 28 62
internal_value=0.000373134 0.00393401 -0.000925926 -0.000246548 -0.00469697 0.00190058 0.00777778
internal_weight=737 197 540 507 165 342 90
internal_count=737 197 540 507 165 342 90
is_linear=0
shrinkage=0.05


Tree=27
num_leaves=8
num_cat=0
split_feature=14 13 0 9 14 14 14
split_gain=1.16701 2.40271 1.5239 1.64571 1.51863 1.60637 1.00901
threshold=-0.029587498132827402 17.369999885559086 0.0022881580898435065 -0.10185690824586578 -0.039477048520880569 -0.066405515647089006 -0.015515001009757
decision_type=2 2 2 10 2 2 2
left_child=1 4 -3 -4 5 -1 -2
right_child=6 2 3 -5 -6 -7 -8
leaf_value=0.00011380514738951967 -6.098791833412938e-05 -0.00023254825309672171 6.5984067794122404e-05 -1.2920798674900033e-05 0.00016707940300496015 -1.1836506732358209e-05 -5.3071670319329366e-06
leaf_weight=47 74 26 25 45 31 57 444
leaf_count=47 74 26 25 45 31 57 444
internal_value=-3.33778e-05 0.00292208 -0.003125 0.000714286 0.00722222 0.00432692 -0.00135135
internal_weight=749 231 96 70 135 104 518
internal_count=749 231 96 70 135 104 518
is_linear=0
shrinkage=0.05


Tree=28
num_leaves=8
num_cat=0
split_feature=0 0 6 14 10 16 7
split_gain=0.903425 1.70007 1.38277 1.14706 1.05379 1.31175 0.836868
threshold=-0.019055336889782722 -0.010038434172606301 1.3864023644451271 -0.013693091090924312 -0.0015422904844975547 -0.011155856346375391 -0.034632408269963437
decision_type=2 2 2 2 2 2 2
left_child=-1 4 6 -4 5 -2 -3
right_child=1 2 3 -5 -6 -7 -8
leaf_value=6.810131789259108e-05 -0.000174312135588681 8.8072932406039605e-05 1.7657877396021096e-05 -0.00028009513387948335 -0.00035587090866744884 0.00016363123039583933 2.0768446910238852e-06
leaf_weight=65 31 51 26 25 26 29 511
leaf_count=65 31 51 26 25 26 29 511
internal_value=0.00013089 -0.000393419 0.000530179 -0.00735294 -0.00697674 -0.00333333 0.00124555
internal_weight=764 699 613 51 86 60 562
internal_count=764 699 613 51 86 60 562
is_linear=0
shrinkage=0.05


Tree=29
num_leaves=8
num_cat=0
split_feature=15 0 3 9 9 0 3
split_gain=1.36273 1.43992 1.67454 1.40397 0.85539 1.52209 1.524
threshold=-0.023027529447998015 -0.016688342903675987 -0.008600823256087629 0.18974584372093831 -0.046022707998882577 0.011765248584999501 0.00032591030453676956
decision_type=2 2 2 10 8 2 2
left_child=-1 -2 -3 4 5 6 -4
right_child=1 2 3 -5 -6 -7 -8
leaf_value=-0.0001685364512621939 0.0001647214959294296 -0.00015901642110612206 3.1480638901494871e-05 -3.8909896111185381e-05 1.5249127215005449e-05 6.2581022169865081e-05 -0.00036781018946867175
leaf_weight=35 50 37 27 32 495 25 31
leaf_count=35 50 37 27 32 495 25 31
internal_value=0.00034153 0.000824964 0.000193199 0.000819672 0.00138408 -0.00331325 -0.00775862
internal_weight=732 697 647 610 578 83 58
internal_count=732 697 647 610 578 83 58
is_linear=0
shrinkage=0.05


Tree=30
num_leaves=8
num_cat=0
split_feature=9 1 9 9 11 2 8
split_gain=1.10134 0.795398 0.783523 1.83634 1.41062 1.42624 1.9774
threshold=0.18974584372093831 -0.048297443312441617 -0.046022707998882577 -0.087652332499991145 -0.018044492725928726 -0.033537136700558239 0.033187890171811459
decision_type=10 2 8 10 2 2 10
left_child=1 -1 3 -3 -4 -6 -7
right_child=-2 2 4 -5 5 6 -8
leaf_value=-4.8870647611251577e-05 -5.3743130127275732e-05 1.4663129663981812e-05 0.00021660715526195993 -0.0003400514883387102 8.2790794850187512e-05 -3.8015217929987439e-05 3.8526277755480173e-05
leaf_weight=38 29 70 49 33 78 218 223
leaf_count=38 29 70 49 33 78 218 223
internal_value=6.77507e-05 0.000458392 0.00085693 -0.00315534 0.00158451 0.000818882 -0.000283447
internal_weight=738 709 671 103 568 519 441
internal_count=738 709 671 103 568 519 441
is_linear=0
shrinkage=0.05


Tree=31
num_leaves=8
num_cat=0
split_feature=16 12 15 9 9 15 7
split_gain=1.02892 1.43732 1.28799 2.50656 2.49499 1.89031 1.5873
threshold=0.017632716408239383 0.041391540818904844 0.0075044396202282879 0.1506443080502258 0.094929206858305762 -0.00052958546255144057 0.019510182455104722
decision_type=2 2 2 10 10 2 2
left_child=1 -1 4 6 5 -2 -4
right_child=2 -3 3 -5 -6 -7 -8
leaf_value=-4.5024454004127539e-06 -0.00013560275273012036 -0.00010417526582405584 -4.157701122697894e-05 -0.0001567139595649894 0.00010056774476306657 6.2657229463088457e-05 9.5332751537859832e-05
leaf_weight=411 32 79 36 26 51 55 48
leaf_count=411 32 79 36 26 51 55 48
internal_value=-0.000406504 -0.00173469 0.00221774 -0.00181818 0.00543478 0.000287356 0.00238095
internal_weight=738 490 248 110 138 87 84
internal_count=738 490 248 110 138 87 84
is_linear=0
shrinkage=0.05


Tree=32
num_leaves=8
num_cat=0
split_feature=2 9 9 12 8 16 0
split_gain=1.51962 1.27495 1.63613 2.20815 2.38419 1.70216 1.39385
threshold=0.11454062404348976 0.10388376928378097 0.14347854875305702 0.045723592601736203 0.030168623384917329 0.016058359409100279 0.0072810044703072183
decision_type=2 10 10 2 10 2 2
left_child=1 -1 5 4 -4 -3 -6
right_child=-2 2 3 -5 6 -7 -8
leaf_value=-1.5749163701429815e-06 -2.9784036108739843e-05 3.0556871942831377e-05 -5.7876334601632296e-05 -5.9036426831344563e-05 0.00013568314455062857 0.00015173707534261538 -2.0350132724397154e-06
leaf_weight=457 59 51 28 27 59 39 31
leaf_count=457 59 51 28 27 59 39 31
internal_value=0.000499334 0.00115607 0.00414894 0.000862069 0.00381356 0.00944444 0.00777778
internal_weight=751 692 235 145 118 90 90
internal_count=751 692 235 145 118 90 90
is_linear=0
shrinkage=0.05


Tree=33
num_leaves=8
num_cat=0
split_feature=9 4 11 4 5 10 5
split_gain=1.88965 1.16788 1.36005 1.23059 2.25652 1.93949 1.49982
threshold=0.18974584372093831 0.018014274345805423 -0.011129829158328551 0.021593643687192854 0.012464483869793421 0.0028352322367303233 0.011920122131935976
decision_type=10 2 2 2 2 2 2
left_child=1 2 -1 4 5 -3 -5
right_child=-2 3 -4 6 -6 -7 -8
leaf_value=-0.0001634739613440279 -5.0729100687269342e-05 -8.3154079346539928e-05 4.0152376104520389e-05 -0.00011353969668723585 -0.0002323814665215745 5.8410004084341865e-05 3.0286978105045685e-05
leaf_weight=30 33 92 250 35 44 63 201
leaf_count=30 33 92 250 35 44 63 201
internal_value=0.000334225 0.000874126 0.00339286 -0.000747126 -0.00364322 -0.000806452 0.00169492
internal_weight=748 715 280 435 199 155 236
internal_count=748 715 280 435 199 155 236
is_linear=0
shrinkage=0.05


Tree=34
num_leaves=8
num_cat=0
split_feature=6 12 9 16 13 15 16
split_gain=1.10055 1.68184 1.9077 2.01423 1.56232 1.53129 1.41791
threshold=-0.28887971686391561 0.0077064466634939608 0.19438115189790386 0.014926180038304484 22.330000877380375 0.0068853402745900913 -0.022973311524020597
decision_type=2 2 8 2 2 2 2
left_child=4 6 3 -3 -1 -5 -2
right_child=1 2 -4 5 -6 -7 -8
leaf_value=3.2815668354464407e-05 -9.1314473549312932e-06 -9.48465880036132e-05 -0.00017911748562614771 4.4679601830435826e-05 -9.912306220784618e-05 -1.9347771641537349e-05 6.0452999990477695e-05
leaf_weight=322 59 99 52 51 37 50 79
leaf_count=322 59 99 52 51 37 50 79
internal_value=0.000300401 -0.00153846 -0.00396825 -0.00175 0.00229805 0.00321782 0.00289855
internal_weight=749 390 252 200 359 101 138
internal_count=749 390 252 200 359 101 138
is_linear=0
shrinkage=0.05


Tree=35
num_leaves=8
num_cat=0
split_feature=2 7 2 4 12 9 12
split_gain=0.9866 1.15799 1.94814 1.5464 3.04397 1.84986 1.94541
threshold=0.12143781315768877 0.0020693952419051924 0.023333090193467191 0.024269400790384196 0.013959739003271522 1.0000000180025095e-35 0.025521160306696159
decision_type=2 2 2 2 2 10 2
left_child=1 2 3 4 -1 -6 -7
right_child=-2 -3 -4 -5 5 6 -8
leaf_value=-0.00014432350511572561 -9.1177071750813202e-05 8.488917324095142e-06 -0.00032243660122106149 6.4697013174386909e-05 0.00020442498134696856 0.00012222235406811408 -0.00011407961165958532
leaf_weight=140 47 373 25 71 35 26 36
leaf_count=140 47 373 25 71 35 26 36
internal_value=9.96016e-05 0.000566572 -0.00157658 -0.000487013 -0.00242616 0.00438144 -0.000806452
internal_weight=753 706 333 308 237 97 62
internal_count=753 706 333 308 237 97 62
is_linear=0
shrinkage=0.05


Tree=36
num_leaves=8
num_cat=0
split_feature=4 11 6 0 3 5 6
split_gain=1.65305 1.26703 1.27324 1.20996 1.40598 0.909229 1.07811
threshold=0.015293011428900705 0.012763459668046597 -0.46165751788715176 -0.019055336889782722 -0.008600823256087629 0.0094343024711998034 0.13202040174934082
decision_type=2 2 2 2 2 2 2
left_child=1 2 -1 -2 -5 -6 -7
right_child=3 -3 -4 4 5 6 -8
leaf_value=8.6270561176520155e-05 7.3421934318298673e-05 4.2117958969680293e-05 -1.4949150152360333e-05 -0.00024963966967991581 -8.2963139841224238e-05 5.3663915119434899e-06 -3.0672391791647899e-05
leaf_weight=38 58 46 64 36 29 334 145
leaf_count=38 58 46 64 36 29 334 145
internal_value=0.000333333 0.00506757 0.00196078 -0.000830565 -0.0015625 -0.000885827 -0.000365344
internal_weight=750 148 102 602 544 508 479
internal_count=750 148 102 602 544 508 479
is_linear=0
shrinkage=0.05


Tree=37
num_leaves=8
num_cat=0
split_feature=3 13 3 4 13 1 7
split_gain=1.0113 0.995556 0.992429 1.01141 0.929426 1.34184 1.85715
threshold=-0.008600823256087629 21.295000076293949 -0.0055755193332276401 0.018837658670004771 23.965000152587894 0.055527805600529175 0.047472286388589587
decision_type=2 2 2 2 2 2 2
left_child=1 -1 3 -2 5 6 -4
right_child=2 -3 4 -5 -6 -7 -8
leaf_value=-0.00012635328183011461 0.00014374499961285932 2.2744818495128683e-05 5.4825526337136738e-06 1.7375834699237733e-05 -0.00011983840300136611 0.00012274255019650358 -4.1038083098173886e-05
leaf_weight=45 31 25 511 36 34 27 49
leaf_count=45 31 25 511 36 34 27 49
internal_value=0.000725594 -0.005 0.00130814 0.00708955 0.00068438 0.00114991 0.000625
internal_weight=758 70 688 67 621 587 560
internal_count=758 70 688 67 621 587 560
is_linear=0
shrinkage=0.05


Tree=38
num_leaves=8
num_cat=0
split_feature=14 14 3 9 13 13 0
split_gain=1.09526 1.24459 1.16279 0.987288 1.54853 2.06575 1.46876
threshold=-0.083456210331023115 -0.051474636784154308 0.0027177123611495939 -0.046022707998882577 19.010000228881839 20.555000305175785 0.016577269447792479
decision_type=2 2 2 10 2 2 2
left_child=-1 2 -2 4 -3 -6 -5
right_child=1 3 -4 6 5 -7 -8
leaf_value=7.1420940598825597e-05 -0.00013845566952138335 -0.00011587183881697148 4.6137054048145912e-05 2.4195198306959993e-05 0.00017783142945775548 -1.8482388889970709e-05 -0.0001400839504453147
leaf_weight=55 43 136 43 361 29 56 25
leaf_count=55 43 136 43 361 29 56 25
internal_value=0.000935829 0.000396825 -0.00523256 0.0011944 -0.00147059 0.00382353 0.00272021
internal_weight=748 693 86 607 221 85 386
internal_count=748 693 86 607 221 85 386
is_linear=0
shrinkage=0.05


Tree=39
num_leaves=8
num_cat=0
split_feature=9 9 11 15 14 7 7
split_gain=1.07804 1.31488 1.18769 1.8452 1.96725 1.41595 3.32844
threshold=0.10669629258483694 0.19088031890913573 0.0019507060207528684 -0.00052958546255144057 0.031250907350716124 0.0047249355861233031 -0.031352043359037567
decision_type=10 10 2 2 2 2 2
left_child=2 -2 5 4 -4 6 -1
right_child=1 -3 3 -5 -6 -7 -8
leaf_value=6.7653140964986372e-05 3.5662450933842287e-05 -2.2366205800769102e-05 -0.0002360698330369608 -2.4980132782617986e-06 -9.2587004016606546e-05 9.4944726912404189e-05 -0.00011971066299477233
leaf_weight=92 210 30 40 178 36 62 89
leaf_count=92 210 30 40 178 36 62 89
internal_value=0.000373134 0.003125 -0.000955734 -0.00334646 -0.00986842 0.00154321 -0.000690608
internal_weight=737 240 497 254 76 243 181
internal_count=737 240 497 254 76 243 181
is_linear=0
shrinkage=0.05


Tree=40
num_leaves=8
num_cat=0
split_feature=0 6 9 0 2 2 2
split_gain=1.25824 1.33052 1.17084 3.20653 1.46828 2.12078 1.99997
threshold=-0.020044376801402915 1.9872988141875232 -0.046022707998882577 0.011097782014910408 -0.033537136700558239 -0.043151780337260408 -0.010318258490957353
decision_type=2 2 8 2 2 2 2
left_child=-1 2 3 -2 5 -4 -6
right_child=1 -3 4 -5 6 -7 -8
leaf_value=8.5733936322945393e-05 -0.00024268772220064277 -0.00010066482629463277 2.0796195242203036e-05 8.0407793055427675e-05 -0.00014755553350152289 0.00021541568781672266 3.9159175369065177e-06
leaf_weight=56 68 34 60 26 78 25 403
leaf_count=56 68 34 60 26 78 25 403
internal_value=-6.66667e-05 -0.000648415 -0.000151515 -0.00531915 0.000706714 0.00676471 -0.000363825
internal_weight=750 694 660 94 566 85 481
internal_count=750 694 660 94 566 85 481
is_linear=0
shrinkage=0.05


Tree=41
num_leaves=8
num_cat=0
split_feature=2 0 8 7 13 3 0
split_gain=1.45444 2.22364 2.21386 1.4337 1.40574 1.57902 2.09004
threshold=-0.023003119300548876 0.014584234374999562 0.033187890171811459 0.0018315816660425812 13.59500026702881 -0.00053321869148048584 -0.0019215972210689933
decision_type=2 2 10 2 2 2 2
left_child=-1 2 4 -4 -2 -6 -7
right_child=1 -3 3 -5 5 6 -8
leaf_value=2.8031252517504194e-05 9.7421763758957392e-05 -7.4897865755731765e-05 -0.00011183618761518057 8.8560179809000553e-05 -0.00011296262570226748 9.6164743883798631e-05 -0.00012841084878059285
leaf_weight=199 29 83 25 202 93 45 76
leaf_count=199 29 83 25 202 93 45 76
internal_value=0.000731383 -0.000587703 0.000744681 0.00429515 -0.00257202 -0.00397196 -0.000206612
internal_weight=752 553 470 227 243 214 121
internal_count=752 553 470 227 243 214 121
is_linear=0
shrinkage=0.05


Tree=42
num_leaves=8
num_cat=0
split_feature=16 1 13 13 7 3 6
split_gain=1.01262 1.45683 1.41001 1.58026 1.61621 1.49933 2.62204
threshold=0.016741975034519355 -0.0023589970039348813 12.925000190734865 13.84500026702881 -0.029465743211039504 0.0043954808288194655 -0.18899592453952385
decision_type=2 2 2 2 2 2 2
left_child=2 -2 -1 -4 -5 -6 -7
right_child=1 -3 3 4 5 6 -8
leaf_value=-0.00010701009497994491 0.00010742376197470816 1.3377058364834848e-06 4.855719245184312e-05 2.6156722245677813e-05 -8.1332419743439767e-05 0.00011468930503968559 -0.00016227641132607426
leaf_weight=28 26 246 51 108 225 35 34
leaf_count=28 26 246 51 108 225 35 34
internal_value=-0.000232404 0.00220588 -0.00161123 -0.00093819 -0.00199005 -0.00391156 0.00253623
internal_weight=753 272 481 453 402 294 69
internal_count=753 272 481 453 402 294 69
is_linear=0
shrinkage=0.05


Tree=43
num_leaves=8
num_cat=0
split_feature=2 0 13 4 0 2 5
split_gain=1.17635 1.69874 2.02835 1.59922 1.49738 1.41601 1.50227
threshold=-0.023003119300548876 0.011765248584999501 22.429999351501468 0.015982938319874816 0.0020308787735852101 -0.01600707959993147 0.010392480742476921
decision_type=2 2 2 2 2 2 2
left_child=1 2 4 -2 -1 -5 -7
right_child=3 -3 -4 5 -6 6 -8
leaf_value=6.0896804878263147e-05 2.2580587989181755e-05 6.754545578285306e-05 -0.00024079938567476674 -0.00019476150525800999 -1.1541167244714697e-05 -3.9568414188693744e-05 2.2439350096433582e-07
leaf_weight=84 160 30 34 26 50 89 273
leaf_count=84 160 30 34 26 50 89 273
internal_value=0.000737265 0.0040404 0.00208333 -0.000456204 0.00485075 -0.00219072 -0.00138122
internal_weight=746 198 168 548 134 388 362
internal_count=746 198 168 548 134 388 362
is_linear=0
shrinkage=0.05


Tree=44
num_leaves=8
num_cat=0
split_feature=2 14 14 14 4 12 1
split_gain=1.28697 1.23182 1.17333 1.2908 1.1533 1.47844 1.45736
threshold=0.11454062404348976 -0.067583665573298909 -0.051474636784154308 -0.030119880421319408 0.021593643687192854 -0.014960350168733092 0.018376470649878244
decision_type=2 2 2 2 2 2 2
left_child=1 -1 -3 -4 5 -5 -6
right_child=-2 2 3 4 6 -7 -8
leaf_value=4.360150067779451e-05 -6.0634810365340494e-05 -0.00013194623283648097 6.8503650462813052e-05 -0.00022514166877073865 1.3512780211727719e-06 -4.8378238677335239e-07 9.6749647612047855e-05
leaf_weight=85 55 50 73 46 88 304 39
leaf_count=85 55 50 73 46 88 304 39
internal_value=0.000540541 0.00113139 0.000333333 0.001 5.24109e-05 -0.00142857 0.00413386
internal_weight=740 685 600 550 477 350 127
internal_count=740 685 600 550 477 350 127
is_linear=0
shrinkage=0.05


Tree=45
num_leaves=8
num_cat=0
split_feature=4 0 2 0 12 10 13
split_gain=1.16959 1.89634 1.26373 2.36596 1.72831 1.86934 1.24941
threshold=0.015931718812230388 0.0032394264299917546 -0.027798513601788529 0.011410832723093069 0.0033715039290467268 -0.00053944274453426855 19.010000228881839
decision_type=2 2 2 2 2 2 2
left_child=1 -1 3 4 5 -2 -4
right_child=2 -3 6 -5 -6 -7 -8
leaf_value=6.814656717507479e-05 2.0628466674842921e-05 -2.9679655043679795e-06 -3.1749919825097617e-05 0.0001427308772568327 9.0584661413137528e-05 -0.00020855152465765984 2.6921288626389955e-05
leaf_weight=106 53 79 313 25 31 45 94
leaf_count=106 53 79 313 25 31 45 94
internal_value=0.000201072 0.00364865 -0.000935829 0.00292208 0.000193798 -0.00306122 -0.00239558
internal_weight=746 185 561 154 129 98 407
internal_count=746 185 561 154 129 98 407
is_linear=0
shrinkage=0.05


Tree=46
num_leaves=8
num_cat=0
split_feature=6 12 9 9 9 9 6
split_gain=0.823594 2.31542 1.62011 1.62651 1.47227 2.11517 1.67742
threshold=0.11959786364848328 -0.033690141837628411 -0.046022707998882577 -0.094538258045112886 0.18308529230033202 0.12258917610542076 1.0312262836524531
decision_type=2 2 8 10 8 10 2
left_child=2 -2 3 -1 5 -3 -6
right_child=1 4 -4 -5 6 -7 -8
leaf_value=5.7677559669880654e-07 0.00019819967732162769 -2.7415398189996615e-05 2.4313635039329288e-05 -0.00017468401276412809 -0.00014825725518088201 6.543689486716148e-05 -3.770336916748059e-05
leaf_weight=53 30 110 416 25 36 52 26
leaf_count=53 30 110 416 25 36 52 26
internal_value=0.000935829 -0.00137795 0.00212551 -0.00448718 -0.003125 -0.000617284 -0.00967742
internal_weight=748 254 494 78 224 162 62
internal_count=748 254 494 78 224 162 62
is_linear=0
shrinkage=0.05


Tree=47
num_leaves=8
num_cat=0
split_feature=0 6 4 0 11 1 0
split_gain=0.961071 1.36241 1.03553 1.46759 1.27872 1.5358 2.73631
threshold=-0.020044376801402915 1.2903501650421927 0.018087357258549729 0.0033580324707792601 0.029571955445533264 0.0027092713091175784 0.0061378743218077911
decision_type=2 2 2 2 2 2 2
left_child=-1 2 3 -2 5 6 -4
right_child=1 -3 4 -5 -6 -7 -8
leaf_value=9.2875010685197838e-05 6.9360210183158109e-05 -9.3711547739333068e-05 -5.1910887695363765e-05 -8.9058858881710049e-07 5.3896409240078566e-05 -4.8602711096774454e-05 0.00011955284816804113
leaf_weight=56 161 56 122 109 47 145 43
leaf_count=56 161 56 122 109 47 145 43
internal_value=0.000845737 0.000329429 0.00099681 0.00333333 -0.000770308 -0.00193548 0.00136364
internal_weight=739 683 627 270 357 310 165
internal_count=739 683 627 270 357 310 165
is_linear=0
shrinkage=0.05


Tree=48
num_leaves=8
num_cat=0
split_feature=7 7 16 11 1 4 4
split_gain=1.50703 1.64595 1.49662 1.30462 1.28837 0.893406 1.27971
threshold=-0.029465743211039504 -0.05065219193899783 -0.0058714404649961019 -0.018044492725928726 -0.026969720771125246 0.028292324128800849 0.021593643687192854
decision_type=2 2 2 2 2 2 2
left_child=1 -1 3 -3 -2 6 -6
right_child=4 2 -4 -5 5 -7 -8
leaf_value=-2.5333310624465341e-05 -0.0001620215345754642 0.00031035923423283871 0.00019817789243714614 -6.5322697147060606e-06 -2.244046031233196e-06 -0.00016276561204972356 5.3701074446216627e-05
leaf_weight=37 44 25 26 29 417 28 134
leaf_count=37 44 25 26 29 417 28 134
internal_value=0.000135135 0.00534188 0.009375 0.00462963 -0.000842697 -0.000215889 0.00022686
internal_weight=740 117 80 54 623 579 551
internal_count=740 117 80 54 623 579 551
is_linear=0
shrinkage=0.05


Tree=49
num_leaves=8
num_cat=0
split_feature=6 14 15 9 9 0 15
split_gain=1.02466 1.6771 2.10956 1.35466 1.33241 1.57404 3.00942
threshold=-0.28887971686391561 0.11068884178819839 -0.011410133740554771 -0.046022707998882577 0.033430014859727082 0.0037987901100332571 0.0094308963583541478
decision_type=2 2 2 8 8 2 2
left_child=3 2 -2 -1 -5 -6 -7
right_child=1 -3 -4 4 5 6 -8
leaf_value=-0.00011483551694916754 -0.00023819403662979452 0.00013441724713622889 -3.8462418473315418e-06 7.9272708877277999e-05 6.3235848092160722e-05 -0.00010234553456502252 9.9523063324293267e-05
leaf_weight=58 43 36 307 49 161 40 39
leaf_count=58 43 36 307 49 161 40 39
internal_value=-0.000170532 -0.00194301 -0.003 0.00180115 0.00320069 0.00166667 -0.00411392
internal_weight=733 386 350 347 289 240 79
internal_count=733 386 350 347 289 240 79
is_linear=0
shrinkage=0.05


Tree=50
num_leaves=8
num_cat=0
split_feature=15 14 14 11 14 7 14
split_gain=1.3394 1.45152 2.16571 1.21108 1.0754 1.90222 1.25812
threshold=-0.023027529447998015 0.058009640559056781 0.035942894407802857 0.003813504719322514 -0.077913276979976895 0.0014310821481798854 -0.051474636784154308
decision_type=2 2 2 2 2 2 2
left_child=-1 2 4 -4 5 -2 -6
right_child=1 -3 3 -5 6 -7 -8
leaf_value=-0.00013895367201521164 0.00011675727570684915 4.3706403556840896e-05 -0.00019318079860543701 -4.2555876182042833e-06 -5.7092831953564391e-05 -3.8155870139782931e-06 4.9809810471815367e-06
leaf_weight=38 34 91 30 26 68 31 422
leaf_count=38 34 91 30 26 68 31 422
internal_value=-6.75676e-05 0.00042735 -0.000450082 -0.00982143 0.000495495 0.00653846 -0.000306122
internal_weight=740 702 611 56 555 65 490
internal_count=740 702 611 56 555 65 490
is_linear=0
shrinkage=0.05


Tree=51
num_leaves=8
num_cat=0
split_feature=5 12 13 4 5 10 2
split_gain=1.01719 1.15409 1.90419 1.69781 1.94893 2.23894 1.91723
threshold=0.0081043289162688794 0.025521160306696159 14.715000152587892 0.024242422793681963 0.010579472970552907 -0.013932241848525038 0.059101929382795911
decision_type=2 2 2 2 2 2 2
left_child=-1 3 -3 4 -2 -6 -7
right_child=1 2 -4 -5 5 6 -8
leaf_value=0.0002138560876412953 3.806210542376728e-05 5.6023777409658887e-06 -7.0748904165568501e-05 7.6678364687105926e-05 -0.00042954499896741705 -8.5533321364034388e-06 0.0001118383294730026
leaf_weight=31 111 151 146 86 25 186 26
leaf_count=31 111 151 146 86 25 186 26
internal_value=0 -0.000376197 -0.00277778 0.00126728 -0.000287356 -0.0028481 -0.00117925
internal_weight=762 731 297 434 348 237 212
internal_count=762 731 297 434 348 237 212
is_linear=0
shrinkage=0.05


Tree=52
num_leaves=8
num_cat=0
split_feature=1 1 16 0 8 14 16
split_gain=1.2956 1.14611 1.03614 2.06504 2.01963 1.46581 1.13703
threshold=0.055527805600529175 0.040712089730151731 0.016741975034519355 0.0093905272926415612 0.061922578977396288 -0.0015377949631008578 0.025906890397640828
decision_type=2 2 2 2 10 2 2
left_child=1 2 -1 5 -5 6 -4
right_child=-2 -3 3 4 -6 -7 -8
leaf_value=-4.3196689359815011e-06 9.4815206925037441e-05 -7.4842769869390337e-05 0.00028100377336868191 2.2268627204283418e-05 -9.2024130289067362e-05 1.1158309559446135e-05 3.4281445278871568e-05
leaf_weight=473 36 39 28 39 25 61 47
leaf_count=473 36 39 28 39 25 61 47
internal_value=0.000467914 0 0.000482912 0.0035 -0.00390625 0.00698529 0.0116667
internal_weight=748 712 673 200 64 136 75
internal_count=748 712 673 200 64 136 75
is_linear=0
shrinkage=0.05


Tree=53
num_leaves=8
num_cat=0
split_feature=15 7 10 1 9 0 10
split_gain=0.930466 1.3568 1.4504 1.5603 1.00546 1.89782 1.99625
threshold=-0.023027529447998015 -0.029465743211039504 -0.005434364127880508 -0.034625896292782003 0.018142680382638669 -0.0059388774622234344 -0.0016165768674121226
decision_type=2 2 2 2 10 2 2
left_child=-1 2 -2 -4 -3 -6 -7
right_child=1 4 3 -5 5 6 -8
leaf_value=-0.0001391544789643779 0.0002060514087855881 -2.019039984420589e-05 -0.00012120813875772561 7.881345303613254e-05 8.4434624631794732e-05 -8.7142359029539361e-05 5.8843697114263717e-06
leaf_weight=35 27 271 28 49 56 46 231
leaf_count=35 27 271 28 49 56 46 231
internal_value=0.000100942 0.00049435 0.00576923 0.00227273 -0.000413907 0.00142643 -0.000270758
internal_weight=743 708 104 77 604 333 277
internal_count=743 708 104 77 604 333 277
is_linear=0
shrinkage=0.05


Tree=54
num_leaves=8
num_cat=0
split_feature=15 9 3 3 1 9 13
split_gain=1.14717 1.17393 0.781776 1.53075 1.55285 2.30836 1.70858
threshold=-0.024986231241789388 0.18974584372093831 0.0032930931881326457 0.0040956394606737065 0.023238304299157967 -0.02372056417538709 17.744999885559086
decision_type=2 10 2 2 2 8 2
left_child=-1 2 -2 -4 5 -5 -6
right_child=1 -3 3 4 6 -7 -8
leaf_value=-0.00045890951807422975 1.5301093976417044e-06 -3.5066743150044675e-05 0.00016288459970556461 -0.00020295553185757304 -0.00012945447293764549 6.9166356166875745e-05 4.5424738118106794e-05
leaf_weight=26 467 35 26 26 36 103 28
leaf_count=26 467 35 26 26 36 103 28
internal_value=0.000702811 0.0010749 0.00153061 0.00399543 0.00246114 0.00562016 -0.00390625
internal_weight=747 721 686 219 193 129 64
internal_count=747 721 686 219 193 129 64
is_linear=0
shrinkage=0.05


Tree=55
num_leaves=8
num_cat=0
split_feature=15 2 8 1 12 9 12
split_gain=1.00866 1.06783 1.78044 1.39641 2.25184 2.1349 1.7712
threshold=-0.023027529447998015 -0.023003119300548876 0.033187890171811459 0.0027092713091175784 0.045280695962835911 0.19438115189790386 0.01698171514572289
decision_type=2 2 10 2 2 8 2
left_child=-1 -2 -3 4 -4 -5 -7
right_child=1 2 3 5 -6 6 -8
leaf_value=-0.00010231841923990034 2.6093313521731271e-05 -3.5191866420118162e-05 0.00019825372856251014 3.1771164829980256e-05 -1.142231249684426e-05 3.3303581241105528e-05 -0.00021260776627405779
leaf_weight=36 184 256 36 142 32 31 46
leaf_count=36 184 256 36 142 32 31 46
internal_value=-0.000163827 0.000240715 -0.00087477 0.00182927 0.00808824 -0.000114155 -0.00681818
internal_weight=763 727 543 287 68 219 77
internal_count=763 727 543 287 68 219 77
is_linear=0
shrinkage=0.05


end of trees

feature_importances:
dist_ma200=47
ret_1d=41
vix_chg_1d=32
ret_20d=29
dvol_z_20=28
atr_pct=26
ret_5d=24
vix_level=24
sector_ret_1d=21
dist_ma20=20
spy_ret_20d=19
overnight_gap=18
sector_ret_5d=14
dist_ma50=13
spy_ret_5d=13
spy_ret_1d=12
parkinson_20=11

parameters:
[boosting: gbdt]
[objective: quantile]
[metric: quantile]
[tree_learner: serial]
[device_type: cpu]
[data_sample_strategy: bagging]
[data: ]
[valid: ]
[num_iterations: 80]
[learning_rate: 0.05]
[num_leaves: 8]
[num_threads: 1]
[seed: 0]
[deterministic: 0]
[force_col_wise: 1]
[force_row_wise: 0]
[histogram_pool_size: -1]
[max_depth: -1]
[min_data_in_leaf: 25]
[min_sum_hessian_in_leaf: 0.001]
[bagging_fraction: 0.9]
[pos_bagging_fraction: 1]
[neg_bagging_fraction: 1]
[bagging_freq: 1]
[bagging_seed: 3]
[bagging_by_query: 0]
[feature_fraction: 0.9]
[feature_fraction_bynode: 1]
[feature_fraction_seed: 2]
[extra_trees: 0]
[extra_seed: 6]
[early_stopping_round: 0]
[early_stopping_min_delta: 0]
[first_metric_only: 0]
[max_delta_step: 0]
[lambda_l1: 0]
[lambda_l2: 0]
[linear_lambda: 0]
[min_gain_to_split: 0]
[drop_rate: 0.1]
[max_drop: 50]
[skip_drop: 0.5]
[xgboost_dart_mode: 0]
[uniform_drop: 0]
[drop_seed: 4]
[top_rate: 0.2]
[other_rate: 0.1]
[min_data_per_group: 100]
[max_cat_threshold: 32]
[cat_l2: 10]
[cat_smooth: 10]
[max_cat_to_onehot: 4]
[top_k: 20]
[monotone_constraints: ]
[monotone_constraints_method: basic]
[monotone_penalty: 0]
[feature_contri: ]
[forcedsplits_filename: ]
[refit_decay_rate: 0.9]
[cegb_tradeoff: 1]
[cegb_penalty_split: 0]
[cegb_penalty_feature_lazy: ]
[cegb_penalty_feature_coupled: ]
[path_smooth: 0]
[interaction_constraints: ]
[verbosity: -1]
[saved_feature_importance_type: 0]
[use_quantized_grad: 0]
[num_grad_quant_bins: 4]
[quant_train_renew_leaf: 0]
[stochastic_rounding: 1]
[linear_tree: 0]
[max_bin: 255]
[max_bin_by_feature: ]
[min_data_in_bin: 3]
[bin_construct_sample_cnt: 200000]
[data_random_seed: 1]
[is_enable_sparse: 1]
[enable_bundle: 1]
[use_missing: 1]
[zero_as_missing: 0]
[feature_pre_filter: 1]
[pre_partition: 0]
[two_round: 0]
[header: 0]
[label_column: ]
[weight_column: ]
[group_column: ]
[ignore_column: ]
[categorical_feature: ]
[forcedbins_filename: ]
[precise_float_parser: 0]
[parser_config_file: ]
[objective_seed: 5]
[num_class: 1]
[is_unbalance: 0]
[scale_pos_weight: 1]
[sigmoid: 1]
[boost_from_average: 1]
[reg_sqrt: 0]
[alpha: 0.5]
[fair_c: 1]
[poisson_max_delta_step: 0.7]
[tweedie_variance_power: 1.5]
[lambdarank_truncation_level: 30]
[lambdarank_norm: 1]
[label_gain: ]
[lambdarank_position_bias_regularization: 0]
[eval_at: ]
[multi_error_top_k: 1]
[auc_mu_weights: ]
[num_machines: 1]
[local_listen_port: 12400]
[time_out: 120]
[machine_list_filename: ]
[machines: ]
[gpu_platform_id: -1]
[gpu_device_id: -1]
[gpu_device_id_list: ]
[gpu_use_dp: 0]
[num_gpu: 1]

end of parameters

pandas_categorical:[]
