tree
version=v4
num_class=1
num_tree_per_iteration=1
label_index=0
max_feature_idx=16
objective=quantile
feature_names=ret_1d ret_5d ret_20d overnight_gap atr_pct parkinson_20 dvol_z_20 dist_ma20 dist_ma50 dist_ma200 spy_ret_1d spy_ret_5d spy_ret_20d vix_level vix_chg_1d sector_ret_1d sector_ret_5d
feature_infos=[-0.36626226916931681:0.27377625893786561] [-0.36190523701463273:0.36862516895212893] [-0.38031286297368683:0.60210122005098454] [-0.2999951128702113:0.19102396720308179] [0.020474830416711186:0.082784277730485203] [0.014208344957652498:0.040971133951343663] [-2.5357100357329729:4.2046595320208642] [-0.33828982084367742:0.42573033812295069] [-0.3891033568761173:0.22608069656451213] [-0.42225503326983782:0.23627217222954533] [-0.058542971330535654:0.10501930183911301] [-0.11496151859245618:0.082843162776128354] [-0.1226559005192206:0.15756591020035837] [11.859999656677246:52.330001831054688] [-0.35753873962348437:0.74039073966007019] [-0.05484528635308028:0.043465174951121455] [-0.079035639478724384:0.068782341876153064]
tree_sizes=818 857 850 853 857 859 862 862 856 862 866 866 857 853 863 856 868 855 849 867 858 861 864 853 855 863 854 861 860 853 860 852 858 869 858 859 858 862

Tree=0
num_leaves=8
num_cat=0
split_feature=10 13 9 8 4 6 12
split_gain=3.67628 3.12894 2.03763 2.94801 1.8505 2.03167 2.31769
threshold=0.0091157709324108955 24.385000228881839 -0.25928760864781358 -0.11946029461291872 0.027506191852250238 0.63583730553260309 0.015760986994464269
decision_type=2 2 8 8 2 2 2
left_child=1 2 -1 -4 -5 -6 -7
right_child=-2 -3 3 4 5 6 -8
leaf_value=0.01267687203362584 0.012543219467625022 0.013240609085187316 0.012087295367382466 0.012084579386282712 0.012335278303362429 0.013327714009210467 0.012388783320784569
leaf_weight=62 105 37 55 50 352 31 58
leaf_count=62 105 37 55 50 352 31 58
internal_value=0.0125254 0.011113 0.0102539 0.00927849 0.0105081 0.0115417 0.0182909
internal_weight=750 645 608 546 491 441 89
internal_count=750 645 608 546 491 441 89
is_linear=0
shrinkage=1


Tree=1
num_leaves=8
num_cat=0
split_feature=3 11 2 7 4 10 4
split_gain=2.86978 2.83299 2.22386 2.3282 1.99061 1.7484 1.72331
threshold=0.0038456538118427645 -0.018044492725928726 -0.058820499328705304 -0.091622849615114119 0.031243738185044584 0.0087442389326247722 0.03455326465964044
decision_type=2 2 2 2 2 2 2
left_child=1 -1 3 -3 -2 -4 -6
right_child=4 2 5 -5 6 -7 -8
leaf_value=0.00035774853429757061 -9.5455456175841391e-05 0.00035704392299521718 -8.407212910242377e-05 -0.0002683997224085033 0.00054515142808668319 0.00029586062999442225 0.00010582628718111667
leaf_weight=70 67 26 289 96 34 30 122
leaf_count=70 67 26 289 96 34 30 122
internal_value=-0.00013624 -0.00220157 -0.00368481 -0.00942623 0.00459641 -0.00148903 0.00769231
internal_weight=734 511 441 122 223 319 156
internal_count=734 511 441 122 223 319 156
is_linear=0
shrinkage=0.05


Tree=2
num_leaves=8
num_cat=0
split_feature=9 8 12 6 8 7 2
split_gain=3.80114 2.99917 2.55885 2.10286 2.15681 2.09945 2.22964
threshold=-0.25928760864781358 -0.11946029461291872 -0.023938025174318197 -0.39529761110363792 0.089111171719477703 -0.04415868935073191 0.048709519445721335
decision_type=8 8 2 2 10 2 2
left_child=-1 -2 -3 4 5 -4 -7
right_child=1 2 3 -5 -6 6 -8
leaf_value=0.00045427466669934808 -0.00024230217409785832 0.00037526973924832419 -0.00038748273326200437 6.6694598732283325e-05 -0.00023901637009112161 0.00011912695893261118 -0.0002069851599517278
leaf_weight=80 67 70 41 300 45 78 68
leaf_count=80 67 70 41 300 45 78 68
internal_value=-0.000300401 -0.00153214 -0.000415282 -0.00159774 -0.00517241 -0.00280749 0
internal_weight=749 669 602 532 232 187 146
internal_count=749 669 602 532 232 187 146
is_linear=0
shrinkage=0.05


Tree=3
num_leaves=8
num_cat=0
split_feature=10 11 14 8 8 4 6
split_gain=3.03191 2.93038 2.45665 1.95062 2.7328 1.40098 1.54304
threshold=0.0091157709324108955 -0.023324981642921735 0.0250539094836888 -0.17246504457281195 -0.11946029461291872 0.027677233207561863 0.64302620321325887
decision_type=2 2 2 8 8 2 2
left_child=1 2 -1 -3 -5 -6 -7
right_child=-2 3 -4 4 5 6 -8
leaf_value=-0.00011184816995519209 0.00011356068603126918 0.000422130593804468 0.00032683687594690128 -0.00030556124226422982 -0.00028300620617010283 -9.0276349362102345e-05 0.00035368092280550631
leaf_weight=25 103 34 34 52 56 345 94
leaf_count=25 103 34 34 52 56 345 94
internal_value=-0.000437416 -0.00171875 0.00889831 -0.0027969 -0.0035192 -0.00237374 -0.00142369
internal_weight=743 640 59 581 547 495 439
internal_count=743 640 59 581 547 495 439
is_linear=0
shrinkage=0.05


Tree=4
num_leaves=8
num_cat=0
split_feature=4 1 8 6 2 3 2
split_gain=3.46463 2.025 1.74682 3.15675 2.42108 2.98783 1.97922
threshold=0.043202035365325943 0.051352279471825309 0.088273521105837541 -0.39333607432607148 -0.058820499328705304 0.0038456538118427645 -0.04010196987542685
decision_type=2 2 10 2 2 2 2
left_child=2 -2 4 -4 5 -1 -6
right_child=1 -3 3 -5 6 -7 -8
leaf_value=-0.00022681921440103909 0.0005290784057315614 -1.3897602996585172e-05 -0.00024028777662211728 -1.3811113397387086e-05 0.00043458441694450812 0.00012382527006477175 2.4820571267009703e-05
leaf_weight=131 90 30 42 67 32 35 319
leaf_count=131 90 30 42 67 32 35 319
internal_value=0.000134048 0.00791667 -0.00135783 -0.00711009 -0.000145068 -0.00512048 0.00220798
internal_weight=746 120 626 109 517 166 351
internal_count=746 120 626 109 517 166 351
is_linear=0
shrinkage=0.05


Tree=5
num_leaves=8
num_cat=0
split_feature=9 8 11 6 5 3 1
split_gain=2.76683 2.7986 2.05231 2.09362 2.29004 1.68744 1.97253
threshold=-0.25928760864781358 -0.11946029461291872 -0.023324981642921735 0.79399139595503765 0.019511804819374499 -0.010103496903569318 0.082569049974148948
decision_type=8 8 2 2 2 2 2
left_child=-1 -2 -3 5 -5 -4 -7
right_child=1 2 3 4 -6 6 -8
leaf_value=0.00040161574666927033 -0.0002373527235595174 0.00031594804475836469 -0.00023711227038872133 -0.00010310044877584546 0.00062262683553513949 -5.3335023897124573e-07 -0.00020873579404668316
leaf_weight=75 67 29 60 42 66 368 30
leaf_count=75 67 29 60 42 66 368 30
internal_value=-0.000101764 -0.00113293 -4.20168e-05 -0.000706714 0.00555556 -0.00218341 -0.00100503
internal_weight=737 662 595 566 108 458 398
internal_count=737 662 595 566 108 458 398
is_linear=0
shrinkage=0.05


Tree=6
num_leaves=8
num_cat=0
split_feature=10 15 9 14 14 6 4
split_gain=2.65784 2.71999 2.61057 2.23732 2.40327 2.23397 1.89703
threshold=0.0091157709324108955 -0.0015087867087464899 0.027124237754275752 -0.0056306847578752031 0.08570124221832566 0.58042824543547256 0.041723744544841228
decision_type=2 2 8 2 2 2 2
left_child=1 2 5 -4 -5 -1 -3
right_child=-2 6 3 4 -6 -7 -8
leaf_value=0.00011863714133789825 0.00011916086489388717 -0.00015164967435992479 0.00016400093740332416 -0.00029480076568119397 2.5421797559527749e-05 0.00054195510185188597 0.00010199186356629393
leaf_weight=125 105 276 46 64 25 49 56
leaf_count=125 105 276 46 64 25 49 56
internal_value=-0.000469169 -0.00167707 0.00169903 -0.00351852 -0.00814607 0.00574713 -0.00481928
internal_weight=746 641 309 135 89 174 332
internal_count=746 641 309 135 89 174 332
is_linear=0
shrinkage=0.05


Tree=7
num_leaves=8
num_cat=0
split_feature=9 3 1 7 4 6 4
split_gain=3.11048 1.61348 1.56733 2.14884 2.09213 2.29732 1.75656
threshold=-0.25928760864781358 0.0071146470677476712 -0.026980315002486429 -0.046307283522353741 0.028508028100440716 0.73098907958516957 0.032156016807438119
decision_type=8 2 2 2 2 2 2
left_child=-1 2 6 -4 -5 -6 -2
right_child=1 -3 3 4 5 -7 -8
leaf_value=0.0003942797951315127 0.00046578802346098095 8.0825151576438385e-05 -0.00042598203058176449 -0.00026844061728067639 -6.2891460521494452e-05 0.00064262656053688133 -7.8588210326506307e-06
leaf_weight=78 29 127 43 50 220 45 153
leaf_count=78 29 127 43 50 220 45 153
internal_value=0.000167785 -0.000937031 -0.00212963 -0.00405028 -0.00261905 -0.000849057 0.00164835
internal_weight=745 667 540 358 315 265 182
internal_count=745 667 540 358 315 265 182
is_linear=0
shrinkage=0.05


Tree=8
num_leaves=8
num_cat=0
split_feature=10 11 4 7 9 4 11
split_gain=2.38061 2.26919 1.70266 1.27136 2.09751 2.01463 2.06637
threshold=0.0097369243033607073 -0.0237759721784318 0.027506191852250238 -0.044841838780852399 -0.2063929540666545 0.041208955650477323 -0.003308881386918205
decision_type=2 2 2 2 8 2 2
left_child=1 -1 -3 4 -4 6 -6
right_child=-2 2 3 -5 5 -7 -8
leaf_value=0.00028292965832540636 0.00011497052963837211 -0.00019849256896259813 0.00033162199133469889 1.9365560621443635e-05 -4.2163758455930625e-05 0.00019880349098637059 -0.0003608774584029804
leaf_weight=53 92 62 36 410 33 26 52
leaf_count=53 92 62 36 410 33 26 52
internal_value=6.5445e-05 -0.000967262 -0.00181745 -0.000942549 -0.00493197 -0.00833333 -0.0120588
internal_weight=764 672 619 557 147 111 85
internal_count=764 672 619 557 147 111 85
is_linear=0
shrinkage=0.05


Tree=9
num_leaves=8
num_cat=0
split_feature=10 15 16 8 9 8 8
split_gain=2.53667 2.53042 1.64975 1.53085 1.46884 1.35805 1.44866
threshold=0.0097369243033607073 -0.0083349240474520619 -0.023441325043272173 -0.17246504457281195 0.021437538765562873 -0.14533212118393238 0.089785012426082292
decision_type=2 2 2 10 8 10 10
left_child=1 2 -1 -3 -4 -5 -7
right_child=-2 3 4 5 -6 6 -8
leaf_value=0.00076099932261251921 0.00012258761104644812 0.0002851904938270474 0.00036927756660024296 -0.00037883029573658841 -0.00016077865035512813 -2.5919450910908469e-05 -0.00013326460166750986
leaf_weight=28 89 47 44 28 34 375 99
leaf_count=28 89 47 44 28 34 375 99
internal_value=-0.000336022 -0.00141221 0.00566038 -0.00277778 0.00192308 -0.00358566 -0.00295359
internal_weight=744 655 106 549 78 502 474
internal_count=744 655 106 549 78 502 474
is_linear=0
shrinkage=0.05


Tree=10
num_leaves=8
num_cat=0
split_feature=9 8 8 2 10 3 14
split_gain=2.69168 1.64709 2.32879 2.02909 1.75785 2.22916 2.62757
threshold=-0.29641199955216219 -0.11946029461291872 -0.17246504457281195 0.089724661388723384 -0.0043669984596727543 0.003800461374110387 -0.034895651013681799
decision_type=8 10 10 2 2 2 2
left_child=-1 2 -2 4 -3 6 -6
right_child=1 3 -4 -5 5 -7 -8
leaf_value=0.0005529635893889869 4.9158841754319214e-05 0.00026219638187696058 -0.00023060842527396438 -0.00013276925068675957 0.00020083393371477469 0.00011679382419156133 -0.00018345629435025505
leaf_weight=35 59 95 64 143 63 136 154
leaf_count=35 59 95 64 143 63 136 154
internal_value=3.33778e-05 -0.000630252 -0.00589431 0.000465313 0.00212054 0.000495751 -0.00264977
internal_weight=749 714 123 591 448 353 217
internal_count=749 714 123 591 448 353 217
is_linear=0
shrinkage=0.05


Tree=11
num_leaves=8
num_cat=0
split_feature=6 12 11 12 4 8 7
split_gain=1.66926 2.37107 1.85438 2.312 2.05888 2.10164 2.68247
threshold=-0.030590681058110445 0.022913164694052916 -0.023324981642921735 0.025155853289738354 0.041794275630549792 0.095579283338260837 -0.027884798974860511
decision_type=2 2 2 2 2 10 2
left_child=2 -2 -1 -4 5 6 -5
right_child=1 -3 3 4 -6 -7 -8
leaf_value=0.00035229295284813815 0.00026077468477962951 -5.682090474285291e-05 -0.00014785863771651084 -0.00029660926700118492 0.00041009629924072951 -0.00016129225919477442 0.00014077520192892477
leaf_weight=25 170 129 222 35 32 30 104
leaf_count=25 170 129 222 35 32 30 104
internal_value=-0.000301205 0.00259197 -0.00223214 -0.00301418 0.000870647 -0.00133136 0.00125899
internal_weight=747 299 448 423 201 169 139
internal_count=747 299 448 423 201 169 139
is_linear=0
shrinkage=0.05


Tree=12
num_leaves=8
num_cat=0
split_feature=10 8 8 9 4 3 1
split_gain=1.87218 1.90821 1.88663 1.51498 1.35526 1.6595 1.31366
threshold=0.0097369243033607073 -0.17246504457281195 -0.11946029461291872 -0.2063929540666545 0.027506191852250238 0.0071146470677476712 -0.040846803219963916
decision_type=2 8 8 8 2 2 2
left_child=1 -1 6 -4 -5 -6 -3
right_child=-2 2 3 4 5 -7 -8
leaf_value=0.00033945387009849941 9.2140980130417307e-05 -3.0277008505595095e-06 0.00031960493427642058 -0.00021209897539895131 -5.2925033703458751e-05 0.00025561244120182231 -0.00028392710926289784
leaf_weight=50 84 25 32 44 386 71 42
leaf_count=50 84 25 32 44 386 71 42
internal_value=-0.000476839 -0.00138462 -0.00216667 -0.00117261 -0.00184631 -0.00103939 -0.0100746
internal_weight=734 650 600 533 501 457 67
internal_count=734 650 600 533 501 457 67
is_linear=0
shrinkage=0.05


Tree=13
num_leaves=8
num_cat=0
split_feature=8 13 6 13 2 7 14
split_gain=1.77045 1.99793 2.33259 2.19837 2.04967 3.25723 2.27116
threshold=-0.17246504457281195 16.469999313354496 -1.1731616252698847 16.85000038146973 0.10672126016886931 0.031738701907927054 0.028010740507291913
decision_type=8 2 2 2 2 2 2
left_child=-1 -2 -3 -4 5 6 -5
right_child=1 2 3 4 -6 -7 -8
leaf_value=0.00037127368013587132 -9.9777165124968498e-05 -0.00025132146075913098 0.00059251846935194836 -0.00010718074773094716 -0.00017963242276173644 0.00021657626779982071 8.7343312922794292e-05
leaf_weight=55 328 26 30 126 51 53 76
leaf_count=55 328 26 30 126 51 53 76
internal_value=-0.00090604 -0.0015942 0.000966851 0.00208333 0.000816993 0.00264706 -0.000247525
internal_weight=745 690 362 336 306 255 202
internal_count=745 690 362 336 306 255 202
is_linear=0
shrinkage=0.05


Tree=14
num_leaves=8
num_cat=0
split_feature=4 6 14 1 3 7 3
split_gain=1.76957 1.54052 2.59501 2.31033 2.18975 1.879 1.82238
threshold=0.027022914505876561 -0.070911658873906672 -0.034895651013681799 0.022233170754314972 -0.00031754807224704246 0.0033940510616174984 0.010876749428672007
decision_type=2 2 2 2 2 2 2
left_child=-1 2 -2 4 5 -4 -3
right_child=1 6 3 -5 -6 -7 -8
leaf_value=-0.00024807986891973402 8.2056301290667045e-05 3.0417635334349313e-05 -0.00021989863379767033 -0.00018840505156504157 0.00010013275251979249 6.0642269450001102e-05 0.00064181385786776736
leaf_weight=49 125 224 72 79 91 38 41
leaf_count=49 125 224 72 79 91 38 41
internal_value=-0.000521558 0.000149254 -0.00179012 -0.00446429 -0.00161692 -0.00636364 0.00311321
internal_weight=719 670 405 280 201 110 265
internal_count=719 670 405 280 201 110 265
is_linear=0
shrinkage=0.05


Tree=15
num_leaves=8
num_cat=0
split_feature=9 8 8 12 15 3 7
split_gain=2.65558 2.62367 1.6626 1.56848 1.41371 2.32309 1.81225
threshold=-0.25601200525653051 -0.11946029461291872 -0.167844001776946 -0.023938025174318197 -0.0056387237575948315 -0.0080229096172875752 0.051376694554726605
decision_type=8 8 10 2 2 2 2
left_child=2 -2 -1 -3 5 -5 -7
right_child=1 3 -4 4 -6 6 -8
leaf_value=0.00051645408428080549 -0.00012605840856250167 0.00012322560547648855 -0.00011890500485507439 -0.00018106578742057222 -4.5683686491583641e-05 0.00018619589076751693 0.00046694066161674219
leaf_weight=47 64 71 29 28 415 64 25
leaf_count=47 64 71 29 28 415 64 25
internal_value=-0.000302826 -0.00131184 0.00855263 -0.000290216 -0.0012218 0.00363248 0.00758427
internal_weight=743 667 76 603 532 117 89
internal_count=743 667 76 603 532 117 89
is_linear=0
shrinkage=0.05


Tree=16
num_leaves=8
num_cat=0
split_feature=11 14 10 10 14 1 12
split_gain=1.6726 2.11916 1.47493 1.45774 1.33208 1.24481 1.83429
threshold=-0.023324981642921735 0.023650626144740231 0.0097369243033607073 0.0070711617460903495 0.11365091649526195 -0.021706478543958626 0.035783078123668884
decision_type=2 2 2 2 2 2 2
left_child=1 -1 3 4 5 6 -2
right_child=2 -3 -4 -5 -6 -7 -8
leaf_value=-7.1198201992125559e-05 0.00016714120395191579 0.00028962565639277244 9.6747321933233707e-05 -0.00016105609611429038 -0.00027997060497911345 -6.9020626607554973e-05 -0.00026658293594890011
leaf_weight=25 113 34 91 62 29 362 41
leaf_count=25 113 34 91 62 29 362 41
internal_value=-3.30251e-05 0.00805085 -0.000716332 -0.00160626 -0.000779817 -0.000193798 0.00357143
internal_weight=757 59 698 607 545 516 154
internal_count=757 59 698 607 545 516 154
is_linear=0
shrinkage=0.05


Tree=17
num_leaves=8
num_cat=0
split_feature=10 10 6 8 5 8 6
split_gain=1.55904 1.40051 1.53148 3.03538 2.32814 3.05351 2.29627
threshold=0.0090796012734996063 0.0070711617460903495 -0.39333607432607148 0.087656879744734698 0.019511804819374499 0.055179972699474618 -0.52135446588296763
decision_type=2 2 2 10 2 10 2
left_child=1 2 3 6 -4 -6 -1
right_child=-2 -3 4 -5 5 -7 -8
leaf_value=1.7567067608012087e-05 9.170296311668456e-05 -0.00018229273138863642 -5.781705083153016e-05 -0.000169345848160829 5.2341902079742006e-05 0.00047560029164971139 -0.00018061237989618105
leaf_weight=181 108 45 129 39 138 65 41
leaf_count=181 108 45 129 39 138 65 41
internal_value=0 -0.000940439 -0.00029511 -0.00316092 0.00195783 0.00529557 -0.000900901
internal_weight=746 638 593 261 332 203 222
internal_count=746 638 593 261 332 203 222
is_linear=0
shrinkage=0.05


Tree=18
num_leaves=8
num_cat=0
split_feature=9 3 12 16 15 2 0
split_gain=1.75981 1.35462 1.70016 2.17352 1.24962 1.20093 1.36895
threshold=-0.29641199955216219 0.006586556137473166 -0.010634821304977891 0.0067603718722336623 -0.004273664326357284 -0.10752174634162935 0.0033553800393381077
decision_type=8 2 2 2 2 2 2
left_child=-1 5 -3 4 -4 6 -2
right_child=1 2 3 -5 -6 -7 -8
leaf_value=0.00048120886581426924 -0.00010453427893163055 0.000576953617641046 0.00011262541911853499 8.0531336764971045e-05 -0.00016390734968468781 -1.5948216186072997e-05 -0.00030257833610299696
leaf_weight=37 71 39 25 43 40 466 32
leaf_count=37 71 39 25 43 40 466 32
internal_value=-0.000498008 -0.00104749 0.00323129 0 -0.00576923 -0.0021529 -0.00703883
internal_weight=753 716 147 108 65 569 103
internal_count=753 716 147 108 65 569 103
is_linear=0
shrinkage=0.05


Tree=19
num_leaves=8
num_cat=0
split_feature=2 10 10 1 16 7 5
split_gain=1.68884 1.52672 1.96454 1.32541 1.95072 2.17285 2.36161
threshold=0.0929497906468051 0.0091157709324108955 0.0072501492901362328 -0.02513326779426139 -0.001865767065737711 -0.0378104515225463 0.016984137933583224
decision_type=2 2 2 2 2 2 2
left_child=1 2 3 -1 -5 -6 -7
right_child=-2 -3 -4 4 5 6 -8
leaf_value=0.00011831153826875906 -9.1813587424983923e-05 0.00010974755369958216 -8.2440456899614799e-05 -0.00013665583017624593 -0.00047243083160680818 -0.00020684905332563573 0.00029830990264717605
leaf_weight=186 156 81 29 117 26 32 112
leaf_count=186 156 81 29 117 26 32 112
internal_value=-0.000507442 0.000728988 -0.000298805 0.000475687 -0.00165505 0.00176471 0.00416667
internal_weight=739 583 502 473 287 170 144
internal_count=739 583 502 473 287 170 144
is_linear=0
shrinkage=0.05


Tree=20
num_leaves=8
num_cat=0
split_feature=9 9 15 12 0 7 7
split_gain=1.70631 1.41862 1.08565 1.60623 1.36945 1.79229 1.3662
threshold=-0.25928760864781358 -0.2262179018879 -0.0056387237575948315 -0.025750753581570359 -0.0094624332565609853 0.050585730557815907 -0.043072653252921637
decision_type=8 8 2 2 2 2 2
left_child=-1 -2 4 -4 -3 -6 -5
right_child=1 2 3 6 5 -7 -8
leaf_value=0.00035740886593063279 -0.00026538752081289467 -3.8314893858391573e-05 0.00017871799719136074 -0.00018105088923900912 8.1058180842332817e-05 0.00054261855907401443 -1.2818194624580849e-05
leaf_weight=77 30 62 54 99 54 31 344
leaf_count=77 30 62 54 99 54 31 344
internal_value=-0.000233023 -0.00103858 -0.000543478 -0.00165996 0.00323129 0.00735294 -0.00265237
internal_weight=751 674 644 497 147 85 443
internal_count=751 674 644 497 147 85 443
is_linear=0
shrinkage=0.05


Tree=21
num_leaves=8
num_cat=0
split_feature=8 8 1 4 13 7 8
split_gain=1.41311 2.77245 1.28903 1.84234 2.48735 1.44215 1.48945
threshold=-0.17246504457281195 -0.11946029461291872 -0.026980315002486429 0.034368947899678003 15.654999732971193 -0.046307283522353741 0.032815456811849504
decision_type=10 10 2 2 2 2 10
left_child=-1 -2 3 -3 -5 -4 -7
right_child=1 2 5 4 -6 6 -8
leaf_value=0.00029052575620998003 -0.0001707951883573537 0.0004646590084794575 -0.00045735352478954382 0.00040821413950809768 -0.00011201507961137343 6.9795124289153288e-05 -5.6772781045596245e-05
leaf_weight=85 72 45 29 26 93 161 237
leaf_count=85 72 45 29 26 93 161 237
internal_value=-0.00106952 -0.00184766 -0.00071912 0.00304878 -0.000210084 -0.00216628 -0.00138191
internal_weight=748 663 591 164 119 427 398
internal_count=748 663 591 164 119 427 398
is_linear=0
shrinkage=0.05


Tree=22
num_leaves=8
num_cat=0
split_feature=15 14 14 4 1 15 12
split_gain=1.60412 1.9901 1.95973 2.51525 2.28593 1.60875 1.7941
threshold=-0.0056387237575948315 -0.034895651013681799 -0.01786915050429105 0.040809114147054647 0.022797306548669852 0.0078577316671710768 0.046695400961737528
decision_type=2 2 2 2 2 2 2
left_child=-1 -2 -3 5 -5 6 -4
right_child=1 2 3 4 -6 -7 -8
leaf_value=0.00013203846269929255 2.1119862158034115e-05 -0.00018642921358464652 -0.00014417511210344818 0.00032358246520227367 -0.00013603314302937405 0.00019779219964364929 7.5394284338361345e-05
leaf_weight=164 185 66 183 42 26 37 39
leaf_count=164 185 66 183 42 26 37 39
internal_value=-0.00101078 -0.00224913 -0.00426209 -0.00267584 0.00588235 -0.00492278 -0.00653153
internal_weight=742 578 393 327 68 259 222
internal_count=742 578 393 327 68 259 222
is_linear=0
shrinkage=0.05


Tree=23
num_leaves=8
num_cat=0
split_feature=5 13 7 2 11 4 6
split_gain=1.53446 1.94574 1.38372 1.53813 1.95926 1.57757 1.35277
threshold=0.0192321162965618 17.695000648498539 -0.044841838780852399 0.040932700337654844 0.0063364892264597969 0.029137483496248267 -0.38232383638985551
decision_type=2 2 2 2 2 2 2
left_child=1 2 -1 4 -4 -5 -2
right_child=6 -3 3 5 -6 -7 -8
leaf_value=-0.00018160563710501113 -1.617524294263229e-05 0.00013268260666237088 0.00035201969251507617 -0.00022263524447119676 -9.6586216285543281e-05 -0.00011179473693438336 9.3896458760712846e-05
leaf_weight=38 237 42 27 32 45 37 293
leaf_count=38 237 42 27 32 45 37 293
internal_value=-0.000233023 -0.00373303 -0.00600559 -0.0037234 0.00138889 -0.00905797 0.00122642
internal_weight=751 221 179 141 72 69 530
internal_count=751 221 179 141 72 69 530
is_linear=0
shrinkage=0.05


Tree=24
num_leaves=8
num_cat=0
split_feature=1 14 5 7 10 0 13
split_gain=1.37351 1.53544 1.17 1.44112 1.54715 1.30744 1.0262
threshold=-0.026980315002486429 -0.034895651013681799 0.025484759170839383 -0.035776186701588046 -0.0042544467454991288 -0.0056221325962634286 16.125000000000004
decision_type=2 2 2 2 2 2 2
left_child=2 -2 3 4 -1 -5 -6
right_child=1 -3 -4 5 6 -7 -8
leaf_value=5.1288889300947065e-05 2.1181493774948253e-05 -6.6689786950341505e-05 0.00041351349768560877 0.00028812045197388068 -0.00019655958209708319 3.9451312172989612e-05 -5.7351801152165286e-05
leaf_weight=45 150 368 41 35 25 36 49
leaf_count=45 150 368 41 35 25 36 49
internal_value=-0.000500668 -0.0019305 0.00270563 0.00105263 -0.00231092 0.00669014 -0.00675676
internal_weight=749 518 231 190 119 71 74
internal_count=749 518 231 190 119 71 74
is_linear=0
shrinkage=0.05


Tree=25
num_leaves=8
num_cat=0
split_feature=2 5 2 10 3 16 16
split_gain=1.12889 2.21303 2.07407 1.976 1.91665 1.85373 2.20749
threshold=0.042829518434474141 0.01747028588971802 -0.022318564221352252 -0.0032352755768272896 -0.009056447077533723 0.0029923632019435158 0.014751568830962182
decision_type=2 2 2 2 2 2 2
left_child=2 -2 3 -1 -4 -5 -7
right_child=1 -3 4 5 -6 6 -8
leaf_value=7.5629512153715681e-05 -0.00020768099167253691 -3.4891060542234944e-05 -0.00026980558431559875 -0.0001597183349548467 0.0003229448117243689 0.00039726238467712241 -5.8720713237716413e-05
leaf_weight=91 29 261 25 127 122 38 64
leaf_count=91 29 261 25 127 122 38 64
internal_value=-0.000825627 -0.00327586 0.000695931 -0.0015625 0.00561224 -0.0040393 0.000980392
internal_weight=757 290 467 320 147 229 102
internal_count=757 290 467 320 147 229 102
is_linear=0
shrinkage=0.05


Tree=26
num_leaves=8
num_cat=0
split_feature=9 8 8 9 6 8 10
split_gain=1.64238 1.9494 1.55248 1.39725 1.31161 2.32169 1.58853
threshold=-0.29641199955216219 -0.11946029461291872 -0.17246504457281195 -0.157588043533575 -0.41795406444684025 0.094226667593983807 -0.0048383542662620562
decision_type=8 8 10 8 2 10 2
left_child=-1 2 -2 -3 5 6 -5
right_child=1 3 -4 4 -6 -7 -8
leaf_value=0.00047323683085124336 7.086325851638452e-06 0.00020190150859979617 -0.00015605025177980233 -0.00015285683420489875 1.688217467007546e-05 -0.00012576956791064621 -2.861902134322983e-06
leaf_weight=31 33 92 61 26 297 34 163
leaf_count=31 33 92 61 26 297 34 163
internal_value=-0.00078019 -0.00127479 -0.00797872 -0.000245098 -0.00125 -0.00414798 -0.00198413
internal_weight=737 706 94 612 520 223 189
internal_count=737 706 94 612 520 223 189
is_linear=0
shrinkage=0.05


Tree=27
num_leaves=8
num_cat=0
split_feature=14 11 15 3 0 16 9
split_gain=1.78738 1.83974 1.33593 1.26254 1.78395 0.99129 0.845246
threshold=-0.037374592254897913 -0.023324981642921735 0.0081357557702235201 0.0010634373714569769 0.019314822095730103 0.00088730774413225977 -0.12951036733151131
decision_type=2 2 2 2 2 2 8
left_child=2 -2 3 -1 5 -5 -3
right_child=1 6 -4 4 -6 -7 -8
leaf_value=0.00020084970572282817 0.00020278937212666831 -4.712940992949999e-06 -4.5515046058579274e-05 -0.00031959276544400901 0.00033588091225002123 1.0459909897306102e-05 -9.3933117186712113e-05
leaf_weight=58 49 148 56 25 27 29 357
leaf_count=58 49 148 56 25 27 29 357
internal_value=-0.00116822 -0.00261733 0.00294872 0.00557554 0.00154321 -0.0037037 -0.00351485
internal_weight=749 554 195 139 81 54 505
internal_count=749 554 195 139 81 54 505
is_linear=0
shrinkage=0.05


Tree=28
num_leaves=8
num_cat=0
split_feature=6 6 14 14 0 0 5
split_gain=1.19134 2.21156 1.36698 2.43268 1.08377 3.77411 1.72857
threshold=-0.43318848724445497 -0.52135446588296763 0.066707247335420675 0.042440575684467692 -0.0039765297645362732 -0.011655992084929066 0.02270249781170967
decision_type=2 2 2 2 2 2 2
left_child=1 4 3 -2 5 6 -1
right_child=2 -3 -4 -5 -6 -7 -8
leaf_value=4.0909349000511735e-05 1.6626313372115159e-05 -0.00015302605475693966 0.00027534249236148923 -0.00024289008615517948 -8.1525795686559924e-05 0.00058450277593613412 -0.00018964364553511576
leaf_weight=35 332 48 84 33 154 43 35
leaf_count=35 332 48 84 33 154 43 35
internal_value=-0.00026178 -0.00261905 0.00139198 6.84932e-05 -0.000842697 0.00287611 -0.00428571
internal_weight=764 315 449 365 267 113 70
internal_count=764 315 449 365 267 113 70
is_linear=0
shrinkage=0.05


Tree=29
num_leaves=8
num_cat=0
split_feature=9 8 6 2 5 4 7
split_gain=1.79829 1.5134 1.14989 1.80247 3.01786 1.74385 1.99508
threshold=-0.25928760864781358 -0.12828474513224844 1.0307865747259273 0.0081243850890806452 0.02085690192988186 0.034245648581643036 0.040380673582007705
decision_type=8 8 2 2 2 2 2
left_child=-1 -2 5 -4 -5 6 -3
right_child=1 2 3 4 -6 -7 -8
leaf_value=0.00027319296803255072 -0.00013880187756456271 -1.0906070376189014e-05 0.00042972588914401199 -0.00024848773221974093 0.00057220254159424022 -6.1819692760453981e-05 0.00015302296571064489
leaf_weight=77 59 151 35 28 28 290 64
leaf_count=77 59 151 35 28 28 290 64
internal_value=-0.000409836 -0.00125954 -0.000503356 0.00467033 -0.000892857 -0.00143564 0.00197674
internal_weight=732 655 596 91 56 505 215
internal_count=732 655 596 91 56 505 215
is_linear=0
shrinkage=0.05


Tree=30
num_leaves=8
num_cat=0
split_feature=4 6 9 8 8 8 6
split_gain=1.43101 1.90899 1.67013 1.64789 2.04587 1.81863 3.08829
threshold=0.042893450280162553 -0.23794330649434065 -0.18211737745463599 -0.18851870447801169 -0.071610742211236797 0.088273521105837541 -0.41795406444684025
decision_type=2 2 10 10 8 10 2
left_child=3 2 -2 -1 -5 -6 -7
right_child=1 -3 -4 4 5 6 -8
leaf_value=0.00052397963207327029 -0.00021010567942561856 0.00055610027683926789 0.00019433232125410174 -9.2691651250618196e-05 1.9679976172419166e-05 -0.0001571188629506594 3.9959803364878967e-07
leaf_weight=25 26 62 31 144 335 39 76
leaf_count=25 26 62 31 144 335 39 76
internal_value=-0.000609756 0.00441176 -0.00219298 -0.00157512 -0.00210438 -0.000444444 -0.00586957
internal_weight=738 119 57 619 594 450 115
internal_count=738 119 57 619 594 450 115
is_linear=0
shrinkage=0.05


Tree=31
num_leaves=8
num_cat=0
split_feature=8 8 12 3 1 8 6
split_gain=1.44984 1.81697 1.63421 1.55081 1.20371 1.02778 4.135
threshold=-0.167844001776946 -0.11946029461291872 -0.019164268352129695 0.00067766679233838289 0.0052767995804431376 0.093496702637011167 -0.41795406444684025
decision_type=8 8 2 2 2 8 2
left_child=3 -2 4 -1 -3 -4 -7
right_child=1 2 5 -5 -6 6 -8
leaf_value=0.00048664362854338572 -0.0001168699939191881 0.00070265585709715448 1.4063086888842399e-06 -4.2272584459055952e-05 1.1192907013723086e-05 -0.00013066320804330081 3.8924876910192979e-06
leaf_weight=33 63 32 405 35 42 36 92
leaf_count=33 63 32 405 35 42 36 92
internal_value=-0.000338753 -0.00104478 -0.000205931 0.00661765 0.00675676 -0.00117261 -0.00507813
internal_weight=738 670 607 68 74 533 128
internal_count=738 670 607 68 74 533 128
is_linear=0
shrinkage=0.05


Tree=32
num_leaves=8
num_cat=0
split_feature=8 8 9 14 14 6 14
split_gain=1.25544 2.57406 1.55246 1.32724 1.91083 1.24657 1.21846
threshold=-0.17246504457281195 -0.11946029461291872 -0.157588043533575 0.10157519013318318 0.066707247335420675 -0.030590681058110445 -0.034895651013681799
decision_type=8 8 8 2 2 2 2
left_child=5 -2 -3 4 6 -1 -4
right_child=1 2 3 -5 -6 -7 -8
leaf_value=-2.2882537752462116e-05 -0.00011953259509470349 0.00014645745150958741 1.8625661929354016e-05 -0.00025485981022413943 0.00051754267739582548 0.0006288807064852883 -5.1265633050684394e-05
leaf_weight=31 70 94 141 33 39 27 316
leaf_count=31 70 94 141 33 39 27 316
internal_value=-0.00103196 -0.00162338 -0.000601926 -0.00165406 -0.00100806 0.00603448 -0.00191466
internal_weight=751 693 623 529 496 58 457
internal_count=751 693 623 529 496 58 457
is_linear=0
shrinkage=0.05


Tree=33
num_leaves=8
num_cat=0
split_feature=4 16 11 9 15 15 9
split_gain=1.1161 1.41477 1.66242 1.22154 1.24858 1.74928 2.39909
threshold=0.043202035365325943 0.018814282127891716 -0.0073194397976522043 0.07839127408849135 -0.0022284216141074671 0.0032000992907983421 -0.093728994293877363
decision_type=2 2 2 10 2 2 10
left_child=3 2 -2 4 -1 6 -6
right_child=1 -3 -4 -5 5 -7 -8
leaf_value=2.5415271186979543e-05 -1.6023221021659127e-05 -0.00010293975452638728 0.00047586137255517058 -8.7150359226611772e-05 -5.0089867456202831e-05 6.5174376822933417e-07 -0.00019173343631841432
leaf_weight=199 45 25 49 48 126 207 49
leaf_count=199 45 25 49 48 126 207 49
internal_value=-0.000868984 0.00357143 0.00638298 -0.00170906 -0.00107573 -0.00274869 -0.00642857
internal_weight=748 119 94 629 581 382 175
internal_count=748 119 94 629 581 382 175
is_linear=0
shrinkage=0.05


Tree=34
num_leaves=8
num_cat=0
split_feature=14 5 3 12 16 12 6
split_gain=1.00659 2.46185 2.37753 1.21647 1.27864 2.08655 1.50709
threshold=0.083142255535003332 0.020332945997121484 -0.009056447077533723 -0.049048436065559579 -0.023441325043272173 0.013329890655183642 0.63583730553260309
decision_type=2 2 2 2 2 2 2
left_child=3 -2 -3 -1 5 -5 -6
right_child=1 2 -4 4 6 -7 -8
leaf_value=0.00044753782136170724 0.00031032595018699481 -0.00026159279440628544 0.00040693308845617143 -0.00024536799101309041 -3.6183389716952119e-05 3.6517175461427651e-05 4.8960379379098603e-05
leaf_weight=28 26 29 26 26 466 25 123
leaf_count=28 26 29 26 26 466 25 123
internal_value=-0.000634179 0.00462963 -0.00136364 -0.00127246 -0.00171875 -0.00931373 -0.00106112
internal_weight=749 81 55 668 640 51 589
internal_count=749 81 55 668 640 51 589
is_linear=0
shrinkage=0.05


Tree=35
num_leaves=8
num_cat=0
split_feature=6 0 0 9 11 11 9
split_gain=1.62532 1.50071 3.35394 1.23217 1.60347 1.34772 1.1866
threshold=-0.35233720306852834 -0.012258432971665399 -0.0075806468313884259 -0.15030137764327964 0.019998306186617913 0.0083592080830587907 -0.28551956213041102
decision_type=2 2 2 10 2 2 8
left_child=1 -1 -3 -4 5 -5 -2
right_child=6 2 3 4 -6 -7 -8
leaf_value=-0.00012219286271579165 0.00053546951694335109 0.00070465593932609238 -1.3630768377407209e-05 -0.00012154218964822574 -0.00030643229837283223 2.3251145502610094e-05 -7.0752171504743886e-06
leaf_weight=81 30 30 106 58 29 38 381
leaf_count=81 30 30 106 58 29 38 381
internal_value=-0.00169323 -0.00423977 -0.00239464 -0.00443723 -0.0078 -0.0046875 0.000425791
internal_weight=753 342 261 231 125 96 411
internal_count=753 342 261 231 125 96 411
is_linear=0
shrinkage=0.05


Tree=36
num_leaves=8
num_cat=0
split_feature=6 6 8 12 5 5 0
split_gain=0.934979 2.09224 1.87999 0.996 1.58154 1.96406 1.66787
threshold=-0.43318848724445497 -0.52135446588296763 0.089111171719477703 0.055910594976570589 0.021611759999554236 0.022819822940007815 -0.0083430184659099554
decision_type=2 2 10 2 2 2 2
left_child=1 2 -1 4 6 -6 -2
right_child=3 -3 -4 -5 5 -7 -8
leaf_value=2.4486697562284625e-06 -0.00010769811539517181 -0.00013560683071087964 -0.00010770234766807473 -0.00018423408709310635 0.00063689570397236104 8.5014217346819805e-05 1.3506577544714245e-05
leaf_weight=230 88 48 32 32 45 136 139
leaf_count=230 88 48 32 32 45 136 139
internal_value=-0.0008 -0.00290323 -0.00114504 0.000681818 0.00134804 0.00483425 -0.00143172
internal_weight=750 310 262 440 408 181 227
internal_count=750 310 262 440 408 181 227
is_linear=0
shrinkage=0.05


Tree=37
num_leaves=8
num_cat=0
split_feature=8 7 1 0 1 3 9
split_gain=1.63582 2.17701 1.4356 2.4253 1.38484 1.85077 1.2204
threshold=-0.17246504457281195 -0.046953719848060065 -0.026980315002486429 -0.0049336694617613799 -0.036150332320871996 1.0000000180025095e-35 -0.065419041408154896
decision_type=8 2 2 2 2 2 8
left_child=-1 4 3 -3 5 -2 -4
right_child=1 2 6 -5 -6 -7 -8
leaf_value=0.00027939741011835141 -0.00011636188119310069 0.00040330386743694816 -6.9769229536203361e-05 -2.5255750187199455e-05 -0.00024721306456744859 0.00014407647640732099 1.4000971167593864e-05
leaf_weight=59 51 58 208 48 55 38 241
leaf_count=59 51 58 208 48 55 38 241
internal_value=-0.000791557 -0.00146638 -4.5045e-05 0.00518868 -0.00694444 -0.00308989 -0.00128062
internal_weight=758 699 555 106 144 89 449
internal_count=758 699 555 106 144 89 449
is_linear=0
shrinkage=0.05


end of trees

feature_importances:
dist_ma50=37
dvol_z_20=25
dist_ma200=24
atr_pct=19
vix_chg_1d=18
spy_ret_1d=17
dist_ma20=16
overnight_gap=15
ret_5d=13
spy_ret_20d=13
ret_20d=12
spy_ret_5d=12
parkinson_20=11
ret_1d=10
sector_ret_1d=10
sector_ret_5d=8
vix_level=6

parameters:
[boosting: gbdt]
[objective: quantile]
[metric: quantile]
[tree_learner: serial]
[device_type: cpu]
[data_sample_strategy: bagging]
[data: ]
[valid: ]
[num_iterations: 80]
[learning_rate: 0.05]
[num_leaves: 8]
[num_threads: 1]
[seed: 0]
[deterministic: 0]
[force_col_wise: 1]
[force_row_wise: 0]
[histogram_pool_size: -1]
[max_depth: -1]
[min_data_in_leaf: 25]
[min_sum_hessian_in_leaf: 0.001]
[bagging_fraction: 0.9]
[pos_bagging_fraction: 1]
[neg_bagging_fraction: 1]
[bagging_freq: 1]
[bagging_seed: 3]
[bagging_by_query: 0]
[feature_fraction: 0.9]
[feature_fraction_bynode: 1]
[feature_fraction_seed: 2]
[extra_trees: 0]
[extra_seed: 6]
[early_stopping_round: 0]
[early_stopping_min_delta: 0]
[first_metric_only: 0]
[max_delta_step: 0]
[lambda_l1: 0]
[lambda_l2: 0]
[linear_lambda: 0]
[min_gain_to_split: 0]
[drop_rate: 0.1]
[max_drop: 50]
[skip_drop: 0.5]
[xgboost_dart_mode: 0]
[uniform_drop: 0]
[drop_seed: 4]
[top_rate: 0.2]
[other_rate: 0.1]
[min_data_per_group: 100]
[max_cat_threshold: 32]
[cat_l2: 10]
[cat_smooth: 10]
[max_cat_to_onehot: 4]
[top_k: 20]
[monotone_constraints: ]
[monotone_constraints_method: basic]
[monotone_penalty: 0]
[feature_contri: ]
[forcedsplits_filename: ]
[refit_decay_rate: 0.9]
[cegb_tradeoff: 1]
[cegb_penalty_split: 0]
[cegb_penalty_feature_lazy: ]
[cegb_penalty_feature_coupled: ]
[path_smooth: 0]
[interaction_constraints: ]
[verbosity: -1]
[saved_feature_importance_type: 0]
[use_quantized_grad: 0]
[num_grad_quant_bins: 4]
[quant_train_renew_leaf: 0]
[stochastic_rounding: 1]
[linear_tree: 0]
[max_bin: 255]
[max_bin_by_feature: ]
[min_data_in_bin: 3]
[bin_construct_sample_cnt: 200000]
[data_random_seed: 1]
[is_enable_sparse: 1]
[enable_bundle: 1]
[use_missing: 1]
[zero_as_missing: 0]
[feature_pre_filter: 1]
[pre_partition: 0]
[two_round: 0]
[header: 0]
[label_column: ]
[weight_column: ]
[group_column: ]
[ignore_column: ]
[categorical_feature: ]
[forcedbins_filename: ]
[precise_float_parser: 0]
[parser_config_file: ]
[objective_seed: 5]
[num_class: 1]
[is_unbalance: 0]
[scale_pos_weight: 1]
[sigmoid: 1]
[boost_from_average: 1]
[reg_sqrt: 0]
[alpha: 0.5]
[fair_c: 1]
[poisson_max_delta_step: 0.7]
[tweedie_variance_power: 1.5]
[lambdarank_truncation_level: 30]
[lambdarank_norm: 1]
[label_gain: ]
[lambdarank_position_bias_regularization: 0]
[eval_at: ]
[multi_error_top_k: 1]
[auc_mu_weights: ]
[num_machines: 1]
[local_listen_port: 12400]
[time_out: 120]
[machine_list_filename: ]
[machines: ]
[gpu_platform_id: -1]
[gpu_device_id: -1]
[gpu_device_id_list: ]
[gpu_use_dp: 0]
[num_gpu: 1]

end of parameters

pandas_categorical:[]
