tree
version=v4
num_class=1
num_tree_per_iteration=1
label_index=0
max_feature_idx=16
objective=quantile
feature_names=ret_1d ret_5d ret_20d overnight_gap atr_pct parkinson_20 dvol_z_20 dist_ma20 dist_ma50 dist_ma200 spy_ret_1d spy_ret_5d spy_ret_20d vix_level vix_chg_1d sector_ret_1d sector_ret_5d
feature_infos=[-0.36626226916931681:0.27377625893786561] [-0.36190523701463273:0.36862516895212893] [-0.38031286297368683:0.60210122005098454] [-0.2999951128702113:0.19102396720308179] [0.020474830416711186:0.082784277730485203] [0.014208344957652498:0.040971133951343663] [-2.5357100357329729:4.2046595320208642] [-0.33828982084367742:0.42573033812295069] [-0.3891033568761173:0.22608069656451213] [-0.42225503326983782:0.23627217222954533] [-0.058542971330535654:0.10501930183911301] [-0.11496151859245618:0.082843162776128354] [-0.1226559005192206:0.15756591020035837] [11.859999656677246:52.330001831054688] [-0.35753873962348437:0.74039073966007019] [-0.05484528635308028:0.043465174951121455] [-0.079035639478724384:0.068782341876153064]
tree_sizes=843 866 856 863 854 869 863 864 863 858 871 878 859 864 865 862 867 867 866 869 871 864 864 863 861 870 860 868 868 866 867 858 866

Tree=0
num_leaves=8
num_cat=0
split_feature=8 1 6 10 14 6 14
split_gain=0.867227 1.00565 1.3908 0.653951 0.924053 0.545049 1.07762
threshold=0.088273521105837541 -0.052529912344530798 1.8734834435655325 0.0083252944612894914 -0.053534792570075034 -0.67332579426721784 -0.0054293361358405115
decision_type=8 2 2 2 2 2 2
left_child=1 -1 3 5 -5 6 -3
right_child=-2 2 -4 4 -6 -7 -8
leaf_value=0.0020516330374069974 0.00209916717938387 0.0020960986691238173 0.0030474741957287332 0.0024763904965337453 0.0026878938521506524 0.0021668299944594609 0.0025931909852062842
leaf_weight=110 155 62 32 47 28 242 74
leaf_count=110 155 62 32 47 28 242 74
internal_value=0.00252769 0.00339548 0.00437442 0.00366279 0.00792769 0.00281658 0.00534926
internal_weight=750 595 485 453 75 378 136
internal_count=750 595 485 453 75 378 136
is_linear=0
shrinkage=1


Tree=1
num_leaves=8
num_cat=0
split_feature=8 8 0 8 8 9 5
split_gain=0.787683 0.845455 1.21072 1.28042 1.07627 0.561005 0.53306
threshold=0.088273521105837541 -0.017455111430175748 0.022085851270012283 -0.0015854553625961885 0.067561916640301992 -0.30031224942994639 0.022652592788126192
decision_type=10 10 2 10 10 8 2
left_child=1 5 3 -3 6 -1 -5
right_child=-2 2 -4 4 -6 -7 -8
leaf_value=0.00024049823495448318 -0.00015940167119562142 0.00067233940569242409 0.00040803249875279841 -0.0002031129380732588 0.00032624560413397854 -0.00011020141691676082 9.9321195110479998e-05
leaf_weight=27 131 27 41 112 41 319 36
leaf_count=27 131 27 41 112 41 319 36
internal_value=4.08707e-05 0.000804311 0.00297665 0.00148148 2.64538e-05 -0.00080925 -0.00195946
internal_weight=734 603 257 216 189 346 148
internal_count=734 603 257 216 189 346 148
is_linear=0
shrinkage=0.05


Tree=2
num_leaves=8
num_cat=0
split_feature=16 11 16 16 13 1 8
split_gain=0.678834 0.752936 0.907708 1.12503 0.60813 0.439089 0.409836
threshold=-0.017476610285533097 0.021590279744903355 0.019252591253762 0.011517199004761671 19.055000305175785 -0.039166279625279181 0.0091977939588530084
decision_type=2 2 2 2 2 2 10
left_child=4 -2 3 -3 6 -6 -1
right_child=1 2 -4 -5 5 -7 -8
leaf_value=-0.0002199826347544857 -8.8869261477494935e-05 2.2667079444287949e-05 -0.00032713031899354167 0.00040148817508898598 4.1456663650884197e-05 0.00077616364152885637 0.00014402612561748395
leaf_weight=25 526 41 34 29 27 31 36
leaf_count=25 526 41 34 29 27 31 36
internal_value=-6.00813e-05 -0.000714287 0.00317308 0.00642857 0.00340336 0.00706896 -8.19684e-05
internal_weight=749 630 104 70 119 58 61
internal_count=749 630 104 70 119 58 61
is_linear=0
shrinkage=0.05


Tree=3
num_leaves=8
num_cat=0
split_feature=11 10 4 16 12 13 14
split_gain=0.834992 1.55416 0.858404 0.834269 0.648816 0.533419 0.303672
threshold=0.021590279744903355 0.0095076227407933107 0.034911458750673877 -0.017476610285533097 0.012058033695657168 21.555000305175785 -0.086337752297859935
decision_type=2 2 2 2 2 2 2
left_child=3 2 -2 4 5 -1 -5
right_child=1 -3 -4 6 -6 -7 -8
leaf_value=-0.00015782032879544329 -0.0002861070317483506 0.00042896341784412175 0.00047969064690466212 0.00019981358301607443 0.00035722362483422136 0.00056162052707134152 -0.00013094512434457252
leaf_weight=39 36 25 43 39 42 36 483
leaf_count=39 36 25 43 39 42 36 483
internal_value=-2.01896e-05 0.00413461 0.000696201 -0.000696402 0.00311966 0.000333332 -0.00155173
internal_weight=743 104 79 639 117 75 522
internal_count=743 104 79 639 117 75 522
is_linear=0
shrinkage=0.05


Tree=4
num_leaves=8
num_cat=0
split_feature=9 6 13 16 4 9 2
split_gain=0.709491 0.785175 1.5 0.703535 0.715495 0.478936 0.45623
threshold=-0.30031224942994639 1.9036003189736459 16.914999961853031 -0.017476610285533097 0.039307156285544119 -0.15510662422448737 -0.048766440111416114
decision_type=8 2 2 2 2 10 2
left_child=-1 3 -3 4 5 -2 -5
right_child=1 2 -4 6 -6 -7 -8
leaf_value=0.00030917661221909094 8.1092919730975653e-05 -0.0002501936658978989 0.0014459454618212281 -0.00018061564617972178 0.00071444653805781422 -7.8522397473089725e-05 -6.977376104670196e-05
leaf_weight=28 25 27 27 178 38 41 382
leaf_count=28 25 27 27 178 38 41 382
internal_value=-0.000308312 -0.000612815 0.00518518 -0.00108434 0.00269231 -0.000454547 -0.00178572
internal_weight=746 718 54 664 104 66 560
internal_count=746 718 54 664 104 66 560
is_linear=0
shrinkage=0.05


Tree=5
num_leaves=8
num_cat=0
split_feature=11 8 16 16 1 16 0
split_gain=0.759248 1.27863 0.446406 0.870702 0.926312 0.33471 0.47273
threshold=0.026101740885835282 0.035554971867491909 -0.017476610285533097 -0.021346424341342148 -0.013974881013731953 -1.0000000180025095e-35 -0.02774479924735351
decision_type=2 10 2 2 2 2 2
left_child=2 -2 3 4 -1 6 -4
right_child=1 -3 5 -5 -6 -7 -8
leaf_value=-0.00030442815628442245 0.0012269573734974657 -0.00019875101333894472 0.00015126790710349273 0.00019417635665303648 0.00055634632725541644 -1.3099834532894183e-05 -0.00014151023740643955
leaf_weight=49 43 30 32 32 32 321 198
leaf_count=49 43 30 32 32 32 321 198
internal_value=-0.000251019 0.00458904 -0.000783134 0.00207964 -0.000679014 -0.00137024 -0.00282609
internal_weight=737 73 664 113 81 551 230
internal_count=737 73 664 113 81 551 230
is_linear=0
shrinkage=0.05


Tree=6
num_leaves=8
num_cat=0
split_feature=8 8 15 15 15 15 16
split_gain=0.581878 0.592857 0.807987 1.06433 0.694876 0.550047 0.480769
threshold=0.088273521105837541 -0.080528624235473065 0.0064332701778320187 0.0099728435144444978 -0.0063093131462216836 -0.011835266142907806 -0.011473171647622791
decision_type=8 10 2 2 2 2 2
left_child=1 -1 4 -4 5 -3 -7
right_child=-2 2 3 -5 -6 6 -8
leaf_value=-0.00012354142691908834 -0.00013436249054773591 -0.00014519945700819603 0.00048214426370053867 4.3011942517337762e-06 -5.926250231950264e-05 0.0006375896487988542 0.0001642333224013853
leaf_weight=190 151 27 38 44 244 26 26
leaf_count=190 151 27 38 44 244 26 26
internal_value=-0.000241288 0.000462184 0.00154321 0.00597561 0.000417955 0.00449367 0.0075
internal_weight=746 595 405 82 323 79 52
internal_count=746 595 405 82 323 79 52
is_linear=0
shrinkage=0.05


Tree=7
num_leaves=8
num_cat=0
split_feature=9 6 14 12 3 12 7
split_gain=0.480382 0.498105 0.52041 0.606665 0.420643 0.400243 0.566375
threshold=-0.30031224942994639 1.9036003189736459 0.065842641676127869 0.018681855298992137 -0.0015572214214418787 -0.010634821304977891 -0.029717442917519706
decision_type=8 2 2 2 2 2 2
left_child=-1 2 5 4 -4 6 -2
right_child=1 -3 3 -5 -6 -7 -8
leaf_value=0.00030648558892254165 -0.00021956070748649381 0.00021867998129543686 0.00016052253316311247 0.00028186620643370328 -0.00021126460500899615 -0.00010069167089105254 0.00014309497115447438
leaf_weight=27 56 49 52 25 27 459 50
leaf_count=27 56 49 52 25 27 459 50
internal_value=-0.000436243 -0.000682452 -0.00103887 0.00221154 6.32899e-05 -0.00163717 0.00113207
internal_weight=745 718 669 104 79 565 106
internal_count=745 718 669 104 79 565 106
is_linear=0
shrinkage=0.05


Tree=8
num_leaves=8
num_cat=0
split_feature=11 10 9 8 8 6 9
split_gain=0.63371 1.19977 0.349956 0.346723 0.539709 0.29431 0.44
threshold=0.021590279744903355 0.0095076227407933107 -0.11681070506998319 0.089111171719477703 0.078882535680326785 -0.27424792625823863 -0.2620037319789762
decision_type=2 2 8 8 10 2 8
left_child=3 2 -2 4 5 6 -1
right_child=1 -3 -4 -5 -6 -7 -8
leaf_value=0.00014201611272489928 0.00040200177204563302 0.00033664993864507796 -0.00021056234182684734 -0.00011752836811816371 0.00036706698139663842 -9.5633654000638486e-05 -1.8724933836817843e-06
leaf_weight=25 31 25 51 129 25 258 220
leaf_count=25 31 25 51 129 25 258 220
internal_value=-0.000157069 0.00341121 0.000487804 -0.000738205 -0.000170456 -0.00052684 0.000714285
internal_weight=764 107 82 657 528 503 245
internal_count=764 107 82 657 528 503 245
is_linear=0
shrinkage=0.05


Tree=9
num_leaves=8
num_cat=0
split_feature=8 10 11 6 12 7 6
split_gain=0.64399 0.61776 0.720695 0.706328 1.03245 0.902784 0.657912
threshold=0.088273521105837541 0.0083252944612894914 0.017238129431086383 0.84073550140228914 0.019260487188196843 -0.039194487554207728 -0.21497241583074958
decision_type=8 2 2 2 2 2 2
left_child=1 3 -3 6 5 -5 -1
right_child=-2 2 -4 4 -6 -7 -8
leaf_value=-5.039082739222338e-07 -0.00011359329289233499 3.7260670110237501e-05 0.00031501134088165409 3.6747912621745813e-05 -0.00025533087542704006 0.00054067504573664484 -0.00017181469180853443
leaf_weight=267 154 66 29 25 41 29 133
leaf_count=267 154 66 29 25 41 29 133
internal_value=-0.000497313 0.000254236 0.00394737 -0.000454547 0.00342105 0.00796296 -0.001375
internal_weight=744 590 95 495 95 54 400
internal_count=744 590 95 495 95 54 400
is_linear=0
shrinkage=0.05


Tree=10
num_leaves=8
num_cat=0
split_feature=8 5 4 8 2 3 3
split_gain=0.462438 0.689981 0.741577 0.524454 0.59462 0.611935 0.910004
threshold=0.088273521105837541 0.017549525852182769 0.027356619294543864 -0.080528624235473065 -0.0876396158232952 0.0042165640302623828 -0.00022107980176006012
decision_type=8 2 2 8 2 2 2
left_child=1 2 -1 -3 -5 6 -6
right_child=-2 3 -4 4 5 -7 -8
leaf_value=-7.2487910275475004e-05 -0.0001162273638255383 -0.00010153672483059181 0.00035373013408377643 0.00067931159744838996 -1.9130630113664223e-05 -0.00014114022049087745 0.00029724201858891949
leaf_weight=26 153 188 37 38 143 100 64
leaf_count=26 153 188 37 38 143 100 64
internal_value=-0.000260348 0.000369126 0.00531746 -0.000215761 0.000942028 0.000211725 0.00176328
internal_weight=749 596 63 533 345 307 207
internal_count=749 596 63 533 345 307 207
is_linear=0
shrinkage=0.05


Tree=11
num_leaves=8
num_cat=0
split_feature=8 1 9 14 10 5 1
split_gain=0.382306 0.609756 0.570465 0.975387 0.392428 0.425348 0.566795
threshold=0.089111171719477703 -0.04339980104812307 0.0098648924209636685 -0.0059106162699663059 -0.0092548931155976826 0.020229364603210846 0.020694083976823822
decision_type=10 2 10 2 2 2 2
left_child=1 -1 4 -4 -3 -6 -7
right_child=-2 2 3 -5 5 6 -8
leaf_value=-0.00014266616830561384 -0.00018804635032661145 -0.00026491382122551232 -2.5132046800722819e-05 0.00050871826110025092 -5.0857111681489216e-05 0.00026526657354257807 -1.3980530121513456e-05
leaf_weight=152 124 33 35 34 178 101 90
leaf_count=152 124 33 35 34 178 101 90
internal_value=-0.000448462 5.61786e-05 0.000944797 0.00514493 0.000223879 0.000691056 0.00232984
internal_weight=747 623 471 69 402 369 191
internal_count=747 623 471 69 402 369 191
is_linear=0
shrinkage=0.05


Tree=12
num_leaves=8
num_cat=0
split_feature=16 13 16 11 13 13 8
split_gain=0.612714 0.870895 0.51133 0.275806 0.25758 0.434508 0.412163
threshold=-0.017476610285533097 21.555000305175785 -0.025534422570958112 0.035212885385391253 20.814999580383304 19.880000114440922 -0.1962056337602088
decision_type=2 2 2 2 2 2 10
left_child=1 2 -1 4 5 6 -2
right_child=3 -3 -4 -5 -6 -7 -8
leaf_value=-0.000178689706482999 0.00018097054138625578 0.00052384477862908979 0.00010868694773521689 0.0003854263922865172 -0.00013880389456541909 0.00020082943395247356 -8.5140900844468941e-05
leaf_weight=35 27 36 43 31 56 25 481
leaf_count=35 27 36 43 31 56 25 481
internal_value=-0.000912808 0.00245614 -0.000512822 -0.00153226 -0.00177419 -0.00143527 -0.00175197
internal_weight=734 114 78 620 589 533 508
internal_count=734 114 78 620 589 533 508
is_linear=0
shrinkage=0.05


Tree=13
num_leaves=8
num_cat=0
split_feature=10 14 8 2 5 16 14
split_gain=0.77741 0.649095 0.500818 0.834242 0.452471 0.688959 0.66449
threshold=0.0083252944612894914 -0.10344834121785244 0.020738801029871027 -0.025818404143991388 0.023362970874368793 -0.017856534446035573 0.040951993391927573
decision_type=2 2 10 2 2 2 2
left_child=4 -2 3 -3 -1 -6 -7
right_child=1 2 -4 -5 5 6 -8
leaf_value=-8.6179197551724534e-05 -7.0429515466289254e-05 0.00028420431384812748 -2.8681248946328059e-05 0.00040212254984318572 0.00049240092644907375 -0.00016833975168110144 0.00011801001225714276
leaf_weight=442 33 29 38 26 34 107 36
leaf_count=442 33 29 38 26 34 107 36
internal_value=-0.00104027 0.00253968 0.00467742 0.00772727 -0.00176898 0.00036723 -0.00115385
internal_weight=745 126 93 55 619 177 143
internal_count=745 126 93 55 619 177 143
is_linear=0
shrinkage=0.05


Tree=14
num_leaves=8
num_cat=0
split_feature=1 8 4 15 16 12 1
split_gain=0.554316 0.614191 0.563859 0.531566 1.0626 0.952496 0.684645
threshold=-0.04339980104812307 0.089111171719477703 0.038476782592918819 0.0057409967655691627 0.016770094568674957 0.014938847679140889 -0.037083541203916263
decision_type=2 10 2 2 2 2 2
left_child=-1 3 -3 6 5 -5 -2
right_child=1 2 -4 4 -6 -7 -8
leaf_value=-9.6505621390763441e-05 0.00034641757260598277 -0.00016883417803895359 8.4336146277923802e-05 0.00095104969250461825 -0.00020437641248590381 0.0002004187632616283 -8.9931901157854075e-06
leaf_weight=149 27 83 32 27 38 42 321
leaf_count=149 27 83 32 27 38 42 321
internal_value=-0.000271211 0.000438595 -0.00282609 0.00126374 0.00434579 0.00804348 0.000316091
internal_weight=719 570 115 455 107 69 348
internal_count=719 570 115 455 107 69 348
is_linear=0
shrinkage=0.05


Tree=15
num_leaves=8
num_cat=0
split_feature=9 14 16 13 13 1 8
split_gain=0.487911 0.449252 0.567592 0.679775 0.687232 0.35624 0.520172
threshold=-0.12844119713733124 0.11108526702174228 -0.018296420709091151 17.125000000000004 14.920000076293947 0.025847623584683291 -0.02049338839338349
decision_type=8 2 2 2 2 2 10
left_child=1 2 -1 4 -4 6 -2
right_child=5 -3 3 -5 -6 -7 -8
leaf_value=0.00057025731312882507 -0.00012271031534825304 -0.00013652177065268489 -2.42061212156174e-05 -0.00015871412306266768 0.00034988077242306811 -0.000163083247086844 3.6792139675899803e-05
leaf_weight=30 141 26 44 89 45 181 187
leaf_count=30 141 26 44 89 45 181 187
internal_value=-0.000693137 0.00119658 0.00197115 0.000898875 0.00398876 -0.00156189 -0.000579269
internal_weight=743 234 208 178 89 509 328
internal_count=743 234 208 178 89 509 328
is_linear=0
shrinkage=0.05


Tree=16
num_leaves=8
num_cat=0
split_feature=10 8 6 3 3 8 13
split_gain=0.541454 0.932091 0.563024 0.421104 0.542073 0.824759 0.499227
threshold=0.0097369243033607073 0.023650208813648658 -0.19765733734885069 0.0014613267543521771 -0.00022107980176006012 -0.014390378247674472 23.529999732971195
decision_type=2 10 2 2 2 10 2
left_child=3 2 -2 4 6 -6 -1
right_child=1 -3 -4 -5 5 -7 -8
leaf_value=-7.0245895337218281e-05 5.9263203504764674e-05 -4.9856476555531323e-05 0.00046713539716777987 -9.6183506989888762e-05 -9.4163088683431353e-05 0.00032861129214595069 0.00044124735520637215
leaf_weight=302 29 34 30 252 41 40 29
leaf_count=302 29 34 30 252 41 40 29
internal_value=-0.000508588 0.00306451 0.00686441 -0.00100904 -2.4273e-05 0.00364197 -0.000921451
internal_weight=757 93 59 664 412 81 331
internal_count=757 93 59 664 412 81 331
is_linear=0
shrinkage=0.05


Tree=17
num_leaves=8
num_cat=0
split_feature=1 8 6 1 10 11 6
split_gain=0.435178 0.4791 0.461425 0.518124 0.789377 0.679949 0.455525
threshold=-0.052529912344530798 0.089111171719477703 1.4693477629670406 0.066915191373709396 0.0083252944612894914 0.014107180383983399 -0.28088702372952573
decision_type=2 10 2 2 2 2 2
left_child=-1 2 3 4 6 -6 -2
right_child=1 -3 -4 -5 5 -7 -8
leaf_value=-0.00012621081215539171 7.8502053548777664e-05 -7.918203844659934e-05 0.0004821015192041948 -0.00025847514391244661 0.00016699309682792626 0.00027475294669248158 -9.8097116606505409e-05
leaf_weight=125 207 123 47 40 37 26 141
leaf_count=125 207 123 47 40 37 26 141
internal_value=-0.000308312 0.000233493 0.000923694 0.000432371 0.000961069 0.00611111 2.87344e-05
internal_weight=746 621 498 451 411 63 348
internal_count=746 621 498 451 411 63 348
is_linear=0
shrinkage=0.05


Tree=18
num_leaves=8
num_cat=0
split_feature=8 3 11 1 13 6 13
split_gain=0.363999 0.399614 0.389401 0.351129 0.3672 0.865055 0.44576
threshold=0.089111171719477703 -0.0018736867180998982 0.00066761306825102739 -0.052529912344530798 18.625000000000004 0.88677785399549436 17.090000152587894
decision_type=8 2 2 2 2 2 2
left_child=3 2 -2 -1 6 -6 -5
right_child=1 -3 -4 4 5 -7 -8
leaf_value=-0.00015953461566880383 4.4424358927235705e-05 -8.2003360249788423e-05 -0.0001990557752701743 1.361020784451659e-05 0.00015679354786955692 0.00046909482726344674 -0.00012845042527264477
leaf_weight=111 25 92 31 283 106 25 80
leaf_count=111 25 92 31 283 106 25 80
internal_value=-0.000750333 -0.00297297 0.000357142 -0.000206613 0.000364371 0.00263359 -0.000454547
internal_weight=753 148 56 605 494 131 363
internal_count=753 148 56 605 494 131 363
is_linear=0
shrinkage=0.05


Tree=19
num_leaves=8
num_cat=0
split_feature=1 9 9 14 15 4 9
split_gain=0.269096 0.450791 0.492767 0.492089 0.450333 0.380877 0.320606
threshold=-0.052529912344530798 -0.12844119713733124 -0.14169591383442723 0.065842641676127869 0.0057409967655691627 0.034050047081352446 0.084056887616200573
decision_type=2 8 10 2 2 2 8
left_child=-1 2 4 -3 5 -2 -5
right_child=1 3 -4 6 -6 -7 -8
leaf_value=-0.00011043715072019967 3.8992647790666007e-05 -4.6555823324911148e-05 0.00056656378586035017 0.0003113897986218585 0.00047226505672134407 -0.00011927547580893924 -7.4775229272713053e-05
leaf_weight=122 47 384 27 30 39 65 25
leaf_count=122 47 384 27 30 39 65 25
internal_value=-0.000805143 -0.000380876 0.00174157 -0.00124146 0.000629138 -0.000982144 0.00318182
internal_weight=739 617 178 439 151 112 55
internal_count=739 617 178 439 151 112 55
is_linear=0
shrinkage=0.05


Tree=20
num_leaves=8
num_cat=0
split_feature=10 16 16 15 1 1 9
split_gain=0.415485 0.505777 0.809074 0.329514 0.607267 0.852036 0.559208
threshold=0.0083252944612894914 0.013847237928647839 -0.0047485785226513691 -0.0015087867087464899 -0.04339980104812307 -0.03511112611757549 0.17149850295694138
decision_type=2 2 2 2 2 2 8
left_child=3 2 -2 4 -1 -6 -7
right_child=1 -3 -4 -5 5 6 -8
leaf_value=-0.00019922022523224966 -5.3354806613314198e-05 -0.00020437615479063656 0.00030844551818086016 -8.3840031835622229e-05 0.00031126259432489271 4.8199133669837654e-05 -0.00016732377544619528
leaf_weight=76 39 30 48 326 27 152 53
leaf_count=76 39 30 48 326 27 152 53
internal_value=-0.000472704 0.00226496 0.0041954 -0.000977919 0.000194804 0.00146552 0.000365852
internal_weight=751 117 87 634 308 232 205
internal_count=751 117 87 634 308 232 205
is_linear=0
shrinkage=0.05


Tree=21
num_leaves=8
num_cat=0
split_feature=8 8 8 8 11 12 11
split_gain=0.474215 0.35751 0.417724 1.18007 1.3384 0.492429 1.66905
threshold=-0.1962056337602088 -0.16196607860650777 0.018363237393740909 -0.017455111430175748 0.011915744624196202 0.039535416571109601 0.0060643629866489199
decision_type=8 8 8 10 2 2 2
left_child=-1 -2 3 -3 -5 -4 -7
right_child=1 2 5 4 -6 6 -8
leaf_value=9.6504337115318526e-05 -0.00022999322643191047 -2.8051359730458508e-05 -5.840078589459911e-05 0.00011042079862201848 0.00042296615911952408 0.00033050369426314497 -0.00019090275029419871
leaf_weight=33 42 257 228 55 31 26 76
leaf_count=33 42 257 228 55 31 26 76
internal_value=-0.000254012 -0.000524477 -0.000245172 0.000976675 0.00604651 -0.00151515 0.00137255
internal_weight=748 715 673 343 86 330 102
internal_count=748 715 673 343 86 330 102
is_linear=0
shrinkage=0.05


Tree=22
num_leaves=8
num_cat=0
split_feature=11 11 11 2 2 5 7
split_gain=0.523961 0.324854 0.37477 0.677434 0.390626 0.346461 0.568987
threshold=0.034590323148393838 -0.025492153007652226 -0.012843892369582886 -0.03505072891647492 0.18700971306152994 0.018062542181708587 0.01537938893842017
decision_type=2 2 2 2 2 2 2
left_child=1 -1 3 -3 5 6 -4
right_child=-2 2 4 -5 -6 -7 -8
leaf_value=-0.00029757165793365173 0.00040658116747289161 0.0006602448670748976 0.0002410416646969044 -0.00014356729938147603 8.7605303060082765e-05 -6.7973233686244097e-05 -0.00013641035833052799
leaf_weight=44 33 35 57 43 32 452 46
leaf_count=44 33 35 57 43 32 452 46
internal_value=-0.000552562 -0.000839211 -0.000563911 0.00269231 -0.000996594 -0.00130631 0.00131068
internal_weight=742 709 665 78 587 555 103
internal_count=742 709 665 78 587 555 103
is_linear=0
shrinkage=0.05


Tree=23
num_leaves=8
num_cat=0
split_feature=11 1 10 4 9 14 6
split_gain=0.369645 0.608474 0.375077 0.372891 1.32549 0.293084 0.352637
threshold=0.023488244118780924 0.026950417122914908 0.0024545779679250317 0.043202035365325943 -0.18916177120846181 -0.086337752297859935 -0.74414793344151409
decision_type=2 2 2 2 10 2 2
left_child=3 -2 -3 5 -5 -1 -7
right_child=1 2 -4 4 -6 6 -8
leaf_value=0.00011290714415131391 0.00036831489112530832 -0.00012856327015345841 0.00026264353730818185 -0.00018648082970256711 0.00033101010850228373 5.1111254105436949e-06 -8.5983968857412084e-05
leaf_weight=39 25 25 46 51 34 115 416
leaf_count=39 25 25 46 51 34 115 416
internal_value=-0.00060586 0.00229167 -7.04237e-05 -0.00103054 0.00205882 -0.00149123 -0.00179849
internal_weight=751 96 71 655 85 570 531
internal_count=751 96 71 655 85 570 531
is_linear=0
shrinkage=0.05


Tree=24
num_leaves=8
num_cat=0
split_feature=14 0 6 13 6 3 0
split_gain=0.491879 0.875152 0.303837 0.941176 0.339884 0.547815 0.475948
threshold=-0.086337752297859935 0.016765457034074397 1.4693477629670406 16.914999961853031 -0.74414793344151409 0.0056055302951156802 -0.008054410143433997
decision_type=2 2 2 2 2 2 2
left_child=1 -1 4 -4 5 6 -2
right_child=2 -3 3 -5 -6 -7 -8
leaf_value=0.00045123438779129756 0.00027804215142085501 -3.811107134993425e-05 -0.00025586200386244507 0.00072442907139248195 -6.4809053921326845e-05 0.00025065746927271254 -6.2365946405296474e-05
leaf_weight=25 48 30 34 34 473 29 76
leaf_count=25 48 30 34 34 473 29 76
internal_value=-0.000460615 0.00409091 -0.000821327 0.00235294 -0.00116614 0.000882352 -0.000564517
internal_weight=749 55 694 68 626 153 124
internal_count=749 55 694 68 626 153 124
is_linear=0
shrinkage=0.05


Tree=25
num_leaves=8
num_cat=0
split_feature=8 8 8 13 14 1 9
split_gain=0.405404 0.435372 1.03752 0.553178 0.521393 0.391375 0.37895
threshold=0.089111171719477703 -0.02049338839338349 -0.0015854553625961885 13.84500026702881 -0.062752290881895975 -0.033866961030114155 -0.02319586681615032
decision_type=10 10 10 2 2 2 8
left_child=1 4 -3 -4 5 -1 -5
right_child=-2 2 3 6 -6 -7 -8
leaf_value=-2.9239400948333131e-05 -0.00013915150392925768 0.00030782568192130346 0.00019201581900174793 -7.9881229804194909e-05 -5.8961526593982917e-05 0.00073761439965128411 8.6826974772239541e-05
leaf_weight=27 124 35 31 102 305 29 104
leaf_count=27 124 35 31 102 305 29 104
internal_value=-0.000772789 -0.000260665 0.00125 6.32899e-05 -0.00139889 0.00303571 -0.000873788
internal_weight=757 633 272 237 361 56 206
internal_count=757 633 272 237 361 56 206
is_linear=0
shrinkage=0.05


Tree=26
num_leaves=8
num_cat=0
split_feature=11 1 11 16 13 9 13
split_gain=0.374321 0.681925 0.279226 0.496956 1.18593 0.305079 0.243717
threshold=0.029305093404121577 0.066915191373709396 -0.025492153007652226 -0.018619512064337981 19.055000305175785 -0.28368029696936475 20.500000000000004
decision_type=2 2 2 2 2 8 2
left_child=2 -2 -1 4 -4 -5 -7
right_child=1 -3 3 5 -6 6 -8
leaf_value=-0.00016678444816135393 0.00035629503054640174 -0.00025259511654039955 -5.1923867007457192e-05 0.00018913962817872191 0.00042574568038999364 -4.1798356800901475e-05 -6.5809845650027183e-05
leaf_weight=48 31 26 44 30 34 469 55
leaf_count=48 31 26 44 30 34 469 55
internal_value=-0.000997287 0.00289474 -0.00132353 -0.0010443 0.00269231 -0.0015704 -0.00185115
internal_weight=737 57 680 632 78 554 524
internal_count=737 57 680 632 78 554 524
is_linear=0
shrinkage=0.05


Tree=27
num_leaves=8
num_cat=0
split_feature=3 3 14 1 0 0 9
split_gain=0.42759 0.739074 0.704381 0.663947 0.337174 0.566253 1.19113
threshold=0.0015799870947865726 0.00092435898056242316 -0.071225645536492452 0.0089916089669301886 -0.036143012447552518 -0.022595578819247449 -0.1355919726730492
decision_type=2 2 2 2 2 2 10
left_child=1 4 3 -2 -1 6 -6
right_child=2 -3 -4 -5 5 -7 -8
leaf_value=-0.00022336516742561767 -4.2948379309638003e-05 0.00044008898375644994 -6.3864346990922686e-05 0.00042529748463464474 -9.9358797901267606e-05 -2.2141103609068885e-05 0.0003111901243180658
leaf_weight=34 32 26 257 25 38 312 25
leaf_count=34 32 26 257 25 38 312 25
internal_value=-0.000727638 0.000287355 -0.00213376 0.00289474 -0.000232275 0.000199999 0.00452381
internal_weight=749 435 314 57 409 375 63
internal_count=749 435 314 57 409 375 63
is_linear=0
shrinkage=0.05


Tree=28
num_leaves=8
num_cat=0
split_feature=1 1 7 7 4 13 15
split_gain=0.35238 0.558345 0.512015 1.69438 0.796474 0.454589 0.290109
threshold=-0.039166279625279181 -0.03155195413081429 -0.041367155687506867 -0.015798542564173897 0.034487297975887322 14.734999656677248 0.0035717047955656782
decision_type=2 2 2 2 2 2 2
left_child=5 -2 -3 4 -4 -1 -5
right_child=1 2 3 6 -6 -7 -8
leaf_value=2.5285983910572713e-06 0.00067113357499021297 -0.00014538619873325133 0.0001421211121585881 -7.2608976800702207e-05 0.00056819609703251471 -0.00010452755477018633 3.5468434980796045e-05
leaf_weight=32 37 76 28 256 29 157 149
leaf_count=32 37 76 28 256 29 157 149
internal_value=-0.000746074 -0.000130436 -0.000539035 8.65789e-05 0.00815789 -0.00261905 -0.00104938
internal_weight=764 575 538 462 57 189 405
internal_count=764 575 538 462 57 189 405
is_linear=0
shrinkage=0.05


Tree=29
num_leaves=8
num_cat=0
split_feature=11 8 14 13 4 8 5
split_gain=0.435558 1.4026 0.387988 0.607991 0.323473 0.611601 0.308817
threshold=0.026101740885835282 0.035554971867491909 -0.00064785032559577782 13.744999885559084 0.042600922315693006 -0.088505735161516427 0.023446446660151846
decision_type=2 10 2 2 2 10 2
left_child=2 -2 4 -4 -1 -6 -5
right_child=1 -3 3 6 5 -7 -8
leaf_value=-6.8978530768621521e-05 0.00093185504511460225 -0.00018076648712540022 0.00018015195408870545 -3.679647274178977e-05 -0.00016476219446172406 0.00031147436601508039 4.7196155046382363e-05
leaf_weight=296 44 33 42 189 32 25 71
leaf_count=296 44 33 42 189 32 25 71
internal_value=-0.000765029 0.00279221 -0.00118321 0.000132449 -0.00230878 0.00114035 -0.000769232
internal_weight=732 77 655 302 353 57 260
internal_count=732 77 655 302 353 57 260
is_linear=0
shrinkage=0.05


Tree=30
num_leaves=8
num_cat=0
split_feature=1 8 11 4 3 2 16
split_gain=0.417858 0.464733 0.418328 0.844559 0.566611 0.542561 0.52129
threshold=-0.04339980104812307 -0.19191765703431071 0.003813504719322514 0.041794275630549792 -0.0060909026015308889 0.027740353884181949 0.0045210157104313984
decision_type=2 10 2 2 2 2 2
left_child=1 -1 3 4 5 -2 -6
right_child=2 -3 -4 -5 6 -7 -8
leaf_value=9.9205383066045257e-06 0.00031574776674261532 -0.00015936977802431386 -3.6463799004981914e-05 0.00022967427451245421 -0.00010538314440851282 -1.4413277680254937e-05 0.00011566052277000471
leaf_weight=26 29 132 342 39 97 26 47
leaf_count=26 29 132 342 39 97 26 47
internal_value=-0.00113821 -0.00341772 -0.000517243 0.00109244 -0.000226132 0.00409091 -0.001875
internal_weight=738 158 580 238 199 55 144
internal_count=738 158 580 238 199 55 144
is_linear=0
shrinkage=0.05


Tree=31
num_leaves=8
num_cat=0
split_feature=13 16 6 7 2 12 0
split_gain=0.306738 0.547295 0.339765 0.483728 0.682985 0.319829 0.280436
threshold=23.409999847412113 -0.017856534446035573 -0.67332579426721784 -0.027884798974860511 0.036092041496232803 0.028151180192127593 0.022483230084666243
decision_type=2 2 2 2 2 2 2
left_child=2 -2 3 -1 -5 -6 -4
right_child=1 -3 6 4 5 -7 -8
leaf_value=-0.00014436079581402309 0.0002199518023038818 -6.3300401113094461e-05 -5.7391120250923537e-05 0.00039490710196275899 -0.00024032594830672132 0.00022168377813151687 2.9406603101636624e-05
leaf_weight=64 27 31 404 49 25 42 96
leaf_count=64 27 31 404 49 25 42 96
internal_value=-0.000731709 0.00275862 -0.00102941 0.000833332 0.00275862 -0.000522389 -0.0017
internal_weight=738 58 680 180 116 67 500
internal_count=738 58 680 180 116 67 500
is_linear=0
shrinkage=0.05


Tree=32
num_leaves=8
num_cat=0
split_feature=14 14 11 8 14 2 10
split_gain=0.297325 0.493623 0.260364 0.395267 0.281929 0.457764 0.258693
threshold=0.12307845124318741 0.083142255535003332 0.03197650803521624 -0.1962056337602088 -0.077913276979976895 0.014831943991460263 0.0018732766831597305
decision_type=2 2 2 8 2 2 2
left_child=1 2 3 -1 5 -5 -6
right_child=-2 -3 -4 4 6 -7 -8
leaf_value=0.00020641783038130831 -9.573660317797513e-05 0.00019240645775443839 0.00027451544284399202 -4.3038503233596257e-05 -1.5499672959604361e-05 0.00035726107351405129 -5.2452901767496157e-05
leaf_weight=25 40 41 45 33 312 25 230
leaf_count=25 40 41 45 33 312 25 230
internal_value=-0.000805594 -0.000569621 -0.000895524 -0.00116 -0.00141667 0.00189655 -0.00177122
internal_weight=751 711 670 625 600 58 542
internal_count=751 711 670 625 600 58 542
is_linear=0
shrinkage=0.05


end of trees

feature_importances:
dist_ma50=34
ret_5d=21
spy_ret_5d=19
sector_ret_5d=19
vix_level=18
vix_chg_1d=17
dist_ma200=16
dvol_z_20=15
spy_ret_1d=11
overnight_gap=10
atr_pct=9
ret_20d=8
sector_ret_1d=8
ret_1d=7
spy_ret_20d=7
parkinson_20=6
dist_ma20=6

parameters:
[boosting: gbdt]
[objective: quantile]
[metric: quantile]
[tree_learner: serial]
[device_type: cpu]
[data_sample_strategy: bagging]
[data: ]
[valid: ]
[num_iterations: 80]
[learning_rate: 0.05]
[num_leaves: 8]
[num_threads: 1]
[seed: 0]
[deterministic: 0]
[force_col_wise: 1]
[force_row_wise: 0]
[histogram_pool_size: -1]
[max_depth: -1]
[min_data_in_leaf: 25]
[min_sum_hessian_in_leaf: 0.001]
[bagging_fraction: 0.9]
[pos_bagging_fraction: 1]
[neg_bagging_fraction: 1]
[bagging_freq: 1]
[bagging_seed: 3]
[bagging_by_query: 0]
[feature_fraction: 0.9]
[feature_fraction_bynode: 1]
[feature_fraction_seed: 2]
[extra_trees: 0]
[extra_seed: 6]
[early_stopping_round: 0]
[early_stopping_min_delta: 0]
[first_metric_only: 0]
[max_delta_step: 0]
[lambda_l1: 0]
[lambda_l2: 0]
[linear_lambda: 0]
[min_gain_to_split: 0]
[drop_rate: 0.1]
[max_drop: 50]
[skip_drop: 0.5]
[xgboost_dart_mode: 0]
[uniform_drop: 0]
[drop_seed: 4]
[top_rate: 0.2]
[other_rate: 0.1]
[min_data_per_group: 100]
[max_cat_threshold: 32]
[cat_l2: 10]
[cat_smooth: 10]
[max_cat_to_onehot: 4]
[top_k: 20]
[monotone_constraints: ]
[monotone_constraints_method: basic]
[monotone_penalty: 0]
[feature_contri: ]
[forcedsplits_filename: ]
[refit_decay_rate: 0.9]
[cegb_tradeoff: 1]
[cegb_penalty_split: 0]
[cegb_penalty_feature_lazy: ]
[cegb_penalty_feature_coupled: ]
[path_smooth: 0]
[interaction_constraints: ]
[verbosity: -1]
[saved_feature_importance_type: 0]
[use_quantized_grad: 0]
[num_grad_quant_bins: 4]
[quant_train_renew_leaf: 0]
[stochastic_rounding: 1]
[linear_tree: 0]
[max_bin: 255]
[max_bin_by_feature: ]
[min_data_in_bin: 3]
[bin_construct_sample_cnt: 200000]
[data_random_seed: 1]
[is_enable_sparse: 1]
[enable_bundle: 1]
[use_missing: 1]
[zero_as_missing: 0]
[feature_pre_filter: 1]
[pre_partition: 0]
[two_round: 0]
[header: 0]
[label_column: ]
[weight_column: ]
[group_column: ]
[ignore_column: ]
[categorical_feature: ]
[forcedbins_filename: ]
[precise_float_parser: 0]
[parser_config_file: ]
[objective_seed: 5]
[num_class: 1]
[is_unbalance: 0]
[scale_pos_weight: 1]
[sigmoid: 1]
[boost_from_average: 1]
[reg_sqrt: 0]
[alpha: 0.9]
[fair_c: 1]
[poisson_max_delta_step: 0.7]
[tweedie_variance_power: 1.5]
[lambdarank_truncation_level: 30]
[lambdarank_norm: 1]
[label_gain: ]
[lambdarank_position_bias_regularization: 0]
[eval_at: ]
[multi_error_top_k: 1]
[auc_mu_weights: ]
[num_machines: 1]
[local_listen_port: 12400]
[time_out: 120]
[machine_list_filename: ]
[machines: ]
[gpu_platform_id: -1]
[gpu_device_id: -1]
[gpu_device_id_list: ]
[gpu_use_dp: 0]
[num_gpu: 1]

end of parameters

pandas_categorical:[]
