tree
version=v4
num_class=1
num_tree_per_iteration=1
label_index=0
max_feature_idx=16
objective=quantile
feature_names=ret_1d ret_5d ret_20d overnight_gap atr_pct parkinson_20 dvol_z_20 dist_ma20 dist_ma50 dist_ma200 spy_ret_1d spy_ret_5d spy_ret_20d vix_level vix_chg_1d sector_ret_1d sector_ret_5d
feature_infos=[-0.15327708382485272:0.12493513132773715] [-0.20178544503665441:0.15563906586194021] [-0.31763169210011299:0.28179605379848316] [-0.1209889416559573:0.14674566442193604] [0.015413317977210217:0.069786725338386452] [0.010934018997688111:0.036680784690890089] [-1.9855445363502635:4.2276307043099779] [-0.18705423216169736:0.16453420484405989] [-0.31515122909625393:0.22263830855394318] [-0.44897765694812231:0.29960701000468815] [-0.058542971330535654:0.10501930183911301] [-0.11496151859245618:0.082843162776128354] [-0.1226559005192206:0.15756591020035837] [11.859999656677246:52.330001831054688] [-0.35753873962348437:0.74039073966007019] [-0.068247998544687438:0.13425697132599002] [-0.13587196028298487:0.11773217696052685]
tree_sizes=840 863 861 854 856 858 851 860 855 850 859 861 853 858 854 849 863 871 861 864 850 858 854 866 859 864 858 862 845 848 859 859 858 858 851 852 860 856 864 838 856 859 861 850 860 852 864 848 852 862 861 861 854 856 851 866 842 847 866 847 862 862 860 859 853 862 867 862 860 845 855 855 854 851 851 864 861 848 854

Tree=0
num_leaves=8
num_cat=0
split_feature=5 15 9 5 9 13 8
split_gain=6.00747 1.90549 1.86612 1.57198 2.84253 2.0304 3.1801
threshold=0.018233604993537485 0.013522796706326392 -0.32169652555331396 0.016850220737231299 -0.050195886924760673 13.050000190734865 0.084040507210533036
decision_type=2 2 8 2 10 2 8
left_child=3 2 -2 5 -5 -1 -7
right_child=1 -3 -4 4 -6 6 -8
leaf_value=-0.0097345177549868819 -0.010745441913604737 -0.0098994812462478883 -0.010090672317892313 -0.0097537619993090623 -0.010241647064685822 -0.0098973228596150875 -0.01019276175647974
leaf_weight=64 42 45 127 65 33 315 55
leaf_count=64 42 45 127 65 33 315 55
internal_value=-0.0103314 -0.0174059 -0.0198405 -0.00748563 -0.00176597 -0.00877716 -0.0101995
internal_weight=746 214 169 532 98 434 370
internal_count=746 214 169 532 98 434 370
is_linear=0
shrinkage=1


Tree=1
num_leaves=8
num_cat=0
split_feature=9 8 1 3 11 16 9
split_gain=4.01917 2.7151 2.96321 2.61003 2.17959 2.08059 2.06644
threshold=-0.19134547554168638 0.084040507210533036 0.0022739023271566299 -0.0049321473468164059 -0.002084976205571742 -0.0012880107566412555 0.20735502355050131
decision_type=8 8 2 2 2 2 10
left_child=-1 2 5 -4 -5 -2 -3
right_child=1 6 3 4 -6 -7 -8
leaf_value=-0.00065574963926337657 6.1879842542111879e-05 -0.00025034767575562002 0.00029298898414708679 -0.00071382618043571713 0.0001402018708176911 -0.00010054941056296232 0.00015613671159371732
leaf_weight=70 179 81 36 25 160 144 38
leaf_count=70 179 81 36 25 160 144 38
internal_value=-3.41064e-05 0.00116893 0.00266544 0.0071267 0.00472973 -0.000386997 -0.00567227
internal_weight=733 663 544 221 185 323 119
internal_count=733 663 544 221 185 323 119
is_linear=0
shrinkage=0.05


Tree=2
num_leaves=8
num_cat=0
split_feature=5 4 8 14 1 16 12
split_gain=3.74276 1.66133 2.69048 2.5065 1.79207 2.50606 1.72977
threshold=0.018284260856796051 0.021260428998752242 0.091453613222210142 -0.015974596701323503 0.0034933792291157455 -0.0012880107566412555 0.02719353000997338
decision_type=2 2 8 2 2 2 2
left_child=1 3 4 -1 5 -3 -5
right_child=-2 2 -4 6 -6 -7 -8
leaf_value=0.00013026306522078814 -0.00016607735655270516 0.00011260185972787442 -0.00022175724757835273 -0.00024168847477994859 0.0001252030385949183 -9.0656540938653063e-05 -1.1547779489774237e-05
leaf_weight=43 211 106 59 39 150 102 35
leaf_count=43 211 106 59 39 150 102 35
internal_value=-0.000167785 0.00205993 0.00353717 -0.00320513 0.0051676 0.00216346 -0.00878378
internal_weight=745 534 417 117 358 208 74
internal_count=745 534 417 117 358 208 74
is_linear=0
shrinkage=0.05


Tree=3
num_leaves=8
num_cat=0
split_feature=12 14 9 9 11 13 6
split_gain=3.34744 2.49465 2.37928 1.87241 1.57538 1.52521 1.38158
threshold=0.027692193477340758 -0.034719790282674072 -0.25262004187783144 -0.044027621613148986 0.013370949203247886 12.994999885559084 -0.47870677930417221
decision_type=2 2 8 8 2 2 2
left_child=2 -2 -1 4 -3 -5 -7
right_child=1 3 -4 5 -6 6 -8
leaf_value=-0.00062860872515011585 0.00014968400275101889 0.00022857484628038949 -1.9540767592843636e-05 0.00017122902592600435 -0.0001200569943932351 -0.00013970352226024262 5.7082920618995506e-06
leaf_weight=43 76 40 417 28 25 38 70
leaf_count=43 76 40 417 28 25 38 70
internal_value=0.000440977 0.00478339 -0.00217391 0.00186567 0.00884615 -0.00147059 -0.00416667
internal_weight=737 277 460 201 65 136 108
internal_count=737 277 460 201 65 136 108
is_linear=0
shrinkage=0.05


Tree=4
num_leaves=8
num_cat=0
split_feature=5 14 4 14 7 12 7
split_gain=4.22822 2.03992 2.36389 1.84436 1.79836 1.63276 1.81259
threshold=0.018098094293180666 0.003286853869637119 0.021260428998752242 -0.067583665573298909 0.012811178598613695 0.0066896408709551389 0.025863874398855072
decision_type=2 2 2 2 2 2 2
left_child=1 -1 -3 -2 -4 -5 -7
right_child=3 2 4 5 -6 6 -8
leaf_value=9.0218625433171815e-05 0.00010432361958024559 -0.00022862701266130898 0.0001030772662808886 -0.00039245198030839673 -0.0001111851568246493 1.3391453085077975e-05 -0.00018584250277748653
leaf_weight=298 38 55 115 85 53 60 39
leaf_count=298 38 55 115 85 53 60 39
internal_value=-0.000302826 0.00215931 -0.0014574 -0.00608108 0.0014881 -0.00815217 -0.00378788
internal_weight=743 521 223 222 168 184 99
internal_count=743 521 223 222 168 184 99
is_linear=0
shrinkage=0.05


Tree=5
num_leaves=8
num_cat=0
split_feature=5 5 15 0 7 14 3
split_gain=3.46356 1.87384 1.78174 2.48182 1.62964 1.51658 1.5713
threshold=0.017968541172052748 0.017123361025087432 0.013522796706326392 0.0019382292542181603 0.0088829390150179117 0.003286853869637119 -0.0023729004710159036
decision_type=2 2 2 2 2 2 2
left_child=1 5 3 4 -2 6 -1
right_child=2 -3 -4 -5 -6 -7 -8
leaf_value=0.0002384802798728861 -0.00021542918334685964 0.00014390806542945622 5.3098390279175851e-05 -0.00045407356395702034 0.00014318392892461097 -3.2780050969431679e-05 3.7914289296598318e-05
leaf_weight=61 80 52 51 77 25 196 190
leaf_count=61 80 52 51 77 25 196 190
internal_value=0.000204918 0.00255511 -0.00482833 -0.00714286 -0.00214286 0.00151007 0.00408367
internal_weight=732 499 233 182 105 447 251
internal_count=732 499 233 182 105 447 251
is_linear=0
shrinkage=0.05


Tree=6
num_leaves=8
num_cat=0
split_feature=9 9 14 4 2 9 3
split_gain=2.95934 1.88804 1.85427 2.01936 1.65481 2.52301 2.03658
threshold=-0.22441535122861431 -0.37517614646271358 0.003286853869637119 0.021260428998752242 0.067628282403528042 0.2711968793443495 0.0021114896035174806
decision_type=8 10 2 2 2 8 2
left_child=1 -1 4 -4 -2 6 -6
right_child=2 -3 3 -5 5 -7 -8
leaf_value=-9.3568224023844745e-05 7.3910249994013896e-05 -0.00072806460894348857 -0.00015660378392800433 7.7431304590039159e-06 -0.00016999291438824974 -0.00014290528127779563 0.00019138639658262472
leaf_weight=33 301 38 55 228 28 34 27
leaf_count=33 301 38 55 228 28 34 27
internal_value=0.000201613 -0.00950704 0.00122585 -0.00185512 0.00346154 -0.00252809 0.00409091
internal_weight=744 71 673 283 390 89 55
internal_count=744 71 673 283 390 89 55
is_linear=0
shrinkage=0.05


Tree=7
num_leaves=8
num_cat=0
split_feature=5 6 9 12 12 11 2
split_gain=3.49258 2.01725 2.66667 2.08583 2.42125 2.39609 1.96086
threshold=0.018233604993537485 0.52005425107394643 0.084170557769865942 0.027692193477340758 -0.00052816856958670655 -0.0065232260485101326 -0.051444347165346453
decision_type=2 2 10 2 2 2 2
left_child=1 3 -3 4 -1 -6 -5
right_child=-2 2 -4 6 5 -7 -8
leaf_value=8.5322869804445355e-05 -0.00015423385596371135 2.0187232245595004e-05 -0.00038001415871048635 0.00016763383146861218 -0.00024427686671094632 5.6280003713783495e-05 0.00012046645305248483
leaf_weight=80 215 96 32 34 36 118 129
leaf_count=80 215 96 32 34 36 118 129
internal_value=0.000135135 0.00233333 -0.003125 0.0040932 0.00106838 -0.0025974 0.00843558
internal_weight=740 525 128 397 234 154 163
internal_count=740 525 128 397 234 154 163
is_linear=0
shrinkage=0.05


Tree=8
num_leaves=8
num_cat=0
split_feature=8 13 4 7 8 3 4
split_gain=2.93659 2.11443 2.28378 2.28985 1.76355 1.74867 1.62038
threshold=-0.10409370872296757 12.88000011444092 0.021139392975894771 -0.041916442730016427 0.091453613222210142 0.0041199203964747974 0.035876184596044296
decision_type=10 2 2 2 10 2 2
left_child=5 -2 -3 -4 6 -1 -5
right_child=1 2 3 4 -6 -7 -8
leaf_value=-0.00022406064854620439 0.00023552451037941677 -0.00011817593175632918 0.00017084801349893003 4.3067396392229783e-05 -0.00014072548553723698 -0.0004612688417171577 -0.00020940227076912191
leaf_weight=83 43 92 69 354 48 25 47
leaf_count=83 43 92 69 354 48 25 47
internal_value=0.000229961 0.00149311 0.000737705 0.00202703 0.000723831 -0.00740741 0.00180798
internal_weight=761 653 610 518 449 108 401
internal_count=761 653 610 518 449 108 401
is_linear=0
shrinkage=0.05


Tree=9
num_leaves=8
num_cat=0
split_feature=7 12 15 7 12 6 9
split_gain=2.69999 2.02949 2.17817 1.69563 1.64047 1.6527 2.07398
threshold=-0.097482715435581388 0.027692193477340758 0.013242945444064571 -0.059428422414778852 0.029654960476763418 0.32953829714280553 -0.06601277285110578
decision_type=2 2 2 2 2 2 10
left_child=-1 2 3 -2 -3 6 -6
right_child=1 4 -4 -5 5 -7 -8
leaf_value=-0.00039384737924775398 0.00028116818939699829 0.00019245019547744414 0.00010090983626849542 -0.00010247689551594894 -5.611241023950609e-06 -0.00018965457858571957 0.00015760543917389482
leaf_weight=42 26 34 65 321 85 66 99
leaf_count=42 26 34 65 321 85 66 99
internal_value=0.000406504 0.00114943 -0.00109223 -0.00266571 0.00440141 0.003 0.00543478
internal_weight=738 696 412 347 284 250 184
internal_count=738 696 412 347 284 250 184
is_linear=0
shrinkage=0.05


Tree=10
num_leaves=8
num_cat=0
split_feature=8 7 1 7 9 6 7
split_gain=2.85807 2.6799 2.10283 2.07378 1.47047 1.51158 1.67155
threshold=-0.10409370872296757 -0.050232898839391797 -0.0045886743494434326 -0.020979157736488448 -0.024078299748181094 -0.71791281353595482 -0.02843759588958655
decision_type=10 2 2 2 8 2 2
left_child=-1 -2 4 -4 5 -3 -7
right_child=1 2 3 -5 -6 6 -8
leaf_value=-0.00031877241673655812 0.00020570096344392914 -0.00031293649873901817 0.00020294758357437072 3.2782552734484653e-05 -0.00010844912641154985 -4.7978046197138258e-05 0.00021039412491068323
leaf_weight=105 49 25 25 318 148 36 42
leaf_count=105 49 25 25 318 148 36 42
internal_value=0.00026738 0.00151633 0.000589226 0.00313411 -0.00288845 0.00169903 0.00512821
internal_weight=748 643 594 343 251 103 78
internal_count=748 643 594 343 251 103 78
is_linear=0
shrinkage=0.05


Tree=11
num_leaves=8
num_cat=0
split_feature=7 7 14 5 0 12 14
split_gain=2.63512 1.68552 1.48456 1.84663 2.02145 1.73043 1.56243
threshold=-0.097482715435581388 -0.059428422414778852 0.023814289245349455 0.018233604993537485 -0.017894521845405683 -0.016111251712643489 -0.060408912479391223
decision_type=2 2 2 2 2 2 2
left_child=-1 -2 5 4 -4 6 -3
right_child=1 2 3 -5 -6 -7 -8
leaf_value=-0.00041359898299734655 0.00016036870046040868 0.00013692673905176152 0.00019255741614198024 -0.00022560884811875776 -8.0727510836865919e-05 5.7487964512239079e-05 -0.00030606753558368172
leaf_weight=41 43 31 25 53 108 400 45
leaf_count=41 43 31 25 53 108 400 45
internal_value=0.000737265 0.0014539 0.000830816 -0.00295699 0.00018797 0.00231092 -0.00460526
internal_weight=746 705 662 186 133 476 76
internal_count=746 705 662 186 133 476 76
is_linear=0
shrinkage=0.05


Tree=12
num_leaves=8
num_cat=0
split_feature=9 13 9 8 8 4 9
split_gain=2.29215 1.88522 1.74961 1.68077 2.40835 2.09469 1.84029
threshold=-0.19134547554168638 12.88000011444092 -0.37517614646271358 0.084040507210533036 0.070787059414651479 0.020877858325167819 0.027683642172615878
decision_type=8 2 10 8 10 2 10
left_child=2 -2 -1 4 5 -3 -7
right_child=1 3 -4 -5 -6 6 -8
leaf_value=5.2985282171047048e-05 0.00021183926536354799 -0.00014163889668686284 -0.00061491774001583743 -0.00012250242811095107 0.00014670880291642736 4.7285878280240153e-05 -0.00010592157511329316
leaf_weight=29 52 54 37 99 31 347 77
leaf_count=29 52 54 37 99 31 347 77
internal_value=0.000550964 0.00143939 -0.00833333 0.000657895 0.00181729 0.000941423 0.00212264
internal_weight=726 660 66 608 509 478 424
internal_count=726 660 66 608 509 478 424
is_linear=0
shrinkage=0.05


Tree=13
num_leaves=8
num_cat=0
split_feature=8 7 13 15 6 4 13
split_gain=3.4411 2.70119 2.60714 1.46787 1.55978 2.18448 2.06678
threshold=-0.10409370872296757 -0.059428422414778852 12.994999885559084 0.013461771571417371 -0.50029983959551139 0.025875773359761951 19.440000534057621
decision_type=10 2 2 2 2 2 2
left_child=-1 -2 -3 4 -4 -6 -7
right_child=1 2 3 -5 5 6 -8
leaf_value=-0.00036431420187057806 0.00027299635913766482 0.00018924416520613806 -6.8047990641912246e-05 7.4311245460483279e-05 0.00014043976162528453 9.4849678641557169e-08 -0.00030528877337601386
leaf_weight=104 27 51 175 93 142 121 29
leaf_count=104 27 51 175 93 142 121 29
internal_value=0.00074124 0.00211599 0.00143208 0.000446429 -0.000695931 0.0015411 -0.00266667
internal_weight=742 638 611 560 467 292 150
internal_count=742 638 611 560 467 292 150
is_linear=0
shrinkage=0.05


Tree=14
num_leaves=8
num_cat=0
split_feature=8 13 4 12 15 15 4
split_gain=3.52252 2.73581 2.69899 1.58303 1.41985 2.23012 1.55647
threshold=-0.10409370872296757 13.34500026702881 0.021260428998752242 0.0053623366190914687 0.015074455639874531 0.021359967721203747 0.025910746400285001
decision_type=8 2 2 2 2 2 2
left_child=3 -2 -3 -1 6 -6 -4
right_child=1 2 4 -5 5 -7 -8
leaf_value=-0.00052995489421717439 0.00018203267865916459 -0.00015009083005654213 0.00010083317611064603 -3.388300286070994e-05 9.4197516999637403e-05 -7.4830497716764198e-06 -1.8737834202089229e-05
leaf_weight=44 71 75 147 29 37 35 286
leaf_count=44 71 75 147 29 37 35 286
internal_value=0.000483425 0.00165131 0.000517241 -0.00993151 0.00183168 0.00833333 0.000750577
internal_weight=724 651 580 73 505 72 433
internal_count=724 651 580 73 505 72 433
is_linear=0
shrinkage=0.05


Tree=15
num_leaves=8
num_cat=0
split_feature=4 14 4 15 12 13 15
split_gain=1.77084 2.32123 1.99797 2.96524 2.5034 1.73208 1.50745
threshold=0.025859257926733777 -0.0029443342389950384 0.024583444339783062 -0.0045461236162073751 0.02952133598580731 14.484999656677248 0.013461771571417371
decision_type=2 2 2 2 2 2 2
left_child=1 5 3 -3 -5 -1 -2
right_child=6 2 -4 4 -6 -7 -8
leaf_value=0.00019106552226070446 -8.5233052538912825e-05 2.7309400964660274e-05 0.00017129143087307302 -0.00030250306174076796 -0.00011264619387376142 7.692287779192589e-05 6.2477861998053345e-05
leaf_weight=64 350 51 26 33 36 95 77
leaf_count=64 350 51 26 33 36 95 77
internal_value=0.000614754 0.00352459 -0.0010274 -0.00375 -0.0105072 0.0077044 -0.0014637
internal_weight=732 305 146 120 69 159 427
internal_count=732 305 146 120 69 159 427
is_linear=0
shrinkage=0.05


Tree=16
num_leaves=8
num_cat=0
split_feature=13 3 4 8 8 3 6
split_gain=2.18635 1.45072 2.23395 2.17031 2.23437 1.96964 1.82331
threshold=13.34500026702881 -0.0054563584000161805 0.02062102038659936 -0.09810185839998263 -0.023790223096387782 0.0079083205846586253 -0.62422663864728933
decision_type=2 2 2 10 10 2 2
left_child=-1 -2 -3 -4 6 -6 -5
right_child=1 2 3 4 5 -7 -8
leaf_value=0.00013434239473800424 3.9194089420755561e-05 -0.0001896435773590181 -0.00045187428009316156 -0.00013983733841080255 -9.9037068663381669e-05 8.6391728329913341e-05 0.00017310073706474938
leaf_weight=96 165 41 56 30 201 56 106
leaf_count=96 165 41 56 30 201 56 106
internal_value=0.000765646 -0.000267176 -0.00163265 -0.000612472 0.000699746 -0.0020428 0.00588235
internal_weight=751 655 490 449 393 257 136
internal_count=751 655 490 449 393 257 136
is_linear=0
shrinkage=0.05


Tree=17
num_leaves=8
num_cat=0
split_feature=9 6 14 15 9 10 15
split_gain=1.34068 1.98105 1.84891 2.43507 1.83689 1.66605 2.07787
threshold=-0.22441535122861431 0.68834752605007743 -0.039477048520880569 1.0000000180025095e-35 -0.37517614646271358 -3.2316766858164751e-05 -0.00081429508006464191
decision_type=10 2 2 2 10 2 2
left_child=4 5 -3 -4 -1 -2 -7
right_child=1 2 3 -5 -6 6 -8
leaf_value=-2.6196662507183002e-05 -7.2336835698991885e-07 0.00010092480907436807 -1.8976379795943151e-05 -0.00032971376135955562 -0.00052639771512280012 0.00017371015395922795 6.0066549472653084e-05
leaf_weight=195 165 34 42 35 34 27 212
leaf_count=195 165 34 42 35 34 27 212
internal_value=0.000672043 0.00208738 -0.00382883 -0.00811688 -0.00251092 0.00371287 0.00638075
internal_weight=744 515 111 77 229 404 239
internal_count=744 515 111 77 229 404 239
is_linear=0
shrinkage=0.05


Tree=18
num_leaves=8
num_cat=0
split_feature=4 2 6 14 4 14 3
split_gain=1.68688 1.75753 1.42296 2.20269 1.98005 1.99452 2.39604
threshold=0.034319191890803714 -0.0072922010836841125 0.94724861399639637 -0.041810588725082691 0.031355236771400334 -0.0029443342389950384 0.0047647925062052074
decision_type=2 2 2 2 2 2 2
left_child=2 -2 4 -4 5 -1 -7
right_child=1 -3 3 -5 -6 6 -8
leaf_value=6.8068649915581204e-05 -7.4336597415653258e-05 -0.00042780153902932829 0.00010481728774289706 -0.00022110553167229926 0.0001808753573475399 5.7599697739727304e-06 -0.00026108754610763493
leaf_weight=233 109 36 31 68 45 193 35
leaf_count=233 109 36 31 68 45 193 35
internal_value=0.000533333 -0.00431034 0.00169421 -0.00378788 0.0027668 0.00178959 -0.00153509
internal_weight=750 145 605 99 506 461 228
internal_count=750 145 605 99 506 461 228
is_linear=0
shrinkage=0.05


Tree=19
num_leaves=8
num_cat=0
split_feature=5 16 8 8 11 5 16
split_gain=1.39548 1.83389 2.46853 2.34467 2.26564 2.0128 1.74613
threshold=0.017968541172052748 -0.0075967482476939066 -0.046637939422746015 0.061484746697560773 0.022371704579513211 0.016908579022584285 0.0068530185086489457
decision_type=2 2 10 10 2 2 2
left_child=1 2 -1 4 5 -3 -2
right_child=6 3 -4 -5 -6 -7 -8
leaf_value=0.00027799171226041238 -0.00018848546904963291 -0.0001027240916626095 1.8494400216865961e-05 0.00012147087653102944 0.00011875631009144821 7.1742203707842863e-05 2.2027543913563045e-05
leaf_weight=47 126 203 98 93 36 30 108
leaf_count=47 126 203 98 93 36 30 108
internal_value=0.000843455 0.00231755 0.00706897 0.000414365 -0.00195167 -0.00375536 -0.00235043
internal_weight=741 507 145 362 269 233 234
internal_count=741 507 145 362 269 233 234
is_linear=0
shrinkage=0.05


Tree=20
num_leaves=8
num_cat=0
split_feature=13 13 4 13 7 4 15
split_gain=1.41654 1.88933 1.91239 1.75124 2.30755 1.79927 1.7966
threshold=17.394999504089359 16.579999923706058 0.025252708037633454 19.115000724792484 -0.044900382091070105 0.035937448288166758 -0.015683449000349233
decision_type=2 2 2 2 2 2 2
left_child=1 -1 -3 4 -2 6 -5
right_child=3 2 -4 5 -6 -7 -8
leaf_value=6.7237025558269419e-06 6.0605408404042823e-05 -6.2215763460247726e-05 0.00014737356412388493 -5.8569356167415251e-05 -0.00025362023347322451 -0.00030485183685898432 0.0001458806799620919
leaf_weight=376 26 31 50 25 87 63 81
leaf_count=376 26 31 50 25 87 63 81
internal_value=0.000304465 0.00202407 0.00895062 -0.00248227 -0.00730088 0.000739645 0.00471698
internal_weight=739 457 81 282 113 169 106
internal_count=739 457 81 282 113 169 106
is_linear=0
shrinkage=0.05


Tree=21
num_leaves=8
num_cat=0
split_feature=3 13 4 3 6 16 1
split_gain=1.39025 1.66915 1.32177 1.46669 2.27099 2.00586 1.33782
threshold=-0.0054563584000161805 12.88000011444092 0.037672723922948563 0.0075491553139338538 0.52005425107394643 -0.0006305091896125491 0.030414472128886708
decision_type=2 2 2 2 2 2 2
left_child=-1 -2 3 4 6 -6 -3
right_child=1 2 -4 -5 5 -7 -8
leaf_value=5.446513082483654e-05 0.00015922066638978185 -1.3504144993953987e-05 -0.00041600430130349228 7.8481861339411819e-05 -0.0001395371513130066 -0.00033965389802777935 5.758932177798715e-05
leaf_weight=189 44 238 60 90 30 35 60
leaf_count=189 44 238 60 90 30 35 60
internal_value=-0.000134048 -0.00139138 -0.00219298 -0.00126932 -0.00268595 -0.0111538 -0.000838926
internal_weight=746 557 513 453 363 65 298
internal_count=746 557 513 453 363 65 298
is_linear=0
shrinkage=0.05


Tree=22
num_leaves=8
num_cat=0
split_feature=2 5 1 15 13 4 2
split_gain=1.63904 1.69946 1.83139 1.84676 1.75151 1.53373 2.17102
threshold=-0.072958251903403479 0.02933255157958839 -0.036889990806672705 0.0060658392595955854 12.994999885559084 0.021358373757114971 -0.017495623850221294
decision_type=2 2 2 2 2 2 2
left_child=-1 2 -2 4 -4 -6 -7
right_child=1 -3 3 -5 5 6 -8
leaf_value=-5.8097615547050366e-05 0.00021825752007198235 -0.00057616660216553903 0.00016631232502874847 5.7839882723320898e-05 -9.7248864957572622e-05 0.00011338174468966721 -5.5730388746299274e-05
leaf_weight=168 67 25 31 149 55 59 186
leaf_count=168 67 25 31 149 55 59 186
internal_value=0.000472973 0.00174825 0.0023309 0.00125 -0.000830816 -0.002 -0.000306122
internal_weight=740 572 547 480 331 300 245
internal_count=740 572 547 480 331 300 245
is_linear=0
shrinkage=0.05


Tree=23
num_leaves=8
num_cat=0
split_feature=1 1 3 1 9 2 16
split_gain=1.07782 1.62748 1.42947 1.25653 1.19897 2.09771 1.65443
threshold=-0.0045886743494434326 -0.010158496335584187 -0.0090601299079307567 0.006037946520315308 -0.0074469070376927951 0.077226324711979891 0.0039606467991071268
decision_type=2 2 2 2 10 2 2
left_child=1 -1 -2 -4 5 -5 -6
right_child=2 -3 3 4 6 -7 -8
leaf_value=-5.730367838708509e-06 0.00014443057409480441 -0.00024859715249551955 0.00015073884969738001 -2.5151714327866558e-06 -0.00022359498092347775 -0.00032255778041233817 7.9280103474840919e-05
leaf_weight=317 37 45 63 134 28 30 93
leaf_count=317 37 45 63 134 28 30 93
internal_value=0.000301205 -0.00165746 0.00214286 0.00114943 -0.000263158 -0.00304878 0.0035124
internal_weight=747 362 385 348 285 164 121
internal_count=747 362 385 348 285 164 121
is_linear=0
shrinkage=0.05


Tree=24
num_leaves=8
num_cat=0
split_feature=8 15 1 1 6 7 6
split_gain=1.77753 1.51436 1.36962 1.14745 1.26959 1.09689 1.7362
threshold=-0.10409370872296757 -0.00071162901685978264 -0.053939873169818402 -0.0047026097544099468 1.9439820664709546 -0.027377551344573033 -0.33783345449333785
decision_type=10 2 2 2 2 2 2
left_child=1 -1 -2 5 -5 -4 -7
right_child=2 -3 3 4 -6 6 -8
leaf_value=5.0040173556299868e-05 0.00016085781468384974 -0.00038322585922369079 -0.00014680893514557722 5.1098446624242741e-05 -0.00024363823644303679 -7.5278375741182166e-05 0.00010915182759346091
leaf_weight=43 44 59 87 323 26 95 67
leaf_count=43 44 59 87 323 26 95 67
internal_value=0.000739247 -0.00539216 0.0017134 0.00108696 0.00293696 -0.00150602 0.000925926
internal_weight=744 102 642 598 349 249 162
internal_count=744 102 642 598 349 249 162
is_linear=0
shrinkage=0.05


Tree=25
num_leaves=8
num_cat=0
split_feature=13 3 8 7 15 16 14
split_gain=1.21084 1.56935 1.65661 1.60083 1.42331 2.01047 1.30772
threshold=12.88000011444092 -0.0054563584000161805 -0.09810185839998263 -0.050232898839391797 0.0013472785893936525 0.00050224521403607902 -0.034719790282674072
decision_type=2 2 10 2 2 2 2
left_child=-1 4 -3 -4 5 -2 -5
right_child=1 2 3 6 -6 -7 -8
leaf_value=8.432875039913703e-05 5.0011024704380929e-05 -0.00036498906961170629 0.00017326901008180939 3.932273103075925e-05 0.00012662618018880286 -0.00015406464497130703 -5.6074891122784733e-05
leaf_weight=53 72 62 29 137 59 45 293
leaf_count=53 72 62 29 137 59 45 293
internal_value=0.000733333 0.00017934 -0.00119962 -0.000163399 0.00426136 0.00106838 -0.000930233
internal_weight=750 697 521 459 176 117 430
internal_count=750 697 521 459 176 117 430
is_linear=0
shrinkage=0.05


Tree=26
num_leaves=8
num_cat=0
split_feature=4 1 5 16 14 15 15
split_gain=1.7901 1.45233 1.57438 1.36711 1.71259 1.35199 2.0745
threshold=0.025910746400285001 -0.036421292633999784 0.014488186622139358 0.012751938088195082 0.0053913947730825926 0.013461771571417371 0.0051791763290226509
decision_type=2 2 2 2 2 2 2
left_child=1 -1 3 -3 -5 6 -2
right_child=5 2 -4 4 -6 -7 -8
leaf_value=0.00026043183347337575 -9.9711598841493921e-06 2.344344677729423e-05 0.00010593240023575989 -7.0786293016353575e-06 -0.00023065665438623271 6.2311951892344644e-05 -0.00011855684284728499
leaf_weight=31 260 99 99 48 27 84 95
leaf_count=31 260 99 99 48 27 84 95
internal_value=0.000504711 0.00345395 0.00228938 -0.000574713 -0.00566667 -0.00153759 -0.00288732
internal_weight=743 304 273 174 75 439 355
internal_count=743 304 273 174 75 439 355
is_linear=0
shrinkage=0.05


Tree=27
num_leaves=8
num_cat=0
split_feature=1 1 16 15 9 9 6
split_gain=1.26167 2.08732 1.59971 1.48023 1.42097 1.95499 1.34292
threshold=0.0016896768011435139 0.011533165060705454 0.00050224521403607902 -0.023027529447998015 -0.028865769376628599 -0.059789620297643835 -0.81014268115030552
decision_type=2 2 2 2 8 10 2
left_child=2 -2 3 -1 5 -4 -3
right_child=1 6 4 -5 -6 -7 -8
leaf_value=-0.0001797215674891229 0.00016153318267792682 -0.00011262900070492071 -0.00015458379354745335 3.2548223813021888e-05 -0.00016273262208409855 0.00017912489006066012 3.2485295445389946e-05
leaf_weight=26 54 35 64 205 81 30 250
leaf_count=26 54 35 64 205 81 30 250
internal_value=0.000771812 0.0030236 -0.00110837 0.00162338 -0.00471429 -0.000531915 0.00131579
internal_weight=745 339 406 231 175 94 285
internal_count=745 339 406 231 175 94 285
is_linear=0
shrinkage=0.05


Tree=28
num_leaves=8
num_cat=0
split_feature=13 11 11 12 4 4 6
split_gain=1.33872 1.06409 1.92438 1.3977 1.79041 2.33156 1.5517
threshold=12.88000011444092 0.020793253578218044 0.013609022082518242 -0.052281358654850445 0.025859257926733777 0.024440779176520242 -0.3298092780236434
decision_type=2 2 2 2 2 2 2
left_child=-1 2 3 -2 5 6 -5
right_child=1 -3 -4 4 -6 -7 -8
leaf_value=0.00013475917754078673 0.00032854539063976399 6.6671943011005274e-05 -0.0002602717981206636 -5.2390663235132299e-05 -3.9972998377349728e-05 0.00017816428047081001 0.00016320568317136608
leaf_weight=56 26 112 75 84 291 26 82
leaf_count=56 26 112 75 84 291 26 82
internal_value=0.000598404 0 -0.000856164 0.00024558 -0.000362319 0.00338542 0.00120482
internal_weight=752 696 584 509 483 192 166
internal_count=752 696 584 509 483 192 166
is_linear=0
shrinkage=0.05


Tree=29
num_leaves=8
num_cat=0
split_feature=7 1 11 7 13 8 8
split_gain=1.22307 2.1977 2.2752 1.99832 2.74248 1.73571 1.51566
threshold=0.039723330034960543 0.045992268703475066 0.017027234780288007 0.022665889311081048 15.355000019073488 0.095291910798887561 -0.07083988417925495
decision_type=2 2 2 2 2 10 10
left_child=3 5 -3 6 -5 -2 -1
right_child=1 2 -4 4 -6 -7 -8
leaf_value=-3.8770858856844106e-05 0.00015025902041213227 -0.00043474334197985006 7.9618382856897982e-05 1.8777324646383767e-08 -0.00041851150620019433 4.353804886098316e-05 3.1339923855888512e-05
leaf_weight=161 42 32 39 43 32 28 353
leaf_count=161 42 32 39 43 32 28 353
internal_value=0.000958904 0.00514184 -0.00105634 -4.24448e-05 -0.00766667 0.0114286 0.00107004
internal_weight=730 141 71 589 75 70 514
internal_count=730 141 71 589 75 70 514
is_linear=0
shrinkage=0.05


Tree=30
num_leaves=8
num_cat=0
split_feature=11 6 14 15 9 15 6
split_gain=1.21521 1.05786 3.1579 2.10929 2.18284 1.46231 1.67859
threshold=0.02573480883905466 0.65849995933501815 -0.040011250304013861 -0.0014198125814788851 -0.086332638567751627 0.020386714067927029 -0.3298092780236434
decision_type=2 2 2 2 10 2 2
left_child=1 5 -3 4 -4 6 -1
right_child=-2 2 3 -5 -6 -7 -8
leaf_value=-6.0829002452522656e-06 9.2722365239655913e-05 6.1490437700484455e-05 0.00010727226704035577 -0.00027205462895619293 -0.00032961371643764042 -0.00022701581017926231 8.7112754281962711e-05
leaf_weight=311 78 38 26 41 25 25 193
leaf_count=311 78 38 26 41 25 25 193
internal_value=0.00050882 -0.000189681 -0.00423077 -0.00923913 -0.00245098 0.000803403 0.00138889
internal_weight=737 659 130 92 51 529 504
internal_count=737 659 130 92 51 529 504
is_linear=0
shrinkage=0.05


Tree=31
num_leaves=8
num_cat=0
split_feature=7 1 13 2 9 2 14
split_gain=1.40974 1.86693 1.23656 1.67759 1.35544 1.35071 1.03843
threshold=-0.097482715435581388 -0.053939873169818402 13.050000190734865 -0.10319814394907821 0.080088233899822128 -0.089825182097050746 0.003286853869637119
decision_type=2 2 2 2 10 2 2
left_child=-1 -2 4 -4 -3 -5 -7
right_child=1 2 3 5 -6 6 -8
leaf_value=-0.00033572870831045942 0.00020950286265073887 -8.172300457711529e-07 0.00014991098401884512 -0.00016502037262204817 0.0001492580992072708 1.2916501726494999e-05 -7.4008342492118894e-05
leaf_weight=40 48 29 29 27 32 308 218
leaf_count=40 48 29 29 27 32 308 218
internal_value=0.000376197 0.000904486 0.000194401 -0.000515464 0.00696721 -0.0011302 -0.000570342
internal_weight=731 691 643 582 61 553 526
internal_count=731 691 643 582 61 553 526
is_linear=0
shrinkage=0.05


Tree=32
num_leaves=8
num_cat=0
split_feature=14 7 7 14 3 11 9
split_gain=1.27518 1.72084 1.61538 1.31605 1.63979 1.57116 1.72048
threshold=0.10773003329269316 -0.088211217955565455 -0.03513323916801097 0.0017102699334086149 -0.0052134213878819993 0.016536743017330883 -0.009157707305829042
decision_type=2 2 2 2 2 2 10
left_child=1 -1 -2 4 -3 -6 -7
right_child=2 3 -4 -5 5 6 -8
leaf_value=-0.00030925545520509305 0.00034846930116428227 8.4478621173392698e-05 -2.0659081656204456e-05 -1.9031907897571963e-05 -6.424580319314404e-06 3.8669351018298228e-05 8.7440421891348344e-05
leaf_weight=37 26 74 28 259 235 57 36
leaf_count=37 26 74 28 259 235 57 36
internal_value=0.000930851 0.000358166 0.00833333 0.000945537 0.00273632 0.00121951 0.00672043
internal_weight=752 698 54 661 402 328 93
internal_count=752 698 54 661 402 328 93
is_linear=0
shrinkage=0.05


Tree=33
num_leaves=8
num_cat=0
split_feature=1 1 8 10 15 6 2
split_gain=1.24046 1.47886 1.6224 1.85081 1.64865 1.69749 1.43253
threshold=0.0016896768011435139 -0.026405640433444007 -0.0033584318160554401 0.0042845596589152777 0.0020880976128720978 -0.51820429467772366 -0.042268797481631697
decision_type=2 2 10 2 2 2 2
left_child=1 -1 3 6 5 -4 -3
right_child=-2 2 4 -5 -6 -7 -8
leaf_value=1.7240163051771616e-05 1.8608783929306576e-05 -0.00041022955848306255 0.00015483250118025145 -2.2974723284932642e-06 -0.00017112807412100533 -8.4053369546885283e-05 -0.00012653232620899192
leaf_weight=201 346 32 25 34 41 33 30
leaf_count=201 346 32 25 34 41 33 30
internal_value=0.000269542 -0.00164141 -0.00474359 -0.009375 -0.000252525 0.00517241 -0.0145161
internal_weight=742 396 195 96 99 58 62
internal_count=742 396 195 96 99 58 62
is_linear=0
shrinkage=0.05


Tree=34
num_leaves=8
num_cat=0
split_feature=3 8 13 5 2 1 12
split_gain=1.53691 1.95208 1.6379 1.73138 1.62703 2.20977 1.58296
threshold=-0.0054563584000161805 -0.16783940169602926 12.88000011444092 0.01236979604296214 0.063294582624152676 0.004665068669742257 0.024098951150824836
decision_type=2 10 2 2 2 2 2
left_child=4 -2 -3 -4 5 6 -1
right_child=1 2 3 -5 -6 -7 -8
leaf_value=-1.3813807892530847e-05 -0.00037957343762474007 0.00012121573808691689 -0.00014947187303389591 2.4858538135992363e-06 -9.3130407317093111e-05 0.00023790534714231962 0.00013989442102375565
leaf_weight=66 35 42 44 447 37 42 34
leaf_count=66 35 42 44 447 37 42 34
internal_value=0.000568942 -0.000704225 4.69043e-05 -0.000763747 0.00460894 0.00704225 0.003
internal_weight=747 568 533 491 179 142 100
internal_count=747 568 533 491 179 142 100
is_linear=0
shrinkage=0.05


Tree=35
num_leaves=8
num_cat=0
split_feature=14 6 15 9 14 13 6
split_gain=1.54943 1.38751 1.44118 1.80474 1.76308 1.34731 2.02449
threshold=-0.083456210331023115 0.59951949469510468 1.0000000180025095e-35 0.024931006799061798 -0.038288845342256843 13.444999694824221 -0.47036710583687041
decision_type=2 2 2 8 2 2 2
left_child=-1 5 3 -3 -4 6 -2
right_child=1 2 4 -5 -6 -7 -8
leaf_value=8.2848865031468551e-05 -1.2968319791905008e-05 -0.00023628790581080653 6.4673755452568458e-05 7.4495387638481207e-05 -0.00026263908133854701 2.3615611229192529e-06 0.00024290303808823974
leaf_weight=58 40 36 25 32 43 463 46
leaf_count=58 40 36 25 32 43 463 46
internal_value=0.00077389 0.000109489 -0.00441176 0.000735294 -0.00955882 0.00122951 0.00697674
internal_weight=743 685 136 68 68 549 86
internal_count=743 685 136 68 68 549 86
is_linear=0
shrinkage=0.05


Tree=36
num_leaves=8
num_cat=0
split_feature=4 14 3 4 13 13 13
split_gain=1.78861 2.08711 1.88282 2.06722 1.78089 4.20427 2.73241
threshold=0.025707540209676201 -0.0029443342389950384 0.0045432946033737718 0.022438120816286915 17.494999885559086 16.469999313354496 19.115000724792484
decision_type=2 2 2 2 2 2 2
left_child=1 -1 3 -3 5 -2 -6
right_child=4 2 -4 -5 6 -7 -8
leaf_value=9.545585740697738e-05 -1.0913753207895906e-05 -8.1048629217011109e-05 -0.00020837159995292718 0.00013865328195538729 -0.00034791782411737411 0.00012855677021610825 -3.7585895866575072e-06
leaf_weight=157 162 75 25 45 74 60 155
leaf_count=157 162 75 25 45 74 60 155
internal_value=0.000830013 0.00380795 -0.000517241 0.00208333 -0.00116408 0.00202703 -0.00425764
internal_weight=753 302 145 120 451 222 229
internal_count=753 302 145 120 451 222 229
is_linear=0
shrinkage=0.05


Tree=37
num_leaves=8
num_cat=0
split_feature=13 10 4 14 11 11 2
split_gain=1.37482 1.43845 2.06263 1.78427 1.41949 1.56753 2.09274
threshold=12.88000011444092 -0.0055565432698074782 0.025910746400285001 -0.083456210331023115 0.026101740885835282 0.013766763160974362 0.060740707246783272
decision_type=2 2 2 2 2 2 2
left_child=-1 2 -2 -3 5 6 -5
right_child=1 3 -4 4 -6 -7 -8
leaf_value=0.00010045470410034248 0.00014467382824791321 7.4784711803014569e-05 2.4314125461060918e-06 1.0387569804818157e-05 7.3509168007787902e-05 -9.4011265491833086e-05 -0.0001675397485308408
leaf_weight=55 42 60 89 279 70 86 76
leaf_count=55 42 60 89 279 70 86 76
internal_value=0.00102378 0.00042735 0.00515267 -0.000656743 -0.00161448 -0.0026644 -0.00119718
internal_weight=757 702 131 571 511 441 355
internal_count=757 702 131 571 511 441 355
is_linear=0
shrinkage=0.05


Tree=38
num_leaves=8
num_cat=0
split_feature=11 11 7 7 13 10 13
split_gain=1.18855 2.41678 1.65623 2.48402 1.44341 1.84016 1.74253
threshold=0.020793253578218044 0.012360939559302066 -0.097482715435581388 -0.062254356376457647 14.870000362396242 -0.0015680296438443373 16.469999313354496
decision_type=2 2 2 2 2 2 2
left_child=1 2 -1 -4 5 -5 -6
right_child=-2 -3 3 4 6 -7 -8
leaf_value=-0.00027612554578324396 5.8992376842111973e-05 -5.0783336000136431e-05 0.00026045953636234098 -5.8790031841206251e-05 -0.00011665215269395196 9.8990883801878036e-05 1.4720830959895349e-05
leaf_weight=37 113 112 29 40 82 74 253
leaf_count=37 113 112 29 40 82 74 253
internal_value=0.000810811 -3.98724e-05 0.00140777 0.00219665 0.00128062 0.00614035 -0.000373134
internal_weight=740 627 515 478 449 114 335
internal_count=740 627 515 478 449 114 335
is_linear=0
shrinkage=0.05


Tree=39
num_leaves=8
num_cat=0
split_feature=15 9 2 5 4 6 14
split_gain=1.45282 1.76655 1.74279 1.32292 2.047 1.75382 1.40833
threshold=0.013461771571417371 -0.00070384957471114607 0.0092390238281209198 0.020876318300184226 0.031355236771400334 -0.13675348989039071 0.047142331582309634
decision_type=2 8 2 2 2 2 2
left_child=3 -2 -3 4 -1 -6 -5
right_child=1 2 -4 6 5 -7 -8
leaf_value=-2.1904347836250797e-06 0.0001417034958086855 -0.00024694419955488583 7.3102650048119736e-05 -0.00033987554805774687 0.00014482748665743604 -3.7377433862698269e-07 2.9086274312183776e-05
leaf_weight=452 59 26 32 45 53 42 27
leaf_count=452 59 26 32 45 53 42 27
internal_value=0.00108696 0.00619658 0 0.000121163 0.000959781 0.00763158 -0.00625
internal_weight=736 117 58 619 547 95 72
internal_count=736 117 58 619 547 95 72
is_linear=0
shrinkage=0.05


Tree=40
num_leaves=8
num_cat=0
split_feature=5 12 12 5 9 2 12
split_gain=0.945881 1.84449 2.07824 1.72154 1.63068 1.87364 1.85256
threshold=0.018098094293180666 0.0037862010061723299 -0.0066426412641200075 0.016739143570951593 -0.10247073212134931 0.04967497102469199 0.02287817606641707
decision_type=2 2 2 2 10 2 2
left_child=1 2 3 -1 5 6 -3
right_child=-2 4 -4 -5 -6 -7 -8
leaf_value=-1.4446010768315093e-05 -6.8562437334716806e-05 -0.00032218754631345399 0.00013038490768068831 7.6940772383295172e-05 1.863930162004689e-05 -0.00026147796996784376 3.855441652587401e-05
leaf_weight=54 224 26 44 28 281 34 52
leaf_count=54 224 26 44 28 281 34 52
internal_value=0.000706595 0.00187861 0.00714286 0.00243902 0.00019084 -0.00491071 -0.000641026
internal_weight=743 519 126 82 393 112 78
internal_count=743 519 126 82 393 112 78
is_linear=0
shrinkage=0.05


Tree=41
num_leaves=8
num_cat=0
split_feature=14 3 16 1 5 8 15
split_gain=1.40597 1.24628 1.31408 2.23421 1.94597 1.3082 1.23439
threshold=-0.067583665573298909 -0.0054563584000161805 0.00050224521403607902 0.018090153441384097 0.017747196271617579 -0.094201769847315861 0.0016535677836440057
decision_type=2 2 2 2 2 10 2
left_child=-1 2 4 6 -2 -3 -4
right_child=1 5 3 -5 -6 -7 -8
leaf_value=6.900190155304771e-05 0.00022746597798212919 -0.00028922164210860553 -0.00026315323031494568 0.00010950700118084509 -5.7246403987734447e-05 -1.7251941502266804e-06 3.1097693300063522e-05
leaf_weight=87 48 60 28 30 37 436 25
leaf_count=87 48 60 28 30 37 436 25
internal_value=0.00063249 -0.000150602 0.00357143 -0.000903614 0.00794118 -0.00141129 -0.00707547
internal_weight=751 664 168 83 85 496 53
internal_count=751 664 168 83 85 496 53
is_linear=0
shrinkage=0.05


Tree=42
num_leaves=8
num_cat=0
split_feature=11 11 16 8 14 1 1
split_gain=1.16048 1.37678 1.36018 1.34615 1.30435 1.29051 2.45584
threshold=0.020793253578218044 0.013609022082518242 0.065852244975053945 0.060301775538295639 -0.0026760061162229838 -0.0045886743494434326 -0.02064580973147578
decision_type=2 2 2 8 2 2 2
left_child=1 5 4 -3 -2 6 -1
right_child=2 3 -4 -5 -6 -7 -8
leaf_value=2.366094414161515e-05 0.00013643629087770046 -0.00021135765766812234 -2.7327894304808069e-05 3.7614871087710565e-05 8.9392682011049629e-06 4.2046003999953855e-05 -0.00010646329852711488
leaf_weight=212 60 65 25 26 32 226 103
leaf_count=212 60 65 25 26 32 226 103
internal_value=0.00076769 -7.91139e-05 0.00534188 -0.00576923 0.00815217 0.000878004 -0.00119048
internal_weight=749 632 117 91 92 541 315
internal_count=749 632 117 91 92 541 315
is_linear=0
shrinkage=0.05


Tree=43
num_leaves=8
num_cat=0
split_feature=5 8 8 13 11 12 13
split_gain=1.14142 1.22191 2.37104 1.39751 1.33605 2.00208 1.79
threshold=0.012881669183428712 -0.062000766593366945 -0.037109229016452465 16.095000267028812 -0.0088251851150741283 0.0033715039290467268 20.335000038146976
decision_type=2 8 8 2 2 2 2
left_child=-1 -2 3 -3 5 -4 -6
right_child=1 2 4 -5 6 -7 -8
leaf_value=-1.9878662410476079e-05 -3.4351372796000711e-05 1.5566844590636076e-05 4.7762725243457284e-05 0.00020562864467730366 9.2905001867622067e-06 -0.00022794342807800052 0.00014724718079251833
leaf_weight=107 152 27 48 40 306 32 32
leaf_count=107 152 27 48 40 306 32 32
internal_value=0.000806452 0.00160911 0.00283505 0.0115672 0.00143541 -0.004375 0.00281065
internal_weight=744 637 485 67 418 80 338
internal_count=744 637 485 67 418 80 338
is_linear=0
shrinkage=0.05


Tree=44
num_leaves=8
num_cat=0
split_feature=3 13 4 4 4 4 13
split_gain=1.45284 2.01834 1.67456 1.28778 1.78419 1.32727 1.60662
threshold=-0.0054563584000161805 12.804999828338625 0.020335532383791485 0.034319191890803714 0.030213993862156775 0.027977199704901635 16.775000572204593
decision_type=2 2 2 2 2 2 2
left_child=-1 -2 -3 4 5 6 -4
right_child=1 2 3 -5 -6 -7 -8
leaf_value=3.6583542201216147e-05 0.00011765031267607675 -0.00012281817283288981 -1.5539450909840287e-05 -0.00022690176568630882 8.5384299158301763e-05 -8.2655763721117652e-05 8.3018128766468744e-05
leaf_weight=183 35 51 149 81 74 75 87
leaf_count=183 35 51 149 81 74 75 87
internal_value=0.00037415 -0.000905797 -0.00169246 -0.000751073 0.000454545 -0.00120579 0.000635593
internal_weight=735 552 517 466 385 311 236
internal_count=735 552 517 466 385 311 236
is_linear=0
shrinkage=0.05


Tree=45
num_leaves=8
num_cat=0
split_feature=13 12 12 13 5 13 11
split_gain=1.55317 1.87243 1.6804 1.61743 1.80513 1.6019 1.41309
threshold=17.744999885559086 -0.052281358654850445 0.030689115502065437 16.579999923706058 0.015208622663241508 19.159999847412113 0.028626427066600128
decision_type=2 2 2 2 2 2 2
left_child=3 -2 -3 6 -5 -4 -1
right_child=1 2 5 4 -6 -7 -8
leaf_value=-2.3976012111088814e-06 0.0002015939650638567 -9.5465576026224856e-05 -9.0561622992300748e-05 -4.8972953330577232e-06 0.00011858869885494105 0.00026087755709360217 8.9498643754462514e-05
leaf_weight=334 29 187 35 44 60 25 29
leaf_count=334 29 187 35 44 60 25 29
internal_value=0.000437416 -0.00253623 -0.00394737 0.00219486 0.00769231 0.00333333 0.000619835
internal_weight=743 276 247 467 104 60 363
internal_count=743 276 247 467 104 60 363
is_linear=0
shrinkage=0.05


Tree=46
num_leaves=8
num_cat=0
split_feature=15 4 4 14 12 5 12
split_gain=1.36084 1.579 1.70838 1.7943 1.66646 3.00693 1.76343
threshold=0.013461771571417371 0.042622042414517322 0.031355236771400334 -0.027760594315615391 0.0053623366190914687 0.017451002896604149 0.02335237233159904
decision_type=2 2 2 2 2 2 2
left_child=1 2 4 -4 5 -1 -6
right_child=-2 -3 3 -5 6 -7 -8
leaf_value=4.8697487119634016e-05 5.1026647996262926e-05 -0.00032150910793155029 -8.2991740802476971e-05 0.00012284273663934443 -8.6810006456768907e-05 -0.00019305197566910445 -5.5647309807988973e-07
leaf_weight=94 119 54 29 78 105 25 243
leaf_count=94 119 54 29 78 105 25 243
internal_value=0.000769746 -0.000159236 0.000609756 0.00630841 -0.000695931 0.00441176 -0.00244253
internal_weight=747 628 574 107 467 119 348
internal_count=747 628 574 107 467 119 348
is_linear=0
shrinkage=0.05


Tree=47
num_leaves=8
num_cat=0
split_feature=3 6 6 9 10 1 6
split_gain=1.37804 1.56735 1.5527 1.25174 2.52909 1.45823 1.73571
threshold=-0.0090601299079307567 -0.26638007564684135 0.65849995933501815 -0.19134547554168638 0.0086942135082223055 -0.027819834999757594 -0.43295011140898798
decision_type=2 2 2 10 2 2 2
left_child=1 -1 -3 -2 5 6 -5
right_child=3 2 -4 4 -6 -7 -8
leaf_value=-8.4724258831434933e-05 -7.6812440937729237e-05 0.000209822544649527 1.0486853824515953e-05 0.00010391344833953205 5.6069030738183396e-05 -9.1117322528867266e-06 5.2744281776234263e-06
leaf_weight=32 186 31 37 30 67 297 54
leaf_count=32 186 31 37 30 67 297 54
internal_value=0.000544959 0.006 0.0102941 -0.000315457 0.00111607 -0.000459318 0.00535714
internal_weight=734 100 68 634 448 381 84
internal_count=734 100 68 634 448 381 84
is_linear=0
shrinkage=0.05


Tree=48
num_leaves=8
num_cat=0
split_feature=5 5 14 4 5 5 12
split_gain=1.08872 1.05891 1.03223 1.54357 1.52988 1.21499 2.31922
threshold=0.021138874212526488 0.019682095351078458 -0.0049345356588886271 0.02543810166294929 0.012760405884959167 0.018233604993537485 0.0037862010061723299
decision_type=2 2 2 2 2 2 2
left_child=1 2 3 -1 -4 6 -6
right_child=-2 -3 4 -5 5 -7 -8
leaf_value=8.1173607021411642e-05 -0.00019464732093991516 0.00013340389626762634 -7.014000705417734e-05 -8.7108321201040399e-07 7.6310868813419489e-05 -0.00021921257655699067 -9.8465113683100965e-06
leaf_weight=150 89 33 41 151 62 41 167
leaf_count=150 89 33 41 151 62 41 167
internal_value=0.000408719 0.00112403 0.000653595 0.00274086 -0.00136656 0 0.00141921
internal_weight=734 645 612 301 311 270 229
internal_count=734 645 612 301 311 270 229
is_linear=0
shrinkage=0.05


Tree=49
num_leaves=8
num_cat=0
split_feature=4 4 7 8 8 15 1
split_gain=1.00546 1.40546 1.07502 1.0719 2.76221 1.22158 1.33547
threshold=0.021260428998752242 0.019547702343137668 -0.011231915565074023 0.084040507210533036 0.069149048067494459 -0.00094955178852162969 -0.0054187128965996747
decision_type=2 2 2 10 10 2 2
left_child=1 -1 -3 4 5 6 -2
right_child=3 2 -4 -5 -6 -7 -8
leaf_value=8.2544150912690701e-06 -9.5182295866136364e-07 -1.7474391513708049e-05 -0.00025932966928981192 -0.00010684855026401644 0.00016502150420673125 -4.793134496322571e-06 0.00010175627723480047
leaf_weight=57 117 25 31 68 28 331 75
leaf_count=57 117 25 31 68 28 331 75
internal_value=-0.000751366 -0.0050885 -0.0107143 4.03877e-05 0.000771325 -4.78011e-05 0.003125
internal_weight=732 113 56 619 551 523 192
internal_count=732 113 56 619 551 523 192
is_linear=0
shrinkage=0.05


Tree=50
num_leaves=8
num_cat=0
split_feature=3 1 8 14 8 5 7
split_gain=1.28193 1.61353 1.20546 1.68245 1.94106 2.19429 1.4806
threshold=-0.0090601299079307567 0.0069936217913382235 -0.062000766593366945 -0.083456210331023115 -0.037768911737985127 0.013693606211497341 -0.015473467322622723
decision_type=2 2 10 2 10 2 2
left_child=1 -1 -2 -4 5 -5 -6
right_child=2 -3 3 4 6 -7 -8
leaf_value=1.6065681401535459e-05 -2.7522529658099117e-05 0.00020174314716002087 0.00013663913610897482 -8.3685281328304408e-06 -8.5085107087352118e-05 0.00021620792051214421 -2.1341163906803305e-06
leaf_weight=79 150 27 33 35 62 40 309
leaf_count=79 150 27 33 35 62 40 309
internal_value=0.000102041 0.00518868 -0.000755167 0.000469729 -0.000336323 0.007 -0.00181941
internal_weight=735 106 629 479 446 75 371
internal_count=735 106 629 479 446 75 371
is_linear=0
shrinkage=0.05


Tree=51
num_leaves=8
num_cat=0
split_feature=15 0 6 10 16 2 2
split_gain=1.16052 1.95253 1.80036 1.61131 1.91347 1.52319 2.80717
threshold=0.013461771571417371 0.0019382292542181603 1.1319751843103132 0.00074647751592549227 0.0032927068285205645 0.11952038102145714 0.04967497102469199
decision_type=2 2 2 2 2 2 2
left_child=1 5 3 -3 -5 6 -1
right_child=-2 2 -4 4 -6 -7 -8
leaf_value=4.4249741422276292e-05 3.4749557334765858e-05 5.1118759388474541e-05 -0.00022110090181962289 -0.00015726878699192918 -9.0078232555444039e-06 0.00012917966286041984 -0.00013014566339069109
leaf_weight=286 123 92 34 46 85 34 53
leaf_count=286 123 92 34 46 85 34 53
internal_value=0.000232404 -0.000634921 -0.00398833 -0.00235426 -0.00591603 0.0016756 0.000663717
internal_weight=753 630 257 223 131 373 339
internal_count=753 630 257 223 131 373 339
is_linear=0
shrinkage=0.05


Tree=52
num_leaves=8
num_cat=0
split_feature=7 7 13 16 1 6 12
split_gain=1.2841 2.3388 2.31882 2.17582 2.07566 1.75709 1.56931
threshold=0.039723330034960543 0.022190380543904879 15.355000019073488 -0.0056680370522956261 0.041328482107130811 -0.94068889544981127 0.037776300760474342
decision_type=2 2 2 2 2 2 2
left_child=1 5 -3 -2 -5 -1 -7
right_child=3 2 -4 4 -6 6 -8
leaf_value=-6.6072258970258175e-05 -0.00031871527878357127 -7.8294944308342051e-06 -0.00045734295150829507 0.00012833211223271004 1.2868921365359956e-06 -2.6154913628754704e-06 0.00011093500442127042
leaf_weight=60 26 52 31 59 69 380 74
leaf_count=60 26 52 31 59 69 380 74
internal_value=-0.000499334 -0.00154941 -0.00933735 0.00357143 0.00625 -0.000291829 0.000770925
internal_weight=751 597 83 154 128 514 454
internal_count=751 597 83 154 128 514 454
is_linear=0
shrinkage=0.05


Tree=53
num_leaves=8
num_cat=0
split_feature=6 3 0 14 2 10 2
split_gain=1.22441 1.09347 1.37791 1.0631 1.02863 1.40876 1.19921
threshold=1.0298286928600027 -0.0054563584000161805 0.018424109700106887 -0.016820561404990383 0.11952038102145714 0.011197957811865391 0.077226324711979891
decision_type=2 2 2 2 2 2 2
left_child=1 -1 4 -4 5 6 -3
right_child=-2 2 3 -5 -6 -7 -8
leaf_value=4.3068063890697178e-05 -0.00010305547194304107 -6.7264520447736164e-06 0.00012815687240418094 1.6331375607749012e-05 0.00011313647520797225 0.0001013004105864917 -0.00020813833133931015
leaf_weight=148 105 334 31 26 41 26 25
leaf_count=148 105 334 31 26 41 26 25
internal_value=0.000475543 0.00130745 0.00015528 0.00745614 -0.000821596 -0.00162338 -0.00243733
internal_weight=736 631 483 57 426 385 359
internal_count=736 631 483 57 426 385 359
is_linear=0
shrinkage=0.05


Tree=54
num_leaves=8
num_cat=0
split_feature=14 5 4 12 15 5 15
split_gain=0.94713 1.80721 1.60048 2.00746 1.52791 1.3716 1.48819
threshold=-0.015974596701323503 0.01236979604296214 0.034319191890803714 0.048021249302454556 0.014443670585630454 0.018233604993537485 0.0021699647082250588
decision_type=2 2 2 2 2 2 2
left_child=2 -2 3 5 -4 6 -1
right_child=1 -3 4 -5 -6 -7 -8
leaf_value=0.00017702059186766388 -8.2324609105308583e-05 1.6046336429079504e-06 -0.00029423933586732382 -6.997027448381252e-05 3.0388342338651121e-05 0.00022416182374032612 1.5134834166408412e-05
leaf_weight=48 37 401 36 37 29 26 127
leaf_count=48 37 401 36 37 29 26 127
internal_value=0.000573549 -0.000913242 0.00272277 0.00462185 -0.00423077 0.00659204 0.005
internal_weight=741 438 303 238 65 201 175
internal_count=741 438 303 238 65 201 175
is_linear=0
shrinkage=0.05


Tree=55
num_leaves=8
num_cat=0
split_feature=3 9 10 11 15 0 1
split_gain=0.995176 1.29862 1.43687 1.28099 1.24705 1.61496 1.2343
threshold=-0.0090601299079307567 -0.19134547554168638 0.011869721142281022 0.011915744624196202 -0.0056447154053217421 0.018899873116840608 -0.029831441371277408
decision_type=2 10 2 2 2 2 2
left_child=3 4 6 -1 -2 -6 -3
right_child=1 2 -4 -5 5 -7 -8
leaf_value=8.3721145830402977e-05 2.5207999341224103e-05 3.8587255112246041e-05 0.00012768455516966879 -6.0585848221573516e-05 -0.00015475438553378429 4.7473557826794614e-05 -7.3695243037781667e-06
leaf_weight=82 48 90 30 27 112 29 340
leaf_count=82 48 90 30 27 112 29 340
internal_value=0.000395778 -0.000346687 0.00108696 0.00481651 -0.00383598 -0.00620567 0.000348837
internal_weight=758 649 460 109 189 141 430
internal_count=758 649 460 109 189 141 430
is_linear=0
shrinkage=0.05


Tree=56
num_leaves=8
num_cat=0
split_feature=2 7 1 11 7 7 9
split_gain=1.41031 1.69709 1.66851 2.2059 1.37238 1.2726 1.96742
threshold=0.18000759907341204 0.039723330034960543 0.047626316236008666 0.017027234780288007 0.04842158270926445 0.02139098842805354 0.017736771531122634
decision_type=2 2 2 2 2 2 10
left_child=1 5 4 -4 -3 -1 -7
right_child=-2 2 3 -5 -6 6 -8
leaf_value=3.7615552982572451e-06 -0.00018958457264481806 2.5127451533066584e-05 -0.0004502316812365556 0.00010718349236916097 0.00013742795490109027 -6.6229683174877244e-05 5.6414406552096796e-05
leaf_weight=510 25 28 25 36 37 50 31
leaf_count=510 25 28 25 36 37 50 31
internal_value=0.000673854 0.00108089 0.00634921 0.000409836 0.0119231 -4.23012e-05 -0.0058642
internal_weight=742 717 126 61 65 591 81
internal_count=742 717 126 61 65 591 81
is_linear=0
shrinkage=0.05


Tree=57
num_leaves=8
num_cat=0
split_feature=6 4 15 7 1 13 16
split_gain=1.55939 1.36541 1.60754 0.958676 1.59336 1.89367 1.56481
threshold=-0.91207892285253633 0.027977199704901635 0.0038745792275354245 -0.088211217955565455 -0.036421292633999784 21.409999847412113 -0.0063508645076572603
decision_type=2 2 2 2 2 2 2
left_child=1 2 -1 -2 5 6 -5
right_child=3 -3 -4 4 -6 -7 -8
leaf_value=-0.0001255155709460237 -0.0001639761640418778 -0.00028564239895398282 5.0485766377615003e-05 0.0002673812566852448 4.2588353661049317e-06 -0.00024978835854416113 5.968203983130554e-05
leaf_weight=34 42 26 26 27 502 28 48
leaf_count=34 42 26 26 27 502 28 48
internal_value=0.000511596 -0.00581395 -0.00166667 0.0013524 0.0018595 0.00752427 0.0116667
internal_weight=733 86 60 647 605 103 75
internal_count=733 86 60 647 605 103 75
is_linear=0
shrinkage=0.05


Tree=58
num_leaves=8
num_cat=0
split_feature=1 1 7 12 10 14 1
split_gain=0.891701 1.93742 1.41972 1.19946 2.40403 1.87989 1.37923
threshold=-0.0047026097544099468 -0.02064580973147578 -0.088211217955565455 0.0027925929369287954 0.0086043784321214751 -0.054330610723124943 0.006037946520315308
decision_type=2 2 2 2 2 2 2
left_child=1 2 -1 4 -2 -5 -7
right_child=3 -3 -4 5 -6 6 -8
leaf_value=-0.00015577735583978395 7.9192833923412594e-05 -6.2358699005945006e-05 1.9533896157805262e-05 0.00012721868557052254 -3.9183911876003974e-05 0.00014510216111962215 -7.4020676218073452e-06
leaf_weight=42 63 127 191 41 26 42 218
leaf_count=42 63 127 191 41 26 42 218
internal_value=0.000266667 -0.00152778 0.00118026 0.00192308 0.00702247 0.000415282 -0.00115385
internal_weight=750 360 233 390 89 301 260
internal_count=750 360 233 390 89 301 260
is_linear=0
shrinkage=0.05


Tree=59
num_leaves=8
num_cat=0
split_feature=9 10 6 3 6 13 15
split_gain=1.84573 1.47007 1.3048 1.53376 1.3762 2.1057 1.78772
threshold=-0.25262004187783144 0.01436534903475606 1.0298286928600027 0.010284198410031255 -0.34645743292427644 20.610000610351566 -0.0106377392430248
decision_type=8 2 2 2 2 2 2
left_child=-1 2 3 4 -2 6 -6
right_child=1 -3 -4 -5 5 -7 -8
leaf_value=-0.00032482026599609535 -1.0114836056685124e-06 0.0001205133953346582 -8.6830901362357956e-05 -9.9548867208728957e-05 0.00014421783023368072 -5.4189408059355382e-05 6.1653018201133188e-05
leaf_weight=64 282 33 88 27 39 25 183
leaf_count=64 282 33 88 27 39 25 183
internal_value=0.000303644 0.0010709 0.000543478 0.00143885 0.00203214 0.00475709 0.00630631
internal_weight=741 677 644 556 529 247 222
internal_count=741 677 644 556 529 247 222
is_linear=0
shrinkage=0.05


Tree=60
num_leaves=8
num_cat=0
split_feature=6 6 13 14 6 10 10
split_gain=1.37043 1.70427 1.45179 2.01516 2.45362 1.44246 1.52078
threshold=-0.47870677930417221 -0.52194121275257699 17.605000495910648 -0.083456210331023115 0.36067521481864762 0.0046302571828166226 -0.0035395277323598258
decision_type=2 2 2 2 2 2 2
left_child=1 -1 3 -2 5 6 -5
right_child=2 -3 -4 4 -6 -7 -8
leaf_value=-2.5515430838715225e-06 0.00018623547200348836 -0.00034288121728483939 -1.0887532220505651e-05 1.1852234181756148e-06 -5.5728728000338885e-05 -5.9839503032789803e-07 0.00014168648428622234
leaf_weight=236 26 25 178 40 102 55 84
leaf_count=236 26 25 178 40 102 55 84
internal_value=0.000335121 -0.00258621 0.00190722 0.00399023 0.00275801 0.00628492 0.00927419
internal_weight=746 261 485 307 281 179 124
internal_count=746 261 485 307 281 179 124
is_linear=0
shrinkage=0.05


Tree=61
num_leaves=8
num_cat=0
split_feature=15 5 5 4 5 12 9
split_gain=0.842242 1.58712 1.22377 1.67118 2.22838 1.79263 1.9435
threshold=0.013461771571417371 0.016699159765291387 0.020876318300184226 0.031355236771400334 0.017968541172052748 0.0033715039290467268 -0.091028575385534757
decision_type=2 2 2 2 2 2 10
left_child=2 -2 3 4 5 -1 -7
right_child=1 -3 -4 -5 -6 6 -8
leaf_value=1.8727784249144167e-05 -8.9180029509670227e-06 0.00012509514279751313 -0.00014673884952214283 8.7284228261397346e-05 -0.00014148740693282563 -8.2840216072653259e-05 2.4328057456831202e-05
leaf_weight=93 57 64 71 83 60 93 231
leaf_count=93 57 64 71 83 60 93 231
internal_value=0.000930851 0.00475207 0.000198098 0.000982143 -0.000157233 0.00113909 -0.000617284
internal_weight=752 121 631 560 477 417 324
internal_count=752 121 631 560 477 417 324
is_linear=0
shrinkage=0.05


Tree=62
num_leaves=8
num_cat=0
split_feature=8 8 12 9 0 14 13
split_gain=1.18508 2.03786 1.77888 3.47734 1.97453 2.34434 2.57779
threshold=-0.062000766593366945 -0.037109229016452465 0.0027925929369287954 0.027683642172615878 -0.011355390641707095 -0.015974596701323503 14.684999942779543
decision_type=8 8 2 10 2 2 2
left_child=-1 -2 3 -3 -4 6 -6
right_child=1 2 4 -5 5 -7 -8
leaf_value=-1.6820309630744077e-05 0.00010352685612908712 7.3215650758926397e-05 6.8467536073414507e-05 -0.0004876759204895191 9.448609736052439e-05 -7.7498667712747963e-05 -1.0083649002234039e-05
leaf_weight=168 93 84 62 26 51 172 84
leaf_count=168 93 84 62 26 51 172 84
internal_value=0.00101351 0.0020979 0.000782881 0.00636364 -0.000880759 -0.00252443 0.00240741
internal_weight=740 572 479 110 369 307 135
internal_count=740 572 479 110 369 307 135
is_linear=0
shrinkage=0.05


Tree=63
num_leaves=8
num_cat=0
split_feature=3 1 5 5 8 8 9
split_gain=1.16416 1.43253 1.15433 0.890675 0.866687 3.10082 2.09188
threshold=-0.0090601299079307567 0.0069936217913382235 0.029497019619114672 0.017451002896604149 0.061484746697560773 0.084040507210533036 0.03653540700783154
decision_type=2 2 2 2 10 10 8
left_child=1 3 4 -1 6 -6 -2
right_child=2 -3 -4 -5 5 -7 -8
leaf_value=0.00012213270945281792 4.2560189752752869e-06 0.00016668070576645236 -0.00044953183635251581 -0.00011320615224759656 0.00011684193375375115 -1.8441392941047266e-05 -3.7950251121382641e-05
leaf_weight=35 326 26 25 45 51 86 154
leaf_count=35 326 26 25 45 51 86 154
internal_value=0.000334225 0.00518868 -0.00046729 0.001875 -4.05186e-05 0.00346715 -0.00104167
internal_weight=748 106 642 80 617 137 480
internal_count=748 106 642 80 617 137 480
is_linear=0
shrinkage=0.05


Tree=64
num_leaves=8
num_cat=0
split_feature=6 6 6 1 0 1 9
split_gain=1.1336 1.46812 1.21292 1.00232 2.11833 1.60452 1.57632
threshold=1.0298286928600027 2.8553773572420202 -1.1727268899917909 0.0016896768011435139 0.021631200890515404 -0.017614440045463527 -0.19134547554168638
decision_type=2 2 2 2 2 2 10
left_child=2 -2 -1 5 -5 6 -4
right_child=1 -3 3 4 -6 -7 -8
leaf_value=-0.00011915273209114403 -9.4698761494760051e-05 2.6431620779508247e-05 -9.0994697097312061e-05 9.0965220570437068e-06 0.00015748611881102599 -3.9611810298770821e-05 8.1571987278043344e-05
leaf_weight=33 82 30 70 249 26 124 125
leaf_count=33 82 30 70 249 26 124 125
internal_value=0.000169147 -0.00446429 0.00099681 0.00151515 0.00372727 -0.00039185 0.0024359
internal_weight=739 112 627 594 275 319 195
internal_count=739 112 627 594 275 319 195
is_linear=0
shrinkage=0.05


Tree=65
num_leaves=8
num_cat=0
split_feature=4 9 8 9 2 1 0
split_gain=1.14797 1.46139 1.61408 2.0882 1.66686 1.27605 1.97574
threshold=0.025536668497552813 0.082529653502491876 -0.062000766593366945 -0.084143677536802949 0.012540917189696412 0.023656345200904764 -0.011355390641707095
decision_type=2 10 8 8 2 2 2
left_child=5 2 3 -2 -4 6 -1
right_child=1 -3 4 -5 -6 -7 -8
leaf_value=0.00014719386502794866 -1.829179277815906e-05 -0.00011719919782939275 6.4658406086441549e-05 -0.00012937190100615625 -8.9776519013620028e-06 4.9998702162667499e-05 -6.4444442753529462e-06
leaf_weight=47 95 45 133 26 143 84 166
leaf_count=47 95 45 133 26 143 84 166
internal_value=0.000710419 -0.000904977 6.29723e-05 -0.00475207 0.00217391 0.00311448 0.00105634
internal_weight=739 442 397 121 276 297 213
internal_count=739 442 397 121 276 297 213
is_linear=0
shrinkage=0.05


Tree=66
num_leaves=8
num_cat=0
split_feature=9 3 7 8 9 3 3
split_gain=1.2164 1.14985 1.40789 1.91405 1.60714 1.15551 1.39401
threshold=0.23182357918933685 -0.0054563584000161805 0.00049863613059586431 -0.023222361147031186 -0.082347361390819426 -0.0013574899493190571 0.001116039799330504
decision_type=10 2 2 8 10 2 2
left_child=1 2 3 -1 -4 -3 -7
right_child=-2 5 4 -5 -6 6 -8
leaf_value=2.4119958462767277e-05 9.7206622157169876e-05 -5.4044776849375768e-05 -6.7106775312945034e-05 0.00019837671910616318 3.2947457533138209e-05 2.3416289842821596e-05 -1.3064846017836388e-05
leaf_weight=86 48 107 35 33 28 109 294
leaf_count=86 48 107 35 33 28 109 294
internal_value=-0.000405405 -0.000939306 0.00247253 0.00567227 -0.00357143 -0.00215686 -0.000930521
internal_weight=740 692 182 119 63 510 403
internal_count=740 692 182 119 63 510 403
is_linear=0
shrinkage=0.05


Tree=67
num_leaves=8
num_cat=0
split_feature=5 2 2 10 2 9 1
split_gain=0.971319 0.994581 1.79979 1.47206 1.29835 1.34827 1.44071
threshold=0.012760405884959167 0.18000759907341204 0.13660345365855789 0.010824112764753148 0.077226324711979891 -0.39210299682437139 0.0022739023271566299
decision_type=2 2 2 2 2 10 2
left_child=-1 2 3 4 5 -2 -7
right_child=1 -3 -4 -5 -6 6 -8
leaf_value=-1.159116849103652e-05 4.0864205984833364e-05 -0.00016350503391345989 0.00012255708448274968 2.9656228050819198e-05 -8.5521792075936087e-05 -2.7893740161172992e-05 1.058210020217507e-05
leaf_weight=89 116 25 43 54 50 232 149
leaf_count=89 116 25 43 54 50 232 149
internal_value=0.000131926 0.000784753 0.0011646 0.000457571 -0.000319927 0.000452716 -0.000984252
internal_weight=758 669 644 601 547 497 381
internal_count=758 669 644 601 547 497 381
is_linear=0
shrinkage=0.05


Tree=68
num_leaves=8
num_cat=0
split_feature=8 8 11 1 1 3 3
split_gain=1.15991 1.62828 1.52318 1.46041 2.58194 1.40735 1.97222
threshold=-0.062000766593366945 -0.053378161329555911 0.028626427066600128 -0.01949795732808662 0.0051096069510897521 0.0069387236986236953 0.0044653854039348193
decision_type=10 10 2 2 2 2 2
left_child=3 -2 5 -1 -5 6 -3
right_child=1 2 -4 4 -6 -7 -8
leaf_value=6.1384508473840556e-06 0.00013246650559870505 3.7257773079224513e-08 8.3428577478440909e-05 -0.00035142462846284744 9.9964362165441863e-06 4.9029780622615425e-05 -0.00016913394196210746
leaf_weight=117 32 350 43 36 44 75 46
leaf_count=117 32 350 43 36 44 75 46
internal_value=0.000370121 0.00155678 0.000875486 -0.00291878 -0.008125 5.30786e-05 -0.00113636
internal_weight=743 546 514 197 80 471 396
internal_count=743 546 514 197 80 471 396
is_linear=0
shrinkage=0.05


Tree=69
num_leaves=8
num_cat=0
split_feature=13 13 13 0 0 7 7
split_gain=1.40001 1.88271 2.00155 1.33333 2.36133 1.2444 1.51902
threshold=17.494999885559086 16.469999313354496 15.355000019073488 0.008137232110081773 -0.0082922251864099832 -0.097482715435581388 -0.041916442730016427
decision_type=2 2 2 2 2 2 2
left_child=1 2 -1 4 -4 -2 -7
right_child=5 -3 3 -5 -6 6 -8
leaf_value=1.479140680892676e-05 -0.00013699410313022087 5.7429725464552223e-05 1.933594898398672e-05 7.632166682031671e-06 -0.00028105126270617251 0.00013012272841535371 -1.2780595627781642e-05
leaf_weight=265 27 91 26 25 49 61 201
leaf_count=265 27 91 26 25 49 61 201
internal_value=0.00090604 0.00263158 0.0010274 -0.005 -0.00833333 -0.00181661 -0.000763359
internal_weight=745 456 365 100 75 289 262
internal_count=745 456 365 100 75 289 262
is_linear=0
shrinkage=0.05


Tree=70
num_leaves=8
num_cat=0
split_feature=13 13 8 16 14 5 4
split_gain=1.52673 1.63528 1.78799 1.92585 1.72046 1.36871 1.62597
threshold=17.204999923706058 16.85000038146973 0.040815958116777191 -0.01105817378128404 -0.035596703045515869 0.016594421821467819 0.025707540209676201
decision_type=2 2 10 2 2 2 2
left_child=1 2 3 -1 -4 6 -5
right_child=-2 -3 4 5 -6 -7 -8
leaf_value=2.8623830088446436e-05 -7.5945804242140345e-06 0.0001029712906617753 0.00014327177888125153 -2.3225937893214985e-05 1.6070622393717961e-05 5.2612924041349145e-06 -0.00026166284669279564
leaf_weight=42 318 42 42 97 113 51 36
leaf_count=42 318 42 42 97 113 51 36
internal_value=0.000573549 0.00254137 0.00150919 -0.00132743 0.00564516 -0.00353261 -0.00620301
internal_weight=741 423 381 226 155 184 133
internal_count=741 423 381 226 155 184 133
is_linear=0
shrinkage=0.05


Tree=71
num_leaves=8
num_cat=0
split_feature=5 6 5 9 8 5 9
split_gain=1.18429 1.66522 1.52309 1.50085 2.26602 1.70783 1.38683
threshold=0.017870319940788412 -0.79103684499243065 0.017123361025087432 0.023492325019684016 0.091453613222210142 0.014883815366071751 0.047024121049634611
decision_type=2 2 2 10 8 2 10
left_child=2 -2 3 4 -1 -5 -3
right_child=1 6 -4 5 -6 -7 -8
leaf_value=3.2288076996198155e-06 -0.00028132316199802539 7.1206956709460664e-06 7.4660287184188424e-05 7.8022007601511512e-06 -0.00043133110998403145 8.8893419765300824e-05 -0.00022967952730478452
leaf_weight=294 35 181 46 82 25 53 28
leaf_count=294 35 181 46 82 25 53 28
internal_value=0.000806452 -0.00204918 0.0022 0.00132159 -0.000548589 0.00574074 -0.000358852
internal_weight=744 244 500 454 319 135 209
internal_count=744 244 500 454 319 135 209
is_linear=0
shrinkage=0.05


Tree=72
num_leaves=8
num_cat=0
split_feature=0 14 14 0 0 6 1
split_gain=1.10228 1.64585 2.33686 1.42351 1.37413 1.27059 1.54005
threshold=0.0019382292542181603 0.058009640559056781 0.03406338940495391 0.0038826771271338605 -0.00026656199704733202 0.065408208953169192 -0.0030818897244004879
decision_type=2 2 2 2 2 2 2
left_child=4 2 3 -2 -1 -5 -7
right_child=1 -3 -4 5 -6 6 -8
leaf_value=8.744718545029969e-06 -5.1841889389462814e-05 0.00016706655769361243 -0.00043465950720991941 9.6158429636044897e-06 0.00012402281065906079 -0.0002749938803308506 -3.6460449553419108e-06
leaf_weight=356 27 25 25 170 48 31 71
leaf_count=356 27 25 25 170 48 31 71
internal_value=0.000697211 -0.00136103 -0.00231481 -0.00108696 0.00247525 0 -0.00441176
internal_weight=753 349 324 299 404 272 102
internal_count=753 349 324 299 404 272 102
is_linear=0
shrinkage=0.05


Tree=73
num_leaves=8
num_cat=0
split_feature=13 4 15 4 13 4 4
split_gain=1.12495 1.91018 2.59812 1.80349 1.67184 1.60464 1.40433
threshold=17.494999885559086 0.027485848029629171 0.001088175782836154 0.028563224565620701 18.82499980926514 0.036156180913240382 0.022754098488768557
decision_type=2 2 2 2 2 2 2
left_child=6 2 -2 -3 -5 -6 -1
right_child=1 3 -4 4 5 -7 -8
leaf_value=-1.1121614836874993e-05 -7.9139541336080768e-06 -0.00042517838958039975 0.00013296599212142806 -0.00024499938619780944 2.256681495478802e-05 -0.00011941543433252982 1.7557651013016923e-05
leaf_weight=135 49 27 39 49 59 67 312
leaf_count=135 49 27 39 49 59 67 312
internal_value=0.00139077 -0.00103448 0.00511364 -0.00371287 -0.00185714 0.00119048 0.00296421
internal_weight=737 290 88 202 175 126 447
internal_count=737 290 88 202 175 126 447
is_linear=0
shrinkage=0.05


Tree=74
num_leaves=8
num_cat=0
split_feature=3 2 12 16 8 16 16
split_gain=0.92872 1.2825 1.68612 1.6019 1.20697 1.49408 1.81454
threshold=-0.0056683077137096296 0.04967497102469199 0.012875909391154241 0.00050224521403607902 0.037481205318015472 0.0345124392496673 0.018018693302288783
decision_type=2 2 2 2 8 2 2
left_child=1 2 -1 -4 -2 6 -6
right_child=4 -3 3 -5 5 -7 -8
leaf_value=2.4817705337711831e-05 -3.9671544821125518e-06 -1.5275896496572909e-05 0.00023283548881075221 6.0653985978872173e-05 1.6860690296312266e-05 -2.4226968041086291e-05 0.00017807452811703704
leaf_weight=79 393 41 25 35 101 47 35
leaf_count=79 393 41 25 35 101 47 35
internal_value=0.0015873 0.00472222 0.00701439 0.0133333 0.000607639 0.00396175 0.00661765
internal_weight=756 180 139 60 576 183 136
internal_count=756 180 139 60 576 183 136
is_linear=0
shrinkage=0.05


Tree=75
num_leaves=8
num_cat=0
split_feature=4 0 10 0 10 9 10
split_gain=1.04031 1.35866 1.52489 1.03481 0.957757 1.77117 1.31688
threshold=0.053244042352720587 -0.011355390641707095 0.0015949691897426679 -0.019164037616477444 0.0098339065977474122 0.097779249856610254 0.0019017631763441625
decision_type=2 2 2 2 2 8 2
left_child=1 2 3 -1 6 -6 -3
right_child=-2 4 -4 -5 5 -7 -8
leaf_value=6.0212752769823979e-05 -0.00020443233906661956 4.1433821011982804e-06 0.00012909832190163262 -1.4512101671744233e-05 0.00011420423607228074 -8.5563102085634915e-05 -2.3015619639031941e-05
leaf_weight=73 28 265 42 49 51 28 185
leaf_count=73 28 265 42 49 51 28 185
internal_value=0.000520111 0.000901876 0.00487805 0.00204918 -0.000330813 0.00474684 -0.00122222
internal_weight=721 693 164 122 529 79 450
internal_count=721 693 164 122 529 79 450
is_linear=0
shrinkage=0.05


Tree=76
num_leaves=8
num_cat=0
split_feature=6 16 6 11 16 16 5
split_gain=1.15975 1.12856 1.62062 1.35495 1.71931 2.51878 1.17145
threshold=1.7948138107037754 -0.035579500804644275 -1.1197636714675387 -0.0066204979438934655 -0.022628345101529331 -0.0075967482476939066 0.01236979604296214
decision_type=2 2 2 2 2 2 2
left_child=1 -1 -3 4 -4 -6 -5
right_child=-2 2 3 6 5 -7 -8
leaf_value=0.00010894605970088011 -0.00013742977225491429 -0.00011584826226404793 -0.00011961398464736323 -8.7983525926200757e-05 9.7403898435915713e-05 -0.00028484915888587732 1.5373389138407515e-05
leaf_weight=60 59 34 37 44 46 29 434
leaf_count=60 59 34 37 44 46 29 434
internal_value=0.000370121 0.000950292 0.000320513 0.000932203 -0.00401786 0.000333333 0.00209205
internal_weight=743 684 624 590 112 75 478
internal_count=743 684 624 590 112 75 478
is_linear=0
shrinkage=0.05


Tree=77
num_leaves=8
num_cat=0
split_feature=4 3 6 14 5 4 9
split_gain=1.08612 1.16698 1.03863 1.84803 1.61333 2.72595 1.27468
threshold=0.037672723922948563 -0.0095293735263591289 0.54214191867148076 -0.041810588725082691 0.013813440088244639 0.028361245898646446 0.23182357918933685
decision_type=2 2 2 2 2 2 10
left_child=2 -2 6 -4 -5 -6 -1
right_child=1 -3 3 4 5 -7 -8
leaf_value=6.3136863925345421e-06 6.4878875854962502e-05 -0.00026223561196063574 8.4297427667296822e-05 -0.00032810716624903386 3.6229407288069625e-05 -0.00018653741101443147 0.00012882523109737938
leaf_weight=473 25 69 43 25 35 40 37
leaf_count=473 25 69 43 25 35 40 37
internal_value=0.000769746 -0.00425532 0.00149311 -0.00227273 -0.006 -0.00233333 0.00254902
internal_weight=747 94 653 143 100 75 510
internal_count=747 94 653 143 100 75 510
is_linear=0
shrinkage=0.05


Tree=78
num_leaves=8
num_cat=0
split_feature=4 0 16 0 1 12 0
split_gain=1.10294 1.07436 1.94985 1.77368 1.24727 1.15361 1.53924
threshold=0.053244042352720587 -0.011355390641707095 0.028835116586018342 -0.0074773337417515786 0.090525309215105168 -0.018675976456826889 0.010210348460812148
decision_type=2 2 2 2 2 2 2
left_child=1 2 -1 -3 5 6 -5
right_child=-2 3 -4 4 -6 -7 -8
leaf_value=1.0561473695373196e-05 -0.00020175405434470382 -9.0805050096825961e-05 0.00010248281721026826 3.0200651920041712e-05 -0.00010804222094261542 2.8066178561240216e-06 8.0082556283932014e-05
leaf_weight=137 28 52 26 40 26 406 29
leaf_count=137 28 52 26 40 26 406 29
internal_value=0.000806452 0.00118715 0.0047546 0.000135624 0.0010479 0.00163158 0.0076087
internal_weight=744 716 163 553 501 475 69
internal_count=744 716 163 553 501 475 69
is_linear=0
shrinkage=0.05


end of trees

feature_importances:
atr_pct=47
vix_level=45
dist_ma200=43
ret_5d=40
parkinson_20=39
dvol_z_20=39
dist_ma50=39
vix_chg_1d=37
dist_ma20=34
sector_ret_1d=33
overnight_gap=29
spy_ret_20d=28
ret_20d=23
sector_ret_5d=22
spy_ret_5d=21
ret_1d=18
spy_ret_1d=16

parameters:
[boosting: gbdt]
[objective: quantile]
[metric: quantile]
[tree_learner: serial]
[device_type: cpu]
[data_sample_strategy: bagging]
[data: ]
[valid: ]
[num_iterations: 80]
[learning_rate: 0.05]
[num_leaves: 8]
[num_threads: 1]
[seed: 0]
[deterministic: 0]
[force_col_wise: 1]
[force_row_wise: 0]
[histogram_pool_size: -1]
[max_depth: -1]
[min_data_in_leaf: 25]
[min_sum_hessian_in_leaf: 0.001]
[bagging_fraction: 0.9]
[pos_bagging_fraction: 1]
[neg_bagging_fraction: 1]
[bagging_freq: 1]
[bagging_seed: 3]
[bagging_by_query: 0]
[feature_fraction: 0.9]
[feature_fraction_bynode: 1]
[feature_fraction_seed: 2]
[extra_trees: 0]
[extra_seed: 6]
[early_stopping_round: 0]
[early_stopping_min_delta: 0]
[first_metric_only: 0]
[max_delta_step: 0]
[lambda_l1: 0]
[lambda_l2: 0]
[linear_lambda: 0]
[min_gain_to_split: 0]
[drop_rate: 0.1]
[max_drop: 50]
[skip_drop: 0.5]
[xgboost_dart_mode: 0]
[uniform_drop: 0]
[drop_seed: 4]
[top_rate: 0.2]
[other_rate: 0.1]
[min_data_per_group: 100]
[max_cat_threshold: 32]
[cat_l2: 10]
[cat_smooth: 10]
[max_cat_to_onehot: 4]
[top_k: 20]
[monotone_constraints: ]
[monotone_constraints_method: basic]
[monotone_penalty: 0]
[feature_contri: ]
[forcedsplits_filename: ]
[refit_decay_rate: 0.9]
[cegb_tradeoff: 1]
[cegb_penalty_split: 0]
[cegb_penalty_feature_lazy: ]
[cegb_penalty_feature_coupled: ]
[path_smooth: 0]
[interaction_constraints: ]
[verbosity: -1]
[saved_feature_importance_type: 0]
[use_quantized_grad: 0]
[num_grad_quant_bins: 4]
[quant_train_renew_leaf: 0]
[stochastic_rounding: 1]
[linear_tree: 0]
[max_bin: 255]
[max_bin_by_feature: ]
[min_data_in_bin: 3]
[bin_construct_sample_cnt: 200000]
[data_random_seed: 1]
[is_enable_sparse: 1]
[enable_bundle: 1]
[use_missing: 1]
[zero_as_missing: 0]
[feature_pre_filter: 1]
[pre_partition: 0]
[two_round: 0]
[header: 0]
[label_column: ]
[weight_column: ]
[group_column: ]
[ignore_column: ]
[categorical_feature: ]
[forcedbins_filename: ]
[precise_float_parser: 0]
[parser_config_file: ]
[objective_seed: 5]
[num_class: 1]
[is_unbalance: 0]
[scale_pos_weight: 1]
[sigmoid: 1]
[boost_from_average: 1]
[reg_sqrt: 0]
[alpha: 0.5]
[fair_c: 1]
[poisson_max_delta_step: 0.7]
[tweedie_variance_power: 1.5]
[lambdarank_truncation_level: 30]
[lambdarank_norm: 1]
[label_gain: ]
[lambdarank_position_bias_regularization: 0]
[eval_at: ]
[multi_error_top_k: 1]
[auc_mu_weights: ]
[num_machines: 1]
[local_listen_port: 12400]
[time_out: 120]
[machine_list_filename: ]
[machines: ]
[gpu_platform_id: -1]
[gpu_device_id: -1]
[gpu_device_id_list: ]
[gpu_use_dp: 0]
[num_gpu: 1]

end of parameters

pandas_categorical:[]
