tree
version=v4
num_class=1
num_tree_per_iteration=1
label_index=0
max_feature_idx=16
objective=quantile
feature_names=ret_1d ret_5d ret_20d overnight_gap atr_pct parkinson_20 dvol_z_20 dist_ma20 dist_ma50 dist_ma200 spy_ret_1d spy_ret_5d spy_ret_20d vix_level vix_chg_1d sector_ret_1d sector_ret_5d
feature_infos=[-0.10143533096902779:0.096584896209475302] [-0.14328468286777873:0.10315445640363863] [-0.28676555381418922:0.21701691337910756] [-0.065666668250275229:0.10852256920480707] [0.011799663843487554:0.060398225289931384] [0.0074070169976511169:0.029271700727663677] [-2.1847755683143473:4.240764504298995] [-0.1753778091595416:0.11074438620130889] [-0.23784705782255111:0.15653992483231316] [-0.34336918360251789:0.20695719572823768] [-0.058542971330535654:0.10501930183911301] [-0.11496151859245618:0.082843162776128354] [-0.1226559005192206:0.15756591020035837] [11.859999656677246:52.330001831054688] [-0.35753873962348437:0.74039073966007019] [-0.068247998544687438:0.13425697132599002] [-0.13587196028298487:0.11773217696052685]
tree_sizes=825 853 849 856 858 866 840 849 857 856 860 843 849 866 864 857 869 857 865 864 860 872 870 871 864 858 858 862 863 861 865 863 867 871 866 871 873 871 868 877 869 858 871 860 858 881 869 866 877 860

Tree=0
num_leaves=8
num_cat=0
split_feature=1 15 15 15 16 6 14
split_gain=4.55127 1.71804 1.31083 1.37902 0.817367 1.46668 0.639046
threshold=-0.071207500636340501 -0.024469919857228236 0.013522796706326392 0.015596534826129329 0.026478017329660267 -0.11979824515108699 -0.071225645536492452
decision_type=2 2 2 2 2 2 2
left_child=-1 -2 4 -4 -3 -6 -5
right_child=1 2 3 6 5 -7 -8
leaf_value=0.024117573784177539 0.022891667929637628 0.022238713495080199 0.023382313944441745 0.02277005962377502 0.022260082665951399 0.02266826767197393 0.022273610873228079
leaf_weight=25 32 447 27 38 76 50 51
leaf_count=25 32 447 27 38 76 50 51
internal_value=0.0224797 0.0217524 0.0212264 0.0260735 0.0202452 0.0238021 0.0230708
internal_weight=746 721 689 116 573 126 89
internal_count=746 721 689 116 573 126 89
is_linear=0
shrinkage=1


Tree=1
num_leaves=8
num_cat=0
split_feature=7 5 3 16 9 16 9
split_gain=4.08829 1.21986 1.03214 0.702819 1.5175 0.962937 0.864706
threshold=-0.086104224342036781 0.016868793984852203 -0.0026787543787939456 0.03056756125971383 0.0113529237983121 -0.026391808934725033 0.097026963616767006
decision_type=2 2 2 2 8 2 8
left_child=-1 3 -3 5 -5 6 -2
right_child=1 2 -4 4 -6 -7 -8
leaf_value=0.0014465448331646158 0.00030196025478536245 -1.485621597274063e-05 0.00028206186768946309 0.00087281021120424226 -7.0755012371812907e-05 -0.00020715957789907877 -0.00040008983360988355
leaf_weight=27 51 30 42 25 87 437 34
leaf_count=27 51 30 42 25 87 437 34
internal_value=-2.0465e-05 -0.000750709 0.00541667 -0.00145111 0.00214286 -0.00222222 0.00264706
internal_weight=733 706 72 634 112 522 85
internal_count=733 706 72 634 112 522 85
is_linear=0
shrinkage=0.05


Tree=2
num_leaves=8
num_cat=0
split_feature=8 13 9 3 7 9 7
split_gain=3.31072 1.18836 1.1667 1.24754 0.732748 0.842523 0.939042
threshold=-0.094799823516478518 23.265000343322757 -0.18575193811537524 -0.0027831943094545615 0.037248150420821198 0.12382253517136134 0.052186330730343296
decision_type=8 2 10 2 2 8 2
left_child=2 4 -1 -4 -2 6 -6
right_child=1 -3 3 -5 5 -7 -8
leaf_value=0.00077736197234658353 -0.00013871996621670101 0.00038533107776817692 -0.00010567129677724816 0.00050782251267676747 0.00061457342345956406 -0.00037651972623065278 -1.5076641767340811e-05
leaf_weight=26 526 30 25 29 25 41 43
leaf_count=26 526 30 25 29 25 41 43
internal_value=-0.000234901 -0.00139098 0.009375 0.00518518 -0.00185039 0.00188073 0.00529412
internal_weight=745 665 80 54 635 109 68
internal_count=745 665 80 54 635 109 68
is_linear=0
shrinkage=0.05


Tree=3
num_leaves=8
num_cat=0
split_feature=8 6 3 2 9 16 3
split_gain=3.92202 1.33152 1.2888 1.00281 0.999556 0.848529 0.834325
threshold=-0.10169102549739072 -0.11979824515108699 -0.0095377786175623851 0.067654257236825846 0.04766569620615458 0.037538290662267999 -0.0029463329846986515
decision_type=8 2 2 2 10 2 2
left_child=6 -2 -3 5 -5 -4 -1
right_child=1 2 3 4 -6 -7 -8
leaf_value=0.00019427039576752739 -0.00020083415469015475 0.0012844030503751918 -0.00013622873440384726 0.00022162184455869311 -4.5088394737529324e-05 0.00043781127146239653 0.0010562135528688723
leaf_weight=28 365 26 184 27 35 36 36
leaf_count=28 365 26 184 27 35 36 36
internal_value=0.000359565 -0.000765232 0.00165584 0.000673758 0.00629032 -0.000909092 0.0121875
internal_weight=737 673 308 282 62 220 64
internal_count=737 673 308 282 62 220 64
is_linear=0
shrinkage=0.05


Tree=4
num_leaves=8
num_cat=0
split_feature=5 3 6 15 9 8 16
split_gain=3.2326 1.22288 0.781021 0.843338 0.559489 0.508643 0.41289
threshold=0.016868793984852203 -0.0029463329846986515 -0.4388609609961332 -0.022269963389770716 -0.16118412228889847 0.080414381959376904 0.037538290662267999
decision_type=2 2 2 2 8 10 2
left_child=2 -2 -1 -4 -3 6 -5
right_child=1 4 3 5 -6 -7 -8
leaf_value=-0.00024104990825122896 0.00020836809398696611 0.00074719540527649062 0.00037169909297527317 -9.6223169413113221e-05 0.00024339845501090225 0.0001603166023565645 0.00066673081037823753
leaf_weight=256 42 25 25 284 29 41 41
leaf_count=256 42 25 25 284 29 41 41
internal_value=-2.01896e-05 0.00854167 -0.00129057 0.000115088 0.0135185 -0.000491804 -0.00115385
internal_weight=743 96 647 391 54 366 325
internal_count=743 96 647 391 54 366 325
is_linear=0
shrinkage=0.05


Tree=5
num_leaves=8
num_cat=0
split_feature=8 15 1 15 7 16 10
split_gain=2.82594 1.03006 0.690027 0.54724 1.01329 0.65027 0.507616
threshold=-0.10904022348222679 -0.02184890534545136 -0.030106777928412484 0.0085355393911062966 0.044466049920398494 0.037538290662267999 -0.00084886719909504904
decision_type=8 2 2 2 2 2 2
left_child=2 -2 -1 6 5 -5 -3
right_child=1 3 -4 4 -6 -7 -8
leaf_value=0.000529994092262211 0.00046194504916755182 -7.1402116451045603e-05 5.7295378700666969e-05 -9.7677391220384762e-05 0.00060117082508782591 0.0005068986038035397 -0.00023439194110016373
leaf_weight=28 37 216 25 128 27 33 238
leaf_count=28 37 216 25 128 27 33 238
internal_value=-8.19684e-05 -0.000949928 0.0110377 -0.00141745 0.000851063 -0.000652175 -0.00235683
internal_weight=732 679 53 642 188 161 454
internal_count=732 679 53 642 188 161 454
is_linear=0
shrinkage=0.05


Tree=6
num_leaves=8
num_cat=0
split_feature=9 7 10 16 13 13 13
split_gain=3.10744 1.01352 0.831561 0.585922 0.669281 0.466925 0.452353
threshold=-0.12229097726639075 -0.03536421494771879 0.012020737458552368 -0.029864869151533021 18.625000000000004 21.82499980926514 12.694999694824221
decision_type=8 2 2 2 2 2 2
left_child=1 -1 3 4 -2 6 -5
right_child=2 -3 -4 5 -6 -7 -8
leaf_value=0.00030904096057964448 0.00034516611215153615 6.3771910136605685e-05 0.00024128094190148364 9.720216413141312e-06 -2.011801447407247e-05 0.00043861563492073052 -0.000170877896315347
leaf_weight=43 30 27 49 39 51 27 478
leaf_count=43 30 27 49 39 51 27 478
internal_value=-2.68829e-05 0.01 -0.00106825 -0.00156 0.00240741 -0.00215074 -0.00248549
internal_weight=744 70 674 625 81 544 517
internal_count=744 70 674 625 81 544 517
is_linear=0
shrinkage=0.05


Tree=7
num_leaves=8
num_cat=0
split_feature=8 1 15 6 4 6 10
split_gain=3.14818 1.09609 0.90303 0.598263 0.397226 0.2846 0.257703
threshold=-0.102599938988067 -0.026402165311222411 -0.024469919857228236 1.8705988914228304 0.013823427870238903 -0.6261658317582014 0.012020737458552368
decision_type=8 2 2 2 2 2 2
left_child=1 -1 -2 4 -4 -6 -7
right_child=2 -3 3 -5 5 6 -8
leaf_value=0.00078837222903222089 0.0004167091116325376 9.4393227138437279e-05 2.0482792391591048e-05 0.0002158473667105619 -0.0002143027169975581 -0.0001092782213868863 9.4834393867613146e-05
leaf_weight=39 28 27 29 45 168 371 33
leaf_count=39 28 27 29 45 168 371 33
internal_value=-0.000270271 0.0101515 -0.0012908 -0.00167183 -0.00208819 -0.00237762 -0.00165842
internal_weight=740 66 674 646 601 572 404
internal_count=740 66 674 646 601 572 404
is_linear=0
shrinkage=0.05


Tree=8
num_leaves=8
num_cat=0
split_feature=9 15 13 13 6 6 14
split_gain=3.1565 1.09448 0.991975 0.844242 0.800476 0.391524 0.223064
threshold=-0.16214770221687716 -0.024469919857228236 12.494999885559084 21.82499980926514 -0.17242169841237126 2.2998172763951108 0.023268635347166725
decision_type=8 2 2 2 2 2 2
left_child=-1 -2 -3 5 -5 6 -4
right_child=1 2 3 4 -6 -7 -8
leaf_value=0.00026274607907878308 0.00037551188563540581 0.00015488141813978649 -0.00014960217082740575 -1.1299959808595613e-05 0.00085790819889023555 0.0010104996257221585 -3.3584605366170972e-05
leaf_weight=36 29 26 415 35 25 29 166
leaf_count=36 29 26 415 35 25 29 166
internal_value=-6.57149e-06 -0.000724139 -0.00112069 -0.00149254 0.00416667 -0.00204918 -0.00233219
internal_weight=761 725 696 670 60 610 581
internal_count=761 725 696 670 60 610 581
is_linear=0
shrinkage=0.05


Tree=9
num_leaves=8
num_cat=0
split_feature=9 13 16 5 3 5 4
split_gain=2.85558 0.909221 0.991486 1.15385 1.02348 0.420466 0.409697
threshold=-0.17326083380952831 12.494999885559084 -0.024149137194696465 0.011191756210599337 -0.00028839673176489494 0.018106955807049817 0.033496023703262941
decision_type=8 2 2 2 2 2 2
left_child=-1 -2 3 -3 -5 -4 -7
right_child=1 2 5 4 -6 6 -8
leaf_value=0.00055716939070355224 0.00014713734723279719 -0.00042866815796302368 -0.00011586817566298623 3.4315356473412775e-06 0.00079990695142741252 0.00024941467979666774 -1.38135689081699e-05
leaf_weight=26 26 30 523 41 37 25 30
leaf_count=26 26 30 523 41 37 25 30
internal_value=-0.000121952 -0.000716293 -0.00106414 0.00333333 0.00653846 -0.00188581 0.00227273
internal_weight=738 712 686 108 78 578 55
internal_count=738 712 686 108 78 578 55
is_linear=0
shrinkage=0.05


Tree=10
num_leaves=8
num_cat=0
split_feature=8 3 3 16 7 7 10
split_gain=2.02824 1.06742 0.713133 0.60174 1.05945 0.617526 0.61091
threshold=-0.102599938988067 -0.0029463329846986515 -0.0097769876060892474 0.025116813009839482 -0.0063085970731747701 0.039212822519126063 0.00034889263673931753
decision_type=8 2 2 2 2 2 2
left_child=1 -1 -2 5 -5 -4 -7
right_child=2 -3 3 4 -6 6 -8
leaf_value=3.2097541470330319e-05 0.0010218921934362407 0.00092055364192782053 -0.00018874199160802949 0.00025515763106179998 -6.0398176532704606e-05 0.00038493776680990108 -3.9450774261246971e-05
leaf_weight=25 37 33 403 48 131 27 44
leaf_count=25 37 33 403 48 131 27 44
internal_value=-0.000187167 0.0087931 -0.00094203 -0.00132466 0.00114525 -0.00225739 0.00204225
internal_weight=748 58 690 653 179 474 71
internal_count=748 58 690 653 179 474 71
is_linear=0
shrinkage=0.05


Tree=11
num_leaves=8
num_cat=0
split_feature=5 15 6 10 7 9 4
split_gain=1.5456 0.915647 0.843118 0.543236 0.38611 0.370678 0.5
threshold=0.017691547828347382 -0.024469919857228236 0.32561768493253657 0.012020737458552368 -0.03536421494771879 -0.08337904708191872 0.022125210791446824
decision_type=2 2 2 2 2 8 2
left_child=1 -1 4 5 -2 6 -3
right_child=2 3 -4 -5 -6 -7 -8
leaf_value=0.00034990798478104214 0.00022349900779763599 0.00053707504383707061 0.0010112626736592516 0.00024121422868966336 -6.4292242285080142e-05 -0.00013148134612109768 -9.2600426272661227e-05
leaf_weight=28 31 25 28 39 30 540 25
leaf_count=28 31 25 28 39 30 540 25
internal_value=-0.000509385 -0.00134703 0.00567416 -0.00174086 0.00237705 -0.00211865 0.002
internal_weight=746 657 89 629 61 590 50
internal_count=746 657 89 629 61 590 50
is_linear=0
shrinkage=0.05


Tree=12
num_leaves=8
num_cat=0
split_feature=5 6 13 15 9 13 2
split_gain=1.23117 0.960004 0.922506 0.651325 0.547703 1.2342 0.763752
threshold=0.01801532759058902 -0.20872988770809012 12.494999885559084 -0.024469919857228236 0.08456691645490523 14.684999942779543 0.059010348146172571
decision_type=2 2 2 2 10 2 2
left_child=2 -2 -1 -4 -5 -6 -7
right_child=1 -3 3 4 5 6 -8
leaf_value=0.00012999082059519953 -1.611786849695238e-05 0.0008039025815217162 0.00029539029268384106 -0.0001188784227694071 -0.00023085398462020895 0.00041593933811505932 8.799945979325258e-05
leaf_weight=27 42 46 27 462 66 29 27
leaf_count=27 42 46 27 462 66 29 27
internal_value=-0.000316806 0.00522727 -0.00108151 -0.00148118 -0.00183219 0.00114754 0.00660714
internal_weight=726 88 638 611 584 122 56
internal_count=726 88 638 611 584 122 56
is_linear=0
shrinkage=0.05


Tree=13
num_leaves=8
num_cat=0
split_feature=1 15 15 7 15 8 14
split_gain=0.902109 0.731644 0.664286 0.569311 0.765449 0.57619 0.675433
threshold=-0.071207500636340501 0.0083823392237174516 -0.024986231241789388 0.044466049920398494 0.010173251517329287 0.017166848947322236 -0.056925165822572281
decision_type=2 2 2 2 2 8 2
left_child=-1 2 -2 4 -3 6 -6
right_child=1 3 -4 -5 5 -7 -8
leaf_value=0.0010910640390350997 0.00019988760132396449 0.00015614399825339504 -0.00012185283441916828 0.00048170166254320792 0.00068106690444269058 -0.00019154806125444451 -9.0865881167860404e-05
leaf_weight=26 29 32 489 26 40 56 44
leaf_count=26 29 32 489 26 40 56 44
internal_value=-0.000687333 -0.00101955 -0.00200772 0.00156566 0.000523255 -0.00107143 0.00154762
internal_weight=742 716 518 198 172 140 84
internal_count=742 716 518 198 172 140 84
is_linear=0
shrinkage=0.05


Tree=14
num_leaves=8
num_cat=0
split_feature=13 1 7 7 1 0 0
split_gain=0.951687 0.751045 0.442337 0.810755 0.560165 0.977656 0.33596
threshold=24.385000228881839 0.060225348744511915 0.010009909525795615 0.004495158993335747 -0.0069409583247053699 -0.0038107253663108294 -0.021324477880162337
decision_type=2 2 2 2 2 2 2
left_child=1 2 3 4 6 -6 -1
right_child=-2 -3 -4 -5 5 -7 -8
leaf_value=0.00012894458728270001 0.00051886081989375554 0.00011394448200420373 -0.00017484967642128959 0.0002758101812433648 0.00042081999229913371 -4.8814491390711728e-05 -0.00012048385294832901
leaf_weight=35 37 30 256 33 37 81 215
leaf_count=35 37 30 256 33 37 81 215
internal_value=-0.000649172 -0.00106987 -0.00142314 -0.000386535 -0.00105978 0.00177966 -0.0024
internal_weight=724 687 657 401 368 118 250
internal_count=724 687 657 401 368 118 250
is_linear=0
shrinkage=0.05


Tree=15
num_leaves=8
num_cat=0
split_feature=1 9 9 3 3 9 4
split_gain=0.790022 0.405663 0.82095 0.675556 0.408268 0.360992 0.515085
threshold=0.059252697415639551 0.12715789436187289 0.11529496318539002 0.009938169984656799 -0.0097769876060892474 -0.08337904708191872 0.020843365503214698
decision_type=2 8 10 2 2 10 2
left_child=1 2 3 4 -1 6 -6
right_child=-2 -3 -4 -5 5 -7 -8
leaf_value=0.00082655745186027566 9.6742066090656592e-05 -0.00021310685158653197 0.00051342211278308748 0.0013128870484251504 0.00050061100988004349 -0.0001044011345783057 -3.8132199856736297e-05
leaf_weight=34 35 195 27 25 25 322 69
leaf_count=34 35 195 27 25 25 322 69
internal_value=-0.000901641 -0.00126973 -0.000517929 -0.001 -0.00144445 -0.001875 0.000851063
internal_weight=732 697 502 475 450 416 94
internal_count=732 697 502 475 450 416 94
is_linear=0
shrinkage=0.05


Tree=16
num_leaves=8
num_cat=0
split_feature=1 12 3 12 7 10 4
split_gain=0.889742 0.519992 0.741384 0.578018 0.756616 0.731336 0.356702
threshold=0.059252697415639551 0.021370275612791926 0.0062992052826451603 0.0011335726897910849 0.0020331418654077065 -0.0017656020457615382 0.014473697230860718
decision_type=2 2 2 2 2 2 2
left_child=1 2 3 -1 5 -5 -3
right_child=-2 6 -4 4 -6 -7 -8
leaf_value=-9.8844198647508861e-05 9.2669139575080731e-05 1.7337256272873264e-05 0.00099384926698568724 0.00052275954631643645 -0.00017244614397505438 0.00035080143944721389 -0.00014240089595379398
leaf_weight=189 34 26 47 27 80 35 313
leaf_count=189 34 26 47 27 80 35 313
internal_value=-0.00113848 -0.00151325 -0.000238096 -0.00107251 0.00133803 0.00548387 -0.0029351
internal_weight=751 717 378 331 142 62 339
internal_count=751 717 378 331 142 62 339
is_linear=0
shrinkage=0.05


Tree=17
num_leaves=8
num_cat=0
split_feature=6 8 11 9 15 16 5
split_gain=0.835446 0.82509 0.71756 0.973803 0.72 0.656073 0.391925
threshold=-0.50044491794660684 -0.094799823516478518 0.016536743017330883 -0.053575915471785522 0.0068919484395020278 -0.037956089809760167 0.013572583887413654
decision_type=2 8 2 10 2 2 2
left_child=1 -1 5 -4 -5 -2 -7
right_child=2 -3 3 4 -6 6 -8
leaf_value=7.5996111436243543e-05 0.00017413531930970122 -0.00018488311460435994 -1.7919906086351838e-05 0.00011804377968901055 0.00062826342328302527 -7.2296402732576387e-05 8.8003883859213836e-05
leaf_weight=32 38 241 49 25 25 250 84
leaf_count=32 38 241 49 25 25 250 84
internal_value=-0.000967743 -0.0031685 0.000307854 0.00409091 0.009 -0.000698926 -0.00140719
internal_weight=744 273 471 99 50 372 334
internal_count=744 273 471 99 50 372 334
is_linear=0
shrinkage=0.05


Tree=18
num_leaves=8
num_cat=0
split_feature=13 14 11 14 3 13 12
split_gain=0.860298 0.672876 1.16845 0.747675 0.657226 0.468837 0.347731
threshold=12.494999885559084 -0.071225645536492452 0.0099206044404429611 0.012431899030548645 0.003424874315265281 20.375000000000004 0.019709843636474437
decision_type=2 2 2 2 2 2 2
left_child=-1 2 -2 5 6 -3 -5
right_child=1 3 -4 4 -6 -7 -8
leaf_value=8.8497640197243962e-05 -2.5187301828192158e-05 -0.00015501536089953814 0.0007561994323735154 5.0066857338178666e-05 0.00033162329806017292 4.496934572217098e-05 -5.9184485342921364e-05
leaf_weight=27 52 327 27 147 40 45 85
leaf_count=27 52 327 27 147 40 45 85
internal_value=-0.000800001 -0.00112725 0.00322785 -0.00166149 0.000330881 -0.00311828 -0.000689656
internal_weight=750 723 79 644 272 372 232
internal_count=750 723 79 644 272 372 232
is_linear=0
shrinkage=0.05


Tree=19
num_leaves=8
num_cat=0
split_feature=8 15 13 3 10 14 9
split_gain=0.728986 1.03302 0.745952 0.651316 0.243855 0.67723 0.567507
threshold=-0.094799823516478518 -0.024469919857228236 12.494999885559084 -0.0029463329846986515 -0.0045277696636227818 0.0250539094836888 0.017243642143493502
decision_type=8 2 2 2 2 2 8
left_child=3 -2 -3 -1 -4 -6 -7
right_child=1 2 4 -5 5 6 -8
leaf_value=-1.8113148312569864e-05 0.00033234936782676298 8.4072758187381846e-05 -0.00020942363541062454 0.00066788172002728058 -0.00011762886407181404 0.00059483518701351377 -3.9980723431284992e-06
leaf_weight=32 27 27 108 44 430 26 47
leaf_count=32 27 27 108 44 430 26 47
internal_value=-0.00108637 -0.00161654 -0.00202194 0.00355263 -0.00238134 -0.00191849 0.00253425
internal_weight=741 665 638 76 611 503 73
internal_count=741 665 638 76 611 503 73
is_linear=0
shrinkage=0.05


Tree=20
num_leaves=8
num_cat=0
split_feature=14 15 16 13 13 9 1
split_gain=0.881095 0.99405 0.785216 0.324987 0.294638 0.340295 0.671725
threshold=-0.071225645536492452 -0.02184890534545136 0.01053219978800546 23.265000343322757 17.125000000000004 -0.06324660130901226 -0.0091935171650786001
decision_type=2 2 2 2 2 8 2
left_child=2 -2 -1 4 5 6 -3
right_child=1 3 -4 -5 -6 -7 -8
leaf_value=-7.5370191540737432e-05 0.00023587595761968887 0.00026137981819511599 0.00080568713455696087 0.00010080388726067321 -0.00014127359021370701 -0.0001012939815652273 -0.00014149855570047014
leaf_weight=46 43 29 35 34 198 322 32
leaf_count=46 43 29 35 34 198 322 32
internal_value=-0.00127876 -0.0018845 0.00364197 -0.00239838 -0.00267642 -0.00186684 0.00155738
internal_weight=739 658 81 615 581 383 61
internal_count=739 658 81 615 581 383 61
is_linear=0
shrinkage=0.05


Tree=21
num_leaves=8
num_cat=0
split_feature=4 0 10 7 7 14 2
split_gain=0.786615 0.737675 0.487942 0.454457 1.00604 0.398595 0.667576
threshold=0.025719861911367266 0.010991146453395497 -0.0066318377960538624 -0.027002637342795174 -0.021346212284670537 -0.001242221342315941 -0.0155031192248799
decision_type=2 2 2 2 2 2 2
left_child=3 2 -2 -1 -5 -6 -7
right_child=1 -3 -4 4 5 6 -8
leaf_value=-0.00013559640798884663 0.00013276302298292827 0.000248517451565089 -9.5096141259794791e-06 0.00060414833619953044 -0.00016767130292454638 0.00027725411158916998 -5.8747525720327025e-05
leaf_weight=122 25 26 76 25 267 34 171
leaf_count=122 25 26 76 25 267 34 171
internal_value=-0.000710457 0.00287401 0.000940593 -0.00144588 -0.000774649 -0.00129237 0.000365852
internal_weight=746 127 101 619 497 472 205
internal_count=746 127 101 619 497 472 205
is_linear=0
shrinkage=0.05


Tree=22
num_leaves=8
num_cat=0
split_feature=1 12 13 5 4 4 12
split_gain=0.953924 0.576823 0.448528 0.448427 0.711513 0.896011 0.876511
threshold=0.060225348744511915 0.028194980259768524 12.925000190734865 0.016158254483588024 0.020370246953384939 0.017878752901248438 -0.0031637225858343605
decision_type=2 2 2 2 2 2 2
left_child=1 3 -3 4 5 -1 -7
right_child=-2 2 -4 -5 -6 6 -8
leaf_value=-0.00011085270906519569 6.7848930484296064e-05 1.2876620450748579e-05 -0.00013148012144694797 4.8664596475712423e-05 -0.00012528911895649925 -0.0003640306940452309 0.00043988441638812838
leaf_weight=141 26 48 219 79 132 27 68
leaf_count=141 26 48 219 79 132 27 68
internal_value=-0.000945947 -0.00128852 -0.00312734 -0.000190158 -0.000923914 0.000720338 0.00447368
internal_weight=740 714 267 447 368 236 95
internal_count=740 714 267 447 368 236 95
is_linear=0
shrinkage=0.05


Tree=23
num_leaves=8
num_cat=0
split_feature=15 13 15 15 12 16 3
split_gain=0.655479 0.865849 0.767958 0.538356 0.411833 0.500446 0.368135
threshold=0.0083823392237174516 20.375000000000004 0.010173251517329287 -0.0021053360793966132 0.021693998685899721 0.0099528850879498938 0.0050721724710985914
decision_type=2 2 2 2 2 2 2
left_child=3 2 -2 6 5 -4 -1
right_child=1 -3 4 -5 -6 -7 -8
leaf_value=-4.9236379059178043e-05 0.00013477255718441614 0.00028391103560159234 -0.00016551466039073362 -9.6922281005152894e-05 -0.00015248887294138662 0.00058863871935088826 0.001603049835616167
leaf_weight=231 33 27 30 277 80 39 30
leaf_count=231 33 27 30 277 80 39 30
internal_value=-0.000917003 0.00145933 0.000219779 -0.00184015 -0.00130873 0.00152174 -0.000210729
internal_weight=747 209 182 538 149 69 261
internal_count=747 209 182 538 149 69 261
is_linear=0
shrinkage=0.05


Tree=24
num_leaves=8
num_cat=0
split_feature=5 10 6 13 15 14 10
split_gain=0.708409 0.882 0.549975 0.66939 0.513654 0.415017 0.921841
threshold=0.016158254483588024 -0.006703838533231087 -0.50044491794660684 12.925000190734865 0.014636150279945139 0.012431899030548645 -0.0014016774424328025
decision_type=2 2 2 2 2 2 2
left_child=2 -2 -1 -4 -3 -5 -7
right_child=1 4 3 5 -6 6 -8
leaf_value=-0.00019251905989974558 0.0010869567423513096 -1.1579209808003277e-05 0.00017691605455591631 -9.1801034916770549e-05 7.8288168144146006e-05 -4.6623528013782664e-05 0.00042948239696585729
leaf_weight=229 25 67 36 214 33 106 34
leaf_count=229 25 67 36 214 33 106 34
internal_value=-0.000833335 0.0026 -0.00152666 -0.000384617 0.000499999 -0.0010452 0.00107143
internal_weight=744 125 619 390 100 354 140
internal_count=744 125 619 390 100 354 140
is_linear=0
shrinkage=0.05


Tree=25
num_leaves=8
num_cat=0
split_feature=0 1 3 13 7 3 0
split_gain=0.71732 0.554092 0.485126 0.298258 0.491279 0.845753 0.5
threshold=0.019878322549418462 -0.059824758504064428 -0.0095377786175623851 16.614999771118168 0.010009909525795615 -0.0025565368980316468 -0.0065493130665076884
decision_type=2 2 2 2 2 2 2
left_child=1 -1 -3 4 5 6 -4
right_child=-2 2 3 -5 -6 -7 -8
leaf_value=0.00018051257695526511 0.00017776412694352634 0.00068799096447892617 -0.00010835203918403785 -0.00010682541694662762 -0.00014830081299966322 -1.8408566602391538e-05 0.00035136001263737281
leaf_weight=38 46 43 25 279 172 122 25
leaf_count=38 46 43 25 279 172 122 25
internal_value=-0.00126667 -0.00166193 -0.001997 -0.00235153 -0.00136628 0.000523255 0.006
internal_weight=750 704 666 623 344 172 50
internal_count=750 704 666 623 344 172 50
is_linear=0
shrinkage=0.05


Tree=26
num_leaves=8
num_cat=0
split_feature=9 6 11 15 16 6 1
split_gain=0.997935 0.745979 0.704089 0.60518 0.559908 0.51374 0.447042
threshold=-0.081728774414705427 -0.49527548285729056 0.017632958734851271 -0.02184890534545136 -0.013281438354785234 0.077704879182474498 -0.04937953009214207
decision_type=8 2 2 2 2 2 2
left_child=4 -2 3 -3 -1 -4 -6
right_child=1 2 5 -5 6 -7 -8
leaf_value=0.00032892999038687786 -0.00014473292298989991 0.0004142234517097194 -3.9583400275706315e-05 -4.4882829479598548e-05 0.00038365619632534965 0.0002398703311275968 -1.8712183927623491e-05
leaf_weight=28 228 29 34 289 25 39 71
leaf_count=28 228 29 34 289 25 39 71
internal_value=-0.00102961 -0.00184976 -0.000524298 -0.00154088 0.00306451 0.00390411 0.00125
internal_weight=743 619 391 318 124 73 96
internal_count=743 619 391 318 124 73 96
is_linear=0
shrinkage=0.05


Tree=27
num_leaves=8
num_cat=0
split_feature=13 9 6 0 0 14 14
split_gain=0.71432 0.557603 0.509108 0.426393 0.726807 0.909017 0.43956
threshold=12.494999885559084 0.017829976845533228 1.3259719288939937 -0.0051792605887180368 -0.00016350176802110147 0.021414189458355607 -0.068623004427642229
decision_type=2 8 2 2 2 2 2
left_child=-1 2 3 -2 -5 6 -6
right_child=1 -3 -4 4 5 -7 -8
leaf_value=3.4918419087712199e-05 -5.1452920338923494e-05 -9.4415185355486476e-05 0.00042227995798188269 0.00018886177419637343 0.00041532088502620732 0.00075388158768636027 -0.00013979007266870541
leaf_weight=25 100 451 25 25 26 28 65
leaf_count=25 100 451 25 25 26 28 65
internal_value=-0.00130873 -0.00159722 0.00020446 -0.000491804 0.00125 -0.000378152 -0.0028022
internal_weight=745 720 269 244 144 119 91
internal_count=745 720 269 244 144 119 91
is_linear=0
shrinkage=0.05


Tree=28
num_leaves=8
num_cat=0
split_feature=6 11 1 3 6 3 4
split_gain=0.578759 0.653132 0.582152 0.481367 0.421207 0.289827 0.638903
threshold=-0.50044491794660684 0.021459782264152908 0.022963381093465633 0.0062992052826451603 -0.38797207065455336 -0.0059878427527734193 0.020370246953384939
decision_type=2 2 2 2 2 2 2
left_child=-1 3 -3 4 -2 6 -6
right_child=1 2 -4 -5 5 -7 -8
leaf_value=-0.0001013022971833725 0.00012376798348904549 0.00061380206319100938 -8.6794534715608715e-05 0.0012044262037335784 0.00086602950434060523 -7.012373124084799e-05 -0.00012261883820794604
leaf_weight=274 27 32 47 46 25 267 34
leaf_count=274 27 32 47 46 25 267 34
internal_value=-0.00134309 -0.000292888 0.00386076 -0.00111529 -0.00174221 -0.00223926 0.000932202
internal_weight=752 478 79 399 353 326 59
internal_count=752 478 79 399 353 326 59
is_linear=0
shrinkage=0.05


Tree=29
num_leaves=8
num_cat=0
split_feature=13 9 7 6 3 1 15
split_gain=0.60486 0.497859 0.789963 0.711553 0.592733 0.323788 0.234233
threshold=12.555000305175783 0.017829976845533228 -0.0017217747503777134 -0.24802688448193688 0.0033082932014140147 0.058043654298951315 -0.0096488885565508258
decision_type=2 8 2 2 2 2 2
left_child=-1 2 4 -4 6 -3 -2
right_child=1 5 3 -5 -6 -7 -8
leaf_value=2.7465197883065049e-05 5.7632084897958963e-05 -9.2502785878570908e-05 -6.0229729529886007e-05 0.00059693590227802784 0.00027792327615940585 1.4968735839139607e-05 -7.2663970857134356e-05
leaf_weight=27 36 420 32 33 47 25 110
leaf_count=27 36 420 32 33 47 25 110
internal_value=-0.00123288 -0.00151494 0.000232557 0.005 -0.00137306 -0.00252809 -0.00294521
internal_weight=730 703 258 65 193 445 146
internal_count=730 703 258 65 193 445 146
is_linear=0
shrinkage=0.05


Tree=30
num_leaves=8
num_cat=0
split_feature=13 5 16 5 13 5 16
split_gain=0.599372 0.54955 0.48232 0.577362 0.51861 0.494698 0.377594
threshold=12.494999885559084 0.010242313202742926 -0.037956089809760167 0.010521938694556828 14.734999656677248 0.011559136708816562 0.0073627452629247978
decision_type=2 2 2 2 2 2 2
left_child=-1 -2 -3 -4 -5 -6 -7
right_child=1 2 3 4 5 6 -8
leaf_value=2.6091937988911804e-05 -0.00028011070898105727 0.000350635242740076 0.00014401161376659133 -0.0001410098722804965 0.0003271766150752101 -0.00010505028307802492 5.7445008155828761e-07
leaf_weight=27 140 43 35 116 43 161 172
leaf_count=27 140 43 35 116 43 161 172
internal_value=-0.00120082 -0.00147887 -0.000789475 -0.00120493 -0.00164634 -0.000744682 -0.0013964
internal_weight=737 710 570 527 492 376 333
internal_count=737 710 570 527 492 376 333
is_linear=0
shrinkage=0.05


Tree=31
num_leaves=8
num_cat=0
split_feature=0 6 6 10 2 2 16
split_gain=0.520677 0.463138 0.295773 0.260896 0.227241 0.429092 0.327943
threshold=0.019878322549418462 2.2998172763951108 -1.158866539202869 -0.01378806518059311 -0.054485743211500341 -0.0093894987237069221 0.022645864617796722
decision_type=2 2 2 2 2 2 2
left_child=1 2 -1 -4 -5 6 -6
right_child=-2 -3 3 4 5 -7 -8
leaf_value=4.0036467646589441e-06 0.00012570729404687362 0.00064594766621112686 0.00021222655315652919 -0.00014780012420881252 -8.3540318248827983e-05 -8.8697160136102818e-05 0.00030456216164338751
leaf_weight=34 47 26 38 124 75 341 46
leaf_count=34 47 26 38 124 75 341 46
internal_value=-0.00158003 -0.00192983 -0.00218845 -0.0024359 -0.00269625 -0.00218615 0.0003719
internal_weight=731 684 658 624 586 462 121
internal_count=731 684 658 624 586 462 121
is_linear=0
shrinkage=0.05


Tree=32
num_leaves=8
num_cat=0
split_feature=9 13 3 14 13 0 7
split_gain=0.685991 0.362245 0.302043 0.366598 0.53487 0.776507 0.823706
threshold=-0.17985486641965373 12.494999885559084 -0.0095377786175623851 -0.0056306847578752031 16.954999923706058 -0.0090628986736769872 0.010009909525795615
decision_type=8 2 2 2 2 2 2
left_child=-1 -2 -3 -4 5 -5 -7
right_child=1 2 3 4 -6 6 -8
leaf_value=0.00039320259552945978 2.4934116657952614e-05 0.00053486484756872204 -0.00010420235182350942 -0.0001802743052619077 -6.9765590096702331e-05 0.00029613360713170311 -5.481415886115903e-05
leaf_weight=25 27 49 321 43 136 75 76
leaf_count=25 27 49 321 43 136 75 76
internal_value=-0.00114362 -0.00142366 -0.00164286 -0.0019278 -0.000757577 0.000927834 0.00261589
internal_weight=752 727 700 651 330 194 151
internal_count=752 727 700 651 330 194 151
is_linear=0
shrinkage=0.05


Tree=33
num_leaves=8
num_cat=0
split_feature=13 1 15 15 12 1 14
split_gain=0.677576 0.387085 0.347439 0.59321 0.625296 0.616302 0.330186
threshold=12.494999885559084 -0.071207500636340501 0.0083823392237174516 0.010173251517329287 0.021693998685899721 -0.0017470052855229066 -0.0052209332646739317
decision_type=2 2 2 2 2 2 2
left_child=-1 -2 6 -4 5 -5 -3
right_child=1 2 3 4 -6 -7 -8
leaf_value=3.1590392758087311e-05 0.00078279836415010332 -0.0002261273408461418 0.00012421310950518882 -3.4677500753021094e-05 -0.00013758934905971034 0.00068916861472781172 -1.6886213083774598e-05
leaf_weight=25 26 189 30 41 75 46 310
leaf_count=25 26 189 30 41 75 46 310
internal_value=-0.00109165 -0.00137378 -0.00159913 0.000208332 -0.000987656 0.00189655 -0.00229459
internal_weight=742 717 691 192 162 87 499
internal_count=742 717 691 192 162 87 499
is_linear=0
shrinkage=0.05


Tree=34
num_leaves=8
num_cat=0
split_feature=13 16 3 3 13 7 7
split_gain=0.476604 0.387386 0.743625 0.361537 0.287785 0.556251 1.50535
threshold=12.494999885559084 -0.037956089809760167 -0.00028839673176489494 0.001303684710760922 16.935000419616703 0.00952618412457862 -0.0023226873635816543
decision_type=2 2 2 2 2 2 2
left_child=-1 2 -2 4 5 6 -3
right_child=1 3 -4 -5 -6 -7 -8
leaf_value=3.0010873120182913e-05 -0.00033165227706385503 -3.1074526713290158e-05 0.0005944506580144648 -0.00011109351786368763 -5.9851501426948479e-05 -0.00014702469230131192 0.00035353536385622931
leaf_weight=25 31 95 27 257 188 99 25
leaf_count=25 31 95 27 257 188 99 25
internal_value=-0.00178715 -0.00202216 0.00189655 -0.00236446 -0.00143735 -0.000205481 0.00208333
internal_weight=747 722 58 664 407 219 120
internal_count=747 722 58 664 407 219 120
is_linear=0
shrinkage=0.05


Tree=35
num_leaves=8
num_cat=0
split_feature=1 9 9 9 3 0 14
split_gain=0.419381 0.454234 0.662442 0.356622 0.31894 0.22802 0.274212
threshold=0.065675555564536095 0.14097205132180204 0.1181838744827345 -0.17985486641965373 -0.0095377786175623851 -0.0072068107203556711 -0.001242221342315941
decision_type=2 8 10 10 2 2 2
left_child=1 2 3 -1 -5 -6 -7
right_child=-2 -3 -4 4 5 6 -8
leaf_value=0.00026932652868759372 3.029403369983494e-05 -0.00016376764428268457 0.00031476773371603251 0.0006880311002403132 -9.8934363316579606e-05 -5.9094321509272656e-05 3.7193867024638406e-05
leaf_weight=27 25 190 38 30 104 213 116
leaf_count=27 25 190 38 30 104 213 116
internal_value=-0.00136608 -0.00158774 -0.000833335 -0.00132653 -0.00165227 -0.00199769 -0.00135258
internal_weight=743 718 528 490 463 433 329
internal_count=743 718 528 490 463 433 329
is_linear=0
shrinkage=0.05


Tree=36
num_leaves=8
num_cat=0
split_feature=1 1 6 6 3 9 15
split_gain=0.45241 0.387692 0.274515 0.632228 0.4493 0.383439 0.246804
threshold=0.065675555564536095 -0.071207500636340501 -0.10483268995230136 1.0000000180025095e-35 -0.0095377786175623851 -0.06324660130901226 -0.0035639249438272898
decision_type=2 2 2 2 2 8 2
left_child=1 -1 6 -4 -5 -6 -3
right_child=-2 2 3 4 5 -7 -8
leaf_value=0.00064389824761321851 2.8779332014843204e-05 -8.8369612194157259e-05 0.00029956228284264011 0.00070842560256491089 1.4329613928138617e-05 -8.1803268858928816e-05 -7.9611711825140912e-05
leaf_weight=28 25 128 26 26 43 198 279
leaf_count=28 25 128 26 26 43 198 279
internal_value=-0.00161355 -0.00184066 -0.00207143 -0.000904438 -0.00162921 -0.00230291 -0.00291155
internal_weight=753 728 700 293 267 241 407
internal_count=753 728 700 293 267 241 407
is_linear=0
shrinkage=0.05


Tree=37
num_leaves=8
num_cat=0
split_feature=13 1 12 3 14 12 2
split_gain=0.402685 0.4005 0.299212 0.326449 0.337659 0.532707 0.344302
threshold=12.494999885559084 -0.071207500636340501 0.051846022032751578 -0.0095377786175623851 -0.017376391061688031 0.043059642208465816 -0.029895067701635299
decision_type=2 2 2 2 2 2 2
left_child=-1 -2 3 -3 -5 6 -6
right_child=1 2 -4 4 5 -7 -8
leaf_value=2.1024823938679156e-05 0.00065698708315762514 0.00062364787495546318 -6.9545451600120688e-05 -0.00010797979900966733 -0.00013541142115983132 0.00011865282867268816 -2.4538869725392119e-06
leaf_weight=26 27 38 72 240 97 28 229
leaf_count=26 27 38 72 240 97 28 229
internal_value=-0.00149934 -0.00171683 -0.00194602 -0.0015981 -0.00188552 -0.000903956 -0.00147239
internal_weight=757 731 704 632 594 354 326
internal_count=757 731 704 632 594 354 326
is_linear=0
shrinkage=0.05


Tree=38
num_leaves=8
num_cat=0
split_feature=16 3 7 13 3 0 12
split_gain=0.303306 0.794066 0.36806 0.753675 0.777689 0.607048 0.510974
threshold=-0.037956089809760167 -0.00028839673176489494 0.011249607435983357 16.73499965667725 -0.0025565368980316468 -0.0072068107203556711 0.033663047368439288
decision_type=2 2 2 2 2 2 2
left_child=1 -1 3 4 5 -2 -6
right_child=2 -3 -4 -5 6 -7 -8
leaf_value=-0.00030234010695759877 -0.0001122802455882533 0.00057297270279155687 -7.4330096622264499e-05 -7.8287625431380694e-05 -3.7394859305681652e-05 0.00028247970372188949 0.00010288214989907274
leaf_weight=31 26 26 276 224 88 31 38
leaf_count=31 26 26 276 224 88 31 38
internal_value=-0.00148649 0.00201754 -0.00177892 -0.000823097 0.00155738 0.00640351 -0.000634922
internal_weight=740 57 683 407 183 57 126
internal_count=740 57 683 407 183 57 126
is_linear=0
shrinkage=0.05


Tree=39
num_leaves=8
num_cat=0
split_feature=9 5 3 3 2 12 0
split_gain=0.367958 0.724168 0.476639 0.442771 0.238518 0.317308 0.492476
threshold=-0.073148824723635861 0.013072364771192691 -0.0097769876060892474 0.0054183393863675997 -0.029895067701635299 0.026411578582636323 -0.0090628986736769872
decision_type=8 2 2 2 2 2 2
left_child=1 -1 -2 -3 -4 6 -6
right_child=2 3 4 -5 5 -7 -8
leaf_value=0.00054423287805078298 0.00060776898579872592 -8.745669946402599e-05 -0.00019158980759245061 0.00075089494292307686 -6.6356340148403394e-05 -9.4571964821522453e-05 1.8491725884777265e-06
leaf_weight=26 34 83 125 25 45 228 170
leaf_count=26 34 83 125 25 45 228 170
internal_value=-0.00139946 0.000970148 -0.00192691 -0.000833335 -0.00227113 -0.00172686 -0.000348838
internal_weight=736 134 602 108 568 443 215
internal_count=736 134 602 108 568 443 215
is_linear=0
shrinkage=0.05


Tree=40
num_leaves=8
num_cat=0
split_feature=9 9 7 14 7 7 0
split_gain=0.298589 0.770198 0.361046 0.476034 0.335219 0.430666 0.328376
threshold=0.14097205132180204 0.1181838744827345 0.036439967942722092 -0.026106823606350468 0.011249607435983357 0.0012296582298613192 -0.0035499732895852838
decision_type=8 10 2 2 2 2 2
left_child=1 2 4 -4 5 -1 -2
right_child=6 -3 3 -5 -6 -7 -8
leaf_value=-4.304976670159847e-05 -1.6306940148544975e-05 0.00027495323121983612 -2.3430060243642531e-05 0.00023279528478081492 -0.00022465437912989048 3.4470800161492119e-05 -0.00021503337448610483
leaf_weight=313 69 40 25 42 81 46 127
leaf_count=313 69 40 25 42 81 46 127
internal_value=-0.00102961 -0.000429617 -0.000956609 0.00246269 -0.00147727 -0.000821728 -0.00270408
internal_weight=743 547 507 67 440 359 196
internal_count=743 547 507 67 440 359 196
is_linear=0
shrinkage=0.05


Tree=41
num_leaves=8
num_cat=0
split_feature=0 13 13 0 16 8 11
split_gain=0.446702 0.436279 0.541807 0.570484 0.735444 1.05376 0.371429
threshold=0.019878322549418462 14.454999923706056 17.050000190734867 0.0044243778011020538 0.021680916875399418 0.025193406793557419 0.0035059532242039952
decision_type=2 2 2 2 2 10 2
left_child=1 -1 3 4 5 -3 -5
right_child=-2 2 -4 6 -6 -7 -8
leaf_value=-5.6740555957142515e-05 0.00019405241241045854 -0.00021557096378941652 -7.5657263869060199e-05 4.0489664722469767e-05 0.00032557908493517591 0.00054720222443383555 -0.00027160073869042213
leaf_weight=185 41 62 311 28 41 31 52
leaf_count=185 41 62 311 28 41 31 52
internal_value=-0.00153795 -0.00183099 -0.00109524 0.00084112 0.00283582 0.000376343 -0.0025
internal_weight=751 710 525 214 134 93 80
internal_count=751 710 525 214 134 93 80
is_linear=0
shrinkage=0.05


Tree=42
num_leaves=8
num_cat=0
split_feature=8 3 16 7 7 7 14
split_gain=0.481771 0.302321 0.257872 0.792412 0.478305 0.509777 0.688095
threshold=-0.1699497605012972 -0.0097769876060892474 -0.032577672604407408 -0.0017217747503777134 0.011249607435983357 1.0000000180025095e-35 -0.022573745611405568
decision_type=10 2 2 2 2 2 2
left_child=-1 -2 3 -3 5 -4 -7
right_child=1 2 4 -5 -6 6 -8
leaf_value=5.9852740950071097e-05 0.00055451719076602399 -0.00019790422431993954 -3.1578611077138836e-05 0.00021646775421858006 -6.0541879212207069e-05 -0.00017021050732468195 0.00018102928384934299
leaf_weight=46 39 37 276 28 253 28 42
leaf_count=46 39 37 276 28 253 28 42
internal_value=-0.00126168 -0.00158606 -0.00183735 0.00115384 -0.00216194 -0.000953758 0.00285714
internal_weight=749 703 664 65 599 346 70
internal_count=749 703 664 65 599 346 70
is_linear=0
shrinkage=0.05


Tree=43
num_leaves=8
num_cat=0
split_feature=7 7 3 5 0 8 5
split_gain=0.425732 0.728661 0.56023 0.558876 0.612189 0.37296 0.292027
threshold=-0.042212795789901773 -0.0495046313366495 -0.0043810356061924618 0.011718761344557403 -0.0078014693214500377 -0.044743095036929963 0.011042649269893385
decision_type=2 2 2 2 2 10 2
left_child=1 -1 3 4 -2 -5 -4
right_child=2 -3 6 5 -6 -7 -8
leaf_value=-5.5783162390361552e-05 -5.9925910086732883e-05 0.0001933579829143221 -0.00017600969975276585 5.1654593315748783e-05 0.00025904412320391652 -0.00013596562597819852 -3.4782316192313638e-05
leaf_weight=73 25 25 211 26 31 40 313
leaf_count=73 25 25 211 26 31 40 313
internal_value=-0.00143817 0.00163265 -0.00190403 0.00114754 0.00482143 -0.0019697 -0.00261451
internal_weight=744 98 646 122 56 66 524
internal_count=744 98 646 122 56 66 524
is_linear=0
shrinkage=0.05


Tree=44
num_leaves=8
num_cat=0
split_feature=12 3 1 7 1 7 0
split_gain=0.315846 0.624527 0.448542 0.586839 0.72 0.431679 0.462963
threshold=0.020528526804308837 0.0080272924870337121 -0.0020633957010716682 0.0024983532975177973 0.0075362439134707424 0.026611816083044752 0.0069454987618342576
decision_type=2 2 2 2 2 2 2
left_child=1 2 -1 4 -4 -5 -7
right_child=-2 -3 3 5 -6 6 -8
leaf_value=-0.00012608464894875757 -5.1968390956550697e-05 0.0007994477261359257 0.00049166730852824407 -0.00023466719386613108 -2.0371821883680429e-05 0.00055003560707809292 -0.00019052562032707967
leaf_weight=203 353 26 25 49 25 27 27
leaf_count=203 353 26 25 49 25 27 27
internal_value=-0.00193878 -0.00094241 -0.00148877 0.000555554 0.005 -0.00160194 0.00148148
internal_weight=735 382 356 153 50 103 54
internal_count=735 382 356 153 50 103 54
is_linear=0
shrinkage=0.05


Tree=45
num_leaves=8
num_cat=0
split_feature=1 15 15 12 14 14 14
split_gain=0.437302 0.353087 0.735332 0.471637 0.258557 0.357721 0.485055
threshold=-0.071207500636340501 0.0083823392237174516 0.010173251517329287 -0.027198413534659901 -0.026106823606350468 0.058009640559056781 0.040951993391927573
decision_type=2 2 2 2 2 2 2
left_child=-1 4 -3 -4 -2 6 -6
right_child=1 2 3 -5 5 -7 -8
leaf_value=0.00070672382047879149 -0.00016511287437581752 1.1104337391426957e-05 0.00012676560079240206 -3.5145410121221024e-05 -4.3312955832340999e-05 -0.00011592158971151371 0.00014789482547831751
leaf_weight=25 111 34 25 138 255 118 37
leaf_count=25 111 34 25 138 255 118 37
internal_value=-0.00150067 -0.00172702 7.61409e-05 -0.00131902 -0.00240883 -0.00182927 -0.000890412
internal_weight=743 718 197 163 521 410 292
internal_count=743 718 197 163 521 410 292
is_linear=0
shrinkage=0.05


Tree=46
num_leaves=8
num_cat=0
split_feature=6 6 9 16 5 5 10
split_gain=0.454136 0.495633 0.450275 0.615491 0.954545 0.541071 0.738555
threshold=-1.2195706460653686 -0.50044491794660684 0.14097205132180204 0.027358645496494031 0.011624095201073973 0.011172055099116757 0.0072285544385530818
decision_type=2 2 8 2 2 2 2
left_child=-1 -2 3 5 -5 -3 -7
right_child=1 2 -4 4 -6 6 -8
leaf_value=9.6435889786154066e-06 -0.00010447102211222288 -0.00027743554947669275 -0.00015749561038124192 0.00044012615895138449 -1.7337073611393213e-05 -1.5503391742350043e-05 0.00067701164374703695
leaf_weight=32 242 97 123 27 50 150 26
leaf_count=32 242 97 123 27 50 150 26
internal_value=-0.00145248 -0.00171329 -0.000771671 0.000142856 0.00409091 -0.000970697 0.000681817
internal_weight=747 715 473 350 77 273 176
internal_count=747 715 473 350 77 273 176
is_linear=0
shrinkage=0.05


Tree=47
num_leaves=8
num_cat=0
split_feature=8 9 6 3 7 10 7
split_gain=0.451546 0.459163 0.456315 0.48346 0.490245 0.279887 0.592641
threshold=-0.094799823516478518 0.12668617913998417 -1.0660381886208217 -0.0056916702814610578 0.06131886650719854 -0.0063941305791072591 -0.048537430927574003
decision_type=10 8 2 2 2 2 2
left_child=5 2 -2 -4 -5 -1 -7
right_child=1 -3 3 4 -6 6 -8
leaf_value=0.00033119946686304915 2.4848665585383784e-05 -0.00012422860590844542 0.00031889458198532448 -5.2573950317910098e-05 0.00013694203369943656 -0.00015126678841562537 7.1699760379123522e-05
leaf_weight=27 30 185 48 341 26 42 35
leaf_count=27 30 185 48 341 26 42 35
internal_value=-0.00132153 -0.0018254 -0.000955057 -0.00138554 -0.00200273 0.00173077 0.000194804
internal_weight=734 630 445 415 367 104 77
internal_count=734 630 445 415 367 104 77
is_linear=0
shrinkage=0.05


Tree=48
num_leaves=8
num_cat=0
split_feature=1 10 0 3 8 7 16
split_gain=0.357791 0.386203 0.22968 0.377054 0.400016 0.971903 0.587226
threshold=-0.067923567858011888 0.01542612816856115 -0.0090628986736769872 0.0034974133170059267 0.042654765858510253 -0.0092436141428662282 0.010799191080899663
decision_type=2 2 2 2 10 2 2
left_child=-1 2 -2 4 5 -4 -7
right_child=1 -3 3 -5 -6 6 -8
leaf_value=0.00057548079061914455 -5.2780941424206575e-05 0.00027676487165526319 -7.8092341134807587e-05 -4.9945292684692784e-05 -7.6466275509911579e-05 0.00015878515775658987 5.7170031890831991e-06
leaf_weight=27 144 27 125 141 135 62 73
leaf_count=27 144 27 125 141 135 62 73
internal_value=-0.00138965 -0.00160538 -0.00183824 -0.00136194 -0.000569621 0.000576922 0.00351852
internal_weight=734 707 680 536 395 260 135
internal_count=734 707 680 536 395 260 135
is_linear=0
shrinkage=0.05


Tree=49
num_leaves=8
num_cat=0
split_feature=0 6 2 16 1 7 7
split_gain=0.443981 0.423773 0.261854 0.273383 0.368313 0.264873 0.560565
threshold=0.019878322549418462 -1.158866539202869 0.10114663280134063 0.042571476863798481 0.017293784540328153 -0.042212795789901773 -0.055299847555772157
decision_type=2 2 2 2 2 2 2
left_child=1 -1 3 5 -5 6 -3
right_child=-2 2 -4 4 -6 -7 -8
leaf_value=6.7725624612589552e-06 0.00013908697524870055 -0.00016739793863628213 0.00031060894355843693 0.00040981475384414758 -1.3267975360376631e-05 -9.6446029511951318e-05 9.9136207628195013e-05
leaf_weight=37 43 44 49 33 32 464 30
leaf_count=37 43 44 49 33 32 464 30
internal_value=-0.00178962 -0.00209724 -0.00239264 -0.00267828 0.000384614 -0.00304833 -0.000270271
internal_weight=732 689 652 603 65 538 74
internal_count=732 689 652 603 65 538 74
is_linear=0
shrinkage=0.05


end of trees

feature_importances:
dist_ma20=35
overnight_gap=34
vix_level=32
dist_ma200=30
sector_ret_1d=27
ret_5d=25
dvol_z_20=25
sector_ret_5d=23
vix_chg_1d=20
ret_1d=19
parkinson_20=17
dist_ma50=14
spy_ret_1d=14
spy_ret_20d=13
atr_pct=9
ret_20d=8
spy_ret_5d=5

parameters:
[boosting: gbdt]
[objective: quantile]
[metric: quantile]
[tree_learner: serial]
[device_type: cpu]
[data_sample_strategy: bagging]
[data: ]
[valid: ]
[num_iterations: 80]
[learning_rate: 0.05]
[num_leaves: 8]
[num_threads: 1]
[seed: 0]
[deterministic: 0]
[force_col_wise: 1]
[force_row_wise: 0]
[histogram_pool_size: -1]
[max_depth: -1]
[min_data_in_leaf: 25]
[min_sum_hessian_in_leaf: 0.001]
[bagging_fraction: 0.9]
[pos_bagging_fraction: 1]
[neg_bagging_fraction: 1]
[bagging_freq: 1]
[bagging_seed: 3]
[bagging_by_query: 0]
[feature_fraction: 0.9]
[feature_fraction_bynode: 1]
[feature_fraction_seed: 2]
[extra_trees: 0]
[extra_seed: 6]
[early_stopping_round: 0]
[early_stopping_min_delta: 0]
[first_metric_only: 0]
[max_delta_step: 0]
[lambda_l1: 0]
[lambda_l2: 0]
[linear_lambda: 0]
[min_gain_to_split: 0]
[drop_rate: 0.1]
[max_drop: 50]
[skip_drop: 0.5]
[xgboost_dart_mode: 0]
[uniform_drop: 0]
[drop_seed: 4]
[top_rate: 0.2]
[other_rate: 0.1]
[min_data_per_group: 100]
[max_cat_threshold: 32]
[cat_l2: 10]
[cat_smooth: 10]
[max_cat_to_onehot: 4]
[top_k: 20]
[monotone_constraints: ]
[monotone_constraints_method: basic]
[monotone_penalty: 0]
[feature_contri: ]
[forcedsplits_filename: ]
[refit_decay_rate: 0.9]
[cegb_tradeoff: 1]
[cegb_penalty_split: 0]
[cegb_penalty_feature_lazy: ]
[cegb_penalty_feature_coupled: ]
[path_smooth: 0]
[interaction_constraints: ]
[verbosity: -1]
[saved_feature_importance_type: 0]
[use_quantized_grad: 0]
[num_grad_quant_bins: 4]
[quant_train_renew_leaf: 0]
[stochastic_rounding: 1]
[linear_tree: 0]
[max_bin: 255]
[max_bin_by_feature: ]
[min_data_in_bin: 3]
[bin_construct_sample_cnt: 200000]
[data_random_seed: 1]
[is_enable_sparse: 1]
[enable_bundle: 1]
[use_missing: 1]
[zero_as_missing: 0]
[feature_pre_filter: 1]
[pre_partition: 0]
[two_round: 0]
[header: 0]
[label_column: ]
[weight_column: ]
[group_column: ]
[ignore_column: ]
[categorical_feature: ]
[forcedbins_filename: ]
[precise_float_parser: 0]
[parser_config_file: ]
[objective_seed: 5]
[num_class: 1]
[is_unbalance: 0]
[scale_pos_weight: 1]
[sigmoid: 1]
[boost_from_average: 1]
[reg_sqrt: 0]
[alpha: 0.9]
[fair_c: 1]
[poisson_max_delta_step: 0.7]
[tweedie_variance_power: 1.5]
[lambdarank_truncation_level: 30]
[lambdarank_norm: 1]
[label_gain: ]
[lambdarank_position_bias_regularization: 0]
[eval_at: ]
[multi_error_top_k: 1]
[auc_mu_weights: ]
[num_machines: 1]
[local_listen_port: 12400]
[time_out: 120]
[machine_list_filename: ]
[machines: ]
[gpu_platform_id: -1]
[gpu_device_id: -1]
[gpu_device_id_list: ]
[gpu_use_dp: 0]
[num_gpu: 1]

end of parameters

pandas_categorical:[]
