tree
version=v4
num_class=1
num_tree_per_iteration=1
label_index=0
max_feature_idx=16
objective=quantile
feature_names=ret_1d ret_5d ret_20d overnight_gap atr_pct parkinson_20 dvol_z_20 dist_ma20 dist_ma50 dist_ma200 spy_ret_1d spy_ret_5d spy_ret_20d vix_level vix_chg_1d sector_ret_1d sector_ret_5d
feature_infos=[-0.12378640889065218:0.11388647464570911] [-0.19133415644170404:0.13623190617215797] [-0.2599580991099919:0.2254226279023841] [-0.29930968653742029:0.059271785300059721] [0.01461610220397066:0.089964862479258001] [0.010465556612251403:0.058900069759313708] [-2.3187105829675496:4.14225333739126] [-0.20475795503575467:0.15842669209031612] [-0.21979986579018784:0.22086434146079315] [-0.26303897542974597:0.29885171091060392] [-0.058542971330535654:0.10501930183911301] [-0.11496151859245618:0.082843162776128354] [-0.1226559005192206:0.15756591020035837] [11.859999656677246:52.330001831054688] [-0.35753873962348437:0.74039073966007019] [-0.073180917682286184:0.075364333134955164] [-0.12187676960594984:0.078003472462632839]
tree_sizes=849 862 848 847 838 854 860 861 853 850 864 852 864 859 854 854 859 859 860 848 856 852 860 851 844 866 861 857 858 850 847 859 856

Tree=0
num_leaves=8
num_cat=0
split_feature=9 3 5 16 7 16 10
split_gain=2.54549 2.69028 2.54074 1.47709 1.17547 2.29917 1.49547
threshold=0.15976676487388555 0.0079712700550500521 0.014799770801774489 0.01645402352398562 0.0069136604682787936 0.025989834590564923 -0.0049765791871394507
decision_type=10 2 2 2 2 2 2
left_child=1 4 -2 -3 -1 6 -6
right_child=2 3 -4 -5 5 -7 -8
leaf_value=0.00078758307208772751 0.00051822839013766493 0.0012103215762181208 0.00097781073709484194 0.00089515985164325686 0.00069779964105691765 0.00065314090170431882 0.0010718927689595148
leaf_weight=316 54 71 30 43 27 40 165
leaf_count=316 54 71 30 43 27 40 165
internal_value=0.000753199 0.00179359 -0.00744609 0.00878198 0.000339802 0.00304242 0.00531433
internal_weight=746 662 84 114 548 232 192
internal_count=746 662 84 114 548 232 192
is_linear=0
shrinkage=1


Tree=1
num_leaves=8
num_cat=0
split_feature=3 4 16 1 1 4 0
split_gain=2.13844 1.78409 1.7127 2.14392 1.78773 2.0419 1.67093
threshold=0.017241160456904273 0.019168951475226282 0.025989834590564923 0.030347945601325369 0.0028052231188779868 0.032311041299826537 0.0027963918890635546
decision_type=2 2 2 2 2 2 2
left_child=1 -1 3 4 5 -3 -4
right_child=-2 2 6 -5 -6 -7 -8
leaf_value=-0.00038399759199819533 0.00029298021006979986 7.7884323691250766e-05 9.7100617131218312e-06 0.00026328550433390774 -0.00013524352849344723 -0.00043902752848225647 -0.00032727407306083479
leaf_weight=45 29 277 30 106 152 50 44
leaf_count=45 29 277 30 106 152 50 44
internal_value=-0.000375171 -0.000923295 -0.000265554 0.000641026 -0.000782881 0.00129969 -0.00743243
internal_weight=733 704 659 585 479 327 74
internal_count=733 704 659 585 479 327 74
is_linear=0
shrinkage=0.05


Tree=2
num_leaves=8
num_cat=0
split_feature=9 13 3 16 0 16 11
split_gain=2.25948 1.97806 1.51199 1.39301 1.71905 1.38906 2.95531
threshold=0.15976676487388555 16.510000228881839 0.0084610033037814131 0.015854729709802732 0.0079877116304215585 0.025989834590564923 0.02573480883905466
decision_type=10 2 2 2 2 2 2
left_child=2 -2 5 4 -4 6 -1
right_child=1 -3 3 -5 -6 -7 -8
leaf_value=2.940981576102784e-07 -0.00033030221958324545 2.5482559991360175e-05 0.00010146982140577166 -1.861554538845667e-05 0.00036458390400366628 -0.00026413693897120536 0.00021246048845205225
leaf_weight=480 47 34 30 36 40 52 26
leaf_count=480 47 34 30 36 40 52 26
internal_value=0.000167785 -0.00771605 0.00112952 0.00660377 0.0107143 8.96057e-05 0.000889328
internal_weight=745 81 664 106 70 558 506
internal_count=745 81 664 106 70 558 506
is_linear=0
shrinkage=0.05


Tree=3
num_leaves=8
num_cat=0
split_feature=9 8 3 6 16 16 8
split_gain=2.23233 1.62 1.38558 1.75922 1.5729 3.22112 3.25502
threshold=0.16126346061292277 0.084780435573959548 0.0079712700550500521 0.35005212731900592 0.025848345739153292 0.01378217465025078 0.0026092857897321857
decision_type=10 10 2 2 2 2 8
left_child=2 -2 4 -4 5 -1 -7
right_child=1 -3 3 -5 -6 6 -8
leaf_value=-2.1579821187697236e-05 -0.00041526675011737101 -3.8262041238704116e-05 0.00026645947043907656 -1.7658815945196699e-05 -0.00025569372455884151 -4.7677632582417584e-05 0.00036509109717553661
leaf_weight=412 30 45 77 34 57 34 48
leaf_count=412 30 45 77 34 57 34 48
internal_value=0.00050882 -0.00766667 0.00143505 0.00653153 0.000408348 0.00131579 0.0103659
internal_weight=737 75 662 111 551 494 82
internal_count=737 75 662 111 551 494 82
is_linear=0
shrinkage=0.05


Tree=4
num_leaves=8
num_cat=0
split_feature=9 5 16 2 6 3 0
split_gain=2.4251 2.55373 2.84436 1.85228 1.80657 1.72508 3.04209
threshold=0.066437136895302742 0.013183653947364357 -0.0078152975024938214 0.08497922082453914 0.76469933688223979 0.0085366256950026882 0.0016080510483797996
decision_type=8 2 2 2 2 2 2
left_child=3 4 -3 5 -2 6 -1
right_child=1 2 -4 -5 -6 -7 -8
leaf_value=7.3759284844400111e-05 -0.00041982658572784208 0.00023998847840890449 -6.0101858735597489e-05 0.00019550963444749868 7.1732060764461507e-05 0.00031441465644498745 -0.00018585448913649089
leaf_weight=118 89 83 281 43 34 35 60
leaf_count=118 89 83 281 43 34 35 60
internal_value=-3.36474e-05 -0.00210472 0 0.00390625 -0.00833333 0.00199531 0
internal_weight=743 487 364 256 123 213 178
internal_count=743 487 364 256 123 213 178
is_linear=0
shrinkage=0.05


Tree=5
num_leaves=8
num_cat=0
split_feature=4 11 9 16 5 3 6
split_gain=2.21415 2.37399 2.24456 2.03748 1.83483 1.64163 2.0584
threshold=0.023063583878964969 -0.00089102976467808615 0.15537974229776944 -0.00072536872470629888 0.011990056107843235 0.0033068444009805025 0.31822373319170844
decision_type=2 2 8 2 2 2 2
left_child=1 3 4 -1 -3 -2 -7
right_child=5 2 -4 -5 -6 6 -8
leaf_value=0.00016832051714560294 1.0352734025555049e-06 -0.00032796966685367536 -0.0004486764508034348 -0.00034331447798340649 -4.1459220575898147e-06 0.00027457587494829295 -7.1708634108872952e-05
leaf_weight=58 306 35 43 31 99 108 52
leaf_count=58 306 35 43 31 99 108 52
internal_value=6.8306e-05 -0.00357143 -0.0069209 0.00308989 -0.00373134 0.00214592 0.00625
internal_weight=732 266 177 89 134 466 160
internal_count=732 266 177 89 134 466 160
is_linear=0
shrinkage=0.05


Tree=6
num_leaves=8
num_cat=0
split_feature=0 3 9 10 14 7 16
split_gain=1.52883 2.4587 1.66865 2.02039 2.5036 2.03649 1.56962
threshold=0.0020841756795600967 0.0044069357217355618 -0.037464978888125215 0.0047289362595872584 -0.0026760061162229838 -0.014044022238895058 0.006009244572122375
decision_type=2 2 8 2 2 2 2
left_child=1 2 -1 4 -4 -6 -7
right_child=-2 -3 3 -5 5 6 -8
leaf_value=0.00018592497074610507 -5.3381845383068002e-05 0.00026748852966682182 -0.00030185466974647134 0.0001224497287378978 -0.00025135703635482503 0.00025906225684231099 -3.0544187616009687e-05
leaf_weight=48 345 63 72 51 72 44 49
leaf_count=48 345 63 72 51 72 44 49
internal_value=0.000336022 0.00244361 0.000744048 -0.000694444 -0.00263713 0.000757576 0.00564516
internal_weight=744 399 336 288 237 165 93
internal_count=744 399 336 288 237 165 93
is_linear=0
shrinkage=0.05


Tree=7
num_leaves=8
num_cat=0
split_feature=5 10 9 8 8 6 10
split_gain=1.99107 2.11038 1.52605 2.24711 2.10342 1.89844 1.80898
threshold=0.012480999359920473 -0.0041401831937402647 0.095255273285441713 0.11301417804199311 0.087905807857223253 -0.45236467850409762 0.0091813381816910917
decision_type=2 2 8 10 10 2 2
left_child=1 -1 6 4 5 -4 -2
right_child=2 -3 3 -5 -6 -7 -8
leaf_value=7.8119367861423819e-05 2.2211336861154837e-05 -0.00029520315670885245 0.00013001293250858621 -0.00016731961647871213 0.0002346969631949485 -0.00020029037764836776 0.00024689713604696622
leaf_weight=25 246 87 91 39 40 160 52
leaf_count=25 246 87 91 39 40 160 52
internal_value=0.000337838 -0.00580357 0.00143312 -0.000909091 0.000601375 -0.00109562 0.00402685
internal_weight=740 112 628 330 291 251 298
internal_count=740 112 628 330 291 251 298
is_linear=0
shrinkage=0.05


Tree=8
num_leaves=8
num_cat=0
split_feature=9 10 2 6 10 6 10
split_gain=1.56898 2.51761 1.9531 2.03836 2.11005 1.86474 1.84039
threshold=0.066437136895302742 0.010824112764753148 0.024573341582494804 -0.62760906676212069 0.0082831266767603457 -0.70609995882523935 0.00063379839939814453
decision_type=8 2 2 2 2 2 2
left_child=2 -2 3 6 -5 -4 -1
right_child=1 -3 5 4 -6 -7 -8
leaf_value=0.00026553738991914286 -1.1171679234662957e-05 -0.00028480864720224427 -3.0127545078266944e-05 -0.00018715495396569586 0.00022080944387120849 0.000314289739187945 -2.5811010010255422e-05
leaf_weight=25 463 36 25 104 29 53 26
leaf_count=25 463 36 25 104 29 53 26
internal_value=0.000492773 -0.0011523 0.00362595 0.000815217 -0.00244361 0.0102564 0.00931373
internal_weight=761 499 262 184 133 78 51
internal_count=761 499 262 184 133 78 51
is_linear=0
shrinkage=0.05


Tree=9
num_leaves=8
num_cat=0
split_feature=0 9 11 13 16 3 13
split_gain=1.55298 2.17174 1.74835 1.43982 1.95268 1.40685 1.48209
threshold=0.0020841756795600967 0.15976676487388555 0.0057915448439024306 17.090000152587894 0.0010894144832755972 0.0057012217934176998 16.550000190734867
decision_type=2 10 2 2 2 2 2
left_child=5 2 3 4 -2 6 -1
right_child=1 -3 -4 -5 -6 -7 -8
leaf_value=-4.1605531415799283e-05 0.00039714760185996062 -0.00037499793985433109 -7.1968003236678381e-05 -4.8300812776300514e-06 7.9878312264570155e-05 0.00021776514640283788 8.20309333538844e-05
leaf_weight=164 28 40 171 64 32 47 192
leaf_count=164 28 40 171 64 32 47 192
internal_value=0.000948509 -0.00156716 -8.47458e-05 0.00443548 0.01 0.0030397 0.00196629
internal_weight=738 335 295 124 60 403 356
internal_count=738 335 295 124 60 403 356
is_linear=0
shrinkage=0.05


Tree=10
num_leaves=8
num_cat=0
split_feature=9 10 10 5 16 11 16
split_gain=1.49821 2.44606 2.15085 2.37609 2.62418 1.86643 1.98286
threshold=0.066437136895302742 0.010824112764753148 -0.0089994587968861266 0.012451177239056361 0.022142751770989014 0.016138382759851803 -0.0078152975024938214
decision_type=8 2 2 2 2 2 2
left_child=-1 2 -2 -4 5 6 -5
right_child=1 -3 3 4 -6 -7 -8
leaf_value=4.8927202098625881e-05 -0.00033756371653431141 -0.0003155144272475129 -0.00027298962511357143 0.00027611025737357036 -0.00012636350176835719 0.00034721032004659218 1.3983772458649173e-05
leaf_weight=263 42 38 68 64 68 37 168
leaf_count=263 42 38 68 64 68 37 168
internal_value=0.000668449 -0.000979381 5.59284e-05 0.00117284 0.00289318 0.00511152 0.00344828
internal_weight=748 485 447 405 337 269 232
internal_count=748 485 447 405 337 269 232
is_linear=0
shrinkage=0.05


Tree=11
num_leaves=8
num_cat=0
split_feature=9 4 8 4 6 5 16
split_gain=1.85689 2.02719 1.74637 2.24491 1.94257 1.92628 1.58288
threshold=0.066437136895302742 0.023753326676430691 0.09996811169277188 0.022577128003227188 0.76469933688223979 0.01323541511908796 0.022142751770989014
decision_type=8 2 10 2 2 2 2
left_child=-1 2 3 4 5 -2 -3
right_child=1 6 -4 -5 -6 -7 -8
leaf_value=4.8352375519649305e-05 -0.00027633546802714992 0.00010039910534390562 -0.00028109042489350542 -0.00039278761262967531 0.00021482920173253656 6.2203753895196488e-05 -0.00011470278161342493
leaf_weight=261 77 203 29 43 29 51 53
leaf_count=261 77 203 29 43 29 51 53
internal_value=0.000335121 -0.00149485 -0.00491266 -0.00325 -0.000477707 -0.003125 0.0015625
internal_weight=746 485 229 200 157 128 256
internal_count=746 485 229 200 157 128 256
is_linear=0
shrinkage=0.05


Tree=12
num_leaves=8
num_cat=0
split_feature=11 6 10 10 0 5 1
split_gain=1.68419 2.29827 1.84253 1.82461 1.66774 2.33684 2.32769
threshold=-0.00737805067741537 0.27377098783789294 -0.002449885434601728 -0.0089994587968861266 0.0035902526177924447 0.012427358390845793 0.036480280538422456
decision_type=2 2 2 2 2 2 2
left_child=1 -1 -3 -2 6 -6 -5
right_child=3 2 -4 4 5 -7 -8
leaf_value=0.00022315030726832586 -0.00040442847085054201 0.00013662753200508531 -0.00041826055811368054 3.9571882859181733e-06 -0.00024858201224948893 -1.8773638723355576e-05 0.00012005525525941074
leaf_weight=104 29 43 25 228 29 217 51
leaf_count=104 29 43 25 228 29 217 51
internal_value=0.000619835 0.00494186 -0.00220588 -0.000722022 -4.7619e-05 -0.00304878 0.00259857
internal_weight=726 172 68 554 525 246 279
internal_count=726 172 68 554 525 246 279
is_linear=0
shrinkage=0.05


Tree=13
num_leaves=8
num_cat=0
split_feature=0 0 5 16 12 2 10
split_gain=1.0037 2.2141 2.03478 1.79184 1.3885 1.97979 1.55572
threshold=0.0020841756795600967 0.013389868043149013 0.012530732775624462 0.022255248049453117 -0.049048436065559579 -0.053658863779499959 -0.0031077430109253119
decision_type=2 2 2 2 2 2 2
left_child=4 2 -2 -3 -1 6 -6
right_child=1 3 -4 -5 5 -7 -8
leaf_value=0.00027582022035429381 -0.00031913001208471744 0.00016682490401511991 -3.5761436726843341e-05 -0.00027508006698736225 -0.00030146241722704833 5.8895706786140761e-05 9.4814393951590121e-06
leaf_weight=26 27 104 169 37 42 283 54
leaf_count=26 27 104 169 37 42 283 54
internal_value=0.000606469 -0.0014095 -0.00484694 0.00336879 0.00228395 0.00151715 -0.0046875
internal_weight=742 337 196 141 405 379 96
internal_count=742 337 196 141 405 379 96
is_linear=0
shrinkage=0.05


Tree=14
num_leaves=8
num_cat=0
split_feature=1 1 8 16 6 7 6
split_gain=1.56961 2.30616 1.79662 3.1351 1.78023 1.47302 1.35557
threshold=0.056973809277371286 0.030347945601325369 0.065650690999644837 -0.0011183143608237687 0.12766311593638727 -0.012850865412007527 1.0178318972446687
decision_type=2 2 8 2 2 2 2
left_child=1 2 5 4 -4 6 -1
right_child=-2 -3 3 -5 -6 -7 -8
leaf_value=-8.2056854806648955e-05 -0.00013740186020139091 0.00016663169560655585 0.00012809961332004355 -0.00035575149444483752 -0.00056734251249136117 7.3332752147901479e-05 0.00015712620983695058
leaf_weight=179 56 122 29 52 25 213 48
leaf_count=179 56 122 29 52 25 213 48
internal_value=0.00089779 0.00157186 0.00018315 -0.00566038 0.00277778 0.00159091 -0.00121145
internal_weight=724 668 546 106 54 440 227
internal_count=724 668 546 106 54 440 227
is_linear=0
shrinkage=0.05


Tree=15
num_leaves=8
num_cat=0
split_feature=16 1 7 5 2 1 9
split_gain=1.18443 1.80443 1.79043 2.14002 1.90741 1.89038 1.46424
threshold=-0.010131017483293201 -0.081659309307595226 0.032580415197346675 0.011946064889219633 0.096412502546293979 0.037390051717402069 0.065564144772473978
decision_type=2 2 2 2 2 2 8
left_child=1 -1 3 -2 5 -4 -6
right_child=2 -3 4 -5 6 -7 -8
leaf_value=-0.00043163425752135203 -0.00036431465211078727 8.1232121728240902e-05 0.00029972772904738611 -1.661060274635133e-05 0.00019704448132888965 9.9243487516189214e-05 -9.9601737092685225e-05
leaf_weight=26 33 157 25 319 31 56 85
leaf_count=26 33 157 25 319 31 56 85
internal_value=0.00102459 0.0045082 -0.000136612 -0.00227273 0.0036802 0.0095679 -0.000431034
internal_weight=732 183 549 352 197 81 116
internal_count=732 183 549 352 197 81 116
is_linear=0
shrinkage=0.05


Tree=16
num_leaves=8
num_cat=0
split_feature=4 0 3 16 0 10 1
split_gain=1.38969 1.61683 1.26856 2.26284 2.17168 2.23867 1.7312
threshold=0.019615338055127298 1.0000000180025095e-35 0.0028436267353406657 0.025848345739153292 -0.011610600890146703 -0.0019995702881753781 0.032030068505133243
decision_type=2 2 2 2 2 2 2
left_child=1 -1 3 6 -4 -6 -2
right_child=2 -3 4 -5 5 -7 -8
leaf_value=7.3965144845017119e-06 -7.093547678708318e-06 -0.00038259898221368788 0.0003390014198702594 -0.00016875072560193973 -0.00023896024353530838 8.3925095609503733e-05 0.00025859558982334433
leaf_weight=33 329 27 30 51 50 182 49
leaf_count=33 329 27 30 51 50 182 49
internal_value=0.00063249 -0.00666667 0.00126628 -0.000407925 0.00400763 0.00237069 0.000925926
internal_weight=751 60 691 429 262 232 378
internal_count=751 60 691 429 262 232 378
is_linear=0
shrinkage=0.05


Tree=17
num_leaves=8
num_cat=0
split_feature=4 9 3 5 10 10 2
split_gain=1.25868 2.02741 1.83776 1.6228 1.83518 3.2216 2.4784
threshold=0.023475602593020995 0.1620833487906447 0.0040758296803816716 0.014239334913852023 -0.0042976015384410529 -0.0021666724277842882 0.019035304209688356
decision_type=2 8 2 2 2 2 2
left_child=1 3 -2 4 -1 -6 -7
right_child=2 -3 -4 -5 5 6 -8
leaf_value=0.00028639058224054611 -4.5566765278123156e-06 -0.00029039207537174313 0.00016722062409050547 -0.0002003776916906017 -0.00050938701582268575 -0.00023443634525904391 0.00018167525569535897
leaf_weight=35 307 76 133 26 25 43 99
leaf_count=35 307 76 133 26 25 43 99
internal_value=0.000336022 -0.00213816 0.00204545 0.000219298 0.00173267 -0.000449102 0.00246479
internal_weight=744 304 440 228 202 167 142
internal_count=744 304 440 228 202 167 142
is_linear=0
shrinkage=0.05


Tree=18
num_leaves=8
num_cat=0
split_feature=9 1 9 13 14 14 11
split_gain=1.4329 1.40467 1.3879 1.37062 1.10552 1.84074 1.55542
threshold=0.022172355976006756 -0.038128663131678779 -0.0056022313181514063 19.23499965667725 -0.053534792570075034 -0.042837654521053752 -0.0024629970759243443
decision_type=8 2 10 2 2 2 2
left_child=1 -1 3 -3 -2 -6 -7
right_child=4 2 -4 -5 5 6 -8
leaf_value=-5.4835998783549918e-05 -0.00012424680834855506 -7.2481679937189782e-06 0.00047163186683970453 0.00021846564927483652 0.00026754480110587883 7.8874382213314889e-05 -6.4428610018892266e-05
leaf_weight=38 101 49 26 45 28 157 306
leaf_count=38 101 49 26 45 28 157 306
internal_value=0.0002 0.00443038 0.00708333 0.00425532 -0.000929054 5.09165e-05 -0.000701944
internal_weight=750 158 120 94 592 491 463
internal_count=750 158 120 94 592 491 463
is_linear=0
shrinkage=0.05


Tree=19
num_leaves=8
num_cat=0
split_feature=5 4 11 16 1 4 5
split_gain=1.13103 1.69171 1.10285 1.50276 1.70113 2.38869 1.50569
threshold=0.024928270119901935 0.03362789873651479 0.029305093404121577 0.022255248049453117 0.030347945601325369 0.023475602593020995 0.014759531493199845
decision_type=2 2 2 2 2 2 2
left_child=1 2 3 4 -1 -6 -5
right_child=-2 -3 -4 6 5 -7 -8
leaf_value=8.3792361735895561e-06 0.00015224667789155453 -0.00040258611303401566 0.00014775818846755442 4.1801072131883909e-06 2.251873433252207e-05 0.00032001290086143764 -0.00034712544017565433
leaf_weight=444 48 44 48 32 52 35 38
leaf_count=444 48 44 48 32 52 35 38
internal_value=0.000910931 0.000396825 0.00104006 0.000457571 0.00136535 0.00775862 -0.00642857
internal_weight=741 693 649 601 531 87 70
internal_count=741 693 649 601 531 87 70
is_linear=0
shrinkage=0.05


Tree=20
num_leaves=8
num_cat=0
split_feature=0 3 0 5 5 13 1
split_gain=1.20961 2.07906 1.83945 1.68213 1.44595 1.35555 1.34454
threshold=0.0035902526177924447 0.0057012217934176998 0.014883242696856149 0.012809549477778728 0.016613086260269718 17.204999923706058 0.040035752553935884
decision_type=2 2 2 2 2 2 2
left_child=1 6 3 -2 5 -5 -1
right_child=2 -3 -4 4 -6 -7 -8
leaf_value=-1.7482753265439989e-05 -0.00018458009443772085 0.00019892785780467769 3.8520582530626794e-05 0.00013866773940785326 -0.0003721013993295209 -0.00011036907406651629 0.00010231283918505038
leaf_weight=337 33 56 129 65 48 28 43
leaf_count=337 33 56 129 65 48 28 43
internal_value=3.38295e-05 0.00172018 -0.00239274 -0.00574713 -0.00336879 0.000268817 0.000394737
internal_weight=739 436 303 174 141 93 380
internal_count=739 436 303 174 141 93 380
is_linear=0
shrinkage=0.05


Tree=21
num_leaves=8
num_cat=0
split_feature=1 1 11 1 13 13 11
split_gain=1.55502 1.70552 2.71311 1.88202 1.61304 2.01296 1.60364
threshold=0.0028052231188779868 0.030347945601325369 0.0069117178035681412 0.055677595171916623 20.500000000000004 13.484999656677248 0.026483501755781628
decision_type=2 2 2 2 2 2 2
left_child=-1 4 -3 6 5 -2 -4
right_child=1 2 3 -5 -6 -7 -8
leaf_value=3.4893009392916891e-05 5.6169664636314095e-05 0.00013914612224669382 -9.3931681043268891e-06 -0.00022723722941785421 0.00011711441908374627 -0.00021982883559486409 0.00027842586436716753
leaf_weight=371 30 57 55 47 27 134 25
leaf_count=371 30 57 55 47 27 134 25
internal_value=0.000737265 -0.00153333 0.00190217 -0.00216535 -0.00484293 -0.00670732 0.0025
internal_weight=746 375 184 127 191 164 80
internal_count=746 375 184 127 191 164 80
is_linear=0
shrinkage=0.05


Tree=22
num_leaves=8
num_cat=0
split_feature=9 10 14 1 8 15 5
split_gain=1.56094 1.22676 1.65175 2.65429 1.79339 1.34736 1.14556
threshold=0.14918171213410039 0.0077210004774342931 -0.018674174310541299 -0.013390330184397168 0.024386574366199846 0.0058464024192421702 0.025095140454640553
decision_type=8 2 2 2 10 2 2
left_child=1 2 3 -1 -5 -4 -2
right_child=6 -3 5 4 -6 -7 -8
leaf_value=-0.00049466175675845091 -0.00011217726112743503 8.8245687652105349e-05 4.6800605985450051e-05 -0.00011435528759506629 0.00025170739130651675 -0.00031230909873863227 0.0001786973989564744
leaf_weight=27 238 90 255 48 28 28 26
leaf_count=27 238 90 255 48 28 28 26
internal_value=0.000810811 0.00252101 0.00129534 -0.00412621 0.000657895 0.00326855 -0.00227273
internal_weight=740 476 386 103 76 283 264
internal_count=740 476 386 103 76 283 264
is_linear=0
shrinkage=0.05


Tree=23
num_leaves=8
num_cat=0
split_feature=3 4 10 10 6 14 10
split_gain=1.03519 2.00047 2.6903 2.73946 1.74046 2.00032 1.96496
threshold=0.0045728795705595191 0.023908951207728863 0.0077210004774342931 -0.0019060348460245289 0.36008307055517219 -0.021011062487688355 0.0079905561282167543
decision_type=2 2 2 2 2 2 2
left_child=-1 2 3 -2 5 6 -3
right_child=1 4 -4 -5 -6 -7 -8
leaf_value=-3.5187592141596218e-07 -0.00035073963119736367 -5.6015634082287326e-05 -0.00023603388065224164 0.00018682383394735049 -5.6519477496187527e-05 0.00042533420348666743 0.00020151879782481265
leaf_weight=520 25 25 31 42 36 40 28
leaf_count=520 25 25 31 42 36 40 28
internal_value=0.00103748 0.00385463 -0.00153061 0.00410448 0.00794574 0.0115591 0.00518868
internal_weight=747 227 98 67 129 93 53
internal_count=747 227 98 67 129 93 53
is_linear=0
shrinkage=0.05


Tree=24
num_leaves=8
num_cat=0
split_feature=16 1 4 3 0 1 7
split_gain=0.967742 1.77257 2.31137 1.6172 1.80113 1.51751 2.13954
threshold=0.022255248049453117 0.030347945601325369 0.023475602593020995 -0.0036526846919333051 0.010095991602471656 0.0028052231188779868 0.026846275722237859
decision_type=2 2 2 2 2 2 2
left_child=1 5 -3 -2 -5 6 -1
right_child=3 2 -4 4 -6 -7 -8
leaf_value=1.4582735106765158e-05 -0.0001888084669388346 7.9077731744349923e-06 0.00035112335545616364 7.9071477180989711e-05 -0.00013334849098389702 -6.2625877090934188e-05 0.00022176615286174234
leaf_weight=337 30 56 45 49 45 155 27
leaf_count=337 30 56 45 49 45 155 27
internal_value=0.000806452 0.0016129 0.00767327 -0.00322581 0 0.000433526 0.0021978
internal_weight=744 620 101 124 94 519 364
internal_count=744 620 101 124 94 519 364
is_linear=0
shrinkage=0.05


Tree=25
num_leaves=8
num_cat=0
split_feature=9 9 3 0 10 16 0
split_gain=1.60143 1.95157 2.13068 1.86098 1.82264 2.06012 2.19793
threshold=0.066437136895302742 0.048061183421092231 0.0082711523435429219 0.0020841756795600967 0.010824112764753148 -0.0078152975024938214 -0.017677330881013639
decision_type=8 10 2 2 2 2 2
left_child=1 2 3 -1 5 6 -2
right_child=4 -3 -4 -5 -6 -7 -8
leaf_value=4.0795232234901928e-05 -0.00028551840890850657 0.00025703697085790767 0.00026186226177245909 -0.00014441914627279887 -0.00022681238206082984 -2.7775160663057014e-05 0.00016105927735064784
leaf_weight=125 31 44 40 51 37 336 86
leaf_count=125 31 44 40 51 37 336 86
internal_value=0.000866667 0.00403846 0.00208333 -0.000284091 -0.000816327 5.51876e-05 0.00576923
internal_weight=750 260 216 176 490 453 117
internal_count=750 260 216 176 490 453 117
is_linear=0
shrinkage=0.05


Tree=26
num_leaves=8
num_cat=0
split_feature=5 6 6 16 10 14 14
split_gain=1.76988 1.96268 1.2783 2.4026 1.65598 1.93032 1.98871
threshold=0.012480999359920473 0.76469933688223979 0.56032287205013365 -0.0078152975024938214 -0.0089994587968861266 0.047142331582309634 0.017796206966189224
decision_type=2 2 2 2 2 2 2
left_child=1 -1 3 -2 -5 6 -6
right_child=2 -3 -4 4 5 -7 -8
leaf_value=-0.00022847454916451843 0.00018354368313763304 4.7713777491514497e-05 -6.3396551874464978e-05 -0.00029218571754996479 2.383429261181423e-05 0.00017910662997373337 -0.00033220928026306441
leaf_weight=90 115 27 148 26 256 36 45
leaf_count=90 115 27 148 26 256 36 45
internal_value=0.000302826 -0.00534188 0.00135783 0.00261506 0.000619835 0.00155786 0.000249169
internal_weight=743 117 626 478 363 337 301
internal_count=743 117 626 478 363 337 301
is_linear=0
shrinkage=0.05


Tree=27
num_leaves=8
num_cat=0
split_feature=9 1 6 10 10 14 11
split_gain=1.59265 1.58626 1.38209 1.24226 2.52004 1.96455 1.95899
threshold=0.15976676487388555 0.055677595171916623 -0.28937890386364734 0.0045502623367793546 0.0035295126653435154 -0.054805799949304061 -0.0033980603845414899
decision_type=10 2 2 2 2 2 2
left_child=1 3 -2 4 6 -5 -1
right_child=2 -3 -4 5 -6 -7 -8
leaf_value=0.00015668835297792455 5.2035855741720038e-05 -0.00027071778614266503 -0.00029377672010067694 9.5242736932464728e-06 -0.00027796422453879572 0.00017675161901053638 -5.1991198942646032e-06
leaf_weight=154 26 45 54 92 32 101 241
leaf_count=154 26 45 54 92 32 101 241
internal_value=0.00104027 0.00184211 -0.005625 0.0025 0.000995316 0.00582902 0.00208861
internal_weight=745 665 80 620 427 193 395
internal_count=745 665 80 620 427 193 395
is_linear=0
shrinkage=0.05


Tree=28
num_leaves=8
num_cat=0
split_feature=3 6 7 14 14 14 12
split_gain=1.22466 1.72403 1.4075 1.39984 1.90965 1.9559 1.44056
threshold=0.0084610033037814131 0.31822373319170844 0.016136178270280247 -0.054330610723124943 -0.037220785866969024 -0.015515001009757 -0.0045413562786246189
decision_type=2 2 2 2 2 2 2
left_child=3 2 -2 -1 -5 -6 -7
right_child=1 -3 -4 4 5 6 -8
leaf_value=-9.0714143420543073e-05 0.0002186420521384905 -3.2972575291286833e-05 4.7051393593765301e-06 0.00021523022515907822 -9.4165027597718223e-05 -0.00016545625744689179 3.3363754587718542e-05
leaf_weight=92 46 41 32 45 102 91 303
leaf_count=92 46 41 32 45 102 91 303
internal_value=0.000598404 0.0052521 0.00961538 -0.000276461 0.000693161 -0.000201613 0.00139594
internal_weight=752 119 78 633 541 496 394
internal_count=752 119 78 633 541 496 394
is_linear=0
shrinkage=0.05


Tree=29
num_leaves=8
num_cat=0
split_feature=9 5 14 1 4 13 9
split_gain=1.1713 1.69305 1.69246 1.78571 1.60719 1.96151 1.70537
threshold=0.023762318435118338 0.016613086260269718 -0.027760594315615391 0.01479381281319936 0.023322263440938743 13.869999885559084 0.0636274928157088
decision_type=8 2 2 2 2 2 8
left_child=2 4 3 -1 -2 -6 -7
right_child=1 -3 -4 -5 5 6 -8
leaf_value=-0.00026186780796872084 -2.1430027489179393e-05 -0.00010375127115385946 0.00018404630351626672 0.00011803616493293755 0.00037573628589508728 0.00021177698359071194 4.4698823914077044e-06
leaf_weight=28 240 151 92 28 27 28 136
leaf_count=28 240 151 92 28 27 28 136
internal_value=0.00109589 8.59107e-05 0.00506757 -0.00178571 0.00168213 0.00510471 0.00304878
internal_weight=730 582 148 56 431 191 164
internal_count=730 582 148 56 431 191 164
is_linear=0
shrinkage=0.05


Tree=30
num_leaves=8
num_cat=0
split_feature=0 6 3 6 0 6 2
split_gain=1.23621 2.61905 1.51724 1.29518 1.22074 1.90222 1.30972
threshold=-0.010433660146702438 -0.28937890386364734 -0.0028062348982655911 0.40944549762796084 0.021777329369741198 0.21547879580635229 0.082977906606075638
decision_type=2 2 2 2 2 2 2
left_child=1 -1 3 -3 6 -6 -2
right_child=4 2 -4 -5 5 -7 -8
leaf_value=0.00035948953770244995 4.918683659233306e-06 -0.00027257126368864713 0.00012730034048210223 6.2984522640973448e-06 0.00024912301401449754 -2.5811527448156742e-05 -6.1019295685172696e-05
leaf_weight=60 381 26 47 32 34 31 126
leaf_count=60 381 26 47 32 34 31 126
internal_value=0.00118725 0.005 0.000238095 -0.00517241 8.74126e-05 0.00653846 -0.000739645
internal_weight=737 165 105 58 572 65 507
internal_count=737 165 105 58 572 65 507
is_linear=0
shrinkage=0.05


Tree=31
num_leaves=8
num_cat=0
split_feature=12 6 6 13 13 1 10
split_gain=1.55916 1.26514 1.78341 1.50622 1.82336 2.3856 1.43396
threshold=-0.049048436065559579 -0.20719489996431331 -1.1994572479000869 14.434999942779543 16.469999313354496 0.036480280538422456 -0.0086987636486000035
decision_type=2 2 2 2 2 2 2
left_child=-1 2 -2 -3 -5 6 -6
right_child=1 3 -4 4 5 -7 -8
leaf_value=0.00018431147598076261 -0.00012720903048096851 3.3636607182958637e-05 3.6145751786255306e-05 -0.00026000464045403468 -0.00026061594293140224 0.00024160929049902932 -1.3892898034145621e-05
leaf_weight=42 50 83 296 96 33 25 106
leaf_count=42 50 83 296 96 33 25 106
internal_value=0.000170999 -0.000399129 0.0017341 -0.00255102 -0.00442308 -0.00121951 -0.00377698
internal_weight=731 689 346 343 260 164 139
internal_count=731 689 346 343 260 164 139
is_linear=0
shrinkage=0.05


Tree=32
num_leaves=8
num_cat=0
split_feature=3 16 11 11 13 9 0
split_gain=1.22981 1.44831 2.15177 1.88442 2.16684 1.9453 1.38065
threshold=-0.0034370913362058437 0.023726711464747922 0.014627027210111112 -0.0026220497317853693 22.270000457763675 0.048829894894502963 -0.01299055127489984
decision_type=2 2 2 2 2 8 2
left_child=1 2 3 4 -1 -5 -2
right_child=6 -3 -4 5 -6 -7 -8
leaf_value=0.00011490478552902587 0.00024894836798041597 -0.00029967683393142827 0.0001811229682537198 8.1714132604252381e-06 -0.00038164582712402851 -0.00046751471469859543 1.2776017628445334e-05
leaf_weight=75 59 28 28 28 27 45 462
leaf_count=75 59 28 28 28 27 45 462
internal_value=0.00119681 -0.00183983 -0.000369458 -0.00242857 0.00196078 -0.00856164 0.00254319
internal_weight=752 231 203 175 102 73 521
internal_count=752 231 203 175 102 73 521
is_linear=0
shrinkage=0.05


end of trees

feature_importances:
spy_ret_1d=24
sector_ret_5d=23
dist_ma200=22
ret_5d=20
dvol_z_20=20
ret_1d=18
overnight_gap=17
parkinson_20=17
atr_pct=12
spy_ret_5d=12
vix_chg_1d=12
vix_level=11
dist_ma50=7
ret_20d=6
dist_ma20=6
spy_ret_20d=3
sector_ret_1d=1

parameters:
[boosting: gbdt]
[objective: quantile]
[metric: quantile]
[tree_learner: serial]
[device_type: cpu]
[data_sample_strategy: bagging]
[data: ]
[valid: ]
[num_iterations: 80]
[learning_rate: 0.05]
[num_leaves: 8]
[num_threads: 1]
[seed: 0]
[deterministic: 0]
[force_col_wise: 1]
[force_row_wise: 0]
[histogram_pool_size: -1]
[max_depth: -1]
[min_data_in_leaf: 25]
[min_sum_hessian_in_leaf: 0.001]
[bagging_fraction: 0.9]
[pos_bagging_fraction: 1]
[neg_bagging_fraction: 1]
[bagging_freq: 1]
[bagging_seed: 3]
[bagging_by_query: 0]
[feature_fraction: 0.9]
[feature_fraction_bynode: 1]
[feature_fraction_seed: 2]
[extra_trees: 0]
[extra_seed: 6]
[early_stopping_round: 0]
[early_stopping_min_delta: 0]
[first_metric_only: 0]
[max_delta_step: 0]
[lambda_l1: 0]
[lambda_l2: 0]
[linear_lambda: 0]
[min_gain_to_split: 0]
[drop_rate: 0.1]
[max_drop: 50]
[skip_drop: 0.5]
[xgboost_dart_mode: 0]
[uniform_drop: 0]
[drop_seed: 4]
[top_rate: 0.2]
[other_rate: 0.1]
[min_data_per_group: 100]
[max_cat_threshold: 32]
[cat_l2: 10]
[cat_smooth: 10]
[max_cat_to_onehot: 4]
[top_k: 20]
[monotone_constraints: ]
[monotone_constraints_method: basic]
[monotone_penalty: 0]
[feature_contri: ]
[forcedsplits_filename: ]
[refit_decay_rate: 0.9]
[cegb_tradeoff: 1]
[cegb_penalty_split: 0]
[cegb_penalty_feature_lazy: ]
[cegb_penalty_feature_coupled: ]
[path_smooth: 0]
[interaction_constraints: ]
[verbosity: -1]
[saved_feature_importance_type: 0]
[use_quantized_grad: 0]
[num_grad_quant_bins: 4]
[quant_train_renew_leaf: 0]
[stochastic_rounding: 1]
[linear_tree: 0]
[max_bin: 255]
[max_bin_by_feature: ]
[min_data_in_bin: 3]
[bin_construct_sample_cnt: 200000]
[data_random_seed: 1]
[is_enable_sparse: 1]
[enable_bundle: 1]
[use_missing: 1]
[zero_as_missing: 0]
[feature_pre_filter: 1]
[pre_partition: 0]
[two_round: 0]
[header: 0]
[label_column: ]
[weight_column: ]
[group_column: ]
[ignore_column: ]
[categorical_feature: ]
[forcedbins_filename: ]
[precise_float_parser: 0]
[parser_config_file: ]
[objective_seed: 5]
[num_class: 1]
[is_unbalance: 0]
[scale_pos_weight: 1]
[sigmoid: 1]
[boost_from_average: 1]
[reg_sqrt: 0]
[alpha: 0.5]
[fair_c: 1]
[poisson_max_delta_step: 0.7]
[tweedie_variance_power: 1.5]
[lambdarank_truncation_level: 30]
[lambdarank_norm: 1]
[label_gain: ]
[lambdarank_position_bias_regularization: 0]
[eval_at: ]
[multi_error_top_k: 1]
[auc_mu_weights: ]
[num_machines: 1]
[local_listen_port: 12400]
[time_out: 120]
[machine_list_filename: ]
[machines: ]
[gpu_platform_id: -1]
[gpu_device_id: -1]
[gpu_device_id_list: ]
[gpu_use_dp: 0]
[num_gpu: 1]

end of parameters

pandas_categorical:[]
