tree
version=v4
num_class=1
num_tree_per_iteration=1
label_index=0
max_feature_idx=16
objective=quantile
feature_names=ret_1d ret_5d ret_20d overnight_gap atr_pct parkinson_20 dvol_z_20 dist_ma20 dist_ma50 dist_ma200 spy_ret_1d spy_ret_5d spy_ret_20d vix_level vix_chg_1d sector_ret_1d sector_ret_5d
feature_infos=[-0.10044308526937995:0.089114648093908233] [-0.22453306995298417:0.15828989508586311] [-0.32131820225061647:0.23149307889094484] [-0.063269319606182761:0.07060749731018956] [0.012435747495803241:0.07657011429886075] [0.0087502962063594411:0.033720275315345015] [-1.9325428661661903:4.2647062766373605] [-0.2469948176634118:0.16278476164480882] [-0.28867798377480436:0.27995170530422486] [-0.20841081787883653:0.29281030621975312] [-0.058542971330535654:0.10501930183911301] [-0.11496151859245618:0.082843162776128354] [-0.1226559005192206:0.15756591020035837] [11.859999656677246:52.330001831054688] [-0.35753873962348437:0.74039073966007019] [-0.073180917682286184:0.075364333134955164] [-0.12187676960594984:0.078003472462632839]
tree_sizes=820 857 867 861 858 857 853 855 867 865 858 863 874 857 864 865

Tree=0
num_leaves=8
num_cat=0
split_feature=6 5 13 15 10 13 12
split_gain=1.51304 1.2023 0.962406 0.995145 0.887454 1.06813 0.997253
threshold=0.080759181429568269 0.012289966488228811 20.375000000000004 0.0003879222707203756 -0.0029742003737800999 14.494999885559084 0.0048491257127185614
decision_type=2 2 2 2 2 2 2
left_child=2 -2 -1 -4 -3 -6 -7
right_child=1 4 3 -5 5 6 -8
leaf_value=0.020208451692465303 0.020261656834571651 0.020412711761365342 0.020828692368038214 0.020366594068475852 0.021680969894075419 0.021283516089720768 0.020228247210342342
leaf_weight=405 78 67 34 36 39 39 52
leaf_count=405 78 67 34 36 39 39 52
internal_value=0.020285 0.0232365 0.0185762 0.0239898 0.0253168 0.027726 0.024759
internal_weight=750 275 475 70 197 130 91
internal_count=750 275 475 70 197 130 91
is_linear=0
shrinkage=1


Tree=1
num_leaves=8
num_cat=0
split_feature=11 12 5 1 1 13 9
split_gain=1.02228 1.76841 0.66672 0.989899 0.36744 0.715272 0.458226
threshold=-0.023324981642921735 -0.027486551032664949 0.019864238000295253 -0.0031509212104255942 0.018873163069694002 13.305000305175783 0.20505416709158877
decision_type=2 2 2 2 2 2 8
left_child=1 -1 4 -4 -2 -6 -7
right_child=2 -3 3 -5 5 6 -8
leaf_value=0.00036675635054502089 -0.00021654971869836202 -6.9508342156848657e-05 0.0019354934483278973 -1.5158708246443277e-05 0.0012898139916974638 -0.00024386970265570979 0.00014892011306007777
leaf_weight=31 383 27 33 66 27 136 31
leaf_count=31 383 27 33 66 27 136 31
internal_value=-0.000163489 0.0062069 -0.00071006 0.00308081 -0.00136049 0.00041237 -0.000808384
internal_weight=734 58 676 99 577 194 167
internal_count=734 58 676 99 577 194 167
is_linear=0
shrinkage=0.05


Tree=2
num_leaves=8
num_cat=0
split_feature=1 9 9 5 6 12 12
split_gain=1.74656 0.866308 0.652606 0.628136 0.502735 0.775637 0.524969
threshold=-0.070311565482125124 0.031184596908955701 0.0086099424562634547 0.015078864462557802 -0.21845484050639039 -0.016903988497052599 0.024727553990246513
decision_type=2 8 10 2 2 2 2
left_child=-1 2 3 -2 -3 -6 -7
right_child=1 4 -4 -5 5 6 -8
leaf_value=0.0012093594722319373 -8.0128936740321978e-05 -0.00021963061293502241 0.00019073446493125275 0.00045134566177339571 0.00028494499187496218 -0.000405505544634357 6.9839980353076395e-05
leaf_weight=25 79 296 42 48 32 113 114
leaf_count=25 79 296 42 48 32 113 114
internal_value=6.67438e-06 -0.00044199 0.00269231 0.000905511 -0.0013964 0.000212354 -0.000814979
internal_weight=749 724 169 127 555 259 227
internal_count=749 724 169 127 555 259 227
is_linear=0
shrinkage=0.05


Tree=3
num_leaves=8
num_cat=0
split_feature=1 6 11 7 11 9 13
split_gain=1.24341 0.785417 1.42269 0.855003 0.520658 0.340336 0.577118
threshold=-0.070311565482125124 0.087135691848220495 0.016138382759851803 0.03140446414711507 -0.023324981642921735 0.0076135240196093532 16.819999694824222
decision_type=2 2 2 2 2 8 2
left_child=-1 4 5 -4 -2 -3 -7
right_child=1 2 3 -5 -6 6 -8
leaf_value=0.0011404592044411024 0.00017497071826967154 -0.0003934539923136774 0.00039465213162031572 0.0010867909850035265 -0.00017443534308279093 -8.5941726170860811e-05 0.00024857954741244466
leaf_weight=26 25 36 29 32 427 101 67
leaf_count=26 25 36 29 32 427 101 67
internal_value=-0.000356663 -0.000746166 0.00141509 0.00811475 -0.00201328 -0.000588236 0.000357142
internal_weight=743 717 265 61 452 204 168
internal_count=743 717 265 61 452 204 168
is_linear=0
shrinkage=0.05


Tree=4
num_leaves=8
num_cat=0
split_feature=7 9 9 5 1 1 14
split_gain=1.3535 0.713622 0.546156 0.521853 0.642663 0.925231 0.506849
threshold=-0.081086331819882715 0.031184596908955701 0.057708280457443813 0.01241373449441604 0.020940038012302823 -0.0017560131174703673 0.0053913947730825926
decision_type=2 8 8 2 2 2 2
left_child=-1 3 -3 6 5 -5 -2
right_child=1 2 -4 4 -6 -7 -8
leaf_value=0.0015735552243569509 -0.00027401345210543098 -0.00041141378043459505 -7.1643172033069124e-05 4.0937062191273078e-05 -0.00028132965311151672 0.00047369639500125025 0.00019306898643577336
leaf_weight=34 37 88 453 44 29 25 36
leaf_count=34 37 88 453 44 29 25 36
internal_value=-4.02157e-05 -0.000505619 -0.00139556 0.00230994 0.00469388 0.00731884 -0.000890412
internal_weight=746 712 541 171 98 69 73
internal_count=746 712 541 171 98 69 73
is_linear=0
shrinkage=0.05


Tree=5
num_leaves=8
num_cat=0
split_feature=5 15 15 15 6 7 8
split_gain=1.23968 1.94875 0.733122 0.83863 0.644351 0.658514 1.1268
threshold=0.019864238000295253 -0.0037327633426759706 0.0092429485023156639 0.011521988906127436 0.59424328350907152 -0.0037436025196604379 0.055237949362110246
decision_type=2 2 2 2 2 2 10
left_child=2 -2 4 -4 -1 -6 -7
right_child=1 -3 3 -5 5 6 -8
leaf_value=-0.00027129409031915748 0.0012099524392349553 3.1083741567295364e-05 0.0008899265535455194 -5.4168487857330773e-05 -0.00011914357797634607 0.00030711661099986628 -5.2106660790433099e-05
leaf_weight=415 33 84 36 51 50 25 43
leaf_count=415 33 84 36 51 50 25 43
internal_value=-0.000318861 0.00440171 -0.00120968 0.00304598 -0.00190432 0.00135593 0.00455882
internal_weight=737 117 620 87 533 118 68
internal_count=737 117 620 87 533 118 68
is_linear=0
shrinkage=0.05


Tree=6
num_leaves=8
num_cat=0
split_feature=7 6 11 4 14 3 7
split_gain=0.922496 0.547562 0.709875 1.02656 0.72 0.574174 0.640327
threshold=-0.091133679223579497 0.080759181429568269 -0.00023797623425253486 0.025156016636251242 -0.011298954547856009 0.0037160184882879537 0.0085513137178048221
decision_type=2 2 2 2 2 2 2
left_child=-1 -2 -3 5 -5 6 -4
right_child=1 2 3 4 -6 -7 -8
leaf_value=0.0013583398630573321 -0.00014008530980467846 -0.00028039492714733005 -0.00041837030970660487 0.0017899152767015224 0.00014973251240784854 -0.00023916968928897617 0.00027336972730355655
leaf_weight=25 456 96 26 25 25 46 47
leaf_count=25 456 96 26 25 25 46 47
internal_value=-0.00044236 -0.000769765 0.00103773 0.00298816 0.009 0.000462184 0.00321918
internal_weight=746 721 265 169 50 119 73
internal_count=746 721 265 169 50 119 73
is_linear=0
shrinkage=0.05


Tree=7
num_leaves=8
num_cat=0
split_feature=5 5 11 11 4 15 8
split_gain=0.77335 0.726504 1.17097 0.476968 0.525611 0.377727 0.720462
threshold=0.021770613942807809 0.029868984739689502 0.010325604265528312 -0.023324981642921735 0.023489901118094878 0.0092429485023156639 0.059997352950883161
decision_type=2 2 2 2 2 2 10
left_child=3 2 -2 4 -1 -5 -7
right_child=1 -3 -4 5 -6 6 -8
leaf_value=0.00018665475277802648 -7.4190445557287266e-06 -0.00016079137535132627 0.0011884908329364745 -0.00017263448050112295 -5.2949681518674405e-05 -3.0546696258965279e-05 0.00081440888859554521
leaf_weight=25 30 25 32 519 26 63 25
leaf_count=25 30 25 32 519 26 63 25
internal_value=-0.000234901 0.0041954 0.00709677 -0.00082067 0.00382353 -0.00121087 0.00181818
internal_weight=745 87 62 658 51 607 88
internal_count=745 87 62 658 51 607 88
is_linear=0
shrinkage=0.05


Tree=8
num_leaves=8
num_cat=0
split_feature=0 1 1 13 8 1 15
split_gain=0.467866 0.596345 0.386301 0.815217 1.40052 0.523425 0.77429
threshold=0.033182865116641487 -0.070311565482125124 -0.023503822801760828 20.375000000000004 -0.029575913174520348 -0.011632062188774881 0.009521737796007625
decision_type=2 2 2 2 10 2 2
left_child=1 -1 -3 5 -5 -4 -7
right_child=-2 2 3 4 -6 6 -8
leaf_value=0.0009424668381309598 0.0015894204518953352 -0.00012193979815420478 0.00014951172844875692 -0.00014858532764739138 0.00056886865198049611 -0.00021463042633784835 0.00034451973752229448
leaf_weight=25 27 155 68 41 31 360 57
leaf_count=25 27 155 68 41 31 360 57
internal_value=-0.000353404 -0.000590232 -0.000856743 -0.000242371 0.00472222 -0.000979383 -0.00164269
internal_weight=764 737 712 557 72 485 417
internal_count=764 737 712 557 72 485 417
is_linear=0
shrinkage=0.05


Tree=9
num_leaves=8
num_cat=0
split_feature=6 11 11 9 14 13 9
split_gain=0.591824 1.17087 0.642343 0.567477 0.876121 0.877612 0.472439
threshold=0.24456494889258451 0.016138382759851803 -0.023324981642921735 0.014392116843566118 0.0080830591469587282 16.644999504089359 0.055651809977299467
decision_type=2 2 2 10 2 2 10
left_child=2 -2 -1 4 -4 -6 -3
right_child=1 6 3 -5 5 -7 -8
leaf_value=0.00027852471589593259 -3.6578433241684716e-05 0.00041827746698176635 -7.3380205242186262e-05 -0.00028775130443847621 0.00094424786677277351 -2.0672608361959463e-05 0.00037567513788944656
leaf_weight=35 185 25 118 285 27 40 29
leaf_count=35 185 25 118 285 27 40 29
internal_value=-0.000564517 0.00148535 -0.00153465 -0.00202128 0.000135134 0.00470149 0.00796296
internal_weight=744 239 505 470 185 67 54
internal_count=744 239 505 470 185 67 54
is_linear=0
shrinkage=0.05


Tree=10
num_leaves=8
num_cat=0
split_feature=6 5 4 10 1 5 0
split_gain=0.65032 0.670343 0.919806 1.1355 0.644737 0.444695 0.701449
threshold=0.080759181429568269 0.012372792039686597 0.021010255694358802 0.0024545779679250317 0.0087964868466852159 0.017442766069942727 -0.0045599418619339796
decision_type=2 2 2 2 2 2 2
left_child=5 -2 -3 -4 -5 -1 -7
right_child=1 2 3 4 -6 6 -8
leaf_value=-0.00014060786455288247 -0.00010288521329840762 0.00084059976250422754 -5.4423721706063418e-05 0.00029292547333058868 0.00091027557342077006 0.00038690457853710471 -0.00010179613366660154
leaf_weight=378 88 27 88 38 38 32 60
leaf_count=378 88 27 88 38 38 32 60
internal_value=-0.000460615 0.00145161 0.00311518 0.00170732 0.00618421 -0.00159575 0.00152174
internal_weight=749 279 191 164 76 470 92
internal_count=749 279 191 164 76 470 92
is_linear=0
shrinkage=0.05


Tree=11
num_leaves=8
num_cat=0
split_feature=10 9 2 16 9 9 6
split_gain=0.41932 0.683904 1.27021 0.565623 0.51795 0.752192 0.480299
threshold=0.00446494553626653 0.10915207487807212 0.079992291139006202 -0.034933530774668035 0.022661671671281528 0.0058939677661340459 0.080759181429568269
decision_type=2 10 2 2 8 10 2
left_child=3 6 -3 -1 5 -5 -2
right_child=1 2 -4 4 -6 -7 -8
leaf_value=0.00031983006674506055 -0.00012864179911433699 0.00050378693510706111 -0.00026703098549173306 -2.8710687525867629e-05 -0.00023943512334053557 0.00018133170598840927 0.00025745915368147345
leaf_weight=30 109 27 29 71 382 26 73
leaf_count=30 109 27 29 71 382 26 73
internal_value=-0.000850068 0.000882352 0.00571428 -0.00166012 -0.00207725 0.00118557 -0.000604397
internal_weight=747 238 56 509 479 97 182
internal_count=747 238 56 509 479 97 182
is_linear=0
shrinkage=0.05


Tree=12
num_leaves=8
num_cat=0
split_feature=5 0 10 15 15 9 13
split_gain=0.817251 1.01654 0.623977 0.47036 0.686061 0.571488 0.974158
threshold=0.019864238000295253 -0.0045938354601963152 0.0070711617460903495 -0.0038568120376837873 -0.0019967026693472052 0.15500944566567346 13.824999809265138
decision_type=2 2 2 2 2 10 2
left_child=3 -2 -3 -1 -5 6 -6
right_child=1 2 -4 4 5 -7 -8
leaf_value=-0.00014899401609588252 0.00091560582764089917 -0.00020047482646048622 0.00085876635976107896 0.00029083481855876955 0.00036444791129178287 -0.00030200075773763899 -5.3512610841059265e-05
leaf_weight=166 46 36 31 49 62 75 269
leaf_count=166 46 36 31 49 62 75 269
internal_value=-0.000504088 0.00340708 -0.000522389 -0.00121578 -0.000384617 -0.00105911 -0.000166164
internal_weight=734 113 67 621 455 406 331
internal_count=734 113 67 621 455 406 331
is_linear=0
shrinkage=0.05


Tree=13
num_leaves=8
num_cat=0
split_feature=5 15 10 6 13 1 7
split_gain=0.489615 0.845117 0.533333 0.504543 0.54381 1.0913 0.530231
threshold=0.019864238000295253 -0.0037327633426759706 0.0070711617460903495 0.63740329687293196 20.375000000000004 -0.017348010246110154 -0.0037436025196604379
decision_type=2 2 2 2 2 2 2
left_child=3 -2 -3 4 -1 -6 -5
right_child=1 2 -4 6 5 -7 -8
leaf_value=-0.0001944479028018264 0.00050684407273245472 -0.00011862580419007888 0.00075912085162557308 -0.00011578685658720379 -9.2927933043276891e-05 0.00044070616649363628 0.0001795375891013595
leaf_weight=404 37 48 32 59 39 33 93
leaf_count=404 37 48 32 59 39 33 93
internal_value=-0.000704699 0.00226496 -0.000625001 -0.00125796 -0.00205882 0.00194444 0.00125
internal_weight=745 117 80 628 476 72 152
internal_count=745 117 80 628 476 72 152
is_linear=0
shrinkage=0.05


Tree=14
num_leaves=8
num_cat=0
split_feature=6 5 11 12 14 5 0
split_gain=0.691507 0.854617 0.876769 0.45873 0.406145 0.529402 0.986922
threshold=0.63740329687293196 0.012372792039686597 0.016138382759851803 0.0048491257127185614 0.0080830591469587282 0.021770613942807809 -0.0073457643422187848
decision_type=2 2 2 2 2 2 2
left_child=4 -2 3 -3 -1 6 -6
right_child=1 2 -4 -5 5 -7 -8
leaf_value=-7.9196360987914195e-05 -4.7190773701195607e-05 0.00066510510610964389 0.0010379483695545026 -0.00024880603317819312 -0.00023423145208056146 0.0014992286327901545 0.000147923662654404
leaf_weight=354 51 30 29 42 79 25 109
leaf_count=354 51 30 29 42 79 25 109
internal_value=-0.000757998 0.00223684 0.00490099 0.00194444 -0.00156085 0.000164318 -0.000744682
internal_weight=719 152 101 72 567 213 188
internal_count=719 152 101 72 567 213 188
is_linear=0
shrinkage=0.05


Tree=15
num_leaves=8
num_cat=0
split_feature=5 15 15 13 8 13 14
split_gain=0.421893 1.20542 0.477196 0.72835 0.617014 0.428628 0.326425
threshold=0.019864238000295253 -0.0037327633426759706 0.0071175176048179365 13.605000019073488 -0.020042051246980715 17.050000190734867 0.010891009150098998
decision_type=2 2 2 2 8 2 2
left_child=2 -2 6 -4 -5 -3 -1
right_child=1 5 3 4 -6 -7 -8
leaf_value=-0.00018928669351656133 0.00068323909997144549 0.00066841726557447813 0.00069786082579402844 0.00025964895965944758 -0.00010693538135972392 -0.0001765625209820517 -8.2997191926526462e-06
leaf_weight=277 39 33 25 27 83 43 216
leaf_count=277 39 33 25 27 83 43 216
internal_value=-0.000827727 0.00195652 -0.00133758 0.0012963 -0.000454547 -0.00171053 -0.00205882
internal_weight=743 115 628 135 110 76 493
internal_count=743 115 628 135 110 76 493
is_linear=0
shrinkage=0.05


end of trees

feature_importances:
parkinson_20=14
dist_ma200=12
ret_5d=11
sector_ret_1d=11
dvol_z_20=10
vix_level=10
spy_ret_5d=9
dist_ma20=6
spy_ret_1d=5
spy_ret_20d=5
vix_chg_1d=5
ret_1d=4
dist_ma50=4
atr_pct=3
ret_20d=1
overnight_gap=1
sector_ret_5d=1

parameters:
[boosting: gbdt]
[objective: quantile]
[metric: quantile]
[tree_learner: serial]
[device_type: cpu]
[data_sample_strategy: bagging]
[data: ]
[valid: ]
[num_iterations: 80]
[learning_rate: 0.05]
[num_leaves: 8]
[num_threads: 1]
[seed: 0]
[deterministic: 0]
[force_col_wise: 1]
[force_row_wise: 0]
[histogram_pool_size: -1]
[max_depth: -1]
[min_data_in_leaf: 25]
[min_sum_hessian_in_leaf: 0.001]
[bagging_fraction: 0.9]
[pos_bagging_fraction: 1]
[neg_bagging_fraction: 1]
[bagging_freq: 1]
[bagging_seed: 3]
[bagging_by_query: 0]
[feature_fraction: 0.9]
[feature_fraction_bynode: 1]
[feature_fraction_seed: 2]
[extra_trees: 0]
[extra_seed: 6]
[early_stopping_round: 0]
[early_stopping_min_delta: 0]
[first_metric_only: 0]
[max_delta_step: 0]
[lambda_l1: 0]
[lambda_l2: 0]
[linear_lambda: 0]
[min_gain_to_split: 0]
[drop_rate: 0.1]
[max_drop: 50]
[skip_drop: 0.5]
[xgboost_dart_mode: 0]
[uniform_drop: 0]
[drop_seed: 4]
[top_rate: 0.2]
[other_rate: 0.1]
[min_data_per_group: 100]
[max_cat_threshold: 32]
[cat_l2: 10]
[cat_smooth: 10]
[max_cat_to_onehot: 4]
[top_k: 20]
[monotone_constraints: ]
[monotone_constraints_method: basic]
[monotone_penalty: 0]
[feature_contri: ]
[forcedsplits_filename: ]
[refit_decay_rate: 0.9]
[cegb_tradeoff: 1]
[cegb_penalty_split: 0]
[cegb_penalty_feature_lazy: ]
[cegb_penalty_feature_coupled: ]
[path_smooth: 0]
[interaction_constraints: ]
[verbosity: -1]
[saved_feature_importance_type: 0]
[use_quantized_grad: 0]
[num_grad_quant_bins: 4]
[quant_train_renew_leaf: 0]
[stochastic_rounding: 1]
[linear_tree: 0]
[max_bin: 255]
[max_bin_by_feature: ]
[min_data_in_bin: 3]
[bin_construct_sample_cnt: 200000]
[data_random_seed: 1]
[is_enable_sparse: 1]
[enable_bundle: 1]
[use_missing: 1]
[zero_as_missing: 0]
[feature_pre_filter: 1]
[pre_partition: 0]
[two_round: 0]
[header: 0]
[label_column: ]
[weight_column: ]
[group_column: ]
[ignore_column: ]
[categorical_feature: ]
[forcedbins_filename: ]
[precise_float_parser: 0]
[parser_config_file: ]
[objective_seed: 5]
[num_class: 1]
[is_unbalance: 0]
[scale_pos_weight: 1]
[sigmoid: 1]
[boost_from_average: 1]
[reg_sqrt: 0]
[alpha: 0.9]
[fair_c: 1]
[poisson_max_delta_step: 0.7]
[tweedie_variance_power: 1.5]
[lambdarank_truncation_level: 30]
[lambdarank_norm: 1]
[label_gain: ]
[lambdarank_position_bias_regularization: 0]
[eval_at: ]
[multi_error_top_k: 1]
[auc_mu_weights: ]
[num_machines: 1]
[local_listen_port: 12400]
[time_out: 120]
[machine_list_filename: ]
[machines: ]
[gpu_platform_id: -1]
[gpu_device_id: -1]
[gpu_device_id_list: ]
[gpu_use_dp: 0]
[num_gpu: 1]

end of parameters

pandas_categorical:[]
