tree
version=v4
num_class=1
num_tree_per_iteration=1
label_index=0
max_feature_idx=16
objective=quantile
feature_names=ret_1d ret_5d ret_20d overnight_gap atr_pct parkinson_20 dvol_z_20 dist_ma20 dist_ma50 dist_ma200 spy_ret_1d spy_ret_5d spy_ret_20d vix_level vix_chg_1d sector_ret_1d sector_ret_5d
feature_infos=[-0.10044308526937995:0.089114648093908233] [-0.22453306995298417:0.15828989508586311] [-0.32131820225061647:0.23149307889094484] [-0.063269319606182761:0.07060749731018956] [0.012435747495803241:0.07657011429886075] [0.0087502962063594411:0.033720275315345015] [-1.9325428661661903:4.2647062766373605] [-0.2469948176634118:0.16278476164480882] [-0.28867798377480436:0.27995170530422486] [-0.20841081787883653:0.29281030621975312] [-0.058542971330535654:0.10501930183911301] [-0.11496151859245618:0.082843162776128354] [-0.1226559005192206:0.15756591020035837] [11.859999656677246:52.330001831054688] [-0.35753873962348437:0.74039073966007019] [-0.073180917682286184:0.075364333134955164] [-0.12187676960594984:0.078003472462632839]
tree_sizes=841 860 854 858 849 850 856 863 853 857 859 855 859 855 870 857 864 868 857 868 849 856 859 854 862 860 858 863 855 845

Tree=0
num_leaves=8
num_cat=0
split_feature=5 1 3 6 6 5 9
split_gain=5.88009 4.04747 2.31117 1.42621 2.22845 1.42188 1.27811
threshold=0.015381997389748468 0.024502240206066842 0.0054940067363030707 -0.4531883846615587 -0.68299534880648838 0.022123206000528282 0.10127770781452529
decision_type=2 2 2 2 2 2 8
left_child=1 -1 3 4 -2 -4 -3
right_child=2 6 5 -5 -6 -7 -8
leaf_value=-0.0090078987646847967 -0.0092047907412052161 -0.0087392873305361714 -0.0088736700476147231 -0.0095136418938636773 -0.0088255200185813013 -0.0092506045941263444 -0.0088151062489487224
leaf_weight=375 51 54 38 102 26 30 70
leaf_count=375 51 54 38 102 26 30 70
internal_value=-0.0090781 -0.00595496 -0.0153876 -0.0183686 -0.0132319 -0.00754049 0.00187602
internal_weight=746 499 247 179 77 68 124
internal_count=746 499 247 179 77 68 124
is_linear=0
shrinkage=1


Tree=1
num_leaves=8
num_cat=0
split_feature=5 1 11 10 9 0 3
split_gain=4.80515 3.44331 2.69792 3.11119 2.60205 2.40545 2.05186
threshold=0.015381997389748468 0.024502240206066842 -0.0070947628288289813 0.0045502623367793546 0.09971484595161674 0.0031619875015070913 0.0054940067363030707
decision_type=2 2 2 2 8 2 2
left_child=1 2 -1 -4 5 -5 -2
right_child=6 -3 3 4 -6 -7 -8
leaf_value=0.00011040110373869541 -0.00027245007455348972 0.00020915225934004412 -0.00011943557066842912 0.00020565845305100085 0.0001659551006741822 -0.00019397308817133306 2.6609919150359911e-05
leaf_weight=105 179 122 181 25 25 30 66
leaf_count=105 179 122 181 25 25 30 66
internal_value=-0.000306958 0.00256148 0.000136612 -0.00258621 0.005625 -0.000454545 -0.00602041
internal_weight=733 488 366 261 80 55 245
internal_count=733 488 366 261 80 55 245
is_linear=0
shrinkage=0.05


Tree=2
num_leaves=8
num_cat=0
split_feature=5 3 5 0 0 1 11
split_gain=3.93951 2.63792 2.8006 2.02081 1.92976 1.45709 2.26573
threshold=0.014840713108766215 0.0054940067363030707 0.021174590501962798 0.019235544063212599 0.013865802480092284 0.031988777306207646 -0.0061808553148448566
decision_type=2 2 2 2 2 2 2
left_child=3 -2 -3 4 5 6 -1
right_child=1 2 -4 -5 -6 -7 -8
leaf_value=0.00017743801546748727 -0.00019271990202832968 0.0001812865482352208 -0.00022888193526887334 0.00020703037660859986 -0.00020509321859572081 0.00018696502009697718 -3.354255377780646e-05
leaf_weight=87 209 41 28 44 29 63 244
leaf_count=87 209 41 28 44 29 63 244
internal_value=-0.000503356 -0.00521583 0.00326087 0.00230193 0.00124113 0.00215736 0.000830816
internal_weight=745 278 69 467 423 394 331
internal_count=745 278 69 467 423 394 331
is_linear=0
shrinkage=0.05


Tree=3
num_leaves=8
num_cat=0
split_feature=4 3 2 10 16 12 16
split_gain=4.195 3.75538 3.11794 2.85106 2.97219 2.33464 2.02022
threshold=0.0210209491707272 0.0054940067363030707 0.010508717715825846 -0.0042976015384410529 0.005440805832511387 0.041180756713136597 -0.0038410724486095944
decision_type=2 2 2 2 2 2 2
left_child=3 2 -2 -1 6 -6 -5
right_child=1 -3 -4 4 5 -7 -8
leaf_value=0.00018875192052728376 -0.00019480699392152023 9.4189500255015366e-05 4.1213415854145407e-06 7.5916278193471917e-05 0.00022156593057370627 -6.6615750803976009e-05 -0.00022069175446522428
leaf_weight=43 227 133 149 55 67 26 37
leaf_count=43 227 133 149 55 67 26 37
internal_value=-0.000373134 -0.00289784 -0.00545213 0.00526316 0.00256757 0.00887097 -0.00380435
internal_weight=737 509 376 228 185 93 92
internal_count=737 509 376 228 185 93 92
is_linear=0
shrinkage=0.05


Tree=4
num_leaves=8
num_cat=0
split_feature=5 1 8 6 3 16 8
split_gain=3.8781 2.9663 1.77478 2.18792 2.06938 1.76358 1.66934
threshold=0.014840713108766215 0.020965002315712637 -0.0024950111181653574 0.1212535689006463 0.0040285012570786547 -0.014550257345702476 0.032223409664055465
decision_type=2 2 8 2 2 2 10
left_child=1 5 3 -2 -4 -1 -3
right_child=2 6 4 -5 -6 -7 -8
leaf_value=0.0001439904178192955 -8.3861769940413091e-05 2.786162047786994e-05 -0.00010608578849583867 -0.00061508555316362626 0.00015970647776020999 -3.9248551919590692e-05 0.00018478284356681789
leaf_weight=81 105 40 78 53 34 248 104
leaf_count=81 105 40 78 53 34 248 104
internal_value=-3.36474e-05 0.00269556 -0.00481481 -0.00822785 0 7.59878e-05 0.00868056
internal_weight=743 473 270 158 112 329 144
internal_count=743 473 270 158 112 329 144
is_linear=0
shrinkage=0.05


Tree=5
num_leaves=8
num_cat=0
split_feature=5 0 6 11 16 8 11
split_gain=3.64565 2.63968 2.22455 2.01485 2.4105 1.93581 1.68447
threshold=0.014840713108766215 0.020031515942150472 0.83790870112714677 1.0000000180025095e-35 0.029726457210442762 -0.056475279620744494 -0.0060160798927795791
decision_type=2 2 2 2 2 10 2
left_child=1 6 3 -2 5 -5 -1
right_child=2 -3 -4 4 -6 -7 -8
leaf_value=0.00012120683721507523 -0.00021778427475431462 0.00019300560006860602 -0.00057891396436131359 -0.00020362654568506692 -0.00012403927744059282 0.00015952742192269846 -3.60662977810719e-06
leaf_weight=101 96 40 38 34 25 81 317
leaf_count=101 96 40 38 34 25 81 317
internal_value=0 0.00272926 -0.00456204 -0.00275424 0.00107143 0.00413043 0.00155502
internal_weight=732 458 274 236 140 115 418
internal_count=732 458 274 236 140 115 418
is_linear=0
shrinkage=0.05


Tree=6
num_leaves=8
num_cat=0
split_feature=8 15 4 10 8 16 16
split_gain=3.09955 2.58655 1.86177 2.53509 2.11401 1.74805 2.13907
threshold=-0.10821752490463825 -0.0049696626989798589 0.021126172267342765 -0.0042976015384410529 0.040858027476299859 0.025989834590564923 0.015070102060115166
decision_type=8 2 2 2 10 2 2
left_child=-1 2 3 -2 -4 6 -3
right_child=1 5 4 -5 -6 -7 -8
leaf_value=-0.00045255012575820319 0.00011936847022499166 4.277586316530835e-05 -0.00037641451857657322 -3.290018906346739e-05 0.0001561890659331031 -5.2188940699022688e-05 0.00015399832229942291
leaf_weight=59 25 351 76 32 28 80 93
leaf_count=59 25 351 76 32 28 80 93
internal_value=0.000403226 0.00135036 -0.00419255 0.00307018 -0.00817308 0.00305344 0.00427928
internal_weight=744 685 161 57 104 524 444
internal_count=744 685 161 57 104 524 444
is_linear=0
shrinkage=0.05


Tree=7
num_leaves=8
num_cat=0
split_feature=8 3 2 5 4 2 10
split_gain=3.14854 2.81983 2.75782 2.19147 1.89855 2.46408 2.07265
threshold=-0.10821752490463825 0.0037426432333430575 -0.085290529164747983 0.027274557962777522 0.024437227883224246 -0.056912287401711441 -0.0042976015384410529
decision_type=8 2 2 2 2 2 2
left_child=3 2 -2 -1 6 -6 -4
right_child=1 -3 4 -5 5 -7 -8
leaf_value=-0.0008683713959724619 -0.00037045620888668694 0.00012745901033180598 0.00012004852835009322 -0.00020099839010455416 0.00014564548232596649 -0.00015130793573275926 -4.7365051565353722e-06
leaf_weight=28 35 210 58 36 25 114 234
leaf_count=28 35 210 58 36 25 114 234
internal_value=-0.000337838 0.00066568 -0.00150215 -0.0109375 -0.000406032 -0.00521583 0.00188356
internal_weight=740 676 466 64 431 139 292
internal_count=740 676 466 64 431 139 292
is_linear=0
shrinkage=0.05


Tree=8
num_leaves=8
num_cat=0
split_feature=8 4 14 1 2 4 4
split_gain=3.3688 2.75048 2.47055 2.59876 2.07609 2.546 3.47895
threshold=-0.10821752490463825 0.054618216343955979 -0.083456210331023115 0.062413724390597898 0.12522510633789177 0.021007606290779225 0.01998527526778698
decision_type=8 2 2 2 2 2 2
left_child=1 -1 -2 4 5 6 -4
right_child=2 -3 3 -5 -6 -7 -8
leaf_value=-0.00067437581624775684 0.00015982298750246522 4.6633988618832549e-05 3.4383031940437606e-05 -0.00020460872035705206 0.00014540056292842524 -5.0218659464570069e-05 0.00034653174364283998
leaf_weight=35 51 25 175 40 46 359 30
leaf_count=35 51 25 175 40 46 359 30
internal_value=-0.000295664 -0.0116667 0.000677603 -0.000153846 0.000655738 -0.000177305 0.00426829
internal_weight=761 60 701 650 610 564 205
internal_count=761 60 701 650 610 564 205
is_linear=0
shrinkage=0.05


Tree=9
num_leaves=8
num_cat=0
split_feature=8 10 4 10 9 15 12
split_gain=3.41839 2.59905 2.02169 2.81545 2.88565 1.84001 1.7974
threshold=-0.10821752490463825 0.0091813381816910917 0.021126172267342765 -0.0042976015384410529 0.060298688413731878 -0.0017217682330600279 0.05549664954164369
decision_type=8 2 2 2 10 2 2
left_child=-1 2 3 -2 -5 -6 -4
right_child=1 -3 6 4 5 -7 -8
leaf_value=-0.00045288751107713142 0.0001687462015091919 0.00012503360590143876 -6.6784036780600216e-05 -0.00013730739877499624 -3.8858711362592482e-05 0.00016607090898098061 0.00021233053642477577
leaf_weight=61 42 84 333 95 33 63 27
leaf_count=61 42 84 333 95 33 63 27
internal_value=0.000271003 0.00129247 0.000126476 0.00375536 0.00117801 0.00729167 -0.00222222
internal_weight=738 677 593 233 191 96 360
internal_count=738 677 593 233 191 96 360
is_linear=0
shrinkage=0.05


Tree=10
num_leaves=8
num_cat=0
split_feature=8 3 5 2 0 0 5
split_gain=2.70785 1.78803 1.74291 1.60344 1.49919 1.47108 1.40248
threshold=-0.10821752490463825 0.0037426432333430575 0.014716386154059572 0.046505265087931076 0.0067706796083767404 0.0073048316325700089 0.027274557962777522
decision_type=8 2 2 2 2 2 2
left_child=6 2 3 -2 -5 -4 -1
right_child=1 -3 5 4 -6 -7 -8
leaf_value=-0.00065430240909085814 -1.6388609193467064e-05 0.00011078949922066342 -4.2691813614754909e-05 8.1633723038635701e-05 0.00015400443091376687 -0.00026314229425712708 -0.00014305933268229733
leaf_weight=28 190 208 126 95 35 35 31
leaf_count=28 190 208 126 95 35 35 31
internal_value=0.000534759 0.00141509 -0.000259875 0.001875 0.00615385 -0.00450311 -0.00974576
internal_weight=748 689 481 320 130 161 59
internal_count=748 689 481 320 130 161 59
is_linear=0
shrinkage=0.05


Tree=11
num_leaves=8
num_cat=0
split_feature=9 1 10 1 6 4 16
split_gain=2.70548 2.21362 1.96143 1.94323 1.78646 1.59601 1.6875
threshold=0.23938441763010579 0.020324172882129735 -0.0029081479641121506 0.062413724390597898 1.0087648550991772 0.021126172267342765 -0.002981233216299561
decision_type=8 2 2 2 2 2 2
left_child=1 2 5 -3 -2 -1 -7
right_child=4 3 -4 -5 -6 6 -8
leaf_value=0.00011038838094608746 -4.7257568172431051e-05 0.00014630420936807853 -4.5915343683509844e-05 -1.6054044809474256e-05 -0.00070538317927333432 -0.00011566666102345289 0.00018079594466205234
leaf_weight=47 146 149 266 32 26 50 30
leaf_count=47 146 149 266 32 26 50 30
internal_value=0.000268097 0.00191638 -0.00019084 0.00649171 -0.00523256 0.00492126 0.000625
internal_weight=746 574 393 181 172 127 80
internal_count=746 574 393 181 172 127 80
is_linear=0
shrinkage=0.05


Tree=12
num_leaves=8
num_cat=0
split_feature=5 11 1 6 8 10 0
split_gain=2.45843 2.86041 2.76063 2.02611 1.69725 1.67059 2.03582
threshold=0.015009886552430966 -0.022024026906729662 0.026298293423786871 0.83790870112714677 0.10373430729914647 0.0045502623367793546 0.0092665625638035393
decision_type=2 2 2 2 10 2 2
left_child=1 -1 5 -2 -4 -3 -7
right_child=3 2 4 -5 -6 6 -8
leaf_value=0.00020871325424549173 -4.5150096776948664e-05 -3.8702806334949253e-05 0.00017931248026857379 -0.00049873395951442333 -5.4746016172176065e-06 0.00017677333673895863 -3.6777383142250427e-05
leaf_weight=32 220 231 87 34 25 57 40
leaf_count=32 220 231 87 34 25 57 40
internal_value=0.000619835 0.00275424 0.00170455 -0.00334646 0.00848214 -0.000609756 0.00489691
internal_weight=726 472 440 254 112 328 97
internal_count=726 472 440 254 112 328 97
is_linear=0
shrinkage=0.05


Tree=13
num_leaves=8
num_cat=0
split_feature=5 0 6 6 0 12 16
split_gain=2.68616 2.05697 1.67461 1.44827 1.77311 1.84545 1.28273
threshold=0.014840713108766215 0.020207433616264762 -1.1698263761501806 -0.3788550827197289 -0.0064848317324563412 0.0027925929369287954 -0.0027699609853645275
decision_type=2 2 2 2 2 2 2
left_child=1 2 -1 4 -2 -6 -4
right_child=3 -3 6 -5 5 -7 -8
leaf_value=0.00015401139743000504 0.00010303373833977283 0.00016738858095989955 7.3967758156147026e-05 -0.00023945479814416255 9.9221719300424813e-06 -0.0002267817598794856 -1.0234692096912357e-05
leaf_weight=40 38 42 153 143 37 50 239
leaf_count=40 38 42 153 143 37 50 239
internal_value=0.000269542 0.00253165 0.00150463 -0.00373134 0.0002 -0.00373563 0.000510204
internal_weight=742 474 432 268 125 87 392
internal_count=742 474 432 268 125 87 392
is_linear=0
shrinkage=0.05


Tree=14
num_leaves=8
num_cat=0
split_feature=8 14 14 11 16 12 14
split_gain=2.73513 1.65913 3.29332 2.51248 2.24125 2.23034 2.0575
threshold=-0.10821752490463825 -0.036625775253692865 -0.054330610723124943 -0.023324981642921735 0.0059799695980812259 -0.0031637225858343605 -0.0054293361358405115
decision_type=8 2 2 2 2 2 2
left_child=-1 2 4 -3 -2 -5 -7
right_child=1 3 -4 5 -6 6 -8
leaf_value=-0.0003820663002024429 -0.00012096107136956789 0.00017239056984933229 0.00021365551925475813 -0.00032659830360938323 0.00010764623608387807 -7.0117171990891032e-05 3.9807902461898478e-05
leaf_weight=58 59 38 53 79 62 128 247
leaf_count=58 59 38 53 79 62 128 247
internal_value=6.90608e-05 0.000975976 0.00517241 -0.00050813 0.000619835 -0.00154185 6.66667e-05
internal_weight=724 666 174 492 121 454 375
internal_count=724 666 174 492 121 454 375
is_linear=0
shrinkage=0.05


Tree=15
num_leaves=8
num_cat=0
split_feature=9 1 8 2 3 7 8
split_gain=2.13757 2.17545 1.78563 2.0487 1.64006 1.821 1.51351
threshold=0.24322221543646474 0.020324172882129735 0.093332225525942794 0.084674889874183826 -0.0083473743391128657 -0.043128437587251316 0.10343472237772756
decision_type=8 2 10 2 2 2 10
left_child=1 2 3 4 -1 -6 -3
right_child=-2 6 -4 -5 5 -7 -8
leaf_value=-0.00010488324670796212 -0.00011994601314151594 0.0001670573291319453 0.00016310901049313852 -0.00016512733565189852 0.00017127803865541922 9.9357184077766936e-06 -4.013606128895403e-06
leaf_weight=57 165 138 25 30 33 254 30
leaf_count=57 165 138 25 30 33 254 30
internal_value=0.000614754 0.00207231 6.26566e-05 -0.000802139 0.000290698 0.00182927 0.00684524
internal_weight=732 567 399 374 344 287 168
internal_count=732 567 399 374 344 287 168
is_linear=0
shrinkage=0.05


Tree=16
num_leaves=8
num_cat=0
split_feature=16 11 11 13 8 16 14
split_gain=2.27611 2.89915 2.54216 2.62365 2.33259 1.86314 1.81373
threshold=-0.039503255431099886 -0.022672211523631577 0.0035059532242039952 19.329999923706058 0.061751859883199541 0.02950723271032463 -0.073802250117532039
decision_type=2 2 2 2 10 2 2
left_child=-1 -2 4 5 -3 6 -4
right_child=1 2 3 -5 -6 -7 -8
leaf_value=-0.00058266034912849481 0.00019005227974473702 -0.00010596170371115956 0.00018647702254229331 0.0002087019167079098 7.491330726819741e-05 -0.00010909168291066548 9.4528046075462005e-06
leaf_weight=25 42 217 25 44 65 46 287
leaf_count=25 42 217 25 44 65 46 287
internal_value=-0.000166445 0.000344353 -0.000438596 0.00211443 -0.00407801 0.000698324 0.00208333
internal_weight=751 726 684 402 282 358 312
internal_count=751 726 684 402 282 358 312
is_linear=0
shrinkage=0.05


Tree=17
num_leaves=8
num_cat=0
split_feature=8 11 11 12 12 4 12
split_gain=2.32295 3.19011 2.0803 1.68852 2.38842 1.90549 1.23509
threshold=-0.059881949223535451 -0.022024026906729662 0.0029094650612268018 -0.0036881792371129536 0.013959739003271522 0.024221694248519356 -0.00052816856958670655
decision_type=8 2 2 2 2 2 2
left_child=6 -2 3 -3 -5 -6 -1
right_child=1 2 -4 4 5 -7 -8
leaf_value=-1.2039564280858081e-05 0.00017509551295300164 -0.00029151221614069167 4.056855538293663e-05 0.00011827945331889345 -0.00015796084813566105 0.00020994874878649895 -0.00041837593452432573
leaf_weight=76 35 50 365 60 81 33 44
leaf_count=76 35 50 365 60 81 33 44
internal_value=0.000537634 0.00176282 0.000891341 -0.00290179 -0.000574713 -0.00482456 -0.00583333
internal_weight=744 624 589 224 174 114 120
internal_count=744 624 589 224 174 114 120
is_linear=0
shrinkage=0.05


Tree=18
num_leaves=8
num_cat=0
split_feature=4 12 11 16 1 2 2
split_gain=1.70656 3.18585 1.7255 3.14073 1.40366 1.9171 2.30673
threshold=0.021126172267342765 0.054230156972347017 -0.0043088808342565113 0.011145298345578649 0.06705944181717606 0.010508717715825846 0.05535507901308679
decision_type=2 2 2 2 2 2 2
left_child=1 2 -1 -4 5 -2 -7
right_child=4 -3 3 -5 -6 6 -8
leaf_value=0.0002064649028666234 -7.536702714411905e-05 -0.00018607414225921311 -8.2835839488173193e-05 0.00015166088060382241 -0.00023006911699705894 0.00015114069453091877 -4.7558707257982714e-07
leaf_weight=52 293 38 90 69 27 55 126
leaf_count=52 293 38 90 69 27 55 126
internal_value=0.000733333 0.00411647 0.00651659 0.00393082 -0.000948104 -0.000316456 0.00372928
internal_weight=750 249 211 159 501 474 181
internal_count=750 249 211 159 501 474 181
is_linear=0
shrinkage=0.05


Tree=19
num_leaves=8
num_cat=0
split_feature=8 16 12 3 13 15 10
split_gain=2.5045 1.56386 2.01954 2.64669 1.45494 1.44428 1.46267
threshold=-0.00079926520468892581 -0.036179452020198836 -0.0086076818895993706 0.0056610334809703575 19.625000000000004 0.0097323782403995213 0.0038619915499665818
decision_type=10 2 2 2 2 2 2
left_child=1 -1 3 -3 -2 6 -4
right_child=4 2 5 -5 -6 -7 -8
leaf_value=-0.00044965537561817678 3.3896515079214058e-05 -4.1385122058573443e-06 -0.00015084336050136252 0.00022741677616093959 0.0002073165403853281 -0.00021950216306113399 7.4444985612267048e-05
leaf_weight=30 352 86 131 30 37 26 49
leaf_count=30 352 86 131 30 37 26 49
internal_value=0.000641026 -0.00241477 -0.00139752 0.00387931 0.00340617 -0.00436893 -0.00277778
internal_weight=741 352 322 116 389 206 180
internal_count=741 352 322 116 389 206 180
is_linear=0
shrinkage=0.05


Tree=20
num_leaves=8
num_cat=0
split_feature=5 16 1 7 13 10 0
split_gain=2.26988 1.74988 2.37023 1.93654 3.40066 1.9074 1.7486
threshold=0.01490182002135035 -0.014550257345702476 0.025466521920735289 0.067090962580797511 16.469999313354496 0.0045502623367793546 0.012840498488355003
decision_type=2 2 2 2 2 2 2
left_child=1 -1 5 4 -4 -3 -7
right_child=-2 2 3 -5 -6 6 -8
leaf_value=0.00012869622002735772 -8.7072945971026361e-05 -8.7529946643973965e-05 6.2008679338882355e-05 -4.1228740911764767e-05 0.0003585385898946978 0.00015470080989596279 -0.00016297821280593762
leaf_weight=83 258 187 57 33 32 64 25
leaf_count=83 258 187 57 33 32 64 25
internal_value=0.000101488 0.00213098 0.000753769 0.00655738 0.0103933 -0.00181159 0.00421348
internal_weight=739 481 398 122 89 276 89
internal_count=739 481 398 122 89 276 89
is_linear=0
shrinkage=0.05


Tree=21
num_leaves=8
num_cat=0
split_feature=2 6 16 14 4 6 16
split_gain=1.46806 1.5505 2.49447 2.76323 2.45747 2.62223 1.50199
threshold=0.010508717715825846 -1.0399449479541236 -0.014141671462501169 -0.037220785866969024 0.02281703332942071 -0.076963532824499026 0.032418773857178514
decision_type=2 2 2 2 2 2 2
left_child=1 -1 4 -4 -3 -6 -2
right_child=6 2 3 -5 5 -7 -8
leaf_value=0.00012054201520092139 4.650232314656125e-05 0.00018598066601976503 2.6450812051331213e-05 -0.00022402453228461007 0.00017174778601440085 -0.00038931663279548546 -0.00012793929354356758
leaf_weight=57 333 33 66 153 25 47 32
leaf_count=57 333 33 66 153 25 47 32
internal_value=0.000268097 -0.00190289 -0.00324074 -0.00627854 0.00309524 -0.00208333 0.00253425
internal_weight=746 381 324 219 105 72 365
internal_count=746 381 324 219 105 72 365
is_linear=0
shrinkage=0.05


Tree=22
num_leaves=8
num_cat=0
split_feature=9 1 0 11 13 5 10
split_gain=1.98183 1.86478 1.75988 1.78474 3.25311 2.10067 1.37574
threshold=0.21606105079304019 0.020324172882129735 -0.00096054848978166507 -0.00089102976467808615 19.329999923706058 0.012839322495224058 0.0098339065977474122
decision_type=8 2 2 2 2 2 2
left_child=1 2 -1 4 -4 -5 -3
right_child=-2 6 3 5 -6 -7 -8
leaf_value=3.7060824961296894e-05 -8.036465115216713e-05 5.8808591168823655e-05 0.00012552032196865958 -0.00021705180844115842 -0.00020248781801176748 -3.825580413079886e-05 0.00020071881144928346
leaf_weight=217 182 145 38 43 35 52 28
leaf_count=217 182 145 38 43 35 52 28
internal_value=0.000135135 0.0016129 -0.000324675 -0.00416667 0.00171233 -0.00868421 0.00592486
internal_weight=740 558 385 168 73 95 173
internal_count=740 558 385 168 73 95 173
is_linear=0
shrinkage=0.05


Tree=23
num_leaves=8
num_cat=0
split_feature=5 6 2 13 14 10 6
split_gain=1.80799 1.18323 1.19124 1.69762 1.47828 2.17956 1.39491
threshold=0.015381997389748468 -1.1698263761501806 0.016010196636302102 13.484999656677248 -0.035596703045515869 0.0022597993773114671 -0.83790405051996497
decision_type=2 2 2 2 2 2 2
left_child=1 -1 3 -3 -5 -6 -4
right_child=-2 2 6 4 5 -7 -8
leaf_value=0.00013834520291501948 -6.5012453718099787e-05 -0.00024168492027393511 -0.00010083214630949539 0.00015842549358043966 1.090242977230269e-05 -0.00032098185273319463 7.0999865639973767e-05
leaf_weight=39 255 33 39 46 104 25 206
leaf_count=39 255 33 39 46 104 25 206
internal_value=0.000769746 0.00254065 0.00182119 -0.000961538 0.001 -0.00174419 0.00418367
internal_weight=747 492 453 208 175 129 245
internal_count=747 492 453 208 175 129 245
is_linear=0
shrinkage=0.05


Tree=24
num_leaves=8
num_cat=0
split_feature=15 0 8 2 8 2 3
split_gain=2.03546 1.49782 2.11939 1.39042 2.00566 1.26118 1.43787
threshold=-0.0057908468755489819 0.0136406343725084 0.069469891352343952 -0.0074960322193357012 0.023272550743992263 -0.1065028399895616 -0.0081819933545850803
decision_type=2 2 10 2 10 2 2
left_child=-1 3 -3 5 -5 -2 -7
right_child=1 2 -4 4 -6 6 -8
leaf_value=-7.6699676097039294e-05 0.00014198493110226728 -0.00017285012870087236 0.00012447161692541502 0.00013353280737443286 3.7686784148793307e-05 -0.00017628122097151003 2.037153056761946e-05
leaf_weight=150 27 96 39 73 183 27 149
leaf_count=150 27 96 39 73 183 27 149
internal_value=0.000537634 0.00185185 -0.00277778 0.00321351 0.00566406 0.000123153 -0.00142045
internal_weight=744 594 135 459 256 203 176
internal_count=744 594 135 459 256 203 176
is_linear=0
shrinkage=0.05


Tree=25
num_leaves=8
num_cat=0
split_feature=5 10 6 8 8 3 0
split_gain=1.26728 1.22232 1.84048 1.28288 1.45087 2.25882 2.02931
threshold=0.020536977170188171 0.0091813381816910917 0.030326972333241633 -0.00079926520468892581 -0.020464295990453015 -0.0080123805576157708 -0.0012410844158922683
decision_type=2 2 2 10 10 2 2
left_child=1 3 -3 4 5 -1 -7
right_child=-2 2 -4 -5 -6 6 -8
leaf_value=-0.00020458981723438729 -0.00018306308429693287 0.00011288941574875293 -3.588685725455787e-06 3.7125596281268096e-05 -0.00016645056948937662 0.0001393013184543435 -5.482022582670235e-05
leaf_weight=45 110 43 37 322 56 75 62
leaf_count=45 110 43 37 322 56 75 62
internal_value=0.000866667 0.00171875 0.0075 0.000892857 -0.00189076 0.000274725 0.00346715
internal_weight=750 640 80 560 238 182 137
internal_count=750 640 80 560 238 182 137
is_linear=0
shrinkage=0.05


Tree=26
num_leaves=8
num_cat=0
split_feature=2 6 2 9 2 5 6
split_gain=1.41183 2.12391 2.6215 1.94897 1.82457 2.18439 1.97314
threshold=0.010508717715825846 -1.0399449479541236 -0.05461188648766712 0.094424416920194668 0.059103540465978772 0.012096776188746376 -0.85530243254686955
decision_type=2 2 2 10 2 2 2
left_child=1 -1 -3 -4 5 -2 -6
right_child=4 2 3 -5 6 -7 -8
leaf_value=0.0001063356118357887 -8.2030861977956334e-06 1.2991021711129988e-05 -0.00019436032637266791 6.1628307282839392e-05 -0.00021301900144779178 0.00012279954373392248 5.3732732673070566e-06
leaf_weight=57 49 157 135 37 39 80 189
leaf_count=57 49 157 135 37 39 80 189
internal_value=-0.000235532 -0.00233161 -0.00387538 -0.00813953 0.00203081 0.00678295 -0.000657895
internal_weight=743 386 329 172 357 129 228
internal_count=743 386 329 172 357 129 228
is_linear=0
shrinkage=0.05


Tree=27
num_leaves=8
num_cat=0
split_feature=4 4 10 12 10 10 3
split_gain=1.93454 2.279 2.22 1.91753 1.85275 1.60828 1.80224
threshold=0.021126172267342765 0.022046988634259308 -0.0061039058742593513 0.048021249302454556 -0.0089994587968861266 -0.0057598786545655081 0.0038928014653205616
decision_type=2 2 2 2 2 2 2
left_child=2 -2 -1 -4 -3 -6 -7
right_child=1 4 3 -5 5 6 -8
leaf_value=0.00017949785497608516 -0.00024952177357536164 -0.00031387633495559846 7.9088909641925666e-05 -0.00011297996036634665 0.00016624038034784413 -2.318123105194527e-05 7.02217067993536e-05
leaf_weight=27 46 58 179 40 28 236 131
leaf_count=27 46 58 179 40 28 236 131
internal_value=0.000436242 -0.00135271 0.00406504 0.00239726 -0.000275938 0.000949367 6.81199e-05
internal_weight=745 499 246 219 453 395 367
internal_count=745 499 246 219 453 395 367
is_linear=0
shrinkage=0.05


Tree=28
num_leaves=8
num_cat=0
split_feature=6 11 13 7 16 5 6
split_gain=1.44975 1.40728 2.1785 2.0152 1.95559 2.14039 1.62636
threshold=2.3974134748759153 0.0039565944761287284 13.414999961853029 0.05253603786977646 0.00089035561477923697 0.015294963788118872 -0.3788550827197289
decision_type=2 2 2 2 2 2 2
left_child=1 2 -1 4 5 -4 -7
right_child=-2 -3 3 -5 -6 6 -8
leaf_value=-0.00025472817685572621 -0.00020242683113748576 3.1880364823951098e-05 5.4513623198353387e-05 0.00023037867230963141 -0.00012916690189884814 4.9034239362297315e-05 -0.0003085464513579851
leaf_weight=26 33 381 130 33 64 39 46
leaf_count=26 33 381 130 33 64 39 46
internal_value=0.000398936 0.000869263 -0.00147929 -0.000320513 -0.00170251 0.000581395 -0.00558824
internal_weight=752 719 338 312 279 215 85
internal_count=752 719 338 312 279 215 85
is_linear=0
shrinkage=0.05


Tree=29
num_leaves=8
num_cat=0
split_feature=5 0 0 6 1 6 11
split_gain=1.89079 1.36683 1.72739 2.02346 1.53054 1.65785 2.60819
threshold=0.015381997389748468 0.023313941924064 0.012406459964679708 -0.15445721802958748 0.031988777306207646 -0.63089378262445817 -0.0092896544680063902
decision_type=2 2 2 2 2 2 2
left_child=1 2 4 -4 5 6 -1
right_child=-2 -3 3 -5 -6 -7 -8
leaf_value=0.00020476717109202031 -7.8535682668314218e-05 0.00011862699221456162 -0.00019165414726980543 1.2136293701692095e-05 0.00011306687282727586 -1.0564682229251798e-05 1.6176990366498658e-05
leaf_weight=28 241 29 25 38 61 211 97
leaf_count=28 241 29 25 38 61 211 97
internal_value=0.000616438 0.00240286 0.00173913 -0.00595238 0.0029597 0.0016369 0.0062
internal_weight=730 489 460 63 397 336 125
internal_count=730 489 460 63 397 336 125
is_linear=0
shrinkage=0.05


end of trees

feature_importances:
dist_ma50=20
parkinson_20=19
dvol_z_20=19
sector_ret_5d=17
spy_ret_1d=16
ret_1d=15
ret_20d=15
spy_ret_5d=14
ret_5d=13
atr_pct=13
overnight_gap=12
spy_ret_20d=10
dist_ma200=7
vix_chg_1d=7
vix_level=6
sector_ret_1d=4
dist_ma20=3

parameters:
[boosting: gbdt]
[objective: quantile]
[metric: quantile]
[tree_learner: serial]
[device_type: cpu]
[data_sample_strategy: bagging]
[data: ]
[valid: ]
[num_iterations: 80]
[learning_rate: 0.05]
[num_leaves: 8]
[num_threads: 1]
[seed: 0]
[deterministic: 0]
[force_col_wise: 1]
[force_row_wise: 0]
[histogram_pool_size: -1]
[max_depth: -1]
[min_data_in_leaf: 25]
[min_sum_hessian_in_leaf: 0.001]
[bagging_fraction: 0.9]
[pos_bagging_fraction: 1]
[neg_bagging_fraction: 1]
[bagging_freq: 1]
[bagging_seed: 3]
[bagging_by_query: 0]
[feature_fraction: 0.9]
[feature_fraction_bynode: 1]
[feature_fraction_seed: 2]
[extra_trees: 0]
[extra_seed: 6]
[early_stopping_round: 0]
[early_stopping_min_delta: 0]
[first_metric_only: 0]
[max_delta_step: 0]
[lambda_l1: 0]
[lambda_l2: 0]
[linear_lambda: 0]
[min_gain_to_split: 0]
[drop_rate: 0.1]
[max_drop: 50]
[skip_drop: 0.5]
[xgboost_dart_mode: 0]
[uniform_drop: 0]
[drop_seed: 4]
[top_rate: 0.2]
[other_rate: 0.1]
[min_data_per_group: 100]
[max_cat_threshold: 32]
[cat_l2: 10]
[cat_smooth: 10]
[max_cat_to_onehot: 4]
[top_k: 20]
[monotone_constraints: ]
[monotone_constraints_method: basic]
[monotone_penalty: 0]
[feature_contri: ]
[forcedsplits_filename: ]
[refit_decay_rate: 0.9]
[cegb_tradeoff: 1]
[cegb_penalty_split: 0]
[cegb_penalty_feature_lazy: ]
[cegb_penalty_feature_coupled: ]
[path_smooth: 0]
[interaction_constraints: ]
[verbosity: -1]
[saved_feature_importance_type: 0]
[use_quantized_grad: 0]
[num_grad_quant_bins: 4]
[quant_train_renew_leaf: 0]
[stochastic_rounding: 1]
[linear_tree: 0]
[max_bin: 255]
[max_bin_by_feature: ]
[min_data_in_bin: 3]
[bin_construct_sample_cnt: 200000]
[data_random_seed: 1]
[is_enable_sparse: 1]
[enable_bundle: 1]
[use_missing: 1]
[zero_as_missing: 0]
[feature_pre_filter: 1]
[pre_partition: 0]
[two_round: 0]
[header: 0]
[label_column: ]
[weight_column: ]
[group_column: ]
[ignore_column: ]
[categorical_feature: ]
[forcedbins_filename: ]
[precise_float_parser: 0]
[parser_config_file: ]
[objective_seed: 5]
[num_class: 1]
[is_unbalance: 0]
[scale_pos_weight: 1]
[sigmoid: 1]
[boost_from_average: 1]
[reg_sqrt: 0]
[alpha: 0.5]
[fair_c: 1]
[poisson_max_delta_step: 0.7]
[tweedie_variance_power: 1.5]
[lambdarank_truncation_level: 30]
[lambdarank_norm: 1]
[label_gain: ]
[lambdarank_position_bias_regularization: 0]
[eval_at: ]
[multi_error_top_k: 1]
[auc_mu_weights: ]
[num_machines: 1]
[local_listen_port: 12400]
[time_out: 120]
[machine_list_filename: ]
[machines: ]
[gpu_platform_id: -1]
[gpu_device_id: -1]
[gpu_device_id_list: ]
[gpu_use_dp: 0]
[num_gpu: 1]

end of parameters

pandas_categorical:[]
