tree
version=v4
num_class=1
num_tree_per_iteration=1
label_index=0
max_feature_idx=16
objective=quantile
feature_names=ret_1d ret_5d ret_20d overnight_gap atr_pct parkinson_20 dvol_z_20 dist_ma20 dist_ma50 dist_ma200 spy_ret_1d spy_ret_5d spy_ret_20d vix_level vix_chg_1d sector_ret_1d sector_ret_5d
feature_infos=[-0.11147411334955659:0.1536487773178199] [-0.15645424817504594:0.23769891914826147] [-0.1860939202278985:0.26195037134247157] [-0.093954218957082336:0.061573538616521928] [0.013129274061935065:0.050974586028302897] [0.0086839826496851354:0.028270955148887864] [-2.1377558000200825:4.3103909804488305] [-0.12802593226044801:0.13922022639543163] [-0.14602219392392379:0.11356578678638529] [-0.23900668985805129:0.15362766211476742] [-0.058542971330535654:0.10501930183911301] [-0.11496151859245618:0.082843162776128354] [-0.1226559005192206:0.15756591020035837] [11.859999656677246:52.330001831054688] [-0.35753873962348437:0.74039073966007019] [-0.057278671698730466:0.088354822396671695] [-0.10755366959955526:0.081588045068032633]
tree_sizes=837 863 855 860 851 867 863 863 857 864 861 853 868 859 860 863 864 861 871 867 865 867 865 868 874

Tree=0
num_leaves=8
num_cat=0
split_feature=5 6 13 15 14 5 13
split_gain=1.34537 0.976234 0.750481 1.01486 1.12565 0.645781 0.349091
threshold=0.01437032435201935 0.94895714028703659 17.394999504089359 -0.0032554598780692996 -0.030119880421319408 0.010121879644392781 21.664999961853031
decision_type=2 2 2 2 2 2 2
left_child=5 2 -2 6 -5 -1 -4
right_child=1 -3 3 4 -6 -7 -8
leaf_value=-0.026173242158611606 -0.025739376875572803 -0.026729515650607671 -0.025422117894255712 -0.026162857729328779 -0.026646221740956433 -0.025712542407738802 -0.026288610324577067
leaf_weight=29 135 41 30 40 45 401 25
leaf_count=29 135 41 30 40 45 401 25
internal_value=-0.0258647 -0.0283416 -0.0272685 -0.0298335 -0.0332578 -0.0240444 -0.0245413
internal_weight=746 316 275 140 85 430 55
internal_count=746 316 275 140 85 430 55
is_linear=0
shrinkage=1


Tree=1
num_leaves=8
num_cat=0
split_feature=13 5 11 11 2 2 10
split_gain=1.33031 0.701984 0.862622 1.33658 1.50717 1.02911 1.18521
threshold=25.319999694824222 0.014433149068631834 0.011634052199270497 0.0032511544819977538 -0.0068632841814953984 -0.043538856603480329 -0.0012648556783600438
decision_type=2 2 2 2 2 2 2
left_child=1 -1 3 5 -5 -3 -7
right_child=-2 2 -4 4 -6 6 -8
leaf_value=0.00012561016305647215 -0.00060511431260301565 0.00042629856019921642 8.5576633742312258e-05 -0.0014394686479452475 -8.9011470420206863e-05 0.00022394948443491079 -0.00069819382651502358
leaf_weight=424 34 50 94 25 37 29 40
leaf_count=424 34 50 94 25 37 29 40
internal_value=-4.77488e-05 0.000422032 -0.00154545 -0.00356354 -0.00951613 -0.000462185 -0.00442029
internal_weight=733 699 275 181 62 119 69
internal_count=733 699 275 181 62 119 69
is_linear=0
shrinkage=0.05


Tree=2
num_leaves=8
num_cat=0
split_feature=13 8 4 6 13 5 1
split_gain=1.4079 0.964601 1.30145 1.09126 1.09579 0.868443 0.792244
threshold=17.154999732971195 -0.051787888746923076 0.035000608562426504 -0.12565588485881518 19.214999198913578 0.014621964866877358 -0.014711365372964301
decision_type=2 10 2 2 2 2 2
left_child=-1 -2 3 6 -5 -6 -3
right_child=1 2 -4 4 5 -7 -8
leaf_value=0.00016533953229234683 4.65007903264685e-05 -0.00032899307141034766 -0.00076424472585972137 -0.00074622124908371745 0.00049670281051240048 -0.00043892311739843171 0.0001409546795569524
leaf_weight=422 84 31 25 46 32 25 80
leaf_count=422 84 31 25 46 32 25 80
internal_value=-0.000100671 -0.00258514 -0.00420502 -0.00294392 -0.00665049 -0.00201754 0.000495496
internal_weight=745 323 239 214 103 57 111
internal_count=745 323 239 214 103 57 111
is_linear=0
shrinkage=0.05


Tree=3
num_leaves=8
num_cat=0
split_feature=13 0 1 2 3 0 14
split_gain=0.768136 0.719207 0.838735 0.750056 0.534002 0.353056 0.321181
threshold=26.85000038146973 0.016122477254892246 0.0068023353210893154 0.094813978973812621 0.0038844407155630427 -0.026469188863704748 0.018934443393513026
decision_type=2 2 2 2 2 2 2
left_child=1 3 -3 5 -4 -1 -7
right_child=-2 2 4 -5 -6 6 -8
leaf_value=-0.00028976565607207919 -0.00055807585207866056 -0.0004772669384015204 0.00033721031879608795 -0.00051671422714912995 -0.00080382086118022285 4.9848793321435733e-05 0.000295104105029831
leaf_weight=27 26 28 25 36 37 378 180
leaf_count=27 26 28 25 36 37 378 180
internal_value=-2.03526e-05 0.000288326 -0.00388889 0.00089372 -0.000645161 0.00132479 0.00159498
internal_weight=737 711 90 621 62 585 558
internal_count=737 711 90 621 62 585 558
is_linear=0
shrinkage=0.05


Tree=4
num_leaves=8
num_cat=0
split_feature=13 1 6 3 8 13 8
split_gain=1.06287 0.861481 1.58881 0.951716 0.642949 0.776718 1.03044
threshold=17.154999732971195 0.015078104044629394 0.15681234980623823 -0.0059683680447253354 -0.047285879758738374 19.115000724792484 -0.008536260658889681
decision_type=2 2 2 2 10 2 10
left_child=-1 3 -3 -2 -5 6 -6
right_child=1 2 -4 4 5 -7 -8
leaf_value=0.00016343673450954795 -0.00051417076138284229 -2.4038444164938467e-05 -0.00072420998970202765 0.00038809752837395462 -0.00033494011518800046 5.146128675390596e-05 4.1029195519888023e-05
leaf_weight=429 44 47 28 59 29 73 34
leaf_count=429 44 47 28 59 29 73 34
internal_value=-0.000114401 -0.00232484 -0.007 -0.00085774 0.000641026 -0.00125 -0.00531746
internal_weight=743 314 75 239 195 136 63
internal_count=743 314 75 239 195 136 63
is_linear=0
shrinkage=0.05


Tree=5
num_leaves=8
num_cat=0
split_feature=5 6 1 0 10 11 3
split_gain=0.83619 0.739909 1.40572 0.762698 0.442033 0.855543 1.46847
threshold=0.012441807787391547 0.39495975497158348 0.015437022828404647 -0.0013351331595271574 -0.0035395277323598258 0.010571725721311933 -0.0026950153065318223
decision_type=2 2 2 2 2 2 2
left_child=-1 4 3 -3 -2 6 -6
right_child=1 2 -4 -5 5 -7 -8
leaf_value=0.00011978296271773336 0.00016879282728467576 0.0002015124423153761 -0.00072287235185565729 -0.00024716900684905848 -0.00072991761893182307 5.3207686301024333e-05 -5.7421811542419825e-05
leaf_weight=292 93 35 31 28 32 114 107
leaf_count=292 93 35 31 28 32 114 107
internal_value=-0.000327869 -0.00170455 -0.0056383 -0.00134921 -0.000635838 -0.00171937 -0.00435252
internal_weight=732 440 94 63 346 253 139
internal_count=732 440 94 63 346 253 139
is_linear=0
shrinkage=0.05


Tree=6
num_leaves=8
num_cat=0
split_feature=16 0 11 3 4 11 11
split_gain=0.745485 0.655347 1.00902 0.541432 0.410263 0.332955 0.3026
threshold=-0.031096465877976261 0.010722023922919878 0.020793253578218044 0.0071712406789227199 0.035000608562426504 -0.00737805067741537 0.027231962502118127
decision_type=2 2 2 2 2 2 2
left_child=-1 4 3 -3 5 -2 -7
right_child=1 2 -4 -5 -6 6 -8
leaf_value=-0.00038053652809628508 0.00051075931781115918 -0.00021851529547214682 0.00056311131765737798 -0.00076836263298735792 -0.00031115440248137387 2.3609527669318939e-05 0.00033395521677963096
leaf_weight=46 96 91 37 25 26 376 47
leaf_count=46 96 91 37 25 26 376 47
internal_value=0.000295699 0.000702006 -0.00218954 -0.00448276 0.00151376 0.00182081 0.00121749
internal_weight=744 698 153 116 545 519 423
internal_count=744 698 153 116 545 519 423
is_linear=0
shrinkage=0.05


Tree=7
num_leaves=8
num_cat=0
split_feature=6 11 11 10 8 9 4
split_gain=1.03473 1.12059 1.61832 1.27569 0.698655 1.51761 0.613558
threshold=-0.12565588485881518 0.012360939559302066 0.0032511544819977538 0.00069579143919507047 -0.02977033137727619 -0.076017254798724274 0.024906195757401436
decision_type=2 2 2 2 8 10 2
left_child=6 2 4 -4 -2 -6 -1
right_child=1 -3 3 -5 5 -7 -8
leaf_value=0.00017605758710510037 0.0002564680497215339 0.00018198278202677349 -0.00094963927346679961 -0.00021119991289764102 -0.00052634088668489796 0.00024726702785015438 -0.00018137592914267581
leaf_weight=269 61 89 41 42 27 67 144
leaf_count=269 61 89 41 42 27 67 144
internal_value=6.75678e-05 -0.00203364 -0.00382353 -0.00945783 -0.000806451 -0.00351064 0.00173124
internal_weight=740 327 238 83 155 94 413
internal_count=740 327 238 83 155 94 413
is_linear=0
shrinkage=0.05


Tree=8
num_leaves=8
num_cat=0
split_feature=6 14 14 13 8 6 1
split_gain=0.680104 0.715967 1.16346 0.65553 0.672769 0.722371 0.885873
threshold=1.1647039310890552 0.032336920174311119 -0.010794703163862494 17.180000305175785 -0.051787888746923076 0.31541775304130121 -0.015202489567227027
decision_type=2 2 2 2 10 2 2
left_child=3 2 -2 -1 -5 6 -6
right_child=1 -3 -4 4 5 -7 -8
leaf_value=0.00017533287891555784 -0.00026143482189421003 0.00012462804157097027 -0.0010775281645345328 9.5393313504234088e-05 -0.00041616729513598081 -0.00042256874712956211 6.3661479435389392e-05
leaf_weight=393 40 27 25 76 45 31 124
leaf_count=393 40 27 25 76 45 31 124
internal_value=0.000335086 -0.00369565 -0.00653846 0.000889387 -0.000978261 -0.0025 -0.00121302
internal_weight=761 92 65 669 276 200 169
internal_count=761 92 65 669 276 200 169
is_linear=0
shrinkage=0.05


Tree=9
num_leaves=8
num_cat=0
split_feature=13 6 3 5 9 3 8
split_gain=1.02938 0.736069 0.979927 0.543487 0.534729 0.512909 0.821187
threshold=17.154999732971195 0.31541775304130121 0.0035052910573769584 0.010457059339880174 -0.12054490914136133 -0.0059683680447253354 -0.019583750426277021
decision_type=2 2 2 2 10 2 10
left_child=3 5 4 -1 -3 -2 -7
right_child=1 2 -4 -5 -6 6 -8
leaf_value=-0.00013993244558234687 -0.00043986814131429338 7.0764087869845733e-05 -0.0006414579434212682 0.00017676267585946056 -0.00040604229568161863 0.00011881709535427532 -0.00018686171811421539
leaf_weight=48 36 27 34 373 25 101 94
leaf_count=48 36 27 34 373 25 101 94
internal_value=5.42007e-05 -0.00209779 -0.00604651 0.00167458 -0.00173077 -0.000627705 0.000384616
internal_weight=738 317 86 421 52 231 195
internal_count=738 317 86 421 52 231 195
is_linear=0
shrinkage=0.05


Tree=10
num_leaves=8
num_cat=0
split_feature=0 0 2 5 5 4 4
split_gain=0.998401 0.716722 0.500687 0.321829 0.413528 0.485134 0.525611
threshold=-0.026469188863704748 0.023900587954492795 0.094813978973812621 0.010121879644392781 0.012441807787391547 0.020869782576101659 0.019511564846820751
decision_type=2 2 2 2 2 2 2
left_child=-1 2 3 -2 -5 6 -6
right_child=1 -3 -4 4 5 -7 -8
leaf_value=-0.00040933941673479846 -0.0001925647222698923 -0.00055525216141966258 -0.00039578260544017647 0.00024373513720920108 2.7614374731640649e-05 0.00011778236232887715 -0.0002478075294182207
leaf_weight=35 29 43 37 244 26 309 25
leaf_count=35 29 43 37 244 26 309 25
internal_value=0.000387701 0.000792427 0.00119403 0.00152449 0.00177152 0.000694445 -0.00382353
internal_weight=748 713 670 633 604 360 51
internal_count=748 713 670 633 604 360 51
is_linear=0
shrinkage=0.05


Tree=11
num_leaves=8
num_cat=0
split_feature=11 6 10 12 5 0 11
split_gain=0.672015 0.811118 0.921932 0.489655 0.557958 0.66 0.594397
threshold=0.012210489302713847 1.2271266355464503 -0.0015680296438443373 0.042094246586577462 0.011014362858336605 0.0010619399028460876 0.0033857060530237963
decision_type=2 2 2 2 2 2 2
left_child=1 3 -3 4 5 -1 -6
right_child=-2 2 -4 -5 6 -7 -8
leaf_value=2.5499584500067834e-05 0.00016299783144978 4.0838027274420669e-05 -0.0006747438887621097 0.00054624170934228743 0.00010882691364753673 -0.00017382592454308419 -0.000138328455359931
leaf_weight=30 234 31 29 68 234 25 95
leaf_count=30 234 31 29 68 234 25 95
internal_value=0.000643432 -0.000371094 -0.00583333 0.000353982 -0.000338541 -0.005 0.00044073
internal_weight=746 512 60 452 384 55 329
internal_count=746 512 60 452 384 55 329
is_linear=0
shrinkage=0.05


Tree=12
num_leaves=8
num_cat=0
split_feature=13 0 2 2 5 8 0
split_gain=0.878637 0.877761 0.768717 0.940025 0.987567 0.789665 0.704328
threshold=17.180000305175785 -0.02464916504151193 -0.062373750723803904 -0.029327461736593171 0.013447065708120749 -0.019583750426277021 0.0020694947540720325
decision_type=2 2 2 2 2 10 2
left_child=6 -2 -3 -4 -5 -6 -1
right_child=1 2 3 4 5 -7 -8
leaf_value=0.00025557393775941996 -0.00042624807669727798 0.00010767843015013979 -0.00083070223311736276 0.00014069657116460213 0.00036935668933622812 -0.0003824320249537649 -2.0590115301042162e-06
leaf_weight=237 26 61 49 78 27 62 186
leaf_count=237 26 61 49 78 27 62 186
internal_value=0.000454546 -0.00160066 -0.000776173 -0.00217593 -0.000389221 -0.00398876 0.00192671
internal_weight=726 303 277 216 167 89 423
internal_count=726 303 277 216 167 89 423
is_linear=0
shrinkage=0.05


Tree=13
num_leaves=8
num_cat=0
split_feature=0 6 12 4 8 8 7
split_gain=0.954033 0.704886 1.10221 0.587002 0.512824 0.600455 1.21636
threshold=-0.026469188863704748 1.2043789196894066 0.033382805411833923 0.035000608562426504 0.048352480770674673 0.032179023406656022 0.016582132930748176
decision_type=2 2 2 2 8 10 2
left_child=-1 3 -3 4 5 -2 -7
right_child=1 2 -4 -5 -6 6 -8
leaf_value=-0.0003730091106761019 7.8336775327338563e-05 4.6205855203106935e-05 -0.0011091790104859028 -0.00047940664863861101 0.00028827430868631521 -0.00033880998511628263 5.5338397844542376e-05
leaf_weight=34 419 46 30 33 120 26 34
leaf_count=34 419 46 30 33 120 26 34
internal_value=-5.39082e-05 0.000338983 -0.00421053 0.000886076 0.00124374 0.000511482 -0.00416667
internal_weight=742 708 76 632 599 479 60
internal_count=742 708 76 632 599 479 60
is_linear=0
shrinkage=0.05


Tree=14
num_leaves=8
num_cat=0
split_feature=0 13 5 5 4 0 7
split_gain=0.863965 0.903637 0.961012 1.19909 1.11221 0.72017 0.520382
threshold=0.0020694947540720325 20.610000610351566 0.01437032435201935 0.010457059339880174 0.025807008100314641 -0.028962874701661031 0.0021475275833929834
decision_type=2 2 2 2 2 2 2
left_child=5 2 3 -2 -4 -1 -5
right_child=1 -3 4 6 -6 -7 -8
leaf_value=-0.00038628521732860909 -0.00042557439794075485 -0.00056260364790082322 -0.00065795505106128844 -6.2154290550279604e-06 7.7126194155031983e-05 0.00011949962614952297 0.000301274644728686
leaf_weight=26 25 39 49 59 52 375 99
leaf_count=26 25 39 49 59 52 375 99
internal_value=-4.14363e-05 -0.00196594 -0.000985915 0.00117486 -0.00490099 0.00150873 0.00278481
internal_weight=724 323 284 183 101 401 158
internal_count=724 323 284 183 101 401 158
is_linear=0
shrinkage=0.05


Tree=15
num_leaves=8
num_cat=0
split_feature=11 13 2 14 13 11 12
split_gain=0.771938 0.590472 0.585879 0.552052 0.515277 1.04167 0.719166
threshold=0.020793253578218044 17.154999732971195 0.065589961771918906 -0.0046169142462271764 18.94999980926514 0.0057915448439024306 -0.016903988497052599
decision_type=2 2 2 2 2 2 2
left_child=1 2 -1 -4 5 -3 -6
right_child=-2 4 3 -5 6 -7 -8
leaf_value=0.00011234665285236169 0.00029396403779532142 -1.743284597723501e-05 -0.00048968520213180816 0.00017377241064325257 -0.00036351215076229265 -0.00038552372373783315 9.887918031360217e-05
leaf_weight=289 112 60 30 28 77 40 96
leaf_count=289 112 60 30 28 77 40 96
internal_value=0.000286885 -0.000403226 0.000965418 -0.00362069 -0.00214286 -0.005 -0.000491329
internal_weight=732 620 347 58 273 100 173
internal_count=732 620 347 58 273 100 173
is_linear=0
shrinkage=0.05


Tree=16
num_leaves=8
num_cat=0
split_feature=4 2 1 3 12 12 11
split_gain=0.644995 0.958271 0.512498 1.1832 0.832276 0.687619 0.499596
threshold=0.024650499546490488 -0.088238170523648005 -0.009539175185468261 0.00098981497049654998 0.017736391476984806 0.0065049739274190008 0.013148939613643941
decision_type=2 2 2 2 2 2 2
left_child=6 -2 4 -4 -3 -5 -1
right_child=1 2 3 5 -6 -7 -8
leaf_value=4.0599343392291063e-06 0.00010986551205402079 -0.00026016362472711671 0.00025472479276364098 -0.00095442510418832036 -0.00070054451420968253 -5.5897332340923685e-05 0.00019894701915393299
leaf_weight=355 50 49 59 25 26 35 152
leaf_count=355 50 49 59 25 26 35 152
internal_value=-5.99199e-05 -0.00217213 -0.00376289 -0.00172269 -0.007 -0.00666667 0.000956608
internal_weight=751 244 194 119 75 60 507
internal_count=751 244 194 119 75 60 507
is_linear=0
shrinkage=0.05


Tree=17
num_leaves=8
num_cat=0
split_feature=6 15 8 7 5 2 8
split_gain=0.648456 0.649708 0.650966 0.503239 0.54558 0.841005 0.587472
threshold=0.60096254503533386 0.0016602738435828048 -0.012381195948581223 0.012679838784891763 0.017513237619090318 -0.065467488610848043 0.031939929713095012
decision_type=2 2 10 2 2 2 10
left_child=3 -2 -3 4 6 -6 -1
right_child=1 2 -4 -5 5 -7 -8
leaf_value=6.0267870588797217e-05 1.0428694107963056e-05 -9.0581227923369555e-05 -0.00044242423945171189 0.00011638476733839118 9.2287491335910467e-05 -0.0011232455283333826 -0.00025596550439431633
leaf_weight=310 88 36 33 197 27 28 25
leaf_count=310 88 36 33 197 27 28 25
internal_value=-0.000107527 -0.00296178 -0.0065942 0.000655878 -0.000384615 -0.005 0.000373135
internal_weight=744 157 69 587 390 55 335
internal_count=744 157 69 587 390 55 335
is_linear=0
shrinkage=0.05


Tree=18
num_leaves=8
num_cat=0
split_feature=13 14 15 1 15 15 6
split_gain=0.548942 0.693961 0.937729 1.01463 0.562636 0.826403 0.543613
threshold=14.484999656677248 0.020125848996620292 -0.001511920490717855 0.00094083527014654511 -0.015434750499968617 0.0018164194225900323 1.2043789196894066
decision_type=2 2 2 2 2 2 2
left_child=6 2 3 -2 -3 -6 -1
right_child=1 4 -4 -5 5 -7 -8
leaf_value=0.00018899992273537045 -0.00018209378668680826 -0.00036271159217185955 -3.3840665388092018e-05 -0.00046785937307954181 0.00018454175968745065 -8.9905699878612368e-05 -0.00068540841422595289
leaf_weight=158 51 31 273 40 129 41 27
leaf_count=158 51 31 273 40 129 41 27
internal_value=-6.66665e-05 -0.000840708 -0.00214286 -0.00653846 0.00151741 0.00264706 0.0022973
internal_weight=750 565 364 91 201 170 185
internal_count=750 565 364 91 201 170 185
is_linear=0
shrinkage=0.05


Tree=19
num_leaves=8
num_cat=0
split_feature=11 11 1 11 1 13 10
split_gain=0.596756 0.959802 1.44989 0.752544 0.732927 0.670412 0.765826
threshold=0.011605230504387444 0.0032511544819977538 -0.010438073272921176 0.0072949527951166057 0.020780930523805367 20.610000610351566 -0.0012648556783600438
decision_type=2 2 2 2 2 2 2
left_child=1 5 3 -3 -4 -1 -7
right_child=-2 2 4 -5 -6 6 -8
leaf_value=8.916635766427143e-05 0.00010516102872679544 -0.00026010679508547697 0.00026513967551547695 -0.00030546003639090387 -0.00039397453979904564 1.1285623141684855e-05 -0.00050015676072105773
leaf_weight=257 246 28 56 26 43 59 26
leaf_count=257 246 28 56 26 43 59 26
internal_value=0.000141701 -0.000858586 -0.00415033 -0.0107407 -0.000555555 0.000614035 -0.00323529
internal_weight=741 495 153 54 99 342 85
internal_count=741 495 153 54 99 342 85
is_linear=0
shrinkage=0.05


Tree=20
num_leaves=8
num_cat=0
split_feature=0 3 7 16 9 11 13
split_gain=0.530578 0.590113 0.610251 1.4487 0.989592 0.598939 0.618155
threshold=0.0012010546785048428 -0.0031704494190294415 0.0085830139582198112 0.0018161638843066099 -0.056615534432075169 0.019179082572346465 16.125000000000004
decision_type=2 2 2 2 10 2 2
left_child=-1 -2 3 -3 -5 6 -4
right_child=1 2 5 4 -6 -7 -8
leaf_value=7.8185679074057238e-05 0.00027518557019319832 6.2984663441850155e-05 0.00010731940772349598 -0.00010933993049927871 -0.00024969994944559515 0.00033098395673395906 -0.00042298620744248721
leaf_weight=384 48 65 68 41 38 45 50
leaf_count=384 48 65 68 41 38 45 50
internal_value=0.000196211 -0.00119718 -0.00200326 -0.004375 -0.00892405 9.20247e-05 -0.00177966
internal_weight=739 355 307 144 79 163 118
internal_count=739 355 307 144 79 163 118
is_linear=0
shrinkage=0.05


Tree=21
num_leaves=8
num_cat=0
split_feature=14 6 12 7 8 13 12
split_gain=0.554807 0.601319 0.773684 0.749074 0.8906 0.748333 0.940723
threshold=0.020730184888119289 1.2043789196894066 0.033382805411833923 0.012679838784891763 0.031939929713095012 17.180000305175785 0.013959739003271522
decision_type=2 2 2 2 10 2 2
left_child=1 3 -3 4 5 -1 -7
right_child=-2 2 -4 -5 -6 6 -8
leaf_value=0.00016581331250788852 9.5106077268715075e-05 -2.6470693721076688e-06 -0.000928365378890976 0.00013758832740948639 -0.00029920996569250316 -7.2252127214378841e-05 -0.00027748979252113949
leaf_weight=150 236 30 27 155 26 91 31
leaf_count=150 236 30 27 155 26 91 31
internal_value=0.000241287 -0.000686274 -0.00552632 -7.72625e-05 -0.00154362 -0.000698529 -0.00360656
internal_weight=746 510 57 453 298 272 122
internal_count=746 510 57 453 298 272 122
is_linear=0
shrinkage=0.05


Tree=22
num_leaves=8
num_cat=0
split_feature=5 0 14 2 0 10 16
split_gain=0.87791 1.00813 0.83337 1.0002 0.575452 0.519777 0.334316
threshold=0.014335143803887675 0.0024980199295909782 -0.056925165822572281 -0.013154985017229946 -0.026469188863704748 0.0048530643765671852 -0.0050270356933383989
decision_type=2 2 2 2 2 2 2
left_child=6 4 -3 -4 -2 -6 -1
right_child=1 2 3 -5 5 -7 -8
leaf_value=0.00029426780852013693 -0.00030783320313871048 0.0001406993001211303 -9.6701833312451589e-05 -0.00053488735285911427 9.1588322792356637e-05 -0.00025269511664053316 2.911910137359102e-05
leaf_weight=111 27 38 42 48 121 35 318
leaf_count=111 27 38 42 48 121 35 318
internal_value=0.00027027 -0.00175241 -0.00515625 -0.00777778 0.000628415 0.00179487 0.0017366
internal_weight=740 311 128 90 183 156 429
internal_count=740 311 128 90 183 156 429
is_linear=0
shrinkage=0.05


Tree=23
num_leaves=8
num_cat=0
split_feature=16 2 5 11 10 14 11
split_gain=0.774465 0.52731 0.659074 0.653749 1.08651 1.65762 0.743122
threshold=-0.031096465877976261 -0.068712342448403005 0.014335143803887675 0.010968316355360443 0.00074647751592549227 -0.037220785866969024 0.0032511544819977538
decision_type=2 2 2 2 2 2 2
left_child=-1 -2 -3 4 6 -6 -4
right_child=1 2 3 -5 5 -7 -8
leaf_value=-0.00025521972034939737 0.00018983612529618448 6.6760903616090866e-05 9.6114884817007594e-05 1.1614687495318681e-05 -7.7023980320724023e-05 -0.0006684128459848648 -0.00037212851375830499
leaf_weight=45 83 380 54 95 35 25 30
leaf_count=45 83 380 54 95 35 25 30
internal_value=0.000247657 0.000655271 0.000153474 -0.00190377 -0.00402778 -0.00916667 -0.000357143
internal_weight=747 702 619 239 144 60 84
internal_count=747 702 619 239 144 60 84
is_linear=0
shrinkage=0.05


Tree=24
num_leaves=8
num_cat=0
split_feature=0 14 15 7 8 13 6
split_gain=0.520759 0.454579 0.604857 0.517173 0.938389 0.826872 0.870483
threshold=0.028656661803023068 0.020730184888119289 -0.015434750499968617 0.012679838784891763 0.031939929713095012 17.180000305175785 0.39495975497158348
decision_type=2 2 2 2 10 2 2
left_child=1 3 -3 4 5 -1 -7
right_child=-2 2 -4 -5 -6 6 -8
leaf_value=0.00011341609470304329 -0.00066600701654767407 -0.00030824946219384198 0.00013770867992204296 3.4518108835334134e-05 -0.00028995414101828839 -0.00012640360997682743 -0.00049919123290329979
leaf_weight=159 25 33 197 168 25 106 31
leaf_count=159 25 33 197 168 25 106 31
internal_value=9.40862e-05 0.000340751 0.00217391 -0.000521472 -0.00169782 -0.000912162 -0.00375912
internal_weight=744 719 230 489 321 296 137
internal_count=744 719 230 489 321 296 137
is_linear=0
shrinkage=0.05


end of trees

feature_importances:
spy_ret_5d=19
vix_level=19
ret_1d=16
parkinson_20=15
dvol_z_20=14
dist_ma50=13
ret_20d=11
vix_chg_1d=10
ret_5d=9
overnight_gap=8
atr_pct=8
spy_ret_1d=7
spy_ret_20d=7
dist_ma20=6
sector_ret_1d=6
sector_ret_5d=4
dist_ma200=3

parameters:
[boosting: gbdt]
[objective: quantile]
[metric: quantile]
[tree_learner: serial]
[device_type: cpu]
[data_sample_strategy: bagging]
[data: ]
[valid: ]
[num_iterations: 80]
[learning_rate: 0.05]
[num_leaves: 8]
[num_threads: 1]
[seed: 0]
[deterministic: 0]
[force_col_wise: 1]
[force_row_wise: 0]
[histogram_pool_size: -1]
[max_depth: -1]
[min_data_in_leaf: 25]
[min_sum_hessian_in_leaf: 0.001]
[bagging_fraction: 0.9]
[pos_bagging_fraction: 1]
[neg_bagging_fraction: 1]
[bagging_freq: 1]
[bagging_seed: 3]
[bagging_by_query: 0]
[feature_fraction: 0.9]
[feature_fraction_bynode: 1]
[feature_fraction_seed: 2]
[extra_trees: 0]
[extra_seed: 6]
[early_stopping_round: 0]
[early_stopping_min_delta: 0]
[first_metric_only: 0]
[max_delta_step: 0]
[lambda_l1: 0]
[lambda_l2: 0]
[linear_lambda: 0]
[min_gain_to_split: 0]
[drop_rate: 0.1]
[max_drop: 50]
[skip_drop: 0.5]
[xgboost_dart_mode: 0]
[uniform_drop: 0]
[drop_seed: 4]
[top_rate: 0.2]
[other_rate: 0.1]
[min_data_per_group: 100]
[max_cat_threshold: 32]
[cat_l2: 10]
[cat_smooth: 10]
[max_cat_to_onehot: 4]
[top_k: 20]
[monotone_constraints: ]
[monotone_constraints_method: basic]
[monotone_penalty: 0]
[feature_contri: ]
[forcedsplits_filename: ]
[refit_decay_rate: 0.9]
[cegb_tradeoff: 1]
[cegb_penalty_split: 0]
[cegb_penalty_feature_lazy: ]
[cegb_penalty_feature_coupled: ]
[path_smooth: 0]
[interaction_constraints: ]
[verbosity: -1]
[saved_feature_importance_type: 0]
[use_quantized_grad: 0]
[num_grad_quant_bins: 4]
[quant_train_renew_leaf: 0]
[stochastic_rounding: 1]
[linear_tree: 0]
[max_bin: 255]
[max_bin_by_feature: ]
[min_data_in_bin: 3]
[bin_construct_sample_cnt: 200000]
[data_random_seed: 1]
[is_enable_sparse: 1]
[enable_bundle: 1]
[use_missing: 1]
[zero_as_missing: 0]
[feature_pre_filter: 1]
[pre_partition: 0]
[two_round: 0]
[header: 0]
[label_column: ]
[weight_column: ]
[group_column: ]
[ignore_column: ]
[categorical_feature: ]
[forcedbins_filename: ]
[precise_float_parser: 0]
[parser_config_file: ]
[objective_seed: 5]
[num_class: 1]
[is_unbalance: 0]
[scale_pos_weight: 1]
[sigmoid: 1]
[boost_from_average: 1]
[reg_sqrt: 0]
[alpha: 0.1]
[fair_c: 1]
[poisson_max_delta_step: 0.7]
[tweedie_variance_power: 1.5]
[lambdarank_truncation_level: 30]
[lambdarank_norm: 1]
[label_gain: ]
[lambdarank_position_bias_regularization: 0]
[eval_at: ]
[multi_error_top_k: 1]
[auc_mu_weights: ]
[num_machines: 1]
[local_listen_port: 12400]
[time_out: 120]
[machine_list_filename: ]
[machines: ]
[gpu_platform_id: -1]
[gpu_device_id: -1]
[gpu_device_id_list: ]
[gpu_use_dp: 0]
[num_gpu: 1]

end of parameters

pandas_categorical:[]
