tree
version=v4
num_class=1
num_tree_per_iteration=1
label_index=0
max_feature_idx=16
objective=quantile
feature_names=ret_1d ret_5d ret_20d overnight_gap atr_pct parkinson_20 dvol_z_20 dist_ma20 dist_ma50 dist_ma200 spy_ret_1d spy_ret_5d spy_ret_20d vix_level vix_chg_1d sector_ret_1d sector_ret_5d
feature_infos=[-0.090056271538766719:0.11627008194598121] [-0.092531242048093931:0.17414684826457627] [-0.18892502728255067:0.22961857302462874] [-0.063988900661632542:0.084039755714921727] [0.015269017959305119:0.055982394914521096] [0.010002072537179848:0.031993984575615191] [-2.2530313312333896:4.3460508720898039] [-0.097716660743437544:0.16436247007693328] [-0.16952546987298955:0.19222077587986131] [-0.21721560251978755:0.29448059700458207] [-0.058542971330535654:0.10501930183911301] [-0.11496151859245618:0.082843162776128354] [-0.1226559005192206:0.15756591020035837] [11.859999656677246:52.330001831054688] [-0.35753873962348437:0.74039073966007019] [-0.062852571542473257:0.088816390052506744] [-0.11675896877857916:0.085294626879873769]
tree_sizes=840 852 852 858 851 862 857 848 852 835 860 854 861 853 859 852 852 856 861 857 858 856 863 866 857 851 854 839 853 855 858 858 865 861 866 850 851 862 858 861 857 865 858 856 871 861 862 867 864 869 872 857 855 862 862 855 861 867 845 845 863 856 858 860 850 834 866

Tree=0
num_leaves=8
num_cat=0
split_feature=4 15 9 13 6 2 12
split_gain=3.53218 2.01807 2.00181 2.40667 1.79331 1.74467 1.56988
threshold=0.024228135936604264 0.0099882881474724367 0.06437676652990966 18.510000228881839 1.3965563350927324 0.062394817170074897 0.023412728930134134
decision_type=2 2 10 2 2 2 2
left_child=1 2 3 -1 -2 6 -4
right_child=4 -3 5 -5 -6 -7 -8
leaf_value=-0.0093166950158774849 -0.0095592435449361798 -0.0092480011517181993 -0.009554327558726072 -0.0095576187130063765 -0.010034055868163704 -0.0093420661520212892 -0.0097823679214343422
leaf_weight=96 409 38 43 25 45 68 26
leaf_count=96 409 38 43 25 45 68 26
internal_value=-0.0100323 -0.00578278 -0.00736721 -0.00268081 -0.012803 -0.0115063 -0.0171077
internal_weight=750 296 258 121 454 137 69
internal_count=750 296 258 121 454 137 69
is_linear=0
shrinkage=1


Tree=1
num_leaves=8
num_cat=0
split_feature=4 9 7 10 14 8 8
split_gain=3.13753 1.86515 1.49538 1.79609 1.67923 2.09332 2.04214
threshold=0.024228135936604264 0.15583628948068076 0.054083361570105633 0.0084135578248018001 0.044393091515214207 0.019917988062005069 0.10348138918872309
decision_type=2 10 2 2 2 8 10
left_child=2 -2 3 4 5 -1 -7
right_child=1 -3 -4 -5 -6 6 -8
leaf_value=0.00019894079712685196 -3.8493257015943547e-05 -0.00017114570247940723 -0.00011796104430686684 0.00022525763837620615 0.00025974204530939456 -5.6682176655158428e-05 0.00016579624032601718
leaf_weight=46 374 60 40 27 53 104 30
leaf_count=46 374 60 40 27 53 104 30
internal_value=6.81199e-05 -0.00264977 0.004 0.00538462 0.00396996 0.00166667 -0.00149254
internal_weight=734 434 300 260 233 180 134
internal_count=734 434 300 260 233 180 134
is_linear=0
shrinkage=0.05


Tree=2
num_leaves=8
num_cat=0
split_feature=4 9 3 12 13 14 11
split_gain=1.86432 1.78941 1.57245 2.28052 2.02807 1.96042 1.70768
threshold=0.024228135936604264 0.19434377847036646 0.0028122685296655407 0.020963092201194859 18.94999980926514 -0.061929277885563232 -0.023324981642921735
decision_type=2 10 2 2 2 2 2
left_child=-1 2 5 4 -4 -2 -7
right_child=1 -3 3 -5 -6 6 -8
leaf_value=7.4657986202510051e-05 5.7115192525088785e-05 -0.0002215984324575402 0.00019919387623667717 -6.1657190322875985e-05 -5.6254227674799051e-05 0.00023193938750773669 -0.00019310957659035924
leaf_weight=299 30 25 57 72 38 31 197
leaf_count=299 30 25 57 72 38 31 197
internal_value=3.33778e-05 -0.002 -0.00123529 0.00254491 0.00763158 -0.00368217 -0.00526316
internal_weight=749 450 425 167 95 258 228
internal_count=749 450 425 167 95 258 228
is_linear=0
shrinkage=0.05


Tree=3
num_leaves=8
num_cat=0
split_feature=13 10 9 14 2 7 4
split_gain=1.77392 3.71195 2.64375 2.02466 2.06906 1.92359 1.83537
threshold=17.695000648498539 -0.0074311148447236399 0.072945302510248347 0.041854253665611248 0.047064387245334911 0.055849337595023869 0.024704061741463352
decision_type=2 2 10 2 2 2 2
left_child=1 -1 6 4 -4 -6 -3
right_child=-2 2 3 -5 5 -7 -8
leaf_value=0.00031906141662038862 -0.00012387390013172996 0.00013794092705502405 -0.00010713702622597347 -0.000306817680207314 0.00016468471248954299 -7.931299253395993e-05 -1.2313004164025196e-05
leaf_weight=27 278 118 90 28 72 31 99
leaf_count=27 278 118 90 28 72 31 99
internal_value=-0.000437416 0.00145161 0.000342466 -0.00350679 -0.00168394 0.00315534 0.00426267
internal_weight=743 465 438 221 193 103 217
internal_count=743 465 438 221 193 103 217
is_linear=0
shrinkage=0.05


Tree=4
num_leaves=8
num_cat=0
split_feature=6 9 4 15 8 1 15
split_gain=1.75873 2.08574 1.57281 1.60423 1.85021 2.597 1.74455
threshold=1.3038273316602118 0.10114221370399791 0.035727121911689974 -0.0042783515257603369 0.015675061638328883 -0.017037993462049535 -0.0032603671898210336
decision_type=2 10 2 2 8 2 2
left_child=2 -2 3 4 5 -1 -5
right_child=1 -3 -4 6 -6 -7 -8
leaf_value=0.00017630817888071755 -4.8302252578288213e-06 -0.00043119907238637104 -0.00014551259784544528 -0.00017103243039433437 0.0002248458926961029 -0.00044297003607403899 2.8067130064518943e-05
leaf_weight=53 51 31 60 27 73 33 418
leaf_count=53 51 31 60 27 73 33 418
internal_value=0.000201072 -0.00670732 0.00105422 0.00182119 0.00613208 0.00116279 0.000280899
internal_weight=746 82 664 604 159 86 445
internal_count=746 82 664 604 159 86 445
is_linear=0
shrinkage=0.05


Tree=5
num_leaves=8
num_cat=0
split_feature=4 8 9 10 11 3 15
split_gain=2.31082 2.03651 2.20465 3.10462 2.84885 1.81276 1.28744
threshold=0.033596060448753413 -0.071987275452946906 0.072945302510248347 -0.0072745110629502388 0.0039565944761287284 0.002904498534095246 0.00094700808271475101
decision_type=2 10 10 2 2 2 2
left_child=1 6 -3 -4 -5 -2 -1
right_child=5 2 3 4 -6 -7 -8
leaf_value=-1.13764634583023e-05 -0.00028997407569027021 9.9536818932963791e-05 0.00023221013640327146 -0.0002627993278092727 6.5473133543745867e-06 2.3288872681048777e-05 -0.0003634763201642746
leaf_weight=31 68 285 26 92 162 46 27
leaf_count=31 68 285 26 92 162 46 27
internal_value=-3.39213e-05 0.00116372 0.00207965 -0.00107143 -0.00275591 -0.00657895 -0.00775862
internal_weight=737 623 565 280 254 114 58
internal_count=737 623 565 280 254 114 58
is_linear=0
shrinkage=0.05


Tree=6
num_leaves=8
num_cat=0
split_feature=13 10 14 10 9 7 8
split_gain=2.77218 2.13669 1.78827 2.25524 1.77299 1.45489 1.53082
threshold=17.695000648498539 -0.0074311148447236399 0.013234785210327617 0.0018426398432722648 0.066196551339127177 -0.002577315709254346 0.016208533287118469
decision_type=2 2 2 2 10 2 10
left_child=1 -1 3 4 -3 -4 -7
right_child=-2 2 5 -5 -6 6 -8
leaf_value=0.0002325231159215088 -9.8917166026948986e-05 0.00022879738843893983 -0.00018697357866740238 3.6458212740887036e-08 6.7435084367786256e-05 0.00020247662154644467 -9.1223924183871972e-05
leaf_weight=27 279 53 33 207 59 26 62
leaf_count=27 279 53 33 207 59 26 62
internal_value=-0.000268097 0.00208779 0.00125 0.00321317 0.00892857 -0.00392562 -0.000568182
internal_weight=746 467 440 319 112 121 88
internal_count=746 467 440 319 112 121 88
is_linear=0
shrinkage=0.05


Tree=7
num_leaves=8
num_cat=0
split_feature=6 4 9 8 10 6 2
split_gain=1.58118 1.52106 2.38289 1.913 1.89673 1.60178 2.15902
threshold=1.3965563350927324 0.033596060448753413 0.063384015902484006 -0.070324163643678536 0.0040309091899630731 0.47686179008871327 0.043507881599381244
decision_type=2 2 10 10 2 2 2
left_child=1 3 4 -1 -3 -5 -7
right_child=-2 2 -4 5 -6 6 -8
leaf_value=-0.00014110611602414377 -0.00017641924791589856 0.00014704024073864687 -0.0001919875839044058 3.4353269161747911e-05 -0.00014778998981499031 2.0458404154761113e-05 0.00017138462742436754
leaf_weight=60 77 42 33 427 29 34 43
leaf_count=60 77 42 33 427 29 34 43
internal_value=-3.3557e-05 0.000748503 -0.00480769 0.00177305 0.000352113 0.00277778 0.00941558
internal_weight=745 668 104 564 71 504 77
internal_count=745 668 104 564 71 504 77
is_linear=0
shrinkage=0.05


Tree=8
num_leaves=8
num_cat=0
split_feature=13 13 6 11 0 7 2
split_gain=1.97926 2.41584 1.54103 1.57496 1.57137 1.46445 2.76923
threshold=17.204999923706058 16.510000228881839 1.2298065914492613 -0.023324981642921735 0.011637422133724653 0.054083361570105633 0.074004256941007665
decision_type=2 2 2 2 2 2 2
left_child=1 5 3 -2 -5 6 -1
right_child=2 -3 -4 4 -6 -7 -8
leaf_value=-3.4179824397855604e-06 0.00027367439916878316 0.00013107351895300817 -0.00045127607628319484 -0.00014200044103388125 4.7281361788159737e-05 -8.4625672408773691e-05 0.00024631707432234333
leaf_weight=260 49 76 36 173 59 46 65
leaf_count=260 49 76 36 173 59 46 65
internal_value=0.00026178 0.00240492 -0.00276025 -0.00151246 -0.00323276 0.00074124 0.00192308
internal_weight=764 447 317 281 232 371 325
internal_count=764 447 317 281 232 371 325
is_linear=0
shrinkage=0.05


Tree=9
num_leaves=8
num_cat=0
split_feature=4 7 15 0 4 12 9
split_gain=2.21687 2.2388 2.64559 1.67972 1.27196 1.23261 1.24575
threshold=0.024228135936604264 0.054083361570105633 0.0099882881474724367 -0.0078403620151271097 0.022390991911894396 0.034736828879240907 0.13643945688411299
decision_type=2 2 2 2 2 2 8
left_child=1 2 3 4 -1 -5 -7
right_child=-2 -3 -4 5 -6 6 -8
leaf_value=0.00030806154052973739 -5.0673465126714184e-05 -0.00012518885541437227 0.0002248922476229551 -3.5622555980622305e-05 4.3384365610930896e-06 -4.7463909768555219e-05 0.00016924942724090539
leaf_weight=34 445 41 34 92 28 41 29
leaf_count=34 445 41 34 92 28 41 29
internal_value=-0.000403226 0.00292642 0.00465116 0.00267857 0.00967742 0 0.005
internal_weight=744 299 258 224 62 162 70
internal_count=744 299 258 224 62 162 70
is_linear=0
shrinkage=0.05


Tree=10
num_leaves=8
num_cat=0
split_feature=8 4 12 10 11 9 3
split_gain=1.42132 1.95118 1.79395 1.63143 2.33381 2.65757 1.77261
threshold=-0.070324163643678536 0.033596060448753413 0.014344491575221776 -0.0072745110629502388 0.0039565944761287284 0.075949087587152145 0.001102525617606376
decision_type=10 2 2 2 2 10 2
left_child=2 3 -1 -2 5 6 -5
right_child=1 -3 -4 4 -6 -7 -8
leaf_value=-0.00026263103498902712 0.00021541749633662466 -8.5625566624547746e-05 0.00012782000986836449 -3.4044006314168157e-05 6.740363542388074e-05 -0.00016470091902505955 0.00019377935856886713
leaf_weight=57 62 78 29 56 312 104 51
leaf_count=57 62 78 29 56 312 104 51
internal_value=0.000233645 0.0010181 -0.00581395 0.00200855 0.00109943 -0.00296209 0.00257009
internal_weight=749 663 86 585 523 211 107
internal_count=749 663 86 585 523 211 107
is_linear=0
shrinkage=0.05


Tree=11
num_leaves=8
num_cat=0
split_feature=6 1 16 16 4 11 16
split_gain=1.35454 2.08833 1.95822 2.25917 1.39478 1.62715 1.90414
threshold=-0.32619181605945752 0.043377095324890765 0.012987283013113362 0.022507306209010095 0.036185217299354526 -0.017068850621732742 -0.005727716770223378
decision_type=2 2 2 2 2 2 2
left_child=1 2 -1 -4 5 -2 -7
right_child=4 -3 3 -5 -6 6 -8
leaf_value=4.512722006416864e-05 0.00010143678478317029 -0.00016285107716739944 0.00018207696560505906 6.5393543822311458e-05 -0.00014352088149253048 -0.00024000456404825481 8.7137080581217204e-07
leaf_weight=207 54 25 41 34 33 87 266
leaf_count=207 54 25 41 34 33 87 266
internal_value=0.000301205 0.00285016 0.00407801 0.011 -0.00147727 -0.000675676 -0.00191218
internal_weight=747 307 282 75 440 407 353
internal_count=747 307 282 75 440 407 353
is_linear=0
shrinkage=0.05


Tree=12
num_leaves=8
num_cat=0
split_feature=5 10 3 9 12 8 1
split_gain=1.67963 1.68994 1.44421 1.30526 1.25154 2.0262 2.33888
threshold=0.016716107050634768 0.0070711617460903495 -0.012357630889589575 -0.016443738686537864 0.012058033695657168 -0.054467555748864853 0.010842864812399934
decision_type=2 2 2 10 2 10 2
left_child=4 2 -2 -4 5 -1 -7
right_child=1 -3 3 -5 -6 6 -8
leaf_value=-6.7159661327426305e-05 -0.00013437460242355514 -0.00015771187850233188 -0.00018791570733174185 4.110716832266097e-05 -2.4317909921634831e-07 0.00015018140803458254 -2.392206089143166e-06
leaf_weight=25 32 67 68 134 300 67 41
leaf_count=25 32 67 68 134 300 67 41
internal_value=-0.00020436 -0.00307309 -0.00106838 0.00049505 0.00178984 0.00582707 0.0087963
internal_weight=734 301 234 202 433 133 108
internal_count=734 301 234 202 433 133 108
is_linear=0
shrinkage=0.05


Tree=13
num_leaves=8
num_cat=0
split_feature=1 3 0 8 4 1 3
split_gain=1.47767 2.20407 1.84045 2.79616 1.62665 1.42466 1.75379
threshold=0.020962389062567203 -0.003604490980207153 -0.011283964081633345 -0.025557615170960443 0.022390991911894396 0.02870354287286148 0.0016719320110787363
decision_type=2 2 2 8 2 2 2
left_child=1 2 3 -1 5 -2 -7
right_child=4 -3 -4 -5 -6 6 -8
leaf_value=-0.00012848366504967097 -0.00011778781948047269 6.1773919161730269e-05 -0.00012116063784020463 0.00023472399761062957 -8.1512587712691015e-05 0.00018707440062401158 -6.6163617555411265e-05
leaf_weight=31 26 354 81 37 157 27 32
leaf_count=31 26 354 81 37 157 27 32
internal_value=-0.000302013 0.00124254 -0.00385906 0.00220588 -0.0035124 0.00205882 0.00635593
internal_weight=745 503 149 68 242 85 59
internal_count=745 503 149 68 242 85 59
is_linear=0
shrinkage=0.05


Tree=14
num_leaves=8
num_cat=0
split_feature=5 4 15 15 13 14 6
split_gain=2.17984 1.56749 1.6798 2.37749 2.28191 2.52337 1.58183
threshold=0.016716107050634768 0.027619710500000168 0.007050036992411691 -0.0023403309959620362 13.795000076293947 -0.036136320679139293 -0.072830999190912599
decision_type=2 2 2 2 2 2 2
left_child=1 2 3 -1 -5 -6 -7
right_child=-2 -3 -4 4 5 6 -8
leaf_value=4.8634363147578593e-05 -9.0697183504697334e-05 0.00012352918270427051 8.7151710563360531e-05 1.7121590081874833e-05 0.00011773342698397273 -0.00013117399198239464 -0.00055918954294927601
leaf_weight=138 288 46 94 44 25 43 41
leaf_count=138 288 46 94 44 25 43 41
internal_value=-0.000104312 0.00214617 0.0011039 -0.000773196 -0.00506536 -0.00894495 -0.0130952
internal_weight=719 431 385 291 153 109 84
internal_count=719 431 385 291 153 109 84
is_linear=0
shrinkage=0.05


Tree=15
num_leaves=8
num_cat=0
split_feature=13 9 7 1 12 4 9
split_gain=2.05026 1.99326 1.75366 2.34756 1.82622 1.33333 1.67397
threshold=17.204999923706058 0.072945302510248347 -0.018101946222299933 -0.016063971650412675 0.048152369041769456 0.022322511110721265 0.06949890451020814
decision_type=2 10 2 2 2 2 8
left_child=1 2 3 -1 5 -4 -7
right_child=-2 -3 4 -5 -6 6 -8
leaf_value=0.00015029228359662373 -7.0621760858946038e-05 -1.1124351304174062e-05 0.00017235548069843111 -0.00024318786631685784 -5.4880966332355751e-05 0.00028364515450639863 -6.3521046927556002e-06
leaf_weight=36 315 227 54 25 32 29 25
leaf_count=36 315 227 54 25 32 29 25
internal_value=-3.36474e-05 0.00221963 0.00584577 -0.00122951 0.00892857 0.012037 0.00648148
internal_weight=743 428 201 61 140 108 54
internal_count=743 428 201 61 140 108 54
is_linear=0
shrinkage=0.05


Tree=16
num_leaves=8
num_cat=0
split_feature=13 13 6 0 15 0 10
split_gain=1.59435 2.18604 1.47036 2.14575 2.7466 1.45185 1.41885
threshold=17.204999923706058 16.73499965667725 1.2298065914492613 0.022835125229962453 -0.00022044964607037529 -0.023038445742980803 -0.0051366845172721711
decision_type=2 2 2 2 2 2 2
left_child=1 -1 3 4 5 -2 -7
right_child=2 -3 -4 -5 -6 6 -8
leaf_value=8.9179507652769645e-06 -0.00035996098189973718 0.00013963034256455603 -0.00041092226297364913 0.00025864780974664515 -0.0001597018962920872 0.00026441481139258488 -2.9794140990932992e-06
leaf_weight=387 27 55 38 27 115 52 56
leaf_count=387 27 55 38 27 115 52 56
internal_value=9.90753e-05 0.0020362 -0.00261905 -0.00135379 -0.0028 0.00203704 0.00462963
internal_weight=757 442 315 277 250 135 108
internal_count=757 442 315 277 250 135 108
is_linear=0
shrinkage=0.05


Tree=17
num_leaves=8
num_cat=0
split_feature=4 9 6 9 3 9 1
split_gain=1.15154 1.95739 1.41403 2.10989 1.35808 2.49937 1.29998
threshold=0.022390991911894396 0.19434377847036646 1.3965563350927324 0.098201471126539444 -0.0038254750534853495 0.10807756955046678 0.034181528289314207
decision_type=2 10 2 8 2 8 2
left_child=-1 2 4 -4 5 -2 -6
right_child=1 -3 3 -5 6 -7 -8
leaf_value=5.5021995036066022e-05 -0.00023878646265067428 -0.00041627314140761141 0.00013008079214067288 -0.00026934165439947703 5.6255565300316651e-05 0.0001176422103097854 -5.7518167699147043e-05
leaf_weight=203 76 25 26 28 267 45 76
leaf_count=203 76 25 26 28 267 45 76
internal_value=-0.000134048 -0.00133517 -0.000675676 -0.00833333 0.000215517 -0.00433884 0.00182216
internal_weight=746 543 518 54 464 121 343
internal_count=746 543 518 54 464 121 343
is_linear=0
shrinkage=0.05


Tree=18
num_leaves=8
num_cat=0
split_feature=15 15 1 8 16 8 8
split_gain=1.8852 2.14915 2.07456 4.27735 1.50834 2.11076 1.32108
threshold=-0.016790394144515549 -0.0044090441780793568 -0.017037993462049535 0.015137522948965089 -0.005727716770223378 -0.033280453639459799 -0.026818255068044691
decision_type=2 2 2 8 2 8 8
left_child=-1 2 6 -4 5 -3 -2
right_child=1 4 3 -5 -6 -7 -8
leaf_value=-0.00049725081889218244 0.00015956229611479444 7.6202208665506355e-05 -0.00042047633305031739 0.00022271928719720321 7.5911542838174274e-07 -0.00025780514110755121 0.00034898930671847171
leaf_weight=26 42 43 42 69 418 84 29
leaf_count=26 42 43 42 69 418 84 29
internal_value=-0.000232404 0.000240715 0.00494505 0.000675676 -0.00133028 -0.00610236 0.0116197
internal_weight=753 727 182 111 545 127 71
internal_count=753 727 182 111 545 127 71
is_linear=0
shrinkage=0.05


Tree=19
num_leaves=8
num_cat=0
split_feature=13 9 3 16 11 9 16
split_gain=1.44258 2.37747 1.50999 1.30693 1.3651 1.45864 1.26166
threshold=17.204999923706058 0.071184283356591785 0.0065935070470386501 0.027473777076468035 -0.0050766511307130382 0.061534086228719483 0.014369815116691666
decision_type=2 10 2 2 2 8 2
left_child=1 3 -3 4 -1 -6 -4
right_child=-2 2 6 -5 5 -7 -8
leaf_value=-5.3832828745904126e-06 -6.285057729695843e-05 -4.8635098784225589e-05 0.00030924110463571787 -8.6475763542643094e-05 0.00011543119653908713 0.00016063454622573974 -1.9675183895557365e-05
leaf_weight=36 310 179 31 25 65 68 25
leaf_count=36 310 179 31 25 65 68 25
internal_value=-0.000304465 0.00157343 -0.00180851 0.0056701 0.00724852 0.00958647 0.00535714
internal_weight=739 429 235 194 169 133 56
internal_count=739 429 235 194 169 133 56
is_linear=0
shrinkage=0.05


Tree=20
num_leaves=8
num_cat=0
split_feature=14 9 14 14 3 16 3
split_gain=1.34382 1.24378 1.99495 2.56502 1.90624 2.65012 1.6722
threshold=0.14228104891203866 0.072945302510248347 0.047142331582309634 0.013234785210327617 0.00032775668895490556 -0.002139927825190346 0.0057829827223432337
decision_type=2 10 2 2 2 2 2
left_child=1 2 3 4 5 -1 -6
right_child=-2 -3 -4 -5 6 -7 -8
leaf_value=-0.00018174510492612622 -0.00017843021226514942 -1.9504114008221708e-05 0.00023450750115061201 -0.00017468114848283301 0.00015375062275731211 1.9783613125354697e-05 2.3979870248889154e-05
leaf_weight=35 28 324 75 70 78 61 80
leaf_count=35 28 324 75 70 78 61 80
internal_value=3.32889e-05 0.000449516 0.0023183 0.000617284 0.00295276 -0.00260417 0.00632911
internal_weight=751 723 399 324 254 96 158
internal_count=751 723 399 324 254 96 158
is_linear=0
shrinkage=0.05


Tree=21
num_leaves=8
num_cat=0
split_feature=13 6 10 11 10 16 13
split_gain=1.80585 1.99057 2.03635 1.66703 1.93296 1.51881 1.73296
threshold=17.204999923706058 1.7000782747240299 -0.0051366845172721711 -0.023324981642921735 -0.011231034779129566 0.011154169633441293 19.23499965667725
decision_type=2 2 2 2 2 2 2
left_child=-1 2 3 -2 -5 6 -4
right_child=1 -3 5 4 -6 -7 -8
leaf_value=3.9103417705257334e-05 0.00034471147945637135 -0.00051134917329231976 -0.00023014528520945486 -0.00045989219735241717 0.00020292430206626002 3.9187403822805222e-05 -2.9639904741864295e-05
leaf_weight=431 30 26 70 26 31 63 71
leaf_count=431 30 26 70 26 31 63 71
internal_value=0.000735294 -0.00212934 -0.000945017 0.00545977 0.000438596 -0.00367647 -0.00656028
internal_weight=748 317 291 87 57 204 141
internal_count=748 317 291 87 57 204 141
is_linear=0
shrinkage=0.05


Tree=22
num_leaves=8
num_cat=0
split_feature=7 8 15 15 9 7 2
split_gain=1.4195 2.6585 1.75112 1.11634 1.51581 1.91568 1.6574
threshold=0.054083361570105633 0.11278492943930597 -0.00022044964607037529 -0.016790394144515549 0.072945302510248347 -0.046120771164043832 0.061646403204924878
decision_type=2 10 2 2 8 2 2
left_child=1 3 -2 -1 -5 -6 -7
right_child=2 -3 -4 4 5 6 -8
leaf_value=-0.00044001475409640844 7.6784424056339755e-05 0.00019251852869495107 -9.8771829320334824e-05 7.0664680310724096e-05 0.00020089394911814774 -0.00011049156620371683 5.8057715687507945e-05
leaf_weight=27 31 30 71 229 28 230 96
leaf_count=27 31 30 71 229 28 230 96
internal_value=-0.000404313 0.00046875 -0.00588235 -0.000245902 0.000214408 -0.00183616 -0.00291411
internal_weight=742 640 102 610 583 354 326
internal_count=742 640 102 610 583 354 326
is_linear=0
shrinkage=0.05


Tree=23
num_leaves=8
num_cat=0
split_feature=15 15 3 3 15 2 10
split_gain=1.54387 1.51155 1.71071 1.73219 1.48544 1.4051 1.55204
threshold=-0.017588270772269262 -0.0042783515257603369 0.0052080743712618069 0.00020656103770111403 0.0069209055601037192 -0.011815428161836282 -0.0021138805299539261
decision_type=2 2 2 2 2 2 2
left_child=-1 2 3 -2 5 6 -3
right_child=1 4 -4 -5 -6 -7 -8
leaf_value=-0.00045609086848803445 0.00012174485867394109 0.00024756445168140195 0.00035052919261675683 -0.00037347439792872355 2.8348540842076118e-05 -6.3257611949841787e-05 -4.0461876746015433e-05
leaf_weight=26 132 28 28 34 191 242 70
leaf_count=26 132 28 28 34 191 242 70
internal_value=0.000432756 0.000862069 0.00463918 0.00271084 -0.000517891 -0.0025 0.00255102
internal_weight=751 725 194 166 531 340 98
internal_count=751 725 194 166 531 340 98
is_linear=0
shrinkage=0.05


Tree=24
num_leaves=8
num_cat=0
split_feature=6 16 16 1 7 3 4
split_gain=1.68746 1.64855 3.12812 2.62157 2.40458 1.26803 1.24238
threshold=-0.4399571354391556 0.027473777076468035 0.011154169633441293 -0.017037993462049535 -0.005450416188594708 0.0028122685296655407 0.032212227368355516
decision_type=2 2 2 2 2 2 2
left_child=1 2 3 -1 -5 -6 -2
right_child=6 -3 -4 4 5 -7 -8
leaf_value=0.00021486377293905386 -7.0863391583221802e-06 -0.00012319830510233747 0.00014576119290149434 -0.00045080488644077735 -2.6741016540569919e-05 0.0001532420190212206 -7.3467382927808108e-05
leaf_weight=51 392 27 67 28 50 31 103
leaf_count=51 392 27 67 28 50 31 103
internal_value=3.33778e-05 0.00334646 0.00473568 0.0009375 -0.00344037 0.000925926 -0.00166667
internal_weight=749 254 227 160 109 81 495
internal_count=749 254 227 160 109 81 495
is_linear=0
shrinkage=0.05


Tree=25
num_leaves=8
num_cat=0
split_feature=13 13 6 0 10 1 14
split_gain=1.58828 1.80924 1.5353 1.48221 2.69624 1.93295 1.47174
threshold=17.204999923706058 16.510000228881839 -0.12725282857773293 -0.023038445742980803 -0.0055859751132225069 0.054529696834492165 0.066707247335420675
decision_type=2 2 2 2 2 2 2
left_child=1 -1 -3 -2 6 -6 -5
right_child=3 2 -4 4 5 -7 -8
leaf_value=6.3444587714516122e-06 -0.00036903829574178189 0.00013227039292305827 4.0968917228342495e-06 0.00040402212707462548 -9.8319594785907394e-05 8.6725222523191802e-05 1.862948479617972e-05
leaf_weight=363 38 42 31 25 190 25 43
leaf_count=363 38 42 31 25 190 25 43
internal_value=9.90753e-05 0.00206422 0.00924658 -0.00257009 -0.00132509 -0.00406977 0.00735294
internal_weight=757 436 73 321 283 215 68
internal_count=757 436 73 321 283 215 68
is_linear=0
shrinkage=0.05


Tree=26
num_leaves=8
num_cat=0
split_feature=11 13 6 14 7 8 7
split_gain=1.69578 2.04538 1.61206 1.48212 2.03759 2.57641 2.00058
threshold=-0.017686131484892616 18.94999980926514 0.13780735493222215 0.01016731697942619 -0.002577315709254346 0.003196405883708842 0.0538825336266976
decision_type=2 2 2 2 2 10 2
left_child=1 -1 -3 6 -5 -6 -2
right_child=3 2 -4 4 5 -7 -8
leaf_value=0.00028625696088345725 3.3354953083959606e-05 0.00016139861085137145 -0.00020817763312977667 -0.00035420568293969244 0.0002252569482579836 -5.5324728187010867e-05 -3.5206415319563674e-05
leaf_weight=34 347 38 29 69 26 123 71
leaf_count=34 347 38 29 69 26 123 71
internal_value=0.000169607 0.00618812 0.0011194 -0.000786164 -0.00412844 -0.000838926 0.000956938
internal_weight=737 101 67 636 218 149 418
internal_count=737 101 67 636 218 149 418
is_linear=0
shrinkage=0.05


Tree=27
num_leaves=8
num_cat=0
split_feature=13 6 9 13 16 4 16
split_gain=1.46885 1.66269 1.99787 1.56 1.12811 1.90542 1.86427
threshold=12.765000343322756 1.3038273316602118 0.10114221370399791 17.445000648498539 0.010856126658843281 0.031823239931542104 0.0093532564773883848
decision_type=2 2 10 2 2 2 2
left_child=-1 4 3 -3 6 -6 -2
right_child=1 2 -4 -5 5 -7 -8
leaf_value=-0.00011065666429995541 6.3281595729649739e-06 0.00022043900796014121 -0.00036818567186107414 -0.00041028486057858443 9.2831990065581554e-05 -8.8199946869628725e-05 -0.00010423674647673338
leaf_weight=38 393 27 29 25 168 44 25
leaf_count=38 393 27 29 25 168 44 25
internal_value=0.000367156 0.000879044 -0.0058642 0 0.00174603 0.00471698 0.000239234
internal_weight=749 711 81 52 630 212 418
internal_count=749 711 81 52 630 212 418
is_linear=0
shrinkage=0.05


Tree=28
num_leaves=8
num_cat=0
split_feature=7 7 13 6 1 7 0
split_gain=1.48343 2.06612 1.36753 1.63455 1.52403 2.24795 2.10992
threshold=0.054083361570105633 0.062988933917626624 17.204999923706058 1.7000782747240299 -0.042270983460818638 -0.014640393657069038 -0.0095992811709627573
decision_type=2 2 2 2 2 2 2
left_child=2 -2 4 -4 -1 -6 -7
right_child=1 -3 3 -5 5 6 -8
leaf_value=0.00015181165775077422 -0.00017909444599499428 1.9054766987277628e-06 -1.1514780452612923e-06 -0.00044506740177575107 -0.0001632374604046436 0.00021072431087282826 2.2637668557509748e-05
leaf_weight=31 41 63 253 26 60 48 242
leaf_count=31 41 63 253 26 60 48 242
internal_value=0.00026178 -0.00528846 0.00113636 -0.0015233 0.00308399 0.00214286 0.00396552
internal_weight=764 104 660 279 381 350 290
internal_count=764 104 660 279 381 350 290
is_linear=0
shrinkage=0.05


Tree=29
num_leaves=8
num_cat=0
split_feature=13 7 13 9 3 3 6
split_gain=1.42609 2.06287 1.64303 1.76158 1.78656 1.56498 2.51052
threshold=17.204999923706058 -0.046120771164043832 16.85000038146973 0.072945302510248347 0.0085645958118631977 0.0016719320110787363 0.39169109130811197
decision_type=2 2 2 8 2 2 2
left_child=1 -1 3 -3 5 6 -5
right_child=-2 2 -4 4 -6 -7 -8
leaf_value=0.00017367414411072316 -3.3320778652542928e-05 0.00017595019079597301 0.00010360790021390204 -2.6323798889854611e-05 9.5215677826231235e-05 -0.00014127818536801746 9.8365661943787975e-05
leaf_weight=27 310 87 37 108 39 83 41
leaf_count=27 310 87 37 108 39 83 41
internal_value=0.000478142 0.00236967 0.0014557 0.000418994 -0.00156827 -0.00323276 -0.000167785
internal_weight=732 422 395 358 271 232 149
internal_count=732 422 395 358 271 232 149
is_linear=0
shrinkage=0.05


Tree=30
num_leaves=8
num_cat=0
split_feature=1 13 8 11 13 16 13
split_gain=1.38519 2.7843 1.59433 1.21803 1.07534 1.49479 1.99262
threshold=-0.02663217697155584 17.224999427795414 -0.071987275452946906 -0.020756014565235011 12.765000343322756 -0.0039169752014872041 13.174999713897707
decision_type=2 2 8 2 2 2 2
left_child=1 -1 -2 -3 -4 -6 -7
right_child=2 3 4 -5 5 6 -8
leaf_value=0.00020717801380871429 -0.00037293001725380043 0.00011117706772497119 -9.2414116191564399e-05 -0.0001587368368619024 -7.6261779746487166e-05 0.00036415944505105284 3.450259410040825e-06
leaf_weight=57 26 46 35 45 138 25 366
leaf_count=57 26 46 35 45 138 25 366
internal_value=-0.000271003 0.00405405 -0.00135593 -0.00137363 -0.000797872 -0.000236295 0.00134271
internal_weight=738 148 590 91 564 529 391
internal_count=738 148 590 91 564 529 391
is_linear=0
shrinkage=0.05


Tree=31
num_leaves=8
num_cat=0
split_feature=8 12 3 7 6 12 13
split_gain=0.940701 1.09841 1.43726 2.15186 1.57236 1.19681 2.02126
threshold=-0.097966939983599163 -0.049048436065559579 -0.0072592369454294583 0.017859165111201006 2.0622204364736914 0.0077064466634939608 18.564999580383304
decision_type=8 2 2 2 2 2 2
left_child=-1 -2 3 -3 5 6 -4
right_child=1 2 4 -5 -6 -7 -8
leaf_value=-0.00036660099018171355 0.00021246369416599777 -0.00035272527785370968 0.00012781250576083037 0.00017297461105727466 -0.00050066299600787321 9.5412796353375189e-07 -9.937646319594947e-06
leaf_weight=30 25 53 104 26 30 402 68
leaf_count=30 25 53 104 26 30 402 68
internal_value=0.000338753 0.000706215 0.000329429 -0.00601266 0.00115894 0.00174216 0.00523256
internal_weight=738 708 683 79 604 574 172
internal_count=738 708 683 79 604 574 172
is_linear=0
shrinkage=0.05


Tree=32
num_leaves=8
num_cat=0
split_feature=10 11 14 11 9 7 11
split_gain=1.31458 1.83451 2.43232 1.7578 2.41131 1.93309 1.80349
threshold=0.0012069827106450106 -0.023324981642921735 0.11108526702174228 0.0039565944761287284 -0.046803563202994329 -0.005720404124959221 0.0083592080830587907
decision_type=2 2 2 2 10 2 2
left_child=1 -1 -3 4 -2 -6 -5
right_child=3 2 -4 6 5 -7 -8
leaf_value=0.00025378188586321862 -0.00026888060514503693 3.6859792875151236e-05 -0.00033322948111724169 9.4361653979537299e-05 0.00011285417212869675 -7.5451018602660245e-05 -2.0315514010009863e-05
leaf_weight=45 32 313 34 45 33 52 197
leaf_count=45 32 313 34 45 33 52 197
internal_value=0.000166445 0.00216837 0.000936599 -0.0020195 -0.00705128 -0.00264706 0.000413223
internal_weight=751 392 347 359 117 85 242
internal_count=751 392 347 359 117 85 242
is_linear=0
shrinkage=0.05


Tree=33
num_leaves=8
num_cat=0
split_feature=10 10 12 15 2 1 15
split_gain=1.46901 2.03321 1.42688 1.34175 2.67151 2.75605 1.31868
threshold=0.010510737947986739 0.0091157709324108955 0.016494776846734397 -0.0042783515257603369 -0.015579808421216089 -0.0096765575045767976 -0.012931685053669704
decision_type=2 2 2 2 2 2 2
left_child=1 3 -2 4 5 6 -1
right_child=2 -3 -4 -5 -6 -7 -8
leaf_value=-5.2338015179873152e-05 4.916737076988585e-06 0.00021374228460754337 -0.0001133061105217951 -1.7915375698214757e-05 0.00013406402228735787 -0.00062661320657280382 0.00021656463086468193
leaf_weight=30 36 33 33 433 120 28 35
leaf_count=30 36 33 33 433 120 28 35
internal_value=6.68449e-05 0.000773196 -0.00688406 0.000154799 0.00340376 -0.00295699 0.00269231
internal_weight=748 679 69 646 213 93 65
internal_count=748 679 69 646 213 93 65
is_linear=0
shrinkage=0.05


Tree=34
num_leaves=8
num_cat=0
split_feature=15 8 11 1 15 15 16
split_gain=1.18248 2.76773 3.83671 1.92971 3.29432 1.58608 1.44727
threshold=-0.0042783515257603369 0.015675061638328883 -0.023324981642921735 -0.0052069255548879969 -0.0088666457968040718 -0.0032603671898210336 -0.023739358925644768
decision_type=2 8 2 2 2 2 2
left_child=1 2 -1 4 -4 -2 -7
right_child=5 -3 3 -5 -6 6 -8
leaf_value=0.00033891361791782188 -0.0001738003723776905 0.00016826706568282598 -0.0003661659211723759 -0.00059528254624416355 0.00010648390089499465 -0.00019961947277300697 5.7943006751082743e-06
leaf_weight=27 33 84 36 32 32 26 479
leaf_count=27 33 84 36 32 32 26 479
internal_value=0.000500668 0.00367299 -0.000984252 -0.0055 -0.000735294 -0.000743494 -4.9505e-05
internal_weight=749 211 127 100 68 538 505
internal_count=749 211 127 100 68 538 505
is_linear=0
shrinkage=0.05


Tree=35
num_leaves=8
num_cat=0
split_feature=8 15 6 8 1 7 1
split_gain=2.02772 1.84145 1.49495 1.44518 2.91667 1.70954 1.42181
threshold=-0.097966939983599163 -0.0042783515257603369 1.3184452876584003 0.015675061638328883 -0.01598690784818357 -0.02703732933522562 0.0089888417613182021
decision_type=8 2 2 8 2 2 2
left_child=-1 3 -3 4 5 -2 -4
right_child=1 2 6 -5 -6 -7 -8
leaf_value=-0.00030907774838157182 1.7507571556832184e-05 -1.4229378099404368e-06 -6.3229388349226109e-05 0.00014628187551724397 -0.00055606283965390605 0.00024596118267473704 -0.00063691444043626085
leaf_weight=29 44 472 27 87 42 26 26
leaf_count=29 44 472 27 87 42 26 26
internal_value=3.32005e-05 0.000552486 -0.001 0.00464824 0.000892857 0.00714286 -0.00896226
internal_weight=753 724 525 199 112 70 53
internal_count=753 724 525 199 112 70 53
is_linear=0
shrinkage=0.05


Tree=36
num_leaves=8
num_cat=0
split_feature=6 5 4 0 3 0 10
split_gain=1.41391 1.50384 2.58883 1.47119 2.06068 1.4349 1.4821
threshold=-0.32619181605945752 0.017275641562019755 0.027717824859413993 -0.0019712942872937007 -0.0001878200169577737 0.0059905748506572385 0.0054892456255208897
decision_type=2 2 2 2 2 2 2
left_child=3 2 -2 -1 -5 -6 -7
right_child=1 -3 -4 4 5 6 -8
leaf_value=0.00010468219238068816 -1.134872138838128e-05 -7.1218434377365045e-05 0.00019559832564162061 -0.00012917174821687602 -7.022531297437916e-05 0.00029735561965843 6.0251037254382625e-06
leaf_weight=119 250 151 40 51 58 36 45
leaf_count=119 250 151 40 51 58 36 45
internal_value=0.0004 -0.00141723 0.000689655 0.00299353 0.000263158 0.00341727 0.00771605
internal_weight=750 441 290 309 190 139 81
internal_count=750 441 290 309 190 139 81
is_linear=0
shrinkage=0.05


Tree=37
num_leaves=8
num_cat=0
split_feature=15 7 0 9 7 2 9
split_gain=2.30019 1.71879 1.70362 1.5927 1.54462 1.96014 1.33363
threshold=-0.0023403309959620362 0.054083361570105633 -0.028145999680031061 0.10807756955046678 0.011534093035428074 0.014011676561832111 0.15714784412424768
decision_type=2 2 2 10 2 2 10
left_child=2 4 -1 -3 5 -2 -4
right_child=1 3 6 -5 -6 -7 -8
leaf_value=-0.00032376522555652382 -5.8394286577685871e-06 -9.1898672908022686e-05 8.6949262148902084e-05 -7.9743593896338977e-06 2.9460405935131594e-05 -0.00033029608893320081 -4.2430054795647436e-05
leaf_weight=41 158 32 206 42 201 45 33
leaf_count=41 158 32 206 42 201 45 33
internal_value=0.000329815 -0.00177824 0.00392857 -0.00878378 -0.00049505 -0.00357143 0.00554393
internal_weight=758 478 280 74 404 203 239
internal_count=758 478 280 74 404 203 239
is_linear=0
shrinkage=0.05


Tree=38
num_leaves=8
num_cat=0
split_feature=15 3 3 9 15 14 6
split_gain=2.05223 1.70649 1.69841 1.42514 1.12326 1.29462 1.06792
threshold=-0.0046619962250020177 0.0035119531379257389 -0.00020887494706933738 0.18012473704147228 -0.0085972411238394702 0.10370151545599839 -0.15245027238168815
decision_type=2 2 2 8 2 2 2
left_child=1 2 3 4 5 -1 -2
right_child=6 -3 -4 -5 -6 -7 -8
leaf_value=2.1803436282517418e-05 2.4675582084363135e-05 0.00024665642605360878 -0.00038532838106283113 0.00016602467723726306 8.3092067455152463e-05 -0.00036570749235101364 -3.3508018285475976e-05
leaf_weight=33 298 38 26 41 31 26 255
leaf_count=33 298 38 26 41 31 26 255
internal_value=0.00187166 0.00628205 0.00398089 0.00629771 0.00277778 -0.00127119 0.000316456
internal_weight=748 195 157 131 90 59 553
internal_count=748 195 157 131 90 59 553
is_linear=0
shrinkage=0.05


Tree=39
num_leaves=8
num_cat=0
split_feature=15 0 0 11 11 6 7
split_gain=1.55321 1.23173 1.91313 1.11317 1.07838 1.06091 0.99237
threshold=-0.0044090441780793568 -0.028145999680031061 -0.0014916751465469667 -0.011940050299307501 0.029571955445533264 2.1246029134612296 0.054083361570105633
decision_type=2 2 2 2 2 2 2
left_child=1 -1 3 -3 5 6 -2
right_child=4 2 -4 -5 -6 -7 -8
leaf_value=-0.00032106230659486072 -2.0979392458467816e-06 0.00016064376071686857 -3.8044037072175466e-05 6.0971614200247549e-05 6.856586880254227e-05 -0.00045035371529604035 -7.7525230135217307e-05
leaf_weight=40 396 36 45 85 50 26 59
leaf_count=40 396 36 45 85 50 26 59
internal_value=0.000440977 0.00412621 0.0060241 0.00929752 -0.000988701 -0.00171518 -0.00115385
internal_weight=737 206 166 121 531 481 455
internal_count=737 206 166 121 531 481 455
is_linear=0
shrinkage=0.05


Tree=40
num_leaves=8
num_cat=0
split_feature=15 15 15 8 2 15 2
split_gain=1.4069 1.30018 1.33245 1.40226 1.3266 1.5361 1.32796
threshold=-0.0042783515257603369 -0.0034109403884425289 -0.0023403309959620362 0.047018096600365496 0.063526826766261771 0.0053077956713913918 0.10615500352293274
decision_type=2 2 2 8 2 2 2
left_child=-1 -2 -3 -4 5 -5 -6
right_child=1 2 3 4 6 -7 -8
leaf_value=3.8770039954863023e-05 -0.0001819369865696638 6.613243121003122e-05 1.4321464043873852e-05 -0.00036413527281126844 1.4271081577025636e-05 -9.2176707991021949e-06 -4.1753683574302128e-05
leaf_weight=213 32 39 260 27 82 35 62
leaf_count=213 32 39 260 27 82 35 62
internal_value=0.0002 -0.00116387 -0.000544554 -0.00128755 -0.00436893 -0.0104839 -0.00173611
internal_weight=750 537 505 466 206 62 144
internal_count=750 537 505 466 206 62 144
is_linear=0
shrinkage=0.05


Tree=41
num_leaves=8
num_cat=0
split_feature=16 16 1 1 3 13 15
split_gain=1.964 1.81419 1.06296 1.94095 1.88783 1.71948 1.33924
threshold=-0.029034151551566741 -0.023441247901116399 -0.018070063368994967 -0.012363676970326308 -0.0035607874677157088 17.180000305175785 0.0089343553770735457
decision_type=2 2 2 2 2 2 2
left_child=-1 -2 4 -4 -3 -6 -5
right_child=1 2 3 6 5 -7 -8
leaf_value=8.5427629236141958e-05 -0.00014492493050457037 -4.0638776355342385e-05 -0.00022059817340691173 -1.0211870627039808e-05 0.00019356072855513276 4.2770137002029132e-05 4.1356423876407622e-05
leaf_weight=30 45 47 26 398 59 46 101
leaf_count=30 45 47 26 398 59 46 101
internal_value=0.000797872 0.000277008 0.000923191 -0.000142857 0.00460526 0.00833333 0.000551102
internal_weight=752 722 677 525 152 105 499
internal_count=752 722 677 525 152 105 499
is_linear=0
shrinkage=0.05


Tree=42
num_leaves=8
num_cat=0
split_feature=16 16 8 8 14 2 3
split_gain=1.40413 1.72289 1.0958 1.01048 1.30695 1.01968 1.19119
threshold=-0.029034151551566741 -0.02473340800841017 0.1281449469165076 0.11167481637471278 -0.0078563959177023728 0.11115571940659642 -0.003604490980207153
decision_type=2 2 10 8 2 2 2
left_child=-1 -2 3 5 -5 6 -3
right_child=1 2 -4 4 -6 -7 -8
leaf_value=8.1156247774334883e-05 -0.00028730627623559508 -6.6324054514380502e-05 -7.1478432395200776e-05 0.00010963963289864861 1.8688085938047648e-05 -0.000100547461519164 2.3888169906565761e-05
leaf_weight=34 25 138 38 29 32 40 417
leaf_count=34 25 138 38 29 32 40 417
internal_value=0.000365206 -0.000104312 0.000360231 0.000838415 0.00696721 0.000210084 0.000765766
internal_weight=753 719 694 656 61 595 555
internal_count=753 719 694 656 61 595 555
is_linear=0
shrinkage=0.05


Tree=43
num_leaves=8
num_cat=0
split_feature=10 12 6 5 4 1 10
split_gain=1.24992 1.52251 1.32741 1.07709 1.59774 2.49292 2.1505
threshold=-0.0066375346949278371 0.0033715039290467268 0.2395772440193088 0.018990093595911701 0.028319726703390176 -0.013861917353826079 0.0027897617515871835
decision_type=2 2 2 2 2 2 2
left_child=1 2 -1 4 -2 6 -6
right_child=3 -3 -4 -5 5 -7 -8
leaf_value=4.5474440902881037e-05 -6.3265654958252418e-06 0.00017970753181655236 -0.00031974696806315892 -5.7802975666162906e-05 0.00014851773621825479 0.00022555717467808269 -0.00017925755201813877
leaf_weight=48 423 46 25 109 25 44 26
leaf_count=48 423 46 25 109 25 44 26
internal_value=0.000134048 0.00483193 0.000342466 -0.000757576 0.00019305 0.00605263 -0.00147059
internal_weight=746 119 73 627 518 95 51
internal_count=746 119 73 627 518 95 51
is_linear=0
shrinkage=0.05


Tree=44
num_leaves=8
num_cat=0
split_feature=15 3 3 3 3 0 12
split_gain=1.64656 1.17955 2.90043 1.16564 1.63338 1.53073 2.29296
threshold=-0.0042783515257603369 0.0035119531379257389 0.00012646409294869712 1.0000000180025095e-35 0.0016459786577550652 -0.0024316670357384935 0.020963092201194859
decision_type=2 2 2 2 2 2 2
left_child=1 2 -1 -2 -5 -6 -7
right_child=3 -3 -4 4 5 6 -8
leaf_value=5.5023887337036542e-05 -4.3708898443481839e-05 0.00012298687228507352 -0.00051608414476813193 7.501274323945973e-05 -0.00013867075638864719 7.0694467837933904e-05 -5.3951377641806585e-05
leaf_weight=141 194 37 27 49 48 112 132
leaf_count=141 194 37 27 49 48 112 132
internal_value=0.000945946 0.0047561 0.00297619 -0.000514019 0.00124633 -0.000171233 0.00143443
internal_weight=740 205 168 535 341 292 244
internal_count=740 205 168 535 341 292 244
is_linear=0
shrinkage=0.05


Tree=45
num_leaves=8
num_cat=0
split_feature=10 14 9 16 6 1 1
split_gain=1.08528 1.68966 1.53482 1.36674 1.98654 1.49427 1.47307
threshold=-0.0066375346949278371 0.10157519013318318 -0.13139313181465109 -0.005727716770223378 -0.61417252530254085 -0.054950909774604643 -0.018070063368994967
decision_type=2 2 10 2 2 2 2
left_child=1 2 -1 4 -2 -6 -5
right_child=3 -3 -4 6 5 -7 -8
leaf_value=8.936010130478128e-05 6.838874839000002e-05 -2.2261932914109227e-06 0.00031407517204595878 0.00015970009578296991 0.00018280409526434075 -0.00012291601906296875 -4.9063874330944685e-06
leaf_weight=25 34 58 33 56 27 103 410
leaf_count=25 34 58 33 56 27 103 410
internal_value=-0.000134048 0.00431034 0.0103448 -0.000952381 -0.00487805 -0.00769231 0.000429185
internal_weight=746 116 58 630 164 130 466
internal_count=746 116 58 630 164 130 466
is_linear=0
shrinkage=0.05


Tree=46
num_leaves=8
num_cat=0
split_feature=10 14 10 2 14 16 1
split_gain=1.63361 2.15024 1.50145 1.55392 1.46065 1.38889 2.44379
threshold=0.0014013847331743048 0.00619378828642947 -0.0066375346949278371 0.019727992018712007 0.13092898697672287 -0.0059098813899476346 -0.027248832026795174
decision_type=2 2 2 2 2 2 2
left_child=1 -1 4 -4 -3 6 -2
right_child=5 2 3 -5 -6 -7 -8
leaf_value=7.336428864112215e-05 4.4417521903929521e-06 0.00015489975160218287 1.1669725870099534e-05 -0.00018961602339538403 -0.00015520372247797688 -2.3916696458936225e-06 -0.00029386545888100528
leaf_weight=132 31 74 69 76 34 288 44
leaf_count=132 31 74 69 76 34 288 44
internal_value=0.00013369 0.0024026 -0.000296443 -0.00362069 0.00416667 -0.00227273 -0.00833333
internal_weight=748 385 253 145 108 363 75
internal_count=748 385 253 145 108 363 75
is_linear=0
shrinkage=0.05


Tree=47
num_leaves=8
num_cat=0
split_feature=10 16 7 11 10 4 9
split_gain=1.43401 2.00269 2.38325 1.75682 1.78921 1.68412 1.61567
threshold=0.00074647751592549227 -0.003616388971756201 -0.039610055228695366 -0.017068850621732742 -0.0023625599212317434 0.033447005179281668 0.1385910673783454
decision_type=2 2 2 2 2 2 10
left_child=3 2 -2 -1 6 -3 -5
right_child=1 5 -4 4 -6 -7 -8
leaf_value=0.00012469800885923552 0.00017108566197848192 1.3804337677336925e-05 -0.00023934874364149166 -5.2228553829916303e-05 6.7760182793473719e-05 -0.00012541415875553605 0.00017257975724556179
leaf_weight=69 27 240 70 148 119 36 30
leaf_count=69 27 240 70 148 119 36 30
internal_value=0.000372124 -0.00180965 -0.00798969 0.00259563 0.000925926 0.000362319 -0.00224719
internal_weight=739 373 97 366 297 276 178
internal_count=739 373 97 366 297 276 178
is_linear=0
shrinkage=0.05


Tree=48
num_leaves=8
num_cat=0
split_feature=13 1 16 2 7 2 2
split_gain=1.26975 1.19974 1.12457 1.14581 3.76836 1.64472 1.14192
threshold=14.119999885559084 -0.0028346898719613374 0.041364736900605832 0.0073899612944229318 -0.00042344140310407447 -0.10372466596308975 0.11115571940659642
decision_type=2 2 2 2 2 2 2
left_child=1 -1 3 5 -5 -2 -6
right_child=2 -3 -4 4 6 -7 -8
leaf_value=0.00015185482828487026 -0.00022179096517426986 1.5219060853974547e-05 3.3589850863622716e-05 -0.00033391654982863994 -1.7988790747467105e-07 2.1944818209095141e-05 -9.4918697149916017e-05
leaf_weight=41 30 111 28 27 210 237 56
leaf_count=41 30 111 28 27 210 237 56
internal_value=0.000202703 0.00427632 -0.00085034 -0.00133929 -0.00349829 0.00102996 -0.00169173
internal_weight=740 152 588 560 293 267 266
internal_count=740 152 588 560 293 267 266
is_linear=0
shrinkage=0.05


Tree=49
num_leaves=8
num_cat=0
split_feature=6 10 4 11 10 16 15
split_gain=1.1597 1.13481 1.83401 1.58316 1.72388 1.28655 1.53409
threshold=0.98334539837458845 0.0012830782027211109 0.033447005179281668 -0.023324981642921735 -0.0026466543846357378 -0.012017229543047512 0.0060325014833432231
decision_type=2 2 2 2 2 2 2
left_child=1 3 5 -1 -5 -3 -7
right_child=-2 2 -4 4 -6 6 -8
leaf_value=0.00026121920506859999 -0.0001213771738870874 -0.00015254253199900272 -0.0001181449049726429 -1.0240490271606895e-05 5.7618614691540503e-05 -5.1249909388001056e-05 6.6611271896634605e-05
leaf_weight=40 103 31 52 147 134 108 118
leaf_count=40 103 31 52 147 134 108 118
internal_value=0.000306958 0.00111111 -0.00105178 0.00319315 0.00186833 0.000680934 0.00199115
internal_weight=733 630 309 321 281 257 226
internal_count=733 630 309 321 281 257 226
is_linear=0
shrinkage=0.05


Tree=50
num_leaves=8
num_cat=0
split_feature=15 15 0 3 3 3 6
split_gain=1.37841 1.97551 1.37528 1.7109 3.27346 1.63129 1.46596
threshold=-0.017588270772269262 -0.0042783515257603369 0.011637422133724653 0.0048427535207901115 0.0034335561940155306 -0.00020887494706933738 0.40669365945018715
decision_type=2 2 2 2 2 2 2
left_child=-1 -2 3 4 6 -4 -3
right_child=1 2 5 -5 -6 -7 -8
leaf_value=-0.00042237311629552982 4.9121571130444478e-05 -4.6838573069629647e-05 -0.00011530831519273303 -0.00025690549315178978 0.00019651014843412404 5.8183068560012853e-05 0.00014088130679261882
leaf_weight=25 186 186 31 102 25 138 47
leaf_count=25 186 186 31 102 25 138 47
internal_value=0.000540541 0.000944056 -0.000614367 -0.00236111 -0.000193798 0.00310651 -0.00203863
internal_weight=740 715 529 360 258 169 233
internal_count=740 715 529 360 258 169 233
is_linear=0
shrinkage=0.05


Tree=51
num_leaves=8
num_cat=0
split_feature=11 10 16 10 4 14 0
split_gain=1.51258 2.00281 1.64894 1.33885 1.27075 1.17199 1.11731
threshold=-0.017068850621732742 -0.0021138805299539261 -0.015734746093158 -0.0089994587968861266 0.035070585906324753 0.083812216488613714 0.018964051876448233
decision_type=2 2 2 2 2 2 2
left_child=1 3 -2 -1 5 6 -4
right_child=2 -3 4 -5 -6 -7 -8
leaf_value=3.1243943267043324e-05 -0.00013335632519207341 -2.1008173461564522e-05 7.6176560075483235e-07 0.00038417548497851107 -0.00016174899289498571 0.00021071829314225169 3.9499088647045917e-05
leaf_weight=40 70 36 438 25 47 32 74
leaf_count=40 70 36 438 25 47 32 74
internal_value=0.000984252 0.00668317 0.000113464 0.0119231 0.000972927 0.00165441 0.00107422
internal_weight=762 101 661 65 591 544 512
internal_count=762 101 661 65 591 544 512
is_linear=0
shrinkage=0.05


Tree=52
num_leaves=8
num_cat=0
split_feature=5 7 5 14 12 0 0
split_gain=1.38701 1.68368 1.58599 1.65489 1.71967 2.3329 2.23598
threshold=0.016635551739692361 -0.044154456052684636 0.01632990303812067 -0.037374592254897913 0.038546150430795463 -0.0095992811709627573 0.0050434621169032088
decision_type=2 2 2 2 2 2 2
left_child=1 -1 3 -3 5 -5 -6
right_child=-2 2 -4 4 6 -7 -8
leaf_value=0.00015822093766596759 -1.3118652334536459e-05 3.7795562333801872e-05 0.00022759147199764084 6.6531967693641165e-05 -5.2043611205528304e-05 -0.0001136197751908436 0.00027818662786593024
leaf_weight=25 323 96 37 45 42 149 31
leaf_count=25 323 96 37 45 42 149 31
internal_value=0.000534759 0.00241176 0.001625 0.000619835 -0.00140449 -0.00386598 0.00513699
internal_weight=748 425 400 363 267 194 73
internal_count=748 425 400 363 267 194 73
is_linear=0
shrinkage=0.05


Tree=53
num_leaves=8
num_cat=0
split_feature=6 0 16 12 2 7 10
split_gain=1.48656 2.41717 1.93263 1.51596 1.70753 1.84754 1.40812
threshold=-0.32619181605945752 -0.0048242046152315856 -0.024234049097731965 0.017439018002644805 0.047064387245334911 -0.038842647417843094 0.0063179668043742429
decision_type=2 2 2 2 2 2 2
left_child=1 -1 -2 6 5 -5 -4
right_child=2 -3 3 4 -6 -7 -8
leaf_value=0.00013003505230249537 -0.00014639012395989493 3.4607844795783326e-06 9.3039087092233221e-06 3.901153162542929e-05 7.5802463732999516e-06 -0.00023902705721822771 0.00010355754624496307
leaf_weight=90 44 214 122 30 122 83 38
leaf_count=90 44 214 122 30 122 83 38
internal_value=0.000437416 0.003125 -0.00142369 -0.000316456 -0.00287234 -0.00730088 0.0034375
internal_weight=743 304 439 395 235 113 160
internal_count=743 304 439 395 235 113 160
is_linear=0
shrinkage=0.05


Tree=54
num_leaves=8
num_cat=0
split_feature=15 8 11 11 6 10 11
split_gain=1.54868 1.57866 1.55131 1.48946 1.26999 1.99074 1.21834
threshold=-0.0046619962250020177 -0.028368511054213615 -0.017068850621732742 -0.0015936378577838248 -0.65978793428570992 0.0023442869650027735 0.010167890880724896
decision_type=2 8 2 2 2 2 2
left_child=1 2 -1 -3 5 -2 -5
right_child=4 3 -4 6 -6 -7 -8
leaf_value=7.4142655150922956e-05 0.00011316420561404583 7.8537492116724118e-05 -0.00026362650283449527 -8.8074065473047662e-05 -2.1407671125786045e-05 -1.1734858922418873e-05 0.00015918117602794682
leaf_weight=32 58 57 37 39 417 74 33
leaf_count=32 58 57 37 39 417 74 33
internal_value=0.000502008 0.00429293 -0.00181159 0.00755814 -0.000865209 0.00340909 0.00277778
internal_weight=747 198 69 129 549 132 72
internal_count=747 198 69 129 549 132 72
is_linear=0
shrinkage=0.05


Tree=55
num_leaves=8
num_cat=0
split_feature=15 15 0 16 16 6 6
split_gain=1.62024 1.75294 1.58491 2.14648 1.72579 1.09659 1.42271
threshold=-0.0042783515257603369 0.01738825686852297 -0.029037426367921667 -0.010657903441641135 0.0021907609799732834 1.3728686387069604 0.39669850439492288
decision_type=2 2 2 2 2 2 2
left_child=2 5 -1 -4 -5 6 -2
right_child=1 -3 3 4 -6 -7 -8
leaf_value=-0.00035023409195332331 -2.1948907935828104e-05 6.2226174806353376e-05 0.00015377703384387745 -6.9914731649461416e-05 0.000113738191967837 -0.00020244820324664698 4.3960869669597627e-05
leaf_weight=34 397 26 75 47 56 52 76
leaf_count=34 397 26 75 47 56 52 76
internal_value=0.000294889 -0.0011343 0.00400943 0.00589888 0.00121359 -0.0017619 -0.00100423
internal_weight=763 551 212 178 103 525 473
internal_count=763 551 212 178 103 525 473
is_linear=0
shrinkage=0.05


Tree=56
num_leaves=8
num_cat=0
split_feature=1 3 10 7 9 1 11
split_gain=0.975799 1.27907 1.22779 1.38843 1.18115 1.15885 1.02305
threshold=-0.064413657674604094 0.017594781077120095 -0.0069332778537110609 -0.031904778637635738 -0.092531455366028956 0.010842864812399934 0.023488244118780924
decision_type=2 2 2 2 8 2 2
left_child=-1 2 3 -2 -4 -5 -6
right_child=1 -3 4 5 6 -7 -8
leaf_value=0.00012071462710619608 -0.00025852366575551298 0.00010464685479395324 -0.00046819281470026041 0.00021507590762197826 -1.1481561474254842e-05 3.6299562387248112e-05 4.7099780949634121e-05
leaf_weight=36 29 25 29 38 475 27 80
leaf_count=36 29 25 29 38 475 27 80
internal_value=0.000304465 -0.000106686 -0.000516224 0.00478723 -0.00136986 0.00884615 -0.000855856
internal_weight=739 703 678 94 584 65 555
internal_count=739 703 678 94 584 65 555
is_linear=0
shrinkage=0.05


Tree=57
num_leaves=8
num_cat=0
split_feature=1 6 16 7 10 0 12
split_gain=1.47641 1.77434 1.64069 1.42709 1.59021 1.48928 1.73205
threshold=-0.017037993462049535 -0.49892020792616115 -0.0065187451070007887 0.0027139008248088241 -0.0066375346949278371 0.0020458432521213159 0.054230156972347017
decision_type=2 2 2 2 2 2 2
left_child=1 -1 -3 -2 -5 -6 -7
right_child=3 2 -4 4 5 6 -8
leaf_value=0.00017539152951382754 -0.0001547019433638588 -4.4409558090485881e-05 0.00011565232611995414 0.00011116604569312321 -3.2921468039482773e-05 3.3449765054803476e-05 -9.2596194377528835e-05
leaf_weight=53 118 93 58 42 141 194 36
leaf_count=53 118 93 58 42 141 194 36
internal_value=0.000306122 0.00392157 0.00115894 -0.00108286 0.000302663 -0.00074124 0.00173913
internal_weight=735 204 151 531 413 371 230
internal_count=735 204 151 531 413 371 230
is_linear=0
shrinkage=0.05


Tree=58
num_leaves=8
num_cat=0
split_feature=7 9 7 10 14 4 9
split_gain=1.20046 2.43 1.93422 1.25036 1.46627 1.19112 2.0318
threshold=-0.046120771164043832 0.081558183855426472 -0.035287064704937192 -0.0066375346949278371 0.10157519013318318 0.029022575200550883 0.14356831243322535
decision_type=2 8 2 2 2 2 8
left_child=1 -1 -2 4 -4 -5 -7
right_child=2 -3 3 5 -6 6 -8
leaf_value=7.2301532939292838e-06 -0.00027112168668864256 0.00017293390589915772 0.00017865841769708628 -1.0258603509857336e-05 -4.9672380334671919e-06 -8.2890774347213477e-06 4.1215018665547932e-05
leaf_weight=75 37 25 46 411 38 77 41
leaf_count=75 37 25 46 411 38 77 41
internal_value=0.0004 0.0055 -0.000384615 0.000285481 0.00595238 -0.000614367 0.00381356
internal_weight=750 100 650 613 84 529 118
internal_count=750 100 650 613 84 529 118
is_linear=0
shrinkage=0.05


Tree=59
num_leaves=8
num_cat=0
split_feature=7 9 6 3 7 8 8
split_gain=0.844049 2.86376 1.35747 1.24187 1.6787 1.17607 1.708
threshold=-0.046120771164043832 0.094317242542977145 2.0622204364736914 -0.0072026102522449445 0.017859165111201006 -0.076168002546544086 -0.030739682082870919
decision_type=2 8 2 2 2 10 10
left_child=1 -1 3 4 -2 -5 -7
right_child=2 -3 -4 5 -6 6 -8
leaf_value=-4.4315178503708844e-06 -0.00027994808951137793 0.00016113892247572915 -0.00020268609797747034 -0.00017448367156975357 3.0568074109343597e-05 0.00021683868022232255 1.8581819595533956e-06
leaf_weight=70 46 25 39 33 28 53 464
leaf_count=70 46 25 39 33 28 53 464
internal_value=6.59631e-05 0.00447368 -0.000565611 0 -0.00608108 0.000818182 0.00140232
internal_weight=758 95 663 624 74 550 517
internal_count=758 95 663 624 74 550 517
is_linear=0
shrinkage=0.05


Tree=60
num_leaves=8
num_cat=0
split_feature=9 10 11 2 12 12 8
split_gain=1.56642 1.86101 2.22342 2.22342 2.29376 1.58894 1.45367
threshold=0.074738812639312827 -0.0066375346949278371 0.0036681526021306037 0.047064387245334911 0.019647566703835165 0.010183672155494096 0.087334360699030125
decision_type=10 2 2 2 2 2 10
left_child=-1 -2 5 4 -4 -3 -5
right_child=1 2 3 6 -6 -7 -8
leaf_value=1.6497598180136302e-05 0.00011189664355813162 -1.6986584553694598e-06 7.4846201173303311e-05 0.00016509844492135987 -0.00023141120986135117 -0.00032790820347128411 -1.4308472073324212e-06
leaf_weight=428 27 41 28 54 58 62 55
leaf_count=428 27 41 28 54 58 62 55
internal_value=0.000232404 -0.00238462 -0.00352349 -0.000384615 -0.00639535 -0.00946602 0.0043578
internal_weight=753 325 298 195 86 103 109
internal_count=753 325 298 195 86 103 109
is_linear=0
shrinkage=0.05


Tree=61
num_leaves=8
num_cat=0
split_feature=11 0 5 11 4 4 13
split_gain=1.28967 1.2219 1.1774 1.27755 1.30322 1.14504 1.01301
threshold=-0.017686131484892616 0.0058121241362965046 0.018752149524442523 0.0030141112553000453 0.032980009543882929 0.018324237008282559 14.194999694824221
decision_type=2 2 2 2 2 2 2
left_child=1 -1 5 -4 -5 -2 -7
right_child=2 -3 3 4 -6 6 -8
leaf_value=0.00015679670626074285 -4.5238529141912066e-05 -1.3211996451369113e-05 -0.00020761099827376844 0.00010098808164290467 -2.4554464465884054e-05 5.1417787466405064e-05 1.2698167046199145e-06
leaf_weight=66 28 27 44 35 41 127 368
leaf_count=66 28 27 44 35 41 127 368
internal_value=0.000679348 0.0061828 -0.000116641 -0.00458333 -0.000657895 0.000908222 0.00146465
internal_weight=736 93 643 120 76 523 495
internal_count=736 93 643 120 76 523 495
is_linear=0
shrinkage=0.05


Tree=62
num_leaves=8
num_cat=0
split_feature=15 0 4 11 4 6 3
split_gain=0.971301 1.28489 1.11302 2.0024 1.68056 1.37866 2.06094
threshold=-0.0046619962250020177 -0.033126321732129142 0.033803846261912331 0.029571955445533264 0.037331648722690375 -0.14263359357616842 -0.0034673844903481683
decision_type=2 2 2 2 2 2 2
left_child=1 -1 3 5 -4 6 -2
right_child=2 -3 4 -5 -6 -7 -8
leaf_value=-0.00031551432919135823 -5.7240482018023742e-05 3.4905312606893807e-05 -0.00018419493865259301 0.00018542182656840672 1.7029424785408413e-05 -5.4079627750083837e-05 4.998441660704592e-05
leaf_weight=25 46 176 36 32 36 192 208
leaf_count=25 46 176 36 32 36 192 208
internal_value=0.00063249 0.00360697 -0.000454545 0.00041841 -0.00625 -0.00044843 0.0019685
internal_weight=751 201 550 478 72 446 254
internal_count=751 201 550 478 72 446 254
is_linear=0
shrinkage=0.05


Tree=63
num_leaves=8
num_cat=0
split_feature=0 13 11 7 8 7 0
split_gain=1.39371 2.07488 1.75012 1.62277 1.2167 1.64751 1.71269
threshold=-0.0095992811709627573 17.369999885559086 -0.020171834808393903 -0.0019241121530223502 0.0052694112542133196 0.06228190729002437 0.0058121241362965046
decision_type=2 2 2 2 8 2 2
left_child=1 -1 -3 -4 -2 6 -6
right_child=4 2 3 -5 5 -7 -8
leaf_value=6.3239873464491147e-05 2.6268118152785271e-05 2.7988205821375887e-05 -0.00050077704746821826 0.00010544689193738932 -6.8765517752684716e-05 3.8531705470823456e-05 8.7471812038359287e-06
leaf_weight=76 194 35 37 29 169 60 152
leaf_count=76 194 35 37 29 169 60 152
internal_value=0.00106383 0.0049435 0.000247525 -0.00454545 -0.000130435 -0.00177165 -0.00319315
internal_weight=752 177 101 66 575 381 321
internal_count=752 177 101 66 575 381 321
is_linear=0
shrinkage=0.05


Tree=64
num_leaves=8
num_cat=0
split_feature=1 6 16 13 15 6 9
split_gain=1.29527 1.38806 1.35239 1.42152 1.31412 2.07692 1.35441
threshold=-0.016063971650412675 -0.57701539913594424 -0.0065187451070007887 17.180000305175785 0.012013164106694731 -0.36514683379970642 -0.027798865744561415
decision_type=2 2 2 2 2 2 8
left_child=1 -1 -3 -4 6 -6 -2
right_child=4 2 3 -5 5 -7 -8
leaf_value=0.00017854050164413482 -0.00024323280175311417 -3.4594015562942808e-05 0.00018966633601958256 -3.8398059255802258e-05 -1.0504189563203225e-05 6.1101802288951809e-05 -2.7148955648340035e-06
leaf_weight=43 30 98 34 25 25 39 438
leaf_count=43 30 98 34 25 25 39 438
internal_value=0.000819672 0.00425 0.00207006 0.00805085 -0.000469925 0.00625 -0.00138889
internal_weight=732 200 157 59 532 64 468
internal_count=732 200 157 59 532 64 468
is_linear=0
shrinkage=0.05


Tree=65
num_leaves=8
num_cat=0
split_feature=1 9 0 14 7 2 14
split_gain=1.42238 1.21909 1.24719 1.86283 1.0692 1.68 2.05882
threshold=-0.032247880425680879 0.14708646801700501 0.0028521962032109775 0.06920052511090892 -0.010704280366012285 -0.052058213860436846 -0.0052209332646739317
decision_type=2 8 2 2 2 2 2
left_child=1 2 3 -1 5 6 -2
right_child=4 -3 -4 -5 -6 -7 -8
leaf_value=0.00015797911655012219 0.0001042738783055944 9.5199226278111246e-05 -0.00015313998980896125 -9.6809781629054803e-05 2.3270455216971473e-06 -0.00030452389284573507 -0.0002415270761210712
leaf_weight=46 36 25 25 25 511 50 34
leaf_count=46 36 25 25 25 511 50 34
internal_value=0.000199468 0.00516529 0.00260417 0.00598592 -0.000752773 -0.005 0
internal_weight=752 121 96 71 631 120 70
internal_count=752 121 96 71 631 120 70
is_linear=0
shrinkage=0.05


Tree=66
num_leaves=8
num_cat=0
split_feature=16 16 1 6 11 2 7
split_gain=1.2253 2.02668 0.867738 1.42617 1.15043 2.28842 1.10624
threshold=-0.029034151551566741 -0.023739358925644768 -0.017037993462049535 -0.57701539913594424 0.0036681526021306037 1.0000000180025095e-35 0.0074662653237815855
decision_type=2 2 2 2 2 2 2
left_child=-1 -2 3 -3 5 -5 -4
right_child=1 2 6 4 -6 -7 -8
leaf_value=4.4160434460097588e-05 -0.00015709847037971523 0.00016949712428584323 -9.2983603941989695e-05 2.7378046428272462e-05 0.00017485126474347569 -0.00023225119315079491 8.2627252767142337e-06
leaf_weight=30 40 33 143 47 43 25 384
leaf_count=30 40 33 143 47 43 25 384
internal_value=0.000100671 -0.000314685 0.000333333 0.00371622 0.00108696 -0.00277778 -0.000616698
internal_weight=745 715 675 148 115 72 527
internal_count=745 715 675 148 115 72 527
is_linear=0
shrinkage=0.05


end of trees

feature_importances:
sector_ret_1d=39
dvol_z_20=35
dist_ma20=35
dist_ma200=35
spy_ret_1d=34
overnight_gap=31
sector_ret_5d=31
vix_level=30
ret_5d=29
spy_ret_5d=28
atr_pct=27
dist_ma50=27
ret_1d=25
vix_chg_1d=21
ret_20d=19
spy_ret_20d=16
parkinson_20=7

parameters:
[boosting: gbdt]
[objective: quantile]
[metric: quantile]
[tree_learner: serial]
[device_type: cpu]
[data_sample_strategy: bagging]
[data: ]
[valid: ]
[num_iterations: 80]
[learning_rate: 0.05]
[num_leaves: 8]
[num_threads: 1]
[seed: 0]
[deterministic: 0]
[force_col_wise: 1]
[force_row_wise: 0]
[histogram_pool_size: -1]
[max_depth: -1]
[min_data_in_leaf: 25]
[min_sum_hessian_in_leaf: 0.001]
[bagging_fraction: 0.9]
[pos_bagging_fraction: 1]
[neg_bagging_fraction: 1]
[bagging_freq: 1]
[bagging_seed: 3]
[bagging_by_query: 0]
[feature_fraction: 0.9]
[feature_fraction_bynode: 1]
[feature_fraction_seed: 2]
[extra_trees: 0]
[extra_seed: 6]
[early_stopping_round: 0]
[early_stopping_min_delta: 0]
[first_metric_only: 0]
[max_delta_step: 0]
[lambda_l1: 0]
[lambda_l2: 0]
[linear_lambda: 0]
[min_gain_to_split: 0]
[drop_rate: 0.1]
[max_drop: 50]
[skip_drop: 0.5]
[xgboost_dart_mode: 0]
[uniform_drop: 0]
[drop_seed: 4]
[top_rate: 0.2]
[other_rate: 0.1]
[min_data_per_group: 100]
[max_cat_threshold: 32]
[cat_l2: 10]
[cat_smooth: 10]
[max_cat_to_onehot: 4]
[top_k: 20]
[monotone_constraints: ]
[monotone_constraints_method: basic]
[monotone_penalty: 0]
[feature_contri: ]
[forcedsplits_filename: ]
[refit_decay_rate: 0.9]
[cegb_tradeoff: 1]
[cegb_penalty_split: 0]
[cegb_penalty_feature_lazy: ]
[cegb_penalty_feature_coupled: ]
[path_smooth: 0]
[interaction_constraints: ]
[verbosity: -1]
[saved_feature_importance_type: 0]
[use_quantized_grad: 0]
[num_grad_quant_bins: 4]
[quant_train_renew_leaf: 0]
[stochastic_rounding: 1]
[linear_tree: 0]
[max_bin: 255]
[max_bin_by_feature: ]
[min_data_in_bin: 3]
[bin_construct_sample_cnt: 200000]
[data_random_seed: 1]
[is_enable_sparse: 1]
[enable_bundle: 1]
[use_missing: 1]
[zero_as_missing: 0]
[feature_pre_filter: 1]
[pre_partition: 0]
[two_round: 0]
[header: 0]
[label_column: ]
[weight_column: ]
[group_column: ]
[ignore_column: ]
[categorical_feature: ]
[forcedbins_filename: ]
[precise_float_parser: 0]
[parser_config_file: ]
[objective_seed: 5]
[num_class: 1]
[is_unbalance: 0]
[scale_pos_weight: 1]
[sigmoid: 1]
[boost_from_average: 1]
[reg_sqrt: 0]
[alpha: 0.5]
[fair_c: 1]
[poisson_max_delta_step: 0.7]
[tweedie_variance_power: 1.5]
[lambdarank_truncation_level: 30]
[lambdarank_norm: 1]
[label_gain: ]
[lambdarank_position_bias_regularization: 0]
[eval_at: ]
[multi_error_top_k: 1]
[auc_mu_weights: ]
[num_machines: 1]
[local_listen_port: 12400]
[time_out: 120]
[machine_list_filename: ]
[machines: ]
[gpu_platform_id: -1]
[gpu_device_id: -1]
[gpu_device_id_list: ]
[gpu_use_dp: 0]
[num_gpu: 1]

end of parameters

pandas_categorical:[]
