tree
version=v4
num_class=1
num_tree_per_iteration=1
label_index=0
max_feature_idx=16
objective=quantile
feature_names=ret_1d ret_5d ret_20d overnight_gap atr_pct parkinson_20 dvol_z_20 dist_ma20 dist_ma50 dist_ma200 spy_ret_1d spy_ret_5d spy_ret_20d vix_level vix_chg_1d sector_ret_1d sector_ret_5d
feature_infos=[-0.10471205325873667:0.17233350979667783] [-0.14719391128500736:0.18603366683635914] [-0.21800396082125761:0.28157233015075489] [-0.10103793260302218:0.1168673143760075] [0.012765640788954629:0.045539842843512493] [0.0074039951297372036:0.027213578568763226] [-2.2409831575762236:4.2341142372438103] [-0.14129814986324474:0.18581951125816931] [-0.13560977945938368:0.26146196433759394] [-0.22458892105344175:0.28795519981951578] [-0.058542971330535654:0.10501930183911301] [-0.11496151859245618:0.082843162776128354] [-0.1226559005192206:0.15756591020035837] [11.859999656677246:52.330001831054688] [-0.35753873962348437:0.74039073966007019] [-0.062852571542473257:0.088816390052506744] [-0.11675896877857916:0.085294626879873769]
tree_sizes=839 862 866 860 873 872 864 868 860 858 866 858 868 858 864 868 866 870 865 868 859 865 876 864 877 865 863 871 867 868 868 875 857 857 866 876 875 874 868 870 874 865 861 864 860 865 858 856 864 861 871 871 870 851 860 864 855 874 865 870 866 863 863 871 858 874 864 859 869 862 860 867 864 869 861 871 869 874 867 868

Tree=0
num_leaves=8
num_cat=0
split_feature=5 14 6 7 12 8 9
split_gain=0.982581 1.12377 1.00916 1.2117 0.877609 0.568532 1.01191
threshold=0.012808250242685506 0.12307845124318741 0.81737901662065837 0.033935129638094537 0.06610047212240612 -0.048427556100704587 -0.084120521136280144
decision_type=2 2 2 2 2 10 10
left_child=2 4 -1 -4 5 -2 -7
right_child=1 -3 3 -5 -6 6 -8
leaf_value=-0.018631477358344643 -0.018680370040226765 -0.019567633969729444 -0.018790865064554716 -0.019740533541812356 -0.019072470103781401 -0.019367203103152354 -0.018941646372840945
leaf_weight=307 93 31 50 26 27 29 183
leaf_count=307 93 31 50 26 27 29 183
internal_value=-0.0190079 -0.0208718 -0.0172413 -0.0223997 -0.0200217 -0.0192569 -0.0206866
internal_weight=746 363 383 76 332 305 212
internal_count=746 363 383 76 332 305 212
is_linear=0
shrinkage=1


Tree=1
num_leaves=8
num_cat=0
split_feature=13 4 14 4 5 7 14
split_gain=1.24383 0.962645 0.98038 1.52842 0.453409 0.44359 0.970154
threshold=18.015000343322757 0.022104722060002319 0.11927434384443127 0.024695033984795983 0.017839814767979509 0.033818522996414198 -0.0022749768251851816
decision_type=2 2 2 2 2 2 2
left_child=5 -2 3 -3 -5 -1 -7
right_child=1 2 -4 4 -6 6 -8
leaf_value=0.00014945123123679983 5.3800778134887308e-05 -0.00057210525719375105 -0.0010060379033291144 0.00016148195858834617 -0.00042028660743931778 0.00018429158409214547 -0.00059924187753886821
leaf_weight=334 75 34 30 75 34 84 67
leaf_count=334 75 34 30 75 34 84 67
internal_value=-0.000184174 -0.00306452 -0.00511561 -0.00339161 -0.000504587 0.00128866 -0.000960265
internal_weight=733 248 173 143 109 485 151
internal_count=733 248 173 143 109 485 151
is_linear=0
shrinkage=0.05


Tree=2
num_leaves=8
num_cat=0
split_feature=4 14 8 8 14 0 14
split_gain=1.13898 0.959993 0.739252 1.40023 1.1802 2.23637 0.665789
threshold=0.020405576123230813 0.11108526702174228 -0.051594747483894414 0.018058771721811587 -0.0067330833557224237 0.00076346612785338508 -0.008595690120394071
decision_type=2 2 8 10 2 2 2
left_child=-1 2 -2 4 5 -4 -5
right_child=1 -3 3 6 -6 -7 -8
leaf_value=0.00022003289335017492 0.00015091200404827168 -0.00096644980332088971 -0.00072031963575198955 0.00019621088977660046 1.5034752714845052e-05 -0.00030019271727810926 -0.00049459197959113581
leaf_weight=309 91 38 26 86 56 59 80
leaf_count=309 91 38 26 86 56 59 80
internal_value=-0.000234899 -0.00188073 -0.00115578 -0.00232899 -0.00599291 -0.00970588 0.000783133
internal_weight=745 436 398 307 141 85 166
internal_count=745 436 398 307 141 85 166
is_linear=0
shrinkage=0.05


Tree=3
num_leaves=8
num_cat=0
split_feature=13 13 7 8 0 6 3
split_gain=0.746635 1.0342 0.879938 1.29058 1.16667 0.650825 1.29097
threshold=18.015000343322757 18.675000190734867 -0.0065661228485583414 -0.01579556046246083 -0.015160404295123829 0.81737901662065837 -0.00027103874522532706
decision_type=2 2 2 8 2 2 2
left_child=5 -2 3 4 -3 -1 -7
right_child=1 2 -4 -5 -6 6 -8
leaf_value=0.00014284682004595681 -0.00025827140159609917 -0.00043988131654522367 0.00016355707692148767 -0.00066920049360864799 0.00024056989722147433 0.00036284833109271659 -0.00066140993929484173
leaf_weight=388 41 28 99 27 56 43 55
leaf_count=388 41 28 99 27 56 43 55
internal_value=-0.000156038 -0.00237052 -0.000952381 -0.00400901 -0.000952381 0.000987654 -0.00265306
internal_weight=737 251 210 111 84 486 98
internal_count=737 251 210 111 84 486 98
is_linear=0
shrinkage=0.05


Tree=4
num_leaves=8
num_cat=0
split_feature=5 14 16 16 8 14 8
split_gain=0.694136 0.78075 0.68788 0.612253 0.538765 0.70967 0.656233
threshold=0.010348327531189637 0.11108526702174228 -0.009004786696278964 -0.0060284369859573408 0.070001501872126851 -0.060408912479391223 -0.054914998136192932
decision_type=2 2 2 2 10 2 8
left_child=-1 2 -2 -4 5 -5 -7
right_child=1 -3 3 4 -6 6 -8
leaf_value=0.00025826006889911554 0.00013943690869724746 -0.0008685965788916485 -0.0002467501201754835 0.00058480924362799423 0.00019964429717321704 0.00017951734683786886 -0.00025122249667787738
leaf_weight=147 132 41 26 50 80 47 220
leaf_count=147 132 41 26 50 80 47 220
internal_value=0.000222073 -0.000536913 -4.50449e-05 -0.00102837 -0.000541562 -0.00146688 -0.00249064
internal_weight=743 596 555 423 397 317 267
internal_count=743 596 555 423 397 317 267
is_linear=0
shrinkage=0.05


Tree=5
num_leaves=8
num_cat=0
split_feature=15 5 6 6 16 15 10
split_gain=0.84119 0.590265 0.61006 0.794525 0.670975 0.540868 0.722366
threshold=-0.017588270772269262 0.010348327531189637 0.90058080712139599 1.2170860483815316 0.0086379701369299084 -0.0020280417101861676 0.0039191669911444746
decision_type=2 2 2 2 2 2 2
left_child=-1 -2 5 -4 -5 -3 -7
right_child=1 2 3 4 -6 6 -8
leaf_value=-0.00069872682847498923 0.0002441060619484672 0.00014059846912331772 -0.00092208903256617866 0.00015130457268310032 -0.00058706704536340664 -0.00021530119873701596 0.00012403623250760375
leaf_weight=25 141 169 28 44 29 133 163
leaf_count=25 141 169 28 44 29 133 163
internal_value=1.36614e-05 0.000332391 -0.000388692 -0.00391089 -0.00116438 0.000376344 -0.000912162
internal_weight=732 707 566 101 73 465 296
internal_count=732 707 566 101 73 465 296
is_linear=0
shrinkage=0.05


Tree=6
num_leaves=8
num_cat=0
split_feature=8 14 12 2 9 2 8
split_gain=0.830203 0.62826 0.621324 0.609699 0.717497 0.479824 0.532106
threshold=0.032073993617589676 -0.0046169142462271764 0.055910594976570589 0.060999777051522826 0.097436019664415965 0.048927764934592284 0.013636821840341542
decision_type=10 2 2 2 10 2 8
left_child=2 -2 5 -3 -5 6 -1
right_child=1 3 -4 4 -6 -7 -8
leaf_value=2.7584185658510123e-05 0.00026506837692185113 0.00021327824932011326 -0.000374069270903443 -0.0006354118715064356 9.1272515345443528e-05 -0.00040843129669678997 -0.00040628941862705029
leaf_weight=294 169 63 25 27 60 29 77
leaf_count=294 169 63 25 27 60 29 77
internal_value=9.40862e-05 0.00202194 -0.00135294 -0.000333333 -0.00304598 -0.000875 -0.000390835
internal_weight=744 319 425 150 87 400 371
internal_count=744 319 425 150 87 400 371
is_linear=0
shrinkage=0.05


Tree=7
num_leaves=8
num_cat=0
split_feature=5 5 1 8 1 8 8
split_gain=1.27192 0.577429 0.524513 1.44115 0.391668 0.479403 0.67569
threshold=0.010348327531189637 0.010659368283652699 -0.049397583627862889 -0.042681235411673561 -0.030414608257163408 0.070001501872126851 0.064462789947487123
decision_type=2 2 2 10 2 10 8
left_child=-1 -2 3 -3 -4 6 -6
right_child=1 2 4 -5 5 -7 -8
leaf_value=0.00028439419062752759 -0.00082859107434647076 0.0001000016788195809 0.00014754451038001169 -0.00076632543666682932 -1.5362375286039285e-05 0.00020548051742318358 -0.00079240385729958246
leaf_weight=149 26 45 49 26 326 85 34
leaf_count=149 26 45 49 26 326 85 34
internal_value=-0.000135135 -0.00117597 -0.000840708 -0.00485915 -0.000263158 -0.000730337 -0.00152778
internal_weight=740 591 565 71 494 445 360
internal_count=740 591 565 71 494 445 360
is_linear=0
shrinkage=0.05


Tree=8
num_leaves=8
num_cat=0
split_feature=4 15 2 8 2 6 4
split_gain=0.752744 0.696814 0.676086 1.48236 0.63576 0.820812 0.596232
threshold=0.020676670499040595 -0.014149651100142878 0.012594269948984495 0.012234862585887353 0.057462741948495107 0.12790826484811771 0.023527660171821823
decision_type=2 2 2 8 2 2 2
left_child=4 -2 3 6 -1 -6 -3
right_child=1 2 -4 -5 5 -7 -8
leaf_value=0.00020815244174108815 -0.00061809045523825656 -0.00065986284712065432 4.2532924303868611e-05 -0.00066722237996847062 0.00045267225079135236 -0.00027032543803547998 4.5573797185851598e-05
leaf_weight=232 35 28 211 27 50 44 134
leaf_count=232 35 28 211 27 50 44 134
internal_value=0.000269383 -0.00109195 -0.0005 -0.00267196 0.00208589 -0.00138298 -0.000864197
internal_weight=761 435 400 189 326 94 162
internal_count=761 435 400 189 326 94 162
is_linear=0
shrinkage=0.05


Tree=9
num_leaves=8
num_cat=0
split_feature=13 4 4 7 8 4 3
split_gain=0.97832 0.590721 1.35332 0.856087 1.32426 0.864776 0.356607
threshold=18.015000343322757 0.022104722060002319 0.023491588474557821 -0.0046268499124924025 -0.066532682448257593 0.026725544755143743 -0.0010665235764829582
decision_type=2 2 2 2 10 2 2
left_child=-1 6 -3 4 -4 -6 -2
right_child=1 2 3 -5 5 -7 -8
leaf_value=0.00011881888694277294 -4.0353870105294616e-05 -0.00051773158693026698 0.00011645690499273442 0.00011989929077301187 -0.00021811517607462773 -0.00075692658223247252 0.00036025853955627679
leaf_weight=492 36 26 38 54 25 29 38
leaf_count=492 36 26 38 54 25 29 38
internal_value=0.000460705 -0.00211382 -0.00372093 -0.00184931 -0.00478261 -0.00981481 0.00162162
internal_weight=738 246 172 146 92 54 74
internal_count=738 246 172 146 92 54 74
is_linear=0
shrinkage=0.05


Tree=10
num_leaves=8
num_cat=0
split_feature=4 8 2 9 3 3 8
split_gain=0.850667 0.552658 1.14992 1.25805 0.910424 0.76394 0.55127
threshold=0.020405576123230813 -0.051594747483894414 0.0043180038709128574 -0.026888184378649035 -0.0090657894612204398 0.0037793014130448337 0.10617000684226353
decision_type=2 8 2 10 2 2 8
left_child=6 -2 3 -3 -4 -5 -1
right_child=1 2 4 5 -6 -7 -8
leaf_value=0.00021255966376833063 0.00012241718874193434 -0.00064672419070717043 -0.00038479927297078282 1.9617347256388394e-05 6.1307364796386255e-05 -0.00048866165323291518 -0.00012371501830555197
leaf_weight=279 110 27 26 55 187 27 37
leaf_count=279 110 27 26 55 187 27 37
internal_value=0.00065508 -0.000787037 -0.0018323 -0.00600917 0.000305164 -0.00292683 0.00262658
internal_weight=748 432 322 109 213 82 316
internal_count=748 432 322 109 213 82 316
is_linear=0
shrinkage=0.05


Tree=11
num_leaves=8
num_cat=0
split_feature=5 5 8 8 4 5 14
split_gain=0.610199 0.656582 0.553492 1.22731 0.541659 0.357954 0.641449
threshold=0.0175798749705313 0.018664611501905348 0.095591463180311101 0.13759418785697944 0.020953451112771155 0.01132322550087056 -0.013287751267225366
decision_type=2 2 8 10 2 2 2
left_child=2 -2 5 4 -4 -1 -7
right_child=1 -3 3 -5 -6 6 -8
leaf_value=0.00020347681466299867 -0.00059044474635297343 3.5877225734845403e-05 -0.00055670580162179716 0.00051893061484392558 -0.00022748402036784212 0.00017321732432813242 -0.00012427182935668645
leaf_weight=191 26 32 25 30 26 181 235
leaf_count=191 26 32 25 30 26 181 235
internal_value=0.000442359 -0.00448276 0.000857558 -0.00302469 -0.0077451 0.00137562 0.000552885
internal_weight=746 58 688 81 51 607 416
internal_count=746 58 688 81 51 607 416
is_linear=0
shrinkage=0.05


Tree=12
num_leaves=8
num_cat=0
split_feature=5 10 12 8 12 10 11
split_gain=0.627205 0.643942 0.483016 1.17346 0.572037 0.533922 0.511515
threshold=0.0175798749705313 0.0021685217340158274 -0.014960350168733092 0.0030363733493951055 0.064838979523685905 0.0041960795209391452 -0.0036300825612617933
decision_type=2 2 2 10 2 2 2
left_child=2 -2 3 5 6 -1 -4
right_child=1 -3 4 -5 -6 -7 -8
leaf_value=0.00029796520168208517 -0.00045915127345197421 0.00014276550415278323 0.00029607925119254542 -0.00039739176497365623 -0.00014008070549484188 -9.564819352788098e-05 4.3897236903735551e-05
leaf_weight=49 31 26 127 28 44 25 396
leaf_count=49 31 26 127 28 44 25 396
internal_value=0.000385675 -0.00464912 0.000814649 -0.00235294 0.00138448 0.000945946 0.00184512
internal_weight=726 57 669 102 567 74 523
internal_count=726 57 669 102 567 74 523
is_linear=0
shrinkage=0.05


Tree=13
num_leaves=8
num_cat=0
split_feature=13 16 2 8 13 4 16
split_gain=0.586657 0.663358 1.17806 1.06674 0.814871 0.603571 0.452181
threshold=18.015000343322757 -0.008895653948508107 0.026749956494937836 -0.051594747483894414 18.719999313354496 0.031392602465592563 0.037212325972276979
decision_type=2 2 2 10 2 2 2
left_child=6 5 3 -3 -4 -2 -1
right_child=1 2 4 -5 -6 -7 -8
leaf_value=0.00010399354007285459 0.0001012977885019865 -0.00023504457630911906 -0.00020917147186452772 -0.00035377487933436358 0.00043127122071265399 -0.00058798797215364881 -0.00013112215822814422
leaf_weight=468 80 25 25 36 51 32 25
leaf_count=468 80 25 25 36 51 32 25
internal_value=0.000552561 -0.0014257 -0.00375912 -0.00893443 0.000394737 0.00142857 0.00155172
internal_weight=742 249 137 61 76 112 493
internal_count=742 249 137 61 76 112 493
is_linear=0
shrinkage=0.05


Tree=14
num_leaves=8
num_cat=0
split_feature=1 8 6 16 0 5 8
split_gain=0.719281 1.13077 0.311171 0.581319 0.486656 0.446889 0.428232
threshold=-0.049397583627862889 -0.042681235411673561 0.81737901662065837 0.015675029842238567 -0.021993472077120487 0.011216107053187993 -0.054914998136192932
decision_type=2 10 2 2 2 2 8
left_child=1 -1 4 -4 -2 -6 -7
right_child=2 -3 3 -5 5 6 -8
leaf_value=8.2190658661704697e-05 -0.00031050724048935219 -0.00062834915469140188 2.9338059977120654e-05 -0.00064198958050501085 0.00022073070222530745 0.00020908499720059278 2.0414308230722533e-05
leaf_weight=39 25 26 91 35 157 60 291
leaf_count=39 25 26 91 35 157 60 291
internal_value=0.000787293 -0.00423077 0.00128225 -0.000952381 0.00181051 0.00214567 0.00115385
internal_weight=724 65 659 126 533 508 351
internal_count=724 65 659 126 533 508 351
is_linear=0
shrinkage=0.05


Tree=15
num_leaves=8
num_cat=0
split_feature=5 12 11 5 7 12 8
split_gain=0.676863 0.682451 0.450415 0.754605 0.621448 0.631709 0.989978
threshold=0.010348327531189637 0.06610047212240612 0.021590279744903355 0.017726130936632934 0.06328755622582817 -0.014960350168733092 -0.046379068758614243
decision_type=2 2 2 2 2 2 8
left_child=-1 2 3 4 5 6 -2
right_child=1 -3 -4 -5 -6 -7 -8
leaf_value=0.00018431886805816806 0.00017619476292826143 -0.00012235890369063958 0.00030402625031291432 -0.00035959096854707253 -0.00030578501605516505 6.6235081974345882e-05 -0.0004949527428530987
leaf_weight=148 35 33 80 37 30 316 53
leaf_count=148 35 33 80 37 30 316 53
internal_value=0.000628415 -0.000136986 0.000281307 -0.000307855 0.000276498 0.000792079 -0.00295455
internal_weight=732 584 551 471 434 404 88
internal_count=732 584 551 471 434 404 88
is_linear=0
shrinkage=0.05


Tree=16
num_leaves=8
num_cat=0
split_feature=1 1 0 15 10 15 2
split_gain=0.747572 0.945995 0.306745 0.473645 0.650961 0.991064 0.930614
threshold=-0.049397583627862889 -0.07260725422735291 0.020248043496680638 -0.0020280417101861676 0.0038619915499665818 0.010293063056648346 0.028909776757305775
decision_type=2 2 2 2 2 2 2
left_child=1 -1 3 -2 -5 -6 -7
right_child=2 -3 -4 4 5 6 -8
leaf_value=0.00010162505589817219 7.5637079321310406e-05 -0.0005870045614622065 0.0002370315329576081 -0.0002448908446881495 0.00038985423337357434 -0.00017234002139419557 0.00053763843287385211
leaf_weight=32 248 37 67 186 124 25 32
leaf_count=32 248 37 67 186 124 25 32
internal_value=0.000539281 -0.00442029 0.00104106 0.000691057 -0.000449591 0.00168508 -0.00377193
internal_weight=751 69 682 615 367 181 57
internal_count=751 69 682 615 367 181 57
is_linear=0
shrinkage=0.05


Tree=17
num_leaves=8
num_cat=0
split_feature=15 5 11 8 2 15 10
split_gain=0.592115 0.404324 0.746897 0.315605 0.812389 0.317613 0.511168
threshold=-0.017588270772269262 0.0175798749705313 0.0056452584945124737 -0.054914998136192932 -0.055056966507684539 -0.0020280417101861676 0.0038619915499665818
decision_type=2 2 2 8 2 2 2
left_child=-1 3 -3 -2 -5 -6 -7
right_child=1 2 -4 4 5 6 -8
leaf_value=-0.00045550387666078564 0.000264317862448422 -0.00029454889798711972 1.9478913293683012e-05 -0.00053725017501571922 7.3606741637223218e-05 -0.00020038907986626647 0.00019291594069829209
leaf_weight=25 91 29 25 34 202 163 175
leaf_count=25 91 29 25 34 202 163 175
internal_value=0.000564516 0.000827538 -0.00333333 0.00116541 0.000731707 0.0012037 0.000266272
internal_weight=744 719 54 665 574 540 338
internal_count=744 719 54 665 574 540 338
is_linear=0
shrinkage=0.05


Tree=18
num_leaves=8
num_cat=0
split_feature=4 4 1 8 10 1 1
split_gain=0.68411 0.578348 0.577155 0.835117 1.05359 0.981295 0.640152
threshold=0.020676670499040595 0.02121123992778862 0.015572417002249874 -0.051594747483894414 0.007852611946651546 0.0016102693888364608 -0.049397583627862889
decision_type=2 2 2 8 2 2 2
left_child=-1 -2 3 -3 5 6 -5
right_child=1 2 -4 4 -6 -7 -8
leaf_value=6.6152921270971145e-05 -0.00069614956301886294 8.3053274080701269e-05 0.00012268916903274276 -0.00024251817621750104 -0.0001860023701379907 -0.00045181105849745524 0.00012637774619963038
leaf_weight=319 32 95 138 27 32 35 72
leaf_count=319 32 95 138 27 32 35 72
internal_value=0.000266667 -0.00103248 -0.000513784 -0.00189655 -0.00403614 -0.00208955 0.000454546
internal_weight=750 431 399 261 166 134 99
internal_count=750 431 399 261 166 134 99
is_linear=0
shrinkage=0.05


Tree=19
num_leaves=8
num_cat=0
split_feature=15 5 11 8 2 1 15
split_gain=0.378221 0.513608 0.518465 0.660021 1.10497 0.600048 0.796477
threshold=-0.0012677115600719933 0.010348327531189637 0.025508848097117291 -0.054914998136192932 -0.036519225316890329 0.002174673992366261 0.0068591194263190056
decision_type=2 2 2 8 2 2 2
left_child=-1 -2 3 -3 -5 -6 -7
right_child=1 2 -4 4 5 6 -8
leaf_value=4.4207941563975075e-05 0.00014738912471698353 0.00026121745844076105 0.00033097634606195966 -0.00035681150490788884 0.0002229272106919585 -0.00042000666726074791 7.0482325324848393e-05
leaf_weight=314 87 53 58 25 67 73 64
leaf_count=314 87 53 58 25 67 73 64
internal_value=0.000816464 -0.000152225 -0.00102941 -0.00191489 -0.0030786 -0.00186274 -0.00375912
internal_weight=741 427 340 282 229 204 137
internal_count=741 427 340 282 229 204 137
is_linear=0
shrinkage=0.05


Tree=20
num_leaves=8
num_cat=0
split_feature=15 10 14 2 12 4 4
split_gain=0.505103 0.40433 0.585637 0.53616 0.94902 1.34302 0.69345
threshold=-0.016790394144515549 -0.0056282677308486786 -0.008595690120394071 0.057462741948495107 0.041666429099885278 0.02121123992778862 0.020855063182802395
decision_type=2 2 2 2 2 2 2
left_child=-1 -2 -3 6 5 -5 -4
right_child=1 2 3 4 -6 -7 -8
leaf_value=-0.00039895817720770655 0.00044111329061678441 6.20271050429426e-05 0.00017681639282319842 -0.00065814598527692185 5.6584548069766612e-05 1.6349827369979656e-05 -0.0002128087463120044
leaf_weight=28 103 348 82 25 34 26 93
leaf_count=28 103 348 82 25 34 26 93
internal_value=0.000872801 0.00113221 0.000641448 -0.00115385 -0.00441176 -0.00872549 0.000428572
internal_weight=739 711 608 260 85 51 175
internal_count=739 711 608 260 85 51 175
is_linear=0
shrinkage=0.05


Tree=21
num_leaves=8
num_cat=0
split_feature=4 6 14 11 10 4 13
split_gain=0.731718 0.715395 0.658144 0.476471 0.369687 0.432422 0.362882
threshold=0.020676670499040595 0.43810919649554386 0.11108526702174228 0.0057915448439024306 0.013109339753378581 0.02121123992778862 17.875000000000004
decision_type=2 2 2 2 2 2 2
left_child=1 -1 4 -3 5 -2 -7
right_child=2 3 -4 -5 -6 6 -8
leaf_value=0.00018112786939201392 -0.00061476057444946727 0.00014833515967253196 -0.00049860904944678945 -0.00036291917226049706 -0.00028922615559635314 6.8042094635339722e-05 -2.0049249809422762e-05
leaf_weight=227 28 51 37 45 28 182 148
leaf_count=227 28 51 37 45 28 182 148
internal_value=0.000576408 0.00236842 -0.000791962 -0.00125 -0.000181347 0.000251397 0.000757576
internal_weight=746 323 423 96 386 358 330
internal_count=746 323 423 96 386 358 330
is_linear=0
shrinkage=0.05


Tree=22
num_leaves=8
num_cat=0
split_feature=15 10 14 9 5 5 16
split_gain=0.48982 0.301931 0.845217 0.405702 0.331912 0.441957 0.372414
threshold=-0.017588270772269262 -0.0056282677308486786 0.068214198873392098 -0.11732759177982525 0.010348327531189637 0.010741400470948069 0.014369815116691666
decision_type=2 2 2 10 2 2 2
left_child=-1 3 4 -2 -3 -6 -7
right_child=1 2 -4 -5 5 6 -8
leaf_value=-0.00038628809407429933 -3.1165096563185362e-05 0.00016013957665984147 -0.00098256087111773887 0.00042904303321493085 -0.00067425331857742658 -7.1565687557231151e-06 9.2308706511088387e-05
leaf_weight=26 40 114 25 74 26 290 145
leaf_count=26 40 114 25 74 26 290 145
internal_value=0.000202703 0.000448179 1.86265e-10 0.00280702 0.000391305 -0.000206074 0.000172414
internal_weight=740 714 600 114 575 461 435
internal_count=740 714 600 114 575 461 435
is_linear=0
shrinkage=0.05


Tree=23
num_leaves=8
num_cat=0
split_feature=5 5 14 6 5 9 15
split_gain=0.43173 0.846079 0.523809 0.761461 0.646449 1.12626 0.695718
threshold=0.0175798749705313 0.018664611501905348 -0.013287751267225366 -0.59093402647118254 0.012823838992042157 0.16603559689854611 -0.0062863172837351313
decision_type=2 2 2 2 2 8 2
left_child=2 -2 -1 -4 -5 6 -6
right_child=1 -3 3 4 5 -7 -8
leaf_value=9.4798786849235964e-05 -0.00046648814499316242 2.5073897882261643e-05 0.00016173871616177607 3.3903253845252389e-07 -0.00050363163066674966 -0.00065287615801458074 6.3760823186201319e-05
leaf_weight=297 25 29 110 172 35 26 53
leaf_count=297 25 29 110 172 35 26 53
internal_value=4.68543e-05 -0.00425926 0.000382396 -0.000808081 -0.00216783 -0.00508772 -0.00238636
internal_weight=747 54 693 396 286 114 88
internal_count=747 54 693 396 286 114 88
is_linear=0
shrinkage=0.05


Tree=24
num_leaves=8
num_cat=0
split_feature=5 8 16 11 15 0 15
split_gain=0.342971 0.362207 0.517777 0.361109 0.438301 0.721576 0.581191
threshold=0.010348327531189637 -0.06705100681578606 -0.024559210988937371 0.024405077895535147 -0.0020280417101861676 0.01369701260233447 0.0068591194263190056
decision_type=2 8 2 2 2 2 2
left_child=-1 -2 -3 4 -4 6 -6
right_child=1 2 3 -5 5 -7 -8
leaf_value=0.00013912089150777573 0.00023933958009197473 -0.00043660408985751736 2.9894719543993533e-05 0.00027341319157143804 -0.00035037844177164892 0.00020964858331348562 2.1674809204693069e-06
leaf_weight=146 78 29 161 75 114 80 61
leaf_count=146 78 29 161 75 114 80 61
internal_value=0.000430108 -0.000100334 -0.000576923 -0.000193482 -0.000769231 -0.00205882 -0.00385714
internal_weight=744 598 520 491 416 255 175
internal_count=744 598 520 491 416 255 175
is_linear=0
shrinkage=0.05


Tree=25
num_leaves=8
num_cat=0
split_feature=15 1 1 1 6 3 6
split_gain=0.538785 0.284695 0.489371 0.363428 0.390645 0.638901 0.946626
threshold=-0.017588270772269262 -0.063608599557556475 -0.041513155086697666 -0.030009319418755061 0.81737901662065837 -0.0015811965669454973 1.2417638046050443
decision_type=2 2 2 2 2 2 2
left_child=-1 -2 -3 -4 -5 -6 -7
right_child=1 2 3 4 5 6 -8
leaf_value=-0.00033312938289046612 0.0001628803434772372 -0.00047145151811363501 0.00018642830002743487 3.2652996248049563e-05 0.00013453134415669957 -0.00070627958515499063 -3.0609370347224802e-06
leaf_weight=26 38 34 49 500 41 25 37
leaf_count=26 38 34 49 500 41 25 37
internal_value=0.000533334 0.000787293 0.000553936 0.000858896 0.000522388 -0.00228155 -0.00548387
internal_weight=750 724 686 652 603 103 62
internal_count=750 724 686 652 603 103 62
is_linear=0
shrinkage=0.05


Tree=26
num_leaves=8
num_cat=0
split_feature=5 8 8 11 13 11 7
split_gain=0.430352 0.421858 0.370649 0.630064 0.62255 0.838458 1.17492
threshold=0.011703531408965092 0.10617000684226353 -0.065561247725712021 0.010325604265528312 17.494999885559086 -0.022672211523631577 -0.010313231309471036
decision_type=2 8 8 2 2 2 2
left_child=1 -1 -2 4 -4 -6 -7
right_child=2 -3 3 -5 5 6 -8
leaf_value=0.00015018392726878302 0.00012050388044626884 -0.00027121722271224017 3.1449242839023524e-05 2.2536610040240429e-05 0.00019149576392931217 -0.00037778616331945639 -0.00017268419043720389
leaf_weight=223 86 30 97 176 33 29 69
leaf_count=223 86 30 97 176 33 29 69
internal_value=0.000558547 0.0022332 -0.000306122 -0.000940594 -0.00267544 -0.00492366 -0.0072449
internal_weight=743 253 490 404 228 131 98
internal_count=743 253 490 404 228 131 98
is_linear=0
shrinkage=0.05


Tree=27
num_leaves=8
num_cat=0
split_feature=5 5 10 14 14 6 11
split_gain=0.447658 0.800455 0.368511 0.501933 0.518909 0.790413 0.443211
threshold=0.0175798749705313 0.018664611501905348 0.013109339753378581 -0.012410493039419599 -0.0070547548707520216 0.015151441712356207 0.0075989053282219396
decision_type=2 2 2 2 2 2 2
left_child=2 -2 3 6 -5 -6 -1
right_child=1 -3 -4 4 5 -7 -8
leaf_value=0.00017796435634998223 -0.00038112918859198373 6.4131111050744853e-05 -0.00015709951320980851 -0.00024693083740734482 0.00014497570467134093 -0.00014065833216416029 2.1569297639009044e-05
leaf_weight=135 27 32 33 32 190 160 136
leaf_count=135 27 32 33 32 190 160 136
internal_value=0.000704698 -0.00347458 0.00106414 0.00132466 0.000157068 0.000714286 0.00297048
internal_weight=745 59 686 653 382 350 271
internal_count=745 59 686 653 382 350 271
is_linear=0
shrinkage=0.05


Tree=28
num_leaves=8
num_cat=0
split_feature=13 14 1 6 3 13 5
split_gain=0.301775 0.449332 0.450273 0.656402 0.814472 0.557904 0.442523
threshold=20.610000610351566 -0.008595690120394071 -0.027758786826016953 0.61054534090797741 -1.0000000180025095e-35 17.840000152587894 0.014888083592110779
decision_type=2 2 2 2 2 2 2
left_child=1 -1 -3 5 -5 -4 -2
right_child=6 2 3 4 -6 -7 -8
leaf_value=0.00010029154807557572 3.9659534133039733e-05 0.00017317075690218882 8.5967137243032923e-05 0.00026111990666033045 -0.00059934233014953585 -0.00030426765983430551 -0.00016697874837867614
leaf_weight=306 49 54 169 28 41 41 64
leaf_count=306 49 54 169 28 41 41 64
internal_value=0.000744681 0.00116588 -0.000105105 -0.000913978 -0.00514493 0.000476191 -0.00163717
internal_weight=752 639 333 279 69 210 113
internal_count=752 639 333 279 69 210 113
is_linear=0
shrinkage=0.05


Tree=29
num_leaves=8
num_cat=0
split_feature=15 9 16 3 2 2 2
split_gain=0.531128 0.328504 0.544868 0.587545 0.330567 0.599666 0.355807
threshold=-0.017588270772269262 0.020353050923273889 0.030474254484599398 -0.0093808556906190815 0.091266344358264653 0.07120209315576366 0.0084616344636938585
decision_type=2 8 2 2 2 2 2
left_child=-1 -2 3 -3 5 6 -5
right_child=1 2 -4 4 -6 -7 -8
leaf_value=-0.0002983676319859201 2.8975253479350068e-05 -0.00014771632033654718 -8.0279439900533204e-05 -2.362535930839277e-05 0.00031043703704120018 -0.00031523174767179781 0.00010452387416081783
leaf_weight=26 184 46 44 148 89 25 168
leaf_count=26 184 46 44 148 89 25 168
internal_value=0.000479452 0.000738637 9.6154e-05 0.000588235 0.00116279 0.000454546 0.0010443
internal_weight=730 704 520 476 430 341 316
internal_count=730 704 520 476 430 341 316
is_linear=0
shrinkage=0.05


Tree=30
num_leaves=8
num_cat=0
split_feature=1 1 9 2 14 15 6
split_gain=0.423616 1.11138 0.50829 0.450868 0.402587 0.78015 0.856062
threshold=-0.041513155086697666 -0.063608599557556475 0.0024686102843131112 -0.048381219517747757 -0.01013918808565367 -0.0056494031610274656 0.43810919649554386
decision_type=2 2 8 2 2 2 2
left_child=1 -1 -2 -4 -5 -6 -7
right_child=2 -3 3 4 5 6 -8
leaf_value=3.2018413252603969e-05 5.7220855982802615e-05 -0.00066847872405887169 -0.0002691620138352733 9.9113523318380801e-05 0.00036637660632562314 1.5221305260061734e-05 -0.00060589331704646952
leaf_weight=42 136 39 47 224 82 113 54
leaf_count=42 136 39 47 224 82 113 54
internal_value=0.000386703 -0.00302469 0.000807927 9.6154e-05 0.000560254 -0.000823293 -0.00278443
internal_weight=737 81 656 520 473 249 167
internal_count=737 81 656 520 473 249 167
is_linear=0
shrinkage=0.05


Tree=31
num_leaves=8
num_cat=0
split_feature=15 10 0 3 8 13 7
split_gain=0.511516 0.363225 0.481558 0.415699 0.501563 0.583543 0.810935
threshold=-0.016790394144515549 -0.0056282677308486786 0.013154945409304288 0.0095031305335199229 -0.048427556100704587 17.204999923706058 -0.010313231309471036
decision_type=2 2 2 2 8 2 2
left_child=-1 -2 3 4 -3 -6 -7
right_child=1 2 -4 -5 5 6 -8
leaf_value=-0.00026000823258328276 0.00022946718992839399 0.0001054768101571696 0.00010625180605268901 -0.00039639313489656444 7.6605611668638024e-06 -0.00049348792767666295 -4.4370342557572739e-05
leaf_weight=26 112 70 146 31 243 27 76
leaf_count=26 112 70 146 31 243 27 76
internal_value=0.000348837 0.000602837 0.000109612 -0.000704698 -0.000288461 -0.00106936 -0.0042233
internal_weight=731 705 593 447 416 346 103
internal_count=731 705 593 447 416 346 103
is_linear=0
shrinkage=0.05


Tree=32
num_leaves=8
num_cat=0
split_feature=3 16 15 15 6 6 6
split_gain=0.384305 0.475364 0.434356 1.11862 0.648484 1.03934 0.422126
threshold=-0.0062651412227400219 0.037212325972276979 0.0068591194263190056 0.0051979811490103786 0.81737901662065837 1.3840972788263985 0.17536361327218994
decision_type=2 2 2 2 2 2 2
left_child=6 2 3 4 -2 -6 -1
right_child=1 -3 -4 -5 5 -7 -8
leaf_value=-0.00028303805655272176 8.6852092082270765e-05 -3.7169677267542093e-05 0.00014366935271148732 -0.00034880015665186056 -0.00060554235508651535 0.00014577338055462978 0.0001785730540867747
leaf_weight=83 306 38 161 35 25 27 77
leaf_count=83 306 38 161 35 25 27 77
internal_value=0.000611702 0.00119932 0.0015704 0.0006743 0.00150838 -0.00365385 -0.0015625
internal_weight=752 592 554 393 358 52 160
internal_count=752 592 554 393 358 52 160
is_linear=0
shrinkage=0.05


Tree=33
num_leaves=8
num_cat=0
split_feature=15 5 5 8 8 6 2
split_gain=0.541928 0.359405 0.506317 0.418682 0.340595 0.586778 0.424864
threshold=-0.017588270772269262 0.0175798749705313 0.01886443355880164 -0.054914998136192932 -0.025809132687141908 -0.48678711962526655 -0.019155888778109583
decision_type=2 2 2 8 10 2 2
left_child=-1 3 -3 -2 5 -5 -6
right_child=1 2 -4 4 6 -7 -8
leaf_value=-0.00025364344953727422 0.00016870486614058175 -0.00021630969247087202 6.8866247232111182e-05 -0.00042834383164072604 0.00029042199754332942 2.6759543855592242e-06 1.8667181326617796e-05
leaf_weight=26 85 27 29 26 64 74 411
leaf_count=26 85 27 29 26 64 74 411
internal_value=0.000552561 0.000810056 -0.00303571 0.00113636 0.000652174 -0.002 0.00121053
internal_weight=742 716 56 660 575 100 475
internal_count=742 716 56 660 575 100 475
is_linear=0
shrinkage=0.05


Tree=34
num_leaves=8
num_cat=0
split_feature=8 2 2 11 2 13 8
split_gain=0.405086 0.545937 0.907586 0.647713 0.327392 0.466742 0.902894
threshold=0.070001501872126851 0.057462741948495107 0.065625152295724756 0.0086496038184588082 0.026448678890937497 20.714999198913578 -0.072654927184426607
decision_type=10 2 2 2 2 2 8
left_child=1 4 -3 -4 5 -1 -7
right_child=-2 2 3 -5 -6 6 -8
leaf_value=2.0481826084668748e-05 0.00012617173499080889 -0.00040655842218040734 -0.00027565919639800684 0.00039086348748929023 6.9568429340695925e-05 0.00036350351462443627 -0.0004330023620208414
leaf_weight=302 139 27 44 38 119 28 50
leaf_count=302 139 27 44 38 119 28 50
internal_value=4.68543e-05 -0.000509868 -0.0037156 -0.00109756 0.000190381 -0.000526316 -0.00397436
internal_weight=747 608 109 82 499 380 78
internal_count=747 608 109 82 499 380 78
is_linear=0
shrinkage=0.05


Tree=35
num_leaves=8
num_cat=0
split_feature=0 0 8 8 3 4 12
split_gain=0.519199 1.89972 0.571672 0.945112 0.523558 0.431459 0.451214
threshold=-0.0020096874207800037 -0.0034855237546608793 0.019166765515756471 0.0044106393462189928 0.00066899126406061449 0.015578112285293551 0.019854443093846989
decision_type=2 2 10 8 2 2 2
left_child=1 2 3 4 -1 -2 -7
right_child=5 -3 -4 -5 -6 6 -8
leaf_value=0.00011722919072422617 -0.00019313912531512952 -0.00054046838146100016 0.00018169247048391236 -0.00030627295922319893 -0.00011014393179895206 8.4891318382938131e-06 9.5259668644114595e-05
leaf_weight=98 25 26 120 25 32 203 214
leaf_count=98 25 26 120 25 32 203 214
internal_value=0.000289368 -0.00131229 -9.09089e-05 -0.00209677 -0.000384615 0.00138009 0.00176259
internal_weight=743 301 275 155 130 442 417
internal_count=743 301 275 155 130 442 417
is_linear=0
shrinkage=0.05


Tree=36
num_leaves=8
num_cat=0
split_feature=10 10 9 5 7 0 3
split_gain=0.378296 0.825007 0.926082 0.765182 0.691766 0.722303 0.352648
threshold=-0.0056282677308486786 -1.0000000180025095e-35 0.18629182729627949 0.01132322550087056 0.025816462662759835 -0.0098743886276536057 -0.0065655736872399775
decision_type=2 2 10 2 2 2 2
left_child=-1 2 3 -2 5 -5 -3
right_child=1 6 -4 4 -6 -7 -8
leaf_value=0.00014712244417127104 0.00025812151646875247 -0.00010070922567024612 -0.00031254453865308567 -0.00022829583970120711 -0.00027008797201793133 0.00025113214845518602 6.6522352969779596e-05
leaf_weight=135 42 55 38 32 37 45 369
leaf_count=135 42 55 38 32 37 45 369
internal_value=0.000750332 0.000226537 -0.00247423 -0.000769231 -0.00289474 -0.000194805 0.00146226
internal_weight=753 618 194 156 114 77 424
internal_count=753 618 194 156 114 77 424
is_linear=0
shrinkage=0.05


Tree=37
num_leaves=8
num_cat=0
split_feature=3 2 10 9 11 4 16
split_gain=0.532435 0.853615 0.377238 0.551732 0.359006 0.536613 0.854581
threshold=-0.0062651412227400219 0.058154000198090479 -0.0056282677308486786 -0.092006430201362163 0.0039565944761287284 0.01575291090352841 0.0093532564773883848
decision_type=2 2 2 10 2 2 2
left_child=1 2 -1 -4 -2 -6 -7
right_child=4 -3 3 -5 5 6 -8
leaf_value=0.00028047659208821531 6.9245931257757464e-05 -0.00028930391555065973 -0.00054434752406208251 8.762142259083935e-05 -0.00027918730014510253 -0.00019776762160344719 6.8067228218397845e-05
leaf_weight=41 262 36 27 58 25 106 202
leaf_count=41 262 36 27 58 25 106 202
internal_value=0.000442537 -0.00209877 -0.00015873 -0.00205882 0.00113445 4.50452e-05 0.000616883
internal_weight=757 162 126 85 595 333 308
internal_count=757 162 126 85 595 333 308
is_linear=0
shrinkage=0.05


Tree=38
num_leaves=8
num_cat=0
split_feature=9 4 6 0 4 4 12
split_gain=0.325041 0.578353 0.675534 0.942016 1.21848 0.620214 0.356016
threshold=0.0024686102843131112 0.018228723602208091 -0.44029613231137205 0.0073640392270729613 0.023600617935944989 0.015667113394179918 -0.014960350168733092
decision_type=10 2 2 2 2 2 2
left_child=6 5 -3 4 -4 -2 -1
right_child=1 2 3 -5 -6 -7 -8
leaf_value=-8.3815935037673028e-06 -0.00026147576296536667 9.333521645361374e-05 -0.00065537402229849044 1.3182973487268393e-05 -3.0281150106816861e-06 0.00029002614067961404 0.00010059972345155332
leaf_weight=109 37 103 49 78 43 98 223
leaf_count=109 37 103 49 78 43 98 223
internal_value=0.000675676 -0.000269608 -0.00159341 -0.00352941 -0.00695652 0.00240741 0.00183735
internal_weight=740 408 273 170 92 135 332
internal_count=740 408 273 170 92 135 332
is_linear=0
shrinkage=0.05


Tree=39
num_leaves=8
num_cat=0
split_feature=8 2 11 11 10 4 6
split_gain=0.426722 0.711097 0.477105 0.504348 0.777129 0.938943 1.05407
threshold=-0.066532682448257593 -0.064732914412040474 0.025508848097117291 0.0013310128060490813 0.0038619915499665818 0.020294707628606839 0.39008295459872944
decision_type=8 2 2 2 2 2 2
left_child=-1 -2 3 -3 5 6 -5
right_child=1 2 -4 4 -6 -7 -8
leaf_value=0.00018745238136690264 -0.00042418346012728432 1.8605426607425057e-05 0.00028105231902472954 0.00010596843612526086 0.0001056425458729493 -0.00031285692277153483 -0.00050314721686006345
leaf_weight=82 45 237 70 72 120 85 25
leaf_count=82 45 237 70 72 120 85 25
internal_value=0.000380435 -4.58714e-05 0.000402299 -0.000102041 -0.00145695 -0.00351648 -0.000154639
internal_weight=736 654 609 539 302 182 97
internal_count=736 654 609 539 302 182 97
is_linear=0
shrinkage=0.05


Tree=40
num_leaves=8
num_cat=0
split_feature=14 10 13 1 10 15 10
split_gain=0.297141 0.531201 0.549587 0.858348 0.679819 1.2745 0.454545
threshold=-0.013287751267225366 -0.0056282677308486786 17.204999923706058 0.02788593043969723 -0.00038724572548481934 -0.0020280417101861676 -0.0018259871478111254
decision_type=2 2 2 2 2 2 2
left_child=-1 -2 4 6 5 -3 -4
right_child=1 2 3 -5 -6 -7 -8
leaf_value=2.2544364852734538e-05 0.00013349785247468833 7.8207503678209904e-05 -0.00022843294833053271 7.7192177618170025e-05 0.00013200340345576728 -0.00029006612010912947 -0.00043609989210601489
leaf_weight=316 126 53 30 25 123 34 36
leaf_count=316 126 53 30 25 123 34 36
internal_value=0.000356662 -0.000503513 -0.00164452 -0.00489011 -0.000238095 -0.00362069 -0.00787879
internal_weight=743 427 301 91 210 87 66
internal_count=743 427 301 91 210 87 66
is_linear=0
shrinkage=0.05


Tree=41
num_leaves=8
num_cat=0
split_feature=1 11 0 11 3 9 1
split_gain=0.338285 0.560445 1.10486 1.67167 0.467138 0.456371 0.432239
threshold=0.002174673992366261 0.0091429221400685119 0.0076036858526101767 0.0047087811443838898 0.0087333849377407863 -0.011778065357347876 0.022601235349828389
decision_type=2 2 2 2 2 10 2
left_child=-1 2 3 6 -3 -4 -2
right_child=1 4 5 -5 -6 -7 -8
leaf_value=3.2330047503454218e-05 6.8378190030638199e-05 0.00010314943335348099 -3.2039443551852307e-05 -0.00046443863385739665 -6.4008654898420529e-05 0.00041003873030414788 -1.2939260808927961e-05
leaf_weight=344 41 190 33 25 43 50 25
leaf_count=344 41 190 33 25 43 50 25
internal_value=0.000938749 -3.68548e-05 -0.00218391 -0.00598901 0.00156652 0.00198795 -0.00181818
internal_weight=751 407 174 91 233 83 66
internal_count=751 407 174 91 233 83 66
is_linear=0
shrinkage=0.05


Tree=42
num_leaves=8
num_cat=0
split_feature=6 6 4 10 3 8 11
split_gain=0.340493 1.15155 0.528312 0.758696 0.498192 1.06115 0.404461
threshold=0.87236414122080497 1.1928016225599927 0.022848781036148957 0.011081127961662387 -0.0028608163332741183 -0.032355377037714898 0.012464191506580515
decision_type=2 2 2 2 2 10 2
left_child=2 -2 -1 4 5 -4 -3
right_child=1 6 3 -5 -6 -7 -8
leaf_value=8.9118622377371221e-05 -0.00047675408907468515 0.00015933817520675305 0.0002276459278330277 -0.00033518808318726788 9.0088947166492206e-05 -0.00022143948691155966 -0.00040075313557944286
leaf_weight=363 34 72 38 25 137 53 27
leaf_count=363 34 72 38 25 137 53 27
internal_value=0.00052737 -0.00176692 0.00102273 -0.000731225 0.000175439 -0.00269231 0.000959596
internal_weight=749 133 616 253 228 91 99
internal_count=749 133 616 253 228 91 99
is_linear=0
shrinkage=0.05


Tree=43
num_leaves=8
num_cat=0
split_feature=0 4 14 0 11 6 1
split_gain=0.36463 0.392806 0.507414 0.395186 0.381698 0.378145 0.625481
threshold=0.0090839187982421094 0.030497391794950379 0.031770832380203846 0.0062519523419750653 0.0069117178035681412 -0.59093402647118254 -0.030009319418755061
decision_type=2 2 2 2 2 2 2
left_child=1 3 -3 5 -5 -1 -7
right_child=-2 2 -4 4 -6 6 -8
leaf_value=8.9763625941155855e-05 4.664545684152648e-05 5.351369722826588e-05 -0.00030920883805176167 9.9922912560647026e-05 -0.00043366798732204529 0.00014627536224287786 -2.353920962900844e-05
leaf_weight=140 205 34 30 25 28 67 215
leaf_count=140 205 34 30 25 28 67 215
internal_value=0.000766129 8.34881e-05 -0.00359375 0.000578948 -0.00349057 0.00109005 3.54612e-05
internal_weight=744 539 64 475 53 422 282
internal_count=744 539 64 475 53 422 282
is_linear=0
shrinkage=0.05


Tree=44
num_leaves=8
num_cat=0
split_feature=14 6 3 3 11 13 8
split_gain=0.67739 0.667444 1.36834 1.0175 0.537495 0.990735 0.677518
threshold=-0.01013918808565367 0.43810919649554386 -0.00042449107816661108 0.0053754591077643807 -0.01413744986297699 17.369999885559086 0.0044106393462189928
decision_type=2 2 2 2 2 2 8
left_child=-1 4 -3 -4 -2 -6 -7
right_child=1 2 3 -5 5 6 -8
leaf_value=4.24517422331228e-05 0.00051340029127084556 0.00010451399566416289 -0.00064226082421871245 -3.177183521796491e-05 4.4056404435153552e-05 6.9201901592810928e-06 -0.00021068809106046857
leaf_weight=329 54 63 28 26 163 31 41
leaf_count=329 54 63 28 26 163 31 41
internal_value=0.000578231 -0.000788177 -0.00397436 -0.00981481 0.00050173 -0.000531915 -0.00541667
internal_weight=735 406 117 54 289 235 72
internal_count=735 406 117 54 289 235 72
is_linear=0
shrinkage=0.05


Tree=45
num_leaves=8
num_cat=0
split_feature=4 4 15 12 3 11 16
split_gain=0.574614 0.801133 0.299852 0.369568 0.561623 0.337807 0.613227
threshold=0.030303000791742991 0.032481606170963587 0.015786029973928865 -0.014960350168733092 -0.0017382133127976649 -0.0032135973316774753 -0.0071335133968779543
decision_type=2 2 2 2 2 2 2
left_child=2 -2 3 4 -1 -5 -7
right_child=1 -3 -4 5 -6 6 -8
leaf_value=-0.00035842352106181725 -0.00045826678399881127 6.3847663262933676e-06 -2.4259047378729452e-05 0.00022302938194587946 4.8243616552530553e-05 -0.00016836009830414615 6.3758611379727235e-05
leaf_weight=44 32 59 30 124 56 45 353
leaf_count=44 32 59 30 124 56 45 353
internal_value=0.00102961 -0.00269231 0.00154908 0.00178457 -0.001 0.00231801 0.00160804
internal_weight=743 91 652 622 100 522 398
internal_count=743 91 652 622 100 522 398
is_linear=0
shrinkage=0.05


Tree=46
num_leaves=8
num_cat=0
split_feature=6 3 14 4 4 2 16
split_gain=0.429199 0.702698 0.675 0.397791 0.625545 1.22674 0.697726
threshold=0.81737901662065837 -0.0015811965669454973 0.005094684764536229 0.022104722060002319 0.023902773196815653 -0.0049487107911737596 0.0017343249198992219
decision_type=2 2 2 2 2 2 2
left_child=3 -2 -3 -1 5 -5 -7
right_child=1 2 -4 4 -6 6 -8
leaf_value=8.5754840097379946e-05 0.00014606379806218411 -1.9610113924951396e-06 -0.00040155992161421789 -0.00039802445307079624 2.2342278878639085e-05 -6.6638813380859134e-05 5.1338205052374984e-05
leaf_weight=310 66 48 32 25 197 26 43
leaf_count=310 66 48 32 25 197 26 43
internal_value=0.000582329 -0.00184931 -0.005 0.00117305 -0.000154639 -0.00351064 -7.24636e-05
internal_weight=747 146 80 601 291 94 69
internal_count=747 146 80 601 291 94 69
is_linear=0
shrinkage=0.05


Tree=47
num_leaves=8
num_cat=0
split_feature=8 8 1 5 13 8 1
split_gain=0.532487 1.14706 0.659628 0.598807 0.541659 0.459662 0.608331
threshold=0.095591463180311101 0.13759418785697944 -0.049397583627862889 0.015456647562170295 18.214999198913578 0.070001501872126851 0.027257698512510479
decision_type=8 10 2 2 2 10 2
left_child=2 4 3 -1 -2 6 -4
right_child=1 -3 5 -5 -6 -7 -8
leaf_value=4.8116267583373839e-06 -0.00045589685650866533 0.00043606136698411211 5.100803093678367e-05 -0.00013649204484915411 -0.00011771910764004201 0.00029648145762706897 -2.4676614745897629e-05
leaf_weight=34 25 27 392 28 26 83 119
leaf_count=34 25 27 392 28 26 83 119
internal_value=0.000572207 -0.00333333 0.00103659 -0.00387097 -0.0077451 0.00154882 0.000988258
internal_weight=734 78 656 62 51 594 511
internal_count=734 78 656 62 51 594 511
is_linear=0
shrinkage=0.05


Tree=48
num_leaves=8
num_cat=0
split_feature=10 9 9 11 13 9 3
split_gain=0.345946 0.435888 0.542703 0.750163 0.358434 0.345905 0.573087
threshold=-0.01645938155843862 0.044099983832301633 0.10911192583432729 0.0093718282563531891 24.19999980926514 0.20249768704238405 0.00076731973252364149
decision_type=2 8 8 2 2 8 2
left_child=-1 4 3 -3 -2 -4 -7
right_child=1 2 5 -5 -6 6 -8
leaf_value=-6.2940486365238005e-05 4.8455519934799109e-05 -0.00021827903868420689 0.00010331670254274441 0.0001052234886448449 -2.0498381882726463e-05 -0.00020429855735410645 0.00012041734145169963
leaf_weight=26 170 37 171 49 29 131 121
leaf_count=26 170 37 171 49 29 131 121
internal_value=0.00104905 0.00125706 0.000481336 -0.00313953 0.00324121 0.00121749 3.96827e-05
internal_weight=734 708 509 86 199 423 252
internal_count=734 708 509 86 199 423 252
is_linear=0
shrinkage=0.05


Tree=49
num_leaves=8
num_cat=0
split_feature=14 10 10 6 10 9 6
split_gain=0.34895 1.11863 0.519231 0.293398 0.697282 0.809401 0.513837
threshold=0.06920052511090892 -0.0059409935065934385 -0.015857538372193832 0.99203450657974457 -0.0018259871478111254 0.080868839562668118 1.0000000180025095e-35
decision_type=2 2 2 2 2 8 2
left_child=3 2 -2 6 -5 -6 -1
right_child=1 -3 -4 4 5 -7 -8
leaf_value=5.5247597912314843e-06 -5.9793462046976148e-05 -0.00075403739006265171 0.00024862983762355802 0.00049067946002876296 7.6270128738270654e-05 -0.00033482915515053682 0.00015370593263434748
leaf_weight=365 26 25 52 31 25 41 167
leaf_count=365 26 25 52 31 25 41 167
internal_value=0.00090164 -0.00179612 0.00115385 0.0013434 -0.00118557 -0.00409091 0.00180451
internal_weight=732 103 78 629 97 66 532
internal_count=732 103 78 629 97 66 532
is_linear=0
shrinkage=0.05


Tree=50
num_leaves=8
num_cat=0
split_feature=14 6 8 8 3 4 2
split_gain=0.395004 0.951322 0.820793 0.745372 0.446766 0.508868 0.925687
threshold=0.010891009150098998 0.015151441712356207 0.064697438756968553 0.022444116723359778 0.0028970047454717211 0.025307545460435128 -0.010955015275987244
decision_type=2 2 10 8 2 2 2
left_child=4 -2 3 -3 5 6 -1
right_child=1 2 -4 -5 -6 -7 -8
leaf_value=-0.00040167570684805556 9.0780487850459487e-05 -9.5916515161118104e-05 -0.00069937197962649164 0.0003914993518443223 6.9349162970345894e-05 0.00017162481606870797 1.8974163020125128e-05
leaf_weight=51 148 64 27 38 193 63 151
leaf_count=51 148 64 27 38 193 63 151
internal_value=0.000714286 -0.000776173 -0.00391473 -0.00186274 0.00161572 0.000283019 -0.000940594
internal_weight=735 277 129 102 458 265 202
internal_count=735 277 129 102 458 265 202
is_linear=0
shrinkage=0.05


Tree=51
num_leaves=8
num_cat=0
split_feature=13 14 10 7 11 11 4
split_gain=0.599719 0.771568 0.57218 0.666601 0.528286 0.855396 0.372488
threshold=21.295000076293949 -0.008595690120394071 -0.0057598786545655081 -0.017725922667847501 -0.0036300825612617933 -0.00043728349314975373 0.017659703206750702
decision_type=2 2 2 2 2 2 2
left_child=1 -1 -2 -4 -3 -6 -7
right_child=2 4 3 -5 5 6 -8
leaf_value=4.9754073543710176e-05 0.0001123170734623912 8.0619418879238866e-05 -0.00032790217069314813 -5.4143451165648996e-06 -0.00012727246299106326 9.6102290437118145e-05 -0.00011471358673821461
leaf_weight=305 41 100 26 31 26 50 174
leaf_count=305 41 100 26 31 26 50 174
internal_value=0.000484728 0.00103053 -0.00316327 -0.00640351 -0.000571428 -0.0018 -0.000803571
internal_weight=753 655 98 57 350 250 224
internal_count=753 655 98 57 350 250 224
is_linear=0
shrinkage=0.05


Tree=52
num_leaves=8
num_cat=0
split_feature=16 16 10 2 2 15 14
split_gain=0.506167 0.474451 0.365085 0.536651 0.756389 1.09459 0.459161
threshold=0.037212325972276979 0.022646571993164336 0.0038619915499665818 0.047897207979271002 0.096879118759964258 0.00062506969054787487 -0.034719790282674072
decision_type=2 2 2 2 2 2 2
left_child=1 2 3 6 5 -5 -1
right_child=-2 -3 -4 4 -6 -7 -8
leaf_value=-5.761977572353994e-05 -1.429995031030247e-05 0.00026533878212313909 1.6600362345448439e-05 -0.00011334825407019759 5.3128857225184713e-05 -0.00037199679927049894 1.4652932530914655e-05
leaf_weight=29 40 81 192 49 54 25 281
leaf_count=29 40 81 192 49 54 25 281
internal_value=0.000472703 0.000780591 0.00031746 -0.000479452 -0.00320312 -0.00648649 0.000645161
internal_weight=751 711 630 438 128 74 310
internal_count=751 711 630 438 128 74 310
is_linear=0
shrinkage=0.05


Tree=53
num_leaves=8
num_cat=0
split_feature=14 6 6 16 10 10 11
split_gain=0.391704 0.893746 1.48328 0.399349 0.32 0.306159 0.710145
threshold=0.010891009150098998 0.4566989994243012 1.1164758807932376 0.037212325972276979 -0.0050682190267434804 1.0000000180025095e-35 0.0019507060207528684
decision_type=2 2 2 2 2 2 2
left_child=3 5 -3 -1 -4 6 -2
right_child=1 2 4 -5 -6 -7 -8
leaf_value=1.9668564776846749e-05 0.00011088726122392037 -0.00039646676742764725 0.0006447975701741708 -1.2295650912853003e-05 -0.00013404737797371012 0.00029821623101052366 -0.00025280162979513177
leaf_weight=427 92 38 25 37 25 46 46
leaf_count=427 92 38 25 37 25 46 46
internal_value=0.000991848 -0.000514706 -0.00465909 0.001875 0.001 0.00146739 0.000289855
internal_weight=736 272 88 464 50 184 138
internal_count=736 272 88 464 50 184 138
is_linear=0
shrinkage=0.05


Tree=54
num_leaves=8
num_cat=0
split_feature=5 5 14 6 5 4 14
split_gain=0.517737 0.887835 0.582903 0.878338 0.962809 1.07066 0.605044
threshold=0.0175798749705313 0.01886443355880164 -0.01013918808565367 -0.59093402647118254 0.012145084775109848 0.022257072011929866 0.03328086000020148
decision_type=2 2 2 2 2 2 2
left_child=2 -2 -1 -4 -5 -6 -7
right_child=1 -3 3 4 5 6 -8
leaf_value=9.1900464362673894e-05 -0.00024007198955173809 2.9928490079684407e-05 0.00012351103649229731 1.4877914229665486e-05 -0.00036117734808476551 0.00017293731565140667 -0.00011265929439124052
leaf_weight=305 26 33 103 126 45 47 56
leaf_count=305 26 33 103 126 45 47 56
internal_value=0.00101889 -0.00347458 0.00140762 9.28384e-05 -0.00138686 -0.00412162 -0.00131068
internal_weight=741 59 682 377 274 148 103
internal_count=741 59 682 377 274 148 103
is_linear=0
shrinkage=0.05


Tree=55
num_leaves=8
num_cat=0
split_feature=15 4 4 4 9 3 11
split_gain=0.545785 0.354394 0.698531 0.469136 0.410349 0.619637 0.629604
threshold=-0.017588270772269262 0.020676670499040595 0.02121123992778862 0.019103290443119057 0.21168969173425181 0.00082961508826384655 0.0035059532242039952
decision_type=2 2 2 2 8 2 2
left_child=-1 3 -3 4 -2 6 -6
right_child=1 2 -4 -5 5 -7 -8
leaf_value=-0.00015591330981817777 8.1314082290689441e-05 -0.0004177341624884326 5.1663240465502006e-06 0.00013388887075708051 4.675642003187676e-06 0.00016006577996451784 -0.00047489758945488519
leaf_weight=26 118 33 375 96 29 56 25
leaf_count=26 118 33 375 96 29 56 25
internal_value=0.000580475 0.000833334 -0.000147059 0.0020679 0.000833334 -0.00136364 -0.00518518
internal_weight=758 732 408 324 228 110 54
internal_count=758 732 408 324 228 110 54
is_linear=0
shrinkage=0.05


Tree=56
num_leaves=8
num_cat=0
split_feature=13 4 14 8 13 8 8
split_gain=0.342715 0.365326 0.78352 0.299728 0.437936 0.275006 0.420085
threshold=12.494999885559084 0.030303000791742991 0.031770832380203846 0.095591463180311101 16.675000190734867 0.069542450597756225 0.061164261451081788
decision_type=2 2 2 8 2 10 10
left_child=-1 3 -3 5 -5 6 -2
right_child=1 2 -4 4 -6 -7 -8
leaf_value=-0.00026956945365671895 1.2370193344749375e-05 1.6663860563307002e-05 -0.00022774087980002847 -0.00033910842844294401 5.7999812386508878e-05 0.00024394619908344584 -7.7951901043516613e-05
leaf_weight=25 432 55 29 25 51 84 41
leaf_count=25 432 55 29 25 51 84 41
internal_value=0.000754717 0.00095537 -0.00214286 0.00136651 -0.00157895 0.0017684 0.00130021
internal_weight=742 717 84 633 76 557 473
internal_count=742 717 84 633 76 557 473
is_linear=0
shrinkage=0.05


Tree=57
num_leaves=8
num_cat=0
split_feature=15 10 10 5 7 5 7
split_gain=0.399642 0.479338 0.663162 0.502928 0.726442 0.804103 0.413121
threshold=0.0068591194263190056 -0.0056282677308486786 -0.0047915944000584956 0.010348327531189637 0.045889556463463273 0.013143840302502366 -0.0089952727707258134
decision_type=2 2 2 2 2 2 2
left_child=1 -1 -3 -4 -5 -6 -2
right_child=6 2 3 4 5 -7 -8
leaf_value=0.00011160761587504042 -7.5918265335709446e-06 -0.0002067439032082415 6.4033652818916859e-05 6.3586583656277989e-07 -0.00013496643511579521 -9.723222191918803e-07 0.00026022127392763344
leaf_weight=132 49 26 84 257 25 27 133
leaf_count=132 49 26 84 257 25 27 133
internal_value=0.000770805 9.98187e-05 -0.000727923 -0.000216285 -0.00114887 -0.00653846 0.0028022
internal_weight=733 551 419 393 309 52 182
internal_count=733 551 419 393 309 52 182
is_linear=0
shrinkage=0.05


Tree=58
num_leaves=8
num_cat=0
split_feature=14 4 4 3 4 4 6
split_gain=0.314652 0.602071 0.660981 0.345651 0.344686 0.481845 0.510772
threshold=-0.075454415356713087 0.030303000791742991 0.032481606170963587 -0.013269164976772439 0.027865779960019772 0.020676670499040595 -1.0351202780046136
decision_type=2 2 2 2 2 2 2
left_child=-1 3 -3 -2 5 -5 -7
right_child=1 2 -4 4 -6 6 -8
leaf_value=0.00013363661048308825 0.00028393495461767626 -0.00048205643579026343 8.8357564006733391e-06 1.1759283141213145e-05 0.00023158881534658562 0.00010914880016811943 -1.8946049632704906e-05
leaf_weight=69 40 30 39 293 35 37 207
leaf_count=69 40 30 39 293 35 37 207
internal_value=0.000333334 7.34233e-06 -0.00442029 0.000506536 0.000192308 -0.000121043 -0.00176229
internal_weight=750 681 69 612 572 537 244
internal_count=750 681 69 612 572 537 244
is_linear=0
shrinkage=0.05


Tree=59
num_leaves=8
num_cat=0
split_feature=9 5 15 16 16 10 7
split_gain=0.472651 0.632665 0.516013 0.465418 0.725609 0.960788 0.559466
threshold=0.027867795177468183 0.016460826796272403 0.01229257597123923 0.019664920191712069 0.0074942577710678257 9.4848672244407531e-05 0.02699948256793239
decision_type=10 2 2 2 2 2 2
left_child=-1 2 3 4 -2 -6 -7
right_child=1 -3 -4 -5 5 6 -8
leaf_value=2.0996853717273751e-05 8.1873511559076329e-05 -0.0001474569545177901 -1.2283569740171569e-05 0.00012437902624071073 -0.00036388193771836724 -0.00014281253609977419 0.00018232443192954534
leaf_weight=353 181 26 30 60 30 27 34
leaf_count=353 181 26 30 60 30 27 34
internal_value=0.000276653 -0.000927835 -0.00038674 0.000180723 -0.000698529 -0.00434066 -0.000737705
internal_weight=741 388 362 332 272 91 61
internal_count=741 388 362 332 272 91 61
is_linear=0
shrinkage=0.05


Tree=60
num_leaves=8
num_cat=0
split_feature=15 1 11 4 6 15 10
split_gain=0.46444 0.509021 0.480459 0.634069 0.620205 1.36526 1.78074
threshold=-0.015091236731875844 -0.0048540114863452324 0.025508848097117291 0.020676670499040595 -0.12683853496405417 -0.0012067177688491191 0.0045502623367793546
decision_type=2 2 2 2 2 2 2
left_child=-1 -2 3 -3 5 -5 -7
right_child=1 2 -4 4 -6 6 -8
leaf_value=-9.2136386732632639e-05 5.6071914895245947e-05 2.8616322294458711e-06 0.000237555751602504 0.00022916736677911216 4.5177459323703265e-07 -0.00025025370837304705 -9.3004844275901177e-05
leaf_weight=40 247 208 79 32 84 25 31
leaf_count=40 247 208 79 32 84 25 31
internal_value=0.000241287 0.000538244 -0.000446623 -0.00118421 -0.00343023 -0.00636364 -0.0110714
internal_weight=746 706 459 380 172 88 56
internal_count=746 706 459 380 172 88 56
is_linear=0
shrinkage=0.05


Tree=61
num_leaves=8
num_cat=0
split_feature=9 9 8 7 11 6 4
split_gain=0.595622 0.640001 0.816967 0.966843 0.551532 0.923981 0.592036
threshold=0.027867795177468183 0.11213463876096831 0.0044106393462189928 0.050666609077840159 0.012464191506580515 0.77898268868840737 0.020676670499040595
decision_type=8 8 10 2 2 2 2
left_child=-1 2 -2 -4 -3 6 -6
right_child=1 4 3 -5 5 -7 -8
leaf_value=1.9545339942719973e-05 5.1985320555585303e-06 5.5525643564498603e-05 -0.00022279977625838042 3.6754669291582457e-05 0.00027777517345473844 -0.00036345522082777831 -1.9230090944285238e-05
leaf_weight=200 56 317 32 26 55 25 41
leaf_count=200 56 317 32 26 55 25 41
internal_value=0.000412234 -0.000434782 -0.00377193 -0.00793103 0.00043379 -0.00243802 -0.000208333
internal_weight=752 552 114 58 438 121 96
internal_count=752 552 114 58 438 121 96
is_linear=0
shrinkage=0.05


Tree=62
num_leaves=8
num_cat=0
split_feature=8 8 13 4 13 4 9
split_gain=0.397519 0.347522 0.464563 0.64723 0.429434 0.496688 0.85039
threshold=-0.066532682448257593 -0.031160138709367954 21.295000076293949 0.023315328439741205 18.675000190734867 0.02050590845331092 0.027867795177468183
decision_type=8 10 2 2 2 2 10
left_child=-1 2 3 -2 5 -3 -7
right_child=1 4 -4 -5 -6 6 -8
leaf_value=0.00018134778600375459 -8.8031439463709494e-05 6.5103301445454444e-05 -0.00037664577603468513 8.9931568612746965e-05 8.2541027968493889e-05 4.7659285368686003e-05 -5.185369136101809e-05
leaf_weight=87 47 246 27 44 108 56 125
leaf_count=87 47 246 27 44 108 56 125
internal_value=0.000675676 0.00025268 -0.00220339 -0.000494505 0.000794393 8.19674e-05 -0.00190608
internal_weight=740 653 118 91 535 427 181
internal_count=740 653 118 91 535 427 181
is_linear=0
shrinkage=0.05


Tree=63
num_leaves=8
num_cat=0
split_feature=14 4 9 4 0 12 0
split_gain=0.378547 0.683341 0.567353 0.533909 0.599779 0.809953 1.09469
threshold=-0.073050802278400592 0.030303000791742991 -0.036116353327991339 0.023902773196815653 -0.010511278809221534 -0.005215251084133842 0.0074686784711379692
decision_type=2 2 10 2 2 2 2
left_child=-1 3 -3 4 -2 -6 -7
right_child=1 2 -4 -5 5 6 -8
leaf_value=0.0001262973612298065 0.00028776735251582499 3.1982922606708093e-06 -0.00020610066973313163 8.9302432650728577e-05 -3.2673457712926002e-05 -1.9862991057608403e-05 0.00011177399967065259
leaf_weight=74 89 37 35 137 49 204 123
leaf_count=74 89 37 35 137 49 204 123
internal_value=0.000254011 -0.000118694 -0.00472222 0.000431894 -0.000376344 -0.00125 -0.000351682
internal_weight=748 674 72 602 465 376 327
internal_count=748 674 72 602 465 376 327
is_linear=0
shrinkage=0.05


Tree=64
num_leaves=8
num_cat=0
split_feature=1 16 8 11 14 6 11
split_gain=0.356183 0.560108 0.676091 0.711553 0.574785 1.08739 0.637012
threshold=0.06760539766576891 0.023381160307412888 0.092408452107077724 0.0053660058673883357 0.072802606011034846 0.015151441712356207 0.020527358618941841
decision_type=2 2 8 2 2 2 2
left_child=1 2 4 -4 6 -6 -1
right_child=-2 -3 3 -5 5 -7 -8
leaf_value=2.5113447198696621e-05 -1.2929490929458182e-05 0.00020088090599567777 8.0120825480313254e-05 -0.00018941678759141462 0.00024099955941215388 -0.00075333355243175585 -0.00014951323068819098
leaf_weight=427 36 95 32 33 40 43 33
leaf_count=427 36 95 32 33 40 43 33
internal_value=0.000128552 0.000376956 -0.000180921 -0.005 0.000395949 -0.00343373 0.00108696
internal_weight=739 703 608 65 543 83 460
internal_count=739 703 608 65 543 83 460
is_linear=0
shrinkage=0.05


Tree=65
num_leaves=8
num_cat=0
split_feature=10 14 10 1 11 8 2
split_gain=0.613049 1.17319 0.520553 0.477086 0.368755 0.418901 0.616425
threshold=-0.0057598786545655081 0.065842641676127869 -0.0047915944000584956 0.06760539766576891 0.025508848097117291 -0.065561247725712021 -0.048381219517747757
decision_type=2 2 2 2 2 8 2
left_child=-1 2 -2 4 5 -4 -7
right_child=1 -3 3 -5 -6 6 -8
leaf_value=0.00022079738355874459 -0.0001252755271323275 -0.00062250157761764265 0.00019322412729577432 -2.6706310651493338e-05 0.00024871101960670351 -0.00028228879351772273 3.2891917189130075e-06
leaf_weight=127 25 25 59 27 65 40 371
leaf_count=127 25 25 59 27 65 40 371
internal_value=0.00026387 -0.000392157 5.96254e-05 0.000373666 0.000700935 0.000212766 -0.000352798
internal_weight=739 612 587 562 535 470 411
internal_count=739 612 587 562 535 470 411
is_linear=0
shrinkage=0.05


Tree=66
num_leaves=8
num_cat=0
split_feature=4 14 2 3 10 5 8
split_gain=0.417395 0.627334 0.523191 0.818536 0.465663 0.409613 0.385601
threshold=0.030303000791742991 0.031770832380203846 0.039267263859361752 0.0057634827851308365 0.010655378584307098 0.0175798749705313 0.050617973654870425
decision_type=2 2 2 2 2 2 10
left_child=2 5 4 6 -1 -2 -4
right_child=1 -3 3 -5 -6 -7 -8
leaf_value=3.084207717295224e-05 0.00022877680998816907 -0.00017732621441823653 -2.3121323100683481e-05 0.00012405779989242365 -4.8121011730539895e-05 -2.2708987799619068e-05 -8.7300874844120718e-06
leaf_weight=337 33 28 71 72 26 25 148
leaf_count=337 33 28 71 72 26 25 148
internal_value=0.000135135 -0.00313953 0.000565749 -0.00101375 0.00183196 -0.000172414 -0.00253425
internal_weight=740 86 654 291 363 58 219
internal_count=740 86 654 291 363 58 219
is_linear=0
shrinkage=0.05


Tree=67
num_leaves=8
num_cat=0
split_feature=7 3 4 4 4 9 10
split_gain=0.330878 0.537179 0.707765 1.09459 0.520968 0.65331 0.452492
threshold=0.042595475557107972 0.0057634827851308365 0.023429787202475724 0.020405576123230813 0.030303000791742991 -0.036116353327991339 0.011081127961662387
decision_type=2 2 2 2 2 10 2
left_child=4 2 3 -2 6 -6 -1
right_child=1 -3 -4 -5 5 -7 -8
leaf_value=3.6521680293245014e-05 -8.2952036020713455e-06 0.00012900445410266004 0.00026880572369792618 -8.4838851407267306e-06 7.5802148051413892e-05 -0.00016511248968426129 -5.7818071289938784e-05
leaf_weight=482 49 45 35 25 42 40 40
leaf_count=482 49 45 35 25 42 40 40
internal_value=0.00025066 -0.00181818 -0.0037156 -0.00648649 0.000778146 -0.00292683 0.00136015
internal_weight=758 154 109 74 604 82 522
internal_count=758 154 109 74 604 82 522
is_linear=0
shrinkage=0.05


Tree=68
num_leaves=8
num_cat=0
split_feature=16 11 11 14 2 9 12
split_gain=0.367668 0.416157 0.488645 0.424736 0.635487 0.692677 0.796932
threshold=0.037212325972276979 0.02573480883905466 0.020527358618941841 -0.022450840204273455 0.048770726837582552 0.10911192583432729 0.02719353000997338
decision_type=2 2 2 2 2 8 2
left_child=1 2 3 -1 -5 -6 -7
right_child=-2 -3 -4 4 5 6 -8
leaf_value=5.0306705734873816e-05 -1.7260328630356645e-05 0.00028251451669921367 -8.4884259789957283e-05 4.1064164984428895e-06 -0.0003391276627240146 0.00013899086098339045 -0.00020659906724890278
leaf_weight=210 42 44 38 280 25 56 48
leaf_count=210 42 44 38 280 25 56 48
internal_value=2.01886e-05 0.00029244 -2.28309e-05 0.000315024 -0.000623472 -0.00352713 -0.00173077
internal_weight=743 701 657 619 409 129 104
internal_count=743 701 657 619 409 129 104
is_linear=0
shrinkage=0.05


Tree=69
num_leaves=8
num_cat=0
split_feature=0 6 6 14 3 10 3
split_gain=0.391994 1.24626 0.651943 1.01427 1.13867 0.439553 0.350025
threshold=-0.021993472077120487 0.55342230301983253 0.61054534090797741 0.0017102699334086149 -1.0000000180025095e-35 0.011081127961662387 -0.0038972208971468909
decision_type=2 2 2 2 2 2 2
left_child=1 -1 5 -4 -5 6 -2
right_child=2 -3 3 4 -6 -7 -8
leaf_value=-0.00011210315753157259 -2.4868006628773014e-06 0.00042944656222253436 2.5659401277259244e-05 1.3647867879827778e-05 -0.00023483214632680574 -3.0057129665145239e-05 7.218810072265707e-05
leaf_weight=34 137 25 77 32 37 51 352
leaf_count=34 137 25 77 32 37 51 352
internal_value=0.000436242 -0.00347458 0.000772595 -0.00219178 -0.0065942 0.00157407 0.00203476
internal_weight=745 59 686 146 69 540 489
internal_count=745 59 686 146 69 540 489
is_linear=0
shrinkage=0.05


Tree=70
num_leaves=8
num_cat=0
split_feature=10 0 9 6 14 0 13
split_gain=0.432482 0.458476 0.596007 1.94454 0.500253 0.630697 0.48
threshold=-0.0056282677308486786 0.0090839187982421094 0.19721806358338959 -0.52146742127408119 0.005094684764536229 0.0032125957820613453 15.97499990463257
decision_type=2 2 10 2 2 2 2
left_child=-1 2 4 -4 -2 -6 -3
right_child=1 6 3 -5 5 -7 -8
leaf_value=0.00010289619387317763 5.1969267501885436e-06 0.00026409441502961688 0.00016642665193935063 -0.00048031158671604958 -4.9263231216828187e-06 -4.3456287015089076e-05 1.2249065314422257e-06
leaf_weight=136 226 80 29 27 90 33 120
leaf_count=136 226 80 29 27 90 33 120
internal_value=0.000614035 4.13225e-05 -0.000925926 -0.00571429 -0.000157593 -0.00272358 0.002
internal_weight=741 605 405 56 349 123 200
internal_count=741 605 405 56 349 123 200
is_linear=0
shrinkage=0.05


Tree=71
num_leaves=8
num_cat=0
split_feature=16 16 1 9 3 9 14
split_gain=0.498583 0.664855 0.467277 0.660975 0.517033 0.502355 1.04268
threshold=0.037212325972276979 0.023381160307412888 0.00014795860563676658 -0.042615205934866 0.0092384659456391533 0.28237418408809239 0.005094684764536229
decision_type=2 2 2 8 2 8 2
left_child=1 2 -1 -4 5 -5 -7
right_child=-2 -3 3 4 -6 6 -8
leaf_value=7.0344353455890078e-06 -2.9665794565576496e-05 0.00023572608631230131 -4.7535937238532089e-05 2.2523294217139073e-05 -0.00011496047723052632 7.2922859784260312e-05 -0.00044620565365930954
leaf_weight=317 40 81 25 180 36 36 29
leaf_count=317 40 81 25 180 36 36 29
internal_value=0.000430108 0.000738637 0.000184591 -0.00120915 -0.000516014 0.000306123 -0.00346154
internal_weight=744 704 623 306 281 245 65
internal_count=744 704 623 306 281 245 65
is_linear=0
shrinkage=0.05


Tree=72
num_leaves=8
num_cat=0
split_feature=16 15 13 14 6 3 3
split_gain=0.554472 0.543545 0.363437 0.365059 0.430051 1.3418 1.07692
threshold=0.037212325972276979 -0.017588270772269262 12.644999980926515 -0.060408912479391223 0.41957992001977534 -0.00042449107816661108 0.0053754591077643807
decision_type=2 2 2 2 2 2 2
left_child=1 -1 -3 -4 -5 -6 -7
right_child=-2 2 3 4 5 6 -8
leaf_value=-6.3957738024438733e-05 -2.4935011934440812e-05 -0.00021946026044999912 9.3471092686323541e-05 1.8060360040707246e-05 0.00017827300036460351 -0.00035474619260844522 3.736808643644197e-06
leaf_weight=26 44 32 95 397 78 42 39
leaf_count=26 44 32 95 397 78 42 39
internal_value=0.000219124 0.000557123 0.000827233 0.00108295 0.000593525 -0.00160377 -0.00611111
internal_weight=753 709 683 651 556 159 81
internal_count=753 709 683 651 556 159 81
is_linear=0
shrinkage=0.05


Tree=73
num_leaves=8
num_cat=0
split_feature=11 3 0 0 1 8 0
split_gain=0.532581 0.584558 0.796292 1.65708 0.621026 0.536832 0.903318
threshold=0.0013310128060490813 0.0085491659688303762 -0.001555239585237733 -0.0040514098891203934 0.033406184862999184 0.01874555728387484 -0.010511278809221534
decision_type=2 2 2 2 2 10 2
left_child=-1 2 3 5 -3 6 -2
right_child=1 4 -4 -5 -6 -7 -8
leaf_value=1.6939712415051571e-05 0.00022905981912433465 -2.0800308548654562e-06 4.2404800749020079e-05 -0.00032705506970840195 -0.00021426304919946746 0.00018090517750995376 -0.00037776900800864883
leaf_weight=296 31 48 216 26 29 66 25
leaf_count=296 31 48 216 26 29 66 25
internal_value=0.00031886 -0.000782313 5.49452e-05 -0.00277027 -0.00474026 -0.000327869 -0.00392857
internal_weight=737 441 364 148 77 122 56
internal_count=737 441 364 148 77 122 56
is_linear=0
shrinkage=0.05


Tree=74
num_leaves=8
num_cat=0
split_feature=13 4 4 11 8 7 8
split_gain=0.336136 0.354826 0.387558 0.37594 0.359417 0.465184 0.780681
threshold=12.494999885559084 0.030303000791742991 0.032405295493279661 -0.012951361499321188 -0.058772934505452283 -0.0092274946540469287 -0.011164707592862809
decision_type=2 2 2 2 8 2 8
left_child=-1 4 -3 -4 -2 6 -6
right_child=1 2 3 -5 5 -7 -8
leaf_value=-0.00021317860837070707 0.00022340032565344674 -0.00020460214162422593 8.7362297210172321e-05 -9.2865882463255555e-06 1.6869747778290149e-05 1.5925404041308986e-05 -3.54369091877335e-05
leaf_weight=25 60 30 25 38 70 462 46
leaf_count=25 60 30 25 38 70 462 46
internal_value=0.000701058 0.000896033 -0.00198925 0.000238095 0.00131661 0.000934256 -0.00189655
internal_weight=756 731 93 63 638 578 116
internal_count=756 731 93 63 638 578 116
is_linear=0
shrinkage=0.05


Tree=75
num_leaves=8
num_cat=0
split_feature=10 0 13 6 14 0 0
split_gain=0.318493 0.857279 0.323903 0.39957 0.511931 0.730409 1.08377
threshold=-0.0057598786545655081 -0.02148490204385561 21.134999275207523 -0.59093402647118254 -0.008595690120394071 -0.001555239585237733 -0.0071506182959606415
decision_type=2 2 2 2 2 2 2
left_child=-1 -2 3 -3 -5 6 -6
right_child=1 2 -4 4 5 -7 -8
leaf_value=0.00012449769559350928 -7.746176828247347e-05 3.2948363893103899e-05 -5.3977655465578343e-06 3.3616760452656552e-05 6.2967772841426349e-05 5.7340000047614937e-06 -0.00037622842407398246
leaf_weight=134 25 151 55 195 29 106 26
leaf_count=134 25 151 55 195 29 106 26
internal_value=0.00056172 5.96254e-05 0.000462634 0.000857988 -5.61796e-05 -0.00214286 -0.00681818
internal_weight=721 587 562 507 356 161 55
internal_count=721 587 562 507 356 161 55
is_linear=0
shrinkage=0.05


Tree=76
num_leaves=8
num_cat=0
split_feature=10 11 1 14 15 13 10
split_gain=0.530724 0.693892 0.613185 0.880196 0.690718 0.669852 0.518744
threshold=0.0038619915499665818 0.0013310128060490813 0.023285734374632109 0.023650626144740231 -0.0022877472475987255 15.425000190734865 -0.01645938155843862
decision_type=2 2 2 2 2 2 2
left_child=1 6 3 4 -3 -6 -1
right_child=-2 2 -4 -5 5 -7 -8
leaf_value=-1.1378602917882805e-05 3.1500938406276323e-05 0.00016651897831495825 9.1063671813750696e-06 -0.00081880206223998572 -2.1295347513855013e-06 -0.00021871633163493347 4.1321335372634645e-05
leaf_weight=25 257 40 101 48 37 25 210
leaf_count=25 257 40 101 48 37 25 210
internal_value=0.000827726 -0.000144033 -0.00197211 -0.004 -0.00137255 -0.00467742 0.00180851
internal_weight=743 486 251 150 102 62 235
internal_count=743 486 251 150 102 62 235
is_linear=0
shrinkage=0.05


Tree=77
num_leaves=8
num_cat=0
split_feature=15 1 13 13 15 12 10
split_gain=0.42105 0.27131 0.431166 0.375813 0.264163 0.462176 0.407877
threshold=-0.015091236731875844 -0.0091836348121226968 21.295000076293949 12.694999694824221 0.0052672994779240376 0.0094949334570126904 -0.0054503534816233148
decision_type=2 2 2 2 2 2 2
left_child=-1 -2 3 -3 5 -5 -7
right_child=1 2 -4 4 -6 6 -8
leaf_value=-1.1915263687857972e-05 4.2990350565600217e-05 -0.00023916956592562357 -6.4852667073667268e-05 0.00011375731599083677 4.1656187601990402e-05 0.00017934224734327626 -2.7009957223547997e-05
leaf_weight=38 215 25 36 75 165 25 168
leaf_count=38 215 25 36 75 165 25 168
internal_value=0.000917002 0.00119182 0.000546559 0.000960699 0.00130485 0.000335821 -0.000958549
internal_weight=747 709 494 458 433 268 193
internal_count=747 709 494 458 433 268 193
is_linear=0
shrinkage=0.05


Tree=78
num_leaves=8
num_cat=0
split_feature=1 9 1 12 1 4 1
split_gain=0.449781 1.00214 0.440682 0.38105 0.419613 0.397543 0.364766
threshold=-0.05050541685233733 -0.0077339043693396272 -0.030414608257163408 0.037776300760474342 -0.022263648121662146 0.016056106215546623 0.062123964737771827
decision_type=2 10 2 2 2 2 2
left_child=1 -1 -2 4 -4 -5 -6
right_child=2 -3 3 5 6 -7 -8
leaf_value=0.00018332551998174624 8.7512992173078584e-05 -2.3928185193287418e-05 -0.00017892533428580222 -0.00011514758050142461 5.3614654932045774e-06 0.00021671409368715025 -1.3263740630944005e-05
leaf_weight=37 65 30 27 25 397 133 30
leaf_count=37 65 30 27 25 397 133 30
internal_value=0.000698925 -0.00320895 0.00108567 0.000669935 -6.60791e-05 0.00278481 0.000316159
internal_weight=744 67 677 612 454 158 427
internal_count=744 67 677 612 454 158 427
is_linear=0
shrinkage=0.05


Tree=79
num_leaves=8
num_cat=0
split_feature=15 6 4 10 2 4 14
split_gain=0.473334 0.568382 0.532615 0.852946 0.415827 0.39198 0.635997
threshold=-0.017588270772269262 0.81737901662065837 0.022371056115522047 -0.0011670806167484724 0.011710829735446239 0.022104722060002319 -0.0070547548707520216
decision_type=2 2 2 2 2 2 2
left_child=-1 5 3 -3 -4 -2 -7
right_child=1 2 4 -5 -6 6 -8
leaf_value=-5.1371305783841532e-05 6.1577752025226485e-05 0.00030612797009048104 -2.3373239259031625e-05 -0.00020235744249366388 0.00017157065308526231 -1.230935800511647e-05 5.0195456953762863e-05
leaf_weight=27 306 29 31 45 33 143 123
leaf_count=27 306 29 31 45 33 143 123
internal_value=0.000386703 0.000633803 -0.00224638 -0.00513513 0.00109375 0.00132867 -7.51878e-05
internal_weight=737 710 138 74 64 572 266
internal_count=737 710 138 74 64 572 266
is_linear=0
shrinkage=0.05


end of trees

feature_importances:
atr_pct=55
dist_ma50=55
vix_chg_1d=43
spy_ret_1d=42
dvol_z_20=40
parkinson_20=36
spy_ret_5d=34
sector_ret_1d=34
ret_5d=32
overnight_gap=30
ret_20d=28
vix_level=28
dist_ma200=27
ret_1d=24
sector_ret_5d=23
dist_ma20=15
spy_ret_20d=14

parameters:
[boosting: gbdt]
[objective: quantile]
[metric: quantile]
[tree_learner: serial]
[device_type: cpu]
[data_sample_strategy: bagging]
[data: ]
[valid: ]
[num_iterations: 80]
[learning_rate: 0.05]
[num_leaves: 8]
[num_threads: 1]
[seed: 0]
[deterministic: 0]
[force_col_wise: 1]
[force_row_wise: 0]
[histogram_pool_size: -1]
[max_depth: -1]
[min_data_in_leaf: 25]
[min_sum_hessian_in_leaf: 0.001]
[bagging_fraction: 0.9]
[pos_bagging_fraction: 1]
[neg_bagging_fraction: 1]
[bagging_freq: 1]
[bagging_seed: 3]
[bagging_by_query: 0]
[feature_fraction: 0.9]
[feature_fraction_bynode: 1]
[feature_fraction_seed: 2]
[extra_trees: 0]
[extra_seed: 6]
[early_stopping_round: 0]
[early_stopping_min_delta: 0]
[first_metric_only: 0]
[max_delta_step: 0]
[lambda_l1: 0]
[lambda_l2: 0]
[linear_lambda: 0]
[min_gain_to_split: 0]
[drop_rate: 0.1]
[max_drop: 50]
[skip_drop: 0.5]
[xgboost_dart_mode: 0]
[uniform_drop: 0]
[drop_seed: 4]
[top_rate: 0.2]
[other_rate: 0.1]
[min_data_per_group: 100]
[max_cat_threshold: 32]
[cat_l2: 10]
[cat_smooth: 10]
[max_cat_to_onehot: 4]
[top_k: 20]
[monotone_constraints: ]
[monotone_constraints_method: basic]
[monotone_penalty: 0]
[feature_contri: ]
[forcedsplits_filename: ]
[refit_decay_rate: 0.9]
[cegb_tradeoff: 1]
[cegb_penalty_split: 0]
[cegb_penalty_feature_lazy: ]
[cegb_penalty_feature_coupled: ]
[path_smooth: 0]
[interaction_constraints: ]
[verbosity: -1]
[saved_feature_importance_type: 0]
[use_quantized_grad: 0]
[num_grad_quant_bins: 4]
[quant_train_renew_leaf: 0]
[stochastic_rounding: 1]
[linear_tree: 0]
[max_bin: 255]
[max_bin_by_feature: ]
[min_data_in_bin: 3]
[bin_construct_sample_cnt: 200000]
[data_random_seed: 1]
[is_enable_sparse: 1]
[enable_bundle: 1]
[use_missing: 1]
[zero_as_missing: 0]
[feature_pre_filter: 1]
[pre_partition: 0]
[two_round: 0]
[header: 0]
[label_column: ]
[weight_column: ]
[group_column: ]
[ignore_column: ]
[categorical_feature: ]
[forcedbins_filename: ]
[precise_float_parser: 0]
[parser_config_file: ]
[objective_seed: 5]
[num_class: 1]
[is_unbalance: 0]
[scale_pos_weight: 1]
[sigmoid: 1]
[boost_from_average: 1]
[reg_sqrt: 0]
[alpha: 0.1]
[fair_c: 1]
[poisson_max_delta_step: 0.7]
[tweedie_variance_power: 1.5]
[lambdarank_truncation_level: 30]
[lambdarank_norm: 1]
[label_gain: ]
[lambdarank_position_bias_regularization: 0]
[eval_at: ]
[multi_error_top_k: 1]
[auc_mu_weights: ]
[num_machines: 1]
[local_listen_port: 12400]
[time_out: 120]
[machine_list_filename: ]
[machines: ]
[gpu_platform_id: -1]
[gpu_device_id: -1]
[gpu_device_id_list: ]
[gpu_use_dp: 0]
[num_gpu: 1]

end of parameters

pandas_categorical:[]
