tree
version=v4
num_class=1
num_tree_per_iteration=1
label_index=0
max_feature_idx=16
objective=quantile
feature_names=ret_1d ret_5d ret_20d overnight_gap atr_pct parkinson_20 dvol_z_20 dist_ma20 dist_ma50 dist_ma200 spy_ret_1d spy_ret_5d spy_ret_20d vix_level vix_chg_1d sector_ret_1d sector_ret_5d
feature_infos=[-0.18361376846183008:0.13177647655273539] [-0.23298971126347034:0.18883408698135939] [-0.30709768279249794:0.2622222052680121] [-0.1367958943030273:0.05468101608114595] [0.015902769258573275:0.060544227847518388] [0.010640676128471669:0.0335986808186087] [-2.5596961119572614:4.2152829727960226] [-0.23018986556866528:0.162818686809024] [-0.21356139843945732:0.19876923819410219] [-0.22617819478062706:0.2972040927065096] [-0.058542971330535654:0.10501930183911301] [-0.11496151859245618:0.082843162776128354] [-0.1226559005192206:0.15756591020035837] [11.859999656677246:52.330001831054688] [-0.35753873962348437:0.74039073966007019] [-0.060400368534546778:0.10888055657805773] [-0.11617886647053255:0.1006018727753657]
tree_sizes=845 862 852 846 860 858 874 860 863 873 869 865 873 861 859 867 872 859 861 872 868 867 850 864 857 866 871 862 866 857 859 876 866 862 861 871 861 868 872 863 874 874 869 867 873 861 858 876 862 869 862 877 878 863 872 866 867 870 873

Tree=0
num_leaves=8
num_cat=0
split_feature=5 5 10 9 16 4 6
split_gain=0.770733 0.853036 0.717012 1.13426 0.496002 0.863332 0.660209
threshold=0.016929499085305767 0.017335267497770566 0.0057884366035171339 0.07097864419595247 -0.0020623974908921534 0.029429702199197414 -0.68820145600576099
decision_type=2 2 2 8 2 2 2
left_child=4 -2 -3 -4 -1 6 -6
right_child=1 2 3 -5 5 -7 -8
leaf_value=0.0042943238911920655 0.0047385327787181188 0.0044350254682840482 0.0044999629020282539 0.0049580483698016594 0.0042251560063659849 0.0046641169587788855 0.0044698893580328251
leaf_weight=190 25 159 45 27 84 25 195
leaf_count=190 25 159 45 27 84 25 195
internal_value=0.0044595 0.00668606 0.00573656 0.00987617 0.00330566 0.00455819 0.00376058
internal_weight=750 256 231 72 494 304 279
internal_count=750 256 231 72 494 304 279
is_linear=0
shrinkage=1


Tree=1
num_leaves=8
num_cat=0
split_feature=16 16 1 13 16 5 14
split_gain=0.618749 1.13439 1.86031 0.9855 1.51125 0.584921 0.816065
threshold=-0.019818100855627071 -0.0020623974908921534 -0.045985596227504803 18.444999694824222 -0.029252803278468239 0.013443240409904739 -0.0059106162699663059
decision_type=2 2 2 2 2 2 2
left_child=3 -2 -3 -1 -5 6 -4
right_child=1 2 5 4 -6 -7 -8
leaf_value=-0.00014604731445802465 -0.00021471619455960329 0.0004848800436742138 -0.00026205189333022079 7.5732985058488215e-05 0.00040138660120940642 -7.7668227605295453e-05 0.00010735207128891127
leaf_weight=47 171 28 28 54 26 355 25
leaf_count=47 171 28 28 54 26 355 25
internal_value=-0.000299729 -0.000963757 0.000389907 0.00287401 0.00625 -0.000465687 0.00443396
internal_weight=734 607 436 127 80 408 53
internal_count=734 607 436 127 80 408 53
is_linear=0
shrinkage=0.05


Tree=2
num_leaves=8
num_cat=0
split_feature=5 7 4 9 0 13 14
split_gain=1.17506 1.51614 1.87601 0.724254 0.46117 0.645691 0.50381
threshold=0.015642312336835208 -0.033443030824226221 0.034436089615783462 -0.18863445619784777 0.013812200651239783 15.234999656677248 0.078404529959544514
decision_type=2 2 2 10 2 2 2
left_child=-1 2 -2 -4 6 -6 -3
right_child=1 4 3 -5 5 -7 -8
leaf_value=-0.00010977238966194306 0.00042676163930961073 -0.00013361732004399667 0.00026273909416842507 -0.000312128863989169 -0.00010402383733211307 0.00014520901586305827 0.00012843191569406604
leaf_weight=409 35 150 26 38 25 41 25
leaf_count=409 35 150 26 38 25 41 25
internal_value=-0.000260348 0.00191176 0.00712121 0.00203125 -0.000228217 0.00333333 -0.00157143
internal_weight=749 340 99 64 241 66 175
internal_count=749 340 99 64 241 66 175
is_linear=0
shrinkage=0.05


Tree=3
num_leaves=8
num_cat=0
split_feature=4 0 13 8 16 1 12
split_gain=0.910046 0.713004 0.644689 0.631206 1.28193 0.98 0.69754
threshold=0.028988987794429603 -0.019524633371606533 20.255000114440922 -0.012627491059330085 0.0018418802295702144 -0.039607191583574557 0.039147441209038576
decision_type=2 2 2 8 2 2 2
left_child=2 -2 -1 4 5 -3 -5
right_child=1 3 -4 6 -6 -7 -8
leaf_value=-0.00011947713530750819 -0.00023945623665531051 -0.00015368279651310204 7.9119473005060642e-05 -0.00010766750953503538 0.00059844221906895517 0.00034521082603360684 0.00017100949547546587
leaf_weight=463 49 25 50 71 33 25 27
leaf_count=463 49 25 50 71 33 25 27
internal_value=-0.000222074 0.0023913 -0.00139376 0.00383978 0.00704819 0.002 0.00112245
internal_weight=743 230 513 181 83 50 98
internal_count=743 230 513 181 83 50 98
is_linear=0
shrinkage=0.05


Tree=4
num_leaves=8
num_cat=0
split_feature=5 3 2 4 3 15 16
split_gain=1.2322 1.02661 0.650327 0.964263 0.772032 0.68985 0.503108
threshold=0.016929499085305767 -0.0055250753690250223 0.036225427188077204 0.044372608124845218 0.0048780363371468969 0.0044170141264598959 -0.0020623974908921534
decision_type=2 2 2 2 2 2 2
left_child=6 -2 3 4 -3 -4 -1
right_child=1 2 5 -5 -6 -7 -8
leaf_value=-0.00015039476128006474 -0.00022297048946829431 0.00036987097566110785 -0.00015624816426913714 -3.1051208317151579e-05 0.00025711252062494359 0.00013652826896928629 -1.1629144357214015e-05
leaf_weight=185 66 48 39 27 38 43 300
leaf_count=185 66 48 39 27 38 43 300
internal_value=-0.00010724 0.00266283 0.00448718 0.0069469 0.00953488 0.00109756 -0.00159794
internal_weight=746 261 195 113 86 82 485
internal_count=746 261 195 113 86 82 485
is_linear=0
shrinkage=0.05


Tree=5
num_leaves=8
num_cat=0
split_feature=5 3 4 9 11 11 15
split_gain=0.796092 0.667576 0.733811 0.98405 0.749621 0.544078 0.477394
threshold=0.016929499085305767 -0.0055250753690250223 0.032926662513015868 0.046947872096020922 -0.0040062918952337148 0.029305093404121577 -0.01725840630498365
decision_type=2 2 2 8 2 2 2
left_child=5 -2 4 -4 -3 6 -1
right_child=1 2 3 -5 -6 -7 -8
leaf_value=0.00019147974617393193 -0.00016927250154295397 0.00018423202183083087 0.00016999629614158522 0.00020068605441448742 -3.9384133197047638e-05 0.00057583859552828669 -8.7834275061554696e-05
leaf_weight=25 68 26 45 31 81 29 432
leaf_count=25 68 26 45 31 81 29 432
internal_value=-0.000115334 0.00217131 0.00374317 0.0075 0.00107477 -0.0012963 -0.00171773
internal_weight=737 251 183 76 107 486 457
internal_count=737 251 183 76 107 486 457
is_linear=0
shrinkage=0.05


Tree=6
num_leaves=8
num_cat=0
split_feature=10 11 16 4 6 3 12
split_gain=0.468135 0.922932 0.697492 0.693198 0.712323 0.725841 0.681952
threshold=-0.0069332778537110609 -0.024572919887126395 -0.001588837975126933 0.032926662513015868 -0.95659165695651849 0.0075265649357194606 0.0090147692043446321
decision_type=2 2 2 2 2 2 2
left_child=1 -1 -2 4 -4 6 -6
right_child=2 -3 3 -5 5 -7 -8
leaf_value=0.0002560467996816962 -9.8028974605491502e-05 -3.0971629688623271e-05 -0.00013143636733421523 0.00018602163460353075 0.00025726000962934234 -0.00034727436958504449 9.3775505893675003e-05
leaf_weight=25 224 88 70 45 44 62 188
leaf_count=25 224 88 70 45 44 62 188
internal_value=-0.00044236 0.00252212 -0.000971565 0.000256723 -0.000467034 0.000612244 0.00189655
internal_weight=746 113 633 409 364 294 232
internal_count=746 113 633 409 364 294 232
is_linear=0
shrinkage=0.05


Tree=7
num_leaves=8
num_cat=0
split_feature=5 3 3 6 2 12 3
split_gain=0.839372 0.684415 0.50387 1.16853 1.12843 0.497307 0.393461
threshold=0.016929499085305767 -0.0055250753690250223 0.0048780363371468969 -0.11105930096345006 -0.03527421295679322 0.0098181061212317972 0.0019782550134118675
decision_type=2 2 2 2 2 2 2
left_child=6 -2 3 4 -3 -4 -1
right_child=1 2 5 -5 -6 -7 -8
leaf_value=-3.309424183926549e-05 -0.00017285798998868662 0.0003179133814310299 -4.1774351366484882e-05 0.00033575217073830862 -0.00013395472980875847 0.00019658911834630752 -0.00012502886290615157
leaf_weight=298 72 31 38 36 46 37 187
leaf_count=298 72 31 38 36 46 37 187
internal_value=-0.000369129 0.00192308 0.00351064 0.00561947 0.00214286 0.000333332 -0.00159794
internal_weight=745 260 188 113 77 75 485
internal_count=745 260 188 113 77 75 485
is_linear=0
shrinkage=0.05


Tree=8
num_leaves=8
num_cat=0
split_feature=4 3 9 6 3 10 6
split_gain=0.653205 1.09635 1.13567 0.740553 0.503594 0.551949 0.870827
threshold=0.032926662513015868 -0.0055250753690250223 0.080382283263747981 -1.0069408733735277 0.0063130432970398562 0.0077874133579277647 -0.041139099910385189
decision_type=2 2 8 2 2 2 2
left_child=3 -2 -3 -1 5 -5 -7
right_child=1 2 -4 4 -6 6 -8
leaf_value=-0.00017217494085880835 -0.00025044157554648228 0.00015136280731664311 0.00020981968243844254 -4.5481976134950777e-06 -0.00017389196964308974 0.00060960964155611346 -4.7465520492963149e-05
leaf_weight=90 39 55 28 404 95 27 26
leaf_count=90 39 55 28 404 95 27 26
internal_value=-0.000157069 0.00319672 0.00644578 -0.000794394 -0.000108697 0.000579868 0.00537736
internal_weight=764 122 83 642 552 457 53
internal_count=764 122 83 642 552 457 53
is_linear=0
shrinkage=0.05


Tree=9
num_leaves=8
num_cat=0
split_feature=10 14 9 10 16 8 12
split_gain=0.664931 0.764591 0.982558 0.425097 0.508556 0.596882 0.921818
threshold=0.0077313966519441122 -0.073802250117532039 -0.021508914665332942 -0.0074311148447236399 -0.001588837975126933 -0.050432087822085907 0.01609265809314964
decision_type=2 2 10 2 2 10 2
left_child=3 -2 -3 -1 -5 6 -6
right_child=1 2 -4 4 5 -7 -8
leaf_value=2.1334859078105619e-05 -7.6816325633086431e-05 0.00053816355681852621 -9.8308224745439593e-05 -0.00014640399670657589 0.0004692140294053264 -3.8057633344071773e-05 -0.00011865649508088728
leaf_weight=96 53 50 36 187 30 267 25
leaf_count=96 53 50 36 187 30 267 25
internal_value=-0.000564517 0.00255396 0.00546512 -0.00128099 -0.00185658 -0.000652175 0.00409091
internal_weight=744 139 86 605 509 322 55
internal_count=744 139 86 605 509 322 55
is_linear=0
shrinkage=0.05


Tree=10
num_leaves=8
num_cat=0
split_feature=14 5 7 16 6 5 8
split_gain=0.726703 1.03126 0.735663 0.730951 0.832219 0.710348 0.914412
threshold=0.0250539094836888 0.013451745340521496 -0.04663133319941231 -1.0000000180025095e-35 -0.47727846781896283 0.015576017263017031 0.051349194474005551
decision_type=2 2 2 2 2 2 8
left_child=3 -2 -3 -1 -5 -6 -7
right_child=1 2 -4 4 5 6 -8
leaf_value=-0.00012975461267122692 0.00017669656615046589 0.00017019426705864552 -7.3212873289505586e-05 -0.00013900164719182106 -2.1770771774814141e-05 0.00026396771059587141 -0.00011032265154861616
leaf_weight=189 37 38 138 138 112 66 31
leaf_count=189 37 38 138 138 112 66 31
internal_value=-0.000193593 0.00227699 0.000681817 -0.00117537 0.000187319 0.00217703 0.00530928
internal_weight=749 213 176 536 347 209 97
internal_count=749 213 176 536 347 209 97
is_linear=0
shrinkage=0.05


Tree=11
num_leaves=8
num_cat=0
split_feature=0 9 14 14 1 16 15
split_gain=0.791663 1.5825 0.561076 0.639061 0.408709 0.301956 0.427473
threshold=0.018653394989714526 -0.16594851060253077 0.083812216488613714 0.11927434384443127 0.024762848451418854 -1.0000000180025095e-35 -0.014974339908954302
decision_type=2 10 2 2 2 2 2
left_child=2 -2 5 -4 -3 6 -1
right_child=1 4 3 -5 -6 -7 -8
leaf_value=8.4049093893187992e-05 0.0003679618482501461 8.0196147815215244e-05 0.00015601818411203617 -6.020787042278224e-05 -0.00020837597670304091 -2.1348815465027308e-05 -0.00013496466159680219
leaf_weight=25 26 39 35 41 48 342 191
leaf_count=25 26 39 35 41 48 342 191
internal_value=-0.000448462 0.00340708 -0.00113565 0.00289474 0.000172413 -0.00168459 -0.00314815
internal_weight=747 113 634 76 87 558 216
internal_count=747 113 634 76 87 558 216
is_linear=0
shrinkage=0.05


Tree=12
num_leaves=8
num_cat=0
split_feature=4 9 6 16 16 15 16
split_gain=0.712549 0.661265 0.500635 0.497891 0.435781 0.780398 0.675741
threshold=0.032926662513015868 0.080382283263747981 -1.0069408733735277 -0.019408548726270233 -0.0023262328090373203 -0.016538305973861741 0.00040489708085067472
decision_type=2 8 2 2 2 2 2
left_child=2 3 -1 -2 5 -4 -6
right_child=1 -3 4 -5 6 -7 -8
leaf_value=-0.00018628562936301961 0.00025406944157119454 0.00011760436937293107 0.00017309520197224693 -6.4977222629218661e-05 2.8923895106781055e-05 -0.00011011778227364032 3.3594499911186563e-07
leaf_weight=89 28 41 29 45 26 170 306
leaf_count=89 28 41 29 45 26 170 306
internal_value=-0.000299729 0.00333333 -0.000967743 0.000479451 -0.000386065 -0.00223618 0.00072289
internal_weight=734 114 620 73 531 199 332
internal_count=734 114 620 73 531 199 332
is_linear=0
shrinkage=0.05


Tree=13
num_leaves=8
num_cat=0
split_feature=10 5 10 10 0 13 5
split_gain=0.951056 0.818188 1.02207 0.765629 0.586675 0.756319 0.479754
threshold=0.0077313966519441122 0.015515886136962228 0.010655378584307098 -0.0069332778537110609 -0.0062099416991522874 20.060000419616703 0.021747975469073505
decision_type=2 2 2 2 2 2 2
left_child=3 -2 -3 4 5 -1 -5
right_child=1 2 -4 6 -6 -7 -8
leaf_value=-9.5788308779231999e-05 -6.4379059648495929e-05 0.00045948464245740007 7.3336885775749126e-05 -6.297541308023263e-05 -0.00015884930439065498 0.0002356409232831573 4.6998356702735992e-05
leaf_weight=37 64 31 46 460 36 39 32
leaf_count=37 64 31 46 460 36 39 32
internal_value=0.000167784 0.00386525 0.00733766 -0.000695365 0.00303571 0.00552631 -0.00154472
internal_weight=745 141 77 604 112 76 492
internal_count=745 141 77 604 112 76 492
is_linear=0
shrinkage=0.05


Tree=14
num_leaves=8
num_cat=0
split_feature=0 0 0 0 13 12 12
split_gain=0.615485 0.78632 0.706723 0.654955 0.681558 0.870702 0.662224
threshold=0.013812200651239783 0.023274512026595921 0.018653394989714526 0.0077812956675353826 19.880000114440922 0.045723592601736203 0.057354881634701156
decision_type=2 2 2 2 2 2 2
left_child=3 2 -2 4 5 -1 -7
right_child=1 -3 -4 -5 -6 6 -8
leaf_value=-0.00010340705805873563 1.8418569000834035e-05 -2.233577036790135e-06 0.00023576559784583889 -0.00014631476221047075 0.00010380320786014944 0.00011830126289128431 -0.00012902431750734308
leaf_weight=328 40 79 28 80 99 31 34
leaf_count=328 40 79 28 80 99 31 34
internal_value=-6.25881e-05 0.00282313 0.0067647 -0.000804197 -0.000121952 -0.00105598 0.00423077
internal_weight=719 147 68 572 492 393 65
internal_count=719 147 68 572 492 393 65
is_linear=0
shrinkage=0.05


Tree=15
num_leaves=8
num_cat=0
split_feature=4 12 15 8 8 3 9
split_gain=0.58053 0.736029 0.72879 0.555064 0.603096 0.567949 0.43225
threshold=0.028988987794429603 0.048330696725207185 -0.01725840630498365 -0.012018300089026433 -0.074718873268079841 -0.0033334134909218656 -0.051825079777428833
decision_type=2 2 2 10 10 2 10
left_child=2 3 -1 4 -2 -6 -4
right_child=1 -3 6 -5 5 -7 -8
leaf_value=0.0001802737636339626 -1.3822248035496674e-06 5.708820847950496e-05 -0.00011367453805757313 -6.7524557843428568e-05 -4.209238904776513e-05 0.00024840187174085917 -2.1308840433148249e-05
leaf_weight=25 74 28 202 82 25 31 276
leaf_count=25 74 28 202 82 25 31 276
internal_value=-0.000356663 0.00166667 -0.00132207 0.000660376 0.00269231 0.00660714 -0.00175732
internal_weight=743 240 503 212 130 56 478
internal_count=743 240 503 212 130 56 478
is_linear=0
shrinkage=0.05


Tree=16
num_leaves=8
num_cat=0
split_feature=10 12 13 10 11 16 8
split_gain=0.790805 0.582949 0.795096 0.483571 0.551885 0.464577 0.754408
threshold=0.0077874133579277647 0.04760809957201418 17.945000648498539 -0.0069332778537110609 -0.0237759721784318 -0.001588837975126933 -0.050432087822085907
decision_type=2 2 2 2 2 2 10
left_child=3 2 -2 4 -1 -5 -7
right_child=1 -3 -4 5 -6 6 -8
leaf_value=0.00020015686162140709 -5.3115055502589485e-05 0.00033477496176098642 0.00044201760355263653 -9.79890021353849e-05 -4.9002735098861454e-06 0.00024153587408417949 -3.9324501126653132e-05
leaf_weight=26 72 27 41 181 79 56 275
leaf_count=26 72 27 41 181 79 56 275
internal_value=-0.000178337 0.00321428 0.00163717 -0.000948137 0.00214286 -0.00158203 -0.000468279
internal_weight=757 140 113 617 105 512 331
internal_count=757 140 113 617 105 512 331
is_linear=0
shrinkage=0.05


Tree=17
num_leaves=8
num_cat=0
split_feature=4 9 6 3 10 1 11
split_gain=0.44538 0.900896 0.538838 0.647333 0.550935 0.98009 0.535421
threshold=0.032926662513015868 -0.18863445619784777 -1.0069408733735277 0.0072376491798058504 0.0077874133579277647 0.017859931640812458 -0.006050582259528702
decision_type=2 10 2 2 2 2 2
left_child=2 -2 -1 4 -4 -6 -3
right_child=1 6 3 -5 5 -7 -8
leaf_value=-0.00015639744191982445 0.00015514254190850306 0.00014784112542942795 -2.8595761068275627e-06 -0.00026343119100299928 -1.2138382283764678e-05 0.000465691443588555 -0.00012969208336392413
leaf_weight=87 46 35 401 79 34 26 38
leaf_count=87 46 35 401 79 34 26 38
internal_value=-0.000241288 0.00256302 -0.000773526 -0.000185186 0.000531452 0.005 -0.000890412
internal_weight=746 119 627 540 461 60 73
internal_count=746 119 627 540 461 60 73
is_linear=0
shrinkage=0.05


Tree=18
num_leaves=8
num_cat=0
split_feature=0 9 12 13 12 12 9
split_gain=0.580517 0.816568 0.616418 0.469309 0.458704 0.732647 0.391513
threshold=0.018653394989714526 -0.16177143926036355 0.024994032932905811 19.880000114440922 0.045723592601736203 0.051085048604070045 -0.078837400143266442
decision_type=2 10 2 2 2 2 8
left_child=3 -2 -3 4 -1 -6 -5
right_child=1 2 -4 6 5 -7 -8
leaf_value=-6.4310061226874237e-05 0.00016969581535237997 -0.00018665284322121382 6.706036839636769e-05 -3.9409397134285392e-05 0.00015707824917391832 -2.5314718987070261e-05 9.3200629748497031e-05
leaf_weight=429 25 49 38 46 25 64 77
leaf_count=429 25 49 38 46 25 64 77
internal_value=-0.000285526 0.00303571 0.000747125 -0.000865836 -0.0015251 0.00174157 0.00191057
internal_weight=753 112 87 641 518 89 123
internal_count=753 112 87 641 518 89 123
is_linear=0
shrinkage=0.05


Tree=19
num_leaves=8
num_cat=0
split_feature=5 4 8 3 15 14 10
split_gain=0.486489 0.479232 0.676767 0.85916 0.534675 0.374106 0.933325
threshold=0.016339940997622943 0.044372608124845218 -0.01771438547699716 -0.0033334134909218656 0.013295367470016252 -0.0082882010072965456 0.003711171639750988
decision_type=2 2 8 2 2 2 2
left_child=5 2 3 -2 -4 -1 -7
right_child=1 -3 4 -5 -6 6 -8
leaf_value=-0.00012836171895508301 -0.00014473623866223317 -0.00029013328140379917 -1.5611510029837937e-05 0.00031497658667303493 0.00015941807375966158 -2.1120115615109366e-05 0.00012345960199543242
leaf_weight=205 26 41 136 46 25 223 37
leaf_count=205 26 41 136 46 25 223 37
internal_value=-0.000466848 0.00120438 0.00208154 0.00611111 0.000279502 -0.00145161 -0.000192309
internal_weight=739 274 233 72 161 465 260
internal_count=739 274 233 72 161 465 260
is_linear=0
shrinkage=0.05


Tree=20
num_leaves=8
num_cat=0
split_feature=4 3 3 10 14 10 9
split_gain=0.54552 0.625475 0.861521 0.457764 0.347161 0.513508 0.817268
threshold=0.032926662513015868 -0.0055250753690250223 0.0009946613295599429 0.0087442389326247722 -0.073802250117532039 0.0077874133579277647 -0.021508914665332942
decision_type=2 2 2 2 2 2 10
left_child=4 -2 -3 -4 -1 -6 -7
right_child=1 2 3 -5 5 6 -8
leaf_value=-0.00011070516955606211 -0.00019961346569905892 0.00032715253925976471 -1.9308733992285353e-05 0.00014546219525110921 -2.7992616474011595e-05 0.00068910977188486866 -0.00019874089518903541
leaf_weight=47 39 25 33 25 519 31 32
leaf_count=47 39 25 33 25 519 31 32
internal_value=-0.000272971 0.00278688 0.00524096 0.00189655 -0.000866456 -0.000532647 0.00373016
internal_weight=751 122 83 58 629 582 63
internal_count=751 122 83 58 629 582 63
is_linear=0
shrinkage=0.05


Tree=21
num_leaves=8
num_cat=0
split_feature=10 14 11 8 10 0 14
split_gain=0.430714 0.607837 0.517368 0.457764 0.356331 0.468437 0.705953
threshold=0.0086193665790624836 -0.098691693357393515 0.021590279744903355 0.0043513237164576344 -0.0066375346949278371 -0.0062099416991522874 0.11365091649526195
decision_type=2 2 2 10 2 2 2
left_child=4 -2 3 -3 5 6 -1
right_child=1 2 -4 -5 -6 -7 -8
leaf_value=0.00018188823420292461 -3.4305502123261838e-05 -9.5184624247542278e-05 0.00041577742790681918 1.6229202639268314e-05 -2.8329072882202565e-05 -0.00014780910404620556 -2.1378754525786398e-05
leaf_weight=36 33 33 26 25 515 43 37
leaf_count=36 33 33 26 25 515 43 37
internal_value=-0.000521392 0.00226496 0.00452381 0.00189655 -0.00103804 0.00146552 0.00390411
internal_weight=748 117 84 58 631 116 73
internal_count=748 117 84 58 631 116 73
is_linear=0
shrinkage=0.05


Tree=22
num_leaves=8
num_cat=0
split_feature=11 0 5 15 13 13 1
split_gain=0.458904 0.441687 0.468539 0.516707 0.290125 0.36526 0.27931
threshold=0.03197650803521624 0.030887629607748716 0.013451745340521496 -0.0049911934294358242 21.664999961853031 23.604999542236332 0.071396491361807271
decision_type=2 2 2 2 2 2 2
left_child=1 2 3 -1 6 -6 -4
right_child=-2 -3 4 -5 5 -7 -8
leaf_value=8.3516817511112575e-05 0.00046786294963796374 0.00014557039845998813 -8.565443894965053e-05 -1.3171838936052041e-05 0.00011229073869360742 -7.880365486832743e-06 7.9677383206875143e-05
leaf_weight=33 42 37 466 67 28 44 25
leaf_count=33 42 37 466 67 28 44 25
internal_value=-0.000552562 -0.000857144 -0.00115385 0.002 -0.00171403 0.00125 -0.00214868
internal_weight=742 700 663 100 563 72 491
internal_count=742 700 663 100 563 72 491
is_linear=0
shrinkage=0.05


Tree=23
num_leaves=8
num_cat=0
split_feature=16 1 16 13 10 16 13
split_gain=0.410353 0.996027 0.660917 1.05861 0.591291 0.311736 0.528671
threshold=-0.020165881014064854 -0.050739803799149379 -0.03019945929182238 18.444999694824222 -0.0086987636486000035 -0.0020623974908921534 20.255000114440922
decision_type=2 2 2 2 2 2 2
left_child=2 -2 4 -4 -1 -3 -7
right_child=1 5 3 -5 -6 6 -8
leaf_value=0.00014461184126528465 3.8540492544273529e-05 -0.00012650068860282901 -8.3311637722498997e-05 0.0003312209462478326 -0.00016804764240509597 -2.5637912363164854e-05 7.6944978887247154e-05
leaf_weight=34 46 154 26 28 43 384 36
leaf_count=34 46 154 26 28 43 384 36
internal_value=-0.000672438 -0.00120968 0.00187023 0.00611111 -0.0011039 -0.001777 -0.00107143
internal_weight=751 620 131 54 77 574 420
internal_count=751 620 131 54 77 574 420
is_linear=0
shrinkage=0.05


Tree=24
num_leaves=8
num_cat=0
split_feature=13 6 16 16 1 10 8
split_gain=0.558487 0.694396 0.60773 0.47472 0.936598 0.424038 0.558958
threshold=18.94999980926514 -0.2522436995345983 -0.01918944182027554 -0.0023262328090373203 -0.043472547374243269 0.0069471165760636175 0.017145433869083741
decision_type=2 2 2 2 2 2 8
left_child=3 5 -3 -1 -5 6 -2
right_child=1 2 -4 4 -6 -7 -8
leaf_value=-0.00012886109404891454 -1.5310043873707148e-05 0.00017429836815343344 -0.00017264457284940082 0.00034879587246393627 -1.4119028206152732e-05 0.00027361257454888764 6.2058901828794918e-05
leaf_weight=170 38 40 61 25 363 26 26
leaf_count=170 38 40 61 25 363 26 26
internal_value=-0.000527371 0.00180628 -0.00103961 -0.00132617 -0.000360826 0.005 0.0028125
internal_weight=749 191 101 558 388 90 64
internal_count=749 191 101 558 388 90 64
is_linear=0
shrinkage=0.05


Tree=25
num_leaves=8
num_cat=0
split_feature=6 3 10 14 12 8 9
split_gain=0.405498 0.581743 0.524127 0.871583 0.501054 1.14706 0.892428
threshold=-1.1031201040708856 0.0072376491798058504 0.0077874133579277647 -0.081825770158787711 -0.019977149001015378 -0.01690154723479453 -0.15480048166033758
decision_type=2 2 2 2 2 10 10
left_child=-1 2 4 -4 5 6 -2
right_child=1 -3 3 -5 -6 -7 -8
leaf_value=-9.6970330492575298e-05 3.1657242250547217e-05 -0.0001873790708063135 -0.00011163289381974648 0.00038429329663812022 -7.8592885938405285e-06 -0.00028370843562708982 0.00041774701046568918
leaf_weight=73 25 113 27 50 416 27 26
leaf_count=73 25 113 27 50 416 27 26
internal_value=-0.000772789 -0.000394738 0.000253939 0.00409091 -0.000344131 0.00333333 0.0077451
internal_weight=757 684 571 77 494 78 51
internal_count=757 684 571 77 494 78 51
is_linear=0
shrinkage=0.05


Tree=26
num_leaves=8
num_cat=0
split_feature=16 6 14 6 7 6 16
split_gain=0.365778 0.625514 0.713901 0.840221 0.623077 0.682491 0.594713
threshold=-0.0023262328090373203 -0.52628790153193206 0.01016731697942619 -0.332664237484254 -0.0082423401027736914 0.67498115292248495 -0.020165881014064854
decision_type=2 2 2 2 2 2 2
left_child=6 -2 3 -3 -5 -6 -1
right_child=1 2 -4 4 5 -7 -8
leaf_value=2.5110437081554233e-06 -3.9975781694230771e-05 0.00016362042935464099 -1.6854797122020719e-05 0.00026895901513760296 -4.2323442013411476e-05 0.00015374414979526358 -0.00015219351245036788
leaf_weight=131 157 32 89 36 74 46 172
leaf_count=131 157 32 89 36 74 46 172
internal_value=-0.000861602 6.91232e-05 0.00149819 0.00324468 0.00173077 -1.19209e-09 -0.00219472
internal_weight=737 434 277 188 156 120 303
internal_count=737 434 277 188 156 120 303
is_linear=0
shrinkage=0.05


Tree=27
num_leaves=8
num_cat=0
split_feature=0 1 4 0 0 12 13
split_gain=0.541747 0.512597 0.666667 0.305882 0.496943 0.435956 0.331508
threshold=0.022166401123476235 0.05062812791835803 0.028583572908764791 0.0077812956675353826 0.0064877052051298687 0.05049188092826485 20.060000419616703
decision_type=2 2 2 2 2 2 2
left_child=3 2 -2 4 6 -5 -1
right_child=1 -3 -4 5 -6 -7 -8
leaf_value=-1.9075588543268794e-05 6.8876129393070409e-07 -0.00011933637335665932 0.00014252129498946902 -4.2117826400157849e-05 0.00013240716575479311 2.6954943221051197e-05 7.1975138089263644e-05
leaf_weight=387 27 32 27 128 27 25 96
leaf_count=387 27 32 27 128 27 25 96
internal_value=-0.000594127 0.00313953 0.00611111 -0.00107843 -0.000490197 -0.00303922 -0.000859214
internal_weight=749 86 54 663 510 153 483
internal_count=749 86 54 663 510 153 483
is_linear=0
shrinkage=0.05


Tree=28
num_leaves=8
num_cat=0
split_feature=0 4 0 11 12 2 12
split_gain=0.953829 0.815498 0.573714 0.518248 0.354337 0.549042 0.766462
threshold=0.018653394989714526 0.033004816343413935 0.0072134596456188147 0.011124133624280887 -0.0093119022308690274 -0.054711111734157318 -0.03685301683685837
decision_type=2 2 2 2 2 2 2
left_child=2 3 4 -2 5 6 -1
right_child=1 -3 -4 -5 -6 -7 -8
leaf_value=-0.00019509533788011175 0.00012997182066574168 1.1814716628962761e-05 -5.862462162926543e-05 -0.00010883353519652603 -1.6569456923182691e-05 -2.1206777832787878e-05 0.00027373291979680394
leaf_weight=28 47 28 134 34 404 51 38
leaf_count=28 47 28 134 34 404 51 38
internal_value=-0.000615184 0.0037156 -0.00133588 0.00117284 -0.000585414 0.00183761 0.00484848
internal_weight=764 109 655 81 521 117 66
internal_count=764 109 655 81 521 117 66
is_linear=0
shrinkage=0.05


Tree=29
num_leaves=8
num_cat=0
split_feature=4 4 13 11 6 15 8
split_gain=0.385838 0.606449 0.513306 0.654545 0.437896 0.304801 0.385665
threshold=0.033501560860986164 0.037689995768492877 13.305000305175783 0.010167890880724896 -0.40870905576250344 -0.0014012585119606567 -0.042316654355776299
decision_type=2 2 2 2 2 2 8
left_child=2 -2 3 -1 -3 6 -4
right_child=1 4 5 -5 -6 -7 -8
leaf_value=0.0001407130762982099 0.00014333641109889195 2.892137190769631e-05 0.00035652067898342171 -0.00013541252957374519 -0.0002951142924370936 -1.9562771137541528e-05 -2.5232014247479652e-05
leaf_weight=36 31 34 46 44 42 317 182
leaf_count=36 31 34 46 44 42 317 182
internal_value=-0.000765029 0.00200934 -0.00124 0.0025 -0.000394738 -0.00178899 -0.000394738
internal_weight=732 107 625 80 76 545 228
internal_count=732 107 625 80 76 545 228
is_linear=0
shrinkage=0.05


Tree=30
num_leaves=8
num_cat=0
split_feature=0 9 12 13 9 6 4
split_gain=0.440862 0.511895 0.50743 0.497817 0.523504 0.56641 0.44488
threshold=0.018653394989714526 -0.16594851060253077 0.024994032932905811 19.880000114440922 -0.0043847157654974813 -0.26117595200537275 0.025838279655717781
decision_type=2 10 2 2 8 2 2
left_child=3 -2 -3 6 -5 -6 -1
right_child=1 2 -4 4 5 -7 -8
leaf_value=-2.0764999535501404e-06 0.0002585695737086542 -0.00023975174806355778 7.7938234635316871e-05 -6.111756232449263e-06 8.9808164107563779e-05 -3.0495854128221018e-06 -8.3054384216179917e-05
leaf_weight=271 26 48 35 65 25 27 241
leaf_count=271 26 48 35 65 25 27 241
internal_value=-0.000596207 0.00233945 0.000421686 -0.00110493 0.00183761 0.00557692 -0.00177734
internal_weight=738 109 83 629 117 52 512
internal_count=738 109 83 629 117 52 512
is_linear=0
shrinkage=0.05


Tree=31
num_leaves=8
num_cat=0
split_feature=10 10 9 3 16 16 16
split_gain=0.389965 0.536793 0.413636 0.340985 0.27964 0.569179 0.663493
threshold=0.009370850882597594 0.010655378584307098 -0.068290228951533402 0.0080504789728358412 -0.021683245755177657 -0.0023262328090373203 0.00092554778600817411
decision_type=2 2 10 2 2 2 2
left_child=3 -2 -3 4 -1 -6 -7
right_child=1 2 -4 -5 5 6 -8
leaf_value=8.6472536990415115e-05 0.00015768589301599413 1.3610133090233928e-05 -0.00010283128298790189 -0.00025345901721434642 -0.00012842482958868768 2.6084413951702522e-05 -4.381657833795744e-06
leaf_weight=93 31 44 26 68 145 28 303
leaf_count=93 31 44 26 68 145 28 303
internal_value=-0.000460706 0.00242574 -1.19209e-09 -0.000918369 -0.000518455 -0.0010084 0.00013595
internal_weight=738 101 70 637 569 476 331
internal_count=738 101 70 637 569 476 331
is_linear=0
shrinkage=0.05


Tree=32
num_leaves=8
num_cat=0
split_feature=8 16 15 15 16 2 0
split_gain=0.504293 0.552812 0.855653 0.878265 0.731275 0.790924 0.487168
threshold=-0.028842460023621671 0.0072628212366784304 0.0096071201894712983 0.0011942674325640115 -0.020165881014064854 -0.081575526297321774 0.033250994905284166
decision_type=10 2 2 2 2 2 2
left_child=1 4 3 -3 5 -1 -2
right_child=6 2 -4 -5 -6 -7 -8
leaf_value=-2.8332595113836326e-05 -2.1582728535072308e-05 0.0002705087531065606 -9.6413725369261699e-05 0.00051454526055289842 -5.0702022655585216e-05 0.00013938932848767233 0.00011025668148189987
leaf_weight=33 467 33 34 25 95 32 32
leaf_count=33 467 33 34 25 95 32 32
internal_value=-0.000672438 0.00115079 0.00423913 0.00793103 -0.000625001 0.00346154 -0.00159319
internal_weight=751 252 92 58 160 65 499
internal_count=751 252 92 58 160 65 499
is_linear=0
shrinkage=0.05


Tree=33
num_leaves=8
num_cat=0
split_feature=13 9 8 6 12 9 9
split_gain=0.297504 0.495303 0.661499 0.5 0.389034 0.506186 0.367771
threshold=19.880000114440922 -0.078837400143266442 -0.0032839080802871674 -0.14348681258437865 0.032365039336737407 0.077411720537423748 0.0073334992244509243
decision_type=2 8 8 2 2 10 8
left_child=4 -2 -3 -4 -1 6 -6
right_child=1 2 3 -5 5 -7 -8
leaf_value=-5.4151512872729458e-05 -2.5553356629507207e-05 0.00021656539624485957 2.364920021513861e-05 -0.00020651313898867568 3.7094425303269891e-05 0.00012103146427707464 -4.6160454730538413e-05
leaf_weight=387 56 36 25 25 79 37 103
leaf_count=387 56 36 25 25 79 37 103
internal_value=-0.000721926 0.00133803 0.00372093 -1.19209e-09 -0.00120462 0.000479451 -0.000604397
internal_weight=748 142 86 50 606 219 182
internal_count=748 142 86 50 606 219 182
is_linear=0
shrinkage=0.05


Tree=34
num_leaves=8
num_cat=0
split_feature=13 6 9 8 10 12 5
split_gain=0.513388 0.879128 0.917165 0.445455 0.528189 0.44253 0.483388
threshold=18.675000190734867 -0.2522436995345983 -0.032712303030769267 -0.0045811573414747944 -0.0063062203231579175 0.032365039336737407 0.01348507830379188
decision_type=2 2 8 8 2 2 2
left_child=5 2 -2 4 -3 -1 -7
right_child=1 3 -4 -5 -6 6 -8
leaf_value=-7.4414855080098453e-05 -2.7985294957250749e-06 0.00015652446056926345 0.00010162545517831837 -0.00015423886231066413 -8.0269743649461658e-05 1.4482041731504985e-05 -3.2819708237780733e-06
leaf_weight=338 45 26 53 55 29 26 177
leaf_count=338 45 26 53 55 29 26 177
internal_value=-0.000861149 0.00125 0.00469388 -0.00181818 0.00136364 -0.00167283 0.000172413
internal_weight=749 208 98 110 55 541 203
internal_count=749 208 98 110 55 541 203
is_linear=0
shrinkage=0.05


Tree=35
num_leaves=8
num_cat=0
split_feature=9 9 3 13 1 0 11
split_gain=0.366518 0.767598 0.430793 0.520245 1.13649 0.428063 0.399325
threshold=0.14422649778892674 0.10709142972198728 -0.0062174717920094316 19.880000114440922 -0.012944963415944864 0.028318340363491682 0.003813504719322514
decision_type=10 10 2 2 2 2 2
left_child=1 2 -1 5 -5 6 -4
right_child=-2 -3 3 4 -6 -7 -8
leaf_value=-0.00012423587046390028 -0.00014989057675707216 3.7445639185817093e-05 2.2104987376715174e-06 -1.9273314167029668e-05 9.4773691534677783e-05 0.00012050401397048366 -3.2910325029354785e-05
leaf_weight=135 98 45 135 41 47 30 222
leaf_count=135 98 45 135 41 47 30 222
internal_value=-0.000617531 -0.000190841 -0.000655739 5.26304e-05 0.00352273 -0.000736435 -0.00121849
internal_weight=753 655 610 475 88 387 357
internal_count=753 655 610 475 88 387 357
is_linear=0
shrinkage=0.05


Tree=36
num_leaves=8
num_cat=0
split_feature=4 6 8 13 11 13 6
split_gain=0.370786 0.763331 0.37415 0.361246 0.537922 0.426843 0.49894
threshold=0.030972070067809804 -0.60349916967660722 -0.01771438547699716 13.305000305175783 0.010167890880724896 14.960000038146974 -0.52628790153193206
decision_type=2 2 8 2 2 2 2
left_child=3 -2 -3 4 -1 -5 -7
right_child=1 2 -4 5 -6 6 -8
leaf_value=0.0001281218250861679 0.00010332516122082546 0.00012109342415805379 -1.7218554437211355e-05 -0.00010336483281824644 -0.00012202556025972013 -6.5512137557258531e-05 7.276077006347215e-07
leaf_weight=36 48 46 78 124 49 124 245
leaf_count=36 48 46 78 124 49 124 245
internal_value=-0.000933335 0.00110465 -0.000967743 -0.00153979 0.00147059 -0.00205882 -0.00120596
internal_weight=750 172 124 578 85 493 369
internal_count=750 172 124 578 85 493 369
is_linear=0
shrinkage=0.05


Tree=37
num_leaves=8
num_cat=0
split_feature=2 0 3 15 9 3 12
split_gain=0.396937 0.564634 0.535912 0.603205 1.03594 0.772536 0.519603
threshold=0.021021138967628476 0.018653394989714526 0.0029968628528224133 -0.0041021575465532414 0.014956947661335375 -0.0018090946376626003 -0.019977149001015378
decision_type=2 2 2 2 10 2 2
left_child=1 2 3 4 5 6 -1
right_child=-2 -3 -4 -5 -6 -7 -8
leaf_value=8.9419537232345326e-05 -1.7489279140062781e-05 8.6715649382588188e-05 -8.2971829806993453e-05 -1.9152695462056131e-05 0.00014272699184377367 0.00027099070333280707 -0.00021872650320976946
leaf_weight=29 325 53 107 144 30 26 44
leaf_count=29 325 53 107 144 30 26 44
internal_value=-0.00044855 0.000542724 -0.00013158 0.00104395 0.00352713 0.0010606 -0.00157534
internal_weight=758 433 380 273 129 99 73
internal_count=758 433 380 273 129 99 73
is_linear=0
shrinkage=0.05


Tree=38
num_leaves=8
num_cat=0
split_feature=2 0 9 13 12 16 11
split_gain=0.392545 0.706922 0.416525 0.627889 0.49219 0.482655 0.423443
threshold=0.021021138967628476 0.023143769266917528 -0.083694816620533283 19.880000114440922 0.027544134222988518 0.0018418802295702144 -0.0061808553148448566
decision_type=2 2 8 2 2 2 2
left_child=1 2 -1 4 6 -6 -4
right_child=-2 -3 3 -5 5 -7 -8
leaf_value=-2.8791127582498381e-05 -1.9598813069176698e-05 0.00013224973910995006 9.0112713488232411e-05 0.00010036177973253324 7.4333085364412136e-06 -6.5208178672800449e-05 -0.00014212297924770135
leaf_weight=113 328 32 41 64 26 34 110
leaf_count=113 328 32 41 64 26 34 110
internal_value=-0.000655081 0.000357142 -0.00023196 0.000818181 -0.000497632 0.00333333 -0.00201987
internal_weight=748 420 388 275 211 60 151
internal_count=748 420 388 275 211 60 151
is_linear=0
shrinkage=0.05


Tree=39
num_leaves=8
num_cat=0
split_feature=2 4 4 6 15 10 3
split_gain=0.529174 0.464926 0.61782 0.592489 0.787687 0.423032 0.299645
threshold=0.021021138967628476 0.044372608124845218 0.039052703432749976 0.67498115292248495 -0.0044466739693004289 0.009370850882597594 0.0029968628528224133
decision_type=2 2 2 2 2 2 2
left_child=1 2 3 6 -5 -2 -1
right_child=5 -3 -4 4 -6 -7 -8
leaf_value=3.7566780481231801e-06 -8.6373106369574899e-05 -0.00011710392692030059 0.00011550520775068353 0.00015272484220902 -2.6974903334415927e-08 3.3486883942954854e-05 -1.5917134345600928e-05
leaf_weight=188 281 35 26 28 46 39 94
leaf_count=188 281 35 26 28 46 39 94
internal_value=-0.000658074 0.000515586 0.00102094 0.000477527 0.00445946 -0.0021875 -0.000567377
internal_weight=737 417 382 356 74 320 282
internal_count=737 417 382 356 74 320 282
is_linear=0
shrinkage=0.05


Tree=40
num_leaves=8
num_cat=0
split_feature=4 4 5 5 10 13 15
split_gain=0.377615 0.810756 0.61599 0.309911 0.308417 0.293302 0.290497
threshold=0.022481988381568712 0.022928901263545225 0.013508670301144663 0.014777403429426952 -0.0032013225684498488 17.914999961853031 -0.018337668712188056
decision_type=2 2 2 2 2 2 2
left_child=4 -2 -3 5 -1 -4 -5
right_child=1 2 3 6 -6 -7 -8
leaf_value=1.9775025865071111e-07 0.00011903789319473454 4.2958060200470149e-05 -0.00012820668049975815 -0.00035302547260202254 -0.00012723983371346466 -1.4594247365074584e-05 -8.1476941708041099e-07
leaf_weight=31 26 31 78 31 118 37 398
leaf_count=31 26 31 78 31 118 37 398
internal_value=-0.000733335 -0.00017471 -0.000565219 -0.000955884 -0.00298658 -0.00326087 -0.000337997
internal_weight=750 601 575 544 149 115 429
internal_count=750 601 575 544 149 115 429
is_linear=0
shrinkage=0.05


Tree=41
num_leaves=8
num_cat=0
split_feature=16 16 16 12 16 3 8
split_gain=0.459407 0.70904 0.697404 0.529234 1.17799 0.603261 0.399451
threshold=-0.0023262328090373203 -0.020165881014064854 0.00040489708085067472 0.011040694977268452 -0.029252803278468239 -0.0016334161948994284 0.051349194474005551
decision_type=2 2 2 2 2 2 10
left_child=1 3 -2 4 5 -1 -4
right_child=2 -3 6 -5 -6 -7 -8
leaf_value=8.4664201345859556e-05 8.5917494735247162e-06 -8.5181282565945858e-05 6.6021593079271961e-06 -9.995479165718833e-05 0.00023605903570731801 -8.7500359271887345e-05 -0.00011599879790673399
leaf_weight=32 31 178 316 28 27 37 103
leaf_count=32 31 178 316 28 27 37 103
internal_value=-0.000345746 -0.00185431 0.000666665 0.00104839 0.0028125 -0.000652175 0.000131264
internal_weight=752 302 450 124 96 69 419
internal_count=752 302 450 124 96 69 419
is_linear=0
shrinkage=0.05


Tree=42
num_leaves=8
num_cat=0
split_feature=16 1 16 1 8 3 1
split_gain=0.410333 0.857063 0.72269 0.685484 0.9689 0.454261 0.444446
threshold=-0.0023262328090373203 -0.045985596227504803 -0.020673096802470644 -0.054315772981128212 -0.035226247193117281 -0.0019822700114178189 0.014391328590252163
decision_type=2 2 2 2 8 2 2
left_child=2 -2 3 -1 -5 -6 -3
right_child=1 6 -4 4 5 -7 -8
leaf_value=-0.00013019971731546558 0.00026294095814392252 -7.4741673869330367e-05 -0.00012720030514740087 0.00027525191691690304 3.87738743342157e-06 -0.00011838070998452355 6.6219899829676443e-06
leaf_weight=34 29 181 182 33 28 29 237
leaf_count=34 29 181 182 33 28 29 237
internal_value=-0.000484729 0.000480983 -0.00189543 0.00104839 0.00333333 -0.000614036 -9.5695e-05
internal_weight=753 447 306 124 90 57 418
internal_count=753 447 306 124 90 57 418
is_linear=0
shrinkage=0.05


Tree=43
num_leaves=8
num_cat=0
split_feature=4 4 9 9 5 14 2
split_gain=0.36979 0.641035 0.762605 0.518274 0.445361 0.804357 0.344956
threshold=0.044372608124845218 0.032926662513015868 0.0094540384098091863 0.14422649778892674 0.013508670301144663 0.003286853869637119 0.0028810791066578027
decision_type=2 2 8 8 2 2 2
left_child=1 3 -3 4 5 -1 -6
right_child=-2 2 -4 -5 6 -7 -8
leaf_value=-5.8578557213025382e-05 -0.00024058258783179781 -2.3990200087087518e-06 9.1205597739194992e-05 -0.00012990662781055354 -4.9200433239354117e-05 3.0715127244565585e-05 2.6205038478009598e-05
leaf_weight=31 42 50 34 217 145 35 192
leaf_count=31 42 50 34 217 145 35 192
internal_value=-0.00044236 -0.000170456 0.00392857 -0.000725808 0.000334986 0.00409091 -0.000400595
internal_weight=746 704 84 620 403 66 337
internal_count=746 704 84 620 403 66 337
is_linear=0
shrinkage=0.05


Tree=44
num_leaves=8
num_cat=0
split_feature=13 2 16 8 14 10 14
split_gain=0.529942 0.519532 0.39006 0.359829 0.491769 0.806284 0.870327
threshold=23.409999847412113 -0.053467338639470778 -0.0023262328090373203 0.051349194474005551 -0.01759756320211869 0.003711171639750988 0.0053913947730825926
decision_type=2 2 2 10 2 2 2
left_child=2 -2 -1 4 -4 6 -6
right_child=1 -3 3 -5 5 -7 -8
leaf_value=-3.9992530578696314e-05 9.9251355780185358e-05 -1.8449108728274491e-06 -1.9005372261886181e-05 -9.6056503536502875e-05 0.0001292336281592959 0.00010711900450241683 -2.0478117481851138e-05
leaf_weight=244 34 26 144 111 55 39 87
leaf_count=244 34 26 144 111 55 39 87
internal_value=-0.000337839 0.00416667 -0.000735295 0.000160549 0.000999999 0.00273481 0.000985914
internal_weight=740 60 680 436 325 181 142
internal_count=740 60 680 436 325 181 142
is_linear=0
shrinkage=0.05


Tree=45
num_leaves=8
num_cat=0
split_feature=5 5 15 5 3 6 14
split_gain=0.555841 0.57506 1.29754 0.320567 0.389267 0.66867 0.455881
threshold=0.023342967633454399 0.013451745340521496 -0.0063378862462113985 0.016929499085305767 0.0081500306339885604 0.37732771620890077 0.0250539094836888
decision_type=2 2 2 2 2 2 2
left_child=1 2 -1 -3 5 6 -5
right_child=-2 3 -4 4 -6 -7 -8
leaf_value=0.00010108790137904668 5.2046705412715394e-06 -4.0874049915675368e-05 -2.6165310427949633e-06 -2.482016229608599e-05 -7.641582617219292e-05 0.00017661246121108189 8.8681917412518742e-06
leaf_weight=26 32 384 79 95 47 37 46
leaf_count=26 32 384 79 95 47 37 46
internal_value=-0.000509385 -0.000798321 0.00261905 -0.00138752 0.00011111 0.00117977 -0.000390072
internal_weight=746 714 105 609 225 178 141
internal_count=746 714 105 609 225 178 141
is_linear=0
shrinkage=0.05


Tree=46
num_leaves=8
num_cat=0
split_feature=0 16 4 0 0 16 16
split_gain=0.512251 0.888891 0.793495 0.60881 0.399876 0.48989 0.334259
threshold=0.013812200651239783 0.02187563201435894 0.028206162159150762 0.0081136073591471253 0.0066093564668384683 0.040254118446826366 0.00020814822507420064
decision_type=2 2 2 2 2 2 2
left_child=3 2 6 4 5 -1 -2
right_child=1 -3 -4 -5 -6 -7 -8
leaf_value=-5.1363186412511203e-06 -0.0001552875630721614 -1.4767432419589383e-05 9.5987677938575043e-05 -0.00010460156301781996 3.627496764219988e-05 0.0002541722971377797 1.9257260132096496e-05
leaf_weight=449 27 44 44 82 29 28 45
leaf_count=449 27 44 44 82 29 28 45
internal_value=-0.000320857 0.0021875 0.00448276 -0.0010034 -0.000355732 -0.000702307 0.00125
internal_weight=748 160 116 588 506 477 72
internal_count=748 160 116 588 506 477 72
is_linear=0
shrinkage=0.05


Tree=47
num_leaves=8
num_cat=0
split_feature=8 8 8 13 9 0 11
split_gain=0.378772 0.440087 0.435793 0.660754 0.339669 0.565198 0.564709
threshold=0.068129541741403413 -0.065725453393078268 -0.042316654355776299 17.369999885559086 -0.083694816620533283 0.017910303091162375 -0.0093898338584641455
decision_type=10 8 8 2 10 2 2
left_child=1 -1 3 -3 5 -4 -6
right_child=-2 2 4 -5 6 -7 -8
leaf_value=-8.8095024080673168e-05 -3.8804507910143092e-05 -1.3460605294589899e-05 -6.2412370840763952e-05 0.00045392188010514217 8.5461824077536571e-05 0.00025738694960910599 1.1709951374759664e-07
leaf_weight=121 101 25 137 26 39 25 265
leaf_count=121 101 25 137 26 39 25 265
internal_value=-0.000669825 -0.000219437 0.00041586 0.00480392 -6.43789e-05 -0.00191358 0.000921051
internal_weight=739 638 517 51 466 162 304
internal_count=739 638 517 51 466 162 304
is_linear=0
shrinkage=0.05


Tree=48
num_leaves=8
num_cat=0
split_feature=13 11 12 8 7 2 1
split_gain=0.487898 0.465055 0.48 0.420274 0.406604 0.428121 0.422614
threshold=20.610000610351566 -0.0070947628288289813 -0.018266326902635351 0.12031528229296352 0.071694973339857873 0.080925165830881843 0.052321804973010429
decision_type=2 2 2 8 2 2 2
left_child=3 2 -2 4 5 6 -1
right_child=1 -3 -4 -5 -6 -7 -8
leaf_value=8.6755613575530413e-07 1.3852113867923876e-05 4.2793322828434376e-05 -0.00023668985403649977 -0.0001555978308463041 2.983516311875485e-05 -0.00031359361458811134 -5.0530309150850365e-05
leaf_weight=443 48 42 27 55 29 53 43
leaf_count=443 48 42 27 55 29 53 43
internal_value=-0.000270271 0.00269231 0.000333332 -0.000826646 -0.000422536 -0.00073284 -0.000267491
internal_weight=740 117 75 623 568 539 486
internal_count=740 117 75 623 568 539 486
is_linear=0
shrinkage=0.05


Tree=49
num_leaves=8
num_cat=0
split_feature=2 2 8 9 4 11 16
split_gain=0.540454 0.413282 0.459801 0.839975 0.582593 0.438142 0.51819
threshold=-0.17003303593346472 -0.081575526297321774 -0.035226247193117281 -0.12880322320380802 0.027111172306129729 0.017370532095548511 -0.0023262328090373203
decision_type=2 2 8 10 2 2 2
left_child=-1 -2 3 4 -3 6 -4
right_child=1 2 5 -5 -6 -7 -8
leaf_value=0.00022131493193765871 -6.036401530950149e-05 0.00035420933750437625 -1.9733785746249304e-05 -1.6516448371843271e-05 1.3156630028919134e-05 -7.1372437857090138e-05 1.5601964497637076e-05
leaf_weight=25 83 25 180 55 27 104 234
leaf_count=25 83 25 180 55 27 104 234
internal_value=-0.000225104 -0.000480227 -4.00012e-05 0.00294392 0.0075 -0.000656372 7.24626e-05
internal_weight=733 708 625 107 52 518 414
internal_count=733 708 625 107 52 518 414
is_linear=0
shrinkage=0.05


Tree=50
num_leaves=8
num_cat=0
split_feature=5 14 4 6 4 6 8
split_gain=0.518512 1.10134 0.451894 0.603571 0.460227 0.325605 0.311348
threshold=0.013443240409904739 0.030785511680663128 0.033501560860986164 -0.66923259094953613 0.037592896956696341 -0.90976386056412506 -0.028842460023621671
decision_type=2 2 2 2 2 2 8
left_child=1 -1 5 -4 -5 -2 -7
right_child=2 -3 3 4 -6 6 -8
leaf_value=-3.2628942266606666e-05 -0.00013652262598210893 0.00014315128670271479 6.3161391781838431e-05 0.00010776076726438285 -0.0001022447594484426 8.0352266809066064e-06 -2.1068204321166589e-05
leaf_weight=64 94 33 32 25 55 117 320
leaf_count=64 94 33 32 25 55 117 320
internal_value=-0.000675677 0.00273196 -0.00118974 0.00169643 -0.000625001 -0.00179849 -0.00122426
internal_weight=740 97 643 112 80 531 437
internal_count=740 97 643 112 80 531 437
is_linear=0
shrinkage=0.05


Tree=51
num_leaves=8
num_cat=0
split_feature=3 3 10 16 11 10 16
split_gain=0.32784 0.647241 0.428581 0.60463 0.689502 0.508231 0.458767
threshold=0.0032236339165825361 0.0025784494795568773 -0.0086987636486000035 -0.0020623974908921534 0.003813504719322514 -0.012001983030752781 0.019500585834272725
decision_type=2 2 2 2 2 2 2
left_child=1 2 5 -4 -5 -1 -6
right_child=-2 -3 3 4 6 -7 -8
leaf_value=3.5114471185967748e-05 -1.0666323949478878e-05 1.4377516309848257e-05 -0.00011031612507817791 4.3373860885872713e-05 -5.6445915563684179e-05 7.0191852576456312e-05 7.9917451457500453e-05
leaf_weight=48 243 28 156 58 106 25 98
leaf_count=48 243 28 156 58 106 25 98
internal_value=-0.000603676 0.000105972 -0.000315683 -0.000933016 0.00053435 0.00321918 -0.000833335
internal_weight=762 519 491 418 262 73 204
internal_count=762 519 491 418 262 73 204
is_linear=0
shrinkage=0.05


Tree=52
num_leaves=8
num_cat=0
split_feature=16 16 1 1 16 14 4
split_gain=0.430047 0.844988 0.436691 0.605745 0.825129 0.906847 0.857797
threshold=-0.0020623974908921534 0.00040489708085067472 -0.045985596227504803 0.0025651801523256528 0.026323399370832504 -0.042370343814534299 0.026936548273033666
decision_type=2 2 2 2 2 2 2
left_child=-1 -2 -3 -4 5 -5 -7
right_child=1 2 3 4 -6 6 -8
leaf_value=-1.2315349860018045e-05 1.0308249902295138e-05 0.00026631899941794427 -0.00011214338817842778 0.00016734433555024735 -4.0014614328839061e-05 5.87218891114005e-05 -0.00030780319130398914
leaf_weight=306 29 27 109 37 107 92 41
leaf_count=306 29 27 109 37 107 92 41
internal_value=-0.000454547 0.000542985 -3.63208e-05 -0.000466322 0.000776172 0.00294118 0.00101504
internal_weight=748 442 413 386 277 170 133
internal_count=748 442 413 386 277 170 133
is_linear=0
shrinkage=0.05


Tree=53
num_leaves=8
num_cat=0
split_feature=0 16 5 3 11 1 16
split_gain=0.48193 0.846079 0.497351 0.997064 0.584012 0.450966 0.337189
threshold=0.028318340363491682 0.012340098138815871 0.013451745340521496 0.0020329671644435669 0.0026615433569360252 0.071396491361807271 0.0068673588986207798
decision_type=2 2 2 2 2 2 2
left_child=2 -2 3 4 -1 6 -4
right_child=1 -3 5 -5 -6 -7 -8
leaf_value=8.3780738137047037e-05 8.4811146545621746e-05 -0.00019486668442004513 -2.8992881952464696e-05 -4.2331954024907846e-05 7.9107007060987998e-06 5.4340143004130096e-06 -1.781873440189843e-06
leaf_weight=26 25 29 327 38 34 31 233
leaf_count=26 25 29 327 38 34 31 233
internal_value=-0.000289369 0.00425926 -0.000645865 0.00265306 0.00666667 -0.00119289 -0.00151786
internal_weight=743 54 689 98 60 591 560
internal_count=743 54 689 98 60 591 560
is_linear=0
shrinkage=0.05


Tree=54
num_leaves=8
num_cat=0
split_feature=15 1 8 7 15 15 10
split_gain=0.388392 0.519404 0.45538 0.463514 1.0634 0.671475 0.365602
threshold=0.019156756641239173 0.071396491361807271 0.069880384678910792 0.018922667521236062 0.0031447373534688743 0.0092147219350772209 -0.0016165768674121226
decision_type=2 2 8 2 2 2 2
left_child=1 2 3 6 -5 -6 -1
right_child=-2 -3 -4 4 5 -7 -8
leaf_value=2.0001057515418952e-06 -0.00019011339234625228 3.0598378303686683e-05 -7.2747162002241225e-05 -0.00014885239825565601 0.00014204110042031264 2.6229936937812534e-05 -4.4040246238399996e-05
leaf_weight=171 48 39 93 74 36 25 261
leaf_count=171 48 39 93 74 36 25 261
internal_value=-0.000649265 -0.000350502 -0.000681819 -0.000149913 0.00240741 0.00729508 -0.000949075
internal_weight=747 699 660 567 135 61 432
internal_count=747 699 660 567 135 61 432
is_linear=0
shrinkage=0.05


Tree=55
num_leaves=8
num_cat=0
split_feature=9 10 11 16 3 2 3
split_gain=0.340443 0.550286 0.734746 0.871915 0.61594 0.557368 0.934396
threshold=-0.084856099524735093 0.0057641825485008633 0.015047056175498954 0.026323399370832504 0.0071872862199368068 0.021021138967628476 0.0030531230766657207
decision_type=8 2 2 2 2 2 2
left_child=-1 5 4 -4 -3 6 -2
right_child=1 2 3 -5 -6 -7 -8
leaf_value=-7.8600068204320104e-06 2.0583146881380728e-05 -3.8447013560597516e-05 0.00016647608392090924 8.1299229243862237e-05 6.1739473613332539e-05 -6.3281936729174337e-05 -0.0001469099934549512
leaf_weight=158 172 70 26 35 25 218 59
leaf_count=158 172 70 26 35 25 218 59
internal_value=-8.51912e-05 0.000454544 0.00301282 0.00729508 0.000263157 -0.0004343 0.00127706
internal_weight=763 605 156 61 95 449 231
internal_count=763 605 156 61 95 449 231
is_linear=0
shrinkage=0.05


Tree=56
num_leaves=8
num_cat=0
split_feature=10 11 7 13 6 2 9
split_gain=0.579694 0.576197 0.758606 0.498305 0.773684 0.400359 0.71395
threshold=0.009588523086034308 0.017370532095548511 0.074368153038267285 19.115000724792484 -0.11105930096345006 0.021021138967628476 -0.0083882766026823746
decision_type=2 2 2 2 2 2 8
left_child=1 2 5 4 -2 6 -1
right_child=3 -3 -4 -5 -6 -7 -8
leaf_value=-2.7679661260294926e-06 -3.8149793592798921e-05 -5.0831802380002089e-05 6.854684549733144e-05 0.00012972931531445581 7.8100837445535065e-05 -7.3517333897001866e-05 2.0788646128187275e-05
leaf_weight=138 27 118 26 28 30 213 159
leaf_count=138 27 118 26 28 30 213 159
internal_value=-6.08943e-05 -0.00056575 0.000130596 0.00382353 0.00114035 -0.000294119 0.000892255
internal_weight=739 654 536 85 57 510 297
internal_count=739 654 536 85 57 510 297
is_linear=0
shrinkage=0.05


Tree=57
num_leaves=8
num_cat=0
split_feature=15 13 9 12 9 12 15
split_gain=0.499843 0.295124 0.737217 0.441228 0.71443 0.619242 0.530057
threshold=0.013116282159443939 19.880000114440922 -0.078837400143266442 0.032365039336737407 -0.15913156887192284 0.037528575282214767 0.0057259013881681984
decision_type=2 2 8 2 10 2 2
left_child=1 3 -3 -1 -5 -6 -7
right_child=-2 2 -4 4 5 6 -8
leaf_value=-1.6464734835160515e-05 -5.881886631496578e-06 -8.0590633306891513e-06 6.4036423767457521e-05 -8.4375290225502001e-05 0.00011668558676156357 -3.8677243150565928e-05 0.00016796015693669859
leaf_weight=319 100 47 74 50 37 78 30
leaf_count=319 100 47 74 50 37 78 30
internal_value=-0.000714287 -0.000196852 0.00202479 -0.000719846 0.00115384 0.00293103 0.00101852
internal_weight=735 635 121 514 195 145 108
internal_count=735 635 121 514 195 145 108
is_linear=0
shrinkage=0.05


Tree=58
num_leaves=8
num_cat=0
split_feature=3 1 2 2 5 12 2
split_gain=0.324157 0.386923 0.390001 0.430368 0.507692 0.454655 0.601348
threshold=0.0080504789728358412 0.071396491361807271 0.061995318325201006 0.0054844414475658807 0.013214935881387132 0.040312415369648032 0.013559575607427156
decision_type=2 2 2 2 2 2 2
left_child=1 2 3 4 -1 6 -5
right_child=-2 -3 -4 5 -6 -7 -8
leaf_value=2.0547269751997471e-05 -1.55048551360199e-05 0.00012380454599616864 -5.9603585094943807e-05 8.5784007937219503e-05 -3.4593630063590638e-06 0.00015391572912565782 -3.7160450911370013e-05
leaf_weight=30 112 29 127 29 256 44 123
leaf_count=30 112 29 127 29 256 44 123
internal_value=-0.000733335 -0.000297807 -0.000566504 8.29864e-05 -0.00115385 0.00188775 0.000592104
internal_weight=750 638 609 482 286 196 152
internal_count=750 638 609 482 286 196 152
is_linear=0
shrinkage=0.05


end of trees

feature_importances:
sector_ret_5d=46
dist_ma200=32
spy_ret_1d=30
overnight_gap=29
atr_pct=29
vix_level=27
ret_1d=26
dist_ma50=25
spy_ret_20d=25
dvol_z_20=24
parkinson_20=23
spy_ret_5d=19
sector_ret_1d=19
ret_5d=18
vix_chg_1d=18
ret_20d=17
dist_ma20=6

parameters:
[boosting: gbdt]
[objective: quantile]
[metric: quantile]
[tree_learner: serial]
[device_type: cpu]
[data_sample_strategy: bagging]
[data: ]
[valid: ]
[num_iterations: 80]
[learning_rate: 0.05]
[num_leaves: 8]
[num_threads: 1]
[seed: 0]
[deterministic: 0]
[force_col_wise: 1]
[force_row_wise: 0]
[histogram_pool_size: -1]
[max_depth: -1]
[min_data_in_leaf: 25]
[min_sum_hessian_in_leaf: 0.001]
[bagging_fraction: 0.9]
[pos_bagging_fraction: 1]
[neg_bagging_fraction: 1]
[bagging_freq: 1]
[bagging_seed: 3]
[bagging_by_query: 0]
[feature_fraction: 0.9]
[feature_fraction_bynode: 1]
[feature_fraction_seed: 2]
[extra_trees: 0]
[extra_seed: 6]
[early_stopping_round: 0]
[early_stopping_min_delta: 0]
[first_metric_only: 0]
[max_delta_step: 0]
[lambda_l1: 0]
[lambda_l2: 0]
[linear_lambda: 0]
[min_gain_to_split: 0]
[drop_rate: 0.1]
[max_drop: 50]
[skip_drop: 0.5]
[xgboost_dart_mode: 0]
[uniform_drop: 0]
[drop_seed: 4]
[top_rate: 0.2]
[other_rate: 0.1]
[min_data_per_group: 100]
[max_cat_threshold: 32]
[cat_l2: 10]
[cat_smooth: 10]
[max_cat_to_onehot: 4]
[top_k: 20]
[monotone_constraints: ]
[monotone_constraints_method: basic]
[monotone_penalty: 0]
[feature_contri: ]
[forcedsplits_filename: ]
[refit_decay_rate: 0.9]
[cegb_tradeoff: 1]
[cegb_penalty_split: 0]
[cegb_penalty_feature_lazy: ]
[cegb_penalty_feature_coupled: ]
[path_smooth: 0]
[interaction_constraints: ]
[verbosity: -1]
[saved_feature_importance_type: 0]
[use_quantized_grad: 0]
[num_grad_quant_bins: 4]
[quant_train_renew_leaf: 0]
[stochastic_rounding: 1]
[linear_tree: 0]
[max_bin: 255]
[max_bin_by_feature: ]
[min_data_in_bin: 3]
[bin_construct_sample_cnt: 200000]
[data_random_seed: 1]
[is_enable_sparse: 1]
[enable_bundle: 1]
[use_missing: 1]
[zero_as_missing: 0]
[feature_pre_filter: 1]
[pre_partition: 0]
[two_round: 0]
[header: 0]
[label_column: ]
[weight_column: ]
[group_column: ]
[ignore_column: ]
[categorical_feature: ]
[forcedbins_filename: ]
[precise_float_parser: 0]
[parser_config_file: ]
[objective_seed: 5]
[num_class: 1]
[is_unbalance: 0]
[scale_pos_weight: 1]
[sigmoid: 1]
[boost_from_average: 1]
[reg_sqrt: 0]
[alpha: 0.9]
[fair_c: 1]
[poisson_max_delta_step: 0.7]
[tweedie_variance_power: 1.5]
[lambdarank_truncation_level: 30]
[lambdarank_norm: 1]
[label_gain: ]
[lambdarank_position_bias_regularization: 0]
[eval_at: ]
[multi_error_top_k: 1]
[auc_mu_weights: ]
[num_machines: 1]
[local_listen_port: 12400]
[time_out: 120]
[machine_list_filename: ]
[machines: ]
[gpu_platform_id: -1]
[gpu_device_id: -1]
[gpu_device_id_list: ]
[gpu_use_dp: 0]
[num_gpu: 1]

end of parameters

pandas_categorical:[]
