tree
version=v4
num_class=1
num_tree_per_iteration=1
label_index=0
max_feature_idx=16
objective=quantile
feature_names=ret_1d ret_5d ret_20d overnight_gap atr_pct parkinson_20 dvol_z_20 dist_ma20 dist_ma50 dist_ma200 spy_ret_1d spy_ret_5d spy_ret_20d vix_level vix_chg_1d sector_ret_1d sector_ret_5d
feature_infos=[-0.095570802847285474:0.11508418844021273] [-0.15935045405587689:0.18612858241246366] [-0.16361012168889799:0.20853542193939134] [-0.06655660140784736:0.12312508166759351] [0.01309134907232793:0.047678208591753611] [0.008395695257548472:0.027273507203196122] [-2.6271158272660817:4.3082437761704657] [-0.15790195895609305:0.16414268966994761] [-0.15570498328599314:0.21923619337978817] [-0.16140557037943548:0.33300453903982441] [-0.058542971330535654:0.10501930183911301] [-0.11496151859245618:0.082843162776128354] [-0.1226559005192206:0.15756591020035837] [11.859999656677246:52.330001831054688] [-0.35753873962348437:0.74039073966007019] [-0.045565914362008186:0.057443288787383029] [-0.11461315937536976:0.085316917045247465]
tree_sizes=849 865 864 862 866 863 868 869 870 864 877 869 866 869 866 878 868 865 876 873 865 865 868 869 866 863 872 877 874 860 871 868 861 864 866 876 858 863 856 871 870 869 866 862 873 877 872 873 868 866 865

Tree=0
num_leaves=8
num_cat=0
split_feature=15 8 4 3 5 9 6
split_gain=0.981858 0.801943 0.669529 0.899189 0.697266 0.967901 0.902784
threshold=-0.018487970019354146 0.057256902045407017 0.01701044746290219 -0.0019958051394504679 0.015276089900823903 -1.0000000180025095e-35 -0.24059983927881676
decision_type=2 10 2 2 2 8 2
left_child=-1 2 3 -2 -4 -6 -7
right_child=1 -3 4 -5 5 6 -8
leaf_value=0.0011718340730866249 0.0012599350859163277 0.0008970014869913327 0.00096777574765644797 0.001067657713077766 0.00093804035142311805 0.001056964453704723 0.0013188111967341377
leaf_weight=34 26 152 352 51 81 25 29
leaf_count=34 26 152 352 51 81 25 29
internal_value=0.000930482 0.000536254 0.00140495 0.00573741 0.000719941 0.00377493 0.00896011
internal_weight=750 716 564 77 487 135 54
internal_count=750 716 564 77 487 135 54
is_linear=0
shrinkage=1


Tree=1
num_leaves=8
num_cat=0
split_feature=2 13 12 8 10 7 12
split_gain=1.04383 0.91723 1.08791 0.873258 0.555556 0.667543 0.32763
threshold=0.045947603684397216 19.055000305175785 -0.0016966552105460717 -0.070864758482967957 0.0069471165760636175 0.0016513217130440518 0.015760986994464269
decision_type=2 2 2 10 2 2 2
left_child=1 4 3 -3 6 -6 -1
right_child=-2 2 -4 -5 5 -7 -8
leaf_value=4.2155529243765097e-05 -9.9260190459653238e-05 0.00045260016495859268 0.00021200705410371668 -6.7546859054182289e-05 -2.993094868728255e-06 0.00025092120509040937 -6.1423304859813065e-05
leaf_weight=124 220 36 44 58 39 38 175
leaf_count=124 220 36 44 58 39 38 175
internal_value=-0.000299729 0.000933851 0.00442029 0.00138298 -0.000345746 0.00344156 -0.00132107
internal_weight=734 514 138 94 376 77 299
internal_count=734 514 138 94 376 77 299
is_linear=0
shrinkage=0.05


Tree=2
num_leaves=8
num_cat=0
split_feature=13 2 16 14 11 12 16
split_gain=0.927783 0.993767 1.01847 0.698995 0.68007 0.477078 0.510785
threshold=19.055000305175785 0.054428835307480557 0.011540749080532821 -0.044623986751606441 -0.017068850621732742 0.028448808963007281 0.025688752631684356
decision_type=2 2 2 2 2 2 2
left_child=5 2 3 -2 -5 6 -1
right_child=1 -3 -4 4 -6 -7 -8
leaf_value=-1.5664348622469154e-05 -0.0002187515810361241 -0.00018959065982724761 0.00044380042026842341 3.7475347840297042e-05 0.00024029083490743897 -8.0681143570380528e-05 0.00017462256730372167
leaf_weight=281 25 44 35 46 38 248 32
leaf_count=281 25 44 35 46 38 248 32
internal_value=-0.000327104 0.00271276 0.00472222 0.00233945 0.00452381 -0.00134581 -4.79245e-05
internal_weight=749 188 144 109 84 561 313
internal_count=749 188 144 109 84 561 313
is_linear=0
shrinkage=0.05


Tree=3
num_leaves=8
num_cat=0
split_feature=11 8 3 0 8 8 14
split_gain=0.928178 0.954158 0.700808 0.797535 0.601106 0.523849 0.461853
threshold=-0.020756014565235011 -0.0044155670033556573 0.0074024582603483555 0.0021058360693558824 0.054915431393214982 0.037140468131229627 0.041854253665611248
decision_type=2 8 2 2 10 8 2
left_child=1 -1 4 -4 6 -5 -2
right_child=2 -3 3 5 -6 -7 -8
leaf_value=1.3819638230566288e-05 1.8947572630080093e-05 0.00013586782970385043 0.00013026329905708737 0.00010802968968330063 -9.9992614757519969e-05 -0.00017455851483525218 -8.9043138072988096e-05
leaf_weight=51 341 29 25 38 135 26 98
leaf_count=51 341 29 25 38 135 26 98
internal_value=-8.74844e-05 0.005 -0.000701359 0.00342697 -0.00134146 0.000468749 -0.000444193
internal_weight=743 80 663 89 574 64 439
internal_count=743 80 663 89 574 64 439
is_linear=0
shrinkage=0.05


Tree=4
num_leaves=8
num_cat=0
split_feature=8 13 12 8 6 2 12
split_gain=0.733961 0.800895 0.977193 1.22359 0.515964 0.921905 0.431081
threshold=0.041985035350994633 19.055000305175785 -0.0016966552105460717 -0.065290261283283621 0.25676347461984284 0.024633175937798017 -0.024923410474003812
decision_type=10 2 2 8 2 2 2
left_child=1 4 3 -3 6 -6 -1
right_child=-2 2 -4 -5 5 -7 -8
leaf_value=0.00017149481287753691 -6.0605275007276622e-05 0.00046952929609574747 0.00019228381493962114 -9.0880939998578281e-05 -5.7264194294182047e-06 0.00022374487226324414 -5.9624441930353474e-05
leaf_weight=26 245 27 42 55 80 25 246
leaf_count=26 245 27 42 55 80 25 246
internal_value=-0.000308312 0.000788422 0.00427419 0.00109756 -0.000358091 0.00261905 -0.00150735
internal_weight=746 501 124 82 377 105 272
internal_count=746 501 124 82 377 105 272
is_linear=0
shrinkage=0.05


Tree=5
num_leaves=8
num_cat=0
split_feature=11 8 8 11 10 14 1
split_gain=0.897269 1.35636 0.656486 1.29458 1.09113 0.409959 0.763463
threshold=-0.020756014565235011 0.011112521553132916 0.030029081500926539 0.021151753576904912 0.0050524811907738396 0.0091478412114857095 -0.020018070515099958
decision_type=2 8 10 2 2 2 2
left_child=1 -1 3 5 -5 6 -2
right_child=2 -3 -4 4 -6 -7 -8
leaf_value=-9.5163662356596444e-06 -7.3334384309405764e-05 0.00013570455725837367 -7.82127397435083e-05 6.2994695544320739e-06 0.00042047297134576838 -5.7427830978173483e-05 0.00011816711400475641
leaf_weight=49 43 26 300 27 28 119 145
leaf_count=49 43 26 300 27 28 119 145
internal_value=-0.000183176 0.005 -0.000770394 0.000662982 0.00772727 -0.000602607 0.000851063
internal_weight=737 75 662 362 55 307 188
internal_count=737 75 662 362 55 307 188
is_linear=0
shrinkage=0.05


Tree=6
num_leaves=8
num_cat=0
split_feature=11 8 12 6 11 12 15
split_gain=0.957185 0.946529 0.513358 0.616506 0.651749 0.705128 0.478582
threshold=-0.020756014565235011 0.011112521553132916 0.012544135938263425 -0.76387213616449157 0.0074730309850676866 -0.011160123859114189 -0.01343640776225785
decision_type=2 8 2 2 2 2 2
left_child=1 -1 3 -2 -5 -6 -4
right_child=2 -3 6 4 5 -7 -8
leaf_value=4.6043673439713316e-05 0.00029013795936654231 0.00012891932939545499 9.2910471833080138e-05 -9.1650093081665346e-05 -9.7521231493150675e-05 0.00031115314999866046 -5.5562058785941475e-05
leaf_weight=53 47 26 28 133 26 40 393
leaf_count=53 47 26 28 133 26 40 393
internal_value=-0.000710457 0.00449367 -0.00132684 0.000487804 -0.000728644 0.00333333 -0.00238717
internal_weight=746 79 667 246 199 66 421
internal_count=746 79 667 246 199 66 421
is_linear=0
shrinkage=0.05


Tree=7
num_leaves=8
num_cat=0
split_feature=11 1 6 15 14 1 12
split_gain=0.815886 1.12934 0.537628 0.716182 0.498764 0.487783 0.27504
threshold=-0.023324981642921735 -0.029013535453989044 0.57698510443855755 -0.0061780025074215641 -0.041031725575055404 0.048392475070649928 0.035909029638549812
decision_type=2 2 2 2 2 2 2
left_child=1 -1 5 -4 -5 6 -2
right_child=2 -3 3 4 -6 -7 -8
leaf_value=-6.6056131382312696e-06 -4.4129512699666397e-05 0.00024536078118180584 0.00023756090426499578 0.00012324586334710259 -6.7530512674092658e-05 0.00022234585078723495 -0.00010567934477735966
leaf_weight=36 344 25 48 32 77 43 140
leaf_count=36 344 25 48 32 77 43 140
internal_value=-0.000704699 0.00483606 -0.00119883 0.00136943 -0.000871561 -0.00196395 -0.00241736
internal_weight=745 61 684 157 109 527 484
internal_count=745 61 684 157 109 527 484
is_linear=0
shrinkage=0.05


Tree=8
num_leaves=8
num_cat=0
split_feature=11 1 14 8 12 15 13
split_gain=0.725621 1.06403 0.511827 0.503186 0.545373 0.444699 0.768182
threshold=-0.023324981642921735 -0.029013535453989044 0.047142331582309634 0.064039174419557324 -0.03685301683685837 -0.0083166434661571236 15.375000000000002
decision_type=2 2 2 10 2 2 2
left_child=1 -1 3 4 -2 6 -6
right_child=2 -3 -4 -5 5 -7 -8
leaf_value=-1.6774145373137118e-05 0.00027455160140665407 0.00023309274212271553 -8.4946184227394553e-05 -6.6246851655276645e-05 0.00035583839208644857 -6.3156805069462601e-06 -6.2596193639529197e-05
leaf_weight=34 28 25 129 105 30 377 36
leaf_count=34 28 25 129 105 30 377 36
internal_value=-0.000157069 0.00516949 -0.000602838 3.4721e-05 0.000732483 0.000304739 0.00409091
internal_weight=764 59 705 576 471 443 66
internal_count=764 59 705 576 471 443 66
is_linear=0
shrinkage=0.05


Tree=9
num_leaves=8
num_cat=0
split_feature=13 8 14 14 6 11 12
split_gain=0.93152 0.668519 0.509259 0.634895 0.478668 0.410317 0.658989
threshold=19.055000305175785 0.056152913302613967 -0.044623986751606441 -0.0082882010072965456 -0.22489912959908237 0.0058629672128354135 0.026461496943730015
decision_type=2 10 2 2 2 2 2
left_child=5 2 -2 -4 -5 -1 -7
right_child=1 -3 3 4 -6 6 -8
leaf_value=-6.5896263579494989e-05 -2.1640090287538977e-05 -0.00010749534481108354 0.00031556197719342433 0.00012221220967677579 -2.7461923132472837e-06 6.561284321570476e-05 -5.2038135387258037e-05
leaf_weight=261 36 45 25 29 45 120 183
leaf_count=261 36 45 25 29 45 120 183
internal_value=-0.000631722 0.0025 0.00425926 0.00611111 0.00378378 -0.00163121 -0.000379539
internal_weight=744 180 135 99 74 564 303
internal_count=744 180 135 99 74 564 303
is_linear=0
shrinkage=0.05


Tree=10
num_leaves=8
num_cat=0
split_feature=0 3 14 3 12 6 12
split_gain=0.508529 0.403907 0.480173 0.597194 0.423668 0.872654 0.700541
threshold=-0.019909813398261918 -0.0047843421070773431 0.035942894407802857 -0.0030385767390653236 0.025521160306696159 0.23546385851588775 -0.011160123859114189
decision_type=2 2 2 2 2 2 2
left_child=-1 -2 3 -3 5 -5 -7
right_child=1 2 -4 4 -6 6 -8
leaf_value=0.00021298679307640308 -7.4334434553802498e-05 0.00014928396826343598 -7.1366814751901953e-05 -2.3807894120080313e-05 -6.0626920129316176e-05 -5.35603188800542e-05 0.00017968667866928489
leaf_weight=47 124 46 111 145 202 25 49
leaf_count=47 124 46 111 145 202 25 49
internal_value=-0.000460615 -0.000797722 -0.000242216 0.000460384 -0.000130643 0.00139269 0.00581081
internal_weight=749 702 578 467 421 219 74
internal_count=749 702 578 467 421 219 74
is_linear=0
shrinkage=0.05


Tree=11
num_leaves=8
num_cat=0
split_feature=8 11 9 11 8 14 1
split_gain=0.5414 0.785437 0.666667 0.397116 0.920731 0.42272 0.550265
threshold=0.057256902045407017 0.026101740885835282 0.031687153616350668 -0.020756014565235011 -0.0044155670033556573 0.041854253665611248 -0.020018070515099958
decision_type=10 2 8 2 8 2 2
left_child=1 3 -3 4 -1 6 -5
right_child=-2 2 -4 5 -6 -7 -8
leaf_value=-1.6888560245721615e-05 -5.2328727186576936e-05 3.554879510578161e-06 0.00028236563579603211 -4.5538413825857645e-05 0.00010095168862464928 -7.5373502667160363e-05 4.4390115478684863e-05
leaf_weight=48 150 27 27 77 25 104 289
leaf_count=48 150 27 27 77 25 104 289
internal_value=-0.000314593 0.000360133 0.00611111 -0.000211788 0.00321918 -0.000744682 5.46436e-05
internal_weight=747 597 54 543 73 470 366
internal_count=747 597 54 543 73 470 366
is_linear=0
shrinkage=0.05


Tree=12
num_leaves=8
num_cat=0
split_feature=15 4 5 8 10 16 16
split_gain=0.87163 0.608247 0.907756 0.470453 0.641928 0.667277 0.642457
threshold=-0.0083166434661571236 0.019432272194163259 0.014316645062912584 0.042590200796807094 0.0069471165760636175 0.012286043407481186 -0.018740978862981369
decision_type=2 2 2 10 2 2 2
left_child=1 -1 -3 4 6 -6 -2
right_child=3 2 -4 -5 5 -7 -8
leaf_value=0.00011712129731431181 0.00012220410993455611 -5.952867890211236e-05 0.00034670280886986573 -7.3094380691874199e-05 -1.0179547936240473e-06 0.00035745805994752102 -5.2129147327847765e-05
leaf_weight=31 42 52 48 205 63 31 262
leaf_count=31 42 52 48 205 63 31 262
internal_value=-0.000299729 0.00339695 0.0015 -0.00110282 -0.000100504 0.00351064 -0.00121711
internal_weight=734 131 100 603 398 94 304
internal_count=734 131 100 603 398 94 304
is_linear=0
shrinkage=0.05


Tree=13
num_leaves=8
num_cat=0
split_feature=12 10 16 8 10 15 12
split_gain=0.582552 0.493094 0.58899 0.789151 0.6297 0.490683 0.301488
threshold=-0.05793872793170584 0.0065341521499684427 0.012286043407481186 0.047821429220105134 0.0091157709324108955 0.007635772595501634 0.01698171514572289
decision_type=2 2 2 10 2 2 2
left_child=-1 5 4 -4 -3 6 -2
right_child=1 2 3 -5 -6 -7 -8
leaf_value=0.00038762479231410228 6.1332805433899672e-05 0.00018766904041854433 0.00027886572296778703 -3.8818565514231018e-05 -9.1070207628867137e-05 -9.8431026471776763e-05 -2.5109319840290059e-05
leaf_weight=25 206 46 36 26 58 84 264
leaf_count=25 206 46 36 26 58 84 264
internal_value=-0.000503357 -0.00076389 0.0016265 0.00548387 -0.000673078 -0.00148015 -0.000851065
internal_weight=745 720 166 62 104 554 470
internal_count=745 720 166 62 104 554 470
is_linear=0
shrinkage=0.05


Tree=14
num_leaves=8
num_cat=0
split_feature=0 1 8 13 8 6 8
split_gain=0.592402 0.470492 0.70584 0.523321 1.17506 0.926356 0.474725
threshold=-0.021434752318066238 -0.023949028349129094 0.0033589720789446447 15.295000076293947 -0.03813281672065371 -0.11253538422133386 -0.067592160623185113
decision_type=2 2 10 2 10 2 10
left_child=-1 -2 3 -3 6 -6 -5
right_child=1 2 -4 4 5 -7 -8
leaf_value=0.00020357886311049819 -3.5484711685803085e-05 -8.0123138956484074e-05 -2.705994730900178e-05 0.00028390317625093855 0.00025620237070690004 9.7954841353536704e-05 -0.00020403064632063743
leaf_weight=38 102 68 391 35 29 26 30
leaf_count=38 102 68 391 35 29 26 30
internal_value=-0.000549375 -0.000888401 -0.000336789 0.00218085 0.00416667 0.00954545 -0.000384617
internal_weight=719 681 579 188 120 55 65
internal_count=719 681 579 188 120 55 65
is_linear=0
shrinkage=0.05


Tree=15
num_leaves=8
num_cat=0
split_feature=5 1 1 1 11 11 14
split_gain=0.580729 0.423811 0.406687 0.582375 1.10688 0.457719 1.17419
threshold=0.024138634085737045 -0.049852186548199111 -0.020018070515099958 -0.0030345141834405283 -0.0066204979438934655 0.0074730309850676866 -0.06426442822534599
decision_type=2 2 2 2 2 2 2
left_child=1 -1 -3 4 -4 -5 -7
right_child=-2 2 3 5 -6 6 -8
leaf_value=0.00011186292861093734 0.0003801076090615581 -4.7137393127593792e-05 0.00013813900022138225 -9.7650063178766758e-05 -6.9264079311772217e-06 0.00018499883662249534 -1.0793924124491847e-05
leaf_weight=37 25 117 43 181 111 27 202
leaf_count=37 25 117 43 181 111 27 202
internal_value=-0.000491253 -0.00075209 -0.00103524 -0.000478725 0.00214286 -0.00146342 2.18329e-05
internal_weight=743 718 681 564 154 410 229
internal_count=743 718 681 564 154 410 229
is_linear=0
shrinkage=0.05


Tree=16
num_leaves=8
num_cat=0
split_feature=12 15 14 13 11 11 16
split_gain=0.584034 0.551152 0.755357 0.431011 0.579553 0.707411 0.5625
threshold=0.028448808963007281 -0.009278514220214194 0.048234950984074383 14.404999732971193 0.0074730309850676866 0.014774738031643421 0.017273732481494667
decision_type=2 2 2 2 2 2 2
left_child=1 2 -1 -3 -5 -6 -7
right_child=-2 3 -4 4 5 6 -8
leaf_value=0.0002908449749607719 -3.1541456839579128e-05 -7.0564577228900417e-05 -1.7737303786326952e-05 -3.2743069277339109e-05 0.00014970555940733226 -0.00010405157115913211 0.00026478351248840679
leaf_weight=39 299 46 44 218 47 32 32
leaf_count=39 299 46 44 218 47 32 32
internal_value=-0.000772789 0.000349344 0.00403614 -0.000466668 0.000167172 0.00310811 -0.000312501
internal_weight=757 458 83 375 329 111 64
internal_count=757 458 83 375 329 111 64
is_linear=0
shrinkage=0.05


Tree=17
num_leaves=8
num_cat=0
split_feature=8 11 11 16 4 6 7
split_gain=0.594043 0.508281 0.601556 0.854824 0.42818 0.73373 0.475029
threshold=0.054915431393214982 0.026101740885835282 -0.021243807178240256 -0.033185543703460822 0.01701044746290219 -0.27153258318993934 0.030042503673258895
decision_type=10 2 2 2 2 2 2
left_child=1 2 3 -1 5 -4 -6
right_child=-2 -3 4 -5 6 -7 -8
leaf_value=-3.1726635685407919e-05 -4.2679755963287685e-05 0.0002185213369737569 0.00011635574509411284 0.00023198477951214742 -5.4480619198165086e-05 -9.4688711621756258e-05 6.0839484402228573e-05
leaf_weight=31 167 50 42 34 351 30 41
leaf_count=31 167 50 42 34 351 30 41
internal_value=-0.000576409 0.000181346 -0.000274103 0.00423077 -0.000905174 0.00263889 -0.00155612
internal_weight=746 579 529 65 464 72 392
internal_count=746 579 529 65 464 72 392
is_linear=0
shrinkage=0.05


Tree=18
num_leaves=8
num_cat=0
split_feature=2 15 1 9 2 16 16
split_gain=0.623145 0.409246 0.895638 0.427373 0.72305 0.626036 0.952227
threshold=0.041480719324703659 -0.0083166434661571236 -0.0060929784595751815 -0.093181022609325245 0.010839969954867247 -0.018198319959511374 0.0024625333137274778
decision_type=2 2 2 10 2 2 2
left_child=1 2 -1 5 -5 -3 -7
right_child=-2 3 -4 4 -6 6 -8
leaf_value=-1.2980332613603448e-05 -4.435866894460078e-05 0.00017319539594121619 0.00032870484831376329 -6.4302620219699541e-05 3.9048630934844839e-05 -0.00010978029090783918 8.7090355722615814e-05
leaf_weight=66 245 25 39 158 106 49 65
leaf_count=66 245 25 39 158 106 49 65
internal_value=-0.000683932 0.000314959 0.00309524 -0.00040943 -0.00159091 0.00183453 0.000263157
internal_weight=753 508 105 403 264 139 114
internal_count=753 508 105 403 264 139 114
is_linear=0
shrinkage=0.05


Tree=19
num_leaves=8
num_cat=0
split_feature=15 15 12 16 4 14 10
split_gain=0.469637 1.15646 0.645992 0.842298 1.01445 0.456426 0.758229
threshold=0.007635772595501634 0.0067418207878517942 0.028448808963007281 0.015009177773100403 0.022784480075416943 0.047142331582309634 0.0028970765900091515
decision_type=2 2 2 2 2 2 2
left_child=1 2 3 5 -5 6 -1
right_child=-2 -3 -4 4 -6 -7 -8
leaf_value=8.9379903053588396e-05 -7.131562178161833e-05 0.00014588571978861373 -4.1684320203535164e-05 -2.8856947905315841e-05 0.00033987961208572717 -7.7830434382065154e-05 -8.4986811272375683e-05
leaf_weight=139 155 27 203 25 28 94 68
leaf_count=139 155 27 203 25 28 94 68
internal_value=-0.000940461 -0.000291097 -0.000780971 0.000508473 0.00632075 -0.000514951 0.0007971
internal_weight=739 584 557 354 53 301 207
internal_count=739 584 557 354 53 301 207
is_linear=0
shrinkage=0.05


Tree=20
num_leaves=8
num_cat=0
split_feature=5 1 10 15 13 13 13
split_gain=0.577642 0.39151 0.435081 0.4746 0.53711 0.473096 0.898073
threshold=0.024138634085737045 -0.049852186548199111 -0.0077272897241722474 -0.0083166434661571236 14.795000076293947 15.194999694824221 15.75500011444092
decision_type=2 2 2 2 2 2 2
left_child=1 -1 -3 4 -4 -5 -7
right_child=-2 2 3 5 -6 6 -8
leaf_value=0.00011099091701802282 0.00033699507745434533 -6.6458896789484828e-05 0.00028157667430537159 -4.1978438654486497e-05 -3.6832392178848081e-06 0.00011424712364936109 -2.2285676060650029e-05
leaf_weight=38 25 83 30 200 51 30 294
leaf_count=38 25 83 30 200 51 30 294
internal_value=-0.000472704 -0.000730029 -0.00100291 -0.000537191 0.00302469 -0.00108779 9.25914e-05
internal_weight=751 726 688 605 81 524 324
internal_count=751 726 688 605 81 524 324
is_linear=0
shrinkage=0.05


Tree=21
num_leaves=8
num_cat=0
split_feature=4 14 12 6 11 8 6
split_gain=0.547236 0.420437 0.683017 1.09442 0.855346 1.07786 0.811263
threshold=0.03502197924621147 0.065842641676127869 0.015760986994464269 0.81909689859691659 0.0074730309850676866 0.030029081500926539 -0.73539263979141589
decision_type=2 2 2 2 2 8 2
left_child=1 2 3 4 6 -6 -1
right_child=-2 -3 -4 -5 5 -7 -8
leaf_value=0.00019106236497951816 0.00034119865054824214 -6.8417139255748215e-05 -1.9999017591176995e-05 0.0001915451298027213 0.00020348619531059702 -6.6738525335416468e-05 -5.3134696248061046e-05
leaf_weight=29 26 112 364 43 40 26 108
leaf_count=29 26 112 364 43 40 26 108
internal_value=-0.000588236 -0.000844877 -0.00032787 0.00170732 0.000172413 0.00484848 -0.00208029
internal_weight=748 722 610 246 203 66 137
internal_count=748 722 610 246 203 66 137
is_linear=0
shrinkage=0.05


Tree=22
num_leaves=8
num_cat=0
split_feature=11 1 11 15 13 14 2
split_gain=0.717166 0.83668 0.499612 0.482971 0.739467 0.853205 0.312811
threshold=-0.021243807178240256 -0.023949028349129094 0.01184082179671231 -0.0083166434661571236 15.194999694824221 -0.037778052319122728 0.045947603684397216
decision_type=2 2 2 2 2 2 2
left_child=1 -1 6 -4 -5 -6 -2
right_child=2 -3 3 4 5 -7 -8
leaf_value=-2.079687956003953e-05 -2.9895316686887879e-05 0.00027210153506754476 0.00021725867740105833 -4.9503201996850321e-05 0.00018356029617678073 -3.2189180847507481e-05 -7.6644756169859171e-05
leaf_weight=44 308 25 32 93 44 60 136
leaf_count=44 308 25 32 93 44 60 136
internal_value=-0.00115903 0.00369565 -0.00165676 0.000240173 -0.00068528 0.00221154 -0.00263514
internal_weight=742 69 673 229 197 104 444
internal_count=742 69 673 229 197 104 444
is_linear=0
shrinkage=0.05


Tree=23
num_leaves=8
num_cat=0
split_feature=5 2 11 10 11 6 4
split_gain=0.641051 0.393595 0.383737 0.438113 0.374273 0.46103 0.45279
threshold=0.024138634085737045 0.045947603684397216 0.0083592080830587907 -0.00010103151992763014 0.026483501755781628 2.2010800886629744 0.01701044746290219
decision_type=2 2 2 2 2 2 2
left_child=1 4 -3 -4 5 6 -1
right_child=-2 2 3 -5 -6 -7 -8
leaf_value=2.3733848524981569e-05 0.0002912925249984622 -6.6043689186276276e-05 8.4148394006666413e-05 -2.5195359972025283e-05 0.00020058738367530407 0.00011979839875013085 -2.451105888568068e-05
leaf_weight=65 25 110 25 82 37 29 378
leaf_count=65 25 110 25 82 37 29 378
internal_value=-0.000872172 -0.00114325 -0.00292627 -0.000794394 -0.000383105 -0.000762713 -0.00116253
internal_weight=751 726 217 107 509 472 443
internal_count=751 726 217 107 509 472 443
is_linear=0
shrinkage=0.05


Tree=24
num_leaves=8
num_cat=0
split_feature=2 1 15 6 1 6 11
split_gain=0.486776 0.438901 0.408325 0.636997 0.40277 0.618516 0.614083
threshold=0.045947603684397216 0.019742969546424852 0.0074817938851311503 -0.41466705901889106 -0.020018070515099958 1.1577849691196713 -0.010198834089706231
decision_type=2 2 2 2 2 2 2
left_child=4 -2 3 -3 5 -1 -6
right_child=1 2 -4 -5 6 -7 -8
leaf_value=-3.0943886364567577e-05 -9.7852840170418708e-05 -0.00017796810833977921 -6.3717635656603932e-05 0.00011850355149069323 0.00015856931213629961 8.9587581304160103e-05 8.0054652451047869e-07
leaf_weight=114 124 32 31 41 55 25 327
leaf_count=114 124 32 31 41 55 25 327
internal_value=-0.000660882 -0.00258772 -0.000192309 0.00184931 0.00018234 -0.0021223 0.00102094
internal_weight=749 228 104 73 521 139 382
internal_count=749 228 104 73 521 139 382
is_linear=0
shrinkage=0.05


Tree=25
num_leaves=8
num_cat=0
split_feature=15 15 1 10 14 14 8
split_gain=0.484488 0.84375 0.540968 0.381698 0.365205 0.532486 0.317246
threshold=-0.0090082319084858736 -0.010811383737407363 0.048392475070649928 0.004568858615466743 0.0066946732173895915 0.066707247335420675 0.062994844911089434
decision_type=2 2 2 2 2 2 10
left_child=1 4 6 -4 -1 -6 -2
right_child=2 -3 3 -5 5 -7 -8
leaf_value=-0.00017451250513890633 -1.8674311299059871e-05 0.00020073357843047925 -3.674336533860637e-05 0.00018594036330017794 8.399186999402962e-05 -1.1295751488713894e-05 -7.3360486960910007e-05
leaf_weight=29 483 32 25 28 30 37 93
leaf_count=29 483 32 25 28 30 37 93
internal_value=-0.000772789 0.00203125 -0.0013434 0.00349056 -0.000312501 0.00171642 -0.0017882
internal_weight=757 128 629 53 96 67 576
internal_count=757 128 629 53 96 67 576
is_linear=0
shrinkage=0.05


Tree=26
num_leaves=8
num_cat=0
split_feature=4 14 15 3 3 1 2
split_gain=0.607053 0.520195 0.607891 0.635582 1.21541 0.495171 0.956011
threshold=0.03502197924621147 0.047142331582309634 0.007635772595501634 -0.004325872486231396 -0.0030385767390653236 -0.020018070515099958 -0.03346288872549507
decision_type=2 2 2 2 2 2 2
left_child=1 2 3 -1 -5 -6 -7
right_child=-2 -3 -4 4 5 6 -8
leaf_value=-5.0959397022869961e-05 0.00029714036928639312 -4.3277711250812802e-05 -5.4896030551478215e-05 0.00012063927947729995 -3.8989057119835163e-05 0.00019887423311777718 4.7514350159804546e-06
leaf_weight=96 25 144 136 31 60 25 220
leaf_count=96 25 144 136 31 60 25 220
internal_value=-0.000658074 -0.000926967 -0.00024648 0.000671295 0.00169643 0.000737704 0.00173469
internal_weight=737 712 568 432 336 305 245
internal_count=737 712 568 432 336 305 245
is_linear=0
shrinkage=0.05


Tree=27
num_leaves=8
num_cat=0
split_feature=5 1 1 14 12 15 2
split_gain=0.513808 0.42136 0.512741 0.485186 0.509704 0.625537 0.799729
threshold=0.024138634085737045 -0.049852186548199111 -0.020018070515099958 0.047546513885702975 0.026461496943730015 0.0035294140086454821 1.0000000180025095e-35
decision_type=2 2 2 2 2 2 2
left_child=1 -1 -3 4 5 6 -4
right_child=-2 2 3 -5 -6 -7 -8
leaf_value=8.2573616384018584e-05 0.0002527979519528788 -6.5843989113547279e-05 0.00019722024457498276 -4.5789438400510466e-05 -1.8326297939453952e-05 -1.4526689752371541e-05 7.3548303146495836e-06
leaf_weight=38 27 120 45 107 220 104 88
leaf_count=38 27 120 45 107 220 104 88
internal_value=-0.000660882 -0.000914129 -0.00119883 -0.000567377 0.000142231 0.00175105 0.00402256
internal_weight=749 722 684 564 457 237 133
internal_count=749 722 684 564 457 237 133
is_linear=0
shrinkage=0.05


Tree=28
num_leaves=8
num_cat=0
split_feature=2 11 11 6 11 5 14
split_gain=0.377268 0.452776 0.414553 0.345712 1.68451 0.431787 0.318733
threshold=0.045947603684397216 0.0083592080830587907 0.017238129431086383 -0.64728689027335384 -0.0071962553700703471 0.011618968943712541 0.031770832380203846
decision_type=2 2 2 2 2 2 2
left_child=3 -2 -3 4 -1 -6 -5
right_child=1 2 -4 6 5 -7 -8
leaf_value=0.00022229074809840922 -6.6149088660410861e-05 8.361771074073503e-06 -6.0123601420528661e-05 1.600076236720177e-07 5.7646009225394249e-05 -6.7299043916993774e-05 -2.7359923448880233e-05
leaf_weight=37 122 58 57 277 27 78 108
leaf_count=37 122 58 57 277 27 78 108
internal_value=-0.00081152 -0.00246836 -0.000217392 -6.64149e-05 0.00204225 -0.00119048 -0.000844157
internal_weight=764 237 115 527 142 105 385
internal_count=764 237 115 527 142 105 385
is_linear=0
shrinkage=0.05


Tree=29
num_leaves=8
num_cat=0
split_feature=4 4 6 16 6 5 8
split_gain=0.564467 0.498488 0.459568 1.07204 0.491585 0.609541 0.329275
threshold=0.03502197924621147 0.026844411325032191 0.57698510443855755 -0.017669875651112828 1.2809428900835853 0.012705740111115223 -0.054690354351332231
decision_type=2 2 2 2 2 2 8
left_child=1 2 6 -4 5 -5 -1
right_child=-2 -3 3 4 -6 -7 -8
leaf_value=-9.05854776736431e-05 0.00025710920666950523 -0.00012034765938932337 0.00010296759983693168 0.00021871036508396241 -6.3658589252940163e-05 -0.00017721818549927705 -6.367721259098638e-06
leaf_weight=53 26 69 29 25 61 38 431
leaf_count=53 26 69 29 25 61 38 431
internal_value=-0.000696723 -0.000963174 -0.000525904 0.00186274 -0.000161292 0.00293651 -0.00128099
internal_weight=732 706 637 153 124 63 484
internal_count=732 706 637 153 124 63 484
is_linear=0
shrinkage=0.05


Tree=30
num_leaves=8
num_cat=0
split_feature=14 1 12 1 4 13 1
split_gain=0.456949 0.341194 0.340942 0.968213 0.846981 0.505838 0.563972
threshold=0.0091478412114857095 -0.003709278779929825 0.028448808963007281 0.0070259547436977163 0.025535043553881694 16.085000038146976 0.031328877420423125
decision_type=2 2 2 2 2 2 2
left_child=2 -2 3 4 -1 -5 -7
right_child=1 -3 -4 5 -6 6 -8
leaf_value=-4.5874316327715163e-05 -6.365316079687221e-06 -6.8887206981507921e-05 -1.1462095803077182e-05 6.6508465742506377e-05 0.00023623147016548155 -8.9988393118318707e-05 0.00016407780348925763
leaf_weight=124 133 151 187 44 26 38 35
leaf_count=124 133 151 187 44 26 38 35
internal_value=-0.00113821 -0.00271127 -0.000154186 0.000992508 -0.00166667 0.00440171 0.00184931
internal_weight=738 284 454 267 150 117 73
internal_count=738 284 454 267 150 117 73
is_linear=0
shrinkage=0.05


Tree=31
num_leaves=8
num_cat=0
split_feature=8 6 1 14 0 0 1
split_gain=0.583058 0.577121 0.716418 0.455126 0.4517 0.539179 0.716772
threshold=0.031439359378256156 1.9213886992036666 -0.018606753710869669 0.058009640559056781 0.0019534238600456004 -0.0079082732275360095 0.0034560361561001289
decision_type=10 2 2 2 2 2 2
left_child=1 2 -1 4 5 -4 -7
right_child=-2 -3 3 -5 -6 6 -8
leaf_value=-3.519104149197714e-05 -2.8719332520650155e-05 8.7111515550921791e-05 -6.8927021426394566e-05 -3.2063473660740839e-05 -1.1687853691889651e-05 0.00024216131075696081 7.3114272710885509e-05
leaf_weight=134 306 30 36 42 117 36 37
leaf_count=134 306 30 36 42 117 36 37
internal_value=-0.00120596 -2.31493e-05 -0.000522389 0.000970148 0.00185841 0.00417431 0.00664383
internal_weight=738 432 402 268 226 109 73
internal_count=738 432 402 268 226 109 73
is_linear=0
shrinkage=0.05


Tree=32
num_leaves=8
num_cat=0
split_feature=4 2 2 8 14 15 8
split_gain=0.546316 0.4774 0.313339 0.462963 0.334029 0.501058 0.598807
threshold=0.03502197924621147 0.044643328975671255 0.03452461598342383 0.040412718633861096 0.099742575354610077 -0.009278514220214194 -0.033539010789120687
decision_type=2 2 2 8 2 2 10
left_child=1 2 4 -4 5 6 -1
right_child=-2 -3 3 -5 -6 -7 -8
leaf_value=0.00023680970421851915 0.00024671545360514644 -3.6505499949207735e-05 0.00012071379499646709 -3.145487019337067e-05 -8.8421639121322e-05 -1.1526236760556548e-05 -1.4129670371740549e-05
leaf_weight=28 27 228 27 27 41 339 34
leaf_count=28 27 228 27 27 41 339 34
internal_value=-0.000872172 -0.0011326 -0.000262098 0.00333333 -0.000701359 -0.000261847 0.00387097
internal_weight=751 724 496 54 442 401 62
internal_count=751 724 496 54 442 401 62
is_linear=0
shrinkage=0.05


Tree=33
num_leaves=8
num_cat=0
split_feature=1 6 2 11 8 16 5
split_gain=0.516875 0.33999 0.872098 0.429009 0.89712 0.316805 0.350276
threshold=-0.049852186548199111 -0.90770077351728518 0.016223277710357368 0.026101740885835282 0.041347260005711657 -0.0074228373977383568 0.013783259453294271
decision_type=2 2 2 2 10 2 2
left_child=-1 2 -2 5 -5 -3 -7
right_child=1 3 -4 4 -6 6 -8
leaf_value=6.6303092387707746e-05 0.00018087615104540411 -5.8926596638149664e-05 -4.5522294657496091e-05 0.00017620892171813039 -5.6712999726139405e-05 -7.411799321988946e-07 -7.8160323756555023e-05
leaf_weight=36 43 190 51 30 34 232 132
leaf_count=36 43 190 51 30 34 232 132
internal_value=-0.001123 -0.00141854 0.00138298 -0.00184466 0.00203125 -0.00229242 -0.00142857
internal_weight=748 712 94 618 64 554 364
internal_count=748 712 94 618 64 554 364
is_linear=0
shrinkage=0.05


Tree=34
num_leaves=8
num_cat=0
split_feature=14 11 12 14 15 1 6
split_gain=0.496355 1.01124 0.525611 0.392486 0.633621 0.728723 1.95771
threshold=0.0091478412114857095 -0.020756014565235011 -0.030100055327360094 -0.013693091090924312 0.0079250053321374709 0.0028057828903333974 -0.43752982757170394
decision_type=2 2 2 2 2 2 2
left_child=3 2 -2 -1 5 -5 -7
right_child=1 -3 -4 4 -6 6 -8
leaf_value=-1.2444014259159711e-05 -6.0162811511151257e-05 -4.5001184270094163e-05 5.189875451183853e-05 -9.5575682491359226e-06 -8.4071657862618508e-05 -1.4672047416997674e-05 0.00030473636106164744
leaf_weight=317 26 236 25 61 25 29 30
leaf_count=317 26 236 25 61 25 29 30
internal_value=-0.000927905 -0.00256098 0.00382353 8.65789e-05 0.00224138 0.00375 0.00771186
internal_weight=749 287 51 462 145 120 59
internal_count=749 287 51 462 145 120 59
is_linear=0
shrinkage=0.05


Tree=35
num_leaves=8
num_cat=0
split_feature=4 14 9 8 10 14 0
split_gain=0.428894 0.342821 0.440972 1.35008 0.527352 0.658254 0.430859
threshold=0.03502197924621147 0.0091478412114857095 -0.12010551295931297 -0.012079028101460663 -0.00010103151992763014 -0.0080681674930397889 -0.0016111225394451754
decision_type=2 2 10 8 2 2 2
left_child=1 2 3 -1 5 -4 -6
right_child=-2 -3 4 -5 6 -7 -8
leaf_value=0.00010320264401141519 0.0002345585088393784 -2.3809382578327622e-05 -1.7850058530518377e-05 -2.5140101266233229e-05 -9.0498792554063841e-05 0.00015106741940837078 -5.1824940960098117e-06
leaf_weight=25 29 286 39 76 77 29 192
leaf_count=25 29 286 39 76 77 29 192
internal_value=-0.000617531 -0.000856355 2.28299e-05 0.00292079 -0.000845699 0.00308823 -0.00184015
internal_weight=753 724 438 101 337 68 269
internal_count=753 724 438 101 337 68 269
is_linear=0
shrinkage=0.05


Tree=36
num_leaves=8
num_cat=0
split_feature=10 5 9 15 12 14 3
split_gain=0.596208 0.581275 0.5 0.48753 0.788242 0.631998 0.370614
threshold=0.0065341521499684427 0.015406182342509072 -0.030289758245501005 -0.0083757229334068799 0.0011335726897910849 0.03011365738187333 0.0085501657301581008
decision_type=2 2 10 2 2 2 2
left_child=3 6 -3 4 -1 -6 -2
right_child=1 2 -4 -5 5 -7 -8
leaf_value=-3.2988251234867298e-05 -1.8749377317949857e-05 0.00015560581378494621 -8.5354362583099561e-06 -3.9805693420382145e-05 -1.5198079842631265e-06 6.8849790263537908e-05 1.1756101291974468e-05
leaf_weight=51 95 25 25 451 47 31 25
leaf_count=51 95 25 25 451 47 31 25
internal_value=-0.00113333 0.00147059 0.006 -0.00189655 0.000813952 0.00397436 -0.000416668
internal_weight=750 170 50 580 129 78 120
internal_count=750 170 50 580 129 78 120
is_linear=0
shrinkage=0.05


Tree=37
num_leaves=8
num_cat=0
split_feature=4 2 13 12 11 1 11
split_gain=0.541782 0.332845 0.262385 0.669423 0.470976 1.03795 0.356561
threshold=0.03502197924621147 0.045947603684397216 19.055000305175785 -0.027973012120020454 -0.0019312453480846423 -0.022386594122060784 0.026483501755781628
decision_type=2 2 2 2 2 2 2
left_child=1 2 6 -4 5 -5 -1
right_child=-2 -3 3 4 -6 -7 -8
leaf_value=-1.3855718863350879e-05 0.0002190835587805683 -2.8696131314882282e-05 -3.4829461866632811e-05 -1.0734583233791662e-05 -7.3163464205303947e-05 0.00016321349330744673 0.00014881474024754421
leaf_weight=347 27 220 50 28 26 26 34
leaf_count=347 27 220 50 28 26 26 34
internal_value=-0.000844328 -0.00110123 -0.000401175 0.00153846 0.004375 0.00703704 -0.00106299
internal_weight=758 731 511 130 80 54 381
internal_count=758 731 511 130 80 54 381
is_linear=0
shrinkage=0.05


Tree=38
num_leaves=8
num_cat=0
split_feature=12 14 12 11 6 11 6
split_gain=0.533425 0.398086 0.435949 0.613089 0.753755 0.48 0.464176
threshold=-0.05793872793170584 0.0091478412114857095 0.019260487188196843 0.0069842899086436381 -0.67547153745466748 0.015296127885016332 0.54540870903358474
decision_type=2 2 2 2 2 2 2
left_child=-1 2 3 4 -2 -5 -6
right_child=1 -3 -4 5 6 -7 -8
leaf_value=0.0002081293808415399 8.7338116511690185e-05 -2.9742974264413625e-05 -1.155013002932299e-05 8.2687659215400992e-05 -4.4856837565312312e-05 2.7937280812419111e-05 2.5963576501441334e-06
leaf_weight=27 25 268 257 30 66 50 25
leaf_count=27 25 268 257 30 66 50 25
internal_value=-0.000788771 -0.00104716 -0.000143489 0.00163265 -0.000689656 0.005 -0.0028022
internal_weight=748 721 453 196 116 80 91
internal_count=748 721 453 196 116 80 91
is_linear=0
shrinkage=0.05


Tree=39
num_leaves=8
num_cat=0
split_feature=5 14 0 12 8 6 11
split_gain=0.547836 0.342607 0.666017 0.363158 0.61506 0.966667 0.650299
threshold=0.024138634085737045 0.099742575354610077 -0.019109493622508685 0.015760986994464269 -0.03813281672065371 -0.76387213616449157 0.0074730309850676866
decision_type=2 2 2 2 10 2 2
left_child=1 2 -1 4 -4 -6 -7
right_child=-2 -3 3 -5 5 6 -8
leaf_value=0.00015576671703180996 0.00019688903995844259 -4.7378423605358493e-05 -2.5892508220708172e-05 -1.4257097688791256e-05 0.00019634279159372317 -2.3072538415808545e-05 8.0081638119148608e-05
leaf_weight=36 26 67 66 368 29 96 49
leaf_count=36 26 67 66 368 29 96 49
internal_value=-0.000590232 -0.000850915 -0.000496896 -0.000888159 0.000624999 0.00218391 0.00051724
internal_weight=737 711 644 608 240 174 145
internal_count=737 711 644 608 240 174 145
is_linear=0
shrinkage=0.05


Tree=40
num_leaves=8
num_cat=0
split_feature=15 15 6 1 6 9 8
split_gain=0.470545 2.15847 0.514129 0.946997 0.424392 0.627341 0.86711
threshold=0.0077974623451365641 0.0067721715181591211 0.60674434896281138 -0.033139879353054506 -0.76387213616449157 0.054917736323199413 -0.016451605804983057
decision_type=2 2 2 2 2 10 8
left_child=1 2 4 -4 5 6 -1
right_child=-2 -3 3 -5 -6 -7 -8
leaf_value=9.8867218605359916e-05 -5.5951456614285601e-05 0.00014429909376628146 0.00013476553861100962 -2.7938830175417497e-05 -1.5278221721379224e-05 0.00014476009273824258 -7.5855792328577271e-05
leaf_weight=28 155 27 26 97 324 35 58
leaf_count=28 155 27 26 97 324 35 58
internal_value=-0.000933335 -0.000294119 -0.000950705 0.00191057 -0.00174157 0.000785123 -0.00151163
internal_weight=750 595 568 123 445 121 86
internal_count=750 595 568 123 445 121 86
is_linear=0
shrinkage=0.05


Tree=41
num_leaves=8
num_cat=0
split_feature=5 1 1 14 2 0 4
split_gain=0.685991 0.482125 0.633381 0.366457 0.476226 0.443221 0.831033
threshold=0.024138634085737045 -0.051979506714523054 -0.020018070515099958 -0.0032889554051496734 -0.043425392252860233 0.012532920498254165 0.02331056599397888
decision_type=2 2 2 2 2 2 2
left_child=1 -1 -3 4 -4 -6 -7
right_child=-2 2 3 -5 5 6 -8
leaf_value=5.6868640646009019e-05 0.00018811063432797905 -5.2533535477325356e-05 0.0001118873871952385 -2.0261118147603749e-05 -6.1598485055210506e-06 -1.4094350280000881e-05 0.00016310704075993279
leaf_weight=31 25 120 32 266 209 42 27
leaf_count=31 25 120 32 266 209 42 27
internal_value=-0.00114362 -0.00142366 -0.0016954 -0.00100695 0.000161289 -0.000503598 0.00297101
internal_weight=752 727 696 576 310 278 69
internal_count=752 727 696 576 310 278 69
is_linear=0
shrinkage=0.05


Tree=42
num_leaves=8
num_cat=0
split_feature=5 11 8 9 1 1 1
split_gain=0.603984 0.399784 0.748904 0.364022 0.42696 0.262357 0.380838
threshold=0.023840378546785338 0.026101740885835282 0.037140468131229627 -0.074912491595886296 -0.041074104709534646 -0.022386594122060784 -0.012902291272739839
decision_type=2 2 10 8 2 2 2
left_child=1 3 -3 -1 -5 -6 -7
right_child=-2 2 -4 4 5 6 -8
leaf_value=-5.1082390897781222e-05 0.0001784396174107788 0.00015599402531645269 -3.0234960536126453e-05 1.3971817335685654e-05 -8.8234365129174911e-05 0.00010326012315284245 -1.8652669840824955e-05
leaf_weight=70 26 30 37 48 51 60 431
leaf_count=70 26 30 37 48 51 60 431
internal_value=-0.000949536 -0.00121733 0.00246269 -0.00159091 -0.00118644 -0.00158672 -0.00123218
internal_weight=753 727 67 660 590 542 491
internal_count=753 727 67 660 590 542 491
is_linear=0
shrinkage=0.05


Tree=43
num_leaves=8
num_cat=0
split_feature=5 6 1 12 12 6 14
split_gain=0.587356 0.454722 0.752968 0.458281 0.77067 0.505441 0.361509
threshold=0.024138634085737045 0.57698510443855755 -0.033139879353054506 -0.0026166502717502866 0.01609265809314964 1.2809428900835853 -0.096084571305829466
decision_type=2 2 2 2 2 2 2
left_child=1 6 -3 -4 -5 -6 -1
right_child=-2 2 3 4 5 -7 -8
leaf_value=1.2196454530599282e-06 0.00016951763654023984 6.7558266313340269e-05 -0.00010758187336502867 0.00012203839176987412 6.9047706621258717e-06 -0.00025696487900855408 -1.5843091185976325e-05
leaf_weight=29 26 30 39 25 37 40 520
leaf_count=29 26 30 39 25 37 40 520
internal_value=-0.000844505 -0.00111111 0.00114035 -0.000390072 0.00137255 -0.0011039 -0.00181239
internal_weight=746 720 171 141 102 77 549
internal_count=746 720 171 141 102 77 549
is_linear=0
shrinkage=0.05


Tree=44
num_leaves=8
num_cat=0
split_feature=4 15 1 3 0 0 14
split_gain=0.631419 0.33971 0.507937 0.600824 0.30366 0.368989 0.334253
threshold=0.03502197924621147 -0.0083166434661571236 -0.0045698495424147381 -0.0027431884768194244 -0.0052872625426962352 -0.003493369226692244 -0.0032889554051496734
decision_type=2 2 2 2 2 2 2
left_child=1 2 -1 -4 -3 -6 -7
right_child=-2 4 3 -5 5 6 -8
leaf_value=-1.1204267559307114e-05 0.00016130723991402915 -6.7547855068739781e-05 0.00023575800766767539 -2.6836734535189218e-07 0.00010650571939429327 -1.3569489595904971e-06 -3.9968052911482827e-05
leaf_weight=72 25 124 26 30 33 266 164
leaf_count=72 25 124 26 30 33 266 164
internal_value=-0.000810812 -0.00108392 0.00125 0.00482143 -0.00159285 -0.00100432 -0.00139535
internal_weight=740 715 128 56 587 463 430
internal_count=740 715 128 56 587 463 430
is_linear=0
shrinkage=0.05


Tree=45
num_leaves=8
num_cat=0
split_feature=5 14 16 15 15 15 9
split_gain=0.658646 0.333032 0.428925 0.42329 0.606564 0.893642 1.46778
threshold=0.023840378546785338 0.0091478412114857095 -0.031780912236245011 -0.0091279391932534964 0.0019483116050296181 0.007635772595501634 0.069397785540067827
decision_type=2 2 2 2 2 2 8
left_child=1 3 -3 -1 -5 6 -6
right_child=-2 2 -4 4 5 -7 -8
leaf_value=0.00012822253888376318 0.00015324187791832769 3.3407220880063528e-05 -3.6372514116106976e-05 -2.1838739086768356e-05 -0.00011106944005869729 -1.9390843214623348e-05 0.00011299136697438316
leaf_weight=43 25 32 242 181 52 112 59
leaf_count=43 25 32 242 181 52 112 59
internal_value=-0.000978553 -0.0012552 -0.00262774 -0.000413871 -0.000915843 0.000829595 0.00400901
internal_weight=746 721 274 447 404 223 111
internal_count=746 721 274 447 404 223 111
is_linear=0
shrinkage=0.05


Tree=46
num_leaves=8
num_cat=0
split_feature=4 0 0 6 14 10 5
split_gain=0.654706 0.350873 0.635705 0.495288 0.323511 0.369722 0.369483
threshold=0.034557797359638799 -0.0047372123507319333 -0.003493369226692244 1.5678385692358685 0.0091478412114857095 -0.00010103151992763014 0.013202380390290041
decision_type=2 2 2 2 2 2 2
left_child=1 3 -3 -1 5 -4 -7
right_child=-2 2 4 -5 -6 6 -8
leaf_value=-2.4452493769123308e-05 0.00014531429882160996 0.00013278557173024156 0.00013724577441854931 3.8023189099576938e-05 -4.3278553237567569e-05 2.7813905835786679e-06 -8.6519688956620798e-06
leaf_weight=205 26 25 45 33 139 137 138
leaf_count=205 26 25 45 33 139 137 138
internal_value=-0.00125669 -0.0015374 -0.000764464 -0.00310924 -0.00118737 -0.000312501 -0.001
internal_weight=748 722 484 238 459 320 275
internal_count=748 722 484 238 459 320 275
is_linear=0
shrinkage=0.05


Tree=47
num_leaves=8
num_cat=0
split_feature=5 5 11 12 16 4 13
split_gain=0.641512 0.335357 0.504947 0.412396 0.455317 0.819706 0.57036
threshold=0.024138634085737045 0.015730119877673195 0.026101740885835282 0.028448808963007281 -0.0037394166679808323 0.024358287143344089 15.234999656677248
decision_type=2 2 2 2 2 2 2
left_child=1 2 3 4 5 -1 -6
right_child=-2 -3 -4 -5 6 -7 -8
leaf_value=-2.5634568922357747e-05 0.00013831406908133075 -6.4657729539755417e-05 0.00012202878204385219 -1.048786096580851e-05 -5.3647622003959579e-05 0.00011241424359886327 5.8141208641418132e-05
leaf_weight=139 25 112 49 210 56 35 113
leaf_count=139 25 112 49 210 56 35 113
internal_value=-0.000872802 -0.00114846 -0.000681064 -0.00111212 -4.3733e-05 -0.00183908 0.00180473
internal_weight=739 714 602 553 343 174 169
internal_count=739 714 602 553 343 174 169
is_linear=0
shrinkage=0.05


Tree=48
num_leaves=8
num_cat=0
split_feature=5 1 12 14 1 1 2
split_gain=0.624209 0.421534 0.407128 0.551196 0.52917 1.23153 0.647356
threshold=0.024138634085737045 -0.053533102068674669 0.012544135938263425 -0.06426442822534599 -0.022386594122060784 -0.0035009606647705689 -0.0036252422141553327
decision_type=2 2 2 2 2 2 2
left_child=1 -1 4 -4 -3 6 -6
right_child=-2 2 3 -5 5 -7 -8
leaf_value=0.00011829212485551036 0.00013086739522566156 -3.6392756795880669e-05 1.1388537823029273e-05 -1.6910521520889871e-05 0.00014086065932721075 -1.5414010342825309e-05 4.341560548929991e-05
leaf_weight=26 27 66 38 380 33 145 25
leaf_count=26 27 66 38 380 33 145 25
internal_value=-0.00135135 -0.00163394 -0.00187045 -0.00284689 -0.000353161 0.000911329 0.00706896
internal_weight=740 713 687 418 269 203 58
internal_count=740 713 687 418 269 203 58
is_linear=0
shrinkage=0.05


Tree=49
num_leaves=8
num_cat=0
split_feature=5 9 0 9 8 9 7
split_gain=0.704367 0.290047 0.260502 0.435212 0.489199 0.437951 0.487226
threshold=0.024138634085737045 0.14497604255167487 0.0050087672792351609 -0.044889747698699183 -0.0025619070952918039 -0.027827349002404408 0.015977853079727326
decision_type=2 10 2 8 8 10 2
left_child=1 2 -1 -4 -5 -6 -7
right_child=-2 -3 3 4 5 6 -8
leaf_value=-6.3642953849361963e-06 0.00012485499586598113 -3.942088121593609e-05 -0.00022058236257460216 9.2806405877787101e-05 -0.00015712407051723926 -0.00011852399648775862 0.00011269545274115354
leaf_weight=407 25 80 34 41 50 31 65
leaf_count=407 25 80 34 41 50 31 65
internal_value=-0.0012483 -0.00153955 -0.00117835 0.000203619 0.00114973 -0.000205481 0.00177083
internal_weight=733 708 628 221 187 146 96
internal_count=733 708 628 221 187 146 96
is_linear=0
shrinkage=0.05


Tree=50
num_leaves=8
num_cat=0
split_feature=2 5 2 13 6 1 4
split_gain=0.573457 0.52733 0.352496 0.335638 0.54947 0.303846 0.33332
threshold=0.042867500613692718 0.017198146651066119 0.036527023618907702 13.174999713897707 1.9213886992036666 -0.014318093289509946 0.018070637771226149
decision_type=2 2 2 2 2 2 2
left_child=1 2 3 -1 5 -5 -7
right_child=-2 -3 -4 4 -6 6 -8
leaf_value=9.2594652514808477e-05 -1.5961237562157193e-05 0.00011940870104212014 0.00013077302218623567 -2.9397280630161663e-05 3.9944184102707291e-05 5.1376518979511065e-06 -7.7386200041036718e-06
leaf_weight=43 232 32 32 137 30 53 181
leaf_count=43 232 32 32 137 30 53 181
internal_value=-0.00121622 -0.000275592 -0.000693279 -0.00105856 -0.00150873 -0.00203504 -0.000940172
internal_weight=740 508 476 444 401 371 234
internal_count=740 508 476 444 401 371 234
is_linear=0
shrinkage=0.05


end of trees

feature_importances:
ret_5d=38
spy_ret_5d=35
vix_chg_1d=35
dist_ma50=32
spy_ret_20d=29
dvol_z_20=28
sector_ret_1d=26
parkinson_20=21
ret_20d=19
atr_pct=18
vix_level=15
sector_ret_5d=14
ret_1d=13
spy_ret_1d=12
dist_ma200=11
overnight_gap=8
dist_ma20=3

parameters:
[boosting: gbdt]
[objective: quantile]
[metric: quantile]
[tree_learner: serial]
[device_type: cpu]
[data_sample_strategy: bagging]
[data: ]
[valid: ]
[num_iterations: 80]
[learning_rate: 0.05]
[num_leaves: 8]
[num_threads: 1]
[seed: 0]
[deterministic: 0]
[force_col_wise: 1]
[force_row_wise: 0]
[histogram_pool_size: -1]
[max_depth: -1]
[min_data_in_leaf: 25]
[min_sum_hessian_in_leaf: 0.001]
[bagging_fraction: 0.9]
[pos_bagging_fraction: 1]
[neg_bagging_fraction: 1]
[bagging_freq: 1]
[bagging_seed: 3]
[bagging_by_query: 0]
[feature_fraction: 0.9]
[feature_fraction_bynode: 1]
[feature_fraction_seed: 2]
[extra_trees: 0]
[extra_seed: 6]
[early_stopping_round: 0]
[early_stopping_min_delta: 0]
[first_metric_only: 0]
[max_delta_step: 0]
[lambda_l1: 0]
[lambda_l2: 0]
[linear_lambda: 0]
[min_gain_to_split: 0]
[drop_rate: 0.1]
[max_drop: 50]
[skip_drop: 0.5]
[xgboost_dart_mode: 0]
[uniform_drop: 0]
[drop_seed: 4]
[top_rate: 0.2]
[other_rate: 0.1]
[min_data_per_group: 100]
[max_cat_threshold: 32]
[cat_l2: 10]
[cat_smooth: 10]
[max_cat_to_onehot: 4]
[top_k: 20]
[monotone_constraints: ]
[monotone_constraints_method: basic]
[monotone_penalty: 0]
[feature_contri: ]
[forcedsplits_filename: ]
[refit_decay_rate: 0.9]
[cegb_tradeoff: 1]
[cegb_penalty_split: 0]
[cegb_penalty_feature_lazy: ]
[cegb_penalty_feature_coupled: ]
[path_smooth: 0]
[interaction_constraints: ]
[verbosity: -1]
[saved_feature_importance_type: 0]
[use_quantized_grad: 0]
[num_grad_quant_bins: 4]
[quant_train_renew_leaf: 0]
[stochastic_rounding: 1]
[linear_tree: 0]
[max_bin: 255]
[max_bin_by_feature: ]
[min_data_in_bin: 3]
[bin_construct_sample_cnt: 200000]
[data_random_seed: 1]
[is_enable_sparse: 1]
[enable_bundle: 1]
[use_missing: 1]
[zero_as_missing: 0]
[feature_pre_filter: 1]
[pre_partition: 0]
[two_round: 0]
[header: 0]
[label_column: ]
[weight_column: ]
[group_column: ]
[ignore_column: ]
[categorical_feature: ]
[forcedbins_filename: ]
[precise_float_parser: 0]
[parser_config_file: ]
[objective_seed: 5]
[num_class: 1]
[is_unbalance: 0]
[scale_pos_weight: 1]
[sigmoid: 1]
[boost_from_average: 1]
[reg_sqrt: 0]
[alpha: 0.9]
[fair_c: 1]
[poisson_max_delta_step: 0.7]
[tweedie_variance_power: 1.5]
[lambdarank_truncation_level: 30]
[lambdarank_norm: 1]
[label_gain: ]
[lambdarank_position_bias_regularization: 0]
[eval_at: ]
[multi_error_top_k: 1]
[auc_mu_weights: ]
[num_machines: 1]
[local_listen_port: 12400]
[time_out: 120]
[machine_list_filename: ]
[machines: ]
[gpu_platform_id: -1]
[gpu_device_id: -1]
[gpu_device_id_list: ]
[gpu_use_dp: 0]
[num_gpu: 1]

end of parameters

pandas_categorical:[]
