tree
version=v4
num_class=1
num_tree_per_iteration=1
label_index=0
max_feature_idx=16
objective=quantile
feature_names=ret_1d ret_5d ret_20d overnight_gap atr_pct parkinson_20 dvol_z_20 dist_ma20 dist_ma50 dist_ma200 spy_ret_1d spy_ret_5d spy_ret_20d vix_level vix_chg_1d sector_ret_1d sector_ret_5d
feature_infos=[-0.20968414987901285:0.11216761006302622] [-0.21249044931358296:0.13026635374274176] [-0.29321826890514768:0.19296678872702144] [-0.15846837234175937:0.081974019283668431] [0.012647516226665632:0.043714889445115312] [0.0078720654923650039:0.025274830825969995] [-2.466652957952852:4.3061469617030497] [-0.17791094599090607:0.089112888155858272] [-0.23833038799257955:0.13003970495294026] [-0.26208477896255022:0.15373289655516764] [-0.058542971330535654:0.10501930183911301] [-0.11496151859245618:0.082843162776128354] [-0.1226559005192206:0.15756591020035837] [11.859999656677246:52.330001831054688] [-0.35753873962348437:0.74039073966007019] [-0.060400368534546778:0.10888055657805773] [-0.11617886647053255:0.1006018727753657]
tree_sizes=848 868 869 861 865 857 867 863 865 870 866 873 861 868 863 873 872 869 867 872 871 869 862 866 868 867 861 857 865 866 871 867 874 872 857 863 860 876 867 868 863 873 872 863 859 869 856 871 876 856 875 868 864 868 866 871 866 868 869 870 864 866 854 859 875 861 857 869 872 871 865 863 869 870 857

Tree=0
num_leaves=8
num_cat=0
split_feature=13 4 10 15 15 1 8
split_gain=1.26694 0.84494 0.678017 0.639124 0.923516 1.02846 0.631704
threshold=26.494999885559086 0.026230928188117019 0.0042053474893619667 -0.00091099856487975017 0.00098768071128985135 -0.0054392745788716659 -0.058545235018404522
decision_type=2 2 2 2 2 2 10
left_child=1 2 3 -1 -5 -6 -3
right_child=-2 6 -4 4 5 -7 -8
leaf_value=-0.016852173252940729 -0.018051771801159265 -0.017058527870239509 -0.016775185985569641 -0.017662358688466263 -0.01738650993908808 -0.016763210240561495 -0.01748826356891436
leaf_weight=251 25 60 201 39 49 90 35
leaf_count=251 25 60 201 39 49 90 35
internal_value=-0.0169331 -0.0165514 -0.0158886 -0.0170114 -0.0193031 -0.0173954 -0.0209471
internal_weight=750 725 630 429 178 139 95
internal_count=750 725 630 429 178 139 95
is_linear=0
shrinkage=1


Tree=1
num_leaves=8
num_cat=0
split_feature=13 1 13 10 10 5 0
split_gain=1.25888 0.563794 0.535089 0.458846 0.537204 0.516649 0.727451
threshold=26.85000038146973 -0.05506894035887127 12.494999885559084 0.0042053474893619667 0.003541437167460804 0.012764423512673772 -0.0011084792594118762
decision_type=2 2 2 2 2 2 2
left_child=1 -1 -3 4 5 6 -4
right_child=-2 2 3 -5 -6 -7 -8
leaf_value=-0.00027995424665851719 -0.000999451299382458 -0.00039918557359673888 0.00011160503436457893 0.00011317866477549444 -0.00027668944620186793 0.00016008942861109058 -0.0001833709271684728
leaf_weight=45 25 27 143 218 25 145 106
leaf_count=45 25 27 143 218 25 145 106
internal_value=2.72481e-05 0.000416079 0.000783133 0.00107535 0.000107399 0.000558376 -0.000823293
internal_weight=734 709 664 637 419 394 249
internal_count=734 709 664 637 419 394 249
is_linear=0
shrinkage=0.05


Tree=2
num_leaves=8
num_cat=0
split_feature=2 6 11 11 7 8 16
split_gain=0.94454 0.503138 0.67523 0.68586 0.549085 0.678575 0.625031
threshold=-0.12126977634114604 -0.41986790853175149 0.020793253578218044 0.015980558357876488 0.033059927739819257 -0.034336184543828745 -0.0052591007849694385
decision_type=2 2 2 2 2 10 2
left_child=-1 -2 3 4 5 6 -3
right_child=1 2 -4 -5 -6 -7 -8
leaf_value=-0.00043826795639363947 0.00013978255811143678 2.4144376781610782e-05 0.00036380584237332206 -0.00014776062807154476 -0.00053652032132597632 4.6487270531483937e-05 -0.00070696436877295567
leaf_weight=48 288 55 52 30 55 182 39
leaf_count=48 288 55 52 30 55 182 39
internal_value=0.000327103 0.000791726 -0.000326876 -0.00109418 -0.000438066 0.000471015 -0.00297872
internal_weight=749 701 413 361 331 276 94
internal_count=749 701 413 361 331 276 94
is_linear=0
shrinkage=0.05


Tree=3
num_leaves=8
num_cat=0
split_feature=2 16 12 8 13 9 1
split_gain=0.80801 1.0213 0.485789 0.36128 0.345663 0.309639 0.561805
threshold=-0.12126977634114604 -0.0094953933293980813 -0.052281358654850445 0.0924471898556848 12.494999885559084 0.017748639967642869 -0.00099399466395566605
decision_type=2 2 2 8 2 10 2
left_child=1 -1 -2 4 -4 -6 -7
right_child=2 -3 3 -5 5 6 -8
leaf_value=-0.00056243637891105751 -0.00066702180780417995 7.6907986560831659e-05 -0.00017162061077376201 -0.00019334475460755602 0.0001172658458348216 -5.7666337164566015e-05 0.00020036766882854668
leaf_weight=25 28 26 27 33 470 44 90
leaf_count=25 28 26 27 33 470 44 90
internal_value=0.000289368 -0.00578431 0.000736994 0.00100904 0.00127575 0.00152318 -0.000597015
internal_weight=743 51 692 664 631 604 134
internal_count=743 51 692 664 631 604 134
is_linear=0
shrinkage=0.05


Tree=4
num_leaves=8
num_cat=0
split_feature=6 4 4 6 0 12 9
split_gain=1.13352 0.952377 0.532131 0.663885 0.484615 0.448672 0.476803
threshold=0.34728248109162441 0.024697009051485395 0.021869031660498941 0.68413529855716571 0.0068696992807895105 -0.038043904409190692 -0.0028049723111033815
decision_type=2 2 2 2 2 2 10
left_child=5 2 3 -2 -5 -1 -7
right_child=1 -3 -4 4 -6 6 -8
leaf_value=-0.00022195440535198094 -0.00033865195968635575 -0.00050885192551130274 0.00028900967845767016 -0.00043772600392471086 0.00021089089089253079 0.00015629983695658654 -2.6218416938240436e-06
leaf_weight=39 31 35 37 56 35 355 158
leaf_count=39 31 35 37 56 35 355 158
internal_value=4.02147e-05 -0.00324742 -0.00160377 -0.00319672 -0.00104396 0.00119565 0.00158869
internal_weight=746 194 159 122 91 552 513
internal_count=746 194 159 122 91 552 513
is_linear=0
shrinkage=0.05


Tree=5
num_leaves=8
num_cat=0
split_feature=1 16 4 4 6 7 9
split_gain=0.766623 1.18371 1.32711 1.06229 1.23703 0.590325 0.663603
threshold=-0.021082725051515313 -0.024955154163456002 0.027739959446171854 0.021869031660498941 -0.11654819075115992 0.041349931730334084 0.069181368445691907
decision_type=2 2 2 2 2 2 8
left_child=1 -1 3 4 -3 -2 -7
right_child=5 2 -4 -5 -6 6 -8
leaf_value=0.00028801072889734423 4.9756421553847354e-05 -4.7374614969188377e-06 -0.00044392189686637317 0.00049935538728283812 -0.00049417378050068935 -0.00044022567720836022 0.00026945020973641207
leaf_weight=44 493 42 34 31 25 32 36
leaf_count=44 493 42 34 31 25 32 36
internal_value=-0.000359566 -0.00323864 -0.00560606 -0.00265306 -0.00619403 0.000543672 -0.00382353
internal_weight=737 176 132 98 67 561 68
internal_count=737 176 132 98 67 561 68
is_linear=0
shrinkage=0.05


Tree=6
num_leaves=8
num_cat=0
split_feature=4 3 9 10 6 15 13
split_gain=0.706182 0.834723 0.618296 0.58599 0.721442 0.516076 0.702537
threshold=0.027739959446171854 0.0035258027217719427 -0.16245618948150467 0.0042053474893619667 -0.93070854817337845 -0.007794985981099122 15.464999675750734
decision_type=2 2 10 2 2 2 2
left_child=3 2 -2 4 -1 -6 -7
right_child=1 -3 -4 -5 5 6 -8
leaf_value=0.0001646353214384163 0.00017744013524797586 -0.00031032472258696835 -0.0002345366095229732 8.0520811024510863e-05 9.424829366856849e-05 2.2664375959767134e-06 -0.00027006297000071094
leaf_weight=50 34 27 37 206 131 129 132
leaf_count=50 34 27 37 206 131 129 132
internal_value=-0.000227882 -0.00418367 -0.00133803 0.000370371 -0.000656108 -0.00137755 -0.00266284
internal_weight=746 98 71 648 442 392 261
internal_count=746 98 71 648 442 392 261
is_linear=0
shrinkage=0.05


Tree=7
num_leaves=8
num_cat=0
split_feature=6 9 0 10 1 10 8
split_gain=0.984582 0.670239 0.762003 1.71674 0.699595 0.391933 0.466519
threshold=0.34728248109162441 0.059122938329298165 -0.00038455226899153366 0.0017576086312266483 -0.010409750989257059 -0.012508695077667052 0.068488361259775435
decision_type=2 8 2 2 2 2 8
left_child=5 2 4 -4 -2 -1 -7
right_child=1 -3 3 -5 -6 6 -8
leaf_value=-0.00058981142622577384 -0.00048845783437464466 0.00020696530314651083 -0.00060081070856009646 -1.5621958045971127e-05 7.437415915334685e-05 6.5796725096766502e-05 -0.00024970137127765571
leaf_weight=34 38 67 25 36 27 476 42
leaf_count=34 38 67 25 36 27 476 42
internal_value=0.000302014 -0.00277202 -0.00492063 -0.00893443 -0.00115385 0.00137681 0.00171815
internal_weight=745 193 126 61 65 552 518
internal_count=745 193 126 61 65 552 518
is_linear=0
shrinkage=0.05


Tree=8
num_leaves=8
num_cat=0
split_feature=13 13 0 14 7 0 2
split_gain=0.598132 0.589634 0.50979 1.07137 0.652174 0.502307 0.689671
threshold=17.180000305175785 17.494999885559086 1.0000000180025095e-35 0.03406338940495391 0.041349931730334084 -0.005799363758340891 0.02042383208456167
decision_type=2 2 2 2 2 2 2
left_child=2 -2 -1 4 -4 -3 -7
right_child=1 5 3 -5 -6 6 -8
leaf_value=0.00015012072481636947 -0.00054933319993457057 -0.00016818991054322262 0.00017515992047996963 -0.00034678234575283274 -0.0003452934297196591 0.00015040894664931296 -0.0002585790329841466
leaf_weight=206 31 124 180 28 27 116 52
leaf_count=206 31 124 180 28 27 116 52
internal_value=0.000287958 -0.00134675 0.00148526 -0.000106383 0.00113527 -0.000650685 0.00113095
internal_weight=764 323 441 235 207 292 168
internal_count=764 323 441 235 207 292 168
is_linear=0
shrinkage=0.05


Tree=9
num_leaves=8
num_cat=0
split_feature=7 3 10 7 6 0 15
split_gain=0.525423 0.397727 0.43183 0.523908 0.499282 0.34537 0.326097
threshold=-0.073126214730813474 -0.0081720511074442875 0.0042053474893619667 0.044427905571483579 -0.99672694991155453 -0.012930695548417413 0.0056666960618533277
decision_type=2 2 2 2 2 2 2
left_child=5 -2 3 6 -4 -1 -3
right_child=1 2 4 -5 -6 -7 -8
leaf_value=-0.00077873102172567503 0.00016280143976818391 1.0314012052039613e-05 -0.00016913720649432124 -0.00040129730036168594 4.7924455026541156e-05 4.8842104909004929e-05 -2.7880453290417779e-05
leaf_weight=25 45 332 26 40 200 26 50
leaf_count=25 45 332 26 40 200 26 50
internal_value=9.40862e-05 0.000454546 0.000138889 -0.000805687 0.00190266 -0.00480392 -0.000235602
internal_weight=744 693 648 422 226 51 382
internal_count=744 693 648 422 226 51 382
is_linear=0
shrinkage=0.05


Tree=10
num_leaves=8
num_cat=0
split_feature=1 10 4 3 10 6 4
split_gain=0.726569 1.23504 1.13873 1.00694 0.643714 0.602316 0.481068
threshold=-0.021082725051515313 -0.0049442003687586436 0.027739959446171854 -0.0013902519029735936 -3.2316766858164751e-05 1.2823682252112658 0.01540455103574778
decision_type=2 2 2 2 2 2 2
left_child=1 -1 3 -3 5 -2 -6
right_child=4 2 -4 -5 6 -7 -8
leaf_value=0.00018053236383856167 1.1179024186175072e-05 -0.00042454797288874477 -0.00035980519043849938 0.00012974914685224507 -0.00050039662294764546 -0.00041439254374244774 0.00019209088871924383
leaf_weight=51 197 32 37 53 29 33 317
leaf_count=51 197 32 37 53 29 33 317
internal_value=0.000327103 -0.00251445 -0.0052459 -0.00205882 0.00118056 -0.000869565 0.00254335
internal_weight=749 173 122 85 576 230 346
internal_count=749 173 122 85 576 230 346
is_linear=0
shrinkage=0.05


Tree=11
num_leaves=8
num_cat=0
split_feature=1 10 16 16 6 5 16
split_gain=0.595439 0.821683 0.764352 0.911964 0.967105 0.799342 0.489797
threshold=-0.0088534521242102909 -0.0049442003687586436 -0.019818100855627071 -0.012030786594676544 0.35486198314724299 0.012171745430965166 0.011504183412818116
decision_type=2 2 2 2 2 2 2
left_child=1 -1 -3 -4 5 -5 -2
right_child=6 2 3 4 -6 -7 -8
leaf_value=0.00018110702939566669 8.0740950309519484e-06 0.00026110540095693988 -0.00038995595484865245 0.00015597274093160241 -0.0005013598643904449 -0.00022324810792825477 7.6165874109897257e-05
leaf_weight=68 245 38 29 64 38 50 215
leaf_count=68 245 38 29 64 38 50 215
internal_value=0.000515395 -0.00127178 -0.00276256 -0.00411602 -0.00256579 -0.000263158 0.00163043
internal_weight=747 287 219 181 152 114 460
internal_count=747 287 219 181 152 114 460
is_linear=0
shrinkage=0.05


Tree=12
num_leaves=8
num_cat=0
split_feature=13 11 11 11 0 0 13
split_gain=0.376802 0.510035 0.630999 0.66987 0.562759 0.832363 0.999216
threshold=17.250000000000004 -0.021243807178240256 0.02306163879140322 0.013766763160974362 -0.005541418766911165 -0.01080310312940269 19.880000114440922
decision_type=2 2 2 2 2 2 2
left_child=-1 -2 3 4 5 6 -3
right_child=1 2 -4 -5 -6 -7 -8
leaf_value=2.2659168172449742e-05 0.00012571493590698369 0.00026721281215634122 8.3787811383410779e-05 -0.00033165863258600151 2.4301428394032098e-05 -0.00053388005711334306 -0.00047381321619068711
leaf_weight=426 66 26 38 25 103 25 25
leaf_count=426 66 26 38 25 103 25 25
internal_value=0.000163488 -0.00116883 -0.0022314 -0.00333333 -0.00226257 -0.00552632 -0.00186274
internal_weight=734 308 242 204 179 76 51
internal_count=734 308 242 204 179 76 51
is_linear=0
shrinkage=0.05


Tree=13
num_leaves=8
num_cat=0
split_feature=7 12 14 10 5 1 6
split_gain=0.567911 0.557706 0.411505 0.434743 0.407816 0.52056 0.959238
threshold=0.041349931730334084 0.030878652672085786 -0.091137781806863202 0.0042053474893619667 0.0091842061118925112 -0.019655461766845569 -0.27699484619543152
decision_type=2 2 2 2 2 2 2
left_child=2 -2 -1 4 -4 6 -6
right_child=1 -3 3 -5 5 -7 -8
leaf_value=-1.4654840350125001e-05 -0.00036604543188605617 0.00011912519969925852 -0.0003276364876674795 0.00016121826466425311 7.4393156141859212e-05 9.0973129891886958e-05 -0.00039627664225556263
leaf_weight=46 39 28 36 177 61 296 62
leaf_count=46 39 28 36 177 61 296 62
internal_value=0.000436242 -0.00395522 0.000870207 0.00120253 0.000384616 0.000823389 -0.00191057
internal_weight=745 67 678 632 455 419 123
internal_count=745 67 678 632 455 419 123
is_linear=0
shrinkage=0.05


Tree=14
num_leaves=8
num_cat=0
split_feature=6 11 14 5 8 14 14
split_gain=0.422772 0.480769 0.424732 0.370774 0.345682 0.493551 0.973281
threshold=1.6885735122122878 0.0053660058673883357 -0.081825770158787711 0.013292441008170858 0.03163173798529751 -0.031629138048926246 -0.0091057157714133346
decision_type=2 2 2 2 8 2 2
left_child=2 -2 3 -1 -4 -6 -7
right_child=1 -3 4 -5 5 6 -8
leaf_value=1.5884034325770944e-05 -0.00068919103282268925 0.00035840213873301625 6.2859053982914875e-05 -0.00018153474047118969 0.00023391015153191041 -0.00042750463679699702 1.767135970485352e-05
leaf_weight=26 26 26 474 29 29 25 84
leaf_count=26 26 26 474 29 29 25 84
internal_value=0.000688456 -0.00365385 0.00102699 -0.00318182 0.00140523 -0.000797101 -0.00233945
internal_weight=719 52 667 55 612 138 109
internal_count=719 52 667 55 612 138 109
is_linear=0
shrinkage=0.05


Tree=15
num_leaves=8
num_cat=0
split_feature=12 4 1 7 10 9 8
split_gain=0.593417 0.438264 0.577505 0.369721 0.407645 0.613283 0.383383
threshold=-0.052281358654850445 0.027739959446171854 -0.020759999144865756 0.06120401388139985 0.0042053474893619667 0.081768632586733961 -0.035852057045338052
decision_type=2 2 2 2 2 10 10
left_child=-1 3 -3 4 5 6 -2
right_child=1 2 -4 -5 -6 -7 -8
leaf_value=-0.00066942135655627432 -0.00021375218579399065 -0.00028574109596261503 4.5017770395269815e-05 -0.00029401199785478757 0.00014211923479775273 -0.00010504759979846567 5.9246525752666116e-05
leaf_weight=30 116 48 34 25 188 37 265
leaf_count=30 116 48 34 25 188 37 265
internal_value=0.000222073 0.000511922 -0.00292683 0.000958796 0.00120462 0.000334928 0.000931759
internal_weight=743 713 82 631 606 418 381
internal_count=743 713 82 631 606 418 381
is_linear=0
shrinkage=0.05


Tree=16
num_leaves=8
num_cat=0
split_feature=1 13 13 16 8 3 7
split_gain=0.413277 0.309524 0.331901 0.69825 0.654993 0.697738 0.530242
threshold=-0.067665533761292015 12.494999885559084 16.875000000000004 -0.0052591007849694385 -0.0034603763058276833 0.00040724828233151827 -0.012266746171115782
decision_type=2 2 2 2 8 2 2
left_child=-1 -2 -3 -4 6 -6 -5
right_child=1 2 3 4 5 -7 -8
leaf_value=-0.0004232811698784516 -0.00036298174737732481 8.3877107229371104e-05 7.3971455435444959e-05 -6.5116145837244805e-05 -1.0908296723906796e-06 -0.00049278109357469202 0.00012846767643923752
leaf_weight=29 26 377 158 61 31 29 46
leaf_count=29 26 377 158 61 31 29 46
internal_value=0.000508587 0.000741758 0.000940171 -0.000230769 -0.00248503 -0.00666667 -0.000140187
internal_weight=757 728 702 325 167 60 107
internal_count=757 728 702 325 167 60 107
is_linear=0
shrinkage=0.05


Tree=17
num_leaves=8
num_cat=0
split_feature=1 15 1 1 14 3 1
split_gain=0.376615 0.297522 1.06627 0.796576 0.633439 0.863912 1.31602
threshold=-0.067665533761292015 -0.0018542666475186429 0.039057979847368036 0.0018263533707826298 -0.031629138048926246 -0.00067693523048206739 -0.010675063583223785
decision_type=2 2 2 2 2 2 2
left_child=-1 2 -2 4 -3 -6 -7
right_child=1 3 -4 -5 5 6 -8
leaf_value=-0.000402117111384529 7.4010575298435455e-05 2.9537334262544759e-05 -0.00036580973077108593 5.872872561678407e-05 -0.00022611219448453836 0.00027441546152434898 -0.00051727358210840245
leaf_weight=29 249 91 28 228 55 38 28
leaf_count=29 249 91 28 228 55 38 28
internal_value=0.000241287 0.000467225 0.0017509 -0.000340909 -0.00254717 -0.00491736 -0.00106061
internal_weight=746 717 277 440 212 121 66
internal_count=746 717 277 440 212 121 66
is_linear=0
shrinkage=0.05


Tree=18
num_leaves=8
num_cat=0
split_feature=2 8 3 10 16 16 6
split_gain=0.29855 0.421974 0.367799 0.479559 0.375164 0.4219 0.389418
threshold=-0.13112987206626883 -0.06658047462826637 -0.0072500514203160385 -0.012508695077667052 -0.019818100855627071 -0.014207770855469091 1.8348412497267028
decision_type=2 8 2 2 2 2 2
left_child=-1 -2 -3 -4 -5 -6 -7
right_child=1 2 3 4 5 6 -8
leaf_value=-0.00026200784072421396 0.00017357822544610685 9.0211572564556443e-05 -0.0009713468984217041 0.00033183741471443047 -0.00021598176590004287 5.0399773741407941e-06 -0.0003567485060504607
leaf_weight=39 68 54 31 69 32 432 28
leaf_count=39 68 54 31 69 32 432 28
internal_value=0.000285525 0.000518207 0.000123839 -0.000236486 9.80394e-05 -0.000386179 1.86265e-10
internal_weight=753 714 646 592 561 492 460
internal_count=753 714 646 592 561 492 460
is_linear=0
shrinkage=0.05


Tree=19
num_leaves=8
num_cat=0
split_feature=14 14 10 1 11 10 16
split_gain=0.332725 0.455431 0.421518 0.677481 0.301341 0.61419 0.502309
threshold=0.15436855290822041 0.080638292039736062 -3.2316766858164751e-05 0.035623512381185114 0.0033857060530237963 -0.0042544467454991288 -0.0081809013473903552
decision_type=2 2 2 2 2 2 2
left_child=1 2 3 4 5 -1 -7
right_child=-2 -3 -4 -5 -6 6 -8
leaf_value=7.9176678921037108e-05 -0.0004917310306212175 0.00032567829810728374 1.808737332221124e-05 -0.00032025974418682353 3.7040075969303884e-05 -0.00017222861314155222 -0.0004626413132779308
leaf_weight=61 25 61 420 25 84 33 30
leaf_count=61 25 61 420 25 84 33 30
internal_value=0.000669824 0.000868348 0.000482389 -0.00122318 -0.000288461 -0.00185484 -0.00531746
internal_weight=739 714 653 233 208 124 63
internal_count=739 714 653 233 208 124 63
is_linear=0
shrinkage=0.05


Tree=20
num_leaves=8
num_cat=0
split_feature=7 9 0 14 10 1 15
split_gain=0.445431 0.685315 0.349579 0.229171 0.284702 0.214513 0.553205
threshold=0.041349931730334084 0.069181368445691907 0.02298513726200924 -0.086337752297859935 0.0092143531748835068 0.0041923958847507334 -0.0018542666475186429
decision_type=2 8 2 2 2 2 2
left_child=2 -2 3 -1 5 6 -5
right_child=1 -3 -4 4 -6 -7 -8
leaf_value=-3.2102679454138622e-05 -0.00032817814050639747 0.00032757247816814824 -5.2492079682307903e-05 5.6391770977676845e-05 0.00024257769797020185 0.00010835504658837281 -5.1355082955047208e-05
leaf_weight=39 33 39 25 190 47 201 177
leaf_count=39 33 39 25 190 47 201 177
internal_value=0.000406125 -0.00333333 0.000802651 0.00102446 0.00126016 0.000950704 0.000231608
internal_weight=751 72 679 654 615 568 367
internal_count=751 72 679 654 615 568 367
is_linear=0
shrinkage=0.05


Tree=21
num_leaves=8
num_cat=0
split_feature=6 2 11 11 0 0 10
split_gain=0.379402 0.494476 0.865639 0.669352 0.682953 0.568965 0.511392
threshold=-0.49885513735991166 0.018982024084627794 0.013766763160974362 -0.0073194397976522043 -0.0097627364266472099 0.003814425790161891 -0.0010954591841218495
decision_type=2 2 2 2 2 2 2
left_child=-1 3 6 4 -2 -6 -3
right_child=1 2 -4 -5 5 -7 -8
leaf_value=6.1614881143967439e-05 -0.00061925478147934951 -0.0002353662645545344 -0.0002869046388626326 4.7666480201902575e-05 0.00043028944307622538 -0.00033084393500753157 0.00030408352996885257
leaf_weight=261 34 56 45 218 33 25 76
leaf_count=261 34 56 45 218 33 25 76
internal_value=0.000588235 -0.000236139 -0.00234463 0.000967742 -0.0026087 0.000689655 -0.00030303
internal_weight=748 487 177 310 92 58 132
internal_count=748 487 177 310 92 58 132
is_linear=0
shrinkage=0.05


Tree=22
num_leaves=8
num_cat=0
split_feature=13 2 0 5 1 15 8
split_gain=0.433771 0.389352 0.464577 0.858281 0.451081 0.535393 0.525487
threshold=12.555000305175783 -0.12325941836202108 0.0042770291460091378 0.010011679590774472 0.039057979847368036 0.0038197831827215816 -0.028211582732198034
decision_type=2 2 2 2 2 2 10
left_child=-1 -2 -3 -4 5 -5 -7
right_child=1 2 3 4 -6 6 -8
leaf_value=-0.00031936399747931271 -0.00021622572920873656 6.101050677718528e-05 -0.000422642504901616 0.0002027151335613541 -0.00025044937362108955 0.0002742037204728353 -5.0219461364480577e-05
leaf_weight=30 49 403 25 78 46 32 79
leaf_count=30 49 403 25 78 46 32 79
internal_value=0.000889488 0.00113764 0.00145551 -0.000192308 0.000744681 0.0018254 -0.000405405
internal_weight=742 712 663 260 235 189 111
internal_count=742 712 663 260 235 189 111
is_linear=0
shrinkage=0.05


Tree=23
num_leaves=8
num_cat=0
split_feature=7 12 13 14 6 13 10
split_gain=0.521776 0.699436 0.503101 0.513624 0.472961 0.618344 0.547065
threshold=0.041349931730334084 0.030878652672085786 16.875000000000004 -0.081825770158787711 -0.40355372470806378 17.615000724792484 0.002139856175938371
decision_type=2 2 2 2 2 2 2
left_child=2 -2 -1 -4 -5 -6 -7
right_child=1 -3 3 4 5 6 -8
leaf_value=7.7268917939767308e-05 -0.00030690634293753044 0.00016719808105814795 -9.2246636721655975e-05 8.1462034096498344e-05 -0.00042154007305058081 -0.0003096250181851873 5.6635258698145021e-05
leaf_weight=362 38 32 36 123 31 91 38
leaf_count=362 38 32 36 123 31 91 38
internal_value=0.000539281 -0.00357143 0.000961821 -0.000485893 0.000229682 -0.0015625 -3.87595e-05
internal_weight=751 70 681 319 283 160 129
internal_count=751 70 681 319 283 160 129
is_linear=0
shrinkage=0.05


Tree=24
num_leaves=8
num_cat=0
split_feature=15 1 1 15 14 14 0
split_gain=0.463025 0.437984 0.32605 0.299487 0.282609 0.343738 0.255285
threshold=0.022342594214869286 0.056261400614767927 -0.067665533761292015 -0.020713864621684782 0.080638292039736062 0.064380578257103652 -0.0041264753478058571
decision_type=2 2 2 2 2 2 2
left_child=1 2 -1 -4 5 6 -5
right_child=-2 -3 3 4 -6 -7 -8
leaf_value=-0.0004218153182142506 -0.00014629817729705041 -0.00021358945906255422 -0.00099340346861158369 9.4934531016837522e-07 0.00019342654840013101 -9.2703510944038798e-05 7.7215590365571965e-05
leaf_weight=27 28 37 29 179 55 27 367
leaf_count=27 28 37 29 179 55 27 367
internal_value=0.000594126 0.000839113 0.00112573 0.00134703 0.00157643 0.00124782 0.00152015
internal_weight=749 721 684 657 628 573 546
internal_count=749 721 684 657 628 573 546
is_linear=0
shrinkage=0.05


Tree=25
num_leaves=8
num_cat=0
split_feature=7 2 2 1 0 10 15
split_gain=0.352306 0.544321 0.920659 0.690812 0.512121 0.913834 0.693333
threshold=-0.030395113271628357 0.018982024084627794 0.025621065772315824 0.039715125490649157 -0.00068829492239003132 -0.0042544467454991288 0.0030796354658954033
decision_type=2 2 2 2 2 2 2
left_child=4 -2 -3 -4 5 -1 -7
right_child=1 2 3 -5 -6 6 -8
leaf_value=0.00017811564005909065 4.1896618161620782e-05 -0.0001808359729025688 6.01412353697849e-05 -0.00027185052047733622 0.00016552189266494724 -0.00043183204883077769 -9.4807068205880385e-05
leaf_weight=46 320 28 201 43 55 39 25
leaf_count=46 320 28 201 43 55 39 25
internal_value=0.000376486 0.000945946 -0.000698529 0.000286885 -0.00166667 -0.00363636 -0.0075
internal_weight=757 592 272 244 165 110 64
internal_count=757 592 272 244 165 110 64
is_linear=0
shrinkage=0.05


Tree=26
num_leaves=8
num_cat=0
split_feature=16 16 7 9 1 14 9
split_gain=0.255034 0.638346 0.425356 1.25357 0.294692 0.349599 0.302644
threshold=0.044580533726468537 0.036734909350368612 0.044427905571483579 0.069181368445691907 0.016963891350191832 -0.098691693357393515 0.081768632586733961
decision_type=2 2 2 10 2 2 10
left_child=1 2 4 -4 5 -1 -7
right_child=-2 -3 3 -5 -6 6 -8
leaf_value=-2.4687379334565525e-05 0.00032768169121400961 -0.0001199879215126637 -0.00031791917366248815 0.00035707548209081382 0.00018767896453507574 5.6670585704018358e-05 -5.7673025763345553e-05
leaf_weight=26 39 25 30 26 100 462 29
leaf_count=26 39 25 30 26 100 462 29
internal_value=0.00106513 0.000845272 0.0011367 -0.00303571 0.0015154 0.00103482 0.00133401
internal_weight=737 698 673 56 617 517 491
internal_count=737 698 673 56 617 517 491
is_linear=0
shrinkage=0.05


Tree=27
num_leaves=8
num_cat=0
split_feature=15 6 2 3 3 11 1
split_gain=0.434093 0.397426 0.70517 0.956875 0.72 0.434952 0.908488
threshold=0.022342594214869286 -0.10420136345911461 0.038360975909083835 -1.0000000180025095e-35 0.0041979174456486809 -0.0073194397976522043 -0.014844090282702447
decision_type=2 2 2 2 2 2 2
left_child=1 -1 5 -4 -5 6 -3
right_child=-2 2 3 4 -6 -7 -8
leaf_value=4.8006275637082461e-05 -0.00013650821120560525 0.00019490040271286885 0.00016170799281763754 -0.002013009404440482 -5.4227172644440677e-06 3.471573415931284e-05 -0.00034824067643998377
leaf_weight=394 28 46 33 25 25 171 27
leaf_count=394 28 46 33 25 25 171 27
internal_value=0.000393859 0.000631068 -0.000657492 -0.00463855 -0.009 0.000696721 -0.00253425
internal_weight=749 721 327 83 50 244 73
internal_count=749 721 327 83 50 244 73
is_linear=0
shrinkage=0.05


Tree=28
num_leaves=8
num_cat=0
split_feature=12 5 5 7 0 15 4
split_gain=0.366769 0.30486 1.02821 0.692308 0.396619 0.365082 0.464132
threshold=0.082959740110242888 0.016089776463917842 0.014485059382881854 0.0078789834810253385 -0.013540031858911448 0.017801485800590825 0.020938869512508462
decision_type=2 2 2 2 2 2 2
left_child=1 2 5 -4 -3 6 -1
right_child=-2 4 3 -5 -6 -7 -8
leaf_value=4.9896720377880354e-06 -3.5945032946494202e-05 -0.00028352014248030294 -7.9915974914738521e-05 -0.00034786397210226469 0.00013146962423174228 -1.4259535641029049e-05 0.00026425023492176113
leaf_weight=388 30 27 26 26 94 32 141
leaf_count=388 30 27 26 26 94 32 141
internal_value=0.000418848 0.000640327 0.000187602 -0.00653846 0.00293388 0.000811052 0.00112476
internal_weight=764 734 613 52 121 561 529
internal_count=764 734 613 52 121 561 529
is_linear=0
shrinkage=0.05


Tree=29
num_leaves=8
num_cat=0
split_feature=7 5 5 4 7 15 4
split_gain=0.381625 0.388469 0.910328 0.608009 0.391767 0.290332 0.250216
threshold=-0.079404401344423656 0.015940064791217529 0.013955562256358384 0.023408113481808188 0.041349931730334084 0.017801485800590825 0.016690715409977724
decision_type=2 2 2 2 2 2 2
left_child=-1 2 4 -4 5 6 -2
right_child=1 -3 3 -5 -6 -7 -8
leaf_value=-0.00021384375668447996 -6.1557537162659012e-06 0.00010895090606144757 0.00016448186677599057 -0.00045598178162266421 -0.00017621504805716317 -1.3239660878478976e-05 6.7359021189061454e-05
leaf_weight=44 132 103 27 28 39 29 330
leaf_count=44 132 103 27 28 39 29 330
internal_value=0.000423497 0.000712209 0.000213675 -0.00590909 0.000849057 0.00123218 0.0015368
internal_weight=732 688 585 55 530 491 462
internal_count=732 688 585 55 530 491 462
is_linear=0
shrinkage=0.05


Tree=30
num_leaves=8
num_cat=0
split_feature=12 11 8 11 8 1 9
split_gain=0.599699 0.342833 0.435788 0.317772 0.31926 0.305474 0.333994
threshold=-0.052281358654850445 -0.020171834808393903 -0.13571746261717757 -0.015853229563171863 -0.06658047462826637 0.056261400614767927 -0.094572988604181549
decision_type=2 2 10 2 10 2 8
left_child=-1 -2 -3 -4 -5 6 -6
right_child=1 2 3 4 5 -7 -8
leaf_value=-0.00056767200545612228 0.00040133793295836723 -0.00012776217727079265 -0.00030179631883136724 0.00014448919408897965 -4.484442433079574e-05 -0.00015810051542455026 4.4906209489700306e-05
leaf_weight=30 60 34 25 61 83 32 413
leaf_count=30 60 34 25 61 83 32 413
internal_value=0.000257453 0.000550848 0.00021605 0.000521173 0.000755518 0.000359849 0.000665323
internal_weight=738 708 648 614 589 528 496
internal_count=738 708 648 614 589 528 496
is_linear=0
shrinkage=0.05


Tree=31
num_leaves=8
num_cat=0
split_feature=16 14 13 9 8 1 3
split_gain=0.375877 0.412579 0.365207 0.952967 0.336687 0.334721 0.551024
threshold=-0.018679399174593932 0.035942894407802857 19.880000114440922 -0.041625266647720753 -0.087431002682114553 -0.021792647680617169 -0.0017969761867477894
decision_type=2 2 2 8 10 2 2
left_child=1 -1 4 -4 -2 6 -6
right_child=2 -3 3 -5 5 -7 -8
leaf_value=0.00013651638804665017 0.00032983134708376586 -0.00012097264856930683 1.6853921634017516e-05 -0.00062765902799274108 -0.00036250223393742635 2.151526213749297e-05 5.9312598990039308e-06
leaf_weight=82 36 53 49 29 30 415 44
leaf_count=82 36 53 49 29 30 415 44
internal_value=0.000392954 0.00277778 -0.000140962 -0.00333333 0.000333334 -1.02248e-05 -0.00310811
internal_weight=738 135 603 78 525 489 74
internal_count=738 135 603 78 525 489 74
is_linear=0
shrinkage=0.05


Tree=32
num_leaves=8
num_cat=0
split_feature=6 2 12 2 2 3 15
split_gain=0.413483 0.43677 0.622688 0.430437 0.696702 0.536136 0.511449
threshold=-0.53032297148943586 -0.0010775402729853443 0.025891209658118756 0.018982024084627794 0.030615954082407252 -0.0022572609502585768 0.0078766133657585131
decision_type=2 2 2 2 2 2 2
left_child=1 2 -1 6 -5 -6 -2
right_child=3 -3 -4 4 5 -7 -8
leaf_value=9.1915236032393829e-05 -3.3720309405263904e-06 0.00010696923247548848 -2.0756984546176115e-05 -0.00016628204960442052 0.00035970999717930549 -0.00014108811834874626 0.00022089088275882679
leaf_weight=92 233 123 39 27 41 107 89
leaf_count=92 233 123 39 27 41 107 89
internal_value=0.000406125 0.00204724 3.81681e-05 -0.000432595 -0.00242857 -0.00108108 0.000652174
internal_weight=751 254 131 497 175 148 322
internal_count=751 254 131 497 175 148 322
is_linear=0
shrinkage=0.05


Tree=33
num_leaves=8
num_cat=0
split_feature=13 12 12 11 4 9 14
split_gain=0.405875 0.386607 0.594438 0.767815 0.660219 0.694496 0.393732
threshold=12.555000305175783 0.032816307706160404 0.027082991188188469 0.0074730309850676866 0.020374667680874588 -0.21858850524656528 0.078404529959544514
decision_type=2 2 2 2 2 10 2
left_child=-1 2 4 -4 -2 -6 -7
right_child=1 -3 3 -5 5 6 -8
leaf_value=-6.6912596067311529e-05 6.7375302477474665e-05 9.0287217164511456e-05 -0.00020945409515181815 4.9082129360840577e-05 -0.00013640358634406355 5.258290701971394e-05 -0.00016634506066303081
leaf_weight=29 202 203 34 43 25 170 42
leaf_count=29 202 203 34 43 25 170 42
internal_value=0.000454546 0.000688456 -3.87595e-05 -0.00409091 0.000671982 -0.00111814 -0.000188679
internal_weight=748 719 516 77 439 237 212
internal_count=748 719 516 77 439 237 212
is_linear=0
shrinkage=0.05


Tree=34
num_leaves=8
num_cat=0
split_feature=15 6 15 7 15 16 8
split_gain=0.453277 0.344859 0.329093 0.372444 0.3209 0.867348 0.238185
threshold=0.022342594214869286 2.4338075735227114 0.010097070397908416 0.044427905571483579 0.006698710783260787 0.012952978311676746 0.028758585865975687
decision_type=2 2 2 2 2 2 10
left_child=1 2 3 4 -1 -6 -4
right_child=-2 -3 6 -5 5 -7 -8
leaf_value=2.6517011908101093e-05 -0.00010987665519539145 -0.0002866788560014299 0.00016413590697079416 -0.000157546127168167 -8.186088572963412e-05 0.0002145401852415757 -7.2250332886539542e-06
leaf_weight=471 28 25 96 45 29 30 25
leaf_count=471 28 25 96 45 29 30 25
internal_value=0.00052737 0.000769764 0.000977012 0.000478261 0.000849057 -0.00262712 0.00334711
internal_weight=749 721 696 575 530 59 121
internal_count=749 721 696 575 530 59 121
is_linear=0
shrinkage=0.05


Tree=35
num_leaves=8
num_cat=0
split_feature=15 13 14 14 1 8 8
split_gain=0.467902 0.39146 0.291397 0.25286 0.318139 0.322655 0.644153
threshold=0.022342594214869286 12.555000305175783 0.15436855290822041 0.10157519013318318 -0.064036171525818739 -0.05266800332987414 -0.045899006941266023
decision_type=2 2 2 2 2 8 10
left_child=1 -1 3 4 -3 -6 -7
right_child=-2 2 -4 -5 5 6 -8
leaf_value=-0.00030227429814300676 -0.00010774330943448579 -0.00039916602089956502 -0.00039515567511634001 0.00037557466637810276 0.00028587294850413169 -0.0002863429988465553 2.3211463356073906e-05
leaf_weight=30 27 26 27 38 87 44 474
leaf_count=30 27 26 27 38 87 44 474
internal_value=0.000351926 0.000592287 0.000833334 0.00103886 0.000800317 0.00103306 0.000559846
internal_weight=753 726 696 669 631 605 518
internal_count=753 726 696 669 631 605 518
is_linear=0
shrinkage=0.05


Tree=36
num_leaves=8
num_cat=0
split_feature=13 11 4 13 4 6 7
split_gain=0.383517 0.369864 0.826244 0.650333 0.551433 0.368102 0.55573
threshold=16.875000000000004 0.0030141112553000453 0.018703579188306407 15.875000000000002 0.015331038386085594 -0.60351572091774142 -0.019065868088383505
decision_type=2 2 2 2 2 2 2
left_child=1 2 -1 -4 -3 6 -2
right_child=5 4 3 -5 -6 -7 -8
leaf_value=6.2588834394322534e-05 -2.8735024582387007e-05 -0.00020631735717723161 -0.00018295906134338361 0.00013648833961560258 0.00016232234267530188 -1.7891679955743883e-05 0.00011302416792076096
leaf_weight=75 39 28 35 26 233 255 59
leaf_count=75 39 28 35 26 233 255 59
internal_value=0.000533334 0.0015995 -0.000514706 -0.00483607 0.00270115 -0.000665722 0.00193878
internal_weight=750 397 136 61 261 353 98
internal_count=750 397 136 61 261 353 98
is_linear=0
shrinkage=0.05


Tree=37
num_leaves=8
num_cat=0
split_feature=11 15 10 12 11 13 3
split_gain=0.339293 0.447568 0.409135 0.357891 0.413332 0.568362 0.58108
threshold=0.037714619913018062 0.022342594214869286 0.011081127961662387 -0.052281358654850445 -0.021243807178240256 17.180000305175785 -0.0041023421186518463
decision_type=2 2 2 2 2 2 2
left_child=1 2 3 -1 -5 -6 -7
right_child=-2 -3 -4 4 5 6 -8
leaf_value=-0.0005255097743860187 0.00031837923675743601 -0.00010796566705078002 0.00017818879249580259 0.00039256345838829462 1.9382195992682057e-05 9.8257890274490499e-05 -0.00015846745798871336
leaf_weight=27 30 25 36 52 397 56 135
leaf_count=27 30 25 36 52 397 56 135
internal_value=-0.000211082 -0.000425824 -0.000192034 -0.000472264 -0.000234375 -0.000612245 -0.0028534
internal_weight=758 728 703 667 640 588 191
internal_count=758 728 703 667 640 588 191
is_linear=0
shrinkage=0.05


Tree=38
num_leaves=8
num_cat=0
split_feature=6 6 3 6 13 2 4
split_gain=0.348173 0.493549 0.467957 0.435501 0.443837 0.566767 0.576091
threshold=-0.93070854817337845 -0.82934550591064182 0.0025158473193060975 -0.63464241791562293 16.875000000000004 0.018982024084627794 0.018498320567901211
decision_type=2 2 2 2 2 2 2
left_child=2 -2 -1 -3 5 -5 -7
right_child=1 3 -4 4 -6 6 -8
leaf_value=9.9922559370635243e-05 -0.00015542075188020062 0.00022907982513664413 -5.4007626391656114e-05 0.00016571698818335534 -1.1806461977507915e-05 8.3877996866258916e-05 -0.00010234163640712578
leaf_weight=68 36 85 25 167 252 58 57
leaf_count=68 36 85 25 167 252 58 57
internal_value=-1.33688e-05 -0.000419847 0.00284946 -8.88528e-05 -0.000617977 0.000744681 -0.00195652
internal_weight=748 655 93 619 534 282 115
internal_count=748 655 93 619 534 282 115
is_linear=0
shrinkage=0.05


Tree=39
num_leaves=8
num_cat=0
split_feature=11 0 9 9 12 15 15
split_gain=0.32386 0.368434 0.66 0.509804 0.334508 0.358937 0.42876
threshold=0.037714619913018062 0.015575484970243305 -0.055474149083720219 -0.0079231691615105331 -0.038043904409190692 -0.011568631833059393 -0.0089519670878866458
decision_type=2 2 8 10 2 2 2
left_child=1 4 -3 -4 -1 -6 -7
right_child=-2 2 3 -5 5 6 -8
leaf_value=-0.00020651925838763844 0.00033879000420637429 -0.00011153578791402792 0.00045645947128304058 -1.9907085109060411e-06 0.00023853773367462158 -0.00014244071307969769 1.1443123464304221e-05
leaf_weight=44 30 32 26 25 90 33 457
leaf_count=44 30 32 26 25 90 33 457
internal_value=-8.81952e-05 -0.000304102 -0.00343373 9.80394e-05 0.00011218 0.000431035 -0.000102041
internal_weight=737 707 83 51 624 580 490
internal_count=737 707 83 51 624 580 490
is_linear=0
shrinkage=0.05


Tree=40
num_leaves=8
num_cat=0
split_feature=13 13 4 7 9 9 6
split_gain=0.501009 0.350056 0.415277 0.359291 0.826393 0.416413 0.45602
threshold=12.555000305175783 14.465000152587892 0.015331038386085594 0.041349931730334084 0.05078613062582072 0.057329213069798442 -0.59985399249592486
decision_type=2 2 2 2 8 10 2
left_child=-1 2 -2 5 -5 6 -3
right_child=1 3 -4 4 -6 -7 -8
leaf_value=-0.00028703010142893878 -0.00016300335986912061 5.0893279402601304e-05 0.00015954236675505022 -0.000145751463450043 0.00028284166282108706 -1.6512717641266823e-05 -4.5429288866203289e-06
leaf_weight=31 43 128 120 25 36 48 319
leaf_count=31 43 128 120 25 36 48 319
internal_value=-6.66665e-05 0.000201669 0.00223926 -0.000395683 -0.00401639 5.05052e-05 0.000525727
internal_weight=750 719 163 556 61 495 447
internal_count=750 719 163 556 61 495 447
is_linear=0
shrinkage=0.05


Tree=41
num_leaves=8
num_cat=0
split_feature=15 15 8 11 15 1 4
split_gain=0.318068 0.347036 0.700549 0.56369 0.99936 0.574339 0.542884
threshold=0.022342594214869286 0.010097070397908416 0.029548577669190172 0.0069117178035681412 0.0054975492909677967 0.025431903046713836 0.031916109828195309
decision_type=2 2 10 2 2 2 2
left_child=1 3 -3 4 5 6 -1
right_child=-2 2 -4 -5 -6 -7 -8
leaf_value=4.7524844395648591e-05 -0.00010012719278194729 0.00017329852393281484 -5.6805023519032597e-05 3.2130032161358353e-05 -0.00010945071747989007 -0.00020422574502539263 -0.00017485621458887169
leaf_weight=247 25 102 28 252 41 30 27
leaf_count=247 25 102 28 252 41 30 27
internal_value=0.000545213 0.000735901 0.00307692 0.000226131 -0.00108696 -9.8684e-05 0.000620438
internal_weight=752 727 130 597 345 304 274
internal_count=752 727 130 597 345 304 274
is_linear=0
shrinkage=0.05


Tree=42
num_leaves=8
num_cat=0
split_feature=13 11 11 11 1 6 9
split_gain=0.379617 0.598534 0.560406 1.03938 0.521277 0.476405 0.473073
threshold=16.875000000000004 -0.0021053442047123667 0.00053831818388905283 -0.0022567686082941569 0.0041923958847507334 -0.33895131823282432 0.016870150703958368
decision_type=2 2 2 2 2 2 8
left_child=2 5 3 4 -1 -2 -3
right_child=1 6 -4 -5 -6 -7 -8
leaf_value=0.00025022044668532778 0.00018481655461769961 -4.9053328980122379e-06 8.6743383232149742e-05 -0.00028649534231783234 -0.00011484657838302403 -0.00013776006130066155 -3.7084122582952374e-05
leaf_weight=47 66 106 299 25 25 115 70
leaf_count=47 66 106 299 25 25 115 70
internal_value=1.99205e-05 -0.00116246 0.00108586 -0.00221649 0.000833334 0.000856354 -0.00323864
internal_weight=753 357 396 97 72 181 176
internal_count=753 357 396 97 72 181 176
is_linear=0
shrinkage=0.05


Tree=43
num_leaves=8
num_cat=0
split_feature=13 10 4 0 14 8 9
split_gain=0.337125 0.565908 0.67334 0.522654 1.06582 0.774693 0.396642
threshold=16.875000000000004 -0.0041028973297421159 0.017203263701859678 -0.0030122939700537028 -0.081825770158787711 -0.056961741501267586 -0.089662103960532077
decision_type=2 2 2 2 2 10 8
left_child=-1 6 -3 5 -5 -4 -2
right_child=1 2 3 4 -6 -7 -8
leaf_value=2.8449190098186702e-05 -0.0001682656329535868 -0.00030161243274306202 -0.0005262136726220918 -5.8094023702677147e-05 0.00010231307552783782 2.244163407413884e-06 0.0002545111553248287
leaf_weight=397 30 36 32 26 97 39 89
leaf_count=397 30 36 32 26 97 39 89
internal_value=-2.68095e-05 -0.00116046 -0.0026087 -0.0014433 0.000528455 -0.00485915 0.00163866
internal_weight=746 349 230 194 123 71 119
internal_count=746 349 230 194 123 71 119
is_linear=0
shrinkage=0.05


Tree=44
num_leaves=8
num_cat=0
split_feature=13 2 2 1 13 13 1
split_gain=0.47411 0.575013 1.07178 0.60329 0.264442 0.541125 1.48112
threshold=12.555000305175783 0.017183965854226661 0.025621065772315824 0.039715125490649157 16.164999961853031 17.695000648498539 -0.0024293680019775716
decision_type=2 2 2 2 2 2 2
left_child=-1 4 -3 -4 -2 6 -6
right_child=1 2 3 -5 5 -7 -8
leaf_value=-0.00017916071204752775 0.00019713578014122848 -0.00010488651573130011 3.6379813805433081e-05 -0.0001146854355755103 -0.00025576631114785834 3.4439416923113323e-05 0.00024205284079396611
leaf_weight=34 162 30 188 44 50 193 39
leaf_count=34 162 30 188 44 50 193 39
internal_value=0.000472973 0.000750708 -0.00110687 4.31036e-05 0.00184685 0.000921986 -0.00230337
internal_weight=740 706 262 232 444 282 89
internal_count=740 706 262 232 444 282 89
is_linear=0
shrinkage=0.05


Tree=45
num_leaves=8
num_cat=0
split_feature=11 14 15 15 4 9 1
split_gain=0.373657 0.70495 0.669901 0.727049 0.845847 1.1169 0.621852
threshold=0.0072949527951166057 -0.073802250117532039 0.010097070397908416 1.0000000180025095e-35 0.017266055903044124 -0.107772421923214 0.0016032389388597192
decision_type=2 2 2 2 2 8 2
left_child=2 -2 3 6 -5 -6 -1
right_child=1 -3 -4 4 5 -7 -8
leaf_value=5.7585723953155912e-05 -7.8575236790444375e-05 3.3181788159382776e-05 0.00015620389192265907 -0.00035064156657599744 -0.00012257761947173274 4.7253993482045359e-05 -0.00018453070409129362
leaf_weight=152 26 304 70 37 25 59 73
leaf_count=152 26 304 70 37 25 59 73
internal_value=0.000107239 0.00136364 -0.000889423 -0.00179191 -0.00491736 -0.00214286 -0.000111111
internal_weight=746 330 416 346 121 84 225
internal_count=746 330 416 346 121 84 225
is_linear=0
shrinkage=0.05


Tree=46
num_leaves=8
num_cat=0
split_feature=1 15 4 10 16 8 3
split_gain=0.442138 1.08805 0.371023 0.586778 0.421661 0.332308 0.306358
threshold=0.039057979847368036 0.00079352365394225199 0.026230928188117019 0.0078861973708463946 -0.011098813825883623 0.014183445979171318 -0.0072500514203160385
decision_type=2 2 2 2 2 10 2
left_child=2 -2 6 4 -4 -3 -1
right_child=1 5 3 -5 -6 -7 -8
leaf_value=6.3181295144898014e-05 -0.00022514372712121268 0.00034179417341648812 -0.00028660452619148745 -0.00028260015996568782 8.248078220297879e-05 -4.3950140691748026e-06 1.7409215525363089e-05
leaf_weight=51 28 27 34 26 40 25 517
leaf_count=51 28 27 34 26 40 25 517
internal_value=0.000387701 -0.003125 0.000808383 -0.002 0.00027027 0.00115385 0.00130282
internal_weight=748 80 668 100 74 52 568
internal_count=748 80 668 100 74 52 568
is_linear=0
shrinkage=0.05


Tree=47
num_leaves=8
num_cat=0
split_feature=1 0 12 12 12 12 11
split_gain=0.549852 0.396103 0.404943 0.503026 0.529131 0.32006 0.287548
threshold=0.056261400614767927 0.019010493846166824 -0.011548252560612314 -0.023938025174318197 -0.036045899235514094 0.0066896408709551389 0.0033857060530237963
decision_type=2 2 2 2 2 2 2
left_child=1 2 3 4 -1 -4 -7
right_child=-2 -3 5 -5 -6 6 -8
leaf_value=-8.9391880072846276e-05 -9.3368005267385193e-05 -1.500735383393543e-05 0.00017735029787588748 -0.0004746738433682247 0.00024290976667057322 -1.8378882849874315e-06 4.4665767764597497e-05
leaf_weight=59 38 45 105 34 37 157 264
leaf_count=59 38 45 105 34 37 157 264
internal_value=0.000331529 0.000649073 0.000960366 -0.00153846 0.0003125 0.00157795 0.000961995
internal_weight=739 701 656 130 96 526 421
internal_count=739 701 656 130 96 526 421
is_linear=0
shrinkage=0.05


Tree=48
num_leaves=8
num_cat=0
split_feature=1 11 11 11 11 0 1
split_gain=0.416417 0.308627 1.02881 0.542262 0.678075 0.590653 0.78426
threshold=0.056261400614767927 1.0000000180025095e-35 -0.0021053442047123667 -0.0058457765678359688 -0.021243807178240256 -0.013540031858911448 -0.0015410054514358726
decision_type=2 2 2 2 2 2 2
left_child=1 2 3 4 -1 -6 -7
right_child=-2 -3 -4 -5 5 6 -8
leaf_value=0.00025842445758018066 -7.5739164123201115e-05 1.8186282677189736e-05 -0.00031015380390210225 0.00013659220064056658 -0.00012170453244686509 0.00019386714981959444 -0.00029012311109359563
leaf_weight=64 43 427 27 52 28 67 32
leaf_count=64 43 427 27 52 28 67 32
internal_value=0.000472973 0.000767575 -0.000555555 0.000473251 -0.000759162 -0.00287402 -0.00106061
internal_weight=740 697 270 243 191 127 99
internal_count=740 697 270 243 191 127 99
is_linear=0
shrinkage=0.05


Tree=49
num_leaves=8
num_cat=0
split_feature=12 1 4 1 9 0 16
split_gain=0.472101 0.2852 0.33374 0.415401 0.243915 0.225298 0.187123
threshold=-0.052281358654850445 0.056261400614767927 0.028085965348683354 -0.021082725051515313 0.10425279967783897 0.020510707696859923 0.02969508724787218
decision_type=2 2 2 2 10 2 2
left_child=-1 2 4 -4 5 6 -2
right_child=1 -3 3 -5 -6 -7 -8
leaf_value=-0.00043952572662300684 4.0860390859030029e-05 -8.5517210488872901e-05 -9.5976967249138779e-05 6.6137011528782724e-05 -1.2524139464507189e-05 -3.1407813981770698e-06 6.5788525203911657e-07
leaf_weight=29 451 37 39 25 44 27 81
leaf_count=29 451 37 39 25 44 27 81
internal_value=0.000907231 0.00116477 0.0014018 -0.00203125 0.00176617 0.0020483 0.00227444
internal_weight=733 704 667 64 603 559 532
internal_count=733 704 667 64 603 559 532
is_linear=0
shrinkage=0.05


Tree=50
num_leaves=8
num_cat=0
split_feature=14 1 15 14 3 15 9
split_gain=0.670656 0.525078 0.813154 0.548204 0.371708 0.75 0.738817
threshold=-0.035401414565419224 0.039057979847368036 0.00031261963004491916 -0.024483541073895273 -0.00067693523048206739 -0.0012979835974883944 -0.050376546354977507
decision_type=2 2 2 2 2 2 10
left_child=-1 3 -3 -2 5 -5 -7
right_child=1 2 -4 4 -6 6 -8
leaf_value=0.0001531710613224647 -6.4020275931304864e-05 -0.00020009701854066363 0.0002578263398762695 3.0233587229758323e-05 4.0254797513617785e-05 -4.1678694054518511e-05 -0.00033429392325399912
leaf_weight=202 39 29 28 144 226 44 28
leaf_count=202 39 29 28 144 226 44 28
internal_value=0.000810811 -0.000111524 -0.00464912 0.000426196 0.000927602 -0.000555555 -0.00472222
internal_weight=740 538 57 481 442 216 72
internal_count=740 538 57 481 442 216 72
is_linear=0
shrinkage=0.05


Tree=51
num_leaves=8
num_cat=0
split_feature=7 9 6 3 7 10 11
split_gain=0.435844 0.599109 0.370239 0.420804 0.607116 0.743638 0.591252
threshold=0.040096458282539278 0.069181368445691907 -0.9154541847672385 -0.0007146795539404448 -0.015658330392741723 -0.0042544467454991288 0.0074730309850676866
decision_type=2 8 2 2 2 2 2
left_child=2 -2 -1 4 5 -4 -7
right_child=1 -3 3 -5 -6 6 -8
leaf_value=3.3318323085947829e-05 -0.00010413203299578208 0.00028096851700129939 0.00014723979898783799 4.6946497719083627e-05 1.5613653290572061e-05 -0.00031816783641618415 -5.4679985275733844e-08
leaf_weight=91 35 39 44 341 134 51 27
leaf_count=91 35 39 44 341 134 51 27
internal_value=0.000538058 -0.00310811 0.000930233 0.000477387 -0.00105469 -0.00360656 -0.00653846
internal_weight=762 74 688 597 256 122 78
internal_count=762 74 688 597 256 122 78
is_linear=0
shrinkage=0.05


Tree=52
num_leaves=8
num_cat=0
split_feature=7 9 14 16 6 9 1
split_gain=0.507703 0.709788 0.419907 0.440176 0.394854 0.267638 0.612082
threshold=0.040096458282539278 0.069181368445691907 -0.081825770158787711 0.0048376801279400592 2.3467908903841344 -0.02506489116946314 0.0041923958847507334
decision_type=2 8 2 2 2 10 2
left_child=2 -2 3 -1 5 -4 -7
right_child=1 -3 4 -5 -6 6 -8
leaf_value=3.6489812862326104e-05 -9.5057181778761092e-05 0.00026692009115123443 4.789731998241084e-05 -2.9874152385723119e-05 -0.00018307736291090336 -2.1981043205536796e-05 7.8099614118050289e-05
leaf_weight=34 37 39 402 27 25 104 80
leaf_count=34 37 39 402 27 25 104 80
internal_value=0.000320856 -0.00355263 0.000758929 -0.00319672 0.00115385 0.00141638 -0.000163043
internal_weight=748 76 672 61 611 586 184
internal_count=748 76 672 61 611 586 184
is_linear=0
shrinkage=0.05


Tree=53
num_leaves=8
num_cat=0
split_feature=15 6 5 3 4 4 3
split_gain=0.459118 0.508746 0.475901 0.953418 0.545805 0.661292 0.512326
threshold=0.022342594214869286 -0.10420136345911461 0.014194186116613978 7.3928492170249896e-05 0.020938869512508462 0.020102014667994144 -0.0020076680881548343
decision_type=2 2 2 2 2 2 2
left_child=1 -1 4 -4 5 6 -3
right_child=-2 2 3 -5 -6 -7 -8
leaf_value=2.5481223055407019e-05 -7.1369395717400729e-05 -0.00023078188373494416 3.7814909676088906e-05 -0.00046627615849444728 0.00026901870142192634 -5.8779618473107228e-05 0.0001585153318655045
leaf_weight=397 27 55 36 31 74 25 98
leaf_count=397 27 55 36 31 74 25 98
internal_value=0.000289368 0.000530726 -0.000956113 -0.00470149 3.96827e-05 -0.00146067 -0.000228758
internal_weight=743 716 319 67 252 178 153
internal_count=743 716 319 67 252 178 153
is_linear=0
shrinkage=0.05


Tree=54
num_leaves=8
num_cat=0
split_feature=15 5 7 9 11 16 9
split_gain=0.559953 0.813154 0.565925 1.11846 0.489793 0.611193 0.635426
threshold=0.017801485800590825 0.013443758359649628 0.040096458282539278 0.069181368445691907 0.0033857060530237963 0.011504183412818116 -0.02506489116946314
decision_type=2 2 2 8 2 2 10
left_child=2 -2 4 -4 5 6 -1
right_child=1 -3 3 -5 -6 -7 -8
leaf_value=4.141208681521525e-05 -4.1288413039908897e-05 0.00022868881236772078 -9.7054605034563272e-05 0.00026805935058252321 3.3855475367472681e-05 -0.00014461680195749157 -0.00014656716484187836
leaf_weight=199 29 28 32 36 320 28 75
leaf_count=199 29 28 32 36 320 28 75
internal_value=0.000113789 -0.00464912 0.000507247 -0.00382353 0.000980708 -0.000463576 0.000255475
internal_weight=747 57 690 68 622 302 274
internal_count=747 57 690 68 622 302 274
is_linear=0
shrinkage=0.05


Tree=55
num_leaves=8
num_cat=0
split_feature=15 9 11 11 3 1 6
split_gain=0.358191 1.03177 0.347202 1.07574 0.402843 0.607676 0.699467
threshold=0.017801485800590825 -0.069248674595040235 0.00053831818388905283 -0.0020344907928250828 -0.0091323661026185814 -0.01812695747004139 -0.16746884180517738
decision_type=2 10 2 2 2 2 2
left_child=2 -2 3 4 -1 -6 -7
right_child=1 -3 -4 -5 5 6 -8
leaf_value=-7.3328626049530102e-05 0.00018105120467277775 -0.00019471312241939309 2.404467537779363e-05 -0.00027648746326360848 0.00027477039109373674 0.00012883750979438151 -0.00028109534740002523
leaf_weight=31 36 25 424 37 76 70 64
leaf_count=31 36 25 424 37 76 70 64
internal_value=0.000478375 -0.00319672 0.000797721 -0.000575539 0.000643154 0.00142857 -0.000597015
internal_weight=763 61 702 278 241 210 134
internal_count=763 61 702 278 241 210 134
is_linear=0
shrinkage=0.05


Tree=56
num_leaves=8
num_cat=0
split_feature=15 11 1 15 13 6 3
split_gain=0.434916 0.981252 0.500504 0.356576 0.331752 0.777767 0.671646
threshold=0.018020528034453091 0.0070762794177224872 0.056261400614767927 0.012955036960885515 16.875000000000004 -0.35230871224097116 0.00040724828233151827
decision_type=2 2 2 2 2 2 2
left_child=2 -2 3 4 -1 -6 -7
right_child=1 -3 -4 -5 5 6 -8
leaf_value=2.8033928427402951e-05 0.0002068057286783602 -0.00015829647494616209 -5.1885276423915992e-05 0.00032057444529194558 1.9478774378340388e-05 -2.0219337864947314e-05 -0.00042405485576635512
leaf_weight=326 25 29 33 45 122 98 61
leaf_count=326 25 29 33 45 122 98 61
internal_value=6.08933e-05 -0.00425926 0.00040146 0.000705522 0.00038715 -0.000871886 -0.0031761
internal_weight=739 54 685 652 607 281 159
internal_count=739 54 685 652 607 281 159
is_linear=0
shrinkage=0.05


Tree=57
num_leaves=8
num_cat=0
split_feature=12 5 11 1 5 2 11
split_gain=0.392965 1.18501 0.285639 0.430524 0.73385 0.416119 0.567139
threshold=-0.038043904409190692 0.016089776463917842 0.0072949527951166057 0.013342036959826055 0.012409581525605132 -0.015448249263571244 -0.0021053442047123667
decision_type=2 2 2 2 2 2 2
left_child=1 -1 3 5 -5 6 -2
right_child=2 -3 -4 4 -6 -7 -8
leaf_value=-0.00040342138537064181 8.6452905386449886e-05 0.00012050366647478029 4.6728142475926528e-05 -0.00044873330877895064 5.691853375734594e-06 6.7956868924348094e-05 -0.00021460883282489659
leaf_weight=29 104 32 311 32 39 140 48
leaf_count=29 104 32 311 32 39 140 48
internal_value=0.000646259 -0.00319672 0.000994065 4.13225e-05 -0.0034507 0.000890411 -0.000921052
internal_weight=735 61 674 363 71 292 152
internal_count=735 61 674 363 71 292 152
is_linear=0
shrinkage=0.05


Tree=58
num_leaves=8
num_cat=0
split_feature=1 12 14 15 3 13 5
split_gain=0.575057 0.492692 0.458728 0.4434 0.710313 0.570822 0.719434
threshold=0.056261400614767927 -0.052281358654850445 -0.035401414565419224 -0.0017582882990395674 0.0034795539976356653 13.744999885559084 0.012338422730652703
decision_type=2 2 2 2 2 2 2
left_child=1 -1 -3 4 -4 -5 -7
right_child=-2 2 3 5 -6 6 -8
leaf_value=-0.00038353494694071545 -3.5817128972244877e-05 7.6211216687271309e-05 6.4693906703811016e-05 0.00010221225024097518 -0.00010118780347847159 -0.00020560472599457028 7.0060179025255114e-06
leaf_weight=28 38 189 213 65 44 86 87
leaf_count=28 38 189 213 65 44 86 87
internal_value=0.000466667 0.000786517 0.00105263 0.000252525 0.00169261 -0.00130252 -0.00280347
internal_weight=750 712 684 495 257 238 173
internal_count=750 712 684 495 257 238 173
is_linear=0
shrinkage=0.05


Tree=59
num_leaves=8
num_cat=0
split_feature=10 6 16 9 2 15 0
split_gain=0.455088 0.525548 0.512161 0.592802 0.481014 0.420838 0.399183
threshold=-3.2316766858164751e-05 -0.85769473915319805 0.030388866974466636 -0.097335269789203524 -0.08059459520038191 0.010776453418430367 -0.00088660940972146152
decision_type=2 2 2 8 2 2 2
left_child=1 -1 4 -4 -2 -5 -3
right_child=2 6 3 5 -6 -7 -8
leaf_value=4.6850850154627937e-05 -8.2109664612047182e-05 1.3000980949036737e-06 0.0002931653354924046 6.8758025404019608e-05 6.6651278274211436e-05 -3.9327746819608764e-05 -0.00012048436105015719
leaf_weight=40 43 181 26 36 302 25 105
leaf_count=40 43 181 26 36 302 25 105
internal_value=0.00104222 -0.000368098 0.00210648 -0.00132184 0.00297101 -0.00401639 -0.00111888
internal_weight=758 326 432 87 345 61 286
internal_count=758 326 432 87 345 61 286
is_linear=0
shrinkage=0.05


Tree=60
num_leaves=8
num_cat=0
split_feature=12 1 4 3 3 14 13
split_gain=0.362974 0.580235 0.331802 0.867941 0.365497 0.364068 0.32289
threshold=-0.010634821304977891 0.060145366296687326 0.016331805295295428 0.0027103473567094975 -0.0012203229273055058 -0.034475777702634207 19.105000495910648
decision_type=2 2 2 2 2 2 2
left_child=6 2 3 4 -2 -4 -1
right_child=1 -3 5 -5 -6 -7 -8
leaf_value=7.9556076058087029e-05 -7.4300552080913934e-05 -3.8029047039882187e-05 0.00010979663507075585 -0.00033041370684969157 0.00023055046793573087 6.9542733189927383e-06 -0.00022698126950493355
leaf_weight=64 36 27 129 30 40 333 94
leaf_count=64 36 27 129 30 40 333 94
internal_value=0.000484728 0.00105042 0.00139085 -0.00113208 0.00171053 0.0019697 -0.00164557
internal_weight=753 595 568 106 76 462 158
internal_count=753 595 568 106 76 462 158
is_linear=0
shrinkage=0.05


Tree=61
num_leaves=8
num_cat=0
split_feature=6 6 11 7 8 9 16
split_gain=0.606147 0.48414 0.378752 0.707149 0.529103 0.802184 1.37892
threshold=-1.2717899882871944 -0.93070854817337845 0.00023769852102906167 0.03550135130499877 0.017655652266512337 -0.046515504487640517 -0.012917653549342044
decision_type=2 2 2 2 10 10 2
left_child=-1 -2 3 4 5 -3 -7
right_child=1 2 -4 -5 -6 6 -8
leaf_value=-1.1089506880697151e-05 5.1662708187596498e-05 5.725570099747237e-05 1.0265609261390005e-05 -0.00030495297982481784 0.00031132072002611308 0.00010391632514206674 -0.00019973832183382262
leaf_weight=25 66 131 396 25 41 27 25
leaf_count=25 66 131 396 25 41 27 25
internal_value=0.000652174 0.000921238 0.000503876 -0.0010241 -0.000133928 -0.00128415 -0.00653846
internal_weight=736 711 645 249 224 183 52
internal_count=736 711 645 249 224 183 52
is_linear=0
shrinkage=0.05


Tree=62
num_leaves=8
num_cat=0
split_feature=5 16 5 12 6 13 14
split_gain=0.334501 0.331906 0.643809 0.815533 0.403 0.623833 0.679636
threshold=0.00863380130254497 0.02969508724787218 0.015562991052388326 0.037030624356881099 -0.35230871224097116 16.775000572204593 -0.015515001009757
decision_type=2 2 2 2 2 2 2
left_child=-1 4 3 -3 -2 -6 -7
right_child=1 2 -4 -5 5 6 -8
leaf_value=-0.00019582314976656075 3.0882716930178581e-05 -5.1670440687539701e-05 0.0001986071724884926 3.7684786005910464e-05 0.00015101686545363282 3.5849641317487737e-05 -0.00027757858137222792
leaf_weight=27 267 41 30 34 169 84 99
leaf_count=27 267 41 30 34 169 84 99
internal_value=0.00120506 0.00140884 -0.00119048 -0.00366667 0.00184976 0.000738637 -0.00128415
internal_weight=751 724 105 75 619 352 183
internal_count=751 724 105 75 619 352 183
is_linear=0
shrinkage=0.05


Tree=63
num_leaves=8
num_cat=0
split_feature=13 13 14 9 14 14 8
split_gain=0.652234 0.453592 0.370635 0.296274 0.284483 0.588808 0.664803
threshold=12.555000305175783 23.265000343322757 0.080638292039736062 -0.14301147186685412 -0.035401414565419224 -0.0070547548707520216 0.03259566264347858
decision_type=2 2 2 10 2 2 8
left_child=-1 2 4 -3 -2 6 -6
right_child=1 3 -4 -5 5 -7 -8
leaf_value=-0.00017831959456508529 0.00010207010885653096 8.5559772683026e-05 0.00015698827271250489 -0.00029064899753739867 3.0324484843238945e-06 1.7827908122626696e-05 -0.00029449425845454598
leaf_weight=31 179 26 68 37 98 274 39
leaf_count=31 179 26 68 37 98 274 39
internal_value=0.00081117 0.00111651 0.00150456 -0.00293651 0.0011017 0.000377129 -0.00229927
internal_weight=752 721 658 63 590 411 137
internal_count=752 721 658 63 590 411 137
is_linear=0
shrinkage=0.05


Tree=64
num_leaves=8
num_cat=0
split_feature=4 4 12 1 12 12 16
split_gain=0.337221 0.779288 0.549148 0.542317 0.384332 0.668424 0.487747
threshold=0.020102014667994144 0.020938869512508462 0.023812257227728287 -0.019655461766845569 0.062788552899160646 0.019260487188196843 0.030850312024347407
decision_type=2 2 2 2 2 2 2
left_child=2 -2 -1 -4 5 6 -3
right_child=1 4 3 -5 -6 -7 -8
leaf_value=0.00012054071126189013 -2.8456113894579962e-05 1.4679620053423382e-05 -0.00019665403796785501 6.5609352901971648e-06 -1.2327532405948705e-05 0.00017871474847510016 -5.2720229631143687e-05
leaf_weight=164 48 178 25 181 30 75 31
leaf_count=164 48 178 25 181 30 75 31
internal_value=0.000560109 -0.000524862 0.00162162 -9.70872e-05 0.000382166 0.000950704 -0.000502392
internal_weight=732 362 370 206 314 284 209
internal_count=732 362 370 206 314 284 209
is_linear=0
shrinkage=0.05


Tree=65
num_leaves=8
num_cat=0
split_feature=13 3 3 11 13 7 0
split_gain=0.31775 0.384738 0.585286 0.453938 0.450233 1.19247 0.873118
threshold=12.555000305175783 0.0055695630161859419 0.0063848061231694961 0.013766763160974362 19.880000114440922 0.0062695065663699321 -0.013540031858911448
decision_type=2 2 2 2 2 2 2
left_child=-1 4 -3 -4 -2 6 -6
right_child=1 2 3 -5 5 -7 -8
leaf_value=-0.00015957091339265916 2.3564968700316525e-05 -2.258981666974211e-05 5.3011172684274769e-05 -5.8841794504714238e-05 -0.00040263619605333389 -0.00029002825272143152 0.00010806400839233945
leaf_weight=31 492 25 47 30 35 34 58
leaf_count=31 492 25 47 30 35 34 58
internal_value=0.000279255 0.000492372 -0.00235294 -0.000194805 0.000961228 -0.00169291 0.00123656
internal_weight=752 721 102 77 619 127 93
internal_count=752 721 102 77 619 127 93
is_linear=0
shrinkage=0.05


Tree=66
num_leaves=8
num_cat=0
split_feature=10 1 2 4 9 6 9
split_gain=0.338969 0.669727 0.6135 0.30312 0.392746 0.364674 0.386159
threshold=-3.2316766858164751e-05 0.01257719266012758 0.023903950031229141 0.016741388729940885 -0.094572988604181549 -0.46877055380976868 -0.089662103960532077
decision_type=2 2 2 2 10 2 8
left_child=1 3 -3 4 -1 -5 -7
right_child=-2 2 -4 5 -6 6 -8
leaf_value=0.00016362304799507019 1.8183221510615421e-05 4.2880779542867143e-05 -0.00011382078878317 0.00011546942568778076 -0.00016738121522880741 -0.00011638622937786697 0.00011167194094697635
leaf_weight=29 429 41 45 61 25 40 75
leaf_count=29 429 41 45 61 25 40 75
internal_value=0.000704698 -0.000537974 -0.00430233 0.000869565 -0.00240741 0.001875 0.000217391
internal_weight=745 316 86 230 54 176 115
internal_count=745 316 86 230 54 176 115
is_linear=0
shrinkage=0.05


Tree=67
num_leaves=8
num_cat=0
split_feature=11 16 4 8 10 15 12
split_gain=0.377617 0.606366 0.507894 0.66336 0.440095 0.619558 1.09149
threshold=0.025508848097117291 0.02969508724787218 0.026230928188117019 -0.098834357201009901 0.0059882716894145158 -0.00078920964571782537 0.035394103010096385
decision_type=2 2 2 10 2 2 2
left_child=1 2 4 -4 5 -1 -7
right_child=-2 -3 3 -5 -6 6 -8
leaf_value=1.7854878179396381e-05 0.00014712216577247555 -3.5360823493834247e-05 8.253500323565638e-05 -0.0003591750561165155 0.00014031722443095954 -7.7993329990766534e-05 0.00011401174190166978
leaf_weight=254 81 49 49 39 105 120 65
leaf_count=254 81 49 49 39 105 120 65
internal_value=0.000538058 0.000154185 0.00056962 -0.00295455 0.00113971 0.000444192 -0.00175676
internal_weight=762 681 632 88 544 439 185
internal_count=762 681 632 88 544 439 185
is_linear=0
shrinkage=0.05


Tree=68
num_leaves=8
num_cat=0
split_feature=6 3 12 3 1 9 5
split_gain=0.618624 0.351058 0.488559 0.342121 0.335773 0.829708 0.357806
threshold=-0.49885513735991166 0.0092938172038556938 -0.039191714476565991 0.0055695630161859419 -0.0030300318917412246 0.0014869609340862901 0.01268864655240416
decision_type=2 2 2 2 2 10 2
left_child=-1 2 -2 4 5 -4 -6
right_child=1 -3 3 -5 6 -7 -8
leaf_value=3.3755162117826309e-05 -0.00028898344276290678 0.00025900382663425893 1.357552188218349e-05 -5.6136242600348623e-05 2.9411659133066626e-06 -0.000231990632703291 0.00018845417984967401
leaf_weight=258 30 31 143 43 134 34 80
leaf_count=258 30 31 143 43 134 34 80
internal_value=0.000883134 -0.000151515 -0.000495689 -6.91242e-05 0.00039642 -0.00121469 0.00172897
internal_weight=753 495 464 434 391 177 214
internal_count=753 495 464 434 391 177 214
is_linear=0
shrinkage=0.05


Tree=69
num_leaves=8
num_cat=0
split_feature=15 6 13 14 14 12 8
split_gain=0.410889 0.405905 0.394424 0.376145 0.959181 0.569247 0.356334
threshold=0.022342594214869286 -0.49885513735991166 23.265000343322757 -0.015515001009757 -0.0070547548707520216 0.04102656469090827 0.03259566264347858
decision_type=2 2 2 2 2 2 10
left_child=1 -1 3 6 -5 -6 -3
right_child=-2 2 -4 4 5 -7 -8
leaf_value=2.6650675706734727e-05 -2.4832695278521208e-05 0.00020719014149408489 -0.00014588051187703537 -0.00035347681682824499 1.9528227918267098e-05 -0.00010365092382144317 -5.1227652456672135e-05
leaf_weight=250 30 135 35 33 184 48 35
leaf_count=250 30 135 35 33 184 48 35
internal_value=0.000733334 0.000972222 0.000106383 0.000517242 -0.000660377 0.000474138 0.00235294
internal_weight=750 720 470 435 265 232 170
internal_count=750 720 470 435 265 232 170
is_linear=0
shrinkage=0.05


Tree=70
num_leaves=8
num_cat=0
split_feature=13 7 7 13 14 16 13
split_gain=0.581274 0.460194 0.436806 0.700299 0.762347 0.988297 0.4268
threshold=12.555000305175783 -0.0041458003321021555 0.001592585615954434 17.875000000000004 -0.011938112467112181 -0.0048392754327057355 16.375000000000004
decision_type=2 2 2 2 2 2 2
left_child=-1 -2 -3 6 -5 -6 -4
right_child=1 2 3 4 5 -7 -8
leaf_value=-0.00016253768115854063 3.6735770974557274e-05 -3.6528776003068275e-05 1.607182933915119e-06 8.5310061601351276e-06 -0.00014676000520133861 -0.00014703302411002433 0.00011158528488706625
leaf_weight=31 314 38 192 37 34 30 65
leaf_count=31 314 38 192 37 34 30 65
internal_value=0.000411606 0.000704226 -0.000429293 0.000111732 -0.00341584 -0.00671875 0.00149805
internal_weight=741 710 396 358 101 64 257
internal_count=741 710 396 358 101 64 257
is_linear=0
shrinkage=0.05


Tree=71
num_leaves=8
num_cat=0
split_feature=1 3 15 4 0 1 9
split_gain=0.324201 0.443078 0.612189 0.293005 1.28058 0.390571 0.7886
threshold=0.039057979847368036 -0.0013902519029735936 0.0061822859673967842 0.015331038386085594 0.0034962782068035385 -0.00099399466395566605 0.017748639967642869
decision_type=2 2 2 2 2 2 10
left_child=3 -2 -3 4 -1 6 -5
right_child=1 2 -4 5 -6 -7 -8
leaf_value=7.0983084302956686e-05 0.00011785940461676648 -9.1560553155259957e-05 0.00022522311138742707 1.1988604306510127e-05 -0.00033003798561026309 5.5179065555009095e-05 -0.00010023655297440885
leaf_weight=37 26 31 25 288 25 269 46
leaf_count=37 26 31 25 288 25 269 46
internal_value=0.000649264 -0.00231707 -0.00482143 0.00101504 -0.00225806 0.00135158 0.000209581
internal_weight=747 82 56 665 62 603 334
internal_count=747 82 56 665 62 603 334
is_linear=0
shrinkage=0.05


Tree=72
num_leaves=8
num_cat=0
split_feature=12 7 13 9 2 6 2
split_gain=0.325648 0.717501 0.562279 0.500652 0.410825 0.407944 0.580234
threshold=0.041818046431123419 -0.0030675697017004673 18.365000724792484 -0.020995478717826973 -0.14148099298147684 -0.82934550591064182 0.018982024084627794
decision_type=2 2 2 8 2 2 2
left_child=1 4 5 -4 -1 -3 -7
right_child=-2 2 3 -5 -6 6 -8
leaf_value=-4.9141538181751493e-05 1.8098581641628153e-05 -6.4085297241980128e-05 6.8494180495791111e-06 -0.00023699735510571566 3.9041310155485788e-05 0.00013403833594819784 -7.7841275961277015e-06
leaf_weight=29 147 34 33 34 275 70 125
leaf_count=29 147 34 33 34 275 70 125
internal_value=0.000850067 0.000333334 -0.00141892 -0.00544776 0.00203947 -0.000240174 0.000641026
internal_weight=747 600 296 67 304 229 195
internal_count=747 600 296 67 304 229 195
is_linear=0
shrinkage=0.05


Tree=73
num_leaves=8
num_cat=0
split_feature=6 11 13 2 12 0 5
split_gain=0.42496 0.41157 0.671461 0.58023 0.362796 0.503057 0.659184
threshold=-0.53032297148943586 -0.021243807178240256 19.214999198913578 -0.0063146087399866815 0.035909029638549812 -0.00088660940972146152 0.012409581525605132
decision_type=2 2 2 2 2 2 2
left_child=-1 -2 4 -4 5 -3 -7
right_child=1 2 3 -5 -6 6 -8
leaf_value=1.2201846452084467e-05 0.0003304809464920911 2.2204550820698172e-05 -1.2464677170142952e-05 -0.00033132610900195206 8.6387332047582529e-05 -0.00010268541606296977 3.4633796851974669e-05
leaf_weight=245 55 112 52 25 112 80 65
leaf_count=245 55 112 52 25 112 80 65
internal_value=0.000844504 9.98023e-06 -0.000493273 -0.00474026 0.000392954 -0.000642023 -0.00258621
internal_weight=746 501 446 77 369 257 145
internal_count=746 501 446 77 369 257 145
is_linear=0
shrinkage=0.05


Tree=74
num_leaves=8
num_cat=0
split_feature=1 1 13 1 8 2 1
split_gain=0.4393 0.837426 0.524845 0.431742 0.477078 0.445642 0.775068
threshold=0.01257719266012758 0.015170812271243951 18.365000724792484 0.0054430655335968589 0.029548577669190172 -0.07462043958068347 -0.021082725051515313
decision_type=2 2 2 2 10 2 2
left_child=3 -2 -3 4 5 6 -1
right_child=1 2 -4 -5 -6 -7 -8
leaf_value=-0.00024888556622206122 -8.947706314089854e-05 7.59033035914952e-05 -9.0580945085826781e-05 0.00011020153292292759 -0.00021367418812039661 9.7511911638339303e-06 0.00014644983617197557
leaf_weight=59 28 161 46 73 44 302 41
leaf_count=59 28 161 46 73 44 302 41
internal_value=0.000623342 -0.00117021 -7.24636e-05 0.00143545 0.000852018 0.00139303 -0.0015
internal_weight=754 235 207 519 446 402 100
internal_count=754 235 207 519 446 402 100
is_linear=0
shrinkage=0.05


end of trees

feature_importances:
ret_5d=52
vix_level=43
sector_ret_1d=39
spy_ret_5d=38
dvol_z_20=37
dist_ma200=35
vix_chg_1d=31
atr_pct=30
spy_ret_20d=29
overnight_gap=27
dist_ma20=27
spy_ret_1d=26
ret_1d=24
sector_ret_5d=24
dist_ma50=23
ret_20d=22
parkinson_20=18

parameters:
[boosting: gbdt]
[objective: quantile]
[metric: quantile]
[tree_learner: serial]
[device_type: cpu]
[data_sample_strategy: bagging]
[data: ]
[valid: ]
[num_iterations: 80]
[learning_rate: 0.05]
[num_leaves: 8]
[num_threads: 1]
[seed: 0]
[deterministic: 0]
[force_col_wise: 1]
[force_row_wise: 0]
[histogram_pool_size: -1]
[max_depth: -1]
[min_data_in_leaf: 25]
[min_sum_hessian_in_leaf: 0.001]
[bagging_fraction: 0.9]
[pos_bagging_fraction: 1]
[neg_bagging_fraction: 1]
[bagging_freq: 1]
[bagging_seed: 3]
[bagging_by_query: 0]
[feature_fraction: 0.9]
[feature_fraction_bynode: 1]
[feature_fraction_seed: 2]
[extra_trees: 0]
[extra_seed: 6]
[early_stopping_round: 0]
[early_stopping_min_delta: 0]
[first_metric_only: 0]
[max_delta_step: 0]
[lambda_l1: 0]
[lambda_l2: 0]
[linear_lambda: 0]
[min_gain_to_split: 0]
[drop_rate: 0.1]
[max_drop: 50]
[skip_drop: 0.5]
[xgboost_dart_mode: 0]
[uniform_drop: 0]
[drop_seed: 4]
[top_rate: 0.2]
[other_rate: 0.1]
[min_data_per_group: 100]
[max_cat_threshold: 32]
[cat_l2: 10]
[cat_smooth: 10]
[max_cat_to_onehot: 4]
[top_k: 20]
[monotone_constraints: ]
[monotone_constraints_method: basic]
[monotone_penalty: 0]
[feature_contri: ]
[forcedsplits_filename: ]
[refit_decay_rate: 0.9]
[cegb_tradeoff: 1]
[cegb_penalty_split: 0]
[cegb_penalty_feature_lazy: ]
[cegb_penalty_feature_coupled: ]
[path_smooth: 0]
[interaction_constraints: ]
[verbosity: -1]
[saved_feature_importance_type: 0]
[use_quantized_grad: 0]
[num_grad_quant_bins: 4]
[quant_train_renew_leaf: 0]
[stochastic_rounding: 1]
[linear_tree: 0]
[max_bin: 255]
[max_bin_by_feature: ]
[min_data_in_bin: 3]
[bin_construct_sample_cnt: 200000]
[data_random_seed: 1]
[is_enable_sparse: 1]
[enable_bundle: 1]
[use_missing: 1]
[zero_as_missing: 0]
[feature_pre_filter: 1]
[pre_partition: 0]
[two_round: 0]
[header: 0]
[label_column: ]
[weight_column: ]
[group_column: ]
[ignore_column: ]
[categorical_feature: ]
[forcedbins_filename: ]
[precise_float_parser: 0]
[parser_config_file: ]
[objective_seed: 5]
[num_class: 1]
[is_unbalance: 0]
[scale_pos_weight: 1]
[sigmoid: 1]
[boost_from_average: 1]
[reg_sqrt: 0]
[alpha: 0.1]
[fair_c: 1]
[poisson_max_delta_step: 0.7]
[tweedie_variance_power: 1.5]
[lambdarank_truncation_level: 30]
[lambdarank_norm: 1]
[label_gain: ]
[lambdarank_position_bias_regularization: 0]
[eval_at: ]
[multi_error_top_k: 1]
[auc_mu_weights: ]
[num_machines: 1]
[local_listen_port: 12400]
[time_out: 120]
[machine_list_filename: ]
[machines: ]
[gpu_platform_id: -1]
[gpu_device_id: -1]
[gpu_device_id_list: ]
[gpu_use_dp: 0]
[num_gpu: 1]

end of parameters

pandas_categorical:[]
