tree
version=v4
num_class=1
num_tree_per_iteration=1
label_index=0
max_feature_idx=16
objective=quantile
feature_names=ret_1d ret_5d ret_20d overnight_gap atr_pct parkinson_20 dvol_z_20 dist_ma20 dist_ma50 dist_ma200 spy_ret_1d spy_ret_5d spy_ret_20d vix_level vix_chg_1d sector_ret_1d sector_ret_5d
feature_infos=[-0.073961092603790135:0.10548505488596382] [-0.11383482937652434:0.12854089237412314] [-0.1909673585721563:0.26658630140087403] [-0.050173145990428547:0.056459686269964227] [0.013581844350577753:0.053874228411305583] [0.0087622685286788994:0.02906234858628268] [-2.0294164111587185:4.2434618098856252] [-0.12698123204145062:0.13865829090317616] [-0.20167894580816115:0.14421031619244729] [-0.18153017262499904:0.28553144680615872] [-0.058542971330535654:0.10501930183911301] [-0.11496151859245618:0.082843162776128354] [-0.1226559005192206:0.15756591020035837] [11.859999656677246:52.330001831054688] [-0.35753873962348437:0.74039073966007019] [-0.060400368534546778:0.10888055657805773] [-0.11617886647053255:0.1006018727753657]
tree_sizes=825 863 866 871 861 867 858 868 867 862 870 857 868 863 871 855 862 859 860 864 863 870 865 862 864 869 863 856 864 865 860 863 860 870 863 851 879 862 876 866 868 866 872 863 861 866

Tree=0
num_leaves=8
num_cat=0
split_feature=12 8 14 2 4 9 2
split_gain=1.72345 1.17321 0.949216 1.34069 1.79718 0.903686 0.687775
threshold=-0.05793872793170584 0.076356315732579852 0.052213768787031663 0.0016430370870011981 0.020837323458761537 -0.048074692051192129 0.069767681669927986
decision_type=2 8 2 2 2 10 2
left_child=-1 2 5 -4 -5 -2 -7
right_child=1 -3 3 4 -6 6 -8
leaf_value=0.020211131152242424 0.019942417803347025 0.019494065392548478 0.019761453617282321 0.0199046110752076 0.02076144960476236 0.019721341589050569 0.020160367939376856
leaf_weight=25 117 178 49 29 26 279 43
leaf_count=25 117 178 49 29 26 279 43
internal_value=0.0199632 0.0195157 0.0206705 0.0249655 0.0303239 0.019653 0.0182855
internal_weight=746 721 543 104 55 439 322
internal_count=746 721 543 104 55 439 322
is_linear=0
shrinkage=1


Tree=1
num_leaves=8
num_cat=0
split_feature=12 14 0 9 7 11 3
split_gain=2.67561 0.889027 0.946509 0.579545 0.565341 0.858376 0.56305
threshold=-0.051373899775069835 0.055948056460050417 -0.0075967829765932185 0.12514940030032898 -0.0077170274061360003 0.00081108963534770606 -1.0000000180025095e-35
decision_type=2 2 2 8 2 2 2
left_child=-1 4 3 -3 5 -2 -7
right_child=1 2 -4 -5 -6 6 -8
leaf_value=0.00046512321058399882 -8.7267875288828643e-05 -0.00040722257698623255 0.00063945832441993002 7.2626261484376366e-05 -0.00017409916375896368 -8.0313600896802031e-05 0.00017811279642449148
leaf_weight=31 79 34 47 32 435 31 44
leaf_count=31 79 34 47 32 435 31 44
internal_value=-2.0465e-05 -0.000655272 0.00340708 -0.000454547 -0.00143464 0.00116883 0.005
internal_weight=733 702 113 66 589 154 75
internal_count=733 702 113 66 589 154 75
is_linear=0
shrinkage=0.05


Tree=2
num_leaves=8
num_cat=0
split_feature=12 8 13 9 2 1 5
split_gain=2.20327 0.57266 0.476885 0.424689 0.694551 0.488789 0.540538
threshold=-0.05793872793170584 0.076356315732579852 20.255000114440922 0.0036524010448485415 0.069767681669927986 0.043002096712090439 0.011687845510532899
decision_type=2 8 2 10 2 2 2
left_child=-1 3 -3 5 -5 6 -2
right_child=1 2 -4 4 -6 -7 -8
leaf_value=0.00041239384790160791 -0.00022841110897541805 -0.00040956300563174138 4.4142421831036618e-05 -0.00013473249942679531 0.00022026875300743196 -0.00032899962762172251 0.00013818617136827067
leaf_weight=27 32 146 26 291 49 25 149
leaf_count=27 32 146 26 291 49 25 149
internal_value=-0.000503357 -0.00103064 -0.00354651 -0.000238096 -0.00132353 0.0015534 0.00245856
internal_weight=745 718 172 546 340 206 181
internal_count=745 718 172 546 340 206 181
is_linear=0
shrinkage=0.05


Tree=3
num_leaves=8
num_cat=0
split_feature=12 8 13 12 7 11 1
split_gain=2.14655 0.94711 0.442311 0.686428 1.11965 0.675871 0.97707
threshold=-0.05793872793170584 0.076356315732579852 24.695000648498539 -0.0021779841828679087 -0.0077170274061360003 0.016424352534066825 0.033963734483441373
decision_type=2 8 2 2 2 2 2
left_child=-1 2 3 -2 -5 6 -6
right_child=1 -3 -4 4 5 -7 -8
leaf_value=0.00039177415550652758 -0.00021416777999881955 -0.00034999461470865655 0.00032528250836772257 0.00017670999504674324 -8.3308536480261483e-05 -0.00027105914065721285 0.00024422458314245151
leaf_weight=27 124 169 26 94 196 68 33
leaf_count=27 124 169 26 94 196 68 33
internal_value=-0.000318861 -0.000845072 0.0001756 -0.000145632 0.000882352 -0.000622897 0.000676855
internal_weight=737 710 541 515 391 297 229
internal_count=737 710 541 515 391 297 229
is_linear=0
shrinkage=0.05


Tree=4
num_leaves=8
num_cat=0
split_feature=9 14 12 2 5 8 2
split_gain=1.3507 0.559264 0.620073 0.398901 0.4884 0.347185 0.638449
threshold=-0.048074692051192129 0.049298283120689408 0.029842787368271621 0.047817683506029336 0.012212690623004872 0.074091412500660772 0.069129535047016258
decision_type=8 2 2 2 2 10 2
left_child=-1 5 3 4 -3 6 -2
right_child=1 2 -4 -5 -6 -7 -8
leaf_value=0.00014954567948151517 -9.1482901796276098e-05 -0.00011097490043807512 0.0004257850565043158 -0.00044449486258206565 0.00055153178171187878 -0.00038101543977945955 0.00026257314618223412
leaf_weight=36 376 36 25 27 42 137 64
leaf_count=36 376 36 25 27 42 137 64
internal_value=-0.000558548 -0.00103961 0.00192308 0.000238094 0.00205128 -0.00170711 -0.00102273
internal_weight=743 707 130 105 78 577 440
internal_count=743 707 130 105 78 577 440
is_linear=0
shrinkage=0.05


Tree=5
num_leaves=8
num_cat=0
split_feature=12 8 7 12 4 7 12
split_gain=1.29166 0.581328 0.444872 1.32283 0.833882 0.603532 1.19867
threshold=-0.05793872793170584 0.076356315732579852 0.011087064249647784 0.015576127060618618 0.0221359964907917 -0.005356175458224254 0.0061045845958173093
decision_type=2 8 2 2 2 2 2
left_child=-1 2 5 4 -4 6 -2
right_child=1 -3 3 -5 -6 -7 -8
leaf_value=0.00037430796906148659 -0.00011417759546460474 -0.00032899438460328828 0.00078355055816806617 -6.7022173164189052e-05 0.00013599157847158847 -0.00025747597228091161 0.00015083281434603851
leaf_weight=26 119 169 25 135 32 133 93
leaf_count=26 119 169 25 135 32 133 93
internal_value=-0.00056011 -0.000963174 -0.000158288 0.00177083 0.00815789 -0.00123189 0.000424527
internal_weight=732 706 537 192 57 345 212
internal_count=732 706 537 192 57 345 212
is_linear=0
shrinkage=0.05


Tree=6
num_leaves=8
num_cat=0
split_feature=13 3 6 4 12 16 16
split_gain=1.06512 0.692308 0.600198 1.02718 0.833829 1.35141 0.879487
threshold=24.119999885559086 -0.0014547827554409196 0.24830510217413285 0.018574722366250244 0.036954830574428173 -0.0066246946242087814 0.010410364728331791
decision_type=2 2 2 2 2 2 2
left_child=2 -2 -1 -4 5 -5 -7
right_child=1 -3 3 4 -6 6 -8
leaf_value=-7.9344507712766595e-05 -1.3799750048442036e-05 0.00038157348592690783 -0.00020247857649961589 -0.00011264985378253223 -0.00041836256119667992 0.00061224505276585926 0.00015088916306288123
leaf_weight=489 26 26 59 47 32 30 35
leaf_count=489 26 26 59 47 32 30 35
internal_value=-0.000362904 0.00653846 -0.000881504 0.00140394 0.00368055 0.00571428 0.0103846
internal_weight=744 52 692 203 144 112 65
internal_count=744 52 692 203 144 112 65
is_linear=0
shrinkage=0.05


Tree=7
num_leaves=8
num_cat=0
split_feature=12 8 8 11 3 9 7
split_gain=1.25491 0.48764 0.536944 1.20488 1.4042 1.08443 0.670237
threshold=-0.05793872793170584 0.076356315732579852 0.028046010480393905 0.0063364892264597969 0.00025704245571944734 -0.048074692051192129 -0.032285048545632404
decision_type=2 8 10 2 2 10 2
left_child=-1 2 5 4 -4 6 -2
right_child=1 -3 3 -5 -6 -7 -8
leaf_value=0.00034803683241663191 -7.8157728713579812e-05 -0.00029716459161091547 0.00065160234395825092 -0.00017768307010666235 -8.816495305222105e-05 -0.00011210665417359768 0.00026653447998706802
leaf_weight=26 27 165 56 101 53 250 62
leaf_count=26 27 165 56 101 53 250 62
internal_value=-0.000405407 -0.000798321 -8.19684e-05 0.00190476 0.00555046 -0.00131269 0.00342697
internal_weight=740 714 549 210 109 339 89
internal_count=740 714 549 210 109 339 89
is_linear=0
shrinkage=0.05


Tree=8
num_leaves=8
num_cat=0
split_feature=13 8 9 7 6 8 11
split_gain=1.02208 0.532947 0.525749 0.916926 0.922095 0.845961 0.760563
threshold=24.119999885559086 0.076356315732579852 -0.048074692051192129 -0.0077170274061360003 -0.3581775852718691 0.028046010480393905 -0.002084976205571742
decision_type=2 8 10 2 2 10 2
left_child=1 2 3 4 -1 -4 -7
right_child=-2 -3 5 -5 -6 6 -8
leaf_value=8.4808119663371353e-05 0.00031256170906905737 -0.00026576362354689589 -0.00010975052798383441 -6.447666910781997e-05 0.00019649465413509838 0.00070297936558647879 1.0594040967134181e-05
leaf_weight=25 51 173 254 78 29 37 114
leaf_count=25 51 173 254 78 29 37 114
internal_value=-7.22745e-05 -0.000563381 0.000214152 0.00295454 0.00796296 -0.000679014 0.00228477
internal_weight=761 710 537 132 54 405 151
internal_count=761 710 537 132 54 405 151
is_linear=0
shrinkage=0.05


Tree=9
num_leaves=8
num_cat=0
split_feature=13 3 15 3 6 3 14
split_gain=1.10157 0.651855 0.54347 1.13636 0.547138 0.322953 0.651662
threshold=24.119999885559086 -0.0014547827554409196 -0.010272929367474535 -0.0006050325226834018 -0.37638312825727199 0.0041822847962506024 -0.067583665573298909
decision_type=2 2 2 2 2 2 2
left_child=2 -2 3 4 -1 6 -4
right_child=1 -3 5 -5 -6 -7 -8
leaf_value=0.0001062044260330536 -3.6244900436584473e-05 0.00067025650906622585 0.00054442489853927494 0.00022838731681878909 -0.00015518447083394328 -0.00013999674706516977 -6.8216316269868041e-05
leaf_weight=27 25 26 38 33 39 155 395
leaf_count=27 25 26 38 33 39 155 395
internal_value=-0.000325204 0.0067647 -0.00085153 0.00257576 -0.00121212 -0.00142857 -0.000727484
internal_weight=738 51 687 99 66 588 433
internal_count=738 51 687 99 66 588 433
is_linear=0
shrinkage=0.05


Tree=10
num_leaves=8
num_cat=0
split_feature=9 8 4 6 16 16 10
split_gain=0.664483 0.444243 0.42413 0.445707 0.940396 0.961582 0.557132
threshold=-0.048074692051192129 0.076356315732579852 0.017104951712915945 0.24830510217413285 0.00093327570430346018 0.011938378841420351 0.0043510585935800936
decision_type=8 8 2 2 2 2 2
left_child=-1 2 -2 6 -5 -6 -4
right_child=1 -3 3 4 5 -7 -8
leaf_value=7.5011709770878184e-05 -0.00010991797914595596 -0.00027890138098421175 3.8630233347007591e-05 -6.2922905314676135e-05 0.00050967931358970951 0.00032132421458275375 -0.00021694469842381908
leaf_weight=37 94 173 212 63 26 48 95
leaf_count=37 94 173 212 63 26 48 95
internal_value=-0.000721926 -0.00106189 -0.000353161 0.000292792 0.00266423 0.00648649 -0.000765474
internal_weight=748 711 538 444 137 74 307
internal_count=748 711 538 444 137 74 307
is_linear=0
shrinkage=0.05


Tree=11
num_leaves=8
num_cat=0
split_feature=9 8 9 8 9 8 5
split_gain=1.14796 0.564508 0.513939 0.65225 0.844801 0.650987 0.87848
threshold=-0.048074692051192129 0.074091412500660772 0.21437478964359916 0.03404267746313528 0.10153102331912424 0.020159769626885041 0.01330334943231049
decision_type=8 10 8 10 10 8 2
left_child=-1 2 3 -2 -5 6 -4
right_child=1 -3 5 4 -6 -7 -8
leaf_value=0.0001173682175592674 -8.5283029317781374e-05 -0.00029636087652620607 0.00037025314146458497 0.00063323923324145953 -3.7500478353525e-05 -3.7489468946632624e-05 1.1398638869343552e-06
leaf_weight=38 287 157 32 43 75 85 29
leaf_count=38 287 157 32 43 75 85 29
internal_value=-0.000308312 -0.000762713 -9.0756e-06 -0.000925927 0.00220339 0.00253425 0.00647541
internal_weight=746 708 551 405 118 146 61
internal_count=746 708 551 405 118 146 61
is_linear=0
shrinkage=0.05


Tree=12
num_leaves=8
num_cat=0
split_feature=13 3 15 12 3 0 1
split_gain=0.60671 0.753062 0.416385 0.963673 0.460279 0.349548 0.368197
threshold=24.119999885559086 -0.0014547827554409196 -0.0098382236842476916 0.033050986692939495 -0.0041673358401863028 0.019925633643096522 0.031696972807991337
decision_type=2 2 2 2 2 2 2
left_child=2 -2 3 4 -1 6 -4
right_child=1 -3 5 -5 -6 -7 -8
leaf_value=-4.1250826423975558e-05 -4.5431784265667626e-05 0.00066968809102537104 -8.2250625207395695e-05 0.00013069941230538034 0.00019967980946026262 -0.00031420643351175328 6.5371857127360117e-05
leaf_weight=35 26 25 413 26 46 60 95
leaf_count=35 26 25 413 26 46 60 95
internal_value=-0.000454547 0.00480392 -0.000851853 0.00200934 -0.000679014 -0.00139085 -0.000964568
internal_weight=726 51 675 107 81 568 508
internal_count=726 51 675 107 81 568 508
is_linear=0
shrinkage=0.05


Tree=13
num_leaves=8
num_cat=0
split_feature=4 8 14 4 10 16 15
split_gain=0.618642 0.456014 0.367987 0.741577 0.498815 0.388914 0.629607
threshold=0.02132442286720208 0.074091412500660772 0.058009640559056781 0.026313480596321524 -0.0022466027012056906 0.0017152564750216872 0.0094191771482832216
decision_type=2 8 2 2 2 2 2
left_child=-1 2 4 -4 -2 -6 -7
right_child=1 -3 3 -5 5 6 -8
leaf_value=-8.2472340315258727e-05 -5.5238911602710042e-05 -0.00027235582359496036 0.00058948213377220946 -4.3160195052384211e-05 -3.3646993645160946e-05 0.00024719339737075695 -0.00011085740050339022
leaf_weight=412 43 65 37 26 61 55 43
leaf_count=412 43 65 37 26 61 55 43
internal_value=-0.000552562 0.0010606 0.00198113 0.00531746 0.000940593 0.0022327 0.00418367
internal_weight=742 330 265 63 202 159 98
internal_count=742 330 265 63 202 159 98
is_linear=0
shrinkage=0.05


Tree=14
num_leaves=8
num_cat=0
split_feature=13 12 7 14 4 12 11
split_gain=0.595131 0.415514 0.905133 0.70446 0.530433 0.323095 0.215372
threshold=25.505000114440922 -0.0021779841828679087 -0.02061886765064019 0.052213768787031663 0.018574722366250244 0.0066896408709551389 0.0091429221400685119
decision_type=2 2 2 2 2 2 2
left_child=1 6 -3 5 -5 -4 -1
right_child=-2 2 3 4 -6 -7 -8
leaf_value=-0.00011507233020877859 0.0010086233016264161 0.00026762327925016648 0.00024212393532580909 -2.2248533528752341e-05 0.00042119486531349247 -7.5741931795222312e-05 1.5399702290775054e-05
leaf_weight=136 25 36 47 27 39 377 37
leaf_count=136 25 36 47 27 39 377 37
internal_value=-0.000580112 -0.000851217 -0.000152092 -0.000714287 0.00409091 -0.00146227 -0.00297688
internal_weight=724 699 526 490 66 424 173
internal_count=724 699 526 490 66 424 173
is_linear=0
shrinkage=0.05


Tree=15
num_leaves=8
num_cat=0
split_feature=4 14 7 13 9 2 5
split_gain=0.678439 0.393025 1.04418 0.404851 0.681012 0.838186 1.1887
threshold=0.032845533713379706 0.044393091515214207 0.014609884613073667 14.340000152587892 0.15583247695871741 0.078476051883791378 0.01280510591805427
decision_type=2 2 2 2 8 2 2
left_child=1 3 -3 -1 -5 6 -6
right_child=-2 2 -4 4 5 -7 -8
leaf_value=-0.00028819034362011068 0.00017758672546332394 -4.5222208333078933e-05 0.00041855028467366226 -6.5275526121806644e-05 0.00046613870255065107 -0.0002819759556088374 -1.3425698735066315e-05
leaf_weight=159 30 93 49 248 40 54 59
leaf_count=159 30 93 49 248 40 54 59
internal_value=-0.000696723 -0.0010114 0.00133803 -0.00160714 -0.0007606 0.00186274 0.00459596
internal_weight=732 702 142 560 401 153 99
internal_count=732 702 142 560 401 153 99
is_linear=0
shrinkage=0.05


Tree=16
num_leaves=8
num_cat=0
split_feature=4 13 0 0 6 4 6
split_gain=0.556783 0.400944 0.623443 1.4341 0.962682 1.01555 1.05115
threshold=0.033211892280618674 14.244999885559084 -0.0081312670339945253 -0.0059568675465347378 0.24830510217413285 0.018827710858056252 0.72466925201188848
decision_type=2 2 2 2 2 2 2
left_child=1 -1 -3 -4 -5 -6 -7
right_child=-2 2 3 4 5 6 -8
leaf_value=-0.00013767858912241941 0.00023030892712611858 -0.00012490267161765142 0.00037943389554638112 -6.4811308445446796e-05 -0.00020560097218387305 0.00058596198881065561 0.00010833847313269155
leaf_weight=175 27 148 37 259 26 29 50
leaf_count=175 27 148 37 259 26 29 50
internal_value=-0.00093875 -0.00120166 -0.000537342 0.000486283 -0.000467034 0.00357143 0.0063924
internal_weight=751 724 549 401 364 105 79
internal_count=751 724 549 401 364 105 79
is_linear=0
shrinkage=0.05


Tree=17
num_leaves=8
num_cat=0
split_feature=4 14 11 2 2 9 6
split_gain=0.621657 0.583399 0.880059 0.385149 0.745836 1.18564 0.73186
threshold=0.025550875479609502 -0.012700650003930223 0.0079965891664850481 0.091260403508690482 0.066555233423074581 0.16418098782196058 0.24830510217413285
decision_type=2 2 2 2 2 8 2
left_child=3 -2 -3 4 6 -6 -1
right_child=1 2 -4 -5 5 -7 -8
leaf_value=-0.0001065482927186188 -2.4965780667785206e-05 3.2917456609899073e-06 0.00028321374668905714 -0.0003494629518778034 0.00052881960256579276 -2.1562474038636389e-05 1.7383605690544682e-05
leaf_weight=322 64 41 25 93 26 41 132
leaf_count=322 64 41 25 93 26 41 132
internal_value=-0.000833335 0.00230769 0.00560606 -0.00149837 -0.000969291 0.00395522 -0.00169604
internal_weight=744 130 66 614 521 67 454
internal_count=744 130 66 614 521 67 454
is_linear=0
shrinkage=0.05


Tree=18
num_leaves=8
num_cat=0
split_feature=13 9 14 10 10 6 15
split_gain=0.528671 0.28345 0.379844 1.56366 0.413116 0.794935 0.353982
threshold=25.505000114440922 0.088098036277228134 0.052213768787031663 -0.0070427496323355867 0.009431747271499093 -0.22480237551816681 -0.0090761275049017747
decision_type=2 10 2 2 2 2 2
left_child=1 2 4 -4 6 -6 -1
right_child=-2 -3 3 -5 5 -7 -8
leaf_value=1.8056250281689828e-05 0.00054544030504032146 -7.2719573770671077e-05 -0.00016180340575627946 0.00050604837832234127 -0.00013482924371856385 0.0005411329161926151 -7.938389173217223e-05
leaf_weight=31 35 297 53 25 29 30 250
leaf_count=31 35 297 53 25 29 30 250
internal_value=-0.001 -0.00129371 -0.000454547 0.00269231 -0.00117647 0.00262712 -0.00197509
internal_weight=750 715 418 78 340 59 281
internal_count=750 715 418 78 340 59 281
is_linear=0
shrinkage=0.05


Tree=19
num_leaves=8
num_cat=0
split_feature=13 3 14 1 13 9 1
split_gain=0.695819 0.637424 0.396899 0.29324 0.620513 0.393773 0.316542
threshold=24.119999885559086 -0.0021995491437879484 -0.091137781806863202 -0.023978681839553869 16.355000495910648 0.0060207936992585651 0.024121580853443517
decision_type=2 2 2 2 2 10 2
left_child=2 -2 -1 4 -4 -6 -5
right_child=1 -3 3 6 5 -7 -8
leaf_value=6.8203095547815059e-05 -0.00017958664677490287 0.0008532187979200808 0.00051708116412786187 -5.8203069896510412e-05 0.00021930392102941507 -0.00017007245880647443 -4.1681315417510344e-05
leaf_weight=43 26 27 30 355 35 43 182
leaf_count=43 26 27 30 355 35 43 182
internal_value=-0.00108637 0.00443396 -0.00151163 -0.00182171 0.000555554 -0.00179487 -0.00229981
internal_weight=741 53 688 645 108 78 537
internal_count=741 53 688 645 108 78 537
is_linear=0
shrinkage=0.05


Tree=20
num_leaves=8
num_cat=0
split_feature=4 4 13 7 9 4 4
split_gain=0.581486 0.461538 0.438806 0.440679 0.439265 0.379898 0.529561
threshold=0.020940220351570674 0.021532001937575273 25.505000114440922 0.05241324195313047 0.033981020039410399 0.024568171065435428 0.022572860986782021
decision_type=2 2 2 2 10 2 2
left_child=-1 -2 3 4 5 6 -3
right_child=1 2 -4 -5 -6 -7 -8
leaf_value=-7.4952362220351136e-05 0.00026846668829925486 -0.00013988252939327856 0.00076455339789696587 8.3302068607721619e-05 -0.00013583453975232201 -2.8143738067150275e-05 0.00043021105312820209
leaf_weight=388 39 27 29 40 116 53 47
leaf_count=388 39 27 29 40 116 53 47
internal_value=-0.00134642 0.000128204 -0.000512822 -0.00111308 -0.00191358 0.000118109 0.00243243
internal_weight=739 351 312 283 243 127 74
internal_count=739 351 312 283 243 127 74
is_linear=0
shrinkage=0.05


Tree=21
num_leaves=8
num_cat=0
split_feature=4 8 8 16 14 16 1
split_gain=0.361866 0.310613 0.474426 0.512162 0.511215 0.612905 0.54081
threshold=0.033211892280618674 0.096477469057805978 0.012092872656916833 0.01676051915905186 -0.054330610723124943 0.0030291378496247749 0.016937928270087669
decision_type=2 8 10 2 2 2 2
left_child=1 2 -1 4 -4 -6 -7
right_child=-2 -3 3 -5 5 6 -8
leaf_value=-4.0028250998357302e-05 0.00017735040223660077 -0.00037069739524247077 0.00048107693177139527 -0.00020675123815960743 -4.4783263926111551e-05 -1.0987489828520562e-05 0.00032694808000119553
leaf_weight=267 26 99 44 107 124 41 38
leaf_count=267 26 99 44 107 124 41 38
internal_value=-0.00117963 -0.00138889 -0.000974236 0.000225988 0.00147773 0.000418718 0.00386076
internal_weight=746 720 621 354 247 203 79
internal_count=746 720 621 354 247 203 79
is_linear=0
shrinkage=0.05


Tree=22
num_leaves=8
num_cat=0
split_feature=13 12 12 9 11 13 4
split_gain=0.549223 0.526128 0.958236 0.95562 0.587549 0.492728 0.449098
threshold=14.715000152587892 -0.0014831897497937228 0.015576127060618618 0.20401867377264452 0.0091429221400685119 18.444999694824222 0.021705549875815813
decision_type=2 2 2 8 2 2 2
left_child=-1 4 6 5 -2 -4 -3
right_child=1 2 3 -5 -6 -7 -8
leaf_value=-6.7698259910364364e-05 -5.5051808572533966e-05 0.00067001159520158808 -0.00019370435095797286 8.7229818584596362e-05 7.0980206515775768e-05 4.0834441167789646e-06 0.00018078793030954502
leaf_weight=209 163 46 137 52 41 38 54
leaf_count=209 163 46 137 52 41 38 54
internal_value=-0.000675677 0.000178907 0.00142202 -0.000374451 -0.00181373 -0.00214286 0.0055
internal_weight=740 531 327 227 204 175 100
internal_count=740 531 327 227 204 175 100
is_linear=0
shrinkage=0.05


Tree=23
num_leaves=8
num_cat=0
split_feature=4 14 14 6 11 14 3
split_gain=0.604226 0.497824 1.53788 0.531121 0.943883 0.382706 0.497124
threshold=0.020747134160661443 0.054586954999164335 0.11927434384443127 0.37755852264347289 -0.0027765970231875543 -0.05241984422658668 0.0011062479176052744
decision_type=2 2 2 2 2 2 2
left_child=5 3 -3 -2 -5 6 -1
right_child=1 2 -4 4 -6 -7 -8
leaf_value=0.0004394930864146659 -4.1759639939425274e-05 0.00042042781073548013 -0.00012107321318513831 -0.00035715844555680147 0.00048843596284805211 -8.3133465011538436e-05 -0.00011220018712468331
leaf_weight=26 214 48 29 33 48 322 27
leaf_count=26 214 48 29 33 48 322 27
internal_value=-0.000917003 0.000510751 0.00409091 -0.00042373 0.00302469 -0.00233333 0.00160377
internal_weight=747 372 77 295 81 375 53
internal_count=747 372 77 295 81 375 53
is_linear=0
shrinkage=0.05


Tree=24
num_leaves=8
num_cat=0
split_feature=4 11 0 14 0 13 7
split_gain=0.583097 0.387085 0.295495 0.466165 0.666036 0.419674 0.314906
threshold=0.033211892280618674 0.036250382984596159 -0.015038800010952034 0.040951993391927573 -0.0081312670339945253 16.345000267028812 -0.0077170274061360003
decision_type=2 2 2 2 2 2 2
left_child=1 2 -1 6 -5 -6 -4
right_child=-2 -3 3 4 5 -7 -8
leaf_value=-7.2266320255548835e-05 0.00013175556666479135 4.2630326094420567e-05 8.934516492406024e-07 -2.8420362467482514e-05 0.00024453217879559828 8.4392922339542766e-06 -0.00015430937812305448
leaf_weight=83 27 26 135 38 28 46 361
leaf_count=83 27 26 135 38 28 46 361
internal_value=-0.00110215 -0.00137378 -0.00159913 -0.00121711 0.00169643 0.00445946 -0.001875
internal_weight=744 717 691 608 112 74 496
internal_count=744 717 691 608 112 74 496
is_linear=0
shrinkage=0.05


Tree=25
num_leaves=8
num_cat=0
split_feature=13 7 8 2 10 12 7
split_gain=0.596333 1.17848 0.466934 0.396881 0.933357 0.423738 0.792236
threshold=20.335000038146976 -0.008783114136487467 0.074091412500660772 0.069129535047016258 0.0012830782027211109 0.017951128324421587 0.014609884613073667
decision_type=2 2 8 2 2 2 2
left_child=2 -2 3 5 -5 6 -1
right_child=1 -3 -4 4 -6 -7 -8
leaf_value=-2.0859357055137208e-05 -4.3348581165418597e-05 0.00037484472973684072 -0.00024694665765340174 -4.5523055265191245e-05 0.00058810178453802379 -0.00010190032246080072 0.00055594260776277004
leaf_weight=171 85 49 151 28 27 213 26
leaf_count=171 85 49 151 28 27 213 26
internal_value=-0.000933335 0.00208955 -0.00159091 -0.000806453 0.00318182 -0.00134146 0.000329948
internal_weight=750 134 616 465 55 410 197
internal_count=750 134 616 465 55 410 197
is_linear=0
shrinkage=0.05


Tree=26
num_leaves=8
num_cat=0
split_feature=9 8 5 11 11 8 13
split_gain=0.505871 0.625799 0.666501 0.287778 0.633865 0.26249 0.422875
threshold=-0.13873909641996987 0.020159769626885041 0.01330334943231049 0.0079258155566226413 -0.0026220497317853693 -0.0069950246195669133 21.409999847412113
decision_type=10 8 2 2 2 10 2
left_child=1 2 -1 4 -3 -2 -7
right_child=5 3 -4 -5 -6 6 -8
leaf_value=0.00022665954348063231 -5.4963091705095817e-05 -0.00033133105527617131 -1.0257674144450848e-06 -0.00029175696136437499 4.8242797767359819e-05 -5.9534403427355564e-05 0.00066450714796650347
leaf_weight=34 179 37 39 37 26 366 25
leaf_count=34 179 37 39 37 26 366 25
internal_value=-0.00129879 0.00106936 0.00458904 -0.0015 0.000555554 -0.00201755 -0.00129156
internal_weight=743 173 73 100 63 570 391
internal_count=743 173 73 100 63 570 391
is_linear=0
shrinkage=0.05


Tree=27
num_leaves=8
num_cat=0
split_feature=9 2 3 13 14 14 4
split_gain=0.462926 0.71958 0.682507 0.481217 0.418859 0.858855 0.375
threshold=-0.13873909641996987 0.078476051883791378 0.0037295188010488815 16.085000038146976 0.035115678917499234 0.059971774713864064 0.020837323458761537
decision_type=10 2 2 2 2 2 2
left_child=1 2 3 -1 -2 -6 -7
right_child=4 -3 -4 -5 5 6 -8
leaf_value=0.00032524712805336161 -5.0588103937191127e-05 -0.00025343961746618007 0.00023824565897234392 -4.4795287417263763e-05 0.00014004634360629661 -0.00010693742854054282 7.2843474622986306e-05
leaf_weight=34 441 35 41 55 43 48 48
leaf_count=34 441 35 41 55 43 48 48
internal_value=-0.000973156 0.00136364 0.00307692 0.000617976 -0.00163793 0.000755394 -0.001875
internal_weight=745 165 130 89 580 139 96
internal_count=745 165 130 89 580 139 96
is_linear=0
shrinkage=0.05


Tree=28
num_leaves=8
num_cat=0
split_feature=14 14 4 15 14 14 3
split_gain=0.466996 0.766657 0.535642 0.771834 0.534249 0.364252 0.47632
threshold=0.038811658900465458 0.11927434384443127 0.020837323458761537 -0.0087409867039642247 0.059971774713864064 -0.05241984422658668 0.0026750295977112652
decision_type=2 2 2 2 2 2 2
left_child=5 2 4 -4 -2 6 -1
right_child=1 -3 3 -5 -6 -7 -8
leaf_value=0.00040705935726699808 5.1873432763374381e-05 -0.00012867327249841919 0.00076964019448665869 1.6983021910885453e-05 -0.00019843359724998011 -7.9245563056723497e-05 -4.1577009100774142e-05
leaf_weight=65 30 40 29 33 41 438 76
leaf_count=65 30 40 29 33 41 438 76
internal_value=-0.00121011 0.00106936 0.00289474 0.00629032 -7.04237e-05 -0.00189119 0.000319148
internal_weight=752 173 133 62 71 579 141
internal_count=752 173 133 62 71 579 141
is_linear=0
shrinkage=0.05


Tree=29
num_leaves=8
num_cat=0
split_feature=9 8 14 1 6 1 0
split_gain=0.646586 1.12821 0.729696 1.10626 0.718767 0.36209 0.454878
threshold=-0.10045991337348552 -0.032461391665442867 0.035115678917499234 0.025437192330139861 -0.56247892077580008 -0.017414947915248887 0.0098099693887246948
decision_type=10 8 2 2 2 2 2
left_child=1 -1 -2 4 -4 -3 -7
right_child=2 5 3 -5 -6 6 -8
leaf_value=0.00021463957816105617 -6.062671903277829e-05 5.0829278393279415e-05 0.00024194106691125415 0.00055890350921814391 -0.00011260038624071598 -0.00019537225390499856 6.1089155937033601e-05
leaf_weight=33 415 31 33 25 81 75 37
leaf_count=33 415 31 33 25 81 75 37
internal_value=-0.000821919 0.00181818 -0.00166065 0.00147482 -0.000614036 -0.000104896 -0.00142857
internal_weight=730 176 554 139 114 143 112
internal_count=730 176 554 139 114 143 112
is_linear=0
shrinkage=0.05


Tree=30
num_leaves=8
num_cat=0
split_feature=9 6 1 6 14 1 6
split_gain=0.428519 0.548185 0.424757 0.410442 0.38583 0.846216 0.507338
threshold=-0.13873909641996987 0.38972712389724112 0.0089092404238620988 -0.36949360854493235 0.038811658900465458 0.020624505569928456 -0.54431574500820679
decision_type=10 2 2 2 2 2 2
left_child=1 2 3 -1 -2 6 -6
right_child=4 -3 -4 -5 5 -7 -8
leaf_value=6.1850352565234181e-05 -4.6864982113590273e-05 9.4176956311404429e-05 -0.00025322196889831014 -0.0001163799698226449 0.0002501289985427144 0.00053095833375723679 -6.2410297780088531e-05
leaf_weight=46 437 46 51 26 25 25 81
leaf_count=46 437 46 51 26 25 25 81
internal_value=-0.000997287 0.00121302 -0.000528456 0.00194444 -0.00165493 0.00072519 -0.00122642
internal_weight=737 169 123 72 568 131 106
internal_count=737 169 123 72 568 131 106
is_linear=0
shrinkage=0.05


Tree=31
num_leaves=8
num_cat=0
split_feature=13 2 2 8 14 8 8
split_gain=0.485814 0.859645 0.381164 0.316625 0.263492 0.304431 0.500598
threshold=20.335000038146976 0.00092670321103927044 -0.091858312271737949 0.085224592633805343 -0.083456210331023115 0.012092872656916833 0.020159769626885041
decision_type=2 2 2 10 2 8 8
left_child=3 2 -2 4 -1 -6 -7
right_child=1 -3 -4 -5 5 6 -8
leaf_value=5.8729841047171523e-05 4.1575778063005017e-05 0.00057603045728421684 -8.9019257053653045e-05 -0.00034007409023458309 -3.8375893436650858e-05 0.0001187731137089438 -5.5377808167332774e-05
leaf_weight=31 32 46 54 99 195 28 246
leaf_count=31 32 46 54 99 195 28 246
internal_value=-0.00130643 0.00143939 -0.00151163 -0.00191152 -0.0014 -0.0016951 -0.000620439
internal_weight=731 132 86 599 500 469 274
internal_count=731 132 86 599 500 469 274
is_linear=0
shrinkage=0.05


Tree=32
num_leaves=8
num_cat=0
split_feature=9 0 6 8 7 3 11
split_gain=0.644726 0.613587 1.07759 0.539554 0.498462 0.441977 0.398885
threshold=-0.15559924700426267 -0.015038800010952034 0.38972712389724112 0.055339330751252531 0.0019518761008707754 0.0061891258328797836 0.037714619913018062
decision_type=10 2 2 8 2 2 2
left_child=1 -1 3 4 -3 6 -2
right_child=5 2 -4 -5 -6 -7 -8
leaf_value=-3.8183744112549806e-05 -3.8429888101170188e-05 0.00015021959427877936 0.00047467917194387904 -0.0001802607000718535 -0.00010453408312523909 -0.00014302414661943947 5.4542073610036883e-05
leaf_weight=28 469 25 35 42 40 88 25
leaf_count=28 469 25 35 42 40 88 25
internal_value=-0.00094415 0.0017647 0.00309859 0.000607475 0.00346154 -0.0017354 -0.00115385
internal_weight=752 170 142 107 65 582 494
internal_count=752 170 142 107 65 582 494
is_linear=0
shrinkage=0.05


Tree=33
num_leaves=8
num_cat=0
split_feature=13 12 12 14 14 16 8
split_gain=0.635836 0.371827 0.586689 0.935458 0.639989 0.457462 0.254424
threshold=25.505000114440922 -0.0014831897497937228 0.01609265809314964 -0.056925165822572281 0.018934443393513026 -0.01831002322828856 0.10616306249210795
decision_type=2 2 2 2 2 2 8
left_child=1 -1 3 -3 -5 -4 -7
right_child=-2 2 5 4 -6 6 -8
leaf_value=-6.1106864927358692e-05 0.0005919627258382708 0.00053996245182563957 0.00015106665168427931 -3.1523568958289813e-05 0.00010970027793975823 -6.8434942958370149e-05 2.2210310899611061e-05
leaf_weight=174 32 25 33 58 47 337 36
leaf_count=174 32 25 33 58 47 337 36
internal_value=-0.000956875 -0.00126761 -0.000615673 0.00230769 0.000238094 -0.00155173 -0.00205094
internal_weight=742 710 536 130 105 406 373
internal_count=742 710 536 130 105 406 373
is_linear=0
shrinkage=0.05


Tree=34
num_leaves=8
num_cat=0
split_feature=11 1 9 3 13 6 6
split_gain=0.438203 0.556375 0.460405 0.988025 0.572337 0.269463 0.298538
threshold=0.011258220737919157 0.033963734483441373 -0.13873909641996987 0.0037823959639022857 17.195000648498539 -0.3174496769198219 -0.072744373876675844
decision_type=2 2 10 2 2 2 2
left_child=1 2 3 4 -1 -2 -7
right_child=5 -3 -4 -5 -6 6 -8
leaf_value=0.00023793983256085993 -0.00022433753727646097 8.1209625791523257e-05 -3.9098636299745584e-05 0.00048079326969952918 -2.1031540304817308e-05 7.2671005337392865e-06 -4.0366565229048875e-05
leaf_weight=34 129 46 349 26 40 32 91
leaf_count=34 129 46 349 26 40 32 91
internal_value=-0.00131861 -0.000454547 -0.000991093 0.002 -0.000945947 -0.00301587 -0.00134146
internal_weight=747 495 449 100 74 252 123
internal_count=747 495 449 100 74 252 123
is_linear=0
shrinkage=0.05


Tree=35
num_leaves=8
num_cat=0
split_feature=11 8 2 2 9 8 13
split_gain=0.529325 0.329502 0.398345 0.720622 0.410684 0.690466 0.422597
threshold=0.03932291360928742 0.074091412500660772 0.069129535047016258 0.08675732708486851 -0.13873909641996987 -0.031540335004077262 17.164999961853031
decision_type=2 10 2 2 10 8 2
left_child=1 2 4 -4 5 -1 -7
right_child=-2 -3 3 -5 -6 6 -8
leaf_value=0.00015082555592761194 5.5793629350335551e-05 -0.00020260311123609706 0.00055818734654395719 -4.4682472543639008e-05 -4.102195527910594e-05 4.1068020933981444e-05 -0.00032169221466067351
leaf_weight=26 28 135 29 51 380 58 36
leaf_count=26 28 135 29 51 380 58 36
internal_value=-0.00102961 -0.00129371 -0.000775863 0.0025 -0.0013 0.00125 -0.000744682
internal_weight=743 715 580 80 500 120 94
internal_count=743 715 580 80 500 120 94
is_linear=0
shrinkage=0.05


Tree=36
num_leaves=8
num_cat=0
split_feature=11 0 10 3 6 10 10
split_gain=0.399545 0.330586 0.692279 0.31384 0.422985 0.733979 0.708708
threshold=0.03932291360928742 -0.014356292224867338 -0.010705879931759586 0.0057382295087681232 -0.4729977715357106 0.00069579143919507047 0.0027596163700298608
decision_type=2 2 2 2 2 2 2
left_child=1 -1 -3 4 -4 -6 -7
right_child=-2 2 3 -5 5 6 -8
leaf_value=-4.420867045637318e-05 5.7951737967546434e-05 0.00035300618479251636 -8.3199910633932777e-05 -5.2794169536680657e-05 -4.1547534504572595e-05 0.00019131930912230925 4.5052502444449993e-05
leaf_weight=104 25 31 203 116 119 36 119
leaf_count=104 25 31 203 116 119 36 119
internal_value=-0.00121514 -0.00142857 -0.000993591 -0.00137437 -0.000807129 0.000474451 0.00274193
internal_weight=753 728 624 593 477 274 155
internal_count=753 728 624 593 477 274 155
is_linear=0
shrinkage=0.05


Tree=37
num_leaves=8
num_cat=0
split_feature=4 4 14 14 10 7 16
split_gain=0.505607 0.455033 0.396844 1.0016 0.423557 0.467406 0.860092
threshold=0.020940220351570674 0.021705549875815813 0.058009640559056781 0.11927434384443127 0.0018732766831597305 -0.005356175458224254 -0.0020623974908921534
decision_type=2 2 2 2 2 2 2
left_child=-1 -2 4 -4 -3 6 -6
right_child=1 2 3 -5 5 -7 -8
leaf_value=-3.741931128080141e-05 0.00018743099478556581 -6.7415594925671285e-05 0.00043674792181536988 -8.9885427191036218e-05 -2.9249087790890213e-05 -8.5589022099543166e-05 0.00038276924769967867
leaf_weight=396 47 104 39 25 29 79 38
leaf_count=396 47 104 39 25 29 79 38
internal_value=-0.00136724 -1.38516e-05 -0.000700638 0.0028125 -0.0016 0.000136985 0.00320895
internal_weight=757 361 314 64 250 146 67
internal_count=757 361 314 64 250 146 67
is_linear=0
shrinkage=0.05


Tree=38
num_leaves=8
num_cat=0
split_feature=11 4 16 7 7 16 16
split_gain=0.361397 0.421534 0.305357 0.570523 0.484432 0.423695 0.453445
threshold=0.03932291360928742 0.032514020952974433 0.016341487244020073 -0.024301503523670994 -0.008783114136487467 -0.029252803278468239 0.0038947308584947886
decision_type=2 2 2 2 2 2 2
left_child=1 2 3 -1 -4 -5 -7
right_child=-2 -3 4 5 -6 6 -8
leaf_value=-0.00010875830209820487 4.5282859224425609e-05 0.00011421901549405551 0.00012706484516641282 0.00017180072274362206 -0.00021602850089486251 -4.4584358598733544e-05 2.6125710245841129e-05
leaf_weight=84 27 26 26 29 156 250 142
leaf_count=84 27 26 26 29 156 250 142
internal_value=-0.00141892 -0.00163394 -0.00187045 -0.00123762 -0.00362637 -0.000486937 -0.000918369
internal_weight=740 713 687 505 182 421 392
internal_count=740 713 687 505 182 421 392
is_linear=0
shrinkage=0.05


Tree=39
num_leaves=8
num_cat=0
split_feature=8 11 7 12 6 7 6
split_gain=0.272106 0.231627 0.654833 0.55699 1.12293 0.487956 0.381193
threshold=0.074091412500660772 0.011258220737919157 -0.01219563449054206 0.03806557955778845 -0.054880143917726595 0.012009387364325887 0.098134193460560987
decision_type=8 2 2 2 2 2 2
left_child=1 3 -3 5 -5 -1 -7
right_child=-2 2 -4 4 -6 6 -8
leaf_value=-2.0083710824173089e-05 -0.00018576378475435279 0.00014089084778863046 -0.00011858602175352477 0.00028595355441386327 -0.00022487312949601027 -0.00016287014953452118 0.00062571448266582992
leaf_weight=238 178 43 139 37 29 43 29
leaf_count=238 178 43 139 37 29 43 29
internal_value=-0.00133152 -0.000788532 -0.00225275 -7.97884e-05 0.00409091 -0.000967743 0.00263889
internal_weight=736 558 182 376 66 310 72
internal_count=736 558 182 376 66 310 72
is_linear=0
shrinkage=0.05


Tree=40
num_leaves=8
num_cat=0
split_feature=14 14 1 1 9 12 1
split_gain=0.362353 0.391403 0.388233 0.687594 0.389595 0.669443 0.53781
threshold=-0.017376391061688031 -0.05241984422658668 0.034189285909693064 0.045423794927386803 -0.15559924700426267 0.02697009064661449 -0.014416524129069684
decision_type=2 2 2 2 10 2 2
left_child=1 -1 4 -4 5 6 -2
right_child=2 -3 3 -5 -6 -7 -8
leaf_value=-3.9198434891254429e-06 0.00015566882113103079 -0.00021991062620503002 6.8101855556108127e-05 -1.4038743298678341e-05 -3.9456831852335546e-05 0.00010751324356625785 -9.7432956106733321e-05
leaf_weight=131 26 164 28 46 290 25 33
leaf_count=131 26 164 28 46 290 25 33
internal_value=-0.00109691 -0.00245763 -0.000200894 0.00310811 -0.000855616 0.00214286 -0.000762713
internal_weight=743 295 448 74 374 84 59
internal_count=743 295 448 74 374 84 59
is_linear=0
shrinkage=0.05


Tree=41
num_leaves=8
num_cat=0
split_feature=11 9 0 15 15 1 12
split_gain=0.630253 0.349467 0.871539 0.469655 1.14095 0.440717 0.299018
threshold=0.03932291360928742 -0.13873909641996987 0.0098099693887246948 -0.014480811817880189 -0.018337668712188056 -0.017636179237246804 0.017951128324421587
decision_type=2 10 2 2 2 2 2
left_child=1 2 5 4 -3 -1 -5
right_child=-2 3 -4 6 -6 -7 -8
leaf_value=0.00021476321402245612 4.7658419475130673e-05 -5.2187473185579675e-05 0.00016728769375171367 -5.4320684722287752e-06 0.00021330212075619943 -5.8347689534539644e-05 -0.00012081898127092872
leaf_weight=36 25 34 47 196 26 86 301
leaf_count=36 25 34 47 196 26 86 301
internal_value=-0.000805594 -0.00107438 0.000917159 -0.00167864 0.0025 -0.00131148 -0.0021831
internal_weight=751 726 169 557 60 122 497
internal_count=751 726 169 557 60 122 497
is_linear=0
shrinkage=0.05


Tree=42
num_leaves=8
num_cat=0
split_feature=11 16 16 6 4 11 7
split_gain=0.639315 0.413003 0.795813 0.772621 0.398609 0.353868 0.451207
threshold=0.040036417291261513 0.014211788146832773 0.0095285535836174846 0.039476782509839797 0.032514020952974433 0.0081473860033931551 0.011087064249647784
decision_type=2 2 2 2 2 2 2
left_child=1 2 4 -4 5 6 -1
right_child=-2 -3 3 -5 -6 -7 -8
leaf_value=-2.4421702596691718e-05 4.5275498501374134e-05 -0.00011190850509838419 0.00017119819219161815 -5.325435323783349e-06 0.00012404031444212044 -0.00016970647393151994 0.00012558445146127259
leaf_weight=214 25 204 33 34 25 84 130
leaf_count=214 25 204 33 34 25 84 130
internal_value=-0.000861149 -0.0011326 -0.000384617 0.00470149 -0.00113687 -0.00149533 -0.000784885
internal_weight=749 724 520 67 453 428 344
internal_count=749 724 520 67 453 428 344
is_linear=0
shrinkage=0.05


Tree=43
num_leaves=8
num_cat=0
split_feature=8 13 5 8 9 8 13
split_gain=0.279831 0.488614 0.347466 0.335087 0.289425 0.386743 0.495434
threshold=0.061233310704230999 20.335000038146976 0.0097681532850958739 0.050722117339768398 -0.13873909641996987 -0.033848127641406038 16.98499965667725
decision_type=8 2 2 10 10 10 2
left_child=3 2 -2 4 5 -1 -7
right_child=1 -3 -4 -5 -6 6 -8
leaf_value=0.00023661716867214339 6.5243949456008948e-06 0.000167867881977162 -0.00018313651376194239 0.00023352075114148826 -1.6797587027324511e-05 5.2547923813103547e-05 -6.0224022847179076e-05
leaf_weight=25 30 29 177 46 364 42 31
leaf_count=25 30 29 177 46 364 42 31
internal_value=-0.00103495 -0.00245763 -0.00330918 -0.000374017 -0.000779222 0.00163265 -0.000205481
internal_weight=744 236 207 508 462 98 73
internal_count=744 236 207 508 462 98 73
is_linear=0
shrinkage=0.05


Tree=44
num_leaves=8
num_cat=0
split_feature=11 16 16 2 14 15 3
split_gain=0.491548 0.566996 0.676252 0.61824 0.36305 0.854388 0.5
threshold=0.040036417291261513 0.014211788146832773 0.0095285535836174846 0.0024276055683838398 0.11927434384443127 -0.012742469723764858 -0.0030657054767818655
decision_type=2 2 2 2 2 2 2
left_child=1 2 4 -4 5 6 -1
right_child=-2 -3 3 -5 -6 -7 -8
leaf_value=4.4145220582000946e-06 4.2425583088836669e-05 -0.00012806372726293963 -6.5314605706815547e-05 0.00021006502569755007 -8.6066339063779222e-05 -1.7708643467377144e-05 0.00045453700440195209
leaf_weight=25 27 201 26 40 42 349 25
leaf_count=25 27 201 26 40 42 349 25
internal_value=-0.000510205 -0.000762713 0.000128204 0.00484848 -0.000578232 -0.000112783 0.006
internal_weight=735 708 507 66 441 399 50
internal_count=735 708 507 66 441 399 50
is_linear=0
shrinkage=0.05


Tree=45
num_leaves=8
num_cat=0
split_feature=4 11 12 6 14 1 3
split_gain=0.363425 0.515866 0.845873 0.768002 0.749678 0.621793 0.640282
threshold=0.020940220351570674 0.0044457003054257935 0.036954830574428173 0.37755852264347289 -0.0059106162699663059 0.020903030509475177 0.0063028559541499227
decision_type=2 2 2 2 2 2 2
left_child=-1 5 3 4 -3 6 -2
right_child=1 2 -4 -5 -6 -7 -8
leaf_value=-2.4418926194808005e-05 -5.511308570376975e-05 -3.3161514938797714e-05 -0.00036402602922963948 0.00041694377016224666 0.0001804407182063796 0.00030630709132933843 0.00019556323783878729
leaf_weight=386 140 47 50 30 35 29 26
leaf_count=386 140 47 50 30 35 29 26
internal_value=-0.000827727 0.000322128 0.00240741 0.00482143 0.00231707 -0.00141026 -0.00259036
internal_weight=743 357 162 112 82 195 166
internal_count=743 357 162 112 82 195 166
is_linear=0
shrinkage=0.05


end of trees

feature_importances:
vix_chg_1d=32
dist_ma50=31
atr_pct=26
dist_ma200=26
vix_level=25
spy_ret_20d=23
spy_ret_5d=22
dvol_z_20=21
dist_ma20=19
overnight_gap=17
ret_5d=16
sector_ret_5d=16
ret_20d=15
ret_1d=10
spy_ret_1d=9
sector_ret_1d=8
parkinson_20=6

parameters:
[boosting: gbdt]
[objective: quantile]
[metric: quantile]
[tree_learner: serial]
[device_type: cpu]
[data_sample_strategy: bagging]
[data: ]
[valid: ]
[num_iterations: 80]
[learning_rate: 0.05]
[num_leaves: 8]
[num_threads: 1]
[seed: 0]
[deterministic: 0]
[force_col_wise: 1]
[force_row_wise: 0]
[histogram_pool_size: -1]
[max_depth: -1]
[min_data_in_leaf: 25]
[min_sum_hessian_in_leaf: 0.001]
[bagging_fraction: 0.9]
[pos_bagging_fraction: 1]
[neg_bagging_fraction: 1]
[bagging_freq: 1]
[bagging_seed: 3]
[bagging_by_query: 0]
[feature_fraction: 0.9]
[feature_fraction_bynode: 1]
[feature_fraction_seed: 2]
[extra_trees: 0]
[extra_seed: 6]
[early_stopping_round: 0]
[early_stopping_min_delta: 0]
[first_metric_only: 0]
[max_delta_step: 0]
[lambda_l1: 0]
[lambda_l2: 0]
[linear_lambda: 0]
[min_gain_to_split: 0]
[drop_rate: 0.1]
[max_drop: 50]
[skip_drop: 0.5]
[xgboost_dart_mode: 0]
[uniform_drop: 0]
[drop_seed: 4]
[top_rate: 0.2]
[other_rate: 0.1]
[min_data_per_group: 100]
[max_cat_threshold: 32]
[cat_l2: 10]
[cat_smooth: 10]
[max_cat_to_onehot: 4]
[top_k: 20]
[monotone_constraints: ]
[monotone_constraints_method: basic]
[monotone_penalty: 0]
[feature_contri: ]
[forcedsplits_filename: ]
[refit_decay_rate: 0.9]
[cegb_tradeoff: 1]
[cegb_penalty_split: 0]
[cegb_penalty_feature_lazy: ]
[cegb_penalty_feature_coupled: ]
[path_smooth: 0]
[interaction_constraints: ]
[verbosity: -1]
[saved_feature_importance_type: 0]
[use_quantized_grad: 0]
[num_grad_quant_bins: 4]
[quant_train_renew_leaf: 0]
[stochastic_rounding: 1]
[linear_tree: 0]
[max_bin: 255]
[max_bin_by_feature: ]
[min_data_in_bin: 3]
[bin_construct_sample_cnt: 200000]
[data_random_seed: 1]
[is_enable_sparse: 1]
[enable_bundle: 1]
[use_missing: 1]
[zero_as_missing: 0]
[feature_pre_filter: 1]
[pre_partition: 0]
[two_round: 0]
[header: 0]
[label_column: ]
[weight_column: ]
[group_column: ]
[ignore_column: ]
[categorical_feature: ]
[forcedbins_filename: ]
[precise_float_parser: 0]
[parser_config_file: ]
[objective_seed: 5]
[num_class: 1]
[is_unbalance: 0]
[scale_pos_weight: 1]
[sigmoid: 1]
[boost_from_average: 1]
[reg_sqrt: 0]
[alpha: 0.9]
[fair_c: 1]
[poisson_max_delta_step: 0.7]
[tweedie_variance_power: 1.5]
[lambdarank_truncation_level: 30]
[lambdarank_norm: 1]
[label_gain: ]
[lambdarank_position_bias_regularization: 0]
[eval_at: ]
[multi_error_top_k: 1]
[auc_mu_weights: ]
[num_machines: 1]
[local_listen_port: 12400]
[time_out: 120]
[machine_list_filename: ]
[machines: ]
[gpu_platform_id: -1]
[gpu_device_id: -1]
[gpu_device_id_list: ]
[gpu_use_dp: 0]
[num_gpu: 1]

end of parameters

pandas_categorical:[]
