tree
version=v4
num_class=1
num_tree_per_iteration=1
label_index=0
max_feature_idx=16
objective=quantile
feature_names=ret_1d ret_5d ret_20d overnight_gap atr_pct parkinson_20 dvol_z_20 dist_ma20 dist_ma50 dist_ma200 spy_ret_1d spy_ret_5d spy_ret_20d vix_level vix_chg_1d sector_ret_1d sector_ret_5d
feature_infos=[-0.11405217389231836:0.13706852294149474] [-0.19580097395458718:0.21951884298250812] [-0.18497311736314292:0.21047378008195516] [-0.07359837992091911:0.08015854343302431] [0.013880368496512346:0.072386493767153726] [0.0090253145128227161:0.039547857835119264] [-2.0966258520688941:4.1480719669274437] [-0.16242061185250534:0.11840325521489947] [-0.20442419849728777:0.15098870080200477] [-0.22441186524947732:0.27092986157703836] [-0.058542971330535654:0.10501930183911301] [-0.11496151859245618:0.082843162776128354] [-0.1226559005192206:0.15756591020035837] [11.859999656677246:52.330001831054688] [-0.35753873962348437:0.74039073966007019] [-0.073180917682286184:0.075364333134955164] [-0.12187676960594984:0.078003472462632839]
tree_sizes=845 854 855 862 862 866 860 855 859 856 839 866 853 859 855 867 860 856 848 859 860

Tree=0
num_leaves=8
num_cat=0
split_feature=5 13 16 1 7 6 14
split_gain=5.4585 2.00909 1.60759 1.50287 1.7276 1.48084 2.56395
threshold=0.014979382742331187 17.164999961853031 0.016961619118764152 -0.032942144534428223 -0.062611080152191897 0.55034741575145929 -0.0066427814256201914
decision_type=2 2 2 2 2 2 2
left_child=5 -2 3 4 -3 -1 -7
right_child=1 2 -4 -5 -6 6 -8
leaf_value=-0.0088035225402563807 -0.0088903116527944796 -0.0094805468805134289 -0.0088212859351187948 -0.0091844899579882622 -0.0087294042110443119 -0.0091188553022220724 -0.0088002441916614771
leaf_weight=321 117 29 45 113 35 36 50
leaf_count=321 117 29 45 113 35 36 50
internal_value=-0.00930829 -0.0139946 -0.016789 -0.0189344 -0.0128124 -0.00540492 -0.0112317
internal_weight=746 339 222 177 64 407 86
internal_count=746 339 222 177 64 407 86
is_linear=0
shrinkage=1


Tree=1
num_leaves=8
num_cat=0
split_feature=4 7 11 4 10 14 3
split_gain=4.40041 2.09357 2.46531 2.00642 1.50796 1.50561 2.0099
threshold=0.024958257961066009 0.01601882413060263 0.014319946344864666 0.037509950601165708 0.0091813381816910917 -0.04578454363779693 0.0033908573394366708
decision_type=2 2 2 2 2 2 2
left_child=4 2 3 -2 5 -1 -7
right_child=1 -3 -4 -5 -6 6 -8
leaf_value=-0.00017573976190760735 -7.415488362312318e-05 -0.00019273751182481651 0.00021089687477797268 -0.00055357849458232528 0.00020588274695910512 4.4039234053343523e-05 0.0001227563084103167
leaf_weight=43 127 99 46 38 49 257 74
leaf_count=43 127 99 46 38 49 257 74
internal_value=0.000170532 -0.00435484 -0.00154028 -0.00439394 0.003487 0.00240642 0.00354985
internal_weight=733 310 211 165 423 374 331
internal_count=733 310 211 165 423 374 331
is_linear=0
shrinkage=0.05


Tree=2
num_leaves=8
num_cat=0
split_feature=5 2 6 14 3 11 13
split_gain=5.95346 2.06302 1.66112 1.91929 2.35249 1.77846 1.50685
threshold=0.014958843389677555 0.038652120614343984 0.170073444875292 -0.0066427814256201914 0.0017813394621565284 0.01079875175925993 21.82499980926514
decision_type=2 2 2 2 2 2 2
left_child=2 6 -1 5 -5 -4 -2
right_child=1 -3 3 4 -6 -7 -8
leaf_value=0.00010331096360459919 1.7799454857595281e-05 -0.00021858488128054886 -7.4901618063710078e-09 -2.1405497100204264e-05 0.00030993657186627392 -0.00044527223531622443 -0.00038897112326230856
leaf_weight=277 163 107 40 43 26 25 64
leaf_count=277 163 107 40 43 26 25 64
internal_value=0.000167785 -0.00479042 0.00419708 -0.000373134 0.00543478 -0.00653846 -0.00209251
internal_weight=745 334 411 134 69 65 227
internal_count=745 334 411 134 69 65 227
is_linear=0
shrinkage=0.05


Tree=3
num_leaves=8
num_cat=0
split_feature=4 0 16 10 14 8 9
split_gain=3.60004 2.16493 2.42318 2.23068 2.11465 1.93772 2.38473
threshold=0.023290963799286312 -0.0048520015127643248 -0.002427181804697975 0.0091813381816910917 -1.0000000180025095e-35 0.078536868987569966 -0.13519540161511009
decision_type=2 2 2 2 2 8 10
left_child=1 -1 -3 4 -4 6 -2
right_child=5 2 3 -5 -6 -7 -8
leaf_value=-0.00010163163814577272 0.00017713150851777755 -3.1579617760144197e-05 1.0213054940686568e-05 0.00031042873772094029 0.00018841341510415075 -0.00022664136059174779 -0.00010022322922595773
leaf_weight=95 59 68 94 29 71 60 261
leaf_count=95 59 68 94 29 71 60 261
internal_value=-3.39213e-05 0.00357143 0.00591603 0.00876289 0.00651515 -0.00342105 -0.001875
internal_weight=737 357 262 194 165 380 320
internal_count=737 357 262 194 165 380 320
is_linear=0
shrinkage=0.05


Tree=4
num_leaves=8
num_cat=0
split_feature=1 5 9 3 9 12 7
split_gain=3.70809 3.16218 3.7295 2.67898 1.98072 1.62269 1.81141
threshold=0.070318749254947202 0.016437053232225485 -0.054645128219385268 -0.0087941277582223015 -0.037862525683588881 0.0098181061212317972 0.054308523109700919
decision_type=2 2 8 2 8 2 2
left_child=1 2 -1 -3 -5 -4 -7
right_child=-2 3 5 4 -6 6 -8
leaf_value=-0.00019494038759934487 -0.00021475767408759563 -0.00050453069532144582 0.00012324916368233965 0.00017227278050646421 -0.00017339580992906123 1.4327322508761454e-05 0.00011691903676837676
leaf_weight=43 48 33 147 67 106 244 55
leaf_count=43 48 33 147 67 106 244 55
internal_value=-0.000100942 0.000827338 0.00301636 -0.00436893 -0.00187861 0.0043722 0.00225753
internal_weight=743 695 489 206 173 446 299
internal_count=743 695 489 206 173 446 299
is_linear=0
shrinkage=0.05


Tree=5
num_leaves=8
num_cat=0
split_feature=16 10 15 3 4 0 14
split_gain=3.15667 3.3588 2.8727 1.9122 1.60577 1.61761 1.58135
threshold=-0.002981233216299561 -0.0019995702881753781 -0.0057908468755489819 -0.0075051569097297479 0.023290963799286312 -0.0033476182625823965 0.055948056460050417
decision_type=2 2 2 2 2 2 2
left_child=1 6 -2 -4 5 -5 -1
right_child=2 -3 3 4 -6 -7 -8
leaf_value=0.00011711965103429973 -0.00012703480895814571 -0.00022599472962453002 -0.00016581447128326184 -4.4523897808270742e-05 4.0355928454475359e-05 0.00012258638504548434 -9.5731680864744734e-05
leaf_weight=52 47 151 34 31 177 170 70
leaf_count=52 47 151 34 31 177 170 70
internal_value=0.000136612 -0.00412088 0.00266885 0.00400485 0.00502646 0.00808458 0.00204918
internal_weight=732 273 459 412 378 201 122
internal_count=732 273 459 412 378 201 122
is_linear=0
shrinkage=0.05


Tree=6
num_leaves=8
num_cat=0
split_feature=4 15 10 12 12 11 6
split_gain=3.05791 1.71436 2.83205 1.76157 1.67291 2.52534 3.45707
threshold=0.026311483169976019 -0.0062976167741713432 -0.0019995702881753781 0.0098181061212317972 0.029085927178424512 0.0029094650612268018 0.61689999381380478
decision_type=2 2 2 2 2 2 2
left_child=1 2 -1 -3 -5 -6 -7
right_child=-2 3 -4 4 5 6 -8
leaf_value=5.2247043710915587e-05 -0.00011425770228857998 0.00015985187975840255 -0.00025290159075505185 -2.9828351844126465e-05 -6.276346246625329e-05 0.00018571999889253969 -0.00034256833948384042
leaf_weight=54 266 108 26 119 39 99 33
leaf_count=54 266 108 26 119 39 99 33
internal_value=0.000537634 0.00292887 -0.00375 0.00427136 0.00224138 0.00540936 0.00871212
internal_weight=744 478 80 398 290 171 132
internal_count=744 478 80 398 290 171 132
is_linear=0
shrinkage=0.05


Tree=7
num_leaves=8
num_cat=0
split_feature=5 11 14 7 11 12 4
split_gain=4.05684 1.92147 2.22224 2.00153 1.36794 2.30483 2.45655
threshold=0.014958843389677555 0.013148939613643941 -0.0080681674930397889 0.014628202198219144 0.0035059532242039952 0.023603379375990999 0.019115686100627798
decision_type=2 2 2 2 2 2 2
left_child=4 -2 3 -3 5 -1 -7
right_child=1 2 -4 -5 -6 6 -8
leaf_value=6.6352671981587648e-05 -0.0001472056126284525 0.0002909543138322492 -0.00015206109176803793 -1.5721062902040744e-05 9.4422411100776344e-05 0.00016029776660335773 -0.00025919704321820573
leaf_weight=119 247 31 35 33 209 32 34
leaf_count=119 247 31 35 33 209 32 34
internal_value=0.000337838 -0.00361272 0.00227273 0.0078125 0.00380711 0.000675676 -0.00681818
internal_weight=740 346 99 64 394 185 66
internal_count=740 346 99 64 394 185 66
is_linear=0
shrinkage=0.05


Tree=8
num_leaves=8
num_cat=0
split_feature=1 1 0 4 0 0 11
split_gain=3.43622 2.32698 2.39878 2.01305 1.51964 1.58975 2.03125
threshold=0.070318749254947202 0.031549216656878161 0.019187709194836037 0.019826610518910461 -0.0056395219557516798 -0.027823087668658261 -0.017414661079240442
decision_type=2 2 2 2 2 2 2
left_child=1 2 4 -3 5 -1 -7
right_child=-2 3 -4 -5 -6 6 -8
leaf_value=0.00014266887684132842 -0.00017416912280518597 0.00019786270724983453 -0.00023666103330220219 7.20092864640521e-05 4.6701621468807526e-05 0.00011336417647048172 -0.00015852097735995782
leaf_weight=41 45 31 46 105 315 25 153
leaf_count=41 45 31 46 105 315 25 153
internal_value=0.000624179 0.00146648 8.62069e-05 0.00735294 0.00102996 -0.00216895 -0.00421348
internal_weight=761 716 580 136 534 219 178
internal_count=761 716 580 136 534 219 178
is_linear=0
shrinkage=0.05


Tree=9
num_leaves=8
num_cat=0
split_feature=5 9 9 13 11 8 16
split_gain=3.31749 2.0962 1.73297 1.57366 1.65089 2.15485 1.73342
threshold=0.015080865655910285 -0.047635253779927771 -0.049785898469984984 21.954999923706058 -0.010094425489899582 0.056567957092092731 0.011264845696630889
decision_type=2 8 8 2 2 8 2
left_child=2 -2 -1 4 -3 -6 -7
right_child=1 3 -4 -5 5 6 -8
leaf_value=-0.00015298711002415387 9.9266948769018761e-05 0.00011847221597872469 7.5935747827201623e-05 -0.00050707416636233942 -4.6055810928684634e-05 -0.00038285465930702062 -0.00010887792557025848
leaf_weight=33 96 29 375 41 106 33 25
leaf_count=33 96 29 375 41 106 33 25
internal_value=0.00115176 -0.00257576 0.00416667 -0.00512821 -0.00323834 -0.00518293 -0.012931
internal_weight=738 330 408 234 193 164 58
internal_count=738 330 408 234 193 164 58
is_linear=0
shrinkage=0.05


Tree=10
num_leaves=8
num_cat=0
split_feature=1 5 0 11 16 9 12
split_gain=2.8028 2.33727 2.25961 3.00508 2.25929 1.65387 1.62353
threshold=0.070318749254947202 0.013321018564467246 -0.0037103414518255824 -0.0033980603845414899 0.016156437624358148 0.13910209121924291 -0.0021779841828679087
decision_type=2 2 2 2 2 8 2
left_child=1 2 3 -1 -3 -4 -6
right_child=-2 4 5 -5 6 -7 -8
leaf_value=0.00016307512942760244 -0.00020326706947370818 -6.9034214487383343e-05 0.00026113834539490788 -0.00027113041353271666 0.00015994171784059491 6.3681582719407709e-05 2.178030597884736e-05
leaf_weight=25 46 373 62 29 30 98 85
leaf_count=25 46 373 62 29 30 98 85
internal_value=0 0.000783476 0.00514019 -0.0037037 -0.00112705 0.008125 0.005
internal_weight=748 702 214 54 488 160 115
internal_count=748 702 214 54 488 160 115
is_linear=0
shrinkage=0.05


Tree=11
num_leaves=8
num_cat=0
split_feature=16 1 16 5 12 9 15
split_gain=2.3524 2.45547 2.42048 1.91518 2.33176 1.86067 1.68474
threshold=0.016156437624358148 0.070318749254947202 0.020178452445150045 0.016437053232225485 0.0061045845958173093 -0.053714125422922469 0.0049108171325700231
decision_type=2 2 2 2 2 8 2
left_child=1 3 -2 4 -1 -5 -7
right_child=2 -3 -4 5 -6 6 -8
leaf_value=0.00013937091117320811 0.00025122631315904249 -0.00021873807146180775 3.1293646586330647e-05 5.9967899871030085e-05 -9.0479348874223427e-06 -0.00017890485136951877 -0.00077902801138010115
leaf_weight=108 37 27 152 52 263 80 27
leaf_count=108 37 27 152 52 263 80 27
internal_value=0.000603217 -0.00103232 0.00542328 -0.000283019 0.00168464 -0.00487421 -0.00864486
internal_weight=746 557 189 530 371 159 107
internal_count=746 557 189 530 371 159 107
is_linear=0
shrinkage=0.05


Tree=12
num_leaves=8
num_cat=0
split_feature=1 5 11 0 11 12 9
split_gain=2.81059 2.02543 2.06826 2.01293 3.12429 1.88444 1.52416
threshold=0.084905354857613316 0.013466717106004509 0.013148939613643941 -0.0037103414518255824 -0.0038922440129086073 0.044797468005207237 0.15706135451337347
decision_type=2 2 2 2 2 2 8
left_child=1 3 -3 4 -1 -4 -5
right_child=-2 2 5 6 -6 -7 -8
leaf_value=0.00024738482171567143 -0.00033773191064876188 -5.5121978328661216e-05 0.00012169681485989767 0.00024520441246980322 -0.00022150637975433627 -0.00018382780700173162 5.897587076075656e-05
leaf_weight=25 26 339 97 80 35 43 81
leaf_count=25 26 339 97 80 35 43 81
internal_value=0.000757576 0.00135714 -0.000469729 0.00531674 -0.0025 0.00464286 0.00822981
internal_weight=726 700 479 221 60 140 161
internal_count=726 700 479 221 60 140 161
is_linear=0
shrinkage=0.05


Tree=13
num_leaves=8
num_cat=0
split_feature=5 14 10 4 0 10 8
split_gain=3.08306 2.09542 2.15994 2.29661 2.21393 1.62127 1.63887
threshold=0.014518513675736368 -0.0056306847578752031 0.0058855718957657741 0.019546852748315763 0.0084937873036450302 0.0030954007204008209 0.069148550751395269
decision_type=2 2 2 2 2 2 10
left_child=1 2 3 -1 -4 6 -3
right_child=-2 5 4 -5 -6 -7 -8
leaf_value=1.9515352588198295e-05 -4.6729021849034347e-05 0.00013838547591128958 0.00022443329516809034 -0.00021452874508599541 -2.5751301452290936e-05 0.00023794725019760899 -0.00012075185368373188
leaf_weight=45 388 117 37 52 33 35 35
leaf_count=45 388 117 37 52 33 35 35
internal_value=0.00114555 0.00451977 0.000449102 -0.00438144 0.00714286 0.00815508 0.00592105
internal_weight=742 354 167 97 70 187 152
internal_count=742 354 167 97 70 187 152
is_linear=0
shrinkage=0.05


Tree=14
num_leaves=8
num_cat=0
split_feature=5 15 4 1 16 14 2
split_gain=2.57324 1.48543 2.16071 2.9911 1.8115 1.38363 1.37672
threshold=0.014574649654212743 -0.0016269048108511484 0.033081333720709427 -0.031480805247914405 -0.002981233216299561 -0.06426442822534599 0.04068067564946299
decision_type=2 2 2 2 2 2 2
left_child=-1 2 3 -2 -3 -6 -7
right_child=1 4 -4 -5 5 6 -8
leaf_value=4.4023402079893362e-05 0.00014160281873187809 -0.00032561964844374518 -0.00045184980878137975 -0.00015687617468237273 0.00025110247988529845 7.5241437283660352e-05 -0.00013722727177351807
leaf_weight=355 37 64 40 63 42 81 42
leaf_count=355 37 64 40 63 42 81 42
internal_value=0.000552486 -0.00237127 -0.00642857 -0.0025 0.00010917 0.00287879 0.000203252
internal_weight=724 369 140 100 229 165 123
internal_count=724 369 140 100 229 165 123
is_linear=0
shrinkage=0.05


Tree=15
num_leaves=8
num_cat=0
split_feature=8 12 4 12 16 10 15
split_gain=1.8733 1.7899 2.20058 1.51283 1.54808 1.76424 1.93681
threshold=-0.14868444213184781 -0.050232690438178178 0.034684778135524411 0.0027925929369287954 0.015610802333019815 -0.0061039058742593513 -0.003705432833846722
decision_type=10 2 2 2 2 2 2
left_child=-1 -2 3 -3 5 -5 -7
right_child=1 2 -4 4 -6 6 -8
leaf_value=-0.0003704410244253399 0.00026546295743817074 9.4797548086942619e-05 -0.00036687623700686414 0.00014331444288190966 7.5579239978044573e-05 -0.00018030062075140947 -2.0878616945753163e-06
leaf_weight=27 30 135 69 35 135 77 224
leaf_count=27 30 135 69 35 135 77 224
internal_value=0.000887978 0.00138298 0.000851852 0.00181518 0.000477707 -0.00133929 -0.00257475
internal_weight=732 705 675 606 471 336 301
internal_count=732 705 675 606 471 336 301
is_linear=0
shrinkage=0.05


Tree=16
num_leaves=8
num_cat=0
split_feature=16 1 16 8 12 0 12
split_gain=2.53297 2.09583 1.63118 1.55957 1.78252 2.08458 1.76678
threshold=0.015610802333019815 0.066528993195915667 0.01986633546889183 -0.14868444213184781 0.0020578484903100995 0.019451147022212515 -0.005215251084133842
decision_type=2 2 2 10 2 2 2
left_child=1 3 -2 -1 6 -6 -5
right_child=2 -3 -4 4 5 -7 -8
leaf_value=-0.00035191897320407294 0.00022159220366335501 -0.00027501435845938248 2.5609464342798551e-05 1.4687561235016741e-05 -9.1279452406300452e-06 -0.00013973378071831035 0.00020627058290134402
leaf_weight=27 42 31 151 133 310 26 31
leaf_count=27 42 31 151 133 310 26 31
internal_value=0.00063249 -0.00107527 0.00556995 -0.000332068 0.0003 -0.00178571 0.00457317
internal_weight=751 558 193 527 500 336 164
internal_count=751 558 193 527 500 336 164
is_linear=0
shrinkage=0.05


Tree=17
num_leaves=8
num_cat=0
split_feature=1 8 1 9 12 12 10
split_gain=2.55265 2.20553 1.88693 1.72726 1.90743 2.35286 1.46964
threshold=0.081477047553251927 -0.14868444213184781 0.028934759258244295 0.033332893288776873 0.02952133598580731 0.0072856290131225751 -0.0012648556783600438
decision_type=2 10 2 8 2 2 2
left_child=1 -1 6 -4 5 -5 -3
right_child=-2 2 3 4 -6 -7 -8
leaf_value=-0.0003343230245438693 -0.00026126364053641337 4.1952939931518998e-05 -3.4962783193431869e-05 0.00028901273570532501 0.0001559523767400633 -6.651988206688346e-05 -3.3960972873949004e-05
leaf_weight=31 31 210 54 28 47 29 314
leaf_count=31 31 210 54 28 47 29 314
internal_value=0.000336022 0.000946704 0.00153959 0.00632911 0.0100962 0.00394737 9.54198e-05
internal_weight=744 713 682 158 104 57 524
internal_count=744 713 682 158 104 57 524
is_linear=0
shrinkage=0.05


Tree=18
num_leaves=8
num_cat=0
split_feature=8 1 1 4 2 10 14
split_gain=2.2445 1.69208 2.01544 2.20555 1.9339 1.35634 1.10921
threshold=-0.14868444213184781 0.081477047553251927 0.028934759258244295 0.019804944464751995 0.12075677608294068 0.012396496477192877 0.010891009150098998
decision_type=10 2 2 2 2 2 2
left_child=-1 2 4 -4 5 -2 -5
right_child=1 -3 3 6 -6 -7 -8
leaf_value=-0.00037818071597152338 1.0353820296673178e-05 -0.00025108212988473444 0.00021055575476087077 6.9233713557180756e-05 -0.00022436854721012917 -0.00021013791956451481 -0.00011213504967252462
leaf_weight=30 474 29 43 89 29 25 31
leaf_count=30 474 29 43 89 29 25 31
internal_value=6.66667e-05 0.000625 0.00112156 0.0059816 -0.000378788 0.000350701 0.0025
internal_weight=750 720 691 163 528 499 120
internal_count=750 720 691 163 528 499 120
is_linear=0
shrinkage=0.05


Tree=19
num_leaves=8
num_cat=0
split_feature=8 9 16 11 12 9 8
split_gain=1.76088 1.47765 1.53722 2.14738 2.20533 2.1097 1.74611
threshold=-0.14868444213184781 0.062635340845758072 0.0071863802787994766 -0.023324981642921735 0.031984591372152711 -0.02972716417091464 -0.051668359086697639
decision_type=10 8 2 2 2 10 10
left_child=-1 2 3 -2 -5 -6 -4
right_child=1 -3 6 4 5 -7 -8
leaf_value=-0.00029869783751809963 0.00027681509433928391 4.317433162907658e-05 0.0002271163395717606 -0.00025610475855746673 0.00012473556676776228 -0.00017860966528376396 -4.903066064419672e-07
leaf_weight=31 26 380 39 107 25 30 103
leaf_count=31 26 380 39 107 25 30 103
internal_value=0.00118084 0.00169014 -0.000757576 -0.0037234 -0.0058642 0.00227273 0.00316901
internal_weight=741 710 330 188 162 55 142
internal_count=741 710 330 188 162 55 142
is_linear=0
shrinkage=0.05


Tree=20
num_leaves=8
num_cat=0
split_feature=4 12 9 3 0 3 0
split_gain=1.64267 1.87259 2.30546 2.06467 1.15525 1.11687 2.47065
threshold=0.034684778135524411 0.0027925929369287954 -0.014781734431220271 0.0047928867744337919 -0.0066202263905324457 0.0060335105373243722 0.0084937873036450302
decision_type=2 2 8 2 2 2 2
left_child=1 2 -1 -4 -2 -3 -7
right_child=4 5 3 -5 -6 6 -8
leaf_value=0.00034986617263214887 -0.00038601451258269548 1.0534476961579151e-05 3.7577711237560612e-07 0.00019106564085809589 -0.00020178974016774295 4.6812345320681973e-05 -0.00012915510076919834
leaf_weight=27 31 414 105 27 51 33 51
leaf_count=27 31 414 105 27 51 33 51
internal_value=0.000575101 0.00140791 0.00613208 0.00340909 -0.00609756 -0.000100402 -0.00535714
internal_weight=739 657 159 132 82 498 84
internal_count=739 657 159 132 82 498 84
is_linear=0
shrinkage=0.05


end of trees

feature_importances:
spy_ret_20d=15
ret_5d=13
atr_pct=12
dist_ma200=12
sector_ret_5d=12
ret_1d=11
spy_ret_5d=11
parkinson_20=10
dist_ma50=9
spy_ret_1d=9
vix_chg_1d=9
overnight_gap=6
sector_ret_1d=5
dist_ma20=4
ret_20d=3
dvol_z_20=3
vix_level=3

parameters:
[boosting: gbdt]
[objective: quantile]
[metric: quantile]
[tree_learner: serial]
[device_type: cpu]
[data_sample_strategy: bagging]
[data: ]
[valid: ]
[num_iterations: 80]
[learning_rate: 0.05]
[num_leaves: 8]
[num_threads: 1]
[seed: 0]
[deterministic: 0]
[force_col_wise: 1]
[force_row_wise: 0]
[histogram_pool_size: -1]
[max_depth: -1]
[min_data_in_leaf: 25]
[min_sum_hessian_in_leaf: 0.001]
[bagging_fraction: 0.9]
[pos_bagging_fraction: 1]
[neg_bagging_fraction: 1]
[bagging_freq: 1]
[bagging_seed: 3]
[bagging_by_query: 0]
[feature_fraction: 0.9]
[feature_fraction_bynode: 1]
[feature_fraction_seed: 2]
[extra_trees: 0]
[extra_seed: 6]
[early_stopping_round: 0]
[early_stopping_min_delta: 0]
[first_metric_only: 0]
[max_delta_step: 0]
[lambda_l1: 0]
[lambda_l2: 0]
[linear_lambda: 0]
[min_gain_to_split: 0]
[drop_rate: 0.1]
[max_drop: 50]
[skip_drop: 0.5]
[xgboost_dart_mode: 0]
[uniform_drop: 0]
[drop_seed: 4]
[top_rate: 0.2]
[other_rate: 0.1]
[min_data_per_group: 100]
[max_cat_threshold: 32]
[cat_l2: 10]
[cat_smooth: 10]
[max_cat_to_onehot: 4]
[top_k: 20]
[monotone_constraints: ]
[monotone_constraints_method: basic]
[monotone_penalty: 0]
[feature_contri: ]
[forcedsplits_filename: ]
[refit_decay_rate: 0.9]
[cegb_tradeoff: 1]
[cegb_penalty_split: 0]
[cegb_penalty_feature_lazy: ]
[cegb_penalty_feature_coupled: ]
[path_smooth: 0]
[interaction_constraints: ]
[verbosity: -1]
[saved_feature_importance_type: 0]
[use_quantized_grad: 0]
[num_grad_quant_bins: 4]
[quant_train_renew_leaf: 0]
[stochastic_rounding: 1]
[linear_tree: 0]
[max_bin: 255]
[max_bin_by_feature: ]
[min_data_in_bin: 3]
[bin_construct_sample_cnt: 200000]
[data_random_seed: 1]
[is_enable_sparse: 1]
[enable_bundle: 1]
[use_missing: 1]
[zero_as_missing: 0]
[feature_pre_filter: 1]
[pre_partition: 0]
[two_round: 0]
[header: 0]
[label_column: ]
[weight_column: ]
[group_column: ]
[ignore_column: ]
[categorical_feature: ]
[forcedbins_filename: ]
[precise_float_parser: 0]
[parser_config_file: ]
[objective_seed: 5]
[num_class: 1]
[is_unbalance: 0]
[scale_pos_weight: 1]
[sigmoid: 1]
[boost_from_average: 1]
[reg_sqrt: 0]
[alpha: 0.5]
[fair_c: 1]
[poisson_max_delta_step: 0.7]
[tweedie_variance_power: 1.5]
[lambdarank_truncation_level: 30]
[lambdarank_norm: 1]
[label_gain: ]
[lambdarank_position_bias_regularization: 0]
[eval_at: ]
[multi_error_top_k: 1]
[auc_mu_weights: ]
[num_machines: 1]
[local_listen_port: 12400]
[time_out: 120]
[machine_list_filename: ]
[machines: ]
[gpu_platform_id: -1]
[gpu_device_id: -1]
[gpu_device_id_list: ]
[gpu_use_dp: 0]
[num_gpu: 1]

end of parameters

pandas_categorical:[]
