tree
version=v4
num_class=1
num_tree_per_iteration=1
label_index=0
max_feature_idx=16
objective=quantile
feature_names=ret_1d ret_5d ret_20d overnight_gap atr_pct parkinson_20 dvol_z_20 dist_ma20 dist_ma50 dist_ma200 spy_ret_1d spy_ret_5d spy_ret_20d vix_level vix_chg_1d sector_ret_1d sector_ret_5d
feature_infos=[-0.17766206750623115:0.1978320320172684] [-0.2233870636536095:0.23119774050921427] [-0.27909672963162657:0.36059122548187794] [-0.1695601961081038:0.15266491243425939] [0.0038556680702697419:0.068002913572293627] [0.0027062876148480955:0.033374966483772424] [-2.0297492929649388:4.2615435394466807] [-0.20641915361176411:0.20366376126269681] [-0.29052553318889773:0.23843887985998391] [-0.3916540624019208:0.29569057702331314] [-0.058542971330535654:0.10501930183911301] [-0.11496151859245618:0.082843162776128354] [-0.1226559005192206:0.15756591020035837] [11.859999656677246:52.330001831054688] [-0.35753873962348437:0.74039073966007019] [-0.055625943886246643:0.039932904849798945] [-0.11091775398112247:0.072664397618361631]
tree_sizes=829 865 857 851 859 855 868 855 863 859 859 851 865 864 859 863 872 856 870 875 864 861 868 866 863 873 860 861 861 854 872 863 867 862 857 865 866 862 870 869 866 868 864 855 873 863 871 867 872 875 873 870 872 867 860 879 878 865 872 862 873 869 862 864 868 869 868 872 866 868 871 864 873 869 866 885 880 863 875 867

Tree=0
num_leaves=8
num_cat=0
split_feature=9 10 15 3 3 16 5
split_gain=2.39243 1.57814 2.66289 1.46871 0.706429 0.542321 0.472064
threshold=-0.10680062550421358 -0.0017470016399772079 -0.0014005865072363453 -0.01393092826597536 0.0043327823988611467 -0.0057555242436834178 0.02070801739125332
decision_type=8 2 2 2 2 2 2
left_child=1 -1 -3 -2 -4 -5 -7
right_child=3 2 4 5 -6 6 -8
leaf_value=0.024895842600288643 0.025675715571019886 0.026070065572222845 0.02602977174391834 0.024749179410276857 0.024875212041455218 0.024976060626771157 0.025487053787683966
leaf_weight=68 27 43 44 174 43 259 92
leaf_count=68 27 43 44 174 43 259 92
internal_value=0.0253927 0.0301078 0.0333363 0.0237014 0.0283053 0.0231165 0.024248
internal_weight=750 198 130 552 87 525 351
internal_count=750 198 130 552 87 525 351
is_linear=0
shrinkage=1


Tree=1
num_leaves=8
num_cat=0
split_feature=9 16 12 16 3 8 8
split_gain=1.6323 1.49579 1.26708 1.25612 1.14385 0.464188 0.592448
threshold=-0.10680062550421358 -0.026554869991455506 0.026646485703523241 0.0067923330516926903 -0.014305333057208767 -0.00031831184646835537 0.059672458249314227
decision_type=8 2 2 2 2 10 10
left_child=1 -1 -3 -4 -2 -6 -7
right_child=4 2 3 -5 5 6 -8
leaf_value=0.0023003273568789088 0.00040008284841630548 -0.00034804621064948253 0.00069762998123378201 1.9192641289955748e-05 -0.00041308770303486803 0.00020224991597068916 -0.00034372584129439463
leaf_weight=25 26 89 35 43 289 84 143
leaf_count=25 26 89 35 43 289 84 143
internal_value=-0.000367849 0.00359375 0.00188623 0.00653846 -0.00177122 -0.00228682 -0.000594715
internal_weight=734 192 167 78 542 516 227
internal_count=734 192 167 78 542 516 227
is_linear=0
shrinkage=0.05


Tree=2
num_leaves=8
num_cat=0
split_feature=5 11 8 2 8 14 14
split_gain=2.34012 1.44905 1.01597 1.63075 1.20609 0.653468 0.769952
threshold=0.021685020856435869 0.0030141112553000453 0.071165915382567682 -0.029971051854078164 -0.10381344161954768 0.038811658900465458 0.052213768787031663
decision_type=2 2 10 2 10 2 2
left_child=5 -2 3 4 -3 -1 -7
right_child=1 2 -4 -5 -6 6 -8
leaf_value=-0.00032737549733413088 -0.00025320970038071583 0.00054812383828528404 -6.0458729988546739e-05 0.0011583495983430421 -0.00040464074041338658 0.00046023041765551629 -8.184989976281995e-05
leaf_weight=394 98 37 31 33 25 25 106
leaf_count=394 98 37 31 33 25 25 106
internal_value=-0.000126837 0.00415178 0.00769841 0.0102632 0.00548387 -0.00195238 0.00110687
internal_weight=749 224 126 95 62 525 131
internal_count=749 224 126 95 62 525 131
is_linear=0
shrinkage=0.05


Tree=3
num_leaves=8
num_cat=0
split_feature=9 16 12 1 10 3 3
split_gain=1.69069 1.1619 1.75613 1.48293 0.724286 0.709158 0.580293
threshold=-0.10680062550421358 -0.026988089914629362 0.014344491575221776 0.010513433384546024 0.0034739164181698538 -0.01393092826597536 0.0081481019831812791
decision_type=8 2 2 2 2 2 2
left_child=1 -1 -3 4 -4 -2 -7
right_child=5 2 3 -5 -6 6 -8
leaf_value=0.0017333654034152384 0.00026851901434851326 -0.00038818358945505259 -0.00040219950667966589 0.001468062939687602 0.00054760639503001213 -0.00035099769373845766 5.8744240935176322e-05
leaf_weight=27 26 79 35 31 25 420 100
leaf_count=27 26 79 35 31 25 420 100
internal_value=-8.74844e-05 0.00388325 0.00235294 0.00708791 0.0025 -0.00152015 -0.00192308
internal_weight=743 197 170 91 60 546 520
internal_count=743 197 170 91 60 546 520
is_linear=0
shrinkage=0.05


Tree=4
num_leaves=8
num_cat=0
split_feature=5 15 12 3 15 13 15
split_gain=2.50221 1.3097 2.53237 1.13206 0.99479 0.584103 0.74296
threshold=0.021451566330926691 -0.0014005865072363453 0.020229824127922073 -0.01393092826597536 0.008884210953697293 16.98499965667725 -0.010902746645946258
decision_type=2 2 2 2 2 2 2
left_child=3 2 -2 -1 -3 6 -5
right_child=1 4 -4 5 -6 -7 -8
leaf_value=0.00031334610690879274 0.00020928074900012478 -0.00015221552103938672 0.00057015943091933633 0.00049711153462700885 0.00080250524294291537 -0.00043781572241441522 -0.00021552670796914518
leaf_weight=26 45 101 37 30 47 206 254
leaf_count=26 45 101 37 30 47 206 254
internal_value=0.000227881 0.00456522 0.00963415 -0.00170543 0.00175676 -0.0022449 -0.000774649
internal_weight=746 230 82 516 148 490 284
internal_count=746 230 82 516 148 490 284
is_linear=0
shrinkage=0.05


Tree=5
num_leaves=8
num_cat=0
split_feature=5 12 15 15 11 3 6
split_gain=2.1852 0.946666 2.5799 1.7465 1.2185 0.752279 0.397409
threshold=0.021451566330926691 0.025521160306696159 -0.0014005865072363453 0.010039943796396058 -0.019621569956091153 -0.01393092826597536 0.23876646145844535
decision_type=2 2 2 2 2 2 2
left_child=5 3 -3 4 -2 -1 -7
right_child=1 2 -4 -5 -6 6 -8
leaf_value=0.00023942575828564787 0.00066353912222399296 0.00053791386843684099 0.0002259153409672549 0.00087334715431551893 -0.00059623641999460505 -0.00030455414510752242 -3.0788123776570391e-05
leaf_weight=26 29 33 64 29 75 343 138
leaf_count=26 29 33 64 29 75 343 138
internal_value=8.81942e-05 0.00413043 0.0078866 0.00139098 -0.00163462 -0.00174556 -0.00219335
internal_weight=737 230 97 133 104 507 481
internal_count=737 230 97 133 104 507 481
is_linear=0
shrinkage=0.05


Tree=6
num_leaves=8
num_cat=0
split_feature=4 15 3 13 3 0 12
split_gain=1.29747 1.18657 0.661415 0.731039 0.625558 0.815606 0.582087
threshold=0.039751556900712949 -0.0030623645891745817 -0.01393092826597536 16.954999923706058 -0.0033333751922955952 -0.010171980994975514 0.0086975784270316731
decision_type=2 2 2 2 2 2 2
left_child=2 -2 -1 4 -4 -6 -7
right_child=1 -3 3 -5 5 6 -8
leaf_value=0.00022745447037136551 0.00048090817222510299 2.5618379421678793e-05 -0.00043605743194710949 -0.00040124217227452522 0.00038406187387128398 6.5877314272634493e-05 -0.00016264958912056235
leaf_weight=26 44 86 84 255 39 45 167
leaf_count=26 44 86 84 255 39 45 167
internal_value=-0.000308312 0.00423077 -0.00126623 -0.00161017 -7.46281e-05 0.0011753 -4.7171e-05
internal_weight=746 130 616 590 335 251 212
internal_count=746 130 616 590 335 251 212
is_linear=0
shrinkage=0.05


Tree=7
num_leaves=8
num_cat=0
split_feature=9 15 12 3 14 11 6
split_gain=2.21197 1.53192 3.13725 1.09058 0.841887 0.517677 0.511853
threshold=-0.10680062550421358 -0.0014005865072363453 0.020229824127922073 -0.014305333057208767 -0.025685626403374347 -0.0093898338584641455 -0.25366147082724294
decision_type=8 2 2 2 2 2 2
left_child=1 2 5 -2 6 -1 -3
right_child=3 4 -4 -5 -6 -7 -8
leaf_value=0.00048119220946244454 0.00033173393348791513 -5.4597666466565291e-05 0.00052973532021187994 -0.00024273810848939246 -0.0003169551715380843 -0.00045230082474424646 0.0013723933188225105
leaf_weight=25 26 27 34 522 59 26 26
leaf_count=25 26 27 34 522 59 26 26
internal_value=0.00010067 0.00464467 0.00970588 -0.00153285 0.00080357 0.00186274 0.00537736
internal_weight=745 197 85 548 112 51 53
internal_count=745 197 85 548 112 51 53
is_linear=0
shrinkage=0.05


Tree=8
num_leaves=8
num_cat=0
split_feature=3 9 0 2 8 12 2
split_gain=1.71551 1.10812 0.804799 1.14817 0.585532 1.00513 1.54575
threshold=-0.014305333057208767 -0.10680062550421358 -0.01706751260437039 0.020238836620951609 -0.00031831184646835537 0.0072856290131225751 0.096394462777431592
decision_type=2 8 2 2 10 2 2
left_child=-1 2 -2 -4 -3 6 -6
right_child=1 4 3 -5 5 -7 -8
leaf_value=0.00046570627630189546 0.00040383208239061193 -0.00031851606557474293 -0.00023459308045123458 0.0013208790504094664 0.00066183585911446679 -8.0391569644391143e-05 -0.00052830843860760326
leaf_weight=45 34 305 98 48 29 180 25
leaf_count=45 34 305 98 48 29 180 25
internal_value=-2.61792e-05 -0.000618916 0.00277778 0.00116438 -0.00175325 0.000128204 0.00611111
internal_weight=764 719 180 146 539 234 54
internal_count=764 719 180 146 539 234 54
is_linear=0
shrinkage=0.05


Tree=9
num_leaves=8
num_cat=0
split_feature=9 15 3 6 14 14 13
split_gain=1.48164 1.61176 0.954529 1.16525 0.692269 0.430969 0.527375
threshold=-0.12636461967014909 -0.008338990073775308 -0.00067795435707662655 -0.62234115137403923 -0.017044659763988276 0.023268635347166725 15.105000019073488
decision_type=8 2 2 2 2 2 2
left_child=1 -1 -3 -4 -5 -2 -7
right_child=5 2 3 4 -6 6 -8
leaf_value=0.00044947898582947297 -0.0002277324810598762 -0.00031375281809571258 -0.00041527135233488635 0.0013642490170168054 0.00035058242591620064 0.00017661376614836583 -3.5233057759773364e-05
leaf_weight=39 388 60 29 28 29 42 129
leaf_count=39 388 60 29 28 29 42 129
internal_value=4.03214e-05 0.00391892 0.00150685 0.00488372 0.00903509 -0.00124329 0.000847952
internal_weight=744 185 146 86 57 559 171
internal_count=744 185 146 86 57 559 171
is_linear=0
shrinkage=0.05


Tree=10
num_leaves=8
num_cat=0
split_feature=5 12 11 11 6 11 3
split_gain=1.87696 0.858155 0.920584 1.11746 1.08431 0.707009 0.610416
threshold=0.021685020856435869 0.056550523071576715 0.0030141112553000453 -0.019621569956091153 0.015619293638738209 0.01081338505568419 -0.013695118818638439
decision_type=2 2 2 2 2 2 2
left_child=6 2 3 -2 5 -4 -1
right_child=1 -3 4 -5 -6 -7 -8
leaf_value=0.00019842638884906379 0.00064757914018688436 0.00080708372541822494 0.00067748132146114087 -0.00078341056884148738 0.00050747325118296585 -0.00037832131857738565 -0.00017451878806618417
leaf_weight=27 35 25 26 55 43 37 501
leaf_count=27 35 25 26 55 43 37 501
internal_value=0.000407208 0.00427602 0.00316326 -0.000555557 0.00632075 0.00214286 -0.00121212
internal_weight=749 221 196 90 106 63 528
internal_count=749 221 196 90 106 63 528
is_linear=0
shrinkage=0.05


Tree=11
num_leaves=8
num_cat=0
split_feature=5 15 16 12 1 9 6
split_gain=1.1687 0.779175 1.9885 1.11264 1.08333 0.82315 0.447768
threshold=0.021451566330926691 0.008884210953697293 0.016760923520870222 0.034736828879240907 0.027202942691047397 -0.30276168915559426 0.13155196024200347
decision_type=2 2 2 2 2 10 2
left_child=6 3 -3 5 -5 -2 -1
right_child=1 2 -4 4 -6 -7 -8
leaf_value=-0.00027046900320758374 0.00026090632341401241 -0.00023508896688885281 0.00075589325366917171 0.00013454951098175154 0.0011070208388897014 -0.00031566516671554428 3.0332503087221893e-05
leaf_weight=347 25 27 26 27 25 105 165
leaf_count=347 25 27 26 27 25 105 165
internal_value=-4.68553e-05 0.00287234 0.00820755 0.00131868 0.0075 -0.00115385 -0.00138672
internal_weight=747 235 53 182 52 130 512
internal_count=747 235 53 182 52 130 512
is_linear=0
shrinkage=0.05


Tree=12
num_leaves=8
num_cat=0
split_feature=3 9 16 3 10 3 16
split_gain=1.54619 0.828202 1.14187 0.97068 0.733624 1.12503 0.561908
threshold=-0.015589291727939434 0.0014039367915185121 -0.026988089914629362 -0.0025037400286085361 0.0038763574350731971 0.0049212834572676121 0.030711805153320396
decision_type=2 8 2 2 2 2 2
left_child=-1 2 -2 -4 -5 -6 -3
right_child=1 6 3 4 5 -7 -8
leaf_value=0.00045692219856775139 0.0011803790016735847 -0.00019694684570281478 -0.00035276516271712878 -8.1194989790835053e-06 0.00088384914545588933 4.1060876543593836e-05 0.0001045432058532242
leaf_weight=37 28 379 75 104 29 41 41
leaf_count=37 28 379 75 104 29 41 41
internal_value=-9.5369e-05 -0.000624104 0.00149819 0.000421686 0.00247126 0.00642857 -0.00202381
internal_weight=734 697 277 249 174 70 420
internal_count=734 697 277 249 174 70 420
is_linear=0
shrinkage=0.05


Tree=13
num_leaves=8
num_cat=0
split_feature=3 5 15 16 12 13 15
split_gain=1.29926 0.879658 0.752154 0.892428 0.72401 0.623147 0.812311
threshold=-0.014305333057208767 0.021451566330926691 0.008884210953697293 0.01714793847824592 0.039147441209038576 17.32499980926514 -0.011852544669722463
decision_type=2 2 2 2 2 2 2
left_child=-1 5 4 -4 -3 6 -2
right_child=1 2 3 -5 -6 -7 -8
leaf_value=0.00032396696181065561 0.00031796930891785178 -0.00011076617166578765 -1.6021779489819864e-05 0.00072040867299684897 0.0002642256846432563 -0.00037399828719195528 -7.9386605613359675e-05
leaf_weight=44 26 126 25 26 38 187 273
leaf_count=44 26 126 25 26 38 187 273
internal_value=0.000302012 -0.000221114 0.00244186 0.0077451 0.000792682 -0.00139918 1.67212e-05
internal_weight=745 701 215 51 164 486 299
internal_count=745 701 215 51 164 486 299
is_linear=0
shrinkage=0.05


Tree=14
num_leaves=8
num_cat=0
split_feature=3 5 2 8 16 13 14
split_gain=1.45277 1.05856 0.669858 1.96258 0.851754 0.565735 0.707537
threshold=-0.014305333057208767 0.021451566330926691 0.014815443496033478 0.071165915382567682 -0.012877871311926579 17.32499980926514 0.040951993391927573
decision_type=2 2 2 10 2 2 2
left_child=-1 5 4 -4 -3 6 -2
right_child=1 2 3 -5 -6 -7 -8
leaf_value=0.00034257061709643336 -0.00011500146220981052 0.00062076529495064053 0.00088598536698508224 1.0200558898978453e-05 -3.9439030963321337e-05 -0.00039089012196320198 0.00021695199992770105
leaf_weight=37 248 32 27 53 97 176 49
leaf_count=37 248 32 27 53 97 176 49
internal_value=0.000215576 -0.000307919 0.0026555 0.00625 0.000426355 -0.00161734 -0.000286196
internal_weight=719 682 209 80 129 473 297
internal_count=719 682 209 80 129 473 297
is_linear=0
shrinkage=0.05


Tree=15
num_leaves=8
num_cat=0
split_feature=3 3 8 15 13 3 3
split_gain=1.25223 0.813233 0.72384 0.865176 0.490318 0.693402 0.726309
threshold=-0.014305333057208767 0.0080200469552861326 0.059672458249314227 -0.00026063218550803619 17.204999923706058 -0.0030523209730131113 0.0013854055558344405
decision_type=2 2 8 2 2 2 2
left_child=-1 4 3 -3 5 -2 -7
right_child=1 2 -4 -5 -6 6 -8
leaf_value=0.00034229113038426913 -0.00026157068489854459 0.00061593056958866008 -6.3351716897223792e-05 0.00020417119256534459 -0.00032403159487558685 0.00026983041925833664 -5.6921692871833109e-05
leaf_weight=43 101 25 44 64 240 68 158
leaf_count=43 101 25 44 64 240 68 158
internal_value=-0.000491253 -0.001 0.0025188 0.00511236 -0.0018254 -0.00056575 0.00097345
internal_weight=743 700 133 89 567 327 226
internal_count=743 700 133 89 567 327 226
is_linear=0
shrinkage=0.05


Tree=16
num_leaves=8
num_cat=0
split_feature=0 3 1 8 8 12 7
split_gain=1.32675 0.824178 0.520721 0.392149 0.916701 1.60792 0.475599
threshold=-0.038563766267352632 -0.014305333057208767 0.089263593118633425 0.051802996968478239 -0.001106578304316874 0.023812257227728287 -0.020480475626464319
decision_type=2 2 2 8 10 2 2
left_child=-1 -2 3 4 6 -6 -3
right_child=1 2 -4 -5 5 -7 -8
leaf_value=0.00033951425885826432 0.00032245518851533949 -4.6002615124065402e-06 0.00072117948547361819 -0.00031731746589768237 0.00066676054953186074 -0.00015390570411684041 -0.00029639207870407421
leaf_weight=40 27 237 35 175 39 49 155
leaf_count=40 27 237 35 175 39 49 155
internal_value=-0.000112287 -0.000606696 -0.00094203 -0.00125954 -0.000520835 0.00409091 -0.00155612
internal_weight=757 717 690 655 480 88 392
internal_count=757 717 690 655 480 88 392
is_linear=0
shrinkage=0.05


Tree=17
num_leaves=8
num_cat=0
split_feature=5 5 9 1 6 14 15
split_gain=1.14468 0.7182 1.04862 0.564381 0.943777 0.542226 0.426927
threshold=0.021451566330926691 0.029144850533985325 -0.25692645725343555 -0.0010145940735680756 0.52069626090471322 -0.0049345356588886271 -0.011852544669722463
decision_type=2 2 10 2 2 2 2
left_child=6 2 5 -4 -5 -2 -1
right_child=1 -3 3 4 -6 -7 -8
leaf_value=6.5649769911717179e-05 0.00066172061528381779 -0.0004189766928397413 -5.571315073728006e-05 7.5442862606609867e-05 0.00090381884837353811 0.00035862068876053995 -0.00014811582663966144
leaf_weight=59 28 26 64 66 26 26 451
leaf_count=59 28 26 64 66 26 26 451
internal_value=-4.02157e-05 0.00283898 0.00380952 0.00173077 0.00423913 0.00981481 -0.00137255
internal_weight=746 236 210 156 92 54 510
internal_count=746 236 210 156 92 54 510
is_linear=0
shrinkage=0.05


Tree=18
num_leaves=8
num_cat=0
split_feature=3 3 16 9 15 11 12
split_gain=0.796942 0.71425 0.920395 0.81691 0.797505 0.277908 0.38205
threshold=-0.014305333057208767 0.0086980146080818405 0.02018081742361966 -0.27799789599985858 0.0017555832324962497 0.01079875175925993 -0.0016966552105460717
decision_type=2 2 2 8 2 2 2
left_child=-1 3 4 -2 -3 6 -5
right_child=1 2 -4 5 -6 -7 -8
leaf_value=0.00023256762767037622 0.00014034495210595238 0.00017680431238778252 0.00063896619096984815 -0.00020213339203776706 -0.0004494995297542883 -0.00022626689240068558 -2.1930354632184595e-05
leaf_weight=40 47 39 35 104 55 181 252
leaf_count=40 47 39 35 104 55 181 252
internal_value=-0.000617531 -0.00100281 0.00236434 -0.00174658 -0.000212767 -0.00229981 -0.00148877
internal_weight=753 713 129 584 94 537 356
internal_count=753 713 129 584 94 537 356
is_linear=0
shrinkage=0.05


Tree=19
num_leaves=8
num_cat=0
split_feature=5 5 15 10 16 16 7
split_gain=1.18223 1.19048 0.501447 0.870748 0.400292 0.640329 0.416156
threshold=0.026948528499419803 0.028395668607207703 -0.010532103326787333 -0.0018714097944809158 -0.0053558101995239129 -0.0029609146254530034 0.014897040735780022
decision_type=2 2 2 2 2 2 2
left_child=2 -2 3 -1 -4 -6 -7
right_child=1 -3 4 -5 5 6 -8
leaf_value=-0.00019296070051482412 0.00078372331131635004 -7.9868808296061839e-05 -0.00026600721206604448 0.00038372482129231823 0.00063988475102826319 -9.2246857106556882e-05 1.9848331504489373e-05
leaf_weight=56 25 35 171 42 30 223 157
leaf_count=56 25 35 171 42 30 223 157
internal_value=-6.08943e-05 0.00666667 -0.000655377 0.00265306 -0.00121343 -0.000365855 -0.000921054
internal_weight=739 60 679 98 581 410 380
internal_count=739 60 679 98 581 410 380
is_linear=0
shrinkage=0.05


Tree=20
num_leaves=8
num_cat=0
split_feature=15 4 15 12 3 2 12
split_gain=0.744578 1.41403 0.64987 0.39026 1.5538 0.358298 0.313846
threshold=-0.010532103326787333 0.034760868517319028 0.018140937086588486 0.051846022032751578 0.004030121267188492 0.0012411913422348821 0.0094949334570126904
decision_type=2 2 2 2 2 2 2
left_child=1 5 3 6 -5 -1 -2
right_child=2 -3 -4 4 -6 -7 -8
leaf_value=-0.00016916753485623641 -4.7713700987722067e-05 0.00049030019753471498 0.00054457391218043255 -0.00049061798240213951 0.0010453128019256622 0.00012487676388008123 -0.00013833881192080202
leaf_weight=39 232 36 25 41 27 29 322
leaf_count=39 232 36 25 41 27 29 322
internal_value=-0.000272971 0.00365384 -0.000904174 -0.00122187 0.00235294 -0.000588236 -0.00166065
internal_weight=751 104 647 622 68 68 554
internal_count=751 104 647 622 68 68 554
is_linear=0
shrinkage=0.05


Tree=21
num_leaves=8
num_cat=0
split_feature=11 6 14 16 15 4 12
split_gain=0.630595 0.664086 1.11867 1.34159 1.3763 0.65147 0.376803
threshold=-0.022672211523631577 0.13155196024200347 -0.011298954547856009 -0.011176795333032672 0.0030344368287159589 0.03686872828838552 0.04760809957201418
decision_type=2 2 2 2 2 2 2
left_child=5 6 3 -3 -5 -1 -2
right_child=1 2 -4 4 -6 -7 -8
leaf_value=-0.00013122112094313636 -0.00019069584237743113 -0.00034391290378911151 -3.1200111696944187e-05 0.00072640783161712042 9.7053988324375933e-05 0.00090820238089402692 5.3466313166373292e-05
leaf_weight=34 381 26 138 27 49 27 66
leaf_count=34 381 26 138 27 49 27 66
internal_value=-0.000855616 -0.00128821 0.000833332 0.00480392 0.00815789 0.00401639 -0.00242729
internal_weight=748 687 240 102 76 61 447
internal_count=748 687 240 102 76 61 447
is_linear=0
shrinkage=0.05


Tree=22
num_leaves=8
num_cat=0
split_feature=5 0 15 16 12 8 11
split_gain=0.781579 1.07821 0.583784 1.29643 0.466265 0.642772 0.892571
threshold=0.020672154769477379 -0.035726988843700395 0.008884210953697293 0.016760923520870222 1.0000000180025095e-35 -0.066438008726283235 -0.0087472165989830857
decision_type=2 2 2 2 2 8 2
left_child=4 -2 -3 -4 -1 -6 -7
right_child=1 2 3 -5 5 6 -8
leaf_value=-0.00028875897775656524 0.0010056378067577604 -1.6766275416142294e-05 -8.1341037870580972e-05 0.00059554909356640887 0.00011567599404916258 0.00016676008174266774 -0.00017514447397901577
leaf_weight=105 28 185 32 28 46 30 288
leaf_count=105 28 185 32 28 46 30 288
internal_value=-0.000350406 0.00177656 0.000714285 0.005 -0.00158849 -0.000741759 -0.00154088
internal_weight=742 273 245 60 469 364 318
internal_count=742 273 245 60 469 364 318
is_linear=0
shrinkage=0.05


Tree=23
num_leaves=8
num_cat=0
split_feature=3 6 15 3 9 4 5
split_gain=0.813439 0.656141 0.332726 0.407192 0.673584 0.550391 0.423443
threshold=-0.014305333057208767 -0.87784695743894459 -0.018124157684223759 0.0080200469552861326 -0.11935163013250814 0.032106574261888003 0.022324909328100776
decision_type=2 2 2 2 10 2 2
left_child=-1 -2 -3 -4 6 -6 -5
right_child=1 2 3 4 5 -7 -8
leaf_value=0.00021651115162748893 -0.00034594721388437011 6.5259956714145074e-05 -7.2836810328897074e-05 6.1103374172127446e-05 0.00015401840575597229 -0.00042258910495810391 0.0013761125331048611
leaf_weight=41 101 25 455 30 28 45 26
leaf_count=41 101 25 455 30 28 45 26
internal_value=-0.000872172 -0.00126761 -0.000648605 -0.000890412 0.00158915 -0.00157534 0.00571428
internal_weight=751 710 609 584 129 73 56
internal_count=751 710 609 584 129 73 56
is_linear=0
shrinkage=0.05


Tree=24
num_leaves=8
num_cat=0
split_feature=0 1 8 7 7 5 6
split_gain=0.70388 0.510852 0.830769 0.372688 0.948576 1.12645 0.735915
threshold=-0.038563766267352632 0.068392924820820836 0.071165915382567682 -0.061600216818300961 -0.030229879249476118 0.021318013581193406 0.17029729449783484
decision_type=2 2 10 2 2 2 2
left_child=-1 3 -3 -2 5 6 -5
right_child=1 2 -4 4 -6 -7 -8
leaf_value=0.00020453388148357313 -0.00011557639813376565 0.00033632561209242699 -0.00034300274553683254 -0.00053706122831986565 -0.00011140587314448447 0.00029347193858976245 0.00030635179483290003
leaf_weight=41 118 26 39 62 404 30 29
leaf_count=41 118 26 39 62 404 30 29
internal_value=-0.00039386 -0.000762713 0.00346154 -0.00118974 -0.000619049 0.00326446 0.000494504
internal_weight=749 708 65 643 525 121 91
internal_count=749 708 65 643 525 121 91
is_linear=0
shrinkage=0.05


Tree=25
num_leaves=8
num_cat=0
split_feature=15 3 16 15 3 14 14
split_gain=0.879389 0.661326 0.45673 0.401873 0.67363 0.589799 0.98324
threshold=0.018140937086588486 -0.015589291727939434 0.033889892908368975 0.0046963338754928427 -0.0030523209730131113 0.035942894407802857 0.065842641676127869
decision_type=2 2 2 2 2 2 2
left_child=1 -1 3 4 -3 -6 -7
right_child=-2 2 -4 -5 5 6 -8
leaf_value=0.00023145934716558509 0.00048223901456788875 -0.00010677679912798222 3.7900342514974309e-05 -0.00027934796721088934 -1.1855713089738614e-05 0.00055379223846796792 -2.8259736365865224e-05
leaf_weight=38 26 143 47 197 239 26 41
leaf_count=38 26 143 47 197 239 26 41
internal_value=-0.000574638 -0.000896034 -0.0012482 -0.00159443 -0.000768375 0.000555554 0.00470149
internal_weight=757 731 693 646 449 306 67
internal_count=757 731 693 646 449 306 67
is_linear=0
shrinkage=0.05


Tree=26
num_leaves=8
num_cat=0
split_feature=1 9 6 13 2 7 7
split_gain=0.612818 0.529175 0.524258 0.403672 0.372983 0.539346 1.65744
threshold=0.089263593118633425 -0.25692645725343555 0.20121792992939039 20.814999580383304 -0.13769245525867055 -0.030229879249476118 -0.04301397990742644
decision_type=2 8 2 2 2 2 2
left_child=1 2 -1 4 -3 6 -6
right_child=-2 3 -4 -5 5 -7 -8
leaf_value=7.2188851376326072e-07 0.00074865007038811863 -5.836320152551837e-05 0.00048764707067917764 -0.00034378621794839209 -2.3295283109626667e-05 -5.3242064729947289e-05 0.00037825071089132861
leaf_weight=49 31 51 25 68 94 382 37
leaf_count=49 31 51 25 68 94 382 37
internal_value=-0.000590232 -0.000892352 0.00310811 -0.00136076 -0.000921987 -0.00051657 0.00225191
internal_weight=737 706 74 632 564 513 131
internal_count=737 706 74 632 564 513 131
is_linear=0
shrinkage=0.05


Tree=27
num_leaves=8
num_cat=0
split_feature=3 0 3 13 12 3 13
split_gain=0.470985 0.44919 0.486696 0.432835 0.490623 0.509283 0.56933
threshold=-0.01393092826597536 -0.03314890583158047 -0.0030523209730131113 15.75500011444092 0.04760809957201418 0.002857589539936201 14.194999694824221
decision_type=2 2 2 2 2 2 2
left_child=-1 -2 -3 4 5 6 -4
right_child=1 2 3 -5 -6 -7 -8
leaf_value=0.0001532582263685565 6.0111653491408381e-05 -0.00023735307071203255 -0.00021477304961747901 -2.7844428078206275e-05 0.00057837562214030401 -0.00018746508818933858 0.00057594677327434194
leaf_weight=44 39 172 27 296 29 113 29
leaf_count=44 39 172 27 296 29 113 29
internal_value=-0.000927905 -0.00124114 -0.00154655 -0.000748989 0.0010606 2.95846e-05 0.00392857
internal_weight=749 705 666 494 198 169 56
internal_count=749 705 666 494 198 169 56
is_linear=0
shrinkage=0.05


Tree=28
num_leaves=8
num_cat=0
split_feature=5 11 6 16 14 5 15
split_gain=0.559134 0.920731 0.629421 0.91351 1.22645 0.599003 0.434896
threshold=0.026803572307603583 -0.0065232260485101326 0.4976153220463268 -0.0057555242436834178 -0.003811601511204465 0.01930002844579377 -0.0020491337318748189
decision_type=2 2 2 2 2 2 2
left_child=2 -2 -1 -4 5 -5 -6
right_child=1 -3 3 4 6 -7 -8
leaf_value=-4.7308950916898468e-05 0.00045796614430883341 -2.8218985920799476e-05 -0.00027516485468798385 3.3777104999325849e-05 0.00016182622080857033 0.00076129681976909382 -0.00025404655445170944
leaf_weight=513 25 48 56 27 27 25 43
leaf_count=513 25 48 56 27 27 25 43
internal_value=-0.00094241 0.00321918 -0.00138206 0.00117977 0.00360656 0.00942308 -0.000714287
internal_weight=764 73 691 178 122 52 70
internal_count=764 73 691 178 122 52 70
is_linear=0
shrinkage=0.05


Tree=29
num_leaves=8
num_cat=0
split_feature=6 4 4 1 9 16 9
split_gain=0.654463 0.70118 1.19636 0.749369 0.827381 0.45436 0.238791
threshold=0.20121792992939039 0.02812529752266852 0.030581005227840092 -0.060948770468791984 -0.10680062550421358 -0.028250221802094962 0.05926343794093792
decision_type=2 2 2 2 8 2 10
left_child=5 -2 -3 -4 -5 -1 -6
right_child=1 2 3 4 6 -7 -8
leaf_value=0.00013250418629311858 -0.0003413384011630894 0.00070591161960811778 -0.00024907135144780962 0.00058760479922693055 -0.00014066806457649917 -7.8001159580073196e-05 0.00013406300744439701
leaf_weight=41 65 28 44 37 27 460 30
leaf_count=41 65 28 44 37 27 460 30
internal_value=-0.000491804 0.00170996 0.00343373 0.00152174 0.00404255 -0.00150699 0.000263157
internal_weight=732 231 166 138 94 501 57
internal_count=732 231 166 138 94 501 57
is_linear=0
shrinkage=0.05


Tree=30
num_leaves=8
num_cat=0
split_feature=0 15 3 15 3 12 8
split_gain=0.96511 0.387047 0.35184 0.300357 0.347055 0.65517 1.2225
threshold=-0.042437683046436352 0.018140937086588486 -0.015211232663349781 0.011586693317192311 -0.0030523209730131113 0.020229824127922073 -0.066438008726283235
decision_type=2 2 2 2 2 2 10
left_child=-1 2 -2 4 -4 -6 -7
right_child=1 -3 3 -5 5 6 -8
leaf_value=0.00017517818670987717 0.00050027689544219209 0.00040217207902989993 -0.00012242293144289681 -0.00018330746398254386 -0.00024087141253697158 0.00027569927259292817 -5.2455617238391695e-06
leaf_weight=31 27 25 165 58 226 48 158
leaf_count=31 27 25 165 58 226 48 158
internal_value=-0.000731709 -0.00111033 -0.00133431 -0.00156489 -0.00123116 -0.000486112 0.0015534
internal_weight=738 707 682 655 597 432 206
internal_count=738 707 682 655 597 432 206
is_linear=0
shrinkage=0.05


Tree=31
num_leaves=8
num_cat=0
split_feature=3 3 12 4 4 9 10
split_gain=0.413183 0.450584 0.455001 1.36116 0.678558 0.277365 0.44645
threshold=-0.015589291727939434 0.0080200469552861326 0.0066896408709551389 0.035123923378980293 0.030219035113491725 0.05263992060597756 -0.0012213944728807211
decision_type=2 2 2 2 2 8 2
left_child=-1 5 -3 4 -4 -2 -7
right_child=1 2 3 -5 -6 6 -8
leaf_value=0.00019812021249069508 -7.3726684200689843e-05 -9.228414841268149e-05 0.0002571048992542304 -0.0004404989954568915 0.00046797610884492075 1.5757974323870768e-05 -0.00010568840603444369
leaf_weight=38 283 54 27 30 30 110 166
leaf_count=38 283 54 27 30 30 110 166
internal_value=-0.00086721 -0.00114286 0.00138298 0.00362069 0.00815789 -0.00177997 -0.000652175
internal_weight=738 700 141 87 57 559 276
internal_count=738 700 141 87 57 559 276
is_linear=0
shrinkage=0.05


Tree=32
num_leaves=8
num_cat=0
split_feature=15 15 16 8 2 13 8
split_gain=0.356698 0.352431 0.525902 0.318303 1.28434 0.471083 0.584272
threshold=0.018140937086588486 0.01199894728116835 0.033889892908368975 0.058389855153464405 0.077380639957477251 13.174999713897707 0.009864849907051389
decision_type=2 2 2 8 2 2 10
left_child=1 2 3 4 5 -1 -7
right_child=-2 -3 -4 -5 -6 6 -8
leaf_value=0.00016063376321773606 0.00042610163887444702 -0.00016035122586084653 5.847120461261324e-05 -0.00028694256432224908 0.00044977363782487873 -5.1016707159415932e-05 9.591839430330115e-05
leaf_weight=30 25 53 34 170 26 368 45
leaf_count=30 25 53 34 170 26 368 45
internal_value=-0.000872172 -0.00107438 -0.000765232 -0.00108764 -0.000415779 -0.00104966 -0.00148911
internal_weight=751 726 673 639 469 443 413
internal_count=751 726 673 639 469 443 413
is_linear=0
shrinkage=0.05


Tree=33
num_leaves=8
num_cat=0
split_feature=15 13 5 3 16 14 10
split_gain=0.820873 0.853535 0.528593 0.89325 0.540509 0.451082 1.06656
threshold=-0.010532103326787333 15.234999656677248 0.021685020856435869 0.01057339006767122 -0.00409513597006017 -0.016284077904727075 0.0057158529632723729
decision_type=2 2 2 2 2 2 2
left_child=1 -1 4 5 -2 6 -4
right_child=2 -3 3 -5 -6 -7 -8
leaf_value=0.0002409831263991082 -0.00025902052123102763 -2.4737006688180788e-07 0.00067341048485943216 0.00059761002817369899 -1.9908869481842956e-05 -8.1931483667405713e-05 -0.0004201176730925625
leaf_weight=33 152 66 26 34 301 95 41
leaf_count=33 152 66 26 34 301 95 41
internal_value=-0.000655081 0.00358586 -0.001302 0.000867346 -0.00224062 -0.000679014 0.00246269
internal_weight=748 99 649 196 453 162 67
internal_count=748 99 649 196 453 162 67
is_linear=0
shrinkage=0.05


Tree=34
num_leaves=8
num_cat=0
split_feature=5 2 14 5 15 13 11
split_gain=0.613563 0.726528 1.36293 0.44745 0.441061 0.37531 0.362131
threshold=0.021451566330926691 0.0062664698495306101 -0.012700650003930223 0.023610875589982986 -0.01247086729860025 16.644999504089359 0.0039565944761287284
decision_type=2 2 2 2 2 2 2
left_child=4 3 -3 6 5 -1 -2
right_child=1 2 -4 -5 -6 -7 -8
leaf_value=8.0273522703785917e-05 -0.00026016317524431477 0.00074053498711416823 -1.501496368931968e-05 -6.5680400914887776e-05 -9.170929474312399e-05 -6.0230493224727951e-05 0.00018098801377024049
leaf_weight=25 36 43 49 85 458 28 25
leaf_count=25 36 43 49 85 458 28 25
internal_value=-0.000794394 0.00130252 0.00478261 -0.000890412 -0.00177104 0.00254717 0.00237705
internal_weight=749 238 92 146 511 53 61
internal_count=749 238 92 146 511 53 61
is_linear=0
shrinkage=0.05


Tree=35
num_leaves=8
num_cat=0
split_feature=15 13 7 8 14 3 9
split_gain=0.479892 0.790274 0.367047 0.669281 0.336777 0.553014 1.108
threshold=-0.011852544669722463 16.644999504089359 0.030524720175785339 0.059672458249314227 0.022797718540964799 0.0053003708266335945 0.082177016324494714
decision_type=2 2 2 10 2 2 10
left_child=1 -1 4 -4 -2 6 -6
right_child=2 -3 3 -5 5 -7 -8
leaf_value=0.00016459628989910487 -7.699903511483629e-05 -7.8293290353890305e-06 0.00034898021310343646 -0.00010580330888341546 -0.00023740345121337414 0.00035676223753698265 0.00052194059131968965
leaf_weight=32 358 50 45 125 90 25 28
leaf_count=32 358 50 45 125 90 25 28
internal_value=-0.000683932 0.00292683 -0.00112519 0.000882352 -0.00180639 0.000244754 -0.00118644
internal_weight=753 82 671 170 501 143 118
internal_count=753 82 671 170 501 143 118
is_linear=0
shrinkage=0.05


Tree=36
num_leaves=8
num_cat=0
split_feature=5 15 8 15 1 1 5
split_gain=0.549717 0.996358 0.861178 0.717208 0.53151 0.42215 0.314566
threshold=0.021250746014432418 0.008884210953697293 -0.046371969098443926 -0.010532103326787333 0.077252805498100222 -0.067412219833084083 0.014644404217033983
decision_type=2 2 10 2 2 2 2
left_child=6 3 -3 -2 5 -5 -1
right_child=1 2 -4 4 -6 -7 -8
leaf_value=-0.00059016832622601546 0.00023724214505968459 -7.2643302581250317e-06 0.00050830723413172155 0.00034296990615313478 0.00052496746582952479 -0.00012348281041847721 -4.6493153219999775e-05
leaf_weight=87 30 26 27 25 25 118 412
leaf_count=87 30 26 27 25 25 118 412
internal_value=-0.000733335 0.0011753 0.00726415 -0.000454547 -0.00172619 -0.0029021 -0.00169339
internal_weight=750 251 53 198 168 143 499
internal_count=750 251 53 198 168 143 499
is_linear=0
shrinkage=0.05


Tree=37
num_leaves=8
num_cat=0
split_feature=7 8 10 4 7 2 15
split_gain=0.349816 0.772707 0.41608 0.39003 0.386405 0.383362 0.374327
threshold=0.030524720175785339 0.059672458249314227 0.0099554274081197231 0.024649419448612712 0.052448242310477518 0.06716904480277687 0.01199894728116835
decision_type=2 10 2 2 2 2 2
left_child=2 5 3 -1 -3 -2 -5
right_child=1 4 -4 6 -6 -7 -8
leaf_value=-0.0005026434926240056 0.00014564558569655201 0.00044359518286182613 -0.00046466036425212091 2.338437270609728e-06 -0.00013940970925152492 0.0008891950468266791 -6.6719813320981536e-05
leaf_weight=83 27 25 62 389 112 25 35
leaf_count=83 27 25 62 389 112 25 35
internal_value=-0.000514513 0.00134921 -0.00113357 -0.000660751 -0.000620439 0.00653846 -4.7171e-05
internal_weight=758 189 569 507 137 52 424
internal_count=758 189 569 507 137 52 424
is_linear=0
shrinkage=0.05


Tree=38
num_leaves=8
num_cat=0
split_feature=3 13 11 9 3 9 3
split_gain=0.417767 0.498713 0.680589 0.561041 0.479534 0.324079 0.34375
threshold=-0.015211232663349781 17.32499980926514 -0.0084964669653203023 -0.24723029155288348 0.01057339006767122 -0.27799789599985858 -1.0000000180025095e-35
decision_type=2 2 2 8 2 10 2
left_child=-1 2 -2 -4 5 6 -3
right_child=1 4 3 -5 -6 -7 -8
leaf_value=8.6156947734524153e-05 4.2540160220621149e-05 -4.3478951887632579e-05 0.0001485222443986021 -1.0334375848673132e-05 0.00043908553757634051 -0.00032393558211130319 3.8164018134003972e-05
leaf_weight=42 38 54 31 362 28 156 37
leaf_count=42 38 54 31 362 28 156 37
internal_value=-0.000320857 -0.000609066 0.000452435 -0.000165396 -0.00227273 -0.00297571 -0.000604397
internal_weight=748 706 431 393 275 247 91
internal_count=748 706 431 393 275 247 91
is_linear=0
shrinkage=0.05


Tree=39
num_leaves=8
num_cat=0
split_feature=6 15 3 5 2 14 5
split_gain=0.459196 0.489517 0.430516 0.400045 0.793639 0.80456 0.595166
threshold=-0.51279238099534119 0.0028945438676243333 0.0039663399991203283 0.021250746014432418 0.014815443496033478 -0.012700650003930223 0.018014291355356208
decision_type=2 2 2 2 2 2 2
left_child=1 2 -1 6 -5 -6 -2
right_child=3 -3 -4 4 5 -7 -8
leaf_value=-2.6705377718139846e-05 1.7268924123361569e-05 -0.00016329924705357269 3.1694785878402886e-05 -1.25505407936105e-05 0.00064478702066068721 5.6443241111910712e-07 -0.00015347591871724627
leaf_weight=106 180 105 39 101 32 33 141
leaf_count=106 180 105 39 101 32 33 141
internal_value=-0.000658074 -0.0024 -0.000517243 0.000236138 0.00222891 0.00653846 -0.000794394
internal_weight=737 250 145 487 166 65 321
internal_count=737 250 145 487 166 65 321
is_linear=0
shrinkage=0.05


Tree=40
num_leaves=8
num_cat=0
split_feature=15 6 14 12 0 9 14
split_gain=0.536276 0.562182 0.498227 0.809738 0.387836 0.361602 0.375482
threshold=0.018140937086588486 0.24936307349823819 -0.011938112467112181 0.030225139979897734 0.01490209350003169 0.18232406773001322 0.058009640559056781
decision_type=2 2 2 2 2 10 2
left_child=1 4 3 -3 5 6 -1
right_child=-2 2 -4 -5 -6 -7 -8
leaf_value=-1.2085253330844865e-05 0.0003049327688878096 3.6712850802632417e-06 -2.0265044899318404e-05 0.00048048953537488864 -0.00027461594074479145 5.5032271881051233e-05 -0.00018659204131229039
leaf_weight=315 25 51 135 31 86 32 75
leaf_count=315 25 51 135 31 86 32 75
internal_value=-0.000200001 -0.000448277 0.00168203 0.0047561 -0.00135827 -0.000734598 -0.00115385
internal_weight=750 725 217 82 508 422 390
internal_count=750 725 217 82 508 422 390
is_linear=0
shrinkage=0.05


Tree=41
num_leaves=8
num_cat=0
split_feature=5 14 14 14 3 12 5
split_gain=0.565855 0.42325 0.438928 0.864173 0.711496 0.502564 0.383344
threshold=0.013240209407011748 -0.11544121967691799 0.035942894407802857 0.058009640559056781 -0.00071606450082356543 -0.023938025174318197 0.02171355544615064
decision_type=2 2 2 2 2 2 2
left_child=-1 -2 6 4 -4 -5 -3
right_child=1 2 3 5 -6 -7 -8
leaf_value=-0.00058510171204727757 0.00023410599555011413 -5.3610628193724337e-05 0.00019975504562025145 0.00017415755223261668 0.00025102392314352756 -0.00016519037096426734 1.5792309956628219e-05
leaf_weight=48 25 350 28 27 27 90 157
leaf_count=48 25 350 28 27 27 90 157
internal_value=0.000252658 0.000610794 0.000375551 0.00255814 0.00772727 0.000128204 -0.000364893
internal_weight=752 704 679 172 55 117 507
internal_count=752 704 679 172 55 117 507
is_linear=0
shrinkage=0.05


Tree=42
num_leaves=8
num_cat=0
split_feature=13 3 13 5 15 4 6
split_gain=0.472147 0.791164 0.530523 1.09856 0.879395 0.379579 0.321711
threshold=17.445000648498539 -0.0095957601244162621 16.775000572204593 0.019804307784121598 -0.010902746645946258 0.04683529768820318 0.13857946192836559
decision_type=2 2 2 2 2 2 2
left_child=2 -2 4 -4 -1 -3 -6
right_child=1 5 3 -5 6 -7 -8
leaf_value=0.00016562214360394886 7.3179887377160236e-05 -0.00026722448549744117 -1.1673892613374939e-05 7.9258731257693401e-05 -0.00011836863377552185 0.00035378988450404479 3.0048323643798946e-05
leaf_weight=43 43 228 42 25 234 26 112
leaf_count=43 43 228 42 25 234 26 112
internal_value=-0.000418328 -0.0019697 0.000592104 0.00470149 -0.000115682 -0.0030315 -0.000953758
internal_weight=753 297 456 67 389 254 346
internal_count=753 297 456 67 389 254 346
is_linear=0
shrinkage=0.05


Tree=43
num_leaves=8
num_cat=0
split_feature=7 8 2 10 9 14 9
split_gain=0.597634 0.87473 0.8466 1.05375 0.641026 0.692308 0.52024
threshold=0.014897040735780022 0.096315479385335481 0.115441757442046 0.0056625779821857245 0.039185674959844825 0.017639326626862298 -0.10680062550421358
decision_type=2 10 2 2 10 2 8
left_child=6 2 3 4 5 -2 -1
right_child=1 -3 -4 -5 -6 -7 -8
leaf_value=6.3812716704691869e-06 0.0002840928382813791 -0.00026159534747209129 0.00068785678348765901 -0.00047074222736467018 0.0013763505437232666 -0.00032532302362711153 -0.00010808669061172388
leaf_weight=136 26 109 25 31 26 26 367
leaf_count=136 26 109 25 31 26 26 367
internal_value=-4.02157e-05 0.00199588 0.00470149 0.00279816 0.00589743 0.00269231 -0.00102386
internal_weight=746 243 134 109 78 52 503
internal_count=746 243 134 109 78 52 503
is_linear=0
shrinkage=0.05


Tree=44
num_leaves=8
num_cat=0
split_feature=15 8 7 7 10 8 15
split_gain=0.456452 0.358066 0.412755 2.06726 0.87414 0.412576 0.544735
threshold=-0.019919656021064599 -0.15015860211168472 -0.047268969406100585 -0.030229879249476118 0.002139856175938371 -0.01431584248239781 -0.0030623645891745817
decision_type=2 8 2 2 2 10 2
left_child=-1 -2 -3 4 -4 -5 -7
right_child=1 2 3 5 -6 6 -8
leaf_value=0.00010971250914706495 3.8495284862358484e-05 -0.00012324591809985701 5.4187289055811318e-05 -0.00016740882186210503 0.00031715148699446223 0.00014941420018684998 -6.1817400446282546e-05
leaf_weight=27 38 154 31 152 27 85 226
leaf_count=27 38 154 31 152 27 85 226
internal_value=-0.000270271 -0.000511923 -0.000777779 -0.000105567 0.0087931 -0.0012203 -0.00017685
internal_weight=740 713 675 521 58 463 311
internal_count=740 713 675 521 58 463 311
is_linear=0
shrinkage=0.05


Tree=45
num_leaves=8
num_cat=0
split_feature=3 13 12 6 5 2 3
split_gain=0.392954 0.4085 0.851247 0.626639 1.09394 0.298011 0.464601
threshold=0.01689363694988533 17.32499980926514 -0.011548252560612314 0.42916137791558079 0.019592088899831401 -0.071439821464729811 -0.0095957601244162621
decision_type=2 2 2 2 2 2 2
left_child=1 2 -1 -4 -5 -3 -7
right_child=-2 5 3 4 -6 6 -8
leaf_value=4.3870128497707725e-05 3.5753122542076897e-05 -0.00023340403237839856 -7.3854109140078283e-05 -0.00016033800033828812 0.00044738279114510604 0.00013527704292252971 -9.8001934903788363e-05
leaf_weight=26 32 97 301 54 45 26 165
leaf_count=26 32 97 301 54 45 26 165
internal_value=-0.00104558 -0.00128852 -0.000305166 -0.000875001 0.00257576 -0.00274306 -0.00159686
internal_weight=746 714 426 400 99 288 191
internal_count=746 714 426 400 99 288 191
is_linear=0
shrinkage=0.05


Tree=46
num_leaves=8
num_cat=0
split_feature=5 15 12 15 15 9 7
split_gain=0.436455 0.434498 1.21456 0.409829 0.535317 0.744693 0.436123
threshold=0.013363152075450295 -0.011852544669722463 0.0094949334570126904 -0.0069040001038763723 -0.0035710396417908403 -0.034055060059489543 0.1059372468569756
decision_type=2 2 2 2 2 8 2
left_child=-1 2 -2 -3 5 -5 -6
right_child=1 3 -4 4 6 -7 -8
leaf_value=-0.00043681931675896798 -8.6168642816239032e-05 -0.00019255561451049706 0.00013493953331696103 0.00051938375881896946 -2.1899644961925394e-05 -2.2282740514460391e-05 0.00052292663303109743
leaf_weight=48 32 82 37 25 448 47 29
leaf_count=48 32 82 37 25 448 47 29
internal_value=-0.000387702 -7.14298e-05 0.00369565 -0.000483361 9.10628e-06 0.00402778 -0.000597485
internal_weight=748 700 69 631 549 72 477
internal_count=748 700 69 631 549 72 477
is_linear=0
shrinkage=0.05


Tree=47
num_leaves=8
num_cat=0
split_feature=13 12 4 5 8 9 8
split_gain=0.374655 1.24053 0.35809 0.551186 0.352016 0.603512 0.524019
threshold=17.32499980926514 -0.016111251712643489 0.042365077450315154 0.027987789405723964 -0.070987572413113195 -0.16411262109284727 -0.001106578304316874
decision_type=2 2 2 2 10 8 10
left_child=1 -1 -2 -4 5 -3 -6
right_child=2 4 3 -5 6 -7 -8
leaf_value=4.5739360746737953e-05 -0.00021510156003761959 -5.6115784917204828e-05 3.6578836797107953e-05 -2.3345123851088281e-05 -0.00014632237597674968 0.00012522287440553973 1.5581197470028271e-06
leaf_weight=25 242 50 25 28 110 57 202
leaf_count=25 242 50 25 28 110 57 202
internal_value=-0.000737484 0.000180179 -0.00211865 0.00160377 -0.000465395 0.00200934 -0.0013141
internal_weight=739 444 295 53 419 107 312
internal_count=739 444 295 53 419 107 312
is_linear=0
shrinkage=0.05


Tree=48
num_leaves=8
num_cat=0
split_feature=14 10 9 4 2 10 0
split_gain=0.478698 1.07755 0.51511 0.341914 0.263371 0.390328 0.563027
threshold=-0.047825209867674183 0.0061645920686974618 -0.032849982031337092 0.050388631271333646 -0.058511753801729176 0.0055838034920830957 -0.012246275867527743
decision_type=2 2 8 2 2 2 2
left_child=1 -1 -3 4 5 6 -2
right_child=3 2 -4 -5 -6 -7 -8
leaf_value=0.00035506882408776086 4.2106566513778454e-05 8.9208341211789512e-05 -0.00032824812240195701 0.00021120504751012643 -3.4420301396363907e-05 0.00012956662459481422 -0.00037500727730089628
leaf_weight=49 62 40 65 26 370 28 100
leaf_count=49 62 40 65 26 370 28 100
internal_value=-0.000337839 0.00214286 -0.000714287 -0.000989762 -0.00125 0.000263157 -0.000679014
internal_weight=740 154 105 586 560 190 162
internal_count=740 154 105 586 560 190 162
is_linear=0
shrinkage=0.05


Tree=49
num_leaves=8
num_cat=0
split_feature=9 11 8 12 5 8 15
split_gain=0.614125 0.65689 0.296105 0.585799 0.305241 0.290351 0.465314
threshold=-0.25692645725343555 0.0069842899086436381 -0.066438008726283235 0.035088519804199254 0.017980108301660368 -0.00031831184646835537 -0.0034801773802964893
decision_type=8 2 8 2 2 8 2
left_child=1 -1 3 4 -2 -4 -7
right_child=2 -3 5 -5 -6 6 -8
leaf_value=-2.0566643373918874e-05 2.1597242279932367e-05 7.5610116046475275e-05 -0.00011397944705795721 0.00021461442439632463 -3.8554850555718112e-05 7.1507569660841385e-05 -5.3774931667821102e-05
leaf_weight=49 30 27 200 35 82 90 220
leaf_count=49 30 27 200 35 82 90 220
internal_value=-0.000702593 0.00355263 -0.00119483 0.000782312 -0.000982144 -0.00176471 -0.000806453
internal_weight=733 76 657 147 112 510 310
internal_count=733 76 657 147 112 510 310
is_linear=0
shrinkage=0.05


Tree=50
num_leaves=8
num_cat=0
split_feature=5 6 5 8 10 5 5
split_gain=0.414176 0.416231 0.507505 0.756251 0.688095 0.482401 0.528572
threshold=0.013240209407011748 -1.2694028558725508 0.017980108301660368 -0.066438008726283235 -0.0032352755768272896 0.020948621734276873 0.023610875589982986
decision_type=2 2 2 8 2 2 2
left_child=-1 -2 3 -3 -5 -4 -7
right_child=1 2 5 4 -6 6 -8
leaf_value=-0.0004311782448358063 4.8249120047758645e-05 0.00017195841844686534 -5.2888597510707259e-05 0.00024030590619886937 -6.2637189438894398e-05 6.4185242137579067e-05 -2.1566658785189259e-05
leaf_weight=46 34 33 208 48 120 109 142
leaf_count=46 34 33 208 48 120 109 142
internal_value=-0.000405407 -0.000100866 -0.000378789 0.00171642 0.000357142 -0.0012963 0.000179282
internal_weight=740 694 660 201 168 459 251
internal_count=740 694 660 201 168 459 251
is_linear=0
shrinkage=0.05


Tree=51
num_leaves=8
num_cat=0
split_feature=9 3 11 13 15 14 7
split_gain=0.414999 0.594656 0.52215 0.990476 0.492658 0.381747 1.26264
threshold=0.0014039367915185121 -0.0011237779287161518 -0.0087472165989830857 21.134999275207523 -0.01611276246770121 -0.0046169142462271764 -0.04301397990742644
decision_type=10 2 2 2 2 2 2
left_child=1 4 3 -2 -1 6 -3
right_child=2 5 -4 -5 -6 -7 -8
leaf_value=3.4226514728699233e-05 0.00030418972617470529 -4.1679011422593921e-05 -0.0001537024792081478 -0.00031112008705565393 -5.9081253617117486e-05 -1.3704491376214379e-05 0.00030530840579584827
leaf_weight=26 30 65 228 26 178 119 90
leaf_count=26 30 65 228 26 178 119 90
internal_value=-0.000669293 0.000230124 -0.0021831 0.00214286 -0.00181373 0.00175182 0.0033871
internal_weight=762 478 284 56 204 274 155
internal_count=762 478 284 56 204 274 155
is_linear=0
shrinkage=0.05


Tree=52
num_leaves=8
num_cat=0
split_feature=14 0 13 13 15 12 9
split_gain=0.399794 0.308956 0.452633 0.596041 0.475676 0.686312 0.391894
threshold=-0.11544121967691799 0.019333941316816431 17.050000190734867 16.404999732971195 -0.010902746645946258 0.051085048604070045 0.082177016324494714
decision_type=2 2 2 2 2 2 8
left_child=-1 2 3 4 -2 -6 -4
right_child=1 -3 6 -5 5 -7 -8
leaf_value=6.3808971526704147e-05 0.00013820939620308323 -0.000133508770305065 -0.00013419676048470974 3.0109538001617072e-05 -8.3444489893572509e-05 0.00047395782160847679 1.3019711092903607e-06
leaf_weight=30 40 99 167 45 229 25 113
leaf_count=30 40 99 167 45 229 25 113
internal_value=-0.000655081 -0.000891366 -0.000476576 0.000752211 -6.80284e-05 -0.000866143 -0.00196429
internal_weight=748 718 619 339 294 254 280
internal_count=748 718 619 339 294 254 280
is_linear=0
shrinkage=0.05


Tree=53
num_leaves=8
num_cat=0
split_feature=5 15 15 2 9 9 11
split_gain=0.442426 0.619612 0.79826 1.06403 0.418065 0.32454 0.490902
threshold=0.02070801739125332 -0.010532103326787333 0.008884210953697293 0.013720611277678653 -0.26316778409634328 0.05263992060597756 -0.0066204979438934655
decision_type=2 2 2 2 8 8 2
left_child=5 -2 4 -4 -3 -1 -7
right_child=1 2 3 -5 -6 6 -8
leaf_value=-0.00017810470930533363 0.00024882147547975267 2.8351962730251781e-05 -1.6388724541281081e-05 0.00016217754503812672 -0.00012087960512558044 3.5704373361908199e-05 -8.4174740982996448e-05
leaf_weight=174 32 36 34 25 150 67 225
leaf_count=174 32 36 34 25 150 67 225
internal_value=-0.000625842 0.000956678 0.00010204 0.00516949 -0.00150538 -0.00156652 -0.000547946
internal_weight=743 277 245 59 186 466 292
internal_count=743 277 245 59 186 466 292
is_linear=0
shrinkage=0.05


Tree=54
num_leaves=8
num_cat=0
split_feature=5 8 8 9 15 10 12
split_gain=0.453102 0.362517 0.361952 1.26535 0.67769 0.379229 0.379359
threshold=0.013240209407011748 0.056213157567651779 -0.002043779527606759 0.14203305294563132 0.0022705334133215076 0.010824112764753148 0.04760809957201418
decision_type=2 8 10 8 2 2 2
left_child=-1 2 5 4 -4 6 -2
right_child=1 -3 3 -5 -6 -7 -8
leaf_value=-0.00043842219057700356 -2.0526587107500047e-07 -3.0396501965347016e-05 0.0020262044112843969 -0.00018603134115243957 7.8524107377461529e-06 -0.00059495049577692007 0.00021116154225811462
leaf_weight=47 318 210 34 38 28 33 39
leaf_count=47 318 210 34 38 28 33 39
internal_value=-0.000247658 7.14274e-05 0.000816325 0.0035 0.00790322 0.000128204 0.00060224
internal_weight=747 700 490 100 62 390 357
internal_count=747 700 490 100 62 390 357
is_linear=0
shrinkage=0.05


Tree=55
num_leaves=8
num_cat=0
split_feature=4 8 2 10 10 14 11
split_gain=0.361934 0.373543 0.67717 0.468115 0.658869 0.639396 0.363335
threshold=0.014177177373908957 0.096315479385335481 0.12463988996556476 0.0099554274081197231 0.0085213426073622606 -0.049735428455543622 -0.0041955854167174391
decision_type=2 10 2 2 2 2 2
left_child=-1 2 3 4 5 -2 -7
right_child=1 -3 -4 -5 -6 6 -8
leaf_value=-0.00038535565652419551 0.00024319581521768392 -0.0002450295459010285 0.00044006157999771284 -0.00040898679627788636 0.00023351346838347268 2.7838497236589112e-05 -3.9288969090681068e-05
leaf_weight=43 48 117 27 63 27 150 288
leaf_count=43 48 117 27 63 27 150 288
internal_value=-0.000543907 -0.000277779 0.000223879 -0.00013889 0.000360623 -6.17296e-05 -0.000662102
internal_weight=763 720 603 576 513 486 438
internal_count=763 720 603 576 513 486 438
is_linear=0
shrinkage=0.05


Tree=56
num_leaves=8
num_cat=0
split_feature=3 9 15 9 8 15 5
split_gain=0.473135 0.550272 0.600943 0.553147 0.353091 0.609072 0.424233
threshold=-0.015589291727939434 -0.10680062550421358 0.01124793898976262 -0.15099285868907938 -0.00031831184646835537 -0.0037267478015139961 0.02171355544615064
decision_type=2 10 2 10 10 2 2
left_child=-1 2 3 -2 -3 -6 -7
right_child=1 4 -4 -5 5 6 -8
leaf_value=6.9373833314420792e-05 -6.1857750258000002e-06 -0.00021093671787512913 0.00015944073449721715 0.00015290174094234859 0.00022780582041505117 -0.00011105199540218383 9.7616366000503761e-06
leaf_weight=34 261 165 45 25 49 129 31
leaf_count=34 261 165 45 25 49 129 31
internal_value=-0.000466848 -0.000744682 0.00074018 -0.000104896 -0.00205882 -0.000693781 -0.0021875
internal_weight=739 705 331 286 374 209 160
internal_count=739 705 331 286 374 209 160
is_linear=0
shrinkage=0.05


Tree=57
num_leaves=8
num_cat=0
split_feature=5 6 11 16 16 12 6
split_gain=0.429774 0.444834 0.437437 1.00241 0.556805 0.467629 0.694881
threshold=0.013363152075450295 -1.2694028558725508 -0.019621569956091153 -0.015117905144660769 -0.0080173275979536478 0.034436834161626247 0.62684783498064589
decision_type=2 2 2 2 2 2 2
left_child=-1 -2 3 -3 -4 -6 -7
right_child=1 2 4 -5 5 6 -8
leaf_value=-0.00042212155839491431 4.1034549831649618e-05 0.00028099012042091749 -0.0001152896559295052 -0.00010980239548480917 -1.4168531068796046e-05 -1.2721501325172392e-06 0.00028511925755078242
leaf_weight=47 33 29 154 43 289 97 43
leaf_count=47 33 29 154 43 289 97 43
internal_value=-0.000374151 -5.81407e-05 -0.000343513 0.00333333 -0.0007976 0.000128204 0.0025
internal_weight=735 688 655 72 583 429 140
internal_count=735 688 655 72 583 429 140
is_linear=0
shrinkage=0.05


Tree=58
num_leaves=8
num_cat=0
split_feature=9 0 3 3 5 0 15
split_gain=0.441059 0.759109 0.317029 0.422198 0.440478 0.532432 0.530954
threshold=-0.25692645725343555 -0.0034091023617507372 -0.015589291727939434 -0.0036717426300998941 0.014687878385096725 0.015100520471134528 0.01124793898976262
decision_type=8 2 2 2 2 2 2
left_child=1 -1 -2 -4 -5 6 -6
right_child=2 -3 3 4 5 -7 -8
leaf_value=0.00010388252722405913 5.1324571082247693e-05 -0.00026407191007607017 -0.00017298856191572359 -0.00039793260845529237 2.3591584488209099e-06 -0.0001215437917412424 0.00032536399748259745
leaf_weight=40 28 38 159 74 275 108 28
leaf_count=40 28 38 159 74 275 108 28
internal_value=-0.000866668 0.00269231 -0.00127976 -0.00150621 -0.000773197 -0.000133821 0.000940593
internal_weight=750 78 672 644 485 411 303
internal_count=750 78 672 644 485 411 303
is_linear=0
shrinkage=0.05


Tree=59
num_leaves=8
num_cat=0
split_feature=8 5 9 10 2 3 3
split_gain=0.500695 0.609886 0.509158 0.462857 0.820552 0.359188 0.237788
threshold=-0.066438008726283235 0.018113280586946605 -0.20375228013873944 0.0018732766831597305 -0.12138708788505358 -0.0095957601244162621 -0.0041282337904411373
decision_type=8 2 8 2 2 2 2
left_child=1 -1 -2 6 -5 -4 -3
right_child=2 3 5 4 -6 -7 -8
leaf_value=2.8845457296125496e-05 0.00021883854466560107 -0.00022920280821904192 1.7722319685936988e-05 -1.5297221901937386e-05 0.0002923999265232019 -0.00010570490522794556 -9.5711129558058338e-05
leaf_weight=43 31 43 49 43 32 455 62
leaf_count=43 31 43 49 43 32 455 62
internal_value=-0.000712402 0.00127803 -0.00154206 -1.19209e-09 0.003 -0.0019246 -0.00214286
internal_weight=758 223 535 180 75 504 105
internal_count=758 223 535 180 75 504 105
is_linear=0
shrinkage=0.05


Tree=60
num_leaves=8
num_cat=0
split_feature=4 13 4 12 0 3 10
split_gain=0.569583 0.424329 0.358739 0.532171 0.442942 0.808253 0.689384
threshold=0.024907301482075418 12.765000343322756 0.036428321272514594 0.053746423182394205 0.0056458124954487108 0.0069138125992308517 -0.011231034779129566
decision_type=2 2 2 2 2 2 2
left_child=-1 -2 3 4 5 6 -3
right_child=1 2 -4 -5 -6 -7 -8
leaf_value=-0.00018245023881220999 -0.00026354802208933107 3.4732570913164697e-05 -7.294300190295644e-06 0.00058656349992326892 -4.5284152297426971e-05 7.0449475237643552e-05 -1.5924931106471308e-05
leaf_weight=121 40 26 196 27 133 31 179
leaf_count=121 40 26 196 27 133 31 179
internal_value=-0.000617531 -1.5824e-05 0.000320945 0.00118687 0.000691056 0.00199152 0.000853657
internal_weight=753 632 592 396 369 236 205
internal_count=753 632 592 396 369 236 205
is_linear=0
shrinkage=0.05


Tree=61
num_leaves=8
num_cat=0
split_feature=5 15 0 8 11 4 5
split_gain=0.488515 0.484475 0.330635 0.36056 0.615681 0.318188 0.580042
threshold=0.013363152075450295 0.017833173886257051 0.028142729863678943 -0.13542031324402168 0.00053831818388905283 0.036428321272514594 0.019804307784121598
decision_type=2 2 2 8 2 2 2
left_child=-1 2 3 4 -2 6 -5
right_child=1 -3 -4 5 -6 -7 -8
leaf_value=-0.00025183773587451251 -3.3398389991000364e-05 0.000257856329424175 -0.00033764927713366642 -1.988798516856458e-05 4.1876123199778541e-05 -7.7640014969719907e-06 2.5599238918706938e-05
leaf_weight=49 27 25 50 305 28 118 134
leaf_count=49 27 25 50 305 28 118 134
internal_value=-0.000176632 0.000167393 -9.06356e-05 0.000228757 0.00409091 -0.000152604 0.000466969
internal_weight=736 687 662 612 55 557 439
internal_count=736 687 662 612 55 557 439
is_linear=0
shrinkage=0.05


Tree=62
num_leaves=8
num_cat=0
split_feature=8 5 11 13 3 7 5
split_gain=0.550682 0.814037 0.629523 0.71627 0.787454 0.640717 0.48284
threshold=-0.081936812471311168 0.018113280586946605 -0.0041955854167174391 23.409999847412113 0.0044730725131616475 -0.025334065163607419 0.020073246017533058
decision_type=8 2 2 2 2 2 2
left_child=1 -1 3 4 5 -2 -3
right_child=2 6 -4 -5 -6 -7 -8
leaf_value=1.8729709716671869e-05 0.00012983069348375054 -0.00020110924596368192 -9.6852962406579371e-05 -0.00015728992536739492 -0.00016902649177504947 4.330339052388166e-05 1.794831056099731e-05
leaf_weight=37 25 34 401 32 38 49 135
leaf_count=37 25 34 401 32 38 49 135
internal_value=-0.000406126 0.00179612 -0.00123853 0.00159722 0.00348214 0.00648649 0.000325443
internal_weight=751 206 545 144 112 74 169
internal_count=751 206 545 144 112 74 169
is_linear=0
shrinkage=0.05


Tree=63
num_leaves=8
num_cat=0
split_feature=5 13 7 10 6 5 8
split_gain=0.518655 0.521619 0.312898 0.463834 0.353619 0.470402 0.94609
threshold=0.013363152075450295 12.765000343322756 0.1059372468569756 0.0099554274081197231 -1.2694028558725508 0.018087849186491135 -0.084018523525361363
decision_type=2 2 2 2 2 2 8
left_child=-1 -2 3 4 -3 6 -6
right_child=1 2 -4 -5 5 -7 -8
leaf_value=-0.00025549987319180512 -0.00026601953744523858 0.00013859967915363485 0.00036312866785309829 -0.00026678612334155044 6.0377242867954827e-05 -3.9044829514693343e-06 6.9314897173868437e-06
leaf_weight=50 44 26 34 68 28 346 156
leaf_count=50 44 26 34 68 28 346 156
internal_value=-7.97884e-05 0.000270654 0.000623099 0.000368589 0.000845323 0.000566037 0.00260869
internal_weight=752 702 658 624 556 530 184
internal_count=752 702 658 624 556 530 184
is_linear=0
shrinkage=0.05


Tree=64
num_leaves=8
num_cat=0
split_feature=15 3 3 16 16 3 4
split_gain=0.519359 0.752392 0.646621 0.446868 0.50643 0.504962 0.535005
threshold=-0.010532103326787333 0.0025238730247224565 -0.0074504770805733358 -0.00409513597006017 -0.002370074626843965 0.0086980146080818405 0.035320035311230159
decision_type=2 2 2 2 2 2 2
left_child=1 2 -1 -2 -5 -6 -7
right_child=3 -3 -4 4 5 6 -8
leaf_value=3.1738716102482786e-05 -9.5091161046270058e-05 0.0003474035354661426 -0.00036305423343492284 0.00040363701098622358 -1.6342285896618337e-05 0.00010993344085300903 -0.00015783279666652843
leaf_weight=25 201 26 48 25 320 54 33
leaf_count=25 201 26 48 25 320 54 33
internal_value=-0.000286886 0.00308081 0.000479451 -0.000813587 9.25914e-05 -0.000331697 0.00304598
internal_weight=732 99 73 633 432 407 87
internal_count=732 99 73 633 432 407 87
is_linear=0
shrinkage=0.05


Tree=65
num_leaves=8
num_cat=0
split_feature=4 13 13 14 3 13 11
split_gain=0.457664 0.463409 0.546462 0.344429 0.422169 0.520061 0.775271
threshold=0.024458908924353068 12.765000343322756 13.174999713897707 -0.11544121967691799 0.0029638565628439255 19.085000038146976 -0.0040062918952337148
decision_type=2 2 2 2 2 2 2
left_child=-1 -2 -3 -4 5 6 -5
right_child=1 2 3 4 -6 -7 -8
leaf_value=-0.00018561242439487735 -0.00024497225028415916 0.00012063127946201304 4.9802425274587127e-05 8.2630247192056781e-05 -2.7351844483174717e-05 -1.508163882555041e-05 1.6745467381393587e-06
leaf_weight=104 43 29 29 51 237 100 159
leaf_count=104 43 29 29 51 237 100 159
internal_value=-0.000478725 1.54309e-05 0.0003719 3.4721e-05 -0.000246802 0.000967741 0.00238095
internal_weight=752 648 605 576 547 310 210
internal_count=752 648 605 576 547 310 210
is_linear=0
shrinkage=0.05


Tree=66
num_leaves=8
num_cat=0
split_feature=9 7 1 13 11 8 10
split_gain=0.524253 0.712855 0.509804 0.434523 0.582476 0.425702 0.487329
threshold=-0.25692645725343555 -0.038618018140902315 -0.044543535107017633 21.954999923706058 -0.0041955854167174391 -0.049394924274995138 -0.0021138805299539261
decision_type=8 2 2 2 2 8 2
left_child=1 2 -1 4 5 6 -2
right_child=3 -3 -4 -5 -6 -7 -8
leaf_value=4.1659008493281913e-05 2.6704080223285602e-05 0.0001989072301986483 -0.00033420628314214599 -0.00017540607138475758 -1.0131006976866325e-05 0.00012969178970394124 -0.00012741114470867675
leaf_weight=25 27 31 26 54 478 74 30
leaf_count=25 27 31 26 54 478 74 30
internal_value=-0.000234901 0.00353658 -9.80404e-05 -0.000701359 -0.000320198 0.00263359 -0.000614036
internal_weight=745 82 51 663 609 131 57
internal_count=745 82 51 663 609 131 57
is_linear=0
shrinkage=0.05


Tree=67
num_leaves=8
num_cat=0
split_feature=5 11 9 5 11 16 16
split_gain=0.422701 0.363776 0.467684 0.298547 0.243409 0.57968 0.530068
threshold=0.013240209407011748 0.026101740885835282 -0.043810388953977979 0.014864493378895912 -0.0041955854167174391 -0.021595765399604835 0.0038219947885579368
decision_type=2 2 8 2 2 2 2
left_child=-1 3 -3 -2 5 -5 -7
right_child=1 2 -4 4 -6 6 -8
leaf_value=-0.00027922788550086187 5.2697093603857122e-05 -0.00021380056975607695 9.3188503182108555e-06 7.201412623441606e-05 -1.3537100122255079e-05 -7.2359819451448879e-05 3.8464733768373417e-05
leaf_weight=47 48 34 31 41 409 87 65
leaf_count=47 48 34 31 41 409 87 65
internal_value=-0.000406825 -0.000104896 0.00346154 -0.00046154 -0.000764121 0.000699481 -0.000723685
internal_weight=762 715 65 650 602 193 152
internal_count=762 715 65 650 602 193 152
is_linear=0
shrinkage=0.05


Tree=68
num_leaves=8
num_cat=0
split_feature=8 9 3 7 8 8 7
split_gain=0.60328 0.574835 0.443948 0.336115 0.715058 1.13575 0.303678
threshold=-0.13542031324402168 -0.37280208542903021 -0.015589291727939434 0.014897040735780022 0.026987651121681003 -0.026527908566680133 0.00051319200790445063
decision_type=8 10 2 2 10 10 2
left_child=1 -1 -2 6 5 -5 -4
right_child=2 -3 3 4 -6 -7 -8
leaf_value=1.0042758801606384e-05 6.4619498965673682e-05 -3.4550467054836713e-05 -1.7271787702659936e-05 -0.00021150306236572417 -4.2550727851777144e-05 0.0010839005262369302 -0.00014627738576693209
leaf_weight=28 31 33 341 32 175 30 83
leaf_count=28 31 33 341 32 175 30 83
internal_value=-0.000750333 0.00401639 -0.00117052 -0.00144478 6.32899e-05 0.00467742 -0.00228774
internal_weight=753 61 692 661 237 62 424
internal_count=753 61 692 661 237 62 424
is_linear=0
shrinkage=0.05


Tree=69
num_leaves=8
num_cat=0
split_feature=10 16 10 14 12 0 0
split_gain=0.349998 0.81188 0.668182 0.452442 0.374422 0.466953 0.503876
threshold=0.003711171639750988 0.02018081742361966 0.0070711617460903495 -0.047825209867674183 0.048330696725207185 0.0056458124954487108 -0.011023242615646743
decision_type=2 2 2 2 2 2 2
left_child=3 4 -3 -1 5 6 -2
right_child=1 2 -4 -5 -6 -7 -8
leaf_value=0.00037177172673472986 -7.1152123745326688e-05 5.5818620670784164e-05 -1.4348851624056126e-07 -5.4321437922965757e-05 0.00012677320142513723 -0.00014962710700701314 2.1990936436785555e-05
leaf_weight=25 26 27 33 453 41 85 60
leaf_count=25 26 27 33 453 41 85 60
internal_value=-0.000733335 0.000698528 0.00583333 -0.00154812 -0.000754718 -0.00178363 0.000813952
internal_weight=750 272 60 478 212 171 86
internal_count=750 272 60 478 212 171 86
is_linear=0
shrinkage=0.05


Tree=70
num_leaves=8
num_cat=0
split_feature=3 8 7 3 9 11 16
split_gain=0.39916 0.425477 0.593857 0.53107 0.486864 0.336204 0.907457
threshold=0.018497335766573423 -0.13542031324402168 -0.061600216818300961 -0.015211232663349781 -0.37280208542903021 -0.0041955854167174391 -0.015117905144660769
decision_type=2 8 2 2 10 2 2
left_child=1 4 -3 -4 -1 6 -5
right_child=-2 2 3 5 -6 -7 -8
leaf_value=7.9395379435931688e-06 5.706855505886545e-05 -0.00015136161278610371 0.00040313058008691445 6.8139793500282048e-05 -2.6688151310694835e-05 -2.2506507073539175e-05 -7.3262466974631155e-05
leaf_weight=25 28 92 25 32 32 405 102
leaf_count=25 28 92 25 32 32 405 102
internal_value=-0.000141702 -0.00037167 -0.000731709 -0.000124115 0.00377193 -0.000454547 0.00171642
internal_weight=741 713 656 564 57 539 134
internal_count=741 713 656 564 57 539 134
is_linear=0
shrinkage=0.05


Tree=71
num_leaves=8
num_cat=0
split_feature=9 11 11 7 12 6 4
split_gain=0.598323 0.712134 0.728412 0.726998 0.61832 0.445665 0.647763
threshold=-0.25692645725343555 0.011634052199270497 -0.022672211523631577 -0.0075493337682025477 -0.018266326902635351 0.23876646145844535 0.034967776061981447
decision_type=10 2 2 2 2 2 2
left_child=1 2 -1 -3 -4 -2 -7
right_child=5 3 4 -5 -6 6 -8
leaf_value=0.00024812183065477534 -5.2475733457002369e-05 5.2236365915010273e-06 3.6970247969812357e-06 0.00033451513374202366 -8.5950187011820149e-05 0.00014366717680174544 -9.7464789970067944e-05
leaf_weight=28 356 47 39 25 98 99 55
leaf_count=28 356 47 39 25 98 99 55
internal_value=-0.00011379 0.00196202 0.000151514 0.00611111 -0.00135037 -0.00107843 0.00116883
internal_weight=747 237 165 72 137 510 154
internal_count=747 237 165 72 137 510 154
is_linear=0
shrinkage=0.05


Tree=72
num_leaves=8
num_cat=0
split_feature=0 15 16 7 2 14 3
split_gain=0.610764 0.308225 0.288499 0.622708 1.15327 0.45164 0.583946
threshold=-0.038563766267352632 0.017833173886257051 -0.018908322112501371 -0.030645141148992191 -0.075761734835862668 -0.021911996714153944 -0.0018080683839551413
decision_type=2 2 2 2 2 2 2
left_child=-1 2 -2 4 5 -4 -7
right_child=1 -3 3 -5 -6 6 -8
leaf_value=2.0559289283026361e-05 -9.728434978366892e-05 0.00019400412164835272 -0.00017651780716455029 -5.0349998034168345e-05 0.00017810663486296562 -5.1661520241392126e-05 6.9342118772546744e-05
leaf_weight=38 106 27 52 407 38 31 48
leaf_count=38 106 27 52 407 38 31 48
internal_value=-0.000649265 -0.000980255 -0.00118768 -0.000746529 0.00180473 -0.000419849 0.00196202
internal_weight=747 709 682 576 169 131 79
internal_count=747 709 682 576 169 131 79
is_linear=0
shrinkage=0.05


Tree=73
num_leaves=8
num_cat=0
split_feature=0 4 9 4 0 9 5
split_gain=0.636585 0.49486 0.487814 0.453409 0.407548 0.348926 0.370278
threshold=-0.038563766267352632 0.030518400242411862 -0.070981861057448956 0.031225231001160775 0.0028460782198087568 0.077248168768416239 0.014864493378895912
decision_type=2 2 8 2 2 8 2
left_child=-1 2 -2 -3 5 -4 -7
right_child=1 3 4 -5 -6 6 -8
leaf_value=2.6005592133112439e-05 0.0012401146215442001 0.00010176441377955691 -0.00021157544124454576 -1.0921349577140263e-06 -0.00019347921822967081 0.00017101376676797824 -3.7813635392019624e-05
leaf_weight=36 27 25 62 367 120 29 80
leaf_count=36 27 25 62 367 120 29 80
internal_value=-0.000375336 -0.000704227 -0.00216981 0.000484693 -0.00276632 -0.00119883 0.000504586
internal_weight=746 710 318 392 291 171 109
internal_count=746 710 318 392 291 171 109
is_linear=0
shrinkage=0.05


Tree=74
num_leaves=8
num_cat=0
split_feature=11 0 8 1 12 0 1
split_gain=0.426548 0.680556 0.41192 0.536863 0.675091 0.30112 0.285101
threshold=0.026101740885835282 0.0029293746012741821 -0.066438008726283235 -0.079608898412000625 0.040743436804810747 -0.01706751260437039 0.089263593118633425
decision_type=2 2 8 2 2 2 2
left_child=2 -2 3 -1 5 -5 -4
right_child=1 -3 6 4 -6 -7 -8
leaf_value=7.9168307159215121e-05 -0.00026141655269883163 9.4603930396809179e-06 -5.4929717419848838e-05 5.9691755532599638e-06 0.00017557243362053131 -6.6053677969890012e-05 0.00045132149067483076
leaf_weight=30 36 36 457 35 25 110 25
leaf_count=30 36 36 457 35 25 110 25
internal_value=-0.00102122 0.00263889 -0.00140763 0.000499999 -0.000588236 -0.00189655 -0.00219917
internal_weight=754 72 682 200 170 145 482
internal_count=754 72 682 200 170 145 482
is_linear=0
shrinkage=0.05


Tree=75
num_leaves=8
num_cat=0
split_feature=10 14 10 9 0 15 15
split_gain=0.37877 1.17704 0.473427 0.421219 0.389205 0.638068 0.532232
threshold=0.0059451911988195336 -0.048564324883399894 0.0043154379998111567 -0.11935163013250814 -0.0071803948488203808 0.0010686122650901411 -0.00032611286144323953
decision_type=2 2 2 8 2 2 2
left_child=1 -1 4 -2 6 -6 -3
right_child=3 2 -4 -5 5 -7 -8
leaf_value=0.00046004721627290149 1.3093670142187387e-05 1.1568362119965338e-05 4.5831257228055346e-05 -0.00010635806056478138 -0.00019364188533193218 -2.3810958347291218e-07 -0.00033104115797054281
leaf_weight=37 48 140 43 130 126 157 48
leaf_count=37 48 140 43 130 126 157 48
internal_value=-0.000747601 -9.98197e-05 -0.000719846 -0.00275281 -0.00117835 -0.00234982 0.000585105
internal_weight=729 551 514 178 471 283 188
internal_count=729 551 514 178 471 283 188
is_linear=0
shrinkage=0.05


Tree=76
num_leaves=8
num_cat=0
split_feature=14 5 10 4 15 12 11
split_gain=0.464701 0.430467 0.370195 0.389865 0.41895 0.514069 0.768591
threshold=-0.11544121967691799 0.014644404217033983 0.0099554274081197231 0.050388631271333646 0.0046963338754928427 -0.0016966552105460717 -0.0041955854167174391
decision_type=2 2 2 2 2 2 2
left_child=-1 -2 3 4 5 -3 -7
right_child=1 2 -4 -5 -6 6 -8
leaf_value=5.5351229924279295e-05 -0.00027380475043152003 -5.4149499522096056e-05 -0.0002645865324560946 0.00012754895122238675 -4.9508644531564053e-05 7.0856507508203879e-05 4.2375921020083393e-06
leaf_weight=28 78 100 60 28 172 54 231
leaf_count=28 78 100 60 28 172 54 231
internal_value=-0.00060586 -0.000850624 -0.000426358 -4.27362e-05 -0.000332138 0.000584414 0.00166667
internal_weight=751 723 645 585 557 385 285
internal_count=751 723 645 585 557 385 285
is_linear=0
shrinkage=0.05


Tree=77
num_leaves=8
num_cat=0
split_feature=14 3 9 6 14 1 4
split_gain=0.294498 0.525183 1.03618 0.371683 0.66146 0.958478 0.876587
threshold=0.035942894407802857 0.004190155450486511 0.082177016324494714 0.13155196024200347 -0.012410493039419599 -0.029530631787799407 0.032306968460061029
decision_type=2 2 10 2 2 2 2
left_child=3 2 -2 -1 5 -5 -7
right_child=1 -3 -4 4 -6 6 -8
leaf_value=-5.8886863998240782e-05 -5.8346077173983878e-05 9.5806427718583666e-05 0.0003012569561873054 -0.00010237978871655068 -1.2485721911154397e-05 2.0463836592761947e-06 0.00056588623652164573
leaf_weight=377 110 33 36 33 91 42 30
leaf_count=377 110 33 36 33 91 42 30
internal_value=-0.000345746 0.00142458 0.000136985 -0.00089878 0.000867346 0.00357143 0.00680555
internal_weight=752 179 146 573 196 105 72
internal_count=752 179 146 573 196 105 72
is_linear=0
shrinkage=0.05


Tree=78
num_leaves=8
num_cat=0
split_feature=0 15 16 7 7 12 0
split_gain=0.551176 0.355066 0.401654 0.512724 1.20076 0.567369 0.459045
threshold=-0.038563766267352632 0.017833173886257051 -0.00409513597006017 -0.030645141148992191 -0.04301397990742644 -0.017790302697979262 -0.0061626326620705099
decision_type=2 2 2 2 2 2 2
left_child=-1 2 6 4 5 -4 -2
right_child=1 -3 3 -5 -6 -7 -8
leaf_value=1.8466274064509848e-05 -2.4756418627136156e-06 4.4047826270942373e-05 1.5481389088535404e-05 -2.4700853400289449e-05 0.00017935153190236074 -0.00015597035039227437 -0.00017270872493134698
leaf_weight=39 100 25 29 303 31 57 154
leaf_count=39 100 25 29 303 31 57 154
internal_value=-0.000528456 -0.000851217 -0.00106825 -0.000119049 0.00269231 -0.000348838 -0.0026378
internal_weight=738 699 674 420 117 86 254
internal_count=738 699 674 420 117 86 254
is_linear=0
shrinkage=0.05


Tree=79
num_leaves=8
num_cat=0
split_feature=15 15 8 12 6 14 0
split_gain=0.510531 0.504049 0.529322 0.671132 0.483845 0.724286 0.409319
threshold=-0.019061927603461478 0.018140937086588486 -0.066438008726283235 0.045280695962835911 -1.0540611187140938 -0.0046169142462271764 -0.01706751260437039
decision_type=2 2 8 2 2 2 2
left_child=-1 2 3 6 5 -4 -2
right_child=1 -3 4 -5 -6 -7 -8
leaf_value=3.1572953296587877e-05 1.9979899702166819e-05 0.00016095644936939306 -2.7939843358683651e-05 0.00032370137626065845 -4.8837629567474698e-05 3.5138369133066353e-05 -4.0055281369426288e-05
leaf_weight=26 42 27 35 25 442 25 130
leaf_count=26 42 27 35 25 442 25 130
internal_value=-0.000345746 -0.000592288 -0.000851217 0.00134518 -0.00171315 0.0025 0.000232557
internal_weight=752 726 699 197 502 60 172
internal_count=752 726 699 197 502 60 172
is_linear=0
shrinkage=0.05


end of trees

feature_importances:
overnight_gap=64
sector_ret_1d=60
parkinson_20=51
dist_ma200=43
dist_ma50=40
spy_ret_20d=35
vix_chg_1d=33
sector_ret_5d=29
spy_ret_5d=28
vix_level=28
ret_1d=25
dist_ma20=24
spy_ret_1d=24
atr_pct=23
dvol_z_20=23
ret_20d=17
ret_5d=13

parameters:
[boosting: gbdt]
[objective: quantile]
[metric: quantile]
[tree_learner: serial]
[device_type: cpu]
[data_sample_strategy: bagging]
[data: ]
[valid: ]
[num_iterations: 80]
[learning_rate: 0.05]
[num_leaves: 8]
[num_threads: 1]
[seed: 0]
[deterministic: 0]
[force_col_wise: 1]
[force_row_wise: 0]
[histogram_pool_size: -1]
[max_depth: -1]
[min_data_in_leaf: 25]
[min_sum_hessian_in_leaf: 0.001]
[bagging_fraction: 0.9]
[pos_bagging_fraction: 1]
[neg_bagging_fraction: 1]
[bagging_freq: 1]
[bagging_seed: 3]
[bagging_by_query: 0]
[feature_fraction: 0.9]
[feature_fraction_bynode: 1]
[feature_fraction_seed: 2]
[extra_trees: 0]
[extra_seed: 6]
[early_stopping_round: 0]
[early_stopping_min_delta: 0]
[first_metric_only: 0]
[max_delta_step: 0]
[lambda_l1: 0]
[lambda_l2: 0]
[linear_lambda: 0]
[min_gain_to_split: 0]
[drop_rate: 0.1]
[max_drop: 50]
[skip_drop: 0.5]
[xgboost_dart_mode: 0]
[uniform_drop: 0]
[drop_seed: 4]
[top_rate: 0.2]
[other_rate: 0.1]
[min_data_per_group: 100]
[max_cat_threshold: 32]
[cat_l2: 10]
[cat_smooth: 10]
[max_cat_to_onehot: 4]
[top_k: 20]
[monotone_constraints: ]
[monotone_constraints_method: basic]
[monotone_penalty: 0]
[feature_contri: ]
[forcedsplits_filename: ]
[refit_decay_rate: 0.9]
[cegb_tradeoff: 1]
[cegb_penalty_split: 0]
[cegb_penalty_feature_lazy: ]
[cegb_penalty_feature_coupled: ]
[path_smooth: 0]
[interaction_constraints: ]
[verbosity: -1]
[saved_feature_importance_type: 0]
[use_quantized_grad: 0]
[num_grad_quant_bins: 4]
[quant_train_renew_leaf: 0]
[stochastic_rounding: 1]
[linear_tree: 0]
[max_bin: 255]
[max_bin_by_feature: ]
[min_data_in_bin: 3]
[bin_construct_sample_cnt: 200000]
[data_random_seed: 1]
[is_enable_sparse: 1]
[enable_bundle: 1]
[use_missing: 1]
[zero_as_missing: 0]
[feature_pre_filter: 1]
[pre_partition: 0]
[two_round: 0]
[header: 0]
[label_column: ]
[weight_column: ]
[group_column: ]
[ignore_column: ]
[categorical_feature: ]
[forcedbins_filename: ]
[precise_float_parser: 0]
[parser_config_file: ]
[objective_seed: 5]
[num_class: 1]
[is_unbalance: 0]
[scale_pos_weight: 1]
[sigmoid: 1]
[boost_from_average: 1]
[reg_sqrt: 0]
[alpha: 0.9]
[fair_c: 1]
[poisson_max_delta_step: 0.7]
[tweedie_variance_power: 1.5]
[lambdarank_truncation_level: 30]
[lambdarank_norm: 1]
[label_gain: ]
[lambdarank_position_bias_regularization: 0]
[eval_at: ]
[multi_error_top_k: 1]
[auc_mu_weights: ]
[num_machines: 1]
[local_listen_port: 12400]
[time_out: 120]
[machine_list_filename: ]
[machines: ]
[gpu_platform_id: -1]
[gpu_device_id: -1]
[gpu_device_id_list: ]
[gpu_use_dp: 0]
[num_gpu: 1]

end of parameters

pandas_categorical:[]
