tree
version=v4
num_class=1
num_tree_per_iteration=1
label_index=0
max_feature_idx=16
objective=quantile
feature_names=ret_1d ret_5d ret_20d overnight_gap atr_pct parkinson_20 dvol_z_20 dist_ma20 dist_ma50 dist_ma200 spy_ret_1d spy_ret_5d spy_ret_20d vix_level vix_chg_1d sector_ret_1d sector_ret_5d
feature_infos=[-0.17766206750623115:0.1978320320172684] [-0.2233870636536095:0.23119774050921427] [-0.27909672963162657:0.36059122548187794] [-0.1695601961081038:0.15266491243425939] [0.0038556680702697419:0.068002913572293627] [0.0027062876148480955:0.033374966483772424] [-2.0297492929649388:4.2615435394466807] [-0.20641915361176411:0.20366376126269681] [-0.29052553318889773:0.23843887985998391] [-0.3916540624019208:0.29569057702331314] [-0.058542971330535654:0.10501930183911301] [-0.11496151859245618:0.082843162776128354] [-0.1226559005192206:0.15756591020035837] [11.859999656677246:52.330001831054688] [-0.35753873962348437:0.74039073966007019] [-0.055625943886246643:0.039932904849798945] [-0.11091775398112247:0.072664397618361631]
tree_sizes=818 862 860 862 855 855 862 860 858 860 852 862 862 854 861 856 860 851 852 863 858 865 859 858 867 856 849 861 857 859 864 852 868 860 868 859 867 862 864 863 867 854 864 860 860 858 861 861 866 859 865 866 863 851 859 859 865 858 850 865 868 865 862 863 864 858 860 858 865 850 860 864 856 865 865 858 866 861 861

Tree=0
num_leaves=8
num_cat=0
split_feature=5 5 13 15 16 2 2
split_gain=12.1916 4.98069 1.87562 1.47166 2.12076 1.4934 2.38797
threshold=0.013798495919632009 0.019804307784121598 13.605000019073488 0.0057843360237004324 0.0094526457228220079 -0.018755364309067653 -0.090802467693477482
decision_type=2 2 2 2 2 2 2
left_child=-1 -2 -3 5 -5 6 -4
right_child=1 2 3 4 -6 -7 -8
leaf_value=0.011552047915756702 0.0119504896691069 0.01232684445567429 0.01219711396843195 0.011874706903472542 0.012140794983133673 0.012063700589351356 0.012660218635573983
leaf_weight=53 350 50 58 30 59 100 46
leaf_count=53 350 50 58 30 59 100 46
internal_value=0.012012 0.0137797 0.0180616 0.0165342 0.0111693 0.0188747 0.0230697
internal_weight=746 693 343 293 89 204 104
internal_count=746 693 343 293 89 204 104
is_linear=0
shrinkage=1


Tree=1
num_leaves=8
num_cat=0
split_feature=5 5 12 2 12 8 8
split_gain=11.8765 4.91596 1.44706 2.51196 2.12463 1.68297 1.50853
threshold=0.013798495919632009 0.019804307784121598 0.026624440586497603 -0.017498303157739089 0.014776442004869829 -0.13166167372245099 -0.034817706887635462
decision_type=2 2 2 2 2 10 8
left_child=-1 2 3 5 -5 -2 -4
right_child=1 -3 6 4 -6 -7 -8
leaf_value=-0.00042047308525070551 0.00033966104616411035 0.00019938174344133589 7.7303844736889042e-05 1.2800679542127741e-07 0.00053440348361618825 -0.00020406458410434421 -0.00018810746609233318
leaf_weight=54 31 334 26 46 31 101 110
leaf_count=54 31 334 26 46 31 101 110
internal_value=-0.000579809 0.00121502 -0.00297101 -0.000358852 0.00681818 -0.00454545 -0.00698529
internal_weight=733 679 345 209 77 132 136
internal_count=733 679 345 209 77 132 136
is_linear=0
shrinkage=0.05


Tree=2
num_leaves=8
num_cat=0
split_feature=5 5 11 6 5 8 3
split_gain=10.919 3.59668 2.33367 2.27167 1.73228 1.60367 1.51921
threshold=0.013240209407011748 0.023297206430191009 -0.016546519308648141 -0.071544110089320698 0.015680726199635796 -0.065361277137202731 -0.0010483896954215364
decision_type=2 2 2 2 2 10 2
left_child=-1 2 5 -3 -4 -2 -6
right_child=1 3 4 -5 6 -7 -8
leaf_value=-0.00041783435561228545 4.4623303867410898e-05 0.00012461683285073375 -0.00024441771424608304 0.00041709866761812015 -0.00012888016908254942 0.00048055397966527381 3.3140604777145238e-05
leaf_weight=44 37 84 69 72 158 29 252
leaf_count=44 37 84 69 72 158 29 252
internal_value=-0.000838926 0.000677603 -0.00123853 0.00737179 -0.00245303 0.00757576 -0.00121951
internal_weight=745 701 545 156 479 66 410
internal_count=745 701 545 156 479 66 410
is_linear=0
shrinkage=0.05


Tree=3
num_leaves=8
num_cat=0
split_feature=4 0 4 6 6 16 9
split_gain=8.69479 2.69192 2.56469 2.2252 1.71964 2.86489 1.85535
threshold=0.014177177373908957 -0.031711734997897305 0.044735424855790039 -0.18248657774138352 -0.49111011853436176 -0.017405548016470981 0.10912812050084665
decision_type=2 2 2 2 2 2 10
left_child=-1 -2 3 4 5 -3 -7
right_child=1 2 -4 -5 -6 6 -8
leaf_value=-0.00037943675366113901 0.0004767580797641131 0.00031080761276898558 0.00036208572693722087 6.760023818133051e-05 -0.00023482841660661509 -1.1137486129155113e-05 -0.00017264481367274136
leaf_weight=34 58 32 57 271 104 145 36
leaf_count=34 58 32 57 271 104 145 36
internal_value=-0.000305292 0.000889047 -3.87597e-05 -0.00102041 -0.00386435 -0.00129108 -0.00372928
internal_weight=737 703 645 588 317 213 181
internal_count=737 703 645 588 317 213 181
is_linear=0
shrinkage=0.05


Tree=4
num_leaves=8
num_cat=0
split_feature=5 5 13 6 6 13 7
split_gain=11.3655 3.41057 1.93984 1.74487 1.55249 1.4008 1.7511
threshold=0.013363152075450295 0.019804307784121598 13.605000019073488 -0.17098670163406912 -0.44725227329841893 19.814999580383304 0.0026668377510603585
decision_type=2 2 2 2 2 2 2
left_child=-1 3 -3 4 -2 6 -4
right_child=1 2 5 -5 -6 -7 -8
leaf_value=-0.00037859047890669907 -3.1863726845440379e-05 0.00028825921529856719 0.00016744380936079326 1.887087015307776e-05 -0.00041160220101304725 0.00033285982638550193 -5.8330499487456142e-05
leaf_weight=49 134 55 110 178 51 74 92
leaf_count=49 134 55 110 178 51 74 92
internal_value=-0.000706595 0.000936599 0.00460725 -0.00241047 -0.00581081 0.00289855 0.000742574
internal_weight=743 694 331 363 185 276 202
internal_count=743 694 331 363 185 276 202
is_linear=0
shrinkage=0.05


Tree=5
num_leaves=8
num_cat=0
split_feature=5 6 5 5 15 7 16
split_gain=11.0264 3.12878 2.12826 2.04169 2.44181 1.58665 1.53333
threshold=0.013798495919632009 -0.18248657774138352 0.027183167864275076 0.017566606507377864 -0.0040478126610009593 -0.069663636062605713 -0.01466248994892305
decision_type=2 2 2 2 2 2 2
left_child=-1 2 5 -3 -5 -2 -7
right_child=1 3 -4 4 -6 6 -8
leaf_value=-0.00035889689792114958 -0.00027957791709732011 -2.5191412493966606e-05 0.00032488987471404656 0.0005156295666277511 0.00017781100840400722 0.00012004212538338105 -4.9259815077219196e-05
leaf_weight=53 37 91 36 68 171 46 230
leaf_count=53 37 91 36 68 171 46 230
internal_value=-0.000204918 0.00150957 -0.00179083 0.005 0.00742678 -0.00311502 -0.00181159
internal_weight=732 679 349 330 239 313 276
internal_count=732 679 349 330 239 313 276
is_linear=0
shrinkage=0.05


Tree=6
num_leaves=8
num_cat=0
split_feature=4 4 15 3 7 3 14
split_gain=8.22218 3.11567 2.24118 2.03839 1.88548 1.57003 1.98717
threshold=0.014177177373908957 0.031724751862296736 -0.0075585550628705081 0.013033123433516038 -0.076930889877659323 -0.0041662286911646187 -0.019792958121071843
decision_type=2 2 2 2 2 2 2
left_child=-1 5 -3 4 -4 6 -2
right_child=1 2 3 -5 -6 -7 -8
leaf_value=-0.00034095205302509207 -0.0003467801804131551 0.00045690077134311009 -0.00019523001122246936 0.00025237957387193359 3.1272407460379661e-05 -1.6548305831344795e-05 -0.00014240265428306891
leaf_weight=37 25 76 47 42 232 233 52
leaf_count=37 25 76 47 42 232 233 52
internal_value=-0.000672043 0.00053041 0.00346348 0.00163551 8.96057e-05 -0.00322581 -0.00941558
internal_weight=744 707 397 321 279 310 77
internal_count=744 707 397 321 279 310 77
is_linear=0
shrinkage=0.05


Tree=7
num_leaves=8
num_cat=0
split_feature=5 5 11 6 0 15 2
split_gain=10.8078 2.4384 1.83789 2.5113 1.74936 1.50484 1.26028
threshold=0.013798495919632009 0.019804307784121598 0.02306163879140322 -0.17098670163406912 -0.014740597708776336 -0.0014005865072363453 -0.018946573829552057
decision_type=2 2 2 2 2 2 2
left_child=-1 2 3 -2 -5 -6 -3
right_child=1 6 -4 4 5 -7 -8
leaf_value=-0.00028918143859703256 -0.00020805727233169709 0.00025603814042491745 0.00031662058479430547 0.00023843419887283916 -0.00022671915937231288 2.3160671272982579e-05 5.4281518981906703e-06
leaf_weight=59 153 163 34 40 40 82 169
leaf_count=59 153 163 34 40 40 82 169
internal_value=-0.00108108 0.000697504 -0.00222063 -0.0034127 0.000925926 -0.00204918 0.00376506
internal_weight=740 681 349 315 162 122 332
internal_count=740 681 349 315 162 122 332
is_linear=0
shrinkage=0.05


Tree=8
num_leaves=8
num_cat=0
split_feature=4 6 3 15 14 12 12
split_gain=8.01905 2.44374 2.08335 1.92205 2.2836 1.80682 2.20296
threshold=0.022845329404419319 -0.013202555336319111 0.0088865784740260762 -0.0079013074667390586 0.030785511680663128 -0.014960350168733092 0.037776300760474342
decision_type=2 2 2 2 2 2 2
left_child=-1 2 -2 -3 5 -5 -7
right_child=1 3 -4 4 -6 6 -8
leaf_value=-0.00027472236666718091 -6.7244497671448738e-05 0.00042317669737511159 0.00011412847080880681 -0.00021027847637366563 -9.5169071275334237e-05 0.00034502056269146929 -3.7332792383906917e-05
leaf_weight=67 353 53 58 25 67 90 48
leaf_count=67 353 53 58 25 67 90 48
internal_value=-0.0010184 0.000576369 -0.00188564 0.00415194 0.00217391 0.0053681 0.0076087
internal_weight=761 694 411 283 230 163 138
internal_count=761 694 411 283 230 163 138
is_linear=0
shrinkage=0.05


Tree=9
num_leaves=8
num_cat=0
split_feature=5 11 5 3 0 4 4
split_gain=10.6139 3.03418 2.20411 2.22604 2.16003 1.56265 1.46216
threshold=0.0135325685511459 -0.022672211523631577 0.027183167864275076 -0.0039663305382131022 -0.016546354369765589 0.024649419448612712 0.026110058841740162
decision_type=2 2 2 2 2 2 2
left_child=-1 -2 3 -3 -5 -6 -7
right_child=1 2 -4 4 5 6 -8
leaf_value=-0.00029570926011062679 0.00045882405121979705 -0.00011148266176454151 0.00027996664628009968 0.00039378841900961325 -0.00017058175879243557 0.00020261198228042614 5.3522720592147008e-07
leaf_weight=49 58 165 43 50 46 30 297
leaf_count=49 58 165 43 50 46 30 297
internal_value=-0.000474255 0.00112482 0.000118859 -0.000680272 0.00124113 -6.70241e-05 0.00114679
internal_weight=738 689 631 588 423 373 327
internal_count=738 689 631 588 423 373 327
is_linear=0
shrinkage=0.05


Tree=10
num_leaves=8
num_cat=0
split_feature=5 5 0 10 3 2 1
split_gain=10.0338 2.44418 1.57528 1.27274 1.66476 1.17161 1.65738
threshold=0.013240209407011748 0.020552408362515623 -0.03314890583158047 0.011081127961662387 0.012843102997535551 0.1374638729833694 0.044466556395119324
decision_type=2 2 2 2 2 2 2
left_child=-1 2 -2 4 5 6 -3
right_child=1 3 -4 -5 -6 -7 -8
leaf_value=-0.00031507953084307166 0.00040239791005253325 0.00012132604424351336 -3.7665522478782731e-05 -0.0001864950714862638 0.00028874353769718555 -5.5608272641635187e-05 0.00058513051082624968
leaf_weight=42 25 152 384 26 27 45 47
leaf_count=42 25 152 384 26 27 45 47
internal_value=-6.68449e-05 0.00134561 -0.00116137 0.00479798 0.00581181 0.0045082 0.00615578
internal_weight=748 706 409 297 271 244 199
internal_count=748 706 409 297 271 244 199
is_linear=0
shrinkage=0.05


Tree=11
num_leaves=8
num_cat=0
split_feature=5 5 11 15 15 9 15
split_gain=9.05158 2.34532 2.29257 1.48709 2.78069 2.47555 2.60428
threshold=0.013240209407011748 0.015680726199635796 -0.028866673855592325 0.0053765180747378247 0.007932911136526501 0.12567421705656248 0.0029097400712747583
decision_type=2 2 2 2 2 8 2
left_child=-1 -2 -3 5 -5 6 -4
right_child=1 2 3 4 -6 -7 -8
leaf_value=-0.00029945700829942326 -0.00018005075913364805 0.00056916623705990487 0.00011476271498329135 -0.0002830465044045244 5.2331473534582461e-05 -5.5262196290368142e-05 0.00030019423763707874
leaf_weight=39 85 28 239 56 125 124 50
leaf_count=39 85 28 239 56 125 124 50
internal_value=-0.000268097 0.00102546 0.00209003 0.00143098 -0.00234807 0.00308717 0.00562284
internal_weight=746 707 622 594 181 413 289
internal_count=746 707 622 594 181 413 289
is_linear=0
shrinkage=0.05


Tree=12
num_leaves=8
num_cat=0
split_feature=5 5 3 9 10 6 2
split_gain=7.04464 1.92569 2.2859 2.25652 2.58057 3.16046 1.9205
threshold=0.013240209407011748 0.023362777497086838 -0.0041662286911646187 0.12740935790949939 -0.0013159673486659027 0.17486776683889507 0.093826203305262049
decision_type=2 2 2 8 2 2 2
left_child=-1 2 -2 -4 -5 -6 -3
right_child=1 6 3 4 5 -7 -8
leaf_value=-0.00025048572671223021 -0.00018960741670065559 0.00026072912805362154 0.00012592924959827292 8.6851444061889892e-05 -0.00024206153111541099 0.00011921286101383745 -5.4179049359557753e-05
leaf_weight=39 154 110 215 59 76 35 38
leaf_count=39 154 110 215 59 76 35 38
internal_value=-0.000482094 0.000691412 -0.000695733 0.00136364 -0.00294118 -0.00743243 0.00574324
internal_weight=726 687 539 385 170 111 148
internal_count=726 687 539 385 170 111 148
is_linear=0
shrinkage=0.05


Tree=13
num_leaves=8
num_cat=0
split_feature=5 4 7 14 2 3 1
split_gain=8.01146 1.8289 2.54628 2.63732 2.21984 2.56628 2.14987
threshold=0.013240209407011748 0.028022603380444162 -0.037106075609662108 -0.00064785032559577782 0.16425552984796124 0.0033611359656376964 0.044466556395119324
decision_type=2 2 2 2 2 2 2
left_child=-1 2 -2 -4 6 -6 -3
right_child=1 4 3 -5 5 -7 -8
leaf_value=-0.00027198956182171002 0.00010652464466728521 4.115132919916779e-05 -0.00013996001702426585 1.4114426873958457e-06 -0.00031631244562351575 5.6314552909233524e-05 0.0004106534142374741
leaf_weight=41 31 387 77 72 26 27 81
leaf_count=41 31 387 77 72 26 27 81
internal_value=-0.00107817 0.000178317 -0.00416667 -0.00687919 0.00167946 -0.00801887 0.00277778
internal_weight=742 701 180 149 521 53 468
internal_count=742 701 180 149 521 53 468
is_linear=0
shrinkage=0.05


Tree=14
num_leaves=8
num_cat=0
split_feature=5 11 14 6 3 8 15
split_gain=9.27702 1.81403 1.59369 1.90788 1.82183 1.74838 1.73768
threshold=0.013240209407011748 -0.022672211523631577 0.11108526702174228 1.0000000180025095e-35 0.0088865784740260762 -0.13005919243367861 0.011586693317192311
decision_type=2 2 2 2 2 8 2
left_child=-1 -2 3 4 -3 -5 -7
right_child=1 2 -4 5 -6 6 -8
leaf_value=-0.00025837523859418985 0.00035279520556488568 -3.736256722941967e-05 -0.00042448133326199872 0.00034924066017065779 0.00010816438910146039 0.00010775492647302487 -0.00030980501948524243
leaf_weight=40 58 308 29 34 44 185 26
leaf_count=40 58 308 29 34 44 185 26
internal_value=-0.000345304 0.00102339 0.000239617 0.000795645 -0.0015625 0.00418367 0.00248815
internal_weight=724 684 626 597 352 245 211
internal_count=724 684 626 597 352 245 211
is_linear=0
shrinkage=0.05


Tree=15
num_leaves=8
num_cat=0
split_feature=5 5 13 13 10 13 13
split_gain=7.3642 2.63354 2.20161 2.04255 2.01679 1.86704 1.55883
threshold=0.013798495919632009 0.020664652504846299 13.605000019073488 16.404999732971195 0.0059756471813912091 21.134999275207523 14.244999885559084
decision_type=2 2 2 2 2 2 2
left_child=-1 5 -3 -4 -5 6 -2
right_child=1 2 3 4 -6 -7 -8
leaf_value=-0.0002171037041056337 -6.7057343857768707e-05 0.00020756979351073022 -4.4577952142788214e-05 0.00039222542376807782 -6.2973004321136705e-05 -0.00036015437918984208 3.8032681296880021e-05
leaf_weight=50 112 41 86 114 47 25 257
leaf_count=50 112 41 86 114 47 25 257
internal_value=-0.000478142 0.000879765 0.00451389 0.00273279 0.0060559 -0.00177665 -0.000880759
internal_weight=732 682 288 247 161 394 369
internal_count=732 682 288 247 161 394 369
is_linear=0
shrinkage=0.05


Tree=16
num_leaves=8
num_cat=0
split_feature=4 15 1 3 14 3 12
split_gain=3.92093 2.14587 1.88443 1.79878 1.8304 1.69939 2.81746
threshold=0.014177177373908957 -0.010902746645946258 -0.045760948318602106 0.0080200469552861326 -0.053534792570075034 0.004030121267188492 0.039347993761670759
decision_type=2 2 2 2 2 2 2
left_child=-1 2 -2 5 -5 -3 -7
right_child=1 3 -4 4 -6 6 -8
leaf_value=-0.00020044363686841225 0.00049975915168668352 -7.633261509440958e-06 7.5854405348280151e-05 -6.1757161088556175e-05 0.00019913246818014158 -0.00013358613110538953 0.00027863361656735438
leaf_weight=36 32 383 59 41 88 85 27
leaf_count=36 32 383 59 41 88 85 27
internal_value=-0.000565912 0.000244755 0.00741758 -0.000801282 0.00445736 -0.00217172 -0.00758929
internal_weight=751 715 91 624 129 495 112
internal_count=751 715 91 624 129 495 112
is_linear=0
shrinkage=0.05


Tree=17
num_leaves=8
num_cat=0
split_feature=5 11 5 6 4 7 2
split_gain=5.29046 2.3869 1.94473 1.44568 1.50022 1.72361 1.78014
threshold=0.013240209407011748 -0.022024026906729662 0.019804307784121598 -0.064259762362946546 0.045553526777072348 -0.003084931611162189 0.115441757442046
decision_type=2 2 2 2 2 2 2
left_child=-1 -2 -3 4 5 -4 -7
right_child=1 2 3 -5 -6 6 -8
leaf_value=-0.0002242716662094635 0.0004290896063412885 -5.2550086462811123e-05 0.00019684608785811567 0.00018094491583830276 0.00016805160837377842 -0.00021516233606477472 -7.4303514455204526e-06
leaf_weight=45 60 337 65 125 32 37 43
leaf_count=45 60 337 65 125 32 37 43
internal_value=-0.000604839 0.00046495 -0.00043036 0.00248344 -0.000423729 -0.00258621 -0.0075
internal_weight=744 699 639 302 177 145 80
internal_count=744 699 639 302 177 145 80
is_linear=0
shrinkage=0.05


Tree=18
num_leaves=8
num_cat=0
split_feature=4 11 15 4 6 10 2
split_gain=3.17693 2.28215 2.27393 2.02585 1.8284 1.75167 2.20355
threshold=0.028022603380444162 -0.028866673855592325 0.0060618278307392756 0.029385218433495428 -0.08494614222683522 0.0103636474765072 0.14981815863319284
decision_type=2 2 2 2 2 2 2
left_child=2 -2 -1 -3 -4 6 -5
right_child=1 3 4 5 -6 -7 -8
leaf_value=-0.00014303763647795215 0.00046708731208748355 0.00043055425204309612 -0.00015298958587691729 5.2708757323352912e-05 0.00010563171933999708 -0.00015544882408173753 -0.00013881251877721724
leaf_weight=157 26 42 28 361 31 49 56
leaf_count=157 26 42 28 361 31 49 56
internal_value=-0.00113333 0.00093633 -0.00625 0.00019685 0.00211864 -0.000751073 0.00029976
internal_weight=750 534 216 508 59 466 417
internal_count=750 534 216 508 59 466 417
is_linear=0
shrinkage=0.05


Tree=19
num_leaves=8
num_cat=0
split_feature=5 3 11 11 2 5 11
split_gain=4.4339 2.2813 2.11654 1.45834 1.86717 3.05594 1.76324
threshold=0.015680726199635796 0.0035617782695106519 -0.028866673855592325 0.00023769852102906167 0.15816493902618237 0.021685020856435869 -0.0038922440129086073
decision_type=2 2 2 2 2 2 2
left_child=1 -1 -2 6 5 -5 -4
right_child=2 -3 3 4 -6 -7 -8
leaf_value=-0.00021646732917083084 0.00042996234818091074 3.6124424792645255e-05 -5.4137538660167796e-06 1.1336818034488572e-05 -0.00013174018892148356 0.00033595107230592033 -0.00021811502478396159
leaf_weight=102 28 26 149 229 50 106 51
leaf_count=102 28 26 149 229 50 106 51
internal_value=-0.000910931 -0.009375 0.000856444 0.000213675 0.00201299 0.00335821 -0.00325
internal_weight=741 128 613 585 385 335 200
internal_count=741 128 613 585 385 335 200
is_linear=0
shrinkage=0.05


Tree=20
num_leaves=8
num_cat=0
split_feature=5 11 3 11 5 5 11
split_gain=4.82356 1.79229 2.4381 1.56525 2.14379 1.43217 1.16106
threshold=0.015680726199635796 0.0063364892264597969 1.0000000180025095e-35 -0.011803471640552064 0.023362777497086838 0.022350102401892499 0.0035059532242039952
decision_type=2 2 2 2 2 2 2
left_child=1 2 -1 5 -5 -2 -6
right_child=3 -3 -4 4 6 -7 -8
leaf_value=-0.00024901618231035498 0.00042623521583831821 -0.00019073277780180394 0.00010071960486879512 -2.564483562929182e-05 -6.6075983333609316e-05 -2.3927888855163063e-07 0.00017156321975416583
leaf_weight=42 60 57 28 391 33 39 89
leaf_count=42 60 57 28 391 33 39 89
internal_value=-0.000778078 -0.00964567 -0.00428571 0.00106209 -4.87329e-05 0.00681818 0.0057377
internal_weight=739 127 70 612 513 99 122
internal_count=739 127 70 612 513 99 122
is_linear=0
shrinkage=0.05


Tree=21
num_leaves=8
num_cat=0
split_feature=4 15 1 1 3 16 15
split_gain=2.90275 1.73698 2.05334 2.37361 2.31026 2.23461 1.92316
threshold=0.014177177373908957 -0.010902746645946258 0.027202942691047397 0.019505753970987531 0.012843102997535551 0.030711805153320396 0.0063562120516013074
decision_type=2 2 2 2 2 2 2
left_child=-1 -2 3 4 -3 6 -4
right_child=1 2 5 -5 -6 -7 -8
leaf_value=-0.00015155160625985936 0.00022289152388688495 -3.4911109451051749e-05 6.8892630309957701e-05 -0.00040697946259360965 0.00041279769561844079 0.00039235967783060263 -0.00015594274864830853
leaf_weight=37 90 381 104 26 25 35 48
leaf_count=37 90 381 104 26 25 35 48
internal_value=-0.000536193 0.000176305 -0.000767367 -0.00266204 -0.00172414 0.00360963 0.000986842
internal_weight=746 709 619 432 406 187 152
internal_count=746 709 619 432 406 187 152
is_linear=0
shrinkage=0.05


Tree=22
num_leaves=8
num_cat=0
split_feature=5 14 11 10 1 1 2
split_gain=4.64653 1.39057 2.42411 1.50717 1.24988 2.04068 1.57263
threshold=0.013240209407011748 0.11068884178819839 -0.017775510039936489 -0.0016341493086314272 -0.046789282854284291 -0.023715125226031471 0.17933101553087574
decision_type=2 2 2 2 2 2 2
left_child=-1 2 3 -2 -4 -6 -7
right_child=1 -3 4 -5 5 6 -8
leaf_value=-0.00017642657437875361 0.00035647875280183771 -0.0002109482367340966 0.00011201176410441652 0.00012003689707022099 -0.00012207976209099768 3.5620928931359495e-05 -0.00016976388549550864
leaf_weight=45 37 49 92 25 78 376 38
leaf_count=45 37 49 92 25 78 376 38
internal_value=-0.000540541 0.000467626 0.00108359 0.0104839 8.56164e-05 -0.000914634 0.000483092
internal_weight=740 695 646 62 584 492 414
internal_count=740 695 646 62 584 492 414
is_linear=0
shrinkage=0.05


Tree=23
num_leaves=8
num_cat=0
split_feature=5 15 1 3 12 1 1
split_gain=3.73752 2.14872 1.66573 1.61551 1.9944 1.59356 1.74725
threshold=0.013240209407011748 -0.010902746645946258 -0.045760948318602106 0.0086980146080818405 0.0066896408709551389 -0.089195011604335947 -0.06291261308450373
decision_type=2 2 2 2 2 2 2
left_child=-1 2 -2 5 -5 -3 -7
right_child=1 3 -4 4 -6 6 -8
leaf_value=-0.00016837626617717313 0.0004358268294641001 -0.00035826310088646275 0.00016687403070315133 -7.265943307927063e-05 9.5493115953932317e-05 0.0003955784065646133 -2.2289109072166869e-05
leaf_weight=44 34 27 57 45 74 28 438
leaf_count=44 34 27 57 45 74 28 438
internal_value=-0.000635877 0.000248933 0.00741758 -0.000816993 0.00441176 -0.00207911 -0.00139485
internal_weight=747 703 91 612 119 493 466
internal_count=747 703 91 612 119 493 466
is_linear=0
shrinkage=0.05


Tree=24
num_leaves=8
num_cat=0
split_feature=5 0 14 3 10 6 3
split_gain=3.732 1.79441 1.55496 1.38193 2.26386 2.61443 1.97044
threshold=0.013240209407011748 -0.044859044762281357 0.11068884178819839 0.0086980146080818405 -0.00010103151992763014 1.0000000180025095e-35 -0.0017427098498052349
decision_type=2 2 2 2 2 2 2
left_child=-1 -2 3 4 -3 -6 -7
right_child=1 2 -4 -5 5 6 -8
leaf_value=-0.0001599574528683145 0.0005236514450811181 5.8016193446351272e-05 -0.0002116771686364252 6.9075554965227498e-05 -0.00011782124389658833 -9.1526962738294231e-06 0.00025004463587227264
leaf_weight=46 26 220 39 116 194 37 66
leaf_count=46 26 220 39 116 194 37 66
internal_value=-0.000336022 0.000573066 7.44048e-05 0.000671406 -0.000435203 -0.00328283 0.00315534
internal_weight=744 698 672 633 517 297 103
internal_count=744 698 672 633 517 297 103
is_linear=0
shrinkage=0.05


Tree=25
num_leaves=8
num_cat=0
split_feature=5 10 10 1 10 15 15
split_gain=3.6554 1.83016 1.77824 1.83956 1.79346 1.47236 1.40701
threshold=0.015680726199635796 0.0058855718957657741 0.0079905561282167543 0.014004073512185357 0.011081127961662387 0.012197537444331276 -0.01154311156779114
decision_type=2 2 2 2 2 2 2
left_child=-1 5 -3 4 -4 6 -2
right_child=1 2 3 -5 -6 -7 -8
leaf_value=-0.00011950006831586889 0.00039856751828317544 -0.00012671200948772261 6.776933920112187e-05 0.00025050398241113856 -0.00026571727584007523 0.00019187361024563046 4.9243414910444145e-06
leaf_weight=127 61 49 36 37 34 38 368
leaf_count=127 61 49 36 37 34 38 368
internal_value=-0.000733333 0.000842697 -0.00384615 -0.000233645 -0.005 0.00240899 0.00157343
internal_weight=750 623 156 107 70 467 429
internal_count=750 623 156 107 70 467 429
is_linear=0
shrinkage=0.05


Tree=26
num_leaves=8
num_cat=0
split_feature=5 16 5 6 1 5 6
split_gain=3.9289 1.47086 1.36827 1.37819 1.27411 1.07344 1.04167
threshold=0.013240209407011748 0.030331991985373178 0.027111111789126185 0.82755086462811567 0.027202942691047397 0.028561068150260587 -0.45768099699304232
decision_type=2 2 2 2 2 2 2
left_child=-1 2 3 6 -3 -4 -2
right_child=1 4 5 -5 -6 -7 -8
leaf_value=-0.00014521355629174812 5.7682641653569564e-06 -1.103798236295403e-05 0.00055555098469824463 0.00011868299181412466 0.00035932665407794706 3.0741830516822086e-05 -9.0272005766272068e-05
leaf_weight=47 225 32 25 108 39 29 238
leaf_count=47 225 32 25 108 39 29 238
internal_value=-0.000370121 0.000574713 -0.0002 -0.00091944 0.00739437 0.00740741 -0.00210583
internal_weight=743 696 625 571 71 54 463
internal_count=743 696 625 571 71 54 463
is_linear=0
shrinkage=0.05


Tree=27
num_leaves=8
num_cat=0
split_feature=5 15 10 2 4 9 14
split_gain=2.39738 1.40495 1.5351 1.9117 1.76968 1.58038 1.5774
threshold=0.013240209407011748 0.017291526831637708 0.0058855718957657741 0.070092523471020476 0.028022603380444162 -0.22821526924444932 -0.036625775253692865
decision_type=2 2 2 2 2 10 2
left_child=-1 2 4 5 -2 -4 -6
right_child=1 -3 3 -5 6 -7 -8
leaf_value=-0.00010901913230104097 -5.9309549993769465e-05 0.00031033845646312653 -9.1411238148014299e-05 -0.00031499086592882102 0.00032238163472946522 6.0107176896043257e-05 4.3930127431802193e-05
leaf_weight=41 139 27 60 39 41 66 332
leaf_count=41 139 27 60 39 41 66 332
internal_value=0.000167785 0.000852273 0.000406204 -0.00378788 0.00175781 -0.000793651 0.00355228
internal_weight=745 704 677 165 512 126 373
internal_count=745 704 677 165 512 126 373
is_linear=0
shrinkage=0.05


Tree=28
num_leaves=8
num_cat=0
split_feature=5 11 6 2 2 11 11
split_gain=1.99404 1.76454 1.30126 1.47306 1.58164 1.13069 2.8736
threshold=0.015302133354755647 -0.029337474403061222 0.39988916147844705 0.021512261113903367 -0.017498303157739089 0.00023769852102906167 -0.0038922440129086073
decision_type=2 2 2 2 2 2 2
left_child=2 -2 3 4 -1 6 -3
right_child=1 5 -4 -5 -6 -7 -8
leaf_value=-0.00020427411492043748 0.00037490554447158541 1.14044187920344e-05 3.3917095215820445e-05 -0.00020395699178522741 2.9861048826091385e-05 2.6468406107829593e-05 -0.00021164878457173602
leaf_weight=27 27 157 30 25 37 400 49
leaf_count=27 27 157 30 25 37 400 49
internal_value=0.000265957 0.00138231 -0.00567227 -0.00870787 -0.0046875 0.000825083 -0.00218447
internal_weight=752 633 119 89 64 606 206
internal_count=752 633 119 89 64 606 206
is_linear=0
shrinkage=0.05


Tree=29
num_leaves=8
num_cat=0
split_feature=5 11 3 15 0 16 8
split_gain=1.921 2.06848 1.93428 1.33286 2.12947 1.57745 2.12056
threshold=0.015680726199635796 0.0063364892264597969 1.0000000180025095e-35 -0.01154311156779114 -0.015311803313469706 0.0011679798054425874 -0.14148966423159584
decision_type=2 2 2 2 2 2 10
left_child=1 2 -1 4 -2 -5 -7
right_child=3 -3 -4 5 -6 6 -8
leaf_value=-0.00018258750712606521 0.00042316133666192877 -0.0001361250273987438 0.00011681045403101952 -3.3048609521704918e-05 -0.00016363744354231703 -7.0428855454402706e-05 7.1133813598039768e-05
leaf_weight=41 38 56 30 215 25 32 293
leaf_count=41 38 56 30 215 25 32 293
internal_value=0.000273973 -0.00531496 0.000352113 0.00145108 0.00833333 0.000648148 0.00284615
internal_weight=730 127 71 603 63 540 325
internal_count=730 127 71 603 63 540 325
is_linear=0
shrinkage=0.05


Tree=30
num_leaves=8
num_cat=0
split_feature=5 6 3 14 6 16 3
split_gain=2.04379 1.59396 1.77293 1.73046 2.02951 2.00238 1.72297
threshold=0.013240209407011748 1.0000000180025095e-35 0.0086980146080818405 -0.0056306847578752031 -0.5002672269103331 0.0068048364160622219 -0.013537431164969192
decision_type=2 2 2 2 2 2 2
left_child=-1 2 3 4 -2 -6 -3
right_child=1 6 -4 -5 5 -7 -8
leaf_value=-9.9194992641518014e-05 -2.3889141215620043e-05 -0.00041315665097194445 5.4314677881314553e-05 4.3141309586467586e-06 -0.00011332358529564696 -0.00026223090613122557 0.00010187538430634935
leaf_weight=37 106 25 62 185 42 28 252
leaf_count=37 106 25 62 185 42 28 252
internal_value=-3.39213e-05 0.000571429 -0.00135934 -0.00270083 -0.00625 -0.0128571 0.00351986
internal_weight=737 700 423 361 176 70 277
internal_count=737 700 423 361 176 70 277
is_linear=0
shrinkage=0.05


Tree=31
num_leaves=8
num_cat=0
split_feature=4 4 4 7 10 6 13
split_gain=2.0126 2.58945 2.07556 2.09604 1.74051 1.9867 1.53302
threshold=0.028022603380444162 0.028796390280338546 0.027099478289930038 -0.030229879249476118 -0.0025114864112490416 0.13857946192836559 15.425000190734865
decision_type=2 2 2 2 2 2 2
left_child=2 -2 3 -1 -5 6 -6
right_child=1 -3 -4 4 5 -7 -8
leaf_value=0.0001608414014321152 0.00042996565236616313 5.6103495259314519e-06 -0.00026327758354606522 2.1099506222380345e-05 -7.7854273681495127e-05 5.4850601866277687e-06 -0.00012471601571104469
leaf_weight=36 25 494 30 40 29 34 43
leaf_count=36 25 494 30 40 29 34 43
internal_value=-0.000376197 0.00130058 -0.00448113 -0.00247253 -0.00513699 -0.00849057 -0.0131944
internal_weight=731 519 212 182 146 106 72
internal_count=731 519 212 182 146 106 72
is_linear=0
shrinkage=0.05


Tree=32
num_leaves=8
num_cat=0
split_feature=12 6 16 2 10 3 11
split_gain=2.80776 1.92638 1.959 1.78366 3.36685 1.81894 1.71541
threshold=0.076145654651098141 -0.064259762362946546 -0.0080524124127051549 -0.087189374079013324 -0.0025114864112490416 -0.0030976083259141025 -0.012158378577427352
decision_type=2 2 2 2 2 2 2
left_child=1 3 6 -1 5 -5 -3
right_child=-2 2 -4 4 -6 -7 -8
leaf_value=-0.00013436334496645953 -0.00014163170276349884 0.00039533034515895594 0.00012067084596208435 -5.1321490758240475e-05 -3.4434487892136355e-05 0.00027581928779943062 -0.00014697825217740033
leaf_weight=107 33 35 206 33 223 55 60
leaf_count=107 33 35 206 33 223 55 60
internal_value=-0.000132979 0.000521558 0.00357143 -0.00167464 0.000241158 0.00852273 -0.00236842
internal_weight=752 719 301 418 311 88 95
internal_count=752 719 301 418 311 88 95
is_linear=0
shrinkage=0.05


Tree=33
num_leaves=8
num_cat=0
split_feature=5 11 13 12 11 15 11
split_gain=2.03019 1.86232 1.62 1.27227 1.58728 1.94318 1.92996
threshold=0.015680726199635796 0.0063364892264597969 19.625000000000004 -0.049048436065559579 -0.00043728349314975373 -0.0081016909369232542 0.01397341061460511
decision_type=2 2 2 2 2 2 2
left_child=1 2 -1 -2 5 -5 -6
right_child=3 -3 -4 4 6 -7 -8
leaf_value=6.4367554696085927e-05 0.00033925823053586454 -0.00011596504853351028 -0.00012680832086215408 0.00016749077528806743 7.2985414325537698e-05 -9.613030959301468e-05 -1.7569957710049334e-05
leaf_weight=45 31 58 30 44 218 152 164
leaf_count=45 31 58 30 44 218 152 164
internal_value=-0.000606469 -0.00620301 -0.001 0.000615764 8.65052e-05 -0.00357143 0.00196335
internal_weight=742 133 75 609 578 196 382
internal_count=742 133 75 609 578 196 382
is_linear=0
shrinkage=0.05


Tree=34
num_leaves=8
num_cat=0
split_feature=5 2 11 15 15 15 2
split_gain=2.46295 2.26956 2.68716 1.91415 2.07265 1.9273 2.55412
threshold=0.017379268007399872 -0.090802467693477482 0.0056452584945124737 0.0053329402230759557 0.0029097400712747583 -0.0011940719533553577 0.15226313136733985
decision_type=2 2 2 2 2 2 2
left_child=1 -1 -3 4 5 6 -2
right_child=3 2 -4 -5 -6 -7 -8
leaf_value=-0.00016939409354934859 0.00019187995226084784 7.5853954632391319e-05 -7.6446873065032358e-05 -8.3430733035758239e-05 0.00024109370665249152 -4.8835600881230693e-05 -0.00027362344775420022
leaf_weight=40 182 87 86 166 59 102 25
leaf_count=40 182 87 86 166 59 102 25
internal_value=-0.000970549 -0.00551643 -0.00303468 0.000842697 0.00285326 0.00121359 0.00398551
internal_weight=747 213 173 534 368 309 207
internal_count=747 213 173 534 368 309 207
is_linear=0
shrinkage=0.05


Tree=35
num_leaves=8
num_cat=0
split_feature=4 11 8 7 1 6 6
split_gain=1.681 1.63135 2.32421 2.04827 2.86267 1.57677 1.56085
threshold=0.024649419448612712 -0.00043728349314975373 0.19077559390827784 -0.070798928332393971 -0.014351396713130347 0.0978321792997425 0.15378866889428019
decision_type=2 2 8 2 2 2 2
left_child=-1 3 5 -2 6 -3 -5
right_child=1 2 -4 4 -6 -7 -8
leaf_value=-7.2342681891556478e-05 -0.00020976199543434323 5.9347888968987357e-06 -0.0002729561947368938 0.00023290567377780486 -8.4722596811016154e-05 0.00020456114625062266 -1.9733620592028408e-05
leaf_weight=108 62 239 25 42 101 134 32
leaf_count=108 62 239 25 42 101 134 32
internal_value=-0.00117766 -0.00019685 0.00175879 -0.00348101 -0.000714286 0.00274799 0.00675676
internal_weight=743 635 398 237 175 373 74
internal_count=743 635 398 237 175 373 74
is_linear=0
shrinkage=0.05


Tree=36
num_leaves=8
num_cat=0
split_feature=5 11 10 11 7 1 0
split_gain=1.90537 1.60081 1.3706 1.20989 1.26798 1.6002 1.34051
threshold=0.015680726199635796 -0.029337474403061222 0.014545936349149692 1.0000000180025095e-35 -0.072017240960550385 0.0065432777988927446 -0.010829763862735818
decision_type=2 2 2 2 2 2 2
left_child=-1 -2 3 -3 -5 -6 -7
right_child=1 2 -4 4 5 6 -8
leaf_value=-7.0032880198931397e-05 0.00032515533427088521 -2.3279555003823246e-05 -0.00014439914652441556 0.00029546922727190315 -4.1628265050447019e-05 0.00018659280128902143 3.8053271379395047e-05
leaf_weight=134 25 188 28 44 144 25 165
leaf_count=134 25 188 28 44 144 25 165
internal_value=-0.000564409 0.000605816 8.41751e-05 0.000618375 0.00224868 0.0011976 0.00421053
internal_weight=753 619 594 566 378 334 190
internal_count=753 619 594 566 378 334 190
is_linear=0
shrinkage=0.05


Tree=37
num_leaves=8
num_cat=0
split_feature=16 16 1 1 4 11 13
split_gain=2.14057 3.49675 2.18219 1.63109 2.02007 1.4679 1.8424
threshold=0.0011679798054425874 0.0039787801514077356 -0.046789282854284291 0.032860661894355332 0.032828221693105029 -0.022024026906729662 20.335000038146976
decision_type=2 2 2 2 2 2 2
left_child=5 -2 -3 -4 -5 -1 -7
right_child=1 2 3 4 -6 6 -8
leaf_value=0.00016533565392923746 0.00014734119699335893 0.00041025488529040628 -6.5997831607923622e-05 -9.7566028576357054e-05 0.00026288285705175203 -3.0720698551480086e-05 -0.0001422471302381708
leaf_weight=51 30 33 208 65 71 266 33
leaf_count=51 30 33 208 65 71 266 33
internal_value=-0.000561427 0.00190418 0.000596817 -0.000581395 0.00367647 -0.00342857 -0.00476589
internal_weight=757 407 377 344 136 350 299
internal_count=757 407 377 344 136 350 299
is_linear=0
shrinkage=0.05


Tree=38
num_leaves=8
num_cat=0
split_feature=14 11 10 4 6 9 15
split_gain=1.44281 2.81064 1.90217 1.33489 1.33732 1.53452 3.47479
threshold=0.11068884178819839 -0.016546519308648141 0.0004408774644957259 0.049919780825708797 0.75369862173314728 -0.018720237032519901 0.0065397385130611116
decision_type=2 2 2 2 2 8 2
left_child=1 2 -1 4 5 6 -3
right_child=-2 3 -4 -5 -6 -7 -8
leaf_value=0.00029197449805971995 -0.00017906308328348322 4.5041211295356481e-05 -6.3616246130548772e-05 0.00023462492218585419 0.00011060740827070065 -5.9008209010053861e-05 -0.00030253018805744274
leaf_weight=40 53 120 27 33 119 309 39
leaf_count=40 53 120 27 33 119 309 39
internal_value=-0.00101351 -0.000400291 0.00932836 -0.00145161 -0.0020017 -0.00320513 0.000786164
internal_weight=740 687 67 620 587 468 159
internal_count=740 687 67 620 587 468 159
is_linear=0
shrinkage=0.05


Tree=39
num_leaves=8
num_cat=0
split_feature=12 13 10 12 0 8 6
split_gain=1.36127 1.77081 2.59426 1.70628 1.77148 1.49543 1.73363
threshold=-0.049048436065559579 21.954999923706058 -0.00032910351187348525 0.078665410711505027 -0.031711734997897305 0.085353171296257538 1.7366443237109936
decision_type=2 2 2 2 2 10 2
left_child=-1 3 -3 4 -2 6 -6
right_child=1 2 -4 -5 5 -7 -8
leaf_value=0.00016283143499696339 0.00038529700019301975 -0.00014930352122180846 0.0001051458718316871 -0.0001461598783226591 -3.9592822709819212e-05 6.4995125506215308e-05 0.00023368863815444063
leaf_weight=42 41 29 26 25 431 105 37
leaf_count=42 41 29 26 25 431 105 37
internal_value=-0.000407609 -0.000936599 -0.00954545 -0.000195618 0.000325733 -0.00039267 -0.00160256
internal_weight=736 694 55 639 614 573 468
internal_count=736 694 55 639 614 573 468
is_linear=0
shrinkage=0.05


Tree=40
num_leaves=8
num_cat=0
split_feature=6 15 0 5 7 15 10
split_gain=1.17435 1.91119 1.40173 1.35755 1.6329 1.50748 1.79518
threshold=-0.064259762362946546 0.012326394615741256 0.017460383306388553 0.027183167864275076 -0.066476753767254024 -0.0034801773802964893 0.00021013037674633142
decision_type=2 2 2 2 2 2 2
left_child=1 2 3 4 -1 -6 -7
right_child=-2 -3 -4 -5 5 6 -8
leaf_value=-0.00014591541819403199 4.9567510957229586e-06 0.000311151914614318 -8.1771176006212968e-05 0.00021475210432671325 4.4714565488073637e-05 8.2687073304223063e-06 -0.00010379508368047399
leaf_weight=44 304 34 34 29 107 72 119
leaf_count=44 304 34 34 29 107 72 119
internal_value=-0.000908479 -0.00256264 -0.00351852 -0.00262803 -0.00350877 -0.00218121 -0.00484293
internal_weight=743 439 405 371 342 298 191
internal_count=743 439 405 371 342 298 191
is_linear=0
shrinkage=0.05


Tree=41
num_leaves=8
num_cat=0
split_feature=5 11 2 2 1 0 15
split_gain=1.66446 1.26279 1.49972 1.04533 2.30291 2.04536 1.79004
threshold=0.015936339552124128 0.0069117178035681412 -0.017498303157739089 0.15816493902618237 0.076398913538544347 0.016714308378197654 0.0023471209603656011
decision_type=2 2 2 2 2 2 2
left_child=1 2 -1 4 5 -2 -5
right_child=3 -3 -4 6 -6 -7 -8
leaf_value=-0.00010760986639655429 1.5574511909328698e-05 -9.2891352348165648e-05 7.7052997121159234e-05 -0.00024812036545930762 0.00029867769144140626 -7.3066348393378621e-05 5.1259388621782006e-06
leaf_weight=41 428 63 39 29 38 78 35
leaf_count=41 428 63 39 29 38 78 35
internal_value=-0.000565912 -0.00541958 -0.00125 0.000575658 0.00128676 0.000395257 -0.00546875
internal_weight=751 143 80 608 544 506 64
internal_count=751 143 80 608 544 506 64
is_linear=0
shrinkage=0.05


Tree=42
num_leaves=8
num_cat=0
split_feature=16 16 8 8 9 1 10
split_gain=1.7853 2.2231 1.67341 2.05549 1.89873 1.53963 2.25219
threshold=0.0011679798054425874 0.007039833147846287 -0.062485818628457472 -0.0026561369874386061 -0.092283732929795845 0.076398913538544347 0.0042215296189946913
decision_type=2 2 8 10 10 2 2
left_child=-1 -2 -3 -4 -5 6 -6
right_child=1 2 3 4 5 -7 -8
leaf_value=-2.6456987926294596e-05 9.1877056225592082e-05 7.9550767436776219e-05 -0.00014085547982880145 -0.00016164507990355285 0.00011938956963819438 0.00030343260192542982 -0.00019586516336512523
leaf_weight=336 79 99 76 42 63 28 26
leaf_count=336 79 99 76 42 63 28 26
internal_value=-0.000567423 0.00163438 -0.000149701 -0.00244681 0.000786164 0.00405983 0.000842697
internal_weight=749 413 334 235 159 117 89
internal_count=749 413 334 235 159 117 89
is_linear=0
shrinkage=0.05


Tree=43
num_leaves=8
num_cat=0
split_feature=5 12 14 11 2 12 8
split_gain=2.03126 1.74906 1.8767 2.501 1.63116 2.61581 2.19414
threshold=0.025168634367517078 0.076145654651098141 0.11068884178819839 -0.016546519308648141 -0.08191354600574384 0.0098181061212317972 -0.10024785054012901
decision_type=2 2 2 2 2 2 10
left_child=1 2 3 -1 5 -5 -7
right_child=-2 -3 -4 4 -6 6 -8
leaf_value=0.00015166417112401009 0.00019738288998177338 -0.00011013528231995959 -0.00017322899696029263 -0.0001912069830193394 1.4819955196308019e-06 0.0001923610492112921 -0.00012801384253668575
leaf_weight=56 96 30 43 56 380 41 42
leaf_count=56 96 30 43 56 380 41 42
internal_value=-0.000537634 -0.00154321 -0.000970874 -0.000217391 -0.00130058 -0.00593525 -0.000301205
internal_weight=744 648 618 575 519 139 83
internal_count=744 648 618 575 519 139 83
is_linear=0
shrinkage=0.05


Tree=44
num_leaves=8
num_cat=0
split_feature=8 12 8 10 10 13 15
split_gain=1.7048 1.10469 1.7886 1.46813 2.02317 2.16346 1.6835
threshold=0.18345855415729886 -0.049048436065559579 0.11766190554054069 -0.006703838533231087 -0.0035395277323598258 15.855000019073488 -0.00045292465236745899
decision_type=8 2 10 2 2 2 2
left_child=1 -1 3 -3 5 -5 -6
right_child=-2 2 -4 4 6 -7 -8
leaf_value=9.9960141785751608e-05 -0.00017316704531223699 -0.00013091182592045716 0.00017770900888382495 -8.5974318401783536e-05 3.6491368961918127e-05 0.00030984923080263716 -5.910764764691717e-05
leaf_weight=34 39 81 57 25 184 40 275
leaf_count=34 39 81 57 25 184 40 275
internal_value=-0.0020068 -0.00143678 -0.00188822 -0.00268595 -0.00171756 0.00653846 -0.00288671
internal_weight=735 696 662 605 524 65 459
internal_count=735 696 662 605 524 65 459
is_linear=0
shrinkage=0.05


Tree=45
num_leaves=8
num_cat=0
split_feature=12 14 13 13 4 6 10
split_gain=1.58871 1.32891 1.12433 1.68561 1.88087 1.71241 1.80064
threshold=0.076145654651098141 0.11068884178819839 12.765000343322756 13.59500026702881 0.030375147244875066 1.0000000180025095e-35 -0.00010103151992763014
decision_type=2 2 2 2 2 2 2
left_child=1 2 -1 4 -4 6 -5
right_child=-2 -3 3 5 -6 -7 -8
leaf_value=-3.5085916318754835e-05 -0.00010419544995359 -0.00016488259635114692 -4.5534304547588391e-06 2.5005259459911623e-05 0.00047239174255271133 9.7080122775500404e-05 -5.7448223023038821e-05
leaf_weight=38 33 50 31 141 38 202 210
leaf_count=38 33 50 31 141 38 202 210
internal_value=-0.0006393 -0.000140845 0.000454545 0.00096463 0.00833333 4.5208e-05 -0.00206553
internal_weight=743 710 660 622 69 553 351
internal_count=743 710 660 622 69 553 351
is_linear=0
shrinkage=0.05


Tree=46
num_leaves=8
num_cat=0
split_feature=6 3 12 3 1 9 15
split_gain=1.36872 2.05745 1.48578 1.49741 1.51728 1.32704 2.09921
threshold=1.0000000180025095e-35 0.0088865784740260762 0.050860094870715973 0.015268724935071478 -0.075052716222542601 0.086792027040283562 0.0037342132457133252
decision_type=2 2 2 2 2 10 2
left_child=1 -1 3 4 -2 6 -6
right_child=2 -3 -4 -5 5 -7 -8
leaf_value=-5.2384267943627198e-05 -3.5564996824474608e-05 3.5889501558829687e-05 -4.3072414563862138e-05 -0.00013292419519247414 0.00033108181166291532 -2.2157533497885272e-06 2.5735243588845617e-05
leaf_weight=384 36 61 45 25 90 56 50
leaf_count=384 36 61 45 25 90 56 50
internal_value=-0.00143909 -0.00320225 0.00115894 0.00262646 0.00387931 0.00561224 0.00821429
internal_weight=747 445 302 257 232 196 140
internal_count=747 445 302 257 232 196 140
is_linear=0
shrinkage=0.05


Tree=47
num_leaves=8
num_cat=0
split_feature=16 16 0 6 6 7 5
split_gain=1.62388 2.27393 2.26174 1.75074 2.19298 1.40409 1.36351
threshold=0.0011679798054425874 0.0039787801514077356 -0.035726988843700395 -0.14669572615118812 -0.74376004124159778 -0.0018209035893503864 0.017931805368681459
decision_type=2 2 2 2 2 2 2
left_child=2 -2 -1 4 5 -3 -6
right_child=1 3 -4 -5 6 -7 -8
leaf_value=0.00036472088946710968 0.00010417193333521913 9.8392422182723611e-05 -3.8212230403700167e-05 8.405883841609286e-05 -0.00013956236718891627 -3.5142622350524485e-05 -5.2633345215507333e-05
leaf_weight=28 33 36 309 174 29 40 85
leaf_count=28 33 36 309 174 29 40 85
internal_value=-0.000340599 0.0018262 -0.00289318 0.000686813 -0.00263158 0.00394737 -0.00701754
internal_weight=734 397 337 364 190 76 114
internal_count=734 397 337 364 190 76 114
is_linear=0
shrinkage=0.05


Tree=48
num_leaves=8
num_cat=0
split_feature=12 16 2 0 11 12 12
split_gain=1.63814 1.33231 1.93682 1.60312 1.80869 2.47011 1.36579
threshold=0.076145654651098141 0.0011679798054425874 -0.15048950105179357 -0.031711734997897305 -0.013624975324509013 0.01698171514572289 0.023117382956200586
decision_type=2 2 2 2 2 2 2
left_child=1 2 -1 -4 -5 -6 -3
right_child=-2 6 3 4 5 -7 -8
leaf_value=-0.00019825584714968768 -9.4191175105037383e-05 8.8000567974607516e-05 0.00034480778613779888 0.00013873801235312206 -0.0001479153932347474 1.1924673150396498e-08 -5.5555519979565586e-06
leaf_weight=29 33 199 25 61 83 124 180
leaf_count=29 33 199 25 61 83 124 180
internal_value=-0.000476839 3.56633e-05 -0.00232919 -0.00110922 -0.00223881 -0.0044686 0.00204485
internal_weight=734 701 322 293 268 207 379
internal_count=734 701 322 293 268 207 379
is_linear=0
shrinkage=0.05


Tree=49
num_leaves=8
num_cat=0
split_feature=14 11 2 6 5 2 0
split_gain=1.29154 2.16486 1.42857 1.36247 1.50839 2.47086 1.86528
threshold=0.11068884178819839 -0.016546519308648141 -0.060072460588200087 -1.2485096109991327 0.017379268007399872 0.12620316646938104 -0.0049105993867177835
decision_type=2 2 2 2 2 2 2
left_child=1 2 -1 -3 -5 -6 -7
right_child=-2 3 -4 4 5 6 -8
leaf_value=0.00030878867864588011 -0.00012924447667486805 7.4367269475286691e-05 2.9424251095655151e-05 -5.7996092335232279e-05 1.1759712080721416e-05 -0.00023833546809149447 -1.2095693237494827e-05
leaf_weight=35 47 40 35 164 328 26 57
leaf_count=35 47 40 35 164 328 26 57
internal_value=-0.00102459 -0.000474453 0.00785714 -0.00142276 -0.00204348 -0.000425791 -0.00813253
internal_weight=732 685 70 615 575 411 83
internal_count=732 685 70 615 575 411 83
is_linear=0
shrinkage=0.05


Tree=50
num_leaves=8
num_cat=0
split_feature=13 10 2 11 11 5 15
split_gain=1.15192 1.55963 1.42359 1.5655 1.37485 1.49989 1.49496
threshold=24.119999885559086 0.012727043065882683 -0.14509853287118726 -0.0018747861561404509 0.031328768079461174 0.020073246017533058 -0.0081016909369232542
decision_type=2 2 2 2 2 2 2
left_child=1 2 3 -1 5 -4 -7
right_child=-2 -3 4 -5 -6 6 -8
leaf_value=-0.00037274313673498676 0.00013449469103148001 -0.00011074919471116708 -2.1170684988829851e-05 -9.8150530718453537e-07 -7.5602640110361823e-05 0.00037295831237735174 1.6716402046780024e-05
leaf_weight=27 50 35 345 29 29 36 184
leaf_count=27 50 35 345 29 29 36 184
internal_value=-0.00132653 -0.00186131 -0.00130769 -0.00892857 -0.000589226 -4.42478e-05 0.00318182
internal_weight=735 685 650 56 594 565 220
internal_count=735 685 650 56 594 565 220
is_linear=0
shrinkage=0.05


Tree=51
num_leaves=8
num_cat=0
split_feature=4 14 7 2 9 12 7
split_gain=1.05691 1.26447 1.38779 2.7353 2.04861 1.86114 1.79497
threshold=0.046660430002743211 0.11068884178819839 -0.003084931611162189 -0.085802297321802265 -0.089002365261167213 -0.0066426412641200075 0.0038942688627318094
decision_type=2 2 2 2 8 2 2
left_child=1 2 3 4 -1 -5 -4
right_child=-2 -3 6 5 -6 -7 -8
leaf_value=0.00013655668814658651 0.00019125559497780079 -0.00012025309957806792 -6.4160324980286451e-05 0.00020340078349859441 -9.8759351375658178e-05 4.3814221646697535e-05 -1.1200727404181606e-05
leaf_weight=54 57 48 42 33 105 137 277
leaf_count=54 57 48 42 33 105 137 277
internal_value=3.32005e-05 -0.000502874 7.71605e-05 0.00235562 -0.00235849 0.00676471 -0.00227273
internal_weight=753 696 648 329 159 170 319
internal_count=753 696 648 329 159 170 319
is_linear=0
shrinkage=0.05


Tree=52
num_leaves=8
num_cat=0
split_feature=5 10 16 6 14 2 13
split_gain=1.22668 1.35342 1.42501 1.39073 1.38424 1.33135 1.31002
threshold=0.015302133354755647 0.0058855718957657741 0.030331991985373178 -0.67069304849165212 -0.044623986751606441 -0.15048950105179357 17.914999961853031
decision_type=2 2 2 2 2 2 2
left_child=-1 2 4 -3 -2 -6 -5
right_child=1 3 -4 6 5 -7 -8
leaf_value=-5.1953129024394063e-05 0.00043644501945487319 3.8384174399418854e-05 0.00016842615997704065 -2.5314085731977139e-05 -0.00011312015254874835 1.2815001578200554e-05 -0.00039454971667980714
leaf_weight=120 32 45 47 77 30 366 34
leaf_count=120 32 45 47 77 30 366 34
internal_value=-0.000366178 0.000515055 0.00184211 -0.00352564 0.000934579 0.000126263 -0.00653153
internal_weight=751 631 475 156 428 396 111
internal_count=751 631 475 156 428 396 111
is_linear=0
shrinkage=0.05


Tree=53
num_leaves=8
num_cat=0
split_feature=7 6 6 2 3 15 14
split_gain=1.53402 1.50526 1.65507 1.51135 1.93062 1.85134 2.13088
threshold=0.11585066671291867 1.0000000180025095e-35 0.15378866889428019 0.039509274211508523 -1.0000000180025095e-35 0.00049422266216558885 -0.01759756320211869
decision_type=2 2 2 2 2 2 2
left_child=1 -1 -3 5 -5 6 -4
right_child=-2 2 3 4 -6 -7 -8
leaf_value=-9.8105307932799305e-06 -0.00016483768997256631 0.00012289659311356932 0.00031973691536091249 -6.191204548291912e-05 0.0005133060926490765 -0.00013491704700311003 -1.618917632627958e-05
leaf_weight=434 27 37 30 26 34 85 63
leaf_count=434 27 37 30 26 34 85 63
internal_value=-0.000339674 0.000105783 0.003 0.00147059 0.00833333 -0.000842697 0.00403226
internal_weight=736 709 275 238 60 178 93
internal_count=736 709 275 238 60 178 93
is_linear=0
shrinkage=0.05


Tree=54
num_leaves=8
num_cat=0
split_feature=12 10 3 5 5 6 16
split_gain=1.29546 3.25778 1.22946 1.75144 1.36575 1.18895 1.0422
threshold=0.057354881634701156 0.0011106724976560625 0.0086980146080818405 0.018319849790714049 0.020413979079436314 1.5815761283621865 -0.005403390198971846
decision_type=2 2 2 2 2 2 2
left_child=2 -2 5 -4 -5 6 -1
right_child=1 -3 3 4 -6 -7 -8
leaf_value=-4.4059776044043778e-05 9.2242182952225827e-05 -7.9153460366413047e-05 0.00026033567006268242 -0.00017478352693996751 0.00010059466071431255 0.00031288460114669371 -5.0776870591153632e-07
leaf_weight=194 25 43 30 27 56 44 322
leaf_count=194 25 43 30 27 56 44 322
internal_value=-0.000775978 -0.00735294 -0.000111441 0.00464602 0.000903614 -0.00107143 -0.00174419
internal_weight=741 68 673 113 83 560 516
internal_count=741 68 673 113 83 560 516
is_linear=0
shrinkage=0.05


Tree=55
num_leaves=8
num_cat=0
split_feature=12 1 16 12 9 4 1
split_gain=1.47015 1.66135 1.69911 1.72701 1.49678 2.01511 1.57956
threshold=-0.049048436065559579 0.027648127872493492 0.025239315556180423 -0.033690141837628411 -0.2711527568653978 0.039513306645511767 0.058045880821639979
decision_type=2 2 2 2 10 2 2
left_child=-1 2 3 -2 -3 6 -6
right_child=1 4 -4 -5 5 -7 -8
leaf_value=0.00018357261652399791 -0.00019917902112011112 -5.5565327291684098e-05 -0.0001072264032943136 -1.4896718145322948e-05 0.00017398701228702482 0.00024408138135502568 -6.4853843289813641e-05
leaf_weight=39 28 38 44 453 69 29 58
leaf_count=39 28 38 44 453 69 29 58
internal_value=-0.00112137 -0.00163421 -0.00309524 -0.00223493 0.00231959 0.00448718 0.00177165
internal_weight=758 719 525 481 194 156 127
internal_count=758 719 525 481 194 156 127
is_linear=0
shrinkage=0.05


Tree=56
num_leaves=8
num_cat=0
split_feature=14 8 2 7 11 14 0
split_gain=1.48279 1.72093 1.84887 1.67292 1.74887 1.89053 1.58253
threshold=0.11068884178819839 -0.10340203257205409 -0.083225272012154836 -0.003084931611162189 0.0057915448439024306 -0.016820561404990383 0.013830282998680389
decision_type=2 10 2 2 2 2 2
left_child=1 6 -3 4 -4 -6 -1
right_child=-2 2 3 -5 5 -7 -8
leaf_value=0.00018689841052917881 -0.00013994029544421618 -0.0001039269437545659 0.00013652192434717778 -1.2630200576557987e-05 5.7172932761380979e-05 -9.7345194666653183e-05 -4.0989249747716652e-05
leaf_weight=120 48 82 62 326 32 37 35
leaf_count=120 48 82 62 326 32 37 35
internal_value=-0.000876011 -0.000288184 -0.00162338 -0.000382932 0.00438931 -0.00108696 0.00435484
internal_weight=742 694 539 457 131 69 155
internal_count=742 694 539 457 131 69 155
is_linear=0
shrinkage=0.05


Tree=57
num_leaves=8
num_cat=0
split_feature=3 11 9 5 6 10 9
split_gain=1.66831 2.47447 1.28684 1.63959 1.16071 2.06575 1.83292
threshold=-0.0041662286911646187 0.017027234780288007 0.032680673741793183 0.025246716977640662 0.75369862173314728 -0.003359521019770106 0.017388716653573225
decision_type=2 2 10 2 2 2 8
left_child=1 2 3 -1 5 -2 -7
right_child=4 -3 -4 -5 -6 6 -8
leaf_value=-0.0002264659671645511 0.00012635601849915546 0.00015771238975000523 1.1477724806763149e-05 6.802969783087192e-06 0.00016384273150357238 2.7242801232331026e-05 -3.6433947908203477e-05
leaf_weight=96 86 34 37 27 95 148 210
leaf_count=96 86 34 37 27 95 148 210
internal_value=-0.000920873 -0.00489691 -0.0075 -0.00995935 0.000510204 -0.000563063 -0.00223464
internal_weight=733 194 160 123 539 444 358
internal_count=733 194 160 123 539 444 358
is_linear=0
shrinkage=0.05


Tree=58
num_leaves=8
num_cat=0
split_feature=5 9 6 4 11 1 0
split_gain=1.24317 1.23735 1.71838 1.348 1.0629 1.76753 1.30003
threshold=0.015520220125133174 0.028505418189593072 0.28130540072230742 0.023810816524613712 -0.029337474403061222 -0.094845008948065232 -0.034068419749248839
decision_type=2 8 2 2 2 2 2
left_child=1 -1 3 -3 -2 -6 -7
right_child=4 2 -4 -5 5 6 -8
leaf_value=3.0765534968777896e-05 0.0002236005546621684 -1.2252044286936801e-05 8.9075616362579133e-06 -0.00018767646946689473 -0.00031391745233642562 0.00030238504879302725 -5.6871877583578733e-06
leaf_weight=28 26 39 25 35 26 30 541
leaf_count=28 26 39 25 35 26 30 541
internal_value=-0.0012 -0.00570866 -0.00833333 -0.0121622 -0.000280899 -0.000711893 -0.000131349
internal_weight=750 127 99 74 623 597 571
internal_count=750 127 99 74 623 597 571
is_linear=0
shrinkage=0.05


Tree=59
num_leaves=8
num_cat=0
split_feature=14 16 6 5 10 6 10
split_gain=1.36545 1.52982 2.08428 1.5124 1.68933 1.54974 1.74689
threshold=0.11068884178819839 -0.016971992011664491 -0.5318179316035071 0.013798495919632009 0.0058855718957657741 -0.34155024982694759 0.0023793811070187414
decision_type=2 2 2 2 2 2 2
left_child=1 2 -1 -3 5 -5 -7
right_child=-2 3 -4 4 -6 6 -8
leaf_value=0.00024713042634062407 -0.00012107354838325775 -6.1435461599167835e-05 4.0290787260860461e-06 -1.3456323900906111e-05 -4.0000706525388477e-05 1.4628285343992136e-05 0.00011660641629724772
leaf_weight=36 51 33 92 174 151 147 57
leaf_count=36 51 33 92 174 151 147 57
internal_value=-0.000438596 0.000144928 0.00507813 -0.000978648 -0.000330813 0.00145503 0.00441176
internal_weight=741 690 128 562 529 378 204
internal_count=741 690 128 562 529 378 204
is_linear=0
shrinkage=0.05


Tree=60
num_leaves=8
num_cat=0
split_feature=1 1 0 6 0 11 3
split_gain=1.14744 1.1932 1.42662 1.30601 1.34343 1.2913 1.28075
threshold=-0.10899001319013289 -0.046789282854284291 -0.0050970146670525898 0.75369862173314728 -0.0021536460816531928 0.00036209902272010824 -0.0046069821470079977
decision_type=2 2 2 2 2 2 2
left_child=-1 5 -3 4 -4 -2 -6
right_child=1 2 3 -5 6 -7 -8
leaf_value=-0.00021621412648981567 -5.0101443612780936e-06 -6.3235785743302915e-05 0.00020825956800273526 0.000137517231116211 -0.00011197210577026133 0.00015877634407696629 -2.9737830463987678e-06
leaf_weight=25 66 180 34 69 40 49 283
leaf_count=25 66 180 34 69 40 49 283
internal_value=-0.000469169 -0.000104022 -0.000990099 0.000586854 -0.000630252 0.00456522 -0.00162539
internal_weight=746 721 606 426 357 115 323
internal_count=746 721 606 426 357 115 323
is_linear=0
shrinkage=0.05


Tree=61
num_leaves=8
num_cat=0
split_feature=12 14 11 10 8 7 9
split_gain=1.44753 1.40486 1.50028 1.55848 1.26174 1.66798 2.03347
threshold=0.076145654651098141 0.11068884178819839 -0.016546519308648141 0.0004408774644957259 -0.13166167372245099 -0.048649992503836441 -0.01631740972100992
decision_type=2 2 2 2 8 2 10
left_child=1 2 3 -1 -4 6 -6
right_child=-2 -3 4 -5 5 -7 -8
leaf_value=0.00023728189643969048 -7.7005435000599925e-05 -0.00012215421995459436 0.00018362680682880935 -8.4980415382946101e-05 -1.4988439695255187e-05 1.4651820324619072e-06 -0.00013038701926804848
leaf_weight=43 32 48 53 28 88 435 25
leaf_count=43 32 48 53 28 88 435 25
internal_value=-0.000531915 -6.94444e-05 0.000520833 0.00739437 -0.000291181 -0.00100365 -0.00641593
internal_weight=752 720 672 71 601 548 113
internal_count=752 720 672 71 601 548 113
is_linear=0
shrinkage=0.05


Tree=62
num_leaves=8
num_cat=0
split_feature=3 5 6 6 0 8 0
split_gain=1.26436 2.09069 1.83846 2.2755 1.93608 2.37404 1.80582
threshold=-0.0041662286911646187 0.024211254155141526 -0.63440721967222979 -0.064259762362946546 0.016104314347704655 0.027802781666270152 -0.014740597708776336
decision_type=2 2 2 2 2 10 2
left_child=1 -1 4 -4 5 -2 -5
right_child=2 -3 3 6 -6 -7 -8
leaf_value=-9.2133568777530439e-05 6.8561767691176006e-05 0.00028023844341415336 -4.9658609648100426e-05 0.00026143308193352262 -4.8708023962134315e-05 -5.6114095217586845e-05 -1.790616385666309e-06
leaf_weight=157 90 39 178 35 26 37 178
leaf_count=157 90 39 178 35 26 37 178
internal_value=-0.00114865 -0.00459184 9.19118e-05 -0.00172634 0.00473856 0.00728346 0.00176056
internal_weight=740 196 544 391 153 127 213
internal_count=740 196 544 391 153 127 213
is_linear=0
shrinkage=0.05


Tree=63
num_leaves=8
num_cat=0
split_feature=5 10 14 4 13 5 15
split_gain=1.35936 1.98219 1.14906 1.26925 1.14485 1.33318 1.74365
threshold=0.015520220125133174 0.0027133093769406984 -0.00064785032559577782 0.023739363896836393 23.529999732971195 0.02266399786970234 -0.0079846813333130911
decision_type=2 2 2 2 2 2 2
left_child=1 2 -1 -4 5 -2 -7
right_child=4 -3 3 -5 -6 6 -8
leaf_value=-0.00010063420262069941 5.4141449806026365e-06 7.6403851024308604e-06 5.1588956293811135e-05 -0.00014974102244347511 0.00026286353245062662 0.00030733324432482715 -5.5030938119684637e-05
leaf_weight=32 423 42 25 28 42 30 126
leaf_count=32 423 42 25 28 42 30 126
internal_value=-0.000601604 -0.00531496 -0.00970588 -0.00518868 0.000362319 -0.000215889 -0.00416667
internal_weight=748 127 85 53 621 579 156
internal_count=748 127 85 53 621 579 156
is_linear=0
shrinkage=0.05


Tree=64
num_leaves=8
num_cat=0
split_feature=14 11 9 11 0 11 8
split_gain=1.43485 1.61965 1.18286 1.05571 1.64433 1.53425 1.55383
threshold=0.097330549043375028 -0.017775510039936489 -0.24046176171941694 0.00023769852102906167 0.011964769929026177 0.0069117178035681412 -0.10340203257205409
decision_type=2 2 10 2 2 2 8
left_child=1 2 -1 4 -3 -5 -7
right_child=-2 3 -4 5 -6 6 -8
leaf_value=4.8242462196903136e-06 -0.0001044364126218853 -9.6826327508703423e-05 9.5139761281174816e-05 7.4755933604184072e-05 8.7257446152024919e-05 0.00025111297474283078 -2.6499606738368716e-05
leaf_weight=36 63 132 26 113 37 51 281
leaf_count=36 63 132 26 113 37 51 281
internal_value=-0.00111637 -0.000443787 0.00725806 -0.0012215 -0.0045858 5.61798e-05 -0.00165663
internal_weight=739 676 62 614 169 445 332
internal_count=739 676 62 614 169 445 332
is_linear=0
shrinkage=0.05


Tree=65
num_leaves=8
num_cat=0
split_feature=11 14 0 13 10 12 7
split_gain=1.34996 1.68371 2.05561 1.74569 2.25685 1.24497 1.24188
threshold=-0.021243807178240256 0.031250907350716124 -0.01425036136044072 16.510000228881839 -0.006661625329946185 0.060339682487529529 -0.089906718701214514
decision_type=2 2 2 2 2 2 2
left_child=-1 5 -3 -4 -5 6 -2
right_child=1 2 3 4 -6 -7 -8
leaf_value=8.928646618380472e-05 -7.2876099688293236e-05 5.7242390780893035e-05 -0.00035804090041533057 -0.00026806225315754919 7.1018136923974888e-05 -6.4161743271993755e-05 5.6253370610781683e-06
leaf_weight=76 34 55 40 27 31 45 431
leaf_count=76 34 55 40 27 31 45 431
internal_value=-0.00104871 -0.00177225 -0.00637255 -0.0107143 -0.00517241 -0.000392157 0.000376344
internal_weight=739 663 153 98 58 510 465
internal_count=739 663 153 98 58 510 465
is_linear=0
shrinkage=0.05


Tree=66
num_leaves=8
num_cat=0
split_feature=13 9 5 2 7 14 3
split_gain=1.11294 1.48033 1.25488 1.18581 1.63439 2.24138 1.6084
threshold=13.59500026702881 -0.018720237032519901 0.019878433609549832 -0.094543397312854313 -0.003084931611162189 0.097330549043375028 -0.0042800377473710674
decision_type=2 10 2 2 2 2 2
left_child=1 -1 -3 -2 5 6 -5
right_child=3 2 -4 4 -6 -7 -8
leaf_value=9.7027417615096209e-05 -8.1312546970024446e-05 -0.00019217030879511987 1.1464013318566221e-05 -2.8565103407566725e-05 -1.8475686814173376e-05 -0.00011829638081892234 6.746723007777615e-05
leaf_weight=65 155 29 28 39 274 29 121
leaf_count=65 155 29 28 39 274 29 121
internal_value=-0.000675676 0.00368852 -0.00219298 -0.00153722 -0.000269978 0.00330688 0.005625
internal_weight=740 122 57 618 463 189 160
internal_count=740 122 57 618 463 189 160
is_linear=0
shrinkage=0.05


Tree=67
num_leaves=8
num_cat=0
split_feature=3 3 9 5 4 9 11
split_gain=1.40068 1.35012 1.37927 1.78689 1.73515 1.53733 1.07791
threshold=-0.0041662286911646187 -0.0056034209294286699 -0.061921893441129798 0.024211254155141526 0.033104825128771616 -0.026553941103087505 -0.017775510039936489
decision_type=2 2 8 2 2 10 2
left_child=1 2 3 -1 5 -4 -2
right_child=6 -3 4 -5 -6 -7 -8
leaf_value=-0.00027709146990055389 6.1824962288265737e-05 -0.00013596368717059236 1.2711159274219264e-05 0.00027467022186379537 0.00018498204691216291 -0.00015359200153807238 1.1004020170322231e-06
leaf_weight=38 69 39 32 32 33 29 486
leaf_count=38 69 39 32 32 33 29 486
internal_value=-0.000263852 -0.00381773 -0.00182927 -0.00714286 0.00212766 -0.00286885 0.00103604
internal_weight=758 203 164 70 94 61 555
internal_count=758 203 164 70 94 61 555
is_linear=0
shrinkage=0.05


Tree=68
num_leaves=8
num_cat=0
split_feature=12 2 0 11 2 8 7
split_gain=1.10504 0.95391 1.99191 1.80683 1.2951 1.00893 1.60426
threshold=-0.051373899775069835 -0.077936306872188985 0.016830088631419774 0.0060643629866489199 -0.13405092308118019 -0.095742174777651054 -0.003084931611162189
decision_type=2 2 2 2 2 10 2
left_child=-1 2 3 -2 -5 -3 -7
right_child=1 5 -4 4 -6 6 -8
leaf_value=0.00012638514774142054 -8.0466129562153065e-05 -0.00011471586667066827 -0.00014156384031509123 0.00029861754114732383 -1.0398647825153769e-06 5.23725439695014e-05 -5.9026120040059275e-06
leaf_weight=31 104 53 31 26 45 126 327
leaf_count=31 104 53 31 26 45 126 327
internal_value=-0.000370121 -0.000772472 -0.00364078 -0.00157143 0.00457746 0.000395257 0.00115894
internal_weight=743 712 206 175 71 506 453
internal_count=743 712 206 175 71 506 453
is_linear=0
shrinkage=0.05


Tree=69
num_leaves=8
num_cat=0
split_feature=13 8 7 8 6 6 12
split_gain=1.4598 1.04673 2.24859 1.83278 2.37604 1.38074 1.66908
threshold=24.19999980926514 0.014438621459003322 0.017938815719382609 0.15064873364036871 1.0710431787190384 -1.0493886357802455 0.024849110031729963
decision_type=2 8 2 10 2 2 2
left_child=1 2 -1 4 5 -3 -7
right_child=-2 3 -4 -5 -6 6 -8
leaf_value=-5.5453590653497047e-06 6.9360259310384471e-05 0.000138197259821851 -9.5905390562989025e-05 -0.00022471570472946202 0.00028450579209580968 7.4289102283232183e-05 -0.00012813042659488695
leaf_weight=387 48 27 45 41 30 94 73
leaf_count=387 48 27 45 41 30 94 73
internal_value=-0.000100671 -0.000681492 -0.00219907 0.00179245 0.00357143 0.00154639 -0.000149701
internal_weight=745 697 432 265 224 194 167
internal_count=745 697 432 265 224 194 167
is_linear=0
shrinkage=0.05


Tree=70
num_leaves=8
num_cat=0
split_feature=13 5 16 9 5 14 5
split_gain=1.06792 1.21845 1.26954 1.18474 1.11195 1.67727 1.20774
threshold=24.119999885559086 0.013240209407011748 -0.0042153089495936538 -0.2740057742969732 0.022005302843923751 -0.047825209867674183 0.020552408362515623
decision_type=2 2 2 8 2 2 2
left_child=1 -1 4 -4 5 -3 -7
right_child=-2 2 3 -5 -6 6 -8
leaf_value=-5.8159657102423963e-05 6.7418474319136048e-05 0.00013618586110938715 -6.9666214065496063e-05 1.7392506482305242e-05 -3.9899860372986585e-05 -6.5462011284303208e-05 6.6922715531291411e-05
leaf_weight=30 51 37 29 386 53 130 25
leaf_count=30 51 37 29 386 53 130 25
internal_value=0.00037112 -0.000144928 0.00030303 0.00198795 -0.00255102 -0.00078125 -0.00306452
internal_weight=741 690 660 415 245 192 155
internal_count=741 690 660 415 245 192 155
is_linear=0
shrinkage=0.05


Tree=71
num_leaves=8
num_cat=0
split_feature=14 11 9 13 15 7 0
split_gain=1.51473 1.30435 1.42688 1.19043 1.73504 2.57172 1.4778
threshold=0.11068884178819839 -0.017775510039936489 -0.24046176171941694 17.795000076293949 -0.00035134527360203277 0.061972160043095255 -0.008099333077099034
decision_type=2 2 10 2 2 2 2
left_child=1 2 -1 4 -3 -6 -5
right_child=-2 3 -4 6 5 -7 -8
leaf_value=1.1243657618732924e-05 -0.00010864821214579814 4.1401669205353748e-05 8.3453429738139349e-05 -0.00028226433175803647 -3.894428210206708e-05 0.00022627523145395454 -5.4998352464722459e-06
leaf_weight=36 54 187 33 45 210 49 130
leaf_count=36 54 187 33 45 210 49 130
internal_value=-0.000268817 0.000362319 0.00688406 -0.000362319 0.00100897 -0.00164093 -0.00385714
internal_weight=744 690 69 621 446 259 175
internal_count=744 690 69 621 446 259 175
is_linear=0
shrinkage=0.05


Tree=72
num_leaves=8
num_cat=0
split_feature=16 16 10 4 14 2 7
split_gain=1.36082 2.0963 0.848579 1.08455 1.3023 1.24894 1.4322
threshold=0.039005304635764911 0.030331991985373178 0.012020737458552368 0.024458908924353068 0.00619378828642947 -0.15048950105179357 0.10050984557976751
decision_type=2 2 2 2 2 2 2
left_child=1 2 3 4 -1 -5 -7
right_child=-2 -3 -4 5 -6 6 -8
leaf_value=-4.0379076258085656e-05 -0.00023272021747229609 0.00013389919092737852 -5.8674593920215709e-05 -5.317555095905734e-05 6.1867933383009186e-06 1.7707888536268659e-05 -0.00021912411495222394
leaf_weight=49 26 45 45 54 44 459 31
leaf_count=49 26 45 45 54 44 459 31
internal_value=-0.000298805 0.000103164 -0.00058651 -0.000117739 -0.00510753 0.000735294 0.00153061
internal_weight=753 727 682 637 93 544 490
internal_count=753 727 682 637 93 544 490
is_linear=0
shrinkage=0.05


Tree=73
num_leaves=8
num_cat=0
split_feature=1 0 15 0 7 1 16
split_gain=1.32327 1.58201 1.22672 1.22391 1.6787 0.868568 2.25159
threshold=-0.094845008948065232 -0.03314890583158047 -0.014095972166390356 -0.015473768682667864 -0.048649992503836441 -0.014351396713130347 -0.00050093582498300638
decision_type=2 2 2 2 2 2 2
left_child=-1 -2 -3 4 -4 6 -5
right_child=1 2 3 5 -6 -7 -8
leaf_value=-0.00022902860798467255 0.00023284606973526247 -0.00010552711197724529 -0.00015471159275892485 -1.7732550725799808e-05 8.2091261778370272e-05 -1.2111899460063745e-05 6.5715150759308036e-05
leaf_weight=31 37 38 28 90 46 400 67
leaf_count=31 37 38 28 90 46 400 67
internal_value=-0.000373134 7.08215e-05 -0.0004858 3.96197e-05 0.00608108 -0.000763016 0.00238854
internal_weight=737 706 669 631 74 557 157
internal_count=737 706 669 631 74 557 157
is_linear=0
shrinkage=0.05


Tree=74
num_leaves=8
num_cat=0
split_feature=13 12 4 6 10 3 16
split_gain=1.18431 1.88133 1.64487 1.05008 1.51375 1.81552 1.73352
threshold=17.795000076293949 -0.049048436065559579 0.04368637613986525 0.010399252248792399 -0.00064230450767233094 0.0072569330487405334 -0.0011050526915458157
decision_type=2 2 2 2 2 2 2
left_child=3 -2 -3 4 6 -6 -1
right_child=1 2 -4 -5 5 -7 -8
leaf_value=-2.8531541057936954e-05 9.3240451677192686e-05 -2.6168181078518439e-05 -0.00027344646996441092 4.4387819522246404e-05 -6.92703625938967e-05 1.9552324766323191e-05 0.00020946691693582797
leaf_weight=38 37 206 28 186 148 54 59
leaf_count=38 37 206 28 186 148 54 59
internal_value=-0.000396825 -0.00304428 -0.00470085 0.00108247 -0.000752508 -0.00321782 0.00438144
internal_weight=756 271 234 485 299 202 97
internal_count=756 271 234 485 299 202 97
is_linear=0
shrinkage=0.05


Tree=75
num_leaves=8
num_cat=0
split_feature=4 4 6 13 7 6 12
split_gain=1.28593 1.71693 1.64949 1.54591 1.53295 1.52804 1.7042
threshold=0.046660430002743211 0.043179294079140999 -0.22547459881128587 20.659999847412113 0.045384471890704388 -0.45768099699304232 -0.016903988497052599
decision_type=2 2 2 2 2 2 2
left_child=1 2 4 -4 5 6 -1
right_child=-2 -3 3 -5 -6 -7 -8
leaf_value=0.00011832426934069618 0.0001250120293149662 -0.00020315393994055713 6.2843066237209226e-06 0.00017299540918738082 -9.2601460459981576e-05 -7.4544265926928816e-05 -1.8336489766132471e-06
leaf_weight=40 58 26 269 43 55 60 170
leaf_count=40 58 26 269 43 55 60 170
internal_value=-0.000242718 -0.00086727 -0.000353218 0.00224359 -0.00284615 -0.0012963 0.000714286
internal_weight=721 663 637 312 325 270 210
internal_count=721 663 637 312 325 270 210
is_linear=0
shrinkage=0.05


Tree=76
num_leaves=8
num_cat=0
split_feature=13 9 6 14 6 14 9
split_gain=1.00087 2.47124 1.2661 1.27658 2.47572 2.40278 1.51507
threshold=13.59500026702881 -0.018720237032519901 1.0000000180025095e-35 -0.0099321131423574776 -0.64569536807956285 -0.056925165822572281 0.043355222024059177
decision_type=2 8 2 2 2 2 10
left_child=1 -1 3 4 5 -2 -5
right_child=2 -3 -4 6 -6 -7 -8
leaf_value=0.00030477815649812822 9.9123402967115289e-05 -8.7771389924162779e-07 1.4080362512275922e-05 -1.4645260026838062e-05 -9.4376714032385755e-05 -6.5605474007721603e-05 9.4191538196337397e-05
leaf_weight=40 30 73 254 134 105 46 61
leaf_count=40 30 73 254 134 105 46 61
internal_value=-0.000572005 0.00376106 -0.00134921 -0.00319149 -0.00621547 0.000657895 -0.000384615
internal_weight=743 113 630 376 181 76 195
internal_count=743 113 630 376 181 76 195
is_linear=0
shrinkage=0.05


Tree=77
num_leaves=8
num_cat=0
split_feature=1 1 1 3 11 13 15
split_gain=1.40786 1.84222 1.73864 1.86906 1.58302 1.86654 1.6261
threshold=0.027648127872493492 -0.014351396713130347 -0.024728783837332288 0.0081481019831812791 -0.012158378577427352 13.744999885559084 0.0043074897966833845
decision_type=2 2 2 2 2 2 2
left_child=1 2 3 4 -1 -6 -7
right_child=-2 -3 -4 -5 5 6 -8
leaf_value=0.00020660980347453548 2.7283588176147018e-05 -2.7889384783198573e-05 8.1581870459954662e-05 0.00032527900690085135 8.6008451228721414e-05 -0.00025106774087613133 1.899460124705644e-05
leaf_weight=56 198 271 48 26 27 84 37
leaf_count=56 198 271 48 26 27 84 37
internal_value=-0.00083668 -0.00214026 0.000719424 -0.00108696 -0.00269608 -0.00540541 -0.00805785
internal_weight=747 549 278 230 204 148 121
internal_count=747 549 278 230 204 148 121
is_linear=0
shrinkage=0.05


Tree=78
num_leaves=8
num_cat=0
split_feature=5 14 1 6 16 0 16
split_gain=1.56019 1.34536 1.10974 1.56236 1.54052 1.47874 1.41662
threshold=0.014687878385096725 0.0037598780805861991 -0.094845008948065232 -0.19528254834838024 -0.0078171737670206781 0.0039877559490426604 0.0094526457228220079
decision_type=2 2 2 2 2 2 2
left_child=1 -1 -2 -4 5 -5 -6
right_child=2 -3 3 4 6 -7 -8
leaf_value=-2.8086221885813408e-05 -0.00012855607024107318 1.6758402162531973e-06 -5.1649069191946411e-06 5.9758281978104963e-06 0.00012369604064853658 -0.00019795349224665189 2.2161629123713686e-05
leaf_weight=47 33 35 333 52 77 29 138
leaf_count=47 33 35 333 52 77 29 138
internal_value=-0.000201613 -0.00670732 0.00060423 0.00107313 0.00371622 -0.00216049 0.00593023
internal_weight=744 82 662 629 296 81 215
internal_count=744 82 662 629 296 81 215
is_linear=0
shrinkage=0.05


end of trees

feature_importances:
parkinson_20=68
dvol_z_20=49
spy_ret_5d=47
sector_ret_1d=34
overnight_gap=33
ret_20d=32
spy_ret_1d=31
ret_5d=30
atr_pct=30
vix_chg_1d=30
spy_ret_20d=28
ret_1d=26
vix_level=26
sector_ret_5d=26
dist_ma20=23
dist_ma200=21
dist_ma50=19

parameters:
[boosting: gbdt]
[objective: quantile]
[metric: quantile]
[tree_learner: serial]
[device_type: cpu]
[data_sample_strategy: bagging]
[data: ]
[valid: ]
[num_iterations: 80]
[learning_rate: 0.05]
[num_leaves: 8]
[num_threads: 1]
[seed: 0]
[deterministic: 0]
[force_col_wise: 1]
[force_row_wise: 0]
[histogram_pool_size: -1]
[max_depth: -1]
[min_data_in_leaf: 25]
[min_sum_hessian_in_leaf: 0.001]
[bagging_fraction: 0.9]
[pos_bagging_fraction: 1]
[neg_bagging_fraction: 1]
[bagging_freq: 1]
[bagging_seed: 3]
[bagging_by_query: 0]
[feature_fraction: 0.9]
[feature_fraction_bynode: 1]
[feature_fraction_seed: 2]
[extra_trees: 0]
[extra_seed: 6]
[early_stopping_round: 0]
[early_stopping_min_delta: 0]
[first_metric_only: 0]
[max_delta_step: 0]
[lambda_l1: 0]
[lambda_l2: 0]
[linear_lambda: 0]
[min_gain_to_split: 0]
[drop_rate: 0.1]
[max_drop: 50]
[skip_drop: 0.5]
[xgboost_dart_mode: 0]
[uniform_drop: 0]
[drop_seed: 4]
[top_rate: 0.2]
[other_rate: 0.1]
[min_data_per_group: 100]
[max_cat_threshold: 32]
[cat_l2: 10]
[cat_smooth: 10]
[max_cat_to_onehot: 4]
[top_k: 20]
[monotone_constraints: ]
[monotone_constraints_method: basic]
[monotone_penalty: 0]
[feature_contri: ]
[forcedsplits_filename: ]
[refit_decay_rate: 0.9]
[cegb_tradeoff: 1]
[cegb_penalty_split: 0]
[cegb_penalty_feature_lazy: ]
[cegb_penalty_feature_coupled: ]
[path_smooth: 0]
[interaction_constraints: ]
[verbosity: -1]
[saved_feature_importance_type: 0]
[use_quantized_grad: 0]
[num_grad_quant_bins: 4]
[quant_train_renew_leaf: 0]
[stochastic_rounding: 1]
[linear_tree: 0]
[max_bin: 255]
[max_bin_by_feature: ]
[min_data_in_bin: 3]
[bin_construct_sample_cnt: 200000]
[data_random_seed: 1]
[is_enable_sparse: 1]
[enable_bundle: 1]
[use_missing: 1]
[zero_as_missing: 0]
[feature_pre_filter: 1]
[pre_partition: 0]
[two_round: 0]
[header: 0]
[label_column: ]
[weight_column: ]
[group_column: ]
[ignore_column: ]
[categorical_feature: ]
[forcedbins_filename: ]
[precise_float_parser: 0]
[parser_config_file: ]
[objective_seed: 5]
[num_class: 1]
[is_unbalance: 0]
[scale_pos_weight: 1]
[sigmoid: 1]
[boost_from_average: 1]
[reg_sqrt: 0]
[alpha: 0.5]
[fair_c: 1]
[poisson_max_delta_step: 0.7]
[tweedie_variance_power: 1.5]
[lambdarank_truncation_level: 30]
[lambdarank_norm: 1]
[label_gain: ]
[lambdarank_position_bias_regularization: 0]
[eval_at: ]
[multi_error_top_k: 1]
[auc_mu_weights: ]
[num_machines: 1]
[local_listen_port: 12400]
[time_out: 120]
[machine_list_filename: ]
[machines: ]
[gpu_platform_id: -1]
[gpu_device_id: -1]
[gpu_device_id_list: ]
[gpu_use_dp: 0]
[num_gpu: 1]

end of parameters

pandas_categorical:[]
