tree
version=v4
num_class=1
num_tree_per_iteration=1
label_index=0
max_feature_idx=16
objective=quantile
feature_names=ret_1d ret_5d ret_20d overnight_gap atr_pct parkinson_20 dvol_z_20 dist_ma20 dist_ma50 dist_ma200 spy_ret_1d spy_ret_5d spy_ret_20d vix_level vix_chg_1d sector_ret_1d sector_ret_5d
feature_infos=[-0.29879720244424268:0.29249905872742832] [-0.25661214209004446:0.37610782406881338] [-0.3779388184325162:0.59619596153197874] [-0.20004102520036027:0.24387482645680136] [0.027976407433322525:0.12285122871287434] [0.01751010916444546:0.061255448775437732] [-2.9483600912428245:4.2889934290427112] [-0.26951924206969735:0.3175690769302788] [-0.38115356969659275:0.48323208839974918] [-0.41432695832287181:0.91197822818144303] [-0.058542971330535654:0.10501930183911301] [-0.11496151859245618:0.082843162776128354] [-0.1226559005192206:0.15756591020035837] [11.859999656677246:52.330001831054688] [-0.35753873962348437:0.74039073966007019] [-0.062852571542473257:0.088816390052506744] [-0.11675896877857916:0.085294626879873769]
tree_sizes=816 849 855 855 849 850 847 860 856 864 852 856 858 857 861 858

Tree=0
num_leaves=8
num_cat=0
split_feature=12 6 6 1 9 4 8
split_gain=3.02805 2.26847 0.967536 1.20212 0.833358 0.738368 0.699957
threshold=-0.05793872793170584 2.6016328890540712 0.11400839963866233 -0.049246967783611421 0.39648520062887965 0.04153450950843212 0.072993324748471991
decision_type=2 2 2 2 10 2 8
left_child=-1 2 -2 -4 5 -5 -7
right_child=1 -3 3 4 -6 6 -8
leaf_value=0.061981473213912251 0.059564606158492218 0.061874500153853429 0.060862908060904178 0.059340720800866366 0.059351364095867963 0.05967121585212376 0.060838607155316013
leaf_weight=25 446 27 49 37 81 34 47
leaf_count=25 446 27 49 37 81 34 47
internal_value=0.0599274 0.0593342 0.058781 0.0612846 0.0595572 0.062238 0.0649112
internal_weight=746 721 694 248 199 118 81
internal_count=746 721 694 248 199 118 81
is_linear=0
shrinkage=1


Tree=1
num_leaves=8
num_cat=0
split_feature=12 3 9 7 9 13 0
split_gain=4.03008 1.43833 1.19545 1.0566 0.976932 1.60556 0.651905
threshold=-0.052281358654850445 0.028710076642468944 0.3776598456677977 0.016734640114031477 0.21971183641943162 18.94999980926514 -0.0066899164755777609
decision_type=2 2 8 2 10 2 2
left_child=-1 3 -3 4 -2 6 -6
right_child=1 2 -4 -5 5 -7 -8
leaf_value=0.0028117672280911598 -0.00024178835664249274 -0.00014550220563666334 0.0014082512876503308 -0.00044443651548608973 0.00082154988569417488 0.00077763753379245053 -0.00061235262628354633
leaf_weight=27 122 26 33 435 25 30 35
leaf_count=27 122 26 33 435 25 30 35
internal_value=0.000115961 -0.000609066 0.00686441 -0.00129057 0.00160377 0.00555555 0.000833332
internal_weight=733 706 59 647 212 90 60
internal_count=733 706 59 647 212 90 60
is_linear=0
shrinkage=0.05


Tree=2
num_leaves=8
num_cat=0
split_feature=13 6 11 14 8 2 14
split_gain=2.45696 1.78597 2.12884 0.601122 0.410439 0.406027 0.561317
threshold=26.284999847412113 0.91203134227991522 -0.0015248448169167259 0.017796206966189224 0.20181316046613965 0.12659246029314777 1.0000000180025095e-35
decision_type=2 2 2 2 8 2 2
left_child=1 4 -3 -4 5 -1 -7
right_child=-2 2 3 -5 -6 6 -8
leaf_value=-0.00022395261223852542 0.0024248761263294043 0.0015201743149943362 -0.00020755825020824615 0.0011411180908912015 -0.00078036320761302417 -0.00092172186887813613 0.00091787275195095552
leaf_weight=313 29 39 61 26 190 47 40
leaf_count=313 29 39 61 26 190 47 40
internal_value=-0.000302015 -0.000879889 0.00452381 0.000172413 -0.0020339 -0.001125 0.00189655
internal_weight=745 716 126 87 590 400 87
internal_count=745 716 126 87 590 400 87
is_linear=0
shrinkage=0.05


Tree=3
num_leaves=8
num_cat=0
split_feature=13 6 13 10 8 2 16
split_gain=2.34704 1.88905 1.64986 0.778107 0.430984 0.719589 0.393575
threshold=25.505000114440922 1.0305642146162264 18.719999313354496 0.0019017631763441625 0.25182240664383576 0.27749168482922842 0.0045931003912819133
decision_type=2 2 2 2 8 2 2
left_child=1 4 3 -3 5 6 -1
right_child=-2 2 -4 -5 -6 -7 -8
leaf_value=-1.3926495086303868e-05 0.0018872944609742799 0.00082334465624722567 0.0018019495875393244 -0.00059093636056636574 -0.00078588613716871342 0.0010233685177565431 -0.00056481909514385573
leaf_weight=235 34 43 26 45 122 25 207
leaf_count=235 34 43 26 45 122 25 207
internal_value=-0.000183176 -0.0008037 0.00508772 0.00181818 -0.00194397 -0.00125268 -0.00171946
internal_weight=737 703 114 88 589 467 442
internal_count=737 703 114 88 589 467 442
is_linear=0
shrinkage=0.05


Tree=4
num_leaves=8
num_cat=0
split_feature=6 13 8 8 4 8 6
split_gain=2.24248 1.64987 1.58698 0.830769 0.615293 0.541732 0.526658
threshold=1.0987575271709349 25.319999694824222 0.16490210149858334 0.10048457472390472 0.04153450950843212 0.25182240664383576 0.11400839963866233
decision_type=2 2 10 8 2 8 2
left_child=1 4 3 -2 -1 6 -6
right_child=2 -3 -4 -5 5 -7 -8
leaf_value=-0.00073351820118338707 0.00054422500991714454 0.0016462463365546289 -0.00014088812792234265 0.0036520581278006651 -0.00026442279623240965 -0.00071712542669108675 0.00028859279540628885
leaf_weight=141 39 25 48 26 288 79 97
leaf_count=141 39 25 48 26 288 79 97
internal_value=-0.000423958 -0.0015873 0.00606195 0.0111538 -0.00210744 -0.00122845 -0.000454547
internal_weight=743 630 113 65 605 464 385
internal_count=743 630 113 65 605 464 385
is_linear=0
shrinkage=0.05


Tree=5
num_leaves=8
num_cat=0
split_feature=11 6 9 6 7 9 4
split_gain=2.44057 0.976564 0.817083 0.669653 0.74784 0.388762 0.351652
threshold=-0.015548352361618832 0.61452273518002609 0.51570894712556381 1.0987575271709349 0.055242338346471194 0.02353169269531941 0.062339450687318852
decision_type=2 2 8 2 2 8 2
left_child=1 2 -1 5 -5 -2 -7
right_child=3 -3 -4 4 -6 6 -8
leaf_value=0.00034612484730948533 0.00076366899818373966 0.0036206973040359943 -0.00036678615527757104 0.00059853503473503026 -9.6641548456263449e-05 -0.00049730345378504333 0.00013854936283128633
leaf_weight=47 29 31 27 33 59 452 54
leaf_count=47 29 31 27 33 59 452 54
internal_value=-0.000150274 0.00690476 0.00378378 -0.00133174 0.00260869 -0.00200935 -0.00233202
internal_weight=732 105 74 627 92 535 506
internal_count=732 105 74 627 92 535 506
is_linear=0
shrinkage=0.05


Tree=6
num_leaves=8
num_cat=0
split_feature=13 6 12 3 0 8 2
split_gain=1.81078 1.42609 1.44155 1.04192 0.492894 0.4132 0.429907
threshold=26.85000038146973 0.68587841865116805 0.02867505219605682 -0.010812484256435382 0.036583714906437755 0.25182240664383576 0.17499533285209204
decision_type=2 2 2 2 2 8 2
left_child=1 5 3 -3 -5 6 -1
right_child=-2 2 -4 4 -6 -7 -8
leaf_value=-0.00022796590834302791 0.0016309672301614106 0.0032061749017748852 -0.00055845432990824851 4.9139857641933253e-05 0.00076375518952881275 -0.00069085782117437418 0.00035793699344371276
leaf_weight=370 25 27 54 50 28 114 76
leaf_count=370 25 27 54 50 28 114 76
internal_value=-0.000228496 -0.000688457 0.00349056 0.00690476 0.00397436 -0.001875 -0.00118834
internal_weight=744 719 159 105 78 560 446
internal_count=744 719 159 105 78 560 446
is_linear=0
shrinkage=0.05


Tree=7
num_leaves=8
num_cat=0
split_feature=4 6 10 0 3 14 8
split_gain=2.11056 0.927769 1.03051 0.510447 0.769981 0.419285 0.391646
threshold=0.094118579826495977 0.91203134227991522 -0.00084886719909504904 0.040447589378681988 0.013344659136282357 0.054586954999164335 0.13202224195711246
decision_type=2 2 2 2 2 2 8
left_child=1 3 -3 5 -5 -1 -4
right_child=-2 2 6 4 -6 -7 -8
leaf_value=-0.00038111814040195163 0.0019670528094681921 0.00079039454149812133 0.00022332320663246948 0.00056481320697993563 -0.00034375395272018814 0.00018063281489587188 -0.00053053159796932314
leaf_weight=429 28 48 29 31 30 101 44
leaf_count=429 28 48 29 31 30 101 44
internal_value=-0.000608109 -0.00113764 0.00285124 -0.00195432 0.00237705 -0.00245283 -0.000890412
internal_weight=740 712 121 591 61 530 73
internal_count=740 712 121 591 61 530 73
is_linear=0
shrinkage=0.05


Tree=8
num_leaves=8
num_cat=0
split_feature=11 6 3 7 9 9 9
split_gain=1.35385 0.942653 0.703105 0.554654 0.667764 0.428979 0.378072
threshold=-0.015548352361618832 0.23106053502752824 0.03078301473544354 0.015795295991000272 0.45066152034831869 0.39648520062887965 0.11684002742300838
decision_type=2 2 2 2 10 8 8
left_child=1 5 3 4 6 -1 -2
right_child=2 -3 -4 -5 -6 -7 -8
leaf_value=0.00013613072375196216 0.0006319175941887329 0.002118099871842988 0.00070127042225622384 -0.00030529506331656003 0.00077691817119615266 -0.00038219558724668568 -0.00048746888164807856
leaf_weight=30 34 46 39 440 33 31 108
leaf_count=30 34 46 39 440 33 31 108
internal_value=-0.00040079 0.00481308 -0.00125382 -0.00166667 0.000714285 0.000737704 -0.000774649
internal_weight=761 107 654 615 175 61 142
internal_count=761 107 654 615 175 61 142
is_linear=0
shrinkage=0.05


Tree=9
num_leaves=8
num_cat=0
split_feature=7 3 11 8 5 14 16
split_gain=1.40177 1.05474 0.686634 0.557341 0.431905 0.509457 0.619321
threshold=-0.12449376649463055 0.03078301473544354 -0.01413744986297699 0.032783762580255289 0.023970942463839177 -0.015974596701323503 -0.0067787423857693088
decision_type=2 2 2 8 2 2 2
left_child=-1 2 3 -2 -4 -6 -7
right_child=1 -3 4 -5 5 6 -8
leaf_value=0.0018176359020666451 0.00038597963517012944 0.00072829053083607424 -0.00057989760980698573 -9.9461327702576137e-05 -0.00043157010355042002 -0.00057042136144727564 0.00018848023793260546
leaf_weight=29 35 48 90 45 210 63 218
leaf_count=29 35 48 90 45 210 63 218
internal_value=-0.000257454 -0.000698168 -0.00121785 0.003125 -0.00181584 -0.00123218 0.000160141
internal_weight=738 709 661 80 581 491 281
internal_count=738 709 661 80 581 491 281
is_linear=0
shrinkage=0.05


Tree=10
num_leaves=8
num_cat=0
split_feature=6 7 7 7 16 3 3
split_gain=1.61009 1.53973 0.56524 0.955566 0.616797 0.515659 0.45996
threshold=2.6016328890540712 -0.12449376649463055 0.016734640114031477 -0.03190665770834477 0.0043550782599217639 0.03078301473544354 0.0083366557920943069
decision_type=2 2 2 2 2 2 2
left_child=1 -1 3 -3 -5 6 -4
right_child=-2 2 5 4 -6 -7 -8
leaf_value=0.001726754106963313 0.0012450227220218452 -8.119469061685382e-05 -0.00029223076252295118 0.0010091214621327619 -3.0743200688652037e-05 0.00064605805967645575 -0.00045321366503181624
leaf_weight=29 27 138 303 47 38 26 140
leaf_count=29 27 138 303 47 38 26 140
internal_value=-0.000320857 -0.000769765 -0.00124278 0.000829595 0.005 -0.00222815 -0.0026298
internal_weight=748 721 692 223 85 469 443
internal_count=748 721 692 223 85 469 443
is_linear=0
shrinkage=0.05


Tree=11
num_leaves=8
num_cat=0
split_feature=6 12 9 5 14 8 2
split_gain=1.25931 1.71165 0.898305 0.840256 0.46805 0.463975 0.974232
threshold=0.58204750101756397 0.02867505219605682 -0.093133593831538616 0.029964244240644745 0.0080830591469587282 0.25182240664383576 0.26958976579484123
decision_type=2 2 10 2 2 8 2
left_child=5 2 -2 -4 -5 6 -1
right_child=1 -3 3 4 -6 -7 -8
leaf_value=-0.00012166567889501272 0.0029766369285558294 -0.00052773413937697575 -4.4503922098058571e-05 0.00015725230635209225 0.00085658112588947889 -0.00058314087530997652 0.0010742417359471189
leaf_weight=429 31 60 26 30 29 116 25
leaf_count=429 31 60 26 30 29 116 25
internal_value=-0.000174264 0.00352273 0.00706896 0.00441176 0.00771186 -0.00131579 -0.000594715
internal_weight=746 176 116 85 59 570 454
internal_count=746 176 116 85 59 570 454
is_linear=0
shrinkage=0.05


Tree=12
num_leaves=8
num_cat=0
split_feature=11 6 3 16 9 3 1
split_gain=1.37432 1.37676 0.819384 0.425354 0.386418 0.47937 0.318957
threshold=-0.01413744986297699 0.23106053502752824 0.031702470453400362 -0.018535930437238109 0.11390685709061356 0.00063654243967781199 0.0691981713406742
decision_type=2 2 2 2 8 2 2
left_child=1 3 4 -1 5 -2 -6
right_child=2 -3 -4 -5 6 -7 -8
leaf_value=-5.1073247046242333e-05 -0.00019617924240662862 0.0017387150932314001 0.00048500754296371471 0.00017718320475381473 -0.00022038663644920531 0.0004007044525517381 -0.00053214263558985959
leaf_weight=38 38 47 38 26 373 32 134
leaf_count=38 38 47 38 26 373 32 134
internal_value=-0.000661158 0.00445946 -0.00158537 -0.000312501 -0.00205373 0.00142857 -0.00253452
internal_weight=726 111 615 64 577 70 507
internal_count=726 111 615 64 577 70 507
is_linear=0
shrinkage=0.05


Tree=13
num_leaves=8
num_cat=0
split_feature=6 7 4 5 4 16 14
split_gain=1.61852 1.1867 0.575667 0.643261 1.1192 0.942308 0.729914
threshold=2.6016328890540712 -0.12449376649463055 0.042283288596815481 0.036349746741785059 0.057130715074857785 -0.0039169752014872041 0.032336920174311119
decision_type=2 2 2 2 2 2 2
left_child=1 -1 -3 4 6 -6 -4
right_child=-2 2 3 -5 5 -7 -8
leaf_value=0.0015159763350565986 0.0011437865689185316 -0.00036365573737418954 -0.0003181052111617579 -0.00034390325603884903 -7.5547652266425388e-06 0.001286864552439439 0.00031140567384421058
leaf_weight=28 27 182 246 127 26 26 80
leaf_count=28 27 182 246 127 26 26 80
internal_value=-0.000350406 -0.000804197 -0.00121543 -0.000346536 0.000687829 0.0075 -0.000398774
internal_weight=742 715 687 505 378 52 326
internal_count=742 715 687 505 378 52 326
is_linear=0
shrinkage=0.05


Tree=14
num_leaves=8
num_cat=0
split_feature=4 6 14 4 6 14 12
split_gain=1.24837 0.798715 0.520068 0.511328 0.863226 0.719694 0.452928
threshold=0.093284817600138278 2.6016328890540712 1.0000000180025095e-35 0.043243755369926674 1.0305642146162264 0.01016731697942619 0.00075812242422568243
decision_type=2 2 2 2 2 2 2
left_child=1 2 -1 -4 5 -5 -7
right_child=-2 -3 3 4 -6 6 -8
leaf_value=-0.00025383347523674885 0.0016825965362054014 0.0010398671673250044 -0.00028622528874981299 0.00074299039204818462 0.00062479172747850135 0.00028295331623202685 -0.00052503932492015256
leaf_weight=377 26 28 88 27 31 61 86
leaf_count=377 26 28 88 27 31 61 86
internal_value=-0.000372929 -0.00077364 -0.0011194 0.00046075 0.00182927 0.000459769 -0.000918369
internal_weight=724 698 670 293 205 174 147
internal_count=724 698 670 293 205 174 147
is_linear=0
shrinkage=0.05


Tree=15
num_leaves=8
num_cat=0
split_feature=4 8 13 9 3 15 10
split_gain=1.19674 0.703847 0.851454 1.10086 0.705423 0.600198 0.500579
threshold=0.094118579826495977 0.25182240664383576 17.615000724792484 0.51570894712556381 0.030020310856258562 -0.0035445095421658408 0.00097851086285993837
decision_type=2 8 2 8 2 2 2
left_child=1 2 4 5 -1 -4 -7
right_child=-2 -3 3 -5 -6 6 -8
leaf_value=-0.0001716436673211356 0.001598466709395131 -0.00050183476593218144 0.00013321633730179502 -8.6005870884885732e-05 0.00080814432942070882 0.0013525599264248497 7.6525094863971432e-05
leaf_weight=348 26 146 40 75 25 29 43
leaf_count=348 26 146 40 75 25 29 43
internal_value=-0.000150274 -0.000538245 0.000267856 0.00302139 -0.0011126 0.00616071 0.00888889
internal_weight=732 706 560 187 373 112 72
internal_count=732 706 560 187 373 112 72
is_linear=0
shrinkage=0.05


end of trees

feature_importances:
dvol_z_20=17
dist_ma50=11
dist_ma200=11
overnight_gap=10
atr_pct=9
dist_ma20=8
vix_chg_1d=8
vix_level=7
spy_ret_5d=5
spy_ret_20d=5
sector_ret_5d=5
ret_20d=4
ret_1d=3
parkinson_20=3
spy_ret_1d=3
ret_5d=2
sector_ret_1d=1

parameters:
[boosting: gbdt]
[objective: quantile]
[metric: quantile]
[tree_learner: serial]
[device_type: cpu]
[data_sample_strategy: bagging]
[data: ]
[valid: ]
[num_iterations: 80]
[learning_rate: 0.05]
[num_leaves: 8]
[num_threads: 1]
[seed: 0]
[deterministic: 0]
[force_col_wise: 1]
[force_row_wise: 0]
[histogram_pool_size: -1]
[max_depth: -1]
[min_data_in_leaf: 25]
[min_sum_hessian_in_leaf: 0.001]
[bagging_fraction: 0.9]
[pos_bagging_fraction: 1]
[neg_bagging_fraction: 1]
[bagging_freq: 1]
[bagging_seed: 3]
[bagging_by_query: 0]
[feature_fraction: 0.9]
[feature_fraction_bynode: 1]
[feature_fraction_seed: 2]
[extra_trees: 0]
[extra_seed: 6]
[early_stopping_round: 0]
[early_stopping_min_delta: 0]
[first_metric_only: 0]
[max_delta_step: 0]
[lambda_l1: 0]
[lambda_l2: 0]
[linear_lambda: 0]
[min_gain_to_split: 0]
[drop_rate: 0.1]
[max_drop: 50]
[skip_drop: 0.5]
[xgboost_dart_mode: 0]
[uniform_drop: 0]
[drop_seed: 4]
[top_rate: 0.2]
[other_rate: 0.1]
[min_data_per_group: 100]
[max_cat_threshold: 32]
[cat_l2: 10]
[cat_smooth: 10]
[max_cat_to_onehot: 4]
[top_k: 20]
[monotone_constraints: ]
[monotone_constraints_method: basic]
[monotone_penalty: 0]
[feature_contri: ]
[forcedsplits_filename: ]
[refit_decay_rate: 0.9]
[cegb_tradeoff: 1]
[cegb_penalty_split: 0]
[cegb_penalty_feature_lazy: ]
[cegb_penalty_feature_coupled: ]
[path_smooth: 0]
[interaction_constraints: ]
[verbosity: -1]
[saved_feature_importance_type: 0]
[use_quantized_grad: 0]
[num_grad_quant_bins: 4]
[quant_train_renew_leaf: 0]
[stochastic_rounding: 1]
[linear_tree: 0]
[max_bin: 255]
[max_bin_by_feature: ]
[min_data_in_bin: 3]
[bin_construct_sample_cnt: 200000]
[data_random_seed: 1]
[is_enable_sparse: 1]
[enable_bundle: 1]
[use_missing: 1]
[zero_as_missing: 0]
[feature_pre_filter: 1]
[pre_partition: 0]
[two_round: 0]
[header: 0]
[label_column: ]
[weight_column: ]
[group_column: ]
[ignore_column: ]
[categorical_feature: ]
[forcedbins_filename: ]
[precise_float_parser: 0]
[parser_config_file: ]
[objective_seed: 5]
[num_class: 1]
[is_unbalance: 0]
[scale_pos_weight: 1]
[sigmoid: 1]
[boost_from_average: 1]
[reg_sqrt: 0]
[alpha: 0.9]
[fair_c: 1]
[poisson_max_delta_step: 0.7]
[tweedie_variance_power: 1.5]
[lambdarank_truncation_level: 30]
[lambdarank_norm: 1]
[label_gain: ]
[lambdarank_position_bias_regularization: 0]
[eval_at: ]
[multi_error_top_k: 1]
[auc_mu_weights: ]
[num_machines: 1]
[local_listen_port: 12400]
[time_out: 120]
[machine_list_filename: ]
[machines: ]
[gpu_platform_id: -1]
[gpu_device_id: -1]
[gpu_device_id_list: ]
[gpu_use_dp: 0]
[num_gpu: 1]

end of parameters

pandas_categorical:[]
