tree
version=v4
num_class=1
num_tree_per_iteration=1
label_index=0
max_feature_idx=16
objective=quantile
feature_names=ret_1d ret_5d ret_20d overnight_gap atr_pct parkinson_20 dvol_z_20 dist_ma20 dist_ma50 dist_ma200 spy_ret_1d spy_ret_5d spy_ret_20d vix_level vix_chg_1d sector_ret_1d sector_ret_5d
feature_infos=[-0.12555261039875976:0.11524610407437597] [-0.13723457751535184:0.14939381073193547] [-0.17199998335404831:0.28590132172351046] [-0.042261551196188574:0.05096729471751682] [0.016206011480655237:0.055392768047858323] [0.010345793681669647:0.032072667346445871] [-2.3122747536484365:4.2705765613383164] [-0.1307977422135207:0.16589262353220913] [-0.16179475703548396:0.22470939704733595] [-0.23536586149008332:0.29584781872549604] [-0.058542971330535654:0.10501930183911301] [-0.11496151859245618:0.082843162776128354] [-0.1226559005192206:0.15756591020035837] [11.859999656677246:52.330001831054688] [-0.35753873962348437:0.74039073966007019] [-0.073180917682286184:0.075364333134955164] [-0.12187676960594984:0.078003472462632839]
tree_sizes=825 856 862 861 859 863 865 859 866 857 867 861

Tree=0
num_leaves=8
num_cat=0
split_feature=2 15 1 6 13 7 12
split_gain=1.64036 0.605988 0.970806 1.14206 0.664672 0.864038 0.609597
threshold=-0.12022265784988366 0.0089467197368783297 0.0039817488700717449 -0.0070288725735435801 20.154999732971195 -0.0021336841413296388 0.060736878271406176
decision_type=2 2 2 2 2 2 2
left_child=-1 4 -3 -4 6 -6 -2
right_child=1 2 3 -5 5 -7 -8
leaf_value=0.028101993321742125 0.027534176341331585 0.027590061073740114 0.027884575953923317 0.029012101459556128 0.027753602153448596 0.028219956779404899 0.027955380473420721
leaf_weight=37 460 41 44 30 70 27 41
leaf_count=37 460 41 44 30 70 27 41
internal_value=0.0274019 0.0268692 0.0301932 0.0336127 0.02623 0.0300184 0.0254965
internal_weight=750 713 115 74 598 97 501
internal_count=750 713 115 74 598 97 501
is_linear=0
shrinkage=1


Tree=1
num_leaves=8
num_cat=0
split_feature=11 4 3 12 3 12 13
split_gain=1.99158 1.41369 0.788823 0.843141 0.945444 1.69482 1.08401
threshold=-0.020171834808393903 0.030703832862855492 -0.0023624386942529547 0.027728994316604031 0.0053921345874224933 0.051846022032751578 14.244999885559084
decision_type=2 2 2 2 2 2 2
left_child=1 -1 -2 -4 5 6 -5
right_child=2 -3 3 4 -6 -7 -8
leaf_value=0.00024646410280634417 -0.00023922963900681094 0.00099230586948715325 -0.00015870767557157515 -0.00031410343176641547 -0.00013445266997688687 0.00092350002212914612 0.00041459149274958421
leaf_weight=48 240 28 222 48 76 25 47
leaf_count=48 240 28 222 48 76 25 47
internal_value=-0.000163489 0.0075 -0.00104863 0.000263157 0.00265306 0.00541667 0.00236842
internal_weight=734 76 658 418 196 120 95
internal_count=734 76 658 418 196 120 95
is_linear=0
shrinkage=0.05


Tree=2
num_leaves=8
num_cat=0
split_feature=11 0 6 5 14 14 14
split_gain=1.71064 0.990731 0.992818 1.413 1.06425 0.888855 1.62684
threshold=-0.028186654574093969 -0.0052578207260004497 -0.26202297950606318 0.01373471825255995 0.020823614308890352 -0.003811601511204465 -0.073050802278400592
decision_type=2 2 2 2 2 2 2
left_child=-1 -2 4 -4 -3 6 -5
right_child=1 2 3 5 -6 -7 -8
leaf_value=0.0007301287004091631 -0.00023904983488463608 -0.00024565122515805848 -4.5505619766924344e-05 -0.00037387164745997795 0.00032226108414306628 4.2428103678064887e-05 0.0010710840630078022
leaf_weight=40 234 203 99 25 42 49 57
leaf_count=40 234 203 99 25 42 49 57
internal_value=-6.00813e-05 -0.000627646 0.000684209 0.00304348 -0.00153061 0.00645038 0.00963415
internal_weight=749 709 475 230 245 131 82
internal_count=749 709 475 230 245 131 82
is_linear=0
shrinkage=0.05


Tree=3
num_leaves=8
num_cat=0
split_feature=2 6 3 12 11 7 11
split_gain=1.66839 0.748271 0.63449 0.845615 0.774114 1.58083 0.995275
threshold=-0.12267785497735194 1.8657922947229935 -0.0023624386942529547 0.060736878271406176 -0.0075284193939237345 -0.025209127689021445 0.016424352534066825
decision_type=2 2 2 2 2 2 2
left_child=-1 2 -2 4 5 -4 -6
right_child=1 -3 3 -5 6 -7 -8
leaf_value=0.00063306217158378981 -0.0002287296521597944 0.00098108947320588863 -0.00011560184718406248 0.0002915803411630286 -0.0002788674688954159 0.00089701154829672884 3.2040499706777772e-05
leaf_weight=36 234 49 47 31 209 42 95
leaf_count=36 234 49 47 31 209 42 95
internal_value=-0.000222074 -0.00075672 -0.00120061 -4.7171e-05 -0.000674301 0.00342697 -0.001875
internal_weight=743 707 658 424 393 89 304
internal_count=743 707 658 424 393 89 304
is_linear=0
shrinkage=0.05


Tree=4
num_leaves=8
num_cat=0
split_feature=13 6 12 15 9 0 3
split_gain=2.13558 0.956926 0.637447 0.962307 0.605513 0.583158 0.841211
threshold=21.82499980926514 0.29557935242721972 0.027728994316604031 0.0089467197368783297 -0.12095999326366207 0.0098742809834986307 0.0043648560227137487
decision_type=2 2 2 2 8 2 2
left_child=2 -2 4 5 -1 -4 -7
right_child=1 -3 3 -5 -6 6 -8
leaf_value=0.00025113893795312628 0.00022895745020276841 0.00087783516138983941 -0.00015861220614053537 0.00030604845947767477 -0.00023422814546163732 0.0008452340888910146 -0.00019937344016141527
leaf_weight=43 54 31 173 44 328 37 36
leaf_count=43 54 31 173 44 328 37 36
internal_value=-0.00010724 0.00735294 -0.00106657 0.000689654 -0.00243935 -0.000528456 0.00321918
internal_weight=746 85 661 290 371 246 73
internal_count=746 85 661 290 371 246 73
is_linear=0
shrinkage=0.05


Tree=5
num_leaves=8
num_cat=0
split_feature=8 0 6 3 12 4 3
split_gain=1.24101 0.901494 0.964184 0.604921 0.623146 0.56641 0.427222
threshold=-0.10219332291962378 0.024269606657973401 1.8657922947229935 -0.0019066112874169259 0.059758748559170745 0.026456395748415251 -0.00074059850534735616
decision_type=8 2 2 2 2 2 2
left_child=-1 2 3 -2 6 -3 -5
right_child=1 5 -4 4 -6 -7 -8
leaf_value=0.00041619114340454448 -0.00021266328276472947 -8.5547214991318503e-05 0.00084974756077946039 0.0002151950957589158 0.00028808533202971843 0.00070350147276470882 -0.00012506324509882702
leaf_weight=42 237 27 40 32 31 25 303
leaf_count=42 237 27 40 32 31 25 303
internal_value=-0.000251019 -0.000755397 -0.0012675 -0.00176617 -0.000491804 0.00557692 -0.0011194
internal_weight=737 695 643 603 366 52 335
internal_count=737 695 643 603 366 52 335
is_linear=0
shrinkage=0.05


Tree=6
num_leaves=8
num_cat=0
split_feature=8 2 6 16 9 15 8
split_gain=1.445 0.679239 0.521928 1.04895 0.501676 1.0096 0.627447
threshold=-0.10219332291962378 -0.02045666766702697 0.85708478613090111 0.0059799695980812259 0.10460766617122776 0.0089467197368783297 0.070216296984683027
decision_type=8 2 2 2 8 2 10
left_child=-1 -2 4 -4 5 6 -3
right_child=1 2 3 -5 -6 -7 -8
leaf_value=0.00042166742706527358 -0.00014832291165321239 -0.00011767212778230463 0.00074017681529811878 -0.00026491164912149343 -0.00029266287221879075 0.00038327224371031342 0.00047216861179868118
leaf_weight=41 275 145 27 39 161 32 26
leaf_count=41 275 145 27 39 161 32 26
internal_value=-0.000710457 -0.00124114 -1.19209e-09 0.00409091 -0.000741759 0.000911329 -0.000614036
internal_weight=746 705 430 66 364 203 171
internal_count=746 705 430 66 364 203 171
is_linear=0
shrinkage=0.05


Tree=7
num_leaves=8
num_cat=0
split_feature=11 6 7 9 2 3 8
split_gain=1.47683 0.645759 0.667448 0.692242 1.96464 1.00038 0.817052
threshold=-0.028866673855592325 2.6133293693064688 -0.046584380219569725 0.054931333878709861 0.046074316124241739 -0.0023624386942529547 -0.0707732782487102
decision_type=2 2 2 8 2 2 10
left_child=-1 2 -2 4 6 -6 -4
right_child=1 -3 3 -5 5 -7 -8
leaf_value=0.00035825712891593794 -0.00018707849763447155 0.00081111193446104239 0.0010091592226590996 -0.0002038440676152639 0.00013491586986648282 0.00055624009555374141 -0.00019969707188733732
leaf_weight=39 98 25 30 292 25 40 196
leaf_count=39 98 25 30 292 25 40 196
internal_value=-0.000369129 -0.000892352 -0.00118209 -0.00054031 0.00118557 0.00884615 -0.0010177
internal_weight=745 706 681 583 291 65 226
internal_count=745 706 681 583 291 65 226
is_linear=0
shrinkage=0.05


Tree=8
num_leaves=8
num_cat=0
split_feature=11 14 10 6 9 2 11
split_gain=1.61006 1.45196 0.677551 0.693421 1.04174 1.67798 0.857477
threshold=-0.023324981642921735 0.031770832380203846 -0.00262768472957231 -0.78528948948571731 0.051361576146043426 0.028379598688936473 0.023858955233929894
decision_type=2 2 2 2 8 2 2
left_child=1 -1 -2 -4 5 -5 -6
right_child=2 -3 3 4 6 -7 -8
leaf_value=-9.8964150349206958e-05 -0.00020315125020224146 0.00079965687067255244 -0.00033838752602242321 6.2471556594531822e-05 -0.00020983528894400234 0.00068868436547617966 6.7821085340733571e-05
leaf_weight=30 191 29 91 142 193 57 31
leaf_count=30 191 29 91 142 193 57 31
internal_value=-0.000222514 0.00771186 -0.000886526 5.83646e-05 0.000910164 0.00354271 -0.00142857
internal_weight=764 59 705 514 423 199 224
internal_count=764 59 705 514 423 199 224
is_linear=0
shrinkage=0.05


Tree=9
num_leaves=8
num_cat=0
split_feature=13 6 6 7 15 10 4
split_gain=1.43774 0.61704 0.615099 0.441303 0.486111 0.659722 0.669872
threshold=21.82499980926514 0.29557935242721972 1.8657922947229935 -0.027682813322821128 0.0056186775681901233 0.0027133093769406984 0.021134777773251581
decision_type=2 2 2 2 2 2 2
left_child=2 -2 3 -1 -5 -6 -7
right_child=1 -3 -4 4 5 6 -8
leaf_value=-0.00019772698453499597 0.00019773452873285635 0.00093176750749709254 0.0012305329718488754 -0.00018919051166736071 -0.00032474361709185261 0.00017704478385694374 8.2316862683846508e-05
leaf_weight=146 51 26 41 336 30 26 88
leaf_count=146 51 26 41 336 30 26 88
internal_value=-0.000430109 0.00603896 -0.00117691 -0.0015655 -0.000833335 0.00159722 0.00333333
internal_weight=744 77 667 626 480 144 114
internal_count=744 77 667 626 480 144 114
is_linear=0
shrinkage=0.05


Tree=10
num_leaves=8
num_cat=0
split_feature=1 9 2 6 11 11 2
split_gain=1.34303 0.607567 1.71619 0.948335 0.48939 0.808638 1.02658
threshold=-0.067815445323449006 0.10460766617122776 0.098360393945778016 1.6317738929099475 0.010325604265528312 -0.0034482650078786477 -0.001354307877961147
decision_type=2 8 2 2 2 2 2
left_child=-1 2 4 -3 5 6 -2
right_child=1 3 -4 -5 -6 -7 -8
leaf_value=0.00073472087281102952 -4.8641003515478616e-05 -0.00021395850179477548 0.00063814766177955069 0.00087068355191497393 0.00013859640420888492 -0.00024811643613232616 0.00065327367849059498
leaf_weight=25 96 262 34 26 158 114 34
leaf_count=25 96 262 34 26 158 114 34
internal_value=-0.00039386 -0.000787294 0.000389907 -0.00256945 -0.000522389 -0.00192623 0.00076923
internal_weight=749 724 436 288 402 244 130
internal_count=749 724 436 288 402 244 130
is_linear=0
shrinkage=0.05


Tree=11
num_leaves=8
num_cat=0
split_feature=8 7 1 15 6 9 12
split_gain=0.663365 0.624585 0.820865 1.22392 1.08935 0.692332 0.48592
threshold=-0.10219332291962378 -0.028495100144959647 -0.034182636961104566 0.0056186775681901233 0.3575448766059382 0.16044000035804898 0.014344491575221776
decision_type=8 2 2 2 2 8 2
left_child=-1 -2 -3 -4 5 6 -5
right_child=1 2 3 4 -6 -7 -8
leaf_value=0.00018570097415684543 -0.0001477647494220633 0.00053185409557721163 -0.00020798391020769615 -5.3378355417490113e-05 0.00094546819728191117 -0.00047849263865400995 0.00021192080129382143
leaf_weight=37 163 38 350 31 40 39 49
leaf_count=37 163 38 350 31 40 39 49
internal_value=-0.000716199 -0.00105634 -0.000246802 -0.000776033 0.00286163 0.000462184 0.003125
internal_weight=747 710 547 509 159 119 80
internal_count=747 710 547 509 159 119 80
is_linear=0
shrinkage=0.05


end of trees

feature_importances:
dvol_z_20=12
spy_ret_5d=9
ret_20d=7
overnight_gap=7
spy_ret_20d=7
dist_ma200=6
dist_ma20=5
dist_ma50=5
sector_ret_1d=5
vix_level=4
vix_chg_1d=4
ret_1d=3
ret_5d=3
atr_pct=3
spy_ret_1d=2
parkinson_20=1
sector_ret_5d=1

parameters:
[boosting: gbdt]
[objective: quantile]
[metric: quantile]
[tree_learner: serial]
[device_type: cpu]
[data_sample_strategy: bagging]
[data: ]
[valid: ]
[num_iterations: 80]
[learning_rate: 0.05]
[num_leaves: 8]
[num_threads: 1]
[seed: 0]
[deterministic: 0]
[force_col_wise: 1]
[force_row_wise: 0]
[histogram_pool_size: -1]
[max_depth: -1]
[min_data_in_leaf: 25]
[min_sum_hessian_in_leaf: 0.001]
[bagging_fraction: 0.9]
[pos_bagging_fraction: 1]
[neg_bagging_fraction: 1]
[bagging_freq: 1]
[bagging_seed: 3]
[bagging_by_query: 0]
[feature_fraction: 0.9]
[feature_fraction_bynode: 1]
[feature_fraction_seed: 2]
[extra_trees: 0]
[extra_seed: 6]
[early_stopping_round: 0]
[early_stopping_min_delta: 0]
[first_metric_only: 0]
[max_delta_step: 0]
[lambda_l1: 0]
[lambda_l2: 0]
[linear_lambda: 0]
[min_gain_to_split: 0]
[drop_rate: 0.1]
[max_drop: 50]
[skip_drop: 0.5]
[xgboost_dart_mode: 0]
[uniform_drop: 0]
[drop_seed: 4]
[top_rate: 0.2]
[other_rate: 0.1]
[min_data_per_group: 100]
[max_cat_threshold: 32]
[cat_l2: 10]
[cat_smooth: 10]
[max_cat_to_onehot: 4]
[top_k: 20]
[monotone_constraints: ]
[monotone_constraints_method: basic]
[monotone_penalty: 0]
[feature_contri: ]
[forcedsplits_filename: ]
[refit_decay_rate: 0.9]
[cegb_tradeoff: 1]
[cegb_penalty_split: 0]
[cegb_penalty_feature_lazy: ]
[cegb_penalty_feature_coupled: ]
[path_smooth: 0]
[interaction_constraints: ]
[verbosity: -1]
[saved_feature_importance_type: 0]
[use_quantized_grad: 0]
[num_grad_quant_bins: 4]
[quant_train_renew_leaf: 0]
[stochastic_rounding: 1]
[linear_tree: 0]
[max_bin: 255]
[max_bin_by_feature: ]
[min_data_in_bin: 3]
[bin_construct_sample_cnt: 200000]
[data_random_seed: 1]
[is_enable_sparse: 1]
[enable_bundle: 1]
[use_missing: 1]
[zero_as_missing: 0]
[feature_pre_filter: 1]
[pre_partition: 0]
[two_round: 0]
[header: 0]
[label_column: ]
[weight_column: ]
[group_column: ]
[ignore_column: ]
[categorical_feature: ]
[forcedbins_filename: ]
[precise_float_parser: 0]
[parser_config_file: ]
[objective_seed: 5]
[num_class: 1]
[is_unbalance: 0]
[scale_pos_weight: 1]
[sigmoid: 1]
[boost_from_average: 1]
[reg_sqrt: 0]
[alpha: 0.9]
[fair_c: 1]
[poisson_max_delta_step: 0.7]
[tweedie_variance_power: 1.5]
[lambdarank_truncation_level: 30]
[lambdarank_norm: 1]
[label_gain: ]
[lambdarank_position_bias_regularization: 0]
[eval_at: ]
[multi_error_top_k: 1]
[auc_mu_weights: ]
[num_machines: 1]
[local_listen_port: 12400]
[time_out: 120]
[machine_list_filename: ]
[machines: ]
[gpu_platform_id: -1]
[gpu_device_id: -1]
[gpu_device_id_list: ]
[gpu_use_dp: 0]
[num_gpu: 1]

end of parameters

pandas_categorical:[]
