tree
version=v4
num_class=1
num_tree_per_iteration=1
label_index=0
max_feature_idx=16
objective=quantile
feature_names=ret_1d ret_5d ret_20d overnight_gap atr_pct parkinson_20 dvol_z_20 dist_ma20 dist_ma50 dist_ma200 spy_ret_1d spy_ret_5d spy_ret_20d vix_level vix_chg_1d sector_ret_1d sector_ret_5d
feature_infos=[-0.11335848632893963:0.16520679780166514] [-0.14154950946665545:0.21358799458622224] [-0.1664102737454044:0.25551849736879695] [-0.071140535345256661:0.10373009907337805] [0.012865773960577561:0.039845637978546594] [0.0083287007772356973:0.024533392124048942] [-1.8511342753495852:4.2355850071360761] [-0.1123110303439544:0.1764717389222723] [-0.1658532464158976:0.21032620450886719] [-0.10943286431304666:0.27793710820786832] [-0.058542971330535654:0.10501930183911301] [-0.11496151859245618:0.082843162776128354] [-0.1226559005192206:0.15756591020035837] [11.859999656677246:52.330001831054688] [-0.35753873962348437:0.74039073966007019] [-0.05484528635308028:0.043465174951121455] [-0.079035639478724384:0.068782341876153064]
tree_sizes=822 857 857 856 856 869 864 869 863 867 862 867 865 870 865 868 867 865 873 864 877 862 868 858

Tree=0
num_leaves=8
num_cat=0
split_feature=6 14 14 4 3 8 8
split_gain=1.71955 0.883134 1.68011 0.833559 0.76087 1.02134 0.572548
threshold=-0.20649178735999282 0.017796206966189224 0.035942894407802857 0.021969526157710122 0.0025994629796816109 0.027692819002804406 -0.057529220220120351
decision_type=2 2 2 2 2 10 8
left_child=6 4 -3 -4 -2 -6 -1
right_child=1 2 3 -5 5 -7 -8
leaf_value=0.015507780452369512 0.015276508070852313 0.01609263127814704 0.01530607579874208 0.01579858108772585 0.015156096312651602 0.015821771641365601 0.015197946543930807
leaf_weight=25 160 31 61 32 31 39 367
leaf_count=25 160 31 61 32 31 39 367
internal_value=0.0153021 0.0178282 0.0212294 0.0178692 0.0159945 0.0203423 0.0130209
internal_weight=746 354 124 93 230 70 392
internal_count=746 354 124 93 230 70 392
is_linear=0
shrinkage=1


Tree=1
num_leaves=8
num_cat=0
split_feature=14 8 16 16 3 4 1
split_gain=1.17949 1.18346 1.31328 1.05653 0.524104 0.794148 0.807563
threshold=0.01595765242020886 0.058947365217800314 -0.016324502079005095 0.011002937593727837 0.0030422749432246214 0.020076452069554846 0.015178476815547738
decision_type=2 8 2 2 2 2 2
left_child=4 2 -2 -4 -1 6 -6
right_child=1 -3 3 -5 5 -7 -8
leaf_value=-0.00014618990122516328 0.00059862887621469404 -8.1201449379639861e-05 -9.2507222785385653e-05 0.0002573392389009635 -2.0804995435524813e-05 -0.00020745971817719535 0.00076759335086707021
leaf_weight=353 44 74 89 45 40 60 28
leaf_count=353 44 74 89 45 40 60 28
internal_value=-0.000429742 0.00234127 0.00455056 0.00208955 -0.0018815 0.000859374 0.00455882
internal_weight=733 252 178 134 481 128 68
internal_count=733 252 178 134 481 128 68
is_linear=0
shrinkage=0.05


Tree=2
num_leaves=8
num_cat=0
split_feature=6 8 3 4 2 14 1
split_gain=1.17897 0.837312 0.63976 0.661033 0.673551 0.803138 0.562942
threshold=-0.17409554563281385 -0.060745816170348681 0.0017743072396875228 0.024414654753518946 0.029341338193612291 -0.016284077904727075 0.010619965784317455
decision_type=2 8 2 2 2 2 2
left_child=1 -1 3 4 5 -2 -4
right_child=2 -3 6 -5 -6 -7 -8
leaf_value=0.00015782154586078324 -0.00022932485958372247 -0.00013109810746642826 8.9434219348611104e-05 -0.00011654117040367646 -0.00015475054445787152 0.00036801566982994706 0.00051941888628549346
leaf_weight=26 39 376 69 48 69 57 61
leaf_count=26 39 376 69 48 69 57 61
internal_value=-0.000302015 -0.0021393 0.00185131 0.000164318 0.00166667 0.004375 0.00461538
internal_weight=745 402 343 213 165 96 130
internal_count=745 402 343 213 165 96 130
is_linear=0
shrinkage=0.05


Tree=3
num_leaves=8
num_cat=0
split_feature=6 14 7 7 8 0 2
split_gain=1.2477 0.766917 1.64634 1.6665 0.484687 0.478936 0.47619
threshold=-0.20649178735999282 0.017796206966189224 0.0079153448364001084 -0.031202504697666108 -0.05417626304717537 0.0020698691049663158 0.0016520415413588954
decision_type=2 2 2 2 8 2 2
left_child=4 6 3 -3 -1 -4 -2
right_child=1 2 5 -5 -6 -7 -8
leaf_value=0.00013653519076599235 -0.00028813063423847234 1.3812207797918374e-05 0.00045286253046907909 0.00093100635582607668 -0.00012898983434359295 -7.3520621198735627e-05 0.00012395802008483234
leaf_weight=26 84 26 25 41 354 41 140
leaf_count=26 84 26 25 41 354 41 140
internal_value=2.03516e-05 0.00214286 0.00515037 0.0106716 -0.00197369 -0.000454547 0.000357142
internal_weight=737 357 133 67 380 66 224
internal_count=737 357 133 67 380 66 224
is_linear=0
shrinkage=0.05


Tree=4
num_leaves=8
num_cat=0
split_feature=6 14 2 9 0 2 15
split_gain=0.949531 0.557153 0.839698 1.02181 0.582165 1.28 0.545455
threshold=-0.21874692420999337 -0.019478059273714762 0.038400013077638191 -0.056519662229106864 -0.0032494499825218566 -0.016213702709649388 0.001969901467327118
decision_type=2 2 2 10 2 2 2
left_child=-1 -2 3 -3 5 -5 -6
right_child=1 2 -4 4 6 -7 -8
leaf_value=-0.00010126732092398654 -0.00010728477045661238 0.00013489181917308897 -1.1991640618551527e-05 -0.00011814450645695095 -0.00034526607814396086 0.0006230524160472029 4.0265499818428319e-05
leaf_weight=385 136 33 84 25 30 25 25
leaf_count=385 136 33 84 25 30 25 25
internal_value=-0.000289369 0.00156424 0.00310811 0.00550725 0.00309524 0.007 -0.000454547
internal_weight=743 358 222 138 105 50 55
internal_count=743 358 222 138 105 50 55
is_linear=0
shrinkage=0.05


Tree=5
num_leaves=8
num_cat=0
split_feature=6 8 15 15 15 9 15
split_gain=0.912343 0.750183 0.621064 0.843064 0.876558 0.558036 0.519768
threshold=-0.17409554563281385 -0.060745816170348681 0.012546863394543252 1.0000000180025095e-35 0.0020167161926240022 0.11375806500445508 -0.0090192253539713146
decision_type=2 8 2 2 2 8 2
left_child=1 -1 3 -2 -5 -6 -3
right_child=2 6 -4 4 5 -7 -8
leaf_value=0.00014816707507564388 1.3511030783447629e-05 0.00019612804677699805 -0.00030279190324040083 0.00059078304810313172 0.00047187617710666379 5.5015469090931024e-05 -0.00012402697315513675
leaf_weight=26 173 45 30 27 32 80 319
leaf_count=26 173 45 30 27 32 80 319
internal_value=-1.36624e-05 -0.00166667 0.00187134 0.00253205 0.00543165 0.00348214 -0.00225275
internal_weight=732 390 342 312 139 112 364
internal_count=732 390 342 312 139 112 364
is_linear=0
shrinkage=0.05


Tree=6
num_leaves=8
num_cat=0
split_feature=6 9 8 14 0 9 3
split_gain=0.720895 0.655851 1.79906 1.43115 0.715395 0.598449 0.446852
threshold=-0.52883414150076502 -0.056519662229106864 0.043810894603899871 0.0066946732173895915 -0.0206738824088844 0.16372619475563346 0.0035823665677107157
decision_type=2 10 8 2 2 8 2
left_child=5 2 3 -2 -3 6 -1
right_child=1 4 -4 -5 -6 -7 -8
leaf_value=-0.00016647286219566933 0.00012255990271497634 0.00019872516336673216 -6.8501101700513002e-05 0.00076428769845393683 -1.6434284945739823e-05 -0.00018940647621203859 0.00035400709690094629
leaf_weight=105 40 28 50 25 346 121 29
leaf_count=105 40 28 50 25 346 121 29
internal_value=-0.0002957 0.00082822 0.00413043 0.00961538 -0.000187167 -0.00245098 -0.000149255
internal_weight=744 489 115 65 374 255 134
internal_count=744 489 115 65 374 255 134
is_linear=0
shrinkage=0.05


Tree=7
num_leaves=8
num_cat=0
split_feature=0 9 12 11 11 12 10
split_gain=0.592776 0.81201 0.561323 0.448065 0.484979 0.401111 0.248997
threshold=-0.0206738824088844 0.070590762118842645 0.0094949334570126904 0.031328768079461174 -0.028866673855592325 0.033050986692939495 0.0039560273734108318
decision_type=2 8 2 2 2 2 2
left_child=-1 2 -2 4 -3 -4 -6
right_child=1 3 5 -5 6 -7 -8
leaf_value=0.00014583096714950941 0.00024075720026072594 0.00028929978295021743 -8.0735144979868462e-05 0.00020352182381567349 -3.5865588648192537e-05 0.00015049976110412071 -0.00019529495769498228
leaf_weight=39 35 27 64 35 329 36 175
leaf_count=39 35 27 64 35 329 36 175
internal_value=-0.000743244 -0.00107703 0.00240741 -0.00190813 -0.0022693 0.000499999 -0.00261905
internal_weight=740 701 135 566 531 100 504
internal_count=740 701 135 566 531 100 504
is_linear=0
shrinkage=0.05


Tree=8
num_leaves=8
num_cat=0
split_feature=6 13 3 15 11 6 3
split_gain=0.623756 0.78273 0.588383 0.972222 0.516977 0.839683 0.310037
threshold=0.22993678045871946 20.060000419616703 0.0025173407066138025 0.0027056048211111521 0.021985340636656584 -0.49363132287894401 -0.0054630715330243875
decision_type=2 2 2 2 2 2 2
left_child=4 2 -2 -4 6 -6 -1
right_child=1 -3 3 -5 5 -7 -8
leaf_value=0.00010657611833121693 -7.9543912251012409e-05 0.00047397324734508412 0.00041233038499739858 -0.00027035562740185503 -0.00026464190746347424 0.00038576382367052454 -9.9078726725748673e-05
leaf_weight=37 138 46 35 28 42 30 405
leaf_count=37 138 46 35 28 42 30 405
internal_value=-0.000992117 0.00107287 -0.000273633 0.00373016 -0.00198444 0.00194444 -0.00262444
internal_weight=761 247 201 63 514 72 442
internal_count=761 247 201 63 514 72 442
is_linear=0
shrinkage=0.05


Tree=9
num_leaves=8
num_cat=0
split_feature=3 6 13 12 13 11 8
split_gain=1.06137 0.548701 0.518743 0.777945 0.671003 0.443723 0.434836
threshold=0.0085312195620641535 -0.49363132287894401 16.085000038146976 0.040667203232477307 23.409999847412113 -0.010255103003419084 -0.01292445599569597
decision_type=2 2 2 2 2 2 10
left_child=1 5 3 -3 6 -1 -4
right_child=-2 2 4 -5 -6 -7 -8
leaf_value=8.3850923664595078e-05 0.0002921926147344041 -0.00011160858865933909 -2.8341785778933605e-05 2.1068746807583363e-05 -5.7810428211786346e-05 -0.00021669209130930744 0.00030520429886462348
leaf_weight=43 34 143 51 53 44 213 157
leaf_count=43 34 143 51 53 44 213 157
internal_value=-0.000392955 -0.00080966 0.000245535 -0.00168367 0.00174603 -0.00265625 0.00293269
internal_weight=738 704 448 196 252 256 208
internal_count=738 704 448 196 252 256 208
is_linear=0
shrinkage=0.05


Tree=10
num_leaves=8
num_cat=0
split_feature=6 8 16 9 16 9 3
split_gain=0.765791 0.50732 0.488278 0.826655 0.625681 0.995559 0.643017
threshold=-0.17409554563281385 -0.05598020956104293 -0.0037115538026174506 0.070590762118842645 0.012132072586841793 0.23056483844937217 -1.0000000180025095e-35
decision_type=2 8 2 8 2 8 2
left_child=1 -1 -2 -4 5 6 -5
right_child=2 -3 3 4 -6 -7 -8
leaf_value=0.00013661989108014919 -2.4184548462118272e-05 -0.00010082650266068831 0.00048344514465792045 0.00024236826806524532 -4.3094659811201502e-05 -8.5762758878657122e-05 0.00041344480799289444
leaf_weight=26 152 376 29 25 87 27 26
leaf_count=26 152 376 29 25 87 27 26
internal_value=-0.000655081 -0.0021393 0.00106936 0.00273196 0.00136364 0.00461538 0.00872549
internal_weight=748 402 346 194 165 78 51
internal_count=748 402 346 194 165 78 51
is_linear=0
shrinkage=0.05


Tree=11
num_leaves=8
num_cat=0
split_feature=6 15 15 7 9 7 16
split_gain=0.612722 0.474395 0.426971 0.43346 0.722428 0.431023 0.536175
threshold=-0.20649178735999282 -0.0090192253539713146 0.01333603028738495 -0.040855521367108731 0.09164815189567023 -0.013554539597438573 0.018970357644895412
decision_type=2 2 2 2 8 2 2
left_child=1 -1 3 -2 -5 -6 -7
right_child=2 -3 -4 4 5 6 -8
leaf_value=0.00018036454450127937 -5.5920634402503125e-05 -9.8231642516744428e-05 -0.0001797397281289422 0.00070592244455140892 0.00039486073963447088 -1.2580903367263228e-05 9.6802355751762304e-05
leaf_weight=46 39 341 30 48 31 179 32
leaf_count=46 39 341 30 48 31 179 32
internal_value=-0.000777481 -0.00215762 0.000710305 0.001231 0.00189655 0.000785123 -2.36979e-05
internal_weight=746 387 359 329 290 242 211
internal_count=746 387 359 329 290 242 211
is_linear=0
shrinkage=0.05


Tree=12
num_leaves=8
num_cat=0
split_feature=3 6 11 15 5 2 11
split_gain=0.553925 0.489621 0.434204 0.738627 0.912874 0.451673 0.682037
threshold=0.0085312195620641535 -0.57602268689042346 0.017027234780288007 0.0049747228466638935 0.012789671090755945 0.057906593068112751 0.0069842899086436381
decision_type=2 2 2 2 2 2 2
left_child=1 -1 5 4 -4 -3 -7
right_child=-2 2 3 -5 -6 6 -8
leaf_value=-0.00017852651410817883 0.00026358534343280448 -5.3021967368911327e-05 0.0003140765482170515 -0.00012186802184610327 -2.6519334616300761e-05 0.00018673097751219662 -6.1506746727247463e-05
leaf_weight=205 34 283 33 41 25 67 38
leaf_count=205 34 283 33 41 25 67 38
internal_value=-0.00093664 -0.00124278 -0.000379878 0.00257576 0.0062069 -0.00113402 0.00166667
internal_weight=726 692 487 99 58 388 105
internal_count=726 692 487 99 58 388 105
is_linear=0
shrinkage=0.05


Tree=13
num_leaves=8
num_cat=0
split_feature=16 6 7 0 15 8 15
split_gain=0.67632 0.500939 0.598095 0.615974 0.381239 0.361634 0.33972
threshold=-0.031382293745963623 -0.20649178735999282 -0.019832634530922818 -0.01612528224149767 -0.0090192253539713146 -0.05598020956104293 0.0076791823703549209
decision_type=2 2 2 2 2 8 2
left_child=-1 4 -3 -4 -2 -6 -5
right_child=1 2 3 6 5 -7 -8
leaf_value=0.00013078603414880068 0.00023509609325944128 -6.7452533314688409e-05 0.00014901775003359712 5.9773840779190876e-05 0.00014697535931562229 -0.00011908732264279785 -6.716897807673369e-05
leaf_weight=30 41 72 25 186 25 314 49
leaf_count=30 41 72 25 186 25 314 49
internal_value=-0.000687333 -0.000997192 0.000421686 0.00153846 -0.00223684 -0.00278761 0.00074468
internal_weight=742 712 332 260 380 339 235
internal_count=742 712 332 260 380 339 235
is_linear=0
shrinkage=0.05


Tree=14
num_leaves=8
num_cat=0
split_feature=0 3 0 15 0 8 2
split_gain=0.557299 0.422964 2.05571 0.389851 0.542949 0.295778 0.491341
threshold=-0.026646448307501232 0.0044694177041169078 -0.0011993100571829338 0.0040781466910875261 0.0085710871702021647 0.049754523168789484 0.056084319527079825
decision_type=2 2 2 2 2 8 2
left_child=-1 5 -3 4 -4 6 -2
right_child=1 2 3 -5 -6 -7 -8
leaf_value=0.00011208156285919023 -2.4552498569787724e-05 0.0003793021500622096 -0.00017594108760508591 -0.00030999603053711395 0.0003851488455080996 -0.00010911456288423079 0.0001339946059404122
leaf_weight=26 340 26 30 45 26 203 28
leaf_count=26 340 26 30 45 26 203 28
internal_value=-0.000649172 -0.000916907 0.00169291 -0.00153465 0.00125 -0.00149737 -0.000652175
internal_weight=724 698 127 101 56 571 368
internal_count=724 698 127 101 56 571 368
is_linear=0
shrinkage=0.05


Tree=15
num_leaves=8
num_cat=0
split_feature=3 9 2 11 1 5 15
split_gain=0.704151 0.473739 1.21008 0.432909 0.293689 0.268354 0.218329
threshold=0.0085312195620641535 0.070590762118842645 0.0078929632971523906 0.031328768079461174 -0.0045162647422807281 0.016897853798431239 -0.00072943498216909697
decision_type=2 8 2 2 2 2 2
left_child=1 2 4 5 6 -3 -1
right_child=-2 3 -4 -5 -6 -7 -8
leaf_value=-8.5932569128957507e-05 0.00020911812240906517 -5.3411433661457893e-05 0.00067812140146961825 0.00021624680133806536 -0.00027604369068277433 1.3252200448060046e-05 0.00011460175003113592
leaf_weight=28 35 490 33 33 45 43 25
leaf_count=28 35 490 33 33 45 43 25
internal_value=-0.000491804 -0.000839313 0.00187023 -0.00146643 -0.000918369 -0.00181051 0.00160377
internal_weight=732 697 131 566 98 533 53
internal_count=732 697 131 566 98 533 53
is_linear=0
shrinkage=0.05


Tree=16
num_leaves=8
num_cat=0
split_feature=0 3 0 4 1 8 11
split_gain=0.619548 0.614069 1.53835 0.563718 0.706614 0.347393 0.500693
threshold=-0.026646448307501232 0.0044694177041169078 -0.0011993100571829338 0.020973767753624271 0.011916389356456338 0.049754523168789484 0.019556764027941379
decision_type=2 2 2 2 2 8 2
left_child=-1 5 -3 4 -4 6 -2
right_child=1 2 3 -5 -6 -7 -8
leaf_value=0.00011027049372600512 -2.1594758183311415e-05 0.00030330672530769193 -0.00027509195031933233 -0.00013046649400714108 0.0003553304923967126 -0.0001006046831375846 9.3835413657973393e-05
leaf_weight=25 313 29 29 45 32 210 68
leaf_count=25 313 29 29 45 32 210 68
internal_value=-0.000739016 -0.00100551 0.00203704 -0.000754718 0.00237705 -0.00170051 -0.000800526
internal_weight=751 726 135 106 61 591 381
internal_count=751 726 135 106 61 591 381
is_linear=0
shrinkage=0.05


Tree=17
num_leaves=8
num_cat=0
split_feature=6 14 14 4 1 16 8
split_gain=0.692934 0.581103 0.859335 0.554585 0.705333 0.75619 0.846079
threshold=-0.18602808757801639 0.018934443393513026 0.035942894407802857 0.022006768353410252 0.034376577854414732 0.0061434874223628153 0.015253163849760944
decision_type=2 2 2 2 2 2 10
left_child=-1 3 -3 4 5 -2 -7
right_child=1 2 -4 -5 -6 6 -8
leaf_value=-7.3923471414705276e-05 -0.00030037645985007082 0.00062347957871069126 4.4482298463382102e-06 -0.00016910580187223974 0.0010407441318849278 0.00017727594241329043 -9.7664408472267582e-06
leaf_weight=393 71 27 92 82 25 25 29
leaf_count=393 71 27 92 82 25 25 29
internal_value=-0.000631722 0.000982905 0.00382353 -0.000474139 0.00133333 -0.000200001 0.00425926
internal_weight=744 351 119 232 150 125 54
internal_count=744 351 119 232 150 125 54
is_linear=0
shrinkage=0.05


Tree=18
num_leaves=8
num_cat=0
split_feature=15 3 15 6 14 9 0
split_gain=0.696142 0.720046 0.711765 0.418883 0.539099 0.480909 0.477995
threshold=-0.0078559212947454365 0.0018999238298726964 -0.010118577263932003 -0.49363132287894401 0.03328086000020148 0.09164815189567023 -9.2126952367876922e-05
decision_type=2 2 2 2 2 10 2
left_child=1 2 -1 4 -2 6 -5
right_child=3 -3 -4 5 -6 -7 -8
leaf_value=-0.0001090988694345987 -0.00014776420553528857 0.00064039010681760968 0.00020016930716284286 0.00020667229036876568 0.0002063496005108289 -3.9775941017362067e-05 -8.4539656356444352e-06
leaf_weight=51 197 31 30 71 41 220 109
leaf_count=51 197 31 30 71 41 220 109
internal_value=-0.000600001 0.00303571 0.000555554 -0.00123825 -0.00289916 -0.000250001 0.00166667
internal_weight=750 112 81 638 238 400 180
internal_count=750 112 81 638 238 400 180
is_linear=0
shrinkage=0.05


Tree=19
num_leaves=8
num_cat=0
split_feature=16 5 8 11 13 13 13
split_gain=0.700158 0.442147 0.533668 0.360495 0.861186 1.46598 0.722825
threshold=-0.031382293745963623 0.0099116277358225081 0.10316413667724424 0.0072949527951166057 20.060000419616703 23.409999847412113 13.554999828338625
decision_type=2 2 8 2 2 2 2
left_child=-1 -2 3 4 6 -6 -3
right_child=1 2 -4 -5 5 -7 -8
leaf_value=0.00014142161996573543 -0.00011424176032196773 4.273796412367267e-05 -0.00010400637340914834 -2.282643186068968e-05 0.00072559767500229497 -8.6074209854111738e-05 -3.5934060892899764e-05
leaf_weight=29 115 28 73 256 31 28 181
leaf_count=29 115 28 73 256 31 28 181
internal_value=-0.00054656 -0.000856743 -0.000309884 0.00024809 0.00152985 0.00686441 2.39223e-05
internal_weight=741 712 597 524 268 59 209
internal_count=741 712 597 524 268 59 209
is_linear=0
shrinkage=0.05


Tree=20
num_leaves=8
num_cat=0
split_feature=16 5 5 14 14 1 11
split_gain=0.809408 0.630562 0.545349 0.828659 1.55076 1.02509 0.755514
threshold=-0.031382293745963623 0.010053386620172971 0.012784360262349435 -0.021447279396770266 -0.01013918808565367 -0.0080451193778601753 0.0028224739741974374
decision_type=2 2 2 2 2 2 2
left_child=-1 -2 3 -3 -5 -6 -4
right_child=1 2 6 4 5 -7 -8
leaf_value=0.0001896559905168047 -0.00012579906890315454 -0.00011123582232300765 4.695295911434603e-05 0.00038266327063095189 0.00031759635496784241 -6.5663650481436837e-06 -0.00012483458851033581
leaf_weight=27 137 105 117 25 41 118 169
leaf_count=27 137 105 117 25 41 118 169
internal_value=-0.000534507 -0.000856743 -0.000130436 0.00140138 0.00342391 0.00160377 -0.00167832
internal_weight=739 712 575 289 184 159 286
internal_count=739 712 575 289 184 159 286
is_linear=0
shrinkage=0.05


Tree=21
num_leaves=8
num_cat=0
split_feature=16 6 11 2 8 4 4
split_gain=0.521437 0.610362 0.774765 0.703448 0.651362 0.742963 1.03621
threshold=-0.031382293745963623 0.65022779863025226 0.0070762794177224872 0.063242651286041576 0.049754523168789484 0.017637606504957725 0.018230456802759112
decision_type=2 2 2 2 8 2 2
left_child=-1 4 3 -3 5 -2 -7
right_child=1 2 -4 -5 -6 6 -8
leaf_value=0.00018017319099096447 -0.0001723319795640493 2.4847744497259091e-05 -0.00013100826518411425 0.00035725844883819675 -9.8771439896883656e-05 0.00047693224016529684 -1.5442226731951771e-07
leaf_weight=27 157 58 59 27 200 25 193
leaf_count=27 157 58 59 27 200 25 193
internal_value=-0.000710457 -0.000966621 0.00194444 0.005 -0.00169565 -0.000466668 0.00142202
internal_weight=746 719 144 85 575 375 218
internal_count=746 719 144 85 575 375 218
is_linear=0
shrinkage=0.05


Tree=22
num_leaves=8
num_cat=0
split_feature=8 5 9 2 11 2 2
split_gain=0.421772 0.373615 0.477273 0.380674 0.719728 0.524841 0.755852
threshold=0.10316413667724424 0.010053386620172971 -0.059285075116318635 0.070833753761834775 0.0079965891664850481 0.03006110076235791 0.015742542342879421
decision_type=8 2 10 2 2 2 2
left_child=1 2 -1 5 -5 6 -3
right_child=-2 3 -4 4 -6 -7 -8
leaf_value=5.009027766108349e-06 -7.3006231658222741e-05 -4.1160979430283605e-06 -0.00021032636579403744 0.00024015038771264309 -1.8918917737539908e-05 -8.9842351882950564e-05 0.00018783911977787832
leaf_weight=48 74 256 84 49 35 153 41
leaf_count=48 74 256 84 49 35 153 41
internal_value=-0.000743244 -0.000345347 -0.00272727 0.000243445 0.00333333 -0.000333335 0.000892255
internal_weight=740 666 132 534 84 450 297
internal_count=740 666 132 534 84 450 297
is_linear=0
shrinkage=0.05


Tree=23
num_leaves=8
num_cat=0
split_feature=6 13 13 4 9 14 13
split_gain=0.523573 0.463854 0.585224 1.55152 0.444556 0.597243 0.404791
threshold=-0.52883414150076502 16.035000801086429 17.494999885559086 0.020332264765352843 0.16372619475563346 0.013234785210327617 20.060000419616703
decision_type=2 2 2 2 8 2 2
left_child=4 -2 3 -3 5 -1 -4
right_child=1 2 6 -5 -6 -7 -8
leaf_value=-9.2370794142049496e-05 -2.003021820704586e-05 0.00032323558496557739 -3.9635233406181849e-05 -4.8104145384710956e-05 -0.00011391174762816578 0.00018929994647240737 0.0002266173670136401
leaf_weight=91 213 40 98 48 116 50 91
leaf_count=91 213 40 98 48 116 50 91
internal_value=-0.000448462 0.000510203 0.0018592 0.00522727 -0.00227627 -0.000390072 0.000291004
internal_weight=747 490 277 88 257 141 189
internal_count=747 490 277 88 257 141 189
is_linear=0
shrinkage=0.05


end of trees

feature_importances:
dvol_z_20=17
dist_ma50=16
sector_ret_1d=15
overnight_gap=13
vix_chg_1d=13
dist_ma200=12
spy_ret_5d=12
ret_1d=11
ret_20d=11
sector_ret_5d=10
vix_level=9
atr_pct=8
ret_5d=6
parkinson_20=6
dist_ma20=5
spy_ret_20d=3
spy_ret_1d=1

parameters:
[boosting: gbdt]
[objective: quantile]
[metric: quantile]
[tree_learner: serial]
[device_type: cpu]
[data_sample_strategy: bagging]
[data: ]
[valid: ]
[num_iterations: 80]
[learning_rate: 0.05]
[num_leaves: 8]
[num_threads: 1]
[seed: 0]
[deterministic: 0]
[force_col_wise: 1]
[force_row_wise: 0]
[histogram_pool_size: -1]
[max_depth: -1]
[min_data_in_leaf: 25]
[min_sum_hessian_in_leaf: 0.001]
[bagging_fraction: 0.9]
[pos_bagging_fraction: 1]
[neg_bagging_fraction: 1]
[bagging_freq: 1]
[bagging_seed: 3]
[bagging_by_query: 0]
[feature_fraction: 0.9]
[feature_fraction_bynode: 1]
[feature_fraction_seed: 2]
[extra_trees: 0]
[extra_seed: 6]
[early_stopping_round: 0]
[early_stopping_min_delta: 0]
[first_metric_only: 0]
[max_delta_step: 0]
[lambda_l1: 0]
[lambda_l2: 0]
[linear_lambda: 0]
[min_gain_to_split: 0]
[drop_rate: 0.1]
[max_drop: 50]
[skip_drop: 0.5]
[xgboost_dart_mode: 0]
[uniform_drop: 0]
[drop_seed: 4]
[top_rate: 0.2]
[other_rate: 0.1]
[min_data_per_group: 100]
[max_cat_threshold: 32]
[cat_l2: 10]
[cat_smooth: 10]
[max_cat_to_onehot: 4]
[top_k: 20]
[monotone_constraints: ]
[monotone_constraints_method: basic]
[monotone_penalty: 0]
[feature_contri: ]
[forcedsplits_filename: ]
[refit_decay_rate: 0.9]
[cegb_tradeoff: 1]
[cegb_penalty_split: 0]
[cegb_penalty_feature_lazy: ]
[cegb_penalty_feature_coupled: ]
[path_smooth: 0]
[interaction_constraints: ]
[verbosity: -1]
[saved_feature_importance_type: 0]
[use_quantized_grad: 0]
[num_grad_quant_bins: 4]
[quant_train_renew_leaf: 0]
[stochastic_rounding: 1]
[linear_tree: 0]
[max_bin: 255]
[max_bin_by_feature: ]
[min_data_in_bin: 3]
[bin_construct_sample_cnt: 200000]
[data_random_seed: 1]
[is_enable_sparse: 1]
[enable_bundle: 1]
[use_missing: 1]
[zero_as_missing: 0]
[feature_pre_filter: 1]
[pre_partition: 0]
[two_round: 0]
[header: 0]
[label_column: ]
[weight_column: ]
[group_column: ]
[ignore_column: ]
[categorical_feature: ]
[forcedbins_filename: ]
[precise_float_parser: 0]
[parser_config_file: ]
[objective_seed: 5]
[num_class: 1]
[is_unbalance: 0]
[scale_pos_weight: 1]
[sigmoid: 1]
[boost_from_average: 1]
[reg_sqrt: 0]
[alpha: 0.9]
[fair_c: 1]
[poisson_max_delta_step: 0.7]
[tweedie_variance_power: 1.5]
[lambdarank_truncation_level: 30]
[lambdarank_norm: 1]
[label_gain: ]
[lambdarank_position_bias_regularization: 0]
[eval_at: ]
[multi_error_top_k: 1]
[auc_mu_weights: ]
[num_machines: 1]
[local_listen_port: 12400]
[time_out: 120]
[machine_list_filename: ]
[machines: ]
[gpu_platform_id: -1]
[gpu_device_id: -1]
[gpu_device_id_list: ]
[gpu_use_dp: 0]
[num_gpu: 1]

end of parameters

pandas_categorical:[]
