tree
version=v4
num_class=1
num_tree_per_iteration=1
label_index=0
max_feature_idx=16
objective=quantile
feature_names=ret_1d ret_5d ret_20d overnight_gap atr_pct parkinson_20 dvol_z_20 dist_ma20 dist_ma50 dist_ma200 spy_ret_1d spy_ret_5d spy_ret_20d vix_level vix_chg_1d sector_ret_1d sector_ret_5d
feature_infos=[-0.080502004746911826:0.11544535388175281] [-0.13411573607428973:0.12326421114425679] [-0.18246508454626253:0.20106524170029405] [-0.058507170142869103:0.060995955446183414] [0.0097532044505507145:0.053565975681158437] [0.0064918810456408935:0.028195937798062887] [-1.9584307435495414:4.1923783231862108] [-0.11994469024435284:0.10387042387251078] [-0.17377713099710701:0.14049729521943677] [-0.089692047869952551:0.2617484584036347] [-0.058542971330535654:0.10501930183911301] [-0.11496151859245618:0.082843162776128354] [-0.1226559005192206:0.15756591020035837] [11.859999656677246:52.330001831054688] [-0.35753873962348437:0.74039073966007019] [-0.073180917682286184:0.075364333134955164] [-0.12187676960594984:0.078003472462632839]
tree_sizes=838 867 860 859 860 869 868 860 866 860 861 864 862 866

Tree=0
num_leaves=8
num_cat=0
split_feature=13 6 9 12 16 6 6
split_gain=1.60774 1.03914 1.94658 0.745639 0.660042 0.62916 0.623383
threshold=16.260000228881839 0.06921755271086083 0.13788778075292077 -0.038043904409190692 -0.0011183143608237687 -0.69185345549109623 -0.11715391537969923
decision_type=2 2 10 2 2 2 2
left_child=4 5 3 -3 6 -2 -1
right_child=1 2 -4 -5 -6 -7 -8
leaf_value=-0.013808131758082622 -0.014087929354569387 -0.015205913514104195 -0.015174721912915246 -0.013985872006627997 -0.013656143223047021 -0.013831695509819931 -0.014565468661715529
leaf_weight=53 94 27 33 93 248 163 35
leaf_count=53 94 27 33 93 248 163 35
internal_value=-0.0140328 -0.0161341 -0.0193965 -0.016439 -0.0114687 -0.0141919 -0.015189
internal_weight=746 410 153 120 336 257 88
internal_count=746 410 153 120 336 257 88
is_linear=0
shrinkage=1


Tree=1
num_leaves=8
num_cat=0
split_feature=13 9 3 11 10 3 0
split_gain=1.36505 0.536994 0.603658 0.512347 1.32704 0.620683 0.513914
threshold=16.675000190734867 0.18740578079203576 0.00026939741094411668 -0.011292664141508811 0.0038619915499665818 -0.0013104973044196775 -0.0057532807979626113
decision_type=2 10 2 2 2 2 2
left_child=1 -1 -3 4 5 -2 -5
right_child=3 2 -4 6 -6 -7 -8
leaf_value=0.00021732594949492716 -0.00035413393019359247 0.0002407794610863419 -0.00023854414033791795 -0.00039215421553653331 -0.00093783152938417677 0.00020472915816636546 5.6653378814307269e-05
leaf_weight=296 47 35 44 63 29 43 176
leaf_count=296 47 35 44 63 29 43 176
internal_value=0.000225103 0.00233333 -0.00132911 -0.00198324 -0.00466387 -0.00166667 -0.000648535
internal_weight=733 375 79 358 119 90 239
internal_count=733 375 79 358 119 90 239
is_linear=0
shrinkage=0.05


Tree=2
num_leaves=8
num_cat=0
split_feature=13 9 16 16 4 2 4
split_gain=1.54752 0.72172 0.787822 0.575011 0.852998 0.534372 0.476611
threshold=17.744999885559086 0.13788778075292077 -0.030444319028358088 -0.011926823883853297 0.017409930244474674 0.11157312090210371 0.017582328136572973
decision_type=2 10 2 2 2 2 2
left_child=3 2 -2 4 -1 -5 -4
right_child=1 -3 6 5 -6 -7 -8
leaf_value=-0.00050846546007412804 -0.00079644428062143396 -0.0010460051192651264 0.0003841623489599193 0.00018895300491575664 0.0002124603504999006 -0.00021043215024890247 -0.00017339935723597612
leaf_weight=35 41 25 30 379 32 27 176
leaf_count=35 41 25 30 379 32 27 176
internal_value=0.000100671 -0.00290441 -0.00208502 0.00182875 -0.00246269 0.00253695 -0.000825243
internal_weight=745 272 247 473 67 406 206
internal_count=745 272 247 473 67 406 206
is_linear=0
shrinkage=0.05


Tree=3
num_leaves=8
num_cat=0
split_feature=13 6 1 0 6 11 9
split_gain=1.23344 0.834673 0.792394 1.25869 1.19977 0.50019 0.599272
threshold=15.855000019073488 0.046631360044040206 0.020327655771805068 0.010369823482703768 0.28542463406429081 0.012589195808640931 0.095249453479180693
decision_type=2 2 2 2 2 2 10
left_child=-1 5 3 4 -3 6 -2
right_child=1 2 -4 -5 -6 -7 -8
leaf_value=0.00016194716673455928 -0.0001429475173004617 -0.00060540691650861364 0.00018540370497283949 -0.00087433205801041062 -0.00019547441030129568 0.00026937611963895834 0.00011585774144889276
leaf_weight=299 114 25 37 30 82 62 88
leaf_count=299 114 25 37 30 82 62 88
internal_value=0.000183175 -0.00150685 -0.0041954 -0.0059489 -0.00341121 0.000265152 -0.000940594
internal_weight=737 438 174 137 107 264 202
internal_count=737 438 174 137 107 264 202
is_linear=0
shrinkage=0.05


Tree=4
num_leaves=8
num_cat=0
split_feature=13 6 1 1 7 1 7
split_gain=0.8872 0.814097 0.553214 0.906973 1.30087 0.503741 0.445402
threshold=14.454999923706056 0.046631360044040206 0.020327655771805068 -0.0041671426243391476 0.015103907090448511 -0.020256980125830212 0.044975262251602095
decision_type=2 2 2 2 2 2 2
left_child=-1 5 3 -3 -5 -2 -4
right_child=1 2 6 4 -6 -7 -8
leaf_value=0.00013404860591555338 -0.00016106919465946431 -0.00023640040188057309 0.00017725004073867112 -0.0010892864096879475 -9.1627583999803386e-05 4.2822457781805055e-05 -0.00042125494058182822
leaf_weight=194 51 94 31 26 27 291 29
leaf_count=194 51 94 31 26 27 291 29
internal_value=0.000289368 -0.000737705 -0.00321256 -0.00486395 -0.0100943 0.000760234 0.000833334
internal_weight=743 549 207 147 53 342 60
internal_count=743 549 207 147 53 342 60
is_linear=0
shrinkage=0.05


Tree=5
num_leaves=8
num_cat=0
split_feature=1 10 11 6 5 6 15
split_gain=0.915518 1.11243 0.579573 0.660952 1.50893 0.882317 0.968665
threshold=-0.026331110275909005 0.0014914798272115395 0.019179082572346465 -0.74796399995507701 0.011121692810613809 -0.038573606051286818 -0.005162079651438777
decision_type=2 2 2 2 2 2 2
left_child=1 -1 3 4 -2 -5 -7
right_child=2 -3 -4 5 -6 6 -8
leaf_value=-1.0180022571301147e-05 0.00023066219713390476 -0.0013335021994540909 0.00021795420279453883 0.00016895549383897431 -0.00028063806883974553 -0.00070829647836782221 3.9059655072863063e-06
leaf_weight=68 56 32 121 210 56 41 148
leaf_count=68 56 32 121 210 56 41 148
internal_value=-5.46446e-05 -0.0045 0.000648734 -8.80624e-05 -0.00348214 0.000864662 -0.00161376
internal_weight=732 100 632 511 112 399 189
internal_count=732 100 632 511 112 399 189
is_linear=0
shrinkage=0.05


Tree=6
num_leaves=8
num_cat=0
split_feature=13 14 0 16 0 9 15
split_gain=1.10704 0.884426 0.757693 2.0584 0.601312 0.388951 0.362784
threshold=17.615000724792484 -0.096084571305829466 -0.0056466576875436316 -0.004262126321136094 -0.016135747232317307 0.22086443374233203 -0.0011761524958501244
decision_type=2 2 2 2 2 10 2
left_child=5 -2 3 4 -3 6 -1
right_child=1 2 -4 -5 -6 -7 -8
leaf_value=4.4767660024350101e-06 -0.00085006303352554982 -0.00024962375549892333 3.2233562066335973e-05 -0.00069314301669844939 0.00047926699516470948 -0.00041556980014834013 0.00019639745283754216
leaf_weight=154 25 34 161 25 40 38 267
leaf_count=154 25 34 161 25 40 38 267
internal_value=0.000430108 -0.00201754 -0.00115385 -0.00459596 -0.000405405 0.00194989 0.00238717
internal_weight=744 285 260 99 74 459 421
internal_count=744 285 260 99 74 459 421
is_linear=0
shrinkage=0.05


Tree=7
num_leaves=8
num_cat=0
split_feature=12 8 6 0 15 11 4
split_gain=0.634515 0.60985 0.418295 0.705419 0.386338 0.989457 0.892025
threshold=0.020883084862251548 0.068810384366091895 0.46495062920030417 0.0080277581268334303 -0.001556820887611776 0.002577635332758899 0.027178913747028226
decision_type=2 8 2 2 2 2 2
left_child=1 4 -2 -4 5 -1 -6
right_child=2 -3 3 -5 6 -7 -8
leaf_value=2.393619561115775e-05 0.00014815809514789519 -0.00074307791819684709 0.00025325412660417426 -0.00074449904195811843 7.9582985541753361e-05 -0.0003028199706293343 -0.0003570307974342607
leaf_weight=106 273 37 45 34 165 44 36
leaf_count=106 273 37 45 34 165 44 36
internal_value=0.000337838 -0.0010567 0.001875 -0.00132911 -0.000413105 -0.00233333 0.0010199
internal_weight=740 388 352 79 351 150 201
internal_count=740 388 352 79 351 150 201
is_linear=0
shrinkage=0.05


Tree=8
num_leaves=8
num_cat=0
split_feature=13 11 11 15 10 1 12
split_gain=0.640042 0.612036 0.601449 1.34403 0.856098 0.890512 0.622247
threshold=14.454999923706056 0.012589195808640931 0.0023967132721236521 -0.0029824176709669632 0.0041960795209391452 -0.011296403160886646 0.028194980259768524
decision_type=2 2 2 2 2 2 2
left_child=-1 2 4 -4 -2 -6 -5
right_child=1 -3 3 6 5 -7 -8
leaf_value=0.00011541390500225209 5.2580438372815737e-05 0.00015431776067302149 -0.00097420274972445187 -0.00024375206162104515 -0.0011295471524155037 5.1158546384179892e-05 0.00026983257310069154
leaf_weight=191 205 149 47 61 31 34 43
leaf_count=191 205 149 47 61 31 34 43
internal_value=0.000400789 -0.000438596 -0.0014133 -0.0039404 1.86265e-10 -0.005 -0.000769231
internal_weight=761 570 421 151 270 65 104
internal_count=761 570 421 151 270 65 104
is_linear=0
shrinkage=0.05


Tree=9
num_leaves=8
num_cat=0
split_feature=13 8 12 0 6 10 3
split_gain=0.893036 0.821632 0.748775 0.72 0.508017 0.497881 1.22609
threshold=14.454999923706056 0.095821969055269199 0.02751670136279594 0.0043077234173909415 0.46495062920030417 0.0039957642646702993 -0.0005354363808737771
decision_type=2 8 2 2 2 2 2
left_child=-1 2 5 -3 -4 -2 -7
right_child=1 3 4 -5 -6 6 -8
leaf_value=0.00014017625889120597 -1.5216589306276377e-06 -0.00062430216762198332 0.00025992480054219945 -7.329186795431242e-06 -0.00023342792535644742 -0.00068928082793525097 -1.9705461928841493e-05
leaf_weight=186 249 25 106 25 33 27 87
leaf_count=186 249 25 106 25 33 27 87
internal_value=0.000121951 -0.000887681 -0.000278884 -0.007 0.00284173 -0.00147383 -0.00421053
internal_weight=738 552 502 50 139 363 114
internal_count=738 552 502 50 139 363 114
is_linear=0
shrinkage=0.05


Tree=10
num_leaves=8
num_cat=0
split_feature=2 12 11 11 12 5 6
split_gain=1.05534 0.824956 0.630588 1.2738 2.22269 0.75115 0.526117
threshold=0.11157312090210371 0.028755529874552547 0.020527358618941841 0.0083592080830587907 0.0094949334570126904 0.014049467115184783 -0.26643756384417649
decision_type=2 2 2 2 2 2 2
left_child=1 2 3 5 -5 -1 -7
right_child=-2 -3 -4 4 -6 6 -8
leaf_value=7.2257495560640358e-05 -0.00028618310481968447 0.0001744233634152792 0.00023689326929933116 -0.0011669621100847923 1.3856802332673491e-05 -0.00029169288193744221 -0.00015553323810062279
leaf_weight=242 39 246 60 35 50 27 49
leaf_count=242 39 246 60 35 50 27 49
internal_value=0.000187166 0.000627645 -0.000615551 -0.00132754 -0.00676471 0.000125786 -0.00421053
internal_weight=748 709 463 403 85 318 76
internal_count=748 709 463 403 85 318 76
is_linear=0
shrinkage=0.05


Tree=11
num_leaves=8
num_cat=0
split_feature=9 12 10 1 4 8 15
split_gain=0.518088 0.826394 0.933521 1.18094 0.643052 0.68466 0.607515
threshold=0.19058324402943641 0.0094949334570126904 0.00063379839939814453 -0.011296403160886646 0.022561805969016777 -0.040534330478168339 0.0076929920664626792
decision_type=10 2 2 2 2 10 2
left_child=1 2 4 -4 -1 -6 -5
right_child=-2 -3 3 6 5 -7 -8
leaf_value=0.00021901907781899282 -9.1143426798199367e-05 8.9871397233919011e-05 -0.0010564183080838342 -0.00014421014931468367 2.7858422688614999e-05 -0.000298849767659952 0.00036123821985892013
leaf_weight=94 77 396 39 45 33 25 37
leaf_count=94 77 396 39 45 33 25 37
internal_value=0.000442359 0.000889387 -0.00122711 -0.00450413 0.00138158 -0.00275862 -0.00109756
internal_weight=746 669 273 121 152 58 82
internal_count=746 669 273 121 152 58 82
is_linear=0
shrinkage=0.05


Tree=12
num_leaves=8
num_cat=0
split_feature=12 6 3 3 4 4 8
split_gain=0.618214 0.57565 0.504309 0.574054 0.42412 0.888415 0.4027
threshold=0.028755529874552547 -1.0532489857063903 0.011457484775420858 -0.013605199361415186 0.015926881424432653 0.01458879927449779 -0.059220450445561672
decision_type=2 2 2 2 2 2 10
left_child=1 -1 3 -3 5 -5 -6
right_child=-2 2 -4 4 6 -7 -8
leaf_value=-0.00022211529357112428 0.00013388178765143965 -0.00031355369749133086 -0.00039538967057370128 0.00024007376270056063 -0.00011068489804755178 -0.00064592832770194982 7.4657630444490775e-05
leaf_weight=29 269 26 26 25 38 42 271
leaf_count=29 269 26 26 25 38 42 271
internal_value=0.000867769 -0.000251641 0.000210281 0.000646766 0.00114362 -0.00246269 0.00192557
internal_weight=726 457 428 402 376 67 309
internal_count=726 457 428 402 376 67 309
is_linear=0
shrinkage=0.05


Tree=13
num_leaves=8
num_cat=0
split_feature=3 2 8 8 0 4 2
split_gain=0.501512 0.486231 0.407203 0.875542 0.497097 0.359418 0.341245
threshold=-0.014486593549446201 0.11157312090210371 0.044406290605197636 0.042476837353399695 -0.015186495704407608 0.02157191962301877 0.062647866207800731
decision_type=2 2 10 8 2 2 2
left_child=-1 2 3 4 -2 -6 -4
right_child=1 -3 6 -5 5 -7 -8
leaf_value=-0.00029787601261676438 -0.000157079139009423 -0.0002451065070067444 1.8151363536125105e-05 -0.00072853546376126083 0.00011558528397885122 -2.9659592392988137e-05 0.00022693513177720942
leaf_weight=26 42 41 96 36 244 126 131
leaf_count=26 42 41 96 36 244 126 131
internal_value=0.000283019 0.000530726 0.000851852 -2.23212e-05 0.000631068 0.00121622 0.00257709
internal_weight=742 716 675 448 412 370 227
internal_count=742 716 675 448 412 370 227
is_linear=0
shrinkage=0.05


end of trees

feature_importances:
dvol_z_20=12
spy_ret_5d=8
spy_ret_20d=8
vix_level=8
ret_1d=7
ret_5d=7
atr_pct=7
overnight_gap=6
dist_ma50=6
dist_ma200=6
spy_ret_1d=5
sector_ret_1d=5
ret_20d=4
sector_ret_5d=4
parkinson_20=2
dist_ma20=2
vix_chg_1d=1

parameters:
[boosting: gbdt]
[objective: quantile]
[metric: quantile]
[tree_learner: serial]
[device_type: cpu]
[data_sample_strategy: bagging]
[data: ]
[valid: ]
[num_iterations: 80]
[learning_rate: 0.05]
[num_leaves: 8]
[num_threads: 1]
[seed: 0]
[deterministic: 0]
[force_col_wise: 1]
[force_row_wise: 0]
[histogram_pool_size: -1]
[max_depth: -1]
[min_data_in_leaf: 25]
[min_sum_hessian_in_leaf: 0.001]
[bagging_fraction: 0.9]
[pos_bagging_fraction: 1]
[neg_bagging_fraction: 1]
[bagging_freq: 1]
[bagging_seed: 3]
[bagging_by_query: 0]
[feature_fraction: 0.9]
[feature_fraction_bynode: 1]
[feature_fraction_seed: 2]
[extra_trees: 0]
[extra_seed: 6]
[early_stopping_round: 0]
[early_stopping_min_delta: 0]
[first_metric_only: 0]
[max_delta_step: 0]
[lambda_l1: 0]
[lambda_l2: 0]
[linear_lambda: 0]
[min_gain_to_split: 0]
[drop_rate: 0.1]
[max_drop: 50]
[skip_drop: 0.5]
[xgboost_dart_mode: 0]
[uniform_drop: 0]
[drop_seed: 4]
[top_rate: 0.2]
[other_rate: 0.1]
[min_data_per_group: 100]
[max_cat_threshold: 32]
[cat_l2: 10]
[cat_smooth: 10]
[max_cat_to_onehot: 4]
[top_k: 20]
[monotone_constraints: ]
[monotone_constraints_method: basic]
[monotone_penalty: 0]
[feature_contri: ]
[forcedsplits_filename: ]
[refit_decay_rate: 0.9]
[cegb_tradeoff: 1]
[cegb_penalty_split: 0]
[cegb_penalty_feature_lazy: ]
[cegb_penalty_feature_coupled: ]
[path_smooth: 0]
[interaction_constraints: ]
[verbosity: -1]
[saved_feature_importance_type: 0]
[use_quantized_grad: 0]
[num_grad_quant_bins: 4]
[quant_train_renew_leaf: 0]
[stochastic_rounding: 1]
[linear_tree: 0]
[max_bin: 255]
[max_bin_by_feature: ]
[min_data_in_bin: 3]
[bin_construct_sample_cnt: 200000]
[data_random_seed: 1]
[is_enable_sparse: 1]
[enable_bundle: 1]
[use_missing: 1]
[zero_as_missing: 0]
[feature_pre_filter: 1]
[pre_partition: 0]
[two_round: 0]
[header: 0]
[label_column: ]
[weight_column: ]
[group_column: ]
[ignore_column: ]
[categorical_feature: ]
[forcedbins_filename: ]
[precise_float_parser: 0]
[parser_config_file: ]
[objective_seed: 5]
[num_class: 1]
[is_unbalance: 0]
[scale_pos_weight: 1]
[sigmoid: 1]
[boost_from_average: 1]
[reg_sqrt: 0]
[alpha: 0.1]
[fair_c: 1]
[poisson_max_delta_step: 0.7]
[tweedie_variance_power: 1.5]
[lambdarank_truncation_level: 30]
[lambdarank_norm: 1]
[label_gain: ]
[lambdarank_position_bias_regularization: 0]
[eval_at: ]
[multi_error_top_k: 1]
[auc_mu_weights: ]
[num_machines: 1]
[local_listen_port: 12400]
[time_out: 120]
[machine_list_filename: ]
[machines: ]
[gpu_platform_id: -1]
[gpu_device_id: -1]
[gpu_device_id_list: ]
[gpu_use_dp: 0]
[num_gpu: 1]

end of parameters

pandas_categorical:[]
