tree
version=v4
num_class=1
num_tree_per_iteration=1
label_index=0
max_feature_idx=16
objective=quantile
feature_names=ret_1d ret_5d ret_20d overnight_gap atr_pct parkinson_20 dvol_z_20 dist_ma20 dist_ma50 dist_ma200 spy_ret_1d spy_ret_5d spy_ret_20d vix_level vix_chg_1d sector_ret_1d sector_ret_5d
feature_infos=[-0.089783273295384936:0.10634779680345896] [-0.14857142621009756:0.13928242699820315] [-0.16279373911664319:0.18203410137799114] [-0.074968996969637991:0.1171683958383174] [0.010758313457602656:0.054840666078861934] [0.0073168403279142277:0.029680475657635146] [-2.4646417569064969:4.2304108126247781] [-0.13531888863676733:0.12201315288254166] [-0.18429808187648922:0.15393058247352842] [-0.16947635101166658:0.19432964900829686] [-0.058542971330535654:0.10501930183911301] [-0.11496151859245618:0.082843162776128354] [-0.1226559005192206:0.15756591020035837] [11.859999656677246:52.330001831054688] [-0.35753873962348437:0.74039073966007019] [-0.062852571542473257:0.088816390052506744] [-0.11675896877857916:0.085294626879873769]
tree_sizes=840 859 865 864 856 866 850 864 856 864 864 859 871 864 866 865 876 875 859 863 873 852 872 872 869 867 864

Tree=0
num_leaves=8
num_cat=0
split_feature=9 10 10 13 16 5 8
split_gain=0.864364 0.768963 0.875105 0.750008 0.840052 0.740969 0.541659
threshold=0.024478687024862448 0.012020737458552368 0.0058855718957657741 20.714999198913578 0.012819439754484964 0.012733495402736663 -0.047724870107692934
decision_type=8 2 2 2 2 2 10
left_child=1 2 3 4 -1 -6 -5
right_child=-2 -3 -4 6 5 -7 -8
leaf_value=0.0014941046599966999 0.001470666236104133 0.001910077772192087 0.0014437009987886996 0.00155700912698322 0.0017116048228629139 0.0015352016409332565 0.0018533594400026888
leaf_weight=166 380 27 64 26 30 28 25
leaf_count=166 380 27 64 26 30 28 25
internal_value=0.00147947 0.00321367 0.00256688 0.00379241 0.00254647 0.00772658 0.00926478
internal_weight=746 366 339 275 224 58 51
internal_count=746 366 339 275 224 58 51
is_linear=0
shrinkage=1


Tree=1
num_leaves=8
num_cat=0
split_feature=12 8 2 14 5 1 1
split_gain=1.18165 0.740192 1.79096 0.623482 1.25212 0.633014 0.695338
threshold=-0.050232690438178178 0.009863078748937994 0.02227234848366633 0.031770832380203846 0.012147659877545113 0.00069523241847213601 0.0072344843704815762
decision_type=2 8 2 2 2 2 2
left_child=-1 2 3 5 -5 -2 -7
right_child=1 -3 -4 4 -6 6 -8
leaf_value=0.0003467179131735367 -0.00011732138504320677 -5.5401644906125159e-05 0.00028483472494658169 -6.3258757274353762e-05 0.00044257623448367366 0.00018235039832325203 -7.9364333385019143e-05
leaf_weight=35 114 373 39 38 39 25 70
leaf_count=35 114 373 39 38 39 25 70
internal_value=0.000320599 -0.000128941 0.00161538 0.000244754 0.00409091 -0.00117225 0.0018421
internal_weight=733 698 325 286 77 209 95
internal_count=733 698 325 286 77 209 95
is_linear=0
shrinkage=0.05


Tree=2
num_leaves=8
num_cat=0
split_feature=9 13 14 6 1 9 1
split_gain=0.873927 1.22235 0.644872 0.513128 0.466686 0.753038 0.695686
threshold=-0.039508292043797515 20.714999198913578 0.031770832380203846 1.8962861003187099 0.0013337823061980727 0.028211095878447504 0.0062172191147236164
decision_type=8 2 2 2 2 10 2
left_child=1 2 -1 4 -2 6 -6
right_child=3 -3 -4 -5 5 -7 -8
leaf_value=-5.2943491914630108e-05 -7.9862860247230643e-05 0.00025240633022275419 0.00026989936579079456 0.0002752275381995006 0.0001352417733692868 -8.5706608904654002e-05 2.6140945116929401e-06
leaf_weight=110 234 43 35 37 29 107 150
leaf_count=110 234 43 35 37 29 107 150
internal_value=-0.000234901 0.00271276 0.00051724 -0.0012298 -0.00163462 -0.000279721 0.00170391
internal_weight=745 188 145 557 520 286 179
internal_count=745 188 145 557 520 286 179
is_linear=0
shrinkage=0.05


Tree=3
num_leaves=8
num_cat=0
split_feature=12 9 8 13 9 13 1
split_gain=0.950559 0.613527 0.714534 1.2353 1.38175 1.16302 1.16245
threshold=-0.050232690438178178 0.021941938255298225 -0.032533403021497924 17.994999885559086 -0.043644474481888899 15.905000209808351 0.0028709566832012538
decision_type=2 10 10 2 10 2 2
left_child=-1 2 -2 5 -5 6 -4
right_child=1 -3 3 4 -6 -7 -8
leaf_value=0.00027557384680202286 -6.9249147599667555e-05 -6.0361401285631528e-05 -5.1748316340433686e-05 0.00025422654843589455 1.9019571921527761e-05 -5.7497639751543565e-05 0.00014425527326321678
leaf_weight=39 172 214 45 47 38 105 77
leaf_count=39 172 214 45 47 38 105 77
internal_value=0.000223879 -0.000200574 0.000785123 0.00221154 0.00735294 0.000286342 0.00360656
internal_weight=737 698 484 312 85 227 122
internal_count=737 698 484 312 85 227 122
is_linear=0
shrinkage=0.05


Tree=4
num_leaves=8
num_cat=0
split_feature=2 6 6 1 12 1 9
split_gain=0.829044 0.643174 1.85185 0.442392 0.574508 1.42596 0.389581
threshold=-0.10414419707049326 1.7602261222850111 2.6628537732817956 0.036566886281313112 0.051085048604070045 -0.00194227390077345 0.029295685973964595
decision_type=2 2 2 2 2 2 10
left_child=-1 3 -3 4 6 -6 -2
right_child=1 2 -4 -5 5 -7 -8
leaf_value=0.00032528902506675963 -5.0283911899185584e-05 0.00040284005341236515 -0.00018125465500268791 7.848802447745416e-05 0.00016510803163581283 -0.00017697071801472887 -8.3049719883986309e-05
leaf_weight=33 367 27 27 77 28 39 145
leaf_count=33 367 27 27 77 28 39 145
internal_value=-0.000625842 -0.000985917 0.00425926 -0.00141768 -0.00189119 0.00246269 -0.00246094
internal_weight=743 710 54 656 579 67 512
internal_count=743 710 54 656 579 67 512
is_linear=0
shrinkage=0.05


Tree=5
num_leaves=8
num_cat=0
split_feature=8 12 6 11 1 1 16
split_gain=0.773231 0.401372 0.467621 0.438278 0.328256 0.95886 1.10139
threshold=-0.078399548178352249 0.047870780278131859 2.0828226148663957 0.0095883601476249875 -0.00021561002186681885 0.0062172191147236164 0.0038767855976370451
decision_type=8 2 2 2 2 2 2
left_child=-1 2 4 -3 -2 6 -6
right_child=1 3 -4 -5 5 -7 -8
leaf_value=0.00021349870712989704 -5.6548977106970287e-05 0.00012426299124982651 0.00018303928103683968 -5.6144865981876082e-05 0.00021926449317932447 -3.9233830861402813e-05 -9.7720871240583251e-05
leaf_weight=43 243 44 36 62 28 249 27
leaf_count=43 243 44 36 62 28 249 27
internal_value=0.00012295 -0.00028302 -0.0007976 0.00254717 -0.00116088 -6.57907e-05 0.00590909
internal_weight=732 689 583 106 547 304 55
internal_count=732 689 583 106 547 304 55
is_linear=0
shrinkage=0.05


Tree=6
num_leaves=8
num_cat=0
split_feature=2 9 2 8 13 12 10
split_gain=1.13184 0.51 0.461503 1.34054 1.82936 0.575855 0.492897
threshold=-0.064501409668347706 -0.10534316738574716 -0.016955418162506949 0.009863078748937994 17.994999885559086 0.03011425657329803 0.011197957811865391
decision_type=2 10 2 8 2 2 2
left_child=1 -1 -2 4 5 -4 -5
right_child=2 -3 3 6 -6 -7 -8
leaf_value=0.00024130896432811855 -7.1516363148127466e-05 0.00018779068166084419 -8.7270528645603444e-05 -5.4520675704578397e-05 0.00025603345221378125 0.00021560284070326716 0.00012868457114823001
leaf_weight=25 193 60 33 331 38 39 25
leaf_count=25 193 60 33 331 38 39 25
internal_value=-0.000430109 0.005 -0.0011305 -0.000278971 0.00454545 -0.00013889 -0.00176966
internal_weight=744 85 659 466 110 72 356
internal_count=744 85 659 466 110 72 356
is_linear=0
shrinkage=0.05


Tree=7
num_leaves=8
num_cat=0
split_feature=10 9 12 9 5 11 10
split_gain=0.506993 1.59642 0.332847 0.627451 0.448989 0.413484 0.526494
threshold=0.012020737458552368 0.017143853717634498 0.047870780278131859 -0.02578449478574046 0.012586114241097542 0.02573480883905466 -0.0014016774424328025
decision_type=2 8 2 10 2 2 2
left_child=2 -2 5 4 -4 6 -1
right_child=1 -3 3 -5 -6 -7 -8
leaf_value=8.6403667144848642e-07 0.00049367064396448653 -9.2900878390560709e-05 0.00013661826008970956 -5.1368699050802846e-05 0.00017052345534644705 7.3556965578151871e-05 -6.7590771256957003e-05
leaf_weight=233 29 25 26 51 25 49 302
leaf_count=233 29 25 26 51 25 49 302
internal_value=-0.000405407 0.00425926 -0.000772596 0.00186274 0.00578431 -0.00123288 -0.00163552
internal_weight=740 54 686 102 51 584 535
internal_count=740 54 686 102 51 584 535
is_linear=0
shrinkage=0.05


Tree=8
num_leaves=8
num_cat=0
split_feature=10 9 14 9 10 13 2
split_gain=0.784005 1.0213 0.632876 1.3552 1.94158 0.92403 0.285401
threshold=0.012020737458552368 0.01395681054422271 0.031770832380203846 -0.027785036228682388 -0.0050682190267434804 20.060000419616703 0.02227234848366633
decision_type=2 8 2 10 2 2 2
left_child=2 -2 6 4 5 -4 -1
right_child=1 -3 3 -5 -6 -7 -8
leaf_value=-0.00010048357632999937 0.00049442889755769634 -2.4701942078510786e-05 -5.5367809695198517e-05 -4.0017779293228079e-05 0.00036890697645034875 0.00010732092016209677 -8.0194210627212674e-06
leaf_weight=277 25 26 35 98 38 29 233
leaf_count=277 25 26 35 98 38 29 233
internal_value=-0.000203681 0.00578431 -0.000633804 0.00175 0.00578431 0.000468749 -0.00156863
internal_weight=761 51 710 200 102 64 510
internal_count=761 51 710 200 102 64 510
is_linear=0
shrinkage=0.05


Tree=9
num_leaves=8
num_cat=0
split_feature=13 9 13 12 6 14 14
split_gain=0.935058 0.584514 1.40686 0.723939 0.426301 0.461564 1.02842
threshold=25.505000114440922 -0.039508292043797515 20.714999198913578 0.017951128324421587 1.8962861003187099 0.009860755526874045 0.0012326341754252958
decision_type=2 8 2 2 2 2 2
left_child=1 2 3 -1 5 6 -3
right_child=-2 4 -4 -5 -6 -7 -8
leaf_value=0.00018573470217350181 0.00042198825930008237 -5.0231785100159838e-05 0.00024763532889383817 -4.7876987159088272e-05 0.00021943224808935159 -5.9941315757312618e-05 0.00019349400527444394
leaf_weight=46 31 294 26 94 35 180 32
leaf_count=46 31 294 26 94 35 180 32
internal_value=-0.000596207 -0.000968884 0.0016265 -0.000357144 -0.00176525 -0.00213439 -0.00101227
internal_weight=738 707 166 140 541 506 326
internal_count=738 707 166 140 541 506 326
is_linear=0
shrinkage=0.05


Tree=10
num_leaves=8
num_cat=0
split_feature=2 4 12 1 11 9 1
split_gain=0.702043 0.559002 0.482534 0.762514 0.489992 0.412722 0.369066
threshold=-0.064501409668347706 0.028169588334552839 0.03011425657329803 -0.023478929484445018 0.022371704579513211 -0.03873701477318147 0.00069523241847213601
decision_type=2 2 2 2 2 10 2
left_child=1 5 -2 -4 6 -1 -5
right_child=2 -3 3 4 -6 -7 -8
leaf_value=0.00030100488941701297 -2.8306389713533918e-05 -2.227833445839954e-05 0.00014836890360462544 -0.00014516197035269106 3.7408309042171321e-05 1.7410910893385569e-05 8.2545933466363953e-06
leaf_weight=28 409 30 25 67 41 27 121
leaf_count=28 409 30 25 67 41 27 121
internal_value=-0.000454547 0.00382353 -0.00100302 0.00070866 -0.000196508 0.00681818 -0.0012766
internal_weight=748 85 663 254 229 55 188
internal_count=748 85 663 254 229 55 188
is_linear=0
shrinkage=0.05


Tree=11
num_leaves=8
num_cat=0
split_feature=2 12 1 2 12 6 1
split_gain=0.608912 0.332293 0.610912 1.83333 0.742933 0.360972 0.356217
threshold=-0.10414419707049326 0.011040694977268452 -0.023731183897972515 -0.019040978984194653 0.01609265809314964 0.082713839429321812 -0.011752623086896617
decision_type=2 2 2 2 2 2 2
left_child=-1 5 3 -3 -4 -2 -7
right_child=1 2 4 -5 -6 6 -8
leaf_value=0.00023558145060616106 -5.5741358127166093e-05 -5.3867848413216767e-05 9.4904914775824681e-05 0.00023801604899647676 -3.389304478811575e-05 -6.9586450958690875e-05 8.155495050769264e-05
leaf_weight=37 171 30 29 25 360 55 39
leaf_count=37 171 30 29 25 360 55 39
internal_value=-0.00044236 -0.000768689 6.75664e-05 0.005 -0.000629821 -0.00216981 0.000319148
internal_weight=746 709 444 55 389 265 94
internal_count=746 709 444 55 389 265 94
is_linear=0
shrinkage=0.05


Tree=12
num_leaves=8
num_cat=0
split_feature=9 11 9 3 3 15 15
split_gain=0.471259 1.13392 0.79017 0.429922 0.798604 0.620512 0.875466
threshold=-0.036537371115613275 -0.0032135973316774753 -0.073823787203483301 0.0017965619649488176 0.002619690581365242 0.0076837574132989648 0.002104309979373276
decision_type=8 2 10 2 2 2 2
left_child=1 2 -1 -2 -5 6 -6
right_child=3 -3 -4 4 5 -7 -8
leaf_value=9.1966696763721013e-05 -7.2317923598805135e-05 -9.838585007562715e-06 0.00029223701760187502 0.00012348523357517285 -6.0136671038154942e-05 -3.5549238914533774e-05 9.5164482504923737e-05
leaf_weight=33 314 136 26 30 74 68 45
leaf_count=33 314 136 26 30 74 68 45
internal_value=-0.000179065 0.00192308 0.00771186 -0.000951037 0.000760367 -0.000454547 0.00172269
internal_weight=726 195 59 531 217 187 119
internal_count=726 195 59 531 217 187 119
is_linear=0
shrinkage=0.05


Tree=13
num_leaves=8
num_cat=0
split_feature=2 1 8 8 13 12 7
split_gain=0.514156 0.477784 0.35261 0.580063 1.30005 1.20748 0.987304
threshold=-0.064501409668347706 -0.015149236686680721 -0.032533403021497924 0.009863078748937994 19.010000228881839 0.03011425657329803 -0.011717417401300943
decision_type=2 2 10 10 2 2 2
left_child=1 -1 -2 4 5 -4 -6
right_child=2 -3 3 -5 6 -7 -8
leaf_value=-2.4778253036779083e-05 -9.3950116784811131e-05 0.00019544297633663409 -6.2198498110400247e-05 -2.3737978258324908e-05 4.7386237633400977e-05 9.1697417604060435e-05 0.00020143433456378218
leaf_weight=43 133 41 71 349 25 49 31
leaf_count=43 133 41 71 349 25 49 31
internal_value=-0.000350406 0.00333333 -0.00082067 -0.000238096 0.00210227 -0.000833335 0.00839286
internal_weight=742 84 658 525 176 120 56
internal_count=742 84 658 525 176 120 56
is_linear=0
shrinkage=0.05


Tree=14
num_leaves=8
num_cat=0
split_feature=12 13 2 14 14 1 16
split_gain=0.465048 0.900131 0.48496 0.531602 0.752582 0.455159 0.403386
threshold=0.045605778399391624 18.335000038146976 -0.060782925623210741 -0.061929277885563232 0.028010740507291913 0.042969641969557333 0.0086842183186093286
decision_type=2 2 2 2 2 2 2
left_child=2 -2 3 -1 -5 6 -4
right_child=1 -3 5 4 -6 -7 -8
leaf_value=0.00028554020998273062 -5.5334247547926501e-06 0.0003009241309330701 -2.0911116537022681e-05 -0.00011208453731504578 0.00017655335591738685 5.8324705388593042e-05 -4.9956585660020366e-05
leaf_weight=26 82 30 320 44 25 41 156
leaf_count=26 82 30 320 44 25 41 156
internal_value=-0.000372929 0.00258928 -0.000915034 0.00236842 7.24626e-05 -0.00151838 -0.00195378
internal_weight=724 112 612 95 69 517 476
internal_count=724 112 612 95 69 517 476
is_linear=0
shrinkage=0.05


Tree=15
num_leaves=8
num_cat=0
split_feature=10 11 1 7 9 4 16
split_gain=0.681505 0.511 0.497232 0.405393 0.686129 1.05889 0.284282
threshold=0.012020737458552368 -0.030384470516343128 0.042969641969557333 -0.032054330772004584 -0.068107068406092139 0.02196168422991842 0.0095662188420698752
decision_type=2 2 2 2 8 2 2
left_child=1 -1 3 -3 5 -5 -6
right_child=-2 2 -4 4 6 -7 -8
leaf_value=0.00016714265805410899 0.00010055092051745976 -9.483434918451421e-05 8.7353891657099584e-05 -0.00017179674675625345 -9.9228034968701596e-06 0.00021941178551349895 -4.2241593998992569e-05
leaf_weight=28 49 75 45 34 313 28 160
leaf_count=28 49 75 45 34 313 28 160
internal_value=-0.000491804 -0.00090044 -0.00118321 -0.00155738 -0.00107477 0.00387097 -0.00172305
internal_weight=732 683 655 610 535 62 473
internal_count=732 683 655 610 535 62 473
is_linear=0
shrinkage=0.05


Tree=16
num_leaves=8
num_cat=0
split_feature=12 12 13 1 3 14 14
split_gain=0.379451 0.376135 0.894468 0.56572 0.38449 0.530942 0.955913
threshold=-0.052281358654850445 0.0037862010061723299 20.335000038146976 0.025433126892865591 -0.0040521568197308113 0.0012326341754252958 0.01016731697942619
decision_type=2 2 2 2 2 2 2
left_child=-1 3 4 -2 -3 -6 -7
right_child=1 2 -4 -5 5 6 -8
leaf_value=0.00023552412637613151 -3.0392886696429148e-05 -9.1700929510233736e-05 0.00030210895915031011 0.00010258684143489849 -3.6802121782410637e-05 0.00024001460004221265 -2.002654233489069e-06
leaf_weight=31 190 83 25 28 252 34 108
leaf_count=31 190 83 25 28 252 34 108
internal_value=-0.000739016 -0.000972223 -0.000219125 -0.00270642 -0.000702307 -5.07626e-05 0.00239437
internal_weight=751 720 502 218 477 394 142
internal_count=751 720 502 218 477 394 142
is_linear=0
shrinkage=0.05


Tree=17
num_leaves=8
num_cat=0
split_feature=11 8 8 12 11 12 3
split_gain=0.314887 0.482311 0.882393 0.331299 0.285027 0.344223 0.346724
threshold=0.022371704579513211 0.041112266454827691 -0.013279439496970301 -0.052281358654850445 0.016901262896916184 -0.007281546892151213 0.0017965619649488176
decision_type=2 8 10 2 2 2 2
left_child=3 2 -2 -1 5 -5 -7
right_child=1 -3 -4 4 -6 6 -8
leaf_value=0.0002400606661598549 -9.4518779078700131e-05 -7.8476316890789663e-05 0.00021564328036184429 -4.6725757173776813e-05 -6.1937611908032423e-05 -4.2764130710151462e-05 3.0482904385517092e-05
leaf_weight=28 40 33 34 116 57 264 172
leaf_count=28 40 33 34 116 57 264 172
internal_value=-0.000967743 0.00154205 0.00378378 -0.00138933 -0.00163383 -0.00128623 -0.000642203
internal_weight=744 107 74 637 609 552 436
internal_count=744 107 74 637 609 552 436
is_linear=0
shrinkage=0.05


Tree=18
num_leaves=8
num_cat=0
split_feature=9 2 1 2 13 8 2
split_gain=0.562185 0.613461 0.581624 0.564893 0.501757 0.805717 0.789573
threshold=-0.041760903136094756 0.069391738127434724 0.033192751474365408 0.063544845725689206 18.94999980926514 -0.050353510379188386 -0.064501409668347706
decision_type=10 2 2 2 2 10 2
left_child=1 4 -2 -4 6 -6 -1
right_child=2 -3 3 -5 5 -7 -8
leaf_value=0.00013855343267345194 -4.3262051889740782e-05 0.00021123356566359999 0.00026040482075771347 -0.00018836008326483057 -4.4493921821334315e-05 0.00014498534847074755 -4.6891311887135688e-05
leaf_weight=25 349 27 34 36 53 47 179
leaf_count=25 349 27 34 36 53 47 179
internal_value=-0.000800001 0.00074018 -0.00201671 0.00214286 9.8683e-05 0.003 -0.00132353
internal_weight=750 331 419 70 304 100 204
internal_count=750 331 419 70 304 100 204
is_linear=0
shrinkage=0.05


Tree=19
num_leaves=8
num_cat=0
split_feature=2 4 2 8 3 4 9
split_gain=0.548308 0.607808 0.498478 1.05541 0.434045 0.463877 0.383362
threshold=-0.064501409668347706 0.027884693426222698 0.028792929470619514 0.015837109195651292 0.0017965619649488176 0.020749620518337616 -0.031496591209804019
decision_type=2 2 2 8 2 2 10
left_child=1 6 -2 -4 -5 -6 -1
right_child=2 -3 3 4 5 -7 -8
leaf_value=0.0003190912446150606 -2.6734930134603868e-05 -4.2908704412600078e-05 0.00019943100129219996 -4.7684139516987941e-05 -2.9067702138440134e-05 8.5344778465196617e-05 2.0839457636068908e-06
leaf_weight=25 384 34 32 137 61 41 27
leaf_count=25 384 34 32 137 61 41 27
internal_value=-0.000614036 0.00313953 -0.00110687 0.000535054 -0.000606696 0.00186274 0.00653846
internal_weight=741 86 655 271 239 102 52
internal_count=741 86 655 271 239 102 52
is_linear=0
shrinkage=0.05


Tree=20
num_leaves=8
num_cat=0
split_feature=10 7 2 13 16 3 12
split_gain=0.341954 0.374272 0.488666 0.379577 0.318804 0.290926 0.333165
threshold=0.012020737458552368 -0.036976085173205102 -0.060782925623210741 20.814999580383304 0.0095662188420698752 -0.0040521568197308113 0.03011425657329803
decision_type=2 2 2 2 2 2 2
left_child=1 -1 -3 4 5 -4 -7
right_child=-2 2 3 -5 -6 6 -8
leaf_value=-7.992383591538067e-05 9.8932786519879886e-05 7.9313233703405563e-05 -0.00010371867629122575 7.750238704791602e-05 -4.8774367150946219e-05 -2.9172203524279808e-05 6.3554142043960614e-05
leaf_weight=80 49 28 64 49 216 163 90
leaf_count=80 49 28 64 49 216 163 90
internal_value=-0.000872802 -0.00115942 -0.000737706 -0.00104811 -0.00143527 -0.000425869 0.000335967
internal_weight=739 690 610 582 533 317 253
internal_count=739 690 610 582 533 317 253
is_linear=0
shrinkage=0.05


Tree=21
num_leaves=8
num_cat=0
split_feature=12 8 7 0 0 1 12
split_gain=0.56279 0.307721 0.658117 0.611442 0.763752 0.32 0.281753
threshold=-0.051373899775069835 0.055656954611069905 0.021695541431258073 0.004974204816742823 -0.003665063419147296 0.036787819615883073 0.045605778399391624
decision_type=2 8 2 2 2 2 2
left_child=-1 2 6 4 -4 -5 -2
right_child=1 -3 3 5 -6 -7 -8
leaf_value=0.00021152473016052949 -2.5844090935851817e-05 -8.3858324432709399e-05 1.8498455105360486e-05 -2.7848143124692838e-05 0.00030224869349026914 0.0001159088504431308 1.22235463790188e-05
leaf_weight=33 395 154 27 25 29 25 58
leaf_count=33 395 154 27 25 29 25 58
internal_value=-0.000777481 -0.00107293 -0.000527729 0.00301887 0.00660714 -0.001 -0.00135762
internal_weight=746 713 559 106 56 50 453
internal_count=746 713 559 106 56 50 453
is_linear=0
shrinkage=0.05


Tree=22
num_leaves=8
num_cat=0
split_feature=9 13 2 8 9 15 9
split_gain=0.439356 0.508512 0.686577 0.267569 0.289652 0.37513 0.440616
threshold=-0.039508292043797515 20.814999580383304 -0.047527902257978254 -0.047724870107692934 0.053601928252953297 0.0022588811963102366 -0.010779056435036958
decision_type=8 2 2 10 10 2 8
left_child=1 2 -1 -2 5 -5 -7
right_child=3 -3 -4 4 -6 6 -8
leaf_value=0.00012350004703876445 -9.41368783087745e-05 0.00020539702911527913 -3.2573652105105599e-05 -3.2753156357961012e-05 -4.2849058573163134e-05 -2.2117696725249836e-05 7.96274590543779e-05
leaf_weight=44 69 39 94 191 155 32 116
leaf_count=44 69 39 94 191 155 32 116
internal_value=-0.000675677 0.00149717 7.24626e-05 -0.00135879 -0.000951418 -0.000132745 0.00175676
internal_weight=740 177 138 563 494 339 148
internal_count=740 177 138 563 494 339 148
is_linear=0
shrinkage=0.05


Tree=23
num_leaves=8
num_cat=0
split_feature=2 1 1 16 16 7 9
split_gain=0.487952 0.467352 0.22921 0.490461 0.645531 0.990425 0.459081
threshold=-0.064501409668347706 -0.032118504305591759 0.036249165918645694 0.0099479331042453562 0.002402607413579561 0.0043035939935419662 -0.043644474481888899
decision_type=2 2 2 2 2 2 10
left_child=1 -1 3 4 6 -6 -2
right_child=2 -3 -4 -5 5 -7 -8
leaf_value=-7.9335406529404417e-05 1.8602697835210958e-05 0.0001562549295863642 3.7178590291286495e-05 -3.7730242499417153e-05 8.0902072242410993e-05 -2.0713938358260163e-05 -7.0641908344869133e-05
leaf_weight=39 129 44 90 172 45 58 170
leaf_count=39 129 44 90 172 45 58 170
internal_value=-0.000783134 0.00283132 -0.00123494 -0.00160279 -0.000646767 0.00276699 -0.00182274
internal_weight=747 83 664 574 402 103 299
internal_count=747 83 664 574 402 103 299
is_linear=0
shrinkage=0.05


Tree=24
num_leaves=8
num_cat=0
split_feature=2 8 2 7 13 15 0
split_gain=0.570864 0.383797 0.484196 0.446009 0.56513 0.732505 1.13953
threshold=-0.10414419707049326 -0.059710849952539273 -0.064501409668347706 -0.010666419729896124 17.914999961853031 0.0062326616081639372 0.00085653720921241583
decision_type=2 10 2 2 2 2 2
left_child=-1 -2 -3 -4 -5 6 -6
right_child=1 2 3 4 5 -7 -8
leaf_value=0.00017015955778505655 -7.2354323013774628e-05 6.2381596833700569e-05 -6.457828790907896e-05 -1.2485560227108471e-05 -1.4268362247646994e-06 -5.2620921419343949e-05 0.00019056314141229318
leaf_weight=34 65 29 131 363 50 36 36
leaf_count=34 65 29 131 363 50 36 36
internal_value=-0.00103495 -0.00133803 -0.000968993 -0.00126623 -0.000567012 0.00237705 0.00488372
internal_weight=744 710 645 616 485 122 86
internal_count=744 710 645 616 485 122 86
is_linear=0
shrinkage=0.05


Tree=25
num_leaves=8
num_cat=0
split_feature=2 8 9 1 1 0 14
split_gain=0.677709 0.524609 0.304754 0.418955 0.601821 0.410725 0.368734
threshold=-0.060782925623210741 -0.053146045871372553 0.054363537866871321 0.00069523241847213601 0.0062172191147236164 0.0096133420078526894 0.028010740507291913
decision_type=2 8 8 2 2 2 2
left_child=1 -1 3 6 -5 -6 -2
right_child=2 -3 -4 4 5 -7 -8
leaf_value=1.3223305702781334e-06 -0.00013723716844120208 0.00017745167934817398 -3.7592795129143641e-05 0.00020689878315373019 -2.7791222585345994e-05 6.4251515968697854e-05 8.0883503705004445e-06
leaf_weight=73 93 30 309 27 109 45 64
leaf_count=73 93 30 309 27 109 45 64
internal_value=-0.001 0.00276699 -0.00159969 -0.000562131 0.00107735 -0.000129871 -0.00245223
internal_weight=750 103 647 338 181 154 157
internal_count=750 103 647 338 181 154 157
is_linear=0
shrinkage=0.05


Tree=26
num_leaves=8
num_cat=0
split_feature=2 1 13 11 15 8 9
split_gain=0.593789 0.442776 0.405322 0.3899 0.622222 0.276746 0.350027
threshold=-0.064501409668347706 -0.015149236686680721 13.444999694824221 0.016276955956380904 0.00036411406744352176 -0.032533403021497924 -0.030772463349231335
decision_type=2 2 2 2 2 8 10
left_child=1 -1 3 4 -2 -4 -7
right_child=2 -3 5 -5 -6 6 -8
leaf_value=-2.0072053968755104e-05 0.00018699268765065644 9.4773685610904362e-05 -7.6338523140907289e-05 -8.207411110728639e-05 -8.2898281117641794e-06 -1.4252554526534744e-06 -3.3586947630853602e-05
leaf_weight=46 28 44 70 29 35 230 261
leaf_count=46 28 44 70 29 35 230 261
internal_value=-0.00102961 0.00277778 -0.00155437 0.00152174 0.00373016 -0.00205882 -0.00163951
internal_weight=743 90 653 92 63 561 491
internal_count=743 90 653 92 63 561 491
is_linear=0
shrinkage=0.05


end of trees

feature_importances:
ret_5d=24
dist_ma200=24
ret_20d=22
spy_ret_20d=19
dist_ma50=16
vix_level=16
vix_chg_1d=10
spy_ret_1d=9
spy_ret_5d=8
sector_ret_5d=7
overnight_gap=6
dvol_z_20=6
dist_ma20=6
sector_ret_1d=5
ret_1d=4
atr_pct=4
parkinson_20=3

parameters:
[boosting: gbdt]
[objective: quantile]
[metric: quantile]
[tree_learner: serial]
[device_type: cpu]
[data_sample_strategy: bagging]
[data: ]
[valid: ]
[num_iterations: 80]
[learning_rate: 0.05]
[num_leaves: 8]
[num_threads: 1]
[seed: 0]
[deterministic: 0]
[force_col_wise: 1]
[force_row_wise: 0]
[histogram_pool_size: -1]
[max_depth: -1]
[min_data_in_leaf: 25]
[min_sum_hessian_in_leaf: 0.001]
[bagging_fraction: 0.9]
[pos_bagging_fraction: 1]
[neg_bagging_fraction: 1]
[bagging_freq: 1]
[bagging_seed: 3]
[bagging_by_query: 0]
[feature_fraction: 0.9]
[feature_fraction_bynode: 1]
[feature_fraction_seed: 2]
[extra_trees: 0]
[extra_seed: 6]
[early_stopping_round: 0]
[early_stopping_min_delta: 0]
[first_metric_only: 0]
[max_delta_step: 0]
[lambda_l1: 0]
[lambda_l2: 0]
[linear_lambda: 0]
[min_gain_to_split: 0]
[drop_rate: 0.1]
[max_drop: 50]
[skip_drop: 0.5]
[xgboost_dart_mode: 0]
[uniform_drop: 0]
[drop_seed: 4]
[top_rate: 0.2]
[other_rate: 0.1]
[min_data_per_group: 100]
[max_cat_threshold: 32]
[cat_l2: 10]
[cat_smooth: 10]
[max_cat_to_onehot: 4]
[top_k: 20]
[monotone_constraints: ]
[monotone_constraints_method: basic]
[monotone_penalty: 0]
[feature_contri: ]
[forcedsplits_filename: ]
[refit_decay_rate: 0.9]
[cegb_tradeoff: 1]
[cegb_penalty_split: 0]
[cegb_penalty_feature_lazy: ]
[cegb_penalty_feature_coupled: ]
[path_smooth: 0]
[interaction_constraints: ]
[verbosity: -1]
[saved_feature_importance_type: 0]
[use_quantized_grad: 0]
[num_grad_quant_bins: 4]
[quant_train_renew_leaf: 0]
[stochastic_rounding: 1]
[linear_tree: 0]
[max_bin: 255]
[max_bin_by_feature: ]
[min_data_in_bin: 3]
[bin_construct_sample_cnt: 200000]
[data_random_seed: 1]
[is_enable_sparse: 1]
[enable_bundle: 1]
[use_missing: 1]
[zero_as_missing: 0]
[feature_pre_filter: 1]
[pre_partition: 0]
[two_round: 0]
[header: 0]
[label_column: ]
[weight_column: ]
[group_column: ]
[ignore_column: ]
[categorical_feature: ]
[forcedbins_filename: ]
[precise_float_parser: 0]
[parser_config_file: ]
[objective_seed: 5]
[num_class: 1]
[is_unbalance: 0]
[scale_pos_weight: 1]
[sigmoid: 1]
[boost_from_average: 1]
[reg_sqrt: 0]
[alpha: 0.9]
[fair_c: 1]
[poisson_max_delta_step: 0.7]
[tweedie_variance_power: 1.5]
[lambdarank_truncation_level: 30]
[lambdarank_norm: 1]
[label_gain: ]
[lambdarank_position_bias_regularization: 0]
[eval_at: ]
[multi_error_top_k: 1]
[auc_mu_weights: ]
[num_machines: 1]
[local_listen_port: 12400]
[time_out: 120]
[machine_list_filename: ]
[machines: ]
[gpu_platform_id: -1]
[gpu_device_id: -1]
[gpu_device_id_list: ]
[gpu_use_dp: 0]
[num_gpu: 1]

end of parameters

pandas_categorical:[]
