tree
version=v4
num_class=1
num_tree_per_iteration=1
label_index=0
max_feature_idx=16
objective=quantile
feature_names=ret_1d ret_5d ret_20d overnight_gap atr_pct parkinson_20 dvol_z_20 dist_ma20 dist_ma50 dist_ma200 spy_ret_1d spy_ret_5d spy_ret_20d vix_level vix_chg_1d sector_ret_1d sector_ret_5d
feature_infos=[-0.19737133338516599:0.11496856607506767] [-0.23187235261468175:0.15874852634837433] [-0.28614908798172523:0.27481828817623843] [-0.17752743570994889:0.15398857528413634] [0.016156531617579666:0.054673160009894563] [0.0099893759542142371:0.02940155539001011] [-2.3829133107396236:4.2360102540283036] [-0.20817649608355315:0.16853407688906996] [-0.23256778780886178:0.23065738030113914] [-0.29837676780031153:0.36415043711541828] [-0.058542971330535654:0.10501930183911301] [-0.11496151859245618:0.082843162776128354] [-0.1226559005192206:0.15756591020035837] [11.859999656677246:52.330001831054688] [-0.35753873962348437:0.74039073966007019] [-0.068247998544687438:0.13425697132599002] [-0.13587196028298487:0.11773217696052685]
tree_sizes=834 861 866 862 842 852 849 854 853 870 862 869 856 862 861 860 862 865 869 867 863

Tree=0
num_leaves=8
num_cat=0
split_feature=5 6 12 6 6 1 1
split_gain=2.0363 1.55511 0.724523 0.807088 1.29195 0.640349 0.568261
threshold=0.016980368240620273 0.69708771213525977 0.020704073700370865 0.014582854404920936 -0.40206582237733307 0.017079021515589824 0.0073199511490508193
decision_type=2 2 2 2 2 2 2
left_child=6 2 3 4 5 -2 -1
right_child=1 -3 -4 -5 -6 -7 -8
leaf_value=-0.023051094383871776 -0.02395560786198318 -0.023792460158923619 -0.022999616541581783 -0.022488962500010923 -0.024130113997289503 -0.022830321168356951 -0.022734356812579719
leaf_weight=254 37 43 94 34 29 26 233
leaf_count=254 37 43 94 34 29 26 233
internal_value=-0.023286 -0.0268312 -0.0251315 -0.0276098 -0.0300425 -0.0260225 -0.0213714
internal_weight=750 263 220 126 92 63 487
internal_count=750 263 220 126 92 63 487
is_linear=0
shrinkage=1


Tree=1
num_leaves=8
num_cat=0
split_feature=9 1 2 1 14 11 11
split_gain=1.72153 1.35093 1.31117 1.23921 0.918822 0.634864 1.31256
threshold=-0.016522585065544434 0.0050413626278912336 0.021430999333842297 -0.01357336786018226 -0.041613677684134036 0.0039565944761287284 -0.013447702851804742
decision_type=8 2 2 2 2 2 2
left_child=1 3 -3 4 -1 6 -6
right_child=-2 2 -4 -5 5 -7 -8
leaf_value=-0.00070539118215293714 0.00019511086887962983 0.00046714313152743103 -0.00051947311458656832 -0.00050274537410025454 0.00054795945775917463 0.00056869140759174645 -0.00072572314606438558
leaf_weight=31 446 92 25 37 35 39 29
leaf_count=31 446 92 25 37 35 39 29
internal_value=2.72481e-05 -0.00298611 0.00115385 -0.00581871 -0.00358209 -0.00131068 -0.004375
internal_weight=734 288 117 171 134 103 64
internal_count=734 288 117 171 134 103 64
is_linear=0
shrinkage=0.05


Tree=2
num_leaves=8
num_cat=0
split_feature=5 6 1 7 1 11 8
split_gain=1.73329 1.55477 0.485711 0.495877 0.480985 1.26902 0.834274
threshold=0.016866191241987089 0.81333181522642872 0.0073199511490508193 0.064213989062025259 -0.00089691852051587684 0.00036209902272010824 -0.011678789266470977
decision_type=2 2 2 2 2 2 10
left_child=2 4 -1 -4 5 -2 -6
right_child=1 -3 3 -5 6 -7 -8
leaf_value=1.1092097404310966e-05 0.00020964491970289187 -0.00077095650178835733 0.00044444105882547673 -7.818904201017246e-05 0.00020857262605727579 -0.00062419308526234524 -0.00034687455725614081
leaf_weight=256 55 40 184 48 74 40 52
leaf_count=256 55 40 184 48 74 40 52
internal_value=-0.000140187 -0.00342912 0.00161885 0.00327586 -0.00178733 -0.00447368 0.000238095
internal_weight=749 261 488 232 221 95 126
internal_count=749 261 488 232 221 95 126
is_linear=0
shrinkage=0.05


Tree=3
num_leaves=8
num_cat=0
split_feature=7 14 3 3 6 4 2
split_gain=1.31348 1.19396 0.478494 0.882057 0.767711 0.674881 0.608362
threshold=-0.055748801018829446 -0.041810588725082691 0.010067296780936543 0.0084558071372953254 1.3442557924848562 0.024963859970193531 0.10527692854135041
decision_type=2 2 2 2 2 2 2
left_child=1 -1 3 4 5 -2 -7
right_child=2 -3 -4 -5 -6 6 -8
leaf_value=-0.00083052362994247883 0.00020543824573283096 -0.00022500834186810868 0.00046973692077674473 -0.00070105505132914212 -0.00062704227929936171 -0.00014201762187571898 0.00052721883210643116
leaf_weight=25 249 69 78 25 41 216 40
leaf_count=25 249 69 78 25 41 216 40
internal_value=-0.000114401 -0.0056383 0.00068567 0.000183888 0.000604396 0.00113861 -0.000664062
internal_weight=743 94 649 571 546 505 256
internal_count=743 94 649 571 546 505 256
is_linear=0
shrinkage=0.05


Tree=4
num_leaves=8
num_cat=0
split_feature=5 12 6 13 15 6 1
split_gain=1.1916 0.733446 1.20342 1.26 0.628845 0.717225 0.517011
threshold=0.017436960051418905 0.020704073700370865 0.014582854404920936 19.880000114440922 0.011274703585232195 0.60422422098838147 -0.0084269282845899057
decision_type=2 2 2 2 2 2 2
left_child=4 2 3 -2 5 -1 -7
right_child=1 -3 -4 -5 -6 6 -8
leaf_value=0.00017226439921225322 -0.0012032232960916547 2.914172604717918e-05 8.216151736912925e-06 -0.0005351431460890744 0.00031516190758277282 -0.00056266051417115247 -8.0760555119151079e-05
leaf_weight=361 25 93 51 45 92 33 46
leaf_count=361 25 93 51 45 92 33 46
internal_value=-2.68095e-05 -0.00317757 -0.0057438 -0.01 0.0012406 0.000454546 -0.00386076
internal_weight=746 214 121 70 532 440 79
internal_count=746 214 121 70 532 440 79
is_linear=0
shrinkage=0.05


Tree=5
num_leaves=8
num_cat=0
split_feature=5 6 12 6 1 4 15
split_gain=1.40861 0.58744 0.618883 1.02424 1.13451 0.567931 0.400816
threshold=0.01708609836744281 0.81333181522642872 0.018681855298992137 0.014582854404920936 1.0000000180025095e-35 0.039908387718239277 0.0094308963583541478
decision_type=2 2 2 2 2 2 2
left_child=6 2 3 4 -2 -4 -1
right_child=1 -3 5 -5 -6 -7 -8
leaf_value=5.6225613636687814e-05 -0.001043334638003675 -0.00065803244206776685 0.00025280086671947529 0.00055284967036204463 -0.00010582728533912254 -0.00018914264839681028 0.00028595967216773615
leaf_weight=373 37 36 67 30 43 31 120
leaf_count=373 37 36 67 30 43 31 120
internal_value=0.000115333 -0.0029918 -0.00197115 -0.00454545 -0.0075 0.000918368 0.00165314
internal_weight=737 244 208 110 80 98 493
internal_count=737 244 208 110 80 98 493
is_linear=0
shrinkage=0.05


Tree=6
num_leaves=8
num_cat=0
split_feature=9 2 7 9 7 8 8
split_gain=1.2242 1.07433 0.641445 1.56214 0.649733 0.62966 0.906901
threshold=-0.084692674535765219 0.010067697060067939 0.064213989062025259 0.23977808155597161 0.02227951031188136 -0.058109714975672792 -0.088851217300452187
decision_type=8 2 2 8 2 10 10
left_child=1 5 4 -4 -2 6 -1
right_child=2 -3 3 -5 -6 -7 -8
leaf_value=-0.00037350989152763975 2.362589021837497e-05 -0.00094344333050937537 0.00035502178486566976 -0.00066259949398264314 0.00045971282149419768 4.461139166130223e-05 -0.0004562192570907429
leaf_weight=54 306 25 40 35 173 88 25
leaf_count=54 306 25 40 35 173 88 25
internal_value=0.000107239 -0.00333333 0.00129964 -0.003 0.00197286 -0.00188623 -0.00512658
internal_weight=746 192 554 75 479 167 79
internal_count=746 192 554 75 479 167 79
is_linear=0
shrinkage=0.05


Tree=7
num_leaves=8
num_cat=0
split_feature=5 5 12 14 4 9 1
split_gain=1.36411 0.749246 1.13914 1.18095 1.10009 0.668067 0.539054
threshold=0.01708609836744281 0.02658054670670983 0.020704073700370865 0.028010740507291913 0.031086526478229966 -0.10940309920391082 -0.018209585549201043
decision_type=2 2 2 2 2 8 2
left_child=6 2 3 4 -2 -4 -1
right_child=1 -3 5 -5 -6 -7 -8
leaf_value=-8.2515531151944278e-05 -0.0012235193187615208 0.00035184944759579159 -0.00040170387186668649 -0.00013680630748997145 -0.0004892366868993642 6.8950944361182023e-05 0.00021031061356180971
leaf_weight=131 27 27 31 44 48 77 360
leaf_count=131 27 27 31 44 48 77 360
internal_value=0.000100671 -0.00287402 -0.00381057 -0.00718487 -0.011 -9.25924e-05 0.00163951
internal_weight=745 254 227 119 75 108 491
internal_count=745 254 227 119 75 108 491
is_linear=0
shrinkage=0.05


Tree=8
num_leaves=8
num_cat=0
split_feature=9 1 1 7 9 7 2
split_gain=1.10022 1.1442 1.51351 0.758409 1.45704 0.733334 0.583506
threshold=-0.084692674535765219 -0.00019207009147281792 -0.020270168428846044 0.064213989062025259 0.23977808155597161 0.02227951031188136 1.0000000180025095e-35
decision_type=8 2 2 2 8 2 2
left_child=1 2 -1 5 -5 -2 -3
right_child=3 6 -4 4 -6 -7 -8
leaf_value=-0.0003310446619956392 1.5819303447698777e-05 0.00026457533745275684 -0.00054063678348813813 0.00043149619889698326 -0.0006400202818080509 0.00041631942732793363 -0.00033467149400926425
leaf_weight=92 305 58 28 43 34 179 25
leaf_count=92 305 58 28 43 34 179 25
internal_value=2.61782e-05 -0.00312808 -0.00625 0.00116756 -0.00344156 0.00190083 0.00138554
internal_weight=764 203 120 561 77 484 83
internal_count=764 203 120 561 77 484 83
is_linear=0
shrinkage=0.05


Tree=9
num_leaves=8
num_cat=0
split_feature=9 4 11 7 7 14 10
split_gain=0.760243 0.682831 0.844447 0.679761 0.655589 0.686935 0.432164
threshold=0.031863041445085345 0.023101211332106165 0.0035059532242039952 0.067599690112994285 -0.055748801018829446 -0.034475777702634207 -0.00018001810557455308
decision_type=8 2 2 2 2 2 2
left_child=1 2 -1 -2 5 -3 -6
right_child=3 4 -4 -5 6 -7 -8
leaf_value=-0.00052730732867029353 0.00020135973597533091 -0.00040385380214873982 1.2942767718578048e-05 -0.00027046560549504267 0.00035829041465763038 -6.1837528423503059e-05 -1.6211180931099229e-05
leaf_weight=25 335 25 28 47 89 51 144
leaf_count=25 335 25 28 47 89 51 144
internal_value=0.000564516 -0.00107735 -0.00632075 0.00212042 -0.000177993 -0.00421053 0.00113734
internal_weight=744 362 53 382 309 76 233
internal_count=744 362 53 382 309 76 233
is_linear=0
shrinkage=0.05


Tree=10
num_leaves=8
num_cat=0
split_feature=5 1 5 8 8 16 1
split_gain=1.15792 0.736911 1.24143 0.877945 0.645463 0.502762 0.369533
threshold=0.016866191241987089 -0.00089691852051587684 0.020883710316398265 -0.011678789266470977 -0.048729692446608179 0.016058359409100279 -0.022165181015080467
decision_type=2 2 2 10 10 2 2
left_child=6 2 4 -3 -2 -5 -1
right_child=1 3 -4 5 -6 -7 -8
leaf_value=-0.00011058409516346855 -0.00046569890100246406 0.00014749389007492723 -0.00049784953969844389 -0.0006046779861062859 0.00051342378507479147 1.119131708649732e-05 0.00020660871330632449
leaf_weight=125 47 76 36 28 33 37 367
leaf_count=125 47 76 36 28 33 37 367
internal_value=0.000327103 -0.002393 -0.00534483 3.54612e-05 -0.001875 -0.00423077 0.00174797
internal_weight=749 257 116 141 80 65 492
internal_count=749 257 116 141 80 65 492
is_linear=0
shrinkage=0.05


Tree=11
num_leaves=8
num_cat=0
split_feature=1 9 7 15 10 14 4
split_gain=1.09197 0.979104 0.896486 1.44503 0.539168 0.851631 0.506709
threshold=0.0073199511490508193 -0.16793686090838608 0.064213989062025259 0.0052014350925694295 0.0083252944612894914 -0.049735428455543622 0.03260902301400407
decision_type=2 8 2 2 2 2 2
left_child=1 -1 -2 -4 5 -3 -7
right_child=2 4 3 -5 -6 6 -8
leaf_value=-0.00037329233280777527 0.00016603326965304024 -0.00057448215805872254 -0.00036058656759140886 0.00034802923203727147 0.00024046869368701563 -2.0744858011813715e-05 0.00069964916287810586
leaf_weight=50 271 32 39 34 54 230 37
leaf_count=50 271 32 39 34 54 230 37
internal_value=0.000314592 -0.00145161 0.00238372 -0.00253425 -0.000524079 -0.00135451 -0.000430711
internal_weight=747 403 344 73 353 299 267
internal_count=747 403 344 73 353 299 267
is_linear=0
shrinkage=0.05


Tree=12
num_leaves=8
num_cat=0
split_feature=1 6 6 6 5 12 6
split_gain=1.05419 1.09741 0.620072 1.30731 0.63294 0.745074 0.534317
threshold=0.0073199511490508193 0.95725061803595868 -0.023473816156236112 -0.24512030129300882 0.017436960051418905 0.027464748071709514 0.76521281711094569
decision_type=2 2 2 2 2 2 2
left_child=1 2 3 4 -1 -6 -2
right_child=6 -3 -4 -5 5 -7 -8
leaf_value=8.6080776588268995e-05 0.00014258550504721589 -0.00050663812573835669 0.00048316458188645413 -0.0005124459398892948 -0.0007850026755540897 0.00021577529876740448 -4.5992531241092758e-05
leaf_weight=158 271 48 85 40 35 29 68
leaf_count=158 271 48 85 40 35 29 68
internal_value=0.000299728 -0.0014557 -0.000475504 -0.00167939 -0.00018018 -0.004375 0.00234513
internal_weight=734 395 347 262 222 64 339
internal_count=734 395 347 262 222 64 339
is_linear=0
shrinkage=0.05


Tree=13
num_leaves=8
num_cat=0
split_feature=7 16 14 0 8 2 13
split_gain=1.02324 0.97362 0.642307 1.05289 0.448554 0.519903 1.08959
threshold=-0.055748801018829446 -0.012788159845553424 0.0250539094836888 0.0037112007103260462 0.059890435279288397 0.0083650848573202392 17.369999885559086
decision_type=2 2 2 2 8 2 2
left_child=1 -1 4 -4 5 -2 -7
right_child=2 -3 3 -5 -6 6 -8
leaf_value=0.00015145754796595193 0.00018465582306841731 -0.00032518629880875735 2.0221558465695016e-05 -0.00036891245162750053 0.00033572766557173381 2.2528539373223489e-05 -0.00091922855659796294
leaf_weight=51 182 43 139 46 165 94 25
leaf_count=51 182 43 139 46 165 94 25
internal_value=0.000302014 -0.00457447 0.00100614 -0.00148649 0.00199571 0.000847176 -0.00172269
internal_weight=745 94 651 185 466 301 119
internal_count=745 94 651 185 466 301 119
is_linear=0
shrinkage=0.05


Tree=14
num_leaves=8
num_cat=0
split_feature=7 7 3 7 15 1 5
split_gain=1.24163 0.74632 0.5625 0.560732 1.64781 0.777404 0.497818
threshold=-0.055748801018829446 -0.069646833657606863 -0.0016108528883499449 0.064213989062025259 0.0052014350925694295 0.016087665903266161 0.020883710316398265
decision_type=2 2 2 2 2 2 2
left_child=1 2 -1 5 -5 6 -2
right_child=3 -3 -4 4 -6 -7 -8
leaf_value=-0.00029322592915627339 1.9407245424310786e-05 -0.00074379254230026628 0.00018286008974200641 -0.00054886254520163861 0.00035858337851486398 0.00030938812926841163 -0.00040580520339474296
leaf_weight=32 331 25 32 38 40 196 25
leaf_count=32 331 25 32 38 40 196 25
internal_value=-0.000146036 -0.00567416 -0.0028125 0.000634921 -0.00333333 0.00119565 -0.000196629
internal_weight=719 89 64 630 78 552 356
internal_count=719 89 64 630 78 552 356
is_linear=0
shrinkage=0.05


Tree=15
num_leaves=8
num_cat=0
split_feature=9 2 1 12 13 7 7
split_gain=0.82076 0.80727 0.851917 0.793956 0.612141 0.401431 0.864564
threshold=-0.097812841058526043 0.0060630812426213385 1.0000000180025095e-35 0.030225139979897734 19.585000038146976 0.02227951031188136 0.067599690112994285
decision_type=8 2 2 2 2 2 2
left_child=1 2 3 4 -1 -2 -7
right_child=5 -3 -4 -5 -6 6 -8
leaf_value=-0.00039725202948836667 2.1032799587409783e-05 -0.0008310099749862178 0.00014575885069126595 0.00050010160592773179 -2.6259593519556955e-05 0.00038110334522156226 -4.9316211621443256e-05
leaf_weight=29 323 26 55 28 34 180 68
leaf_count=29 323 26 55 28 34 180 68
internal_value=0.000760431 -0.00226744 -0.000821918 -0.00379121 -0.00690476 0.0016725 0.00318548
internal_weight=743 172 146 91 63 571 248
internal_count=743 172 146 91 63 571 248
is_linear=0
shrinkage=0.05


Tree=16
num_leaves=8
num_cat=0
split_feature=7 14 14 0 16 1 3
split_gain=0.964256 0.608683 0.445216 0.656865 0.441058 0.465511 0.477513
threshold=-0.055748801018829446 -0.043478201036805324 0.0250539094836888 0.0037112007103260462 -0.020043283774911044 0.012644223143551738 -0.0037111121716441593
decision_type=2 2 2 2 2 2 2
left_child=1 -1 -2 4 -4 6 -6
right_child=2 -3 3 -5 5 -7 -8
leaf_value=-0.00050757337267238469 0.00013629664236573723 -2.6750183367649826e-05 0.00033816812663004799 -0.0003391694597908186 1.2076526755769052e-05 0.0002970885572566682 -0.00056040928497212152
leaf_weight=25 478 72 41 44 27 34 36
leaf_count=25 478 72 41 44 27 34 36
internal_value=0.000376486 -0.00427835 0.00106061 -0.00104396 0.000652174 -0.00118557 -0.00373016
internal_weight=757 97 660 182 138 97 63
internal_count=757 97 660 182 138 97 63
is_linear=0
shrinkage=0.05


Tree=17
num_leaves=8
num_cat=0
split_feature=9 1 1 8 10 6 11
split_gain=0.892095 1.24347 1.12344 0.525009 0.489926 0.575117 0.490714
threshold=-0.084692674535765219 -0.00019207009147281792 -0.020270168428846044 -0.048729692446608179 0.0063549452815370175 0.69708771213525977 0.010672166565218634
decision_type=8 2 2 10 2 2 2
left_child=1 2 3 -1 5 -2 -7
right_child=4 -3 -4 -5 -6 6 -8
leaf_value=-0.00033814261504227534 5.2999630313790499e-05 3.2836565850662362e-05 -0.00041251111543299943 0.0004441519358344137 0.00029793098324135153 -0.00049040389250854357 0.00025530218345596071
leaf_weight=56 355 85 28 25 126 42 29
leaf_count=56 355 85 28 25 126 42 29
internal_value=0.000442359 -0.00247423 -0.00600917 -0.00302469 0.00146739 0.000657277 -0.0034507
internal_weight=746 194 109 81 552 426 71
internal_count=746 194 109 81 552 426 71
is_linear=0
shrinkage=0.05


Tree=18
num_leaves=8
num_cat=0
split_feature=9 1 1 6 6 8 15
split_gain=0.779864 1.12904 0.975337 0.448677 0.663399 0.421317 0.570459
threshold=-0.084692674535765219 -0.00019207009147281792 -0.020270168428846044 0.60422422098838147 -0.21394336693895769 -0.066734552471492833 -0.0024117188701973098
decision_type=8 2 2 2 2 10 2
left_child=1 2 3 4 -1 -2 -7
right_child=5 -3 -4 -5 -6 6 -8
leaf_value=-0.00033672258582654604 -9.3318762119502262e-05 3.1133609907521651e-05 -0.0003893888251221677 -0.00015635566963441159 0.00081534676515997238 -3.5955503052146892e-05 0.00023969184105019641
leaf_weight=34 75 84 30 31 29 156 314
leaf_count=34 75 84 30 31 29 156 314
internal_value=0.000152723 -0.00245192 -0.00548387 -0.00297872 -0.000555555 0.00114679 0.00170213
internal_weight=753 208 124 94 63 545 470
internal_count=753 208 124 94 63 545 470
is_linear=0
shrinkage=0.05


Tree=19
num_leaves=8
num_cat=0
split_feature=5 2 2 3 10 7 7
split_gain=0.968738 0.709347 1.14091 0.893089 0.479955 0.586508 0.696343
threshold=0.016866191241987089 0.021430999333842297 -0.10583805509499476 0.00035159193284195483 0.0040309091899630731 0.064213989062025259 0.021544896419416929
decision_type=2 2 2 2 2 2 2
left_child=4 2 -2 -3 5 6 -1
right_child=1 3 -4 -5 -6 -7 -8
leaf_value=-2.9450410297133499e-05 -0.00046431889921065111 -2.1854307852579252e-05 4.3345493613417623e-05 -0.00098272739231218954 0.00020432594686831888 -0.00018592575010780484 0.00034038851430091615
leaf_weight=202 64 41 115 39 157 25 96
leaf_count=202 64 41 115 39 157 25 96
internal_value=0.000128552 -0.00233591 -0.000586592 -0.00625 0.00145833 0.000356037 0.000973155
internal_weight=739 259 179 80 480 323 298
internal_count=739 259 179 80 480 323 298
is_linear=0
shrinkage=0.05


Tree=20
num_leaves=8
num_cat=0
split_feature=5 15 0 9 2 10 7
split_gain=0.734767 0.652886 0.809283 0.451319 0.349091 0.344237 0.434064
threshold=0.018165101901203067 0.002661722857901561 -0.00047653839951389271 -0.21231135164133583 -0.069012234748169241 0.0078861973708463946 0.064213989062025259
decision_type=2 2 2 10 2 2 2
left_child=5 3 -3 -2 -4 6 -1
right_child=1 2 4 -5 -6 -7 -8
leaf_value=5.0507652187290104e-05 -0.00044498006129404296 -0.00089754747897831291 0.00067167393043458844 0.00031736530357064649 -0.00012582225606299179 0.00029099609639277757 -4.4161643548373404e-05
leaf_weight=448 28 34 25 50 30 89 47
leaf_count=448 28 34 25 50 30 89 47
internal_value=0.000739015 -0.00218563 -0.00511236 0.00115385 -0.00136364 0.00157534 0.00106061
internal_weight=751 167 89 78 55 584 495
internal_count=751 167 89 78 55 584 495
is_linear=0
shrinkage=0.05


end of trees

feature_importances:
ret_5d=22
dist_ma20=19
dvol_z_20=16
parkinson_20=12
dist_ma200=12
ret_20d=9
dist_ma50=8
vix_chg_1d=8
spy_ret_20d=6
sector_ret_1d=6
overnight_gap=5
atr_pct=5
spy_ret_1d=5
spy_ret_5d=5
ret_1d=3
vix_level=3
sector_ret_5d=3

parameters:
[boosting: gbdt]
[objective: quantile]
[metric: quantile]
[tree_learner: serial]
[device_type: cpu]
[data_sample_strategy: bagging]
[data: ]
[valid: ]
[num_iterations: 80]
[learning_rate: 0.05]
[num_leaves: 8]
[num_threads: 1]
[seed: 0]
[deterministic: 0]
[force_col_wise: 1]
[force_row_wise: 0]
[histogram_pool_size: -1]
[max_depth: -1]
[min_data_in_leaf: 25]
[min_sum_hessian_in_leaf: 0.001]
[bagging_fraction: 0.9]
[pos_bagging_fraction: 1]
[neg_bagging_fraction: 1]
[bagging_freq: 1]
[bagging_seed: 3]
[bagging_by_query: 0]
[feature_fraction: 0.9]
[feature_fraction_bynode: 1]
[feature_fraction_seed: 2]
[extra_trees: 0]
[extra_seed: 6]
[early_stopping_round: 0]
[early_stopping_min_delta: 0]
[first_metric_only: 0]
[max_delta_step: 0]
[lambda_l1: 0]
[lambda_l2: 0]
[linear_lambda: 0]
[min_gain_to_split: 0]
[drop_rate: 0.1]
[max_drop: 50]
[skip_drop: 0.5]
[xgboost_dart_mode: 0]
[uniform_drop: 0]
[drop_seed: 4]
[top_rate: 0.2]
[other_rate: 0.1]
[min_data_per_group: 100]
[max_cat_threshold: 32]
[cat_l2: 10]
[cat_smooth: 10]
[max_cat_to_onehot: 4]
[top_k: 20]
[monotone_constraints: ]
[monotone_constraints_method: basic]
[monotone_penalty: 0]
[feature_contri: ]
[forcedsplits_filename: ]
[refit_decay_rate: 0.9]
[cegb_tradeoff: 1]
[cegb_penalty_split: 0]
[cegb_penalty_feature_lazy: ]
[cegb_penalty_feature_coupled: ]
[path_smooth: 0]
[interaction_constraints: ]
[verbosity: -1]
[saved_feature_importance_type: 0]
[use_quantized_grad: 0]
[num_grad_quant_bins: 4]
[quant_train_renew_leaf: 0]
[stochastic_rounding: 1]
[linear_tree: 0]
[max_bin: 255]
[max_bin_by_feature: ]
[min_data_in_bin: 3]
[bin_construct_sample_cnt: 200000]
[data_random_seed: 1]
[is_enable_sparse: 1]
[enable_bundle: 1]
[use_missing: 1]
[zero_as_missing: 0]
[feature_pre_filter: 1]
[pre_partition: 0]
[two_round: 0]
[header: 0]
[label_column: ]
[weight_column: ]
[group_column: ]
[ignore_column: ]
[categorical_feature: ]
[forcedbins_filename: ]
[precise_float_parser: 0]
[parser_config_file: ]
[objective_seed: 5]
[num_class: 1]
[is_unbalance: 0]
[scale_pos_weight: 1]
[sigmoid: 1]
[boost_from_average: 1]
[reg_sqrt: 0]
[alpha: 0.1]
[fair_c: 1]
[poisson_max_delta_step: 0.7]
[tweedie_variance_power: 1.5]
[lambdarank_truncation_level: 30]
[lambdarank_norm: 1]
[label_gain: ]
[lambdarank_position_bias_regularization: 0]
[eval_at: ]
[multi_error_top_k: 1]
[auc_mu_weights: ]
[num_machines: 1]
[local_listen_port: 12400]
[time_out: 120]
[machine_list_filename: ]
[machines: ]
[gpu_platform_id: -1]
[gpu_device_id: -1]
[gpu_device_id_list: ]
[gpu_use_dp: 0]
[num_gpu: 1]

end of parameters

pandas_categorical:[]
