tree
version=v4
num_class=1
num_tree_per_iteration=1
label_index=0
max_feature_idx=16
objective=quantile
feature_names=ret_1d ret_5d ret_20d overnight_gap atr_pct parkinson_20 dvol_z_20 dist_ma20 dist_ma50 dist_ma200 spy_ret_1d spy_ret_5d spy_ret_20d vix_level vix_chg_1d sector_ret_1d sector_ret_5d
feature_infos=[-0.1788873386791191:0.26475243929052761] [-0.18782125189574184:0.51151785164535446] [-0.26800658541624844:0.60833283142633165] [-0.21283881912557956:0.12745654918119187] [0.03109911893239033:0.081475428562117327] [0.020363717772197538:0.043651036518742796] [-2.1181861756424305:4.2820418259668269] [-0.1876133887845598:0.41233883841542918] [-0.25547096216368048:0.52129333574423842] [-0.39281060005483004:0.76508788622376156] [-0.058542971330535654:0.10501930183911301] [-0.11496151859245618:0.082843162776128354] [-0.1226559005192206:0.15756591020035837] [11.859999656677246:52.330001831054688] [-0.35753873962348437:0.74039073966007019] [-0.068247998544687438:0.13425697132599002] [-0.13587196028298487:0.11773217696052685]
tree_sizes=842 862 860 859 853 859 854 861 858 859 858 860 859 855

Tree=0
num_leaves=8
num_cat=0
split_feature=6 7 16 16 12 3 9
split_gain=5.98042 2.77144 2.39989 2.73019 2.38519 2.30671 3.81711
threshold=-0.48434697241659913 0.033648013919354798 -0.016506626659326392 0.034184558256457061 -0.011548252560612314 -0.0055744873255268437 -0.18249743593655623
decision_type=2 2 2 2 2 2 10
left_child=2 5 4 -4 -1 6 -2
right_child=1 -3 3 -5 -6 -7 -8
leaf_value=-0.016757069993764161 -0.017419332452118397 -0.017438821308314801 -0.016791276447474957 -0.017246578820049763 -0.017695509549230336 -0.017265108181163669 -0.016725665470585228
leaf_weight=30 40 173 175 41 38 204 49
leaf_count=30 40 173 175 41 38 204 49
internal_value=-0.0168634 -0.0203489 -0.0111441 -0.00856521 -0.0193359 -0.017386 -0.0106694
internal_weight=750 466 284 216 68 293 89
internal_count=750 466 284 216 68 293 89
is_linear=0
shrinkage=1


Tree=1
num_leaves=8
num_cat=0
split_feature=8 14 0 10 11 10 5
split_gain=4.69463 3.08046 2.74721 2.63003 2.45424 2.63272 1.89007
threshold=0.15277086403581888 0.10157519013318318 -0.0094295682763375615 0.0078861973708463946 0.027231962502118127 -0.0038583192426028807 0.032856223804421859
decision_type=10 2 2 2 2 2 2
left_child=1 2 3 -1 5 -4 -7
right_child=-2 -3 4 -5 -6 6 -8
leaf_value=0.00030619300669059162 -0.00063906557508744302 -0.00040113224531523883 -0.00030221031513065109 -0.0001939695910550654 -0.00054163130000233655 0.00011109406128525738 -0.00054033567430451519
leaf_weight=191 62 58 43 25 40 283 32
leaf_count=191 62 58 43 25 40 283 32
internal_value=-0.000544959 0.000669643 0.0017101 0.00625 -0.000753769 0.000558659 0.00214286
internal_weight=734 672 614 216 398 358 315
internal_count=734 672 614 216 398 358 315
is_linear=0
shrinkage=0.05


Tree=2
num_leaves=8
num_cat=0
split_feature=6 16 12 16 7 5 9
split_gain=4.49693 2.56016 2.46216 2.17477 1.79451 1.62005 2.01486
threshold=-0.496176258741232 -0.016506626659326392 -0.011548252560612314 0.0345124392496673 0.076660818089992935 0.033862935793535574 -0.18249743593655623
decision_type=2 2 2 2 2 2 10
left_child=1 2 -1 -3 5 6 -2
right_child=4 3 -4 -5 -6 -7 -8
leaf_value=0.00034254056692589068 -0.00015788365199114198 0.00030377104601939212 -0.0005446666172938422 -6.7569726146757622e-05 -0.00041061192844063044 -0.00059676219246466641 7.3806705418974147e-05
leaf_weight=26 132 178 36 39 77 32 229
leaf_count=26 132 178 36 39 77 32 229
internal_value=-0.000100134 0.00492832 -0.00403226 0.00748848 -0.00308511 -0.00171756 -0.000761773
internal_weight=749 279 62 217 470 393 361
internal_count=749 279 62 217 470 393 361
is_linear=0
shrinkage=0.05


Tree=3
num_leaves=8
num_cat=0
split_feature=6 6 10 11 16 1 12
split_gain=3.86981 2.06753 2.15745 1.90103 2.67389 1.84979 1.42274
threshold=-0.51238946479442637 -0.83474746282225187 0.00097851086285993837 0.0081473860033931551 -0.0075347013645664642 -0.022160296929169317 -0.0077540971574964193
decision_type=2 2 2 2 2 2 2
left_child=1 3 -3 4 -1 6 -2
right_child=5 2 -4 -5 -6 -7 -8
leaf_value=-0.00024059137965668916 -0.00035293547352921451 9.6146761345153328e-05 0.00034541567063351981 -0.00011646487829420939 0.00041026090192463027 -0.00021857849166262886 0.00010910042931718632
leaf_weight=47 50 65 64 51 33 307 126
leaf_count=47 50 65 64 51 33 307 126
internal_value=-0.000302826 0.00461538 0.00910853 0.00019084 0.005 -0.00295031 0.00113636
internal_weight=743 260 129 131 80 483 176
internal_count=743 260 129 131 80 483 176
is_linear=0
shrinkage=0.05


Tree=4
num_leaves=8
num_cat=0
split_feature=8 14 6 6 3 5 13
split_gain=3.46711 2.82119 2.03211 2.19729 2.26207 2.08797 2.19598
threshold=0.15277086403581888 0.10157519013318318 -0.48434697241659913 -0.83474746282225187 0.001591639793708244 0.033862935793535574 16.355000495910648
decision_type=10 2 2 2 2 2 2
left_child=1 2 3 -1 -5 6 -4
right_child=-2 -3 5 4 -6 -7 -8
leaf_value=1.3245246085352887e-05 -0.00037378630109247742 -0.00035528859483514673 -0.00010309025031398061 0.00013426043492441761 0.00042417971560473249 -0.00048097249898226439 0.00013965634729524022
leaf_weight=117 68 59 173 74 57 26 172
leaf_count=117 68 59 173 74 57 26 172
internal_value=0.000469169 0.00154867 0.00254443 0.00604839 0.0104962 0.000202156 0.00123188
internal_weight=746 678 619 248 131 371 345
internal_count=746 678 619 248 131 371 345
is_linear=0
shrinkage=0.05


Tree=5
num_leaves=8
num_cat=0
split_feature=6 0 6 10 16 0 6
split_gain=3.54316 2.94306 2.32319 3.51038 2.09402 2.02194 2.01404
threshold=-0.37539880209634402 -0.0095841840144162398 -0.83474746282225187 0.00097851086285993837 0.026309118506577581 -0.0019709274123123617 0.59763167545457463
decision_type=2 2 2 2 2 2 2
left_child=2 -2 5 -4 -5 -1 -3
right_child=1 6 3 4 -6 -7 -8
leaf_value=0.00019046209459940654 3.6875399446442349e-05 -0.00038249402817821816 2.7471200785135488e-05 0.00038470655397893473 0.00017417991852735956 -0.00020987249561923074 -0.00019857051464509999
leaf_weight=57 173 165 92 64 26 65 95
leaf_count=57 173 165 92 64 26 65 95
internal_value=-0.000848033 -0.00375289 0.00328947 0.00686813 0.0138889 -0.00204918 -0.00711538
internal_weight=737 433 304 182 90 122 260
internal_count=737 433 304 182 90 122 260
is_linear=0
shrinkage=0.05


Tree=6
num_leaves=8
num_cat=0
split_feature=8 14 11 6 15 3 6
split_gain=3.08938 2.8507 2.54308 1.97073 1.89712 1.84197 1.65834
threshold=0.15277086403581888 0.10157519013318318 0.027231962502118127 -0.37539880209634402 0.0056077407347913119 -0.0083119057022205105 -0.90150769972074396
decision_type=10 2 2 2 2 2 2
left_child=1 2 3 6 -4 -3 -1
right_child=-2 5 4 -5 -6 -7 -8
leaf_value=2.3076608562046764e-05 -0.00050870466278284251 2.9204857697622683e-05 4.5726694573907086e-05 5.5527120456550645e-06 -0.00061969061800336072 -0.00048528420778342414 0.00027733155527506114
leaf_weight=91 68 25 28 303 33 36 162
leaf_count=91 68 25 28 303 33 36 162
internal_value=-0.000134048 0.000884956 0.00190438 0.00296763 -0.00778689 -0.00942623 0.0062253
internal_weight=746 678 617 556 61 61 253
internal_count=746 678 617 556 61 61 253
is_linear=0
shrinkage=0.05


Tree=7
num_leaves=8
num_cat=0
split_feature=6 6 8 1 1 10 3
split_gain=2.85209 2.65374 2.38041 1.80977 2.35329 1.50731 1.49609
threshold=-0.51238946479442637 -0.83474746282225187 -0.041223745686863038 -0.023130049501262847 -0.11860090348492068 0.00097851086285993837 -0.0036058968411993848
decision_type=2 2 10 2 2 2 2
left_child=1 2 -1 4 -2 -3 -6
right_child=3 5 -4 -5 6 -7 -8
leaf_value=0.00025398196166070974 -0.00048131906114698073 0.00011371361279379662 -0.00010894882227178186 -0.00019168660393983948 0.00031161488014624515 0.00025527539084524702 3.6687927060355054e-05
leaf_weight=69 29 69 62 312 51 63 90
leaf_count=69 29 69 62 312 51 63 90
internal_value=-0.000100671 0.00408745 -0.000954198 -0.00238589 0.00176471 0.00909091 0.00443262
internal_weight=745 263 131 482 170 132 141
internal_count=745 263 131 482 170 132 141
is_linear=0
shrinkage=0.05


Tree=8
num_leaves=8
num_cat=0
split_feature=14 8 6 6 3 0 15
split_gain=2.87744 2.62252 2.09386 2.26933 2.72728 1.72153 1.57051
threshold=0.10773003329269316 0.15277086403581888 -0.51238946479442637 -0.83474746282225187 -0.0035412793179772635 -0.006264521987304871 0.0056077407347913119
decision_type=2 10 2 2 2 2 2
left_child=1 2 3 5 -5 -1 -4
right_child=-2 -3 6 4 -6 -7 -8
leaf_value=0.00030775443139073393 -0.00031939201837551627 -0.00034605030552706912 4.4338324068829431e-05 -2.940336631485222e-05 0.0003836092142512066 -2.5168225040541476e-05 -0.00018331920486086727
leaf_weight=41 56 64 237 34 87 79 166
leaf_count=41 56 64 237 34 87 79 166
internal_value=0.000196335 0.00105932 0.00201863 0.00570539 0.0105372 0.000833333 -0.000186104
internal_weight=764 708 644 241 121 120 403
internal_count=764 708 644 241 121 120 403
is_linear=0
shrinkage=0.05


Tree=9
num_leaves=8
num_cat=0
split_feature=6 5 9 5 16 16 6
split_gain=2.75899 2.17109 2.52971 2.45736 2.05363 2.8299 2.24571
threshold=-0.48434697241659913 0.026416059863900609 0.044253641229868974 0.025469404554654653 -0.0085003683517301237 0.040046525014066366 -0.7102475253696513
decision_type=2 2 10 2 2 2 2
left_child=4 2 3 -2 -1 6 -6
right_child=1 -3 -4 -5 5 -7 -8
leaf_value=-5.0951184625757168e-05 -0.00017260319631113194 -0.00021125611081406222 0.0001667061778678796 0.00011380686254909247 0.00016984487898538629 -0.00054856461677951546 0.00034944061217430665
leaf_weight=81 113 252 60 44 105 25 64
leaf_count=81 113 252 60 44 105 25 64
internal_value=-6.72043e-05 -0.00239872 0.00126728 -0.00207006 0.00390909 0.00670103 0.00902367
internal_weight=744 469 217 157 275 194 169
internal_count=744 469 217 157 275 194 169
is_linear=0
shrinkage=0.05


Tree=10
num_leaves=8
num_cat=0
split_feature=8 16 7 6 16 4 16
split_gain=2.76287 2.05712 2.14818 2.01217 2.67937 2.01144 2.23779
threshold=0.15573789269689567 -0.0083541842476187438 0.031291458843258242 -0.37838512792897 0.040046525014066366 0.043983399308790243 -0.019697910038492968
decision_type=10 2 2 2 2 2 2
left_child=1 2 5 4 -3 6 -1
right_child=-2 3 -4 -5 -6 -7 -8
leaf_value=0.0005293250488326046 -0.00040625280881592018 0.00024834163693285527 -0.00052968047007862526 -3.121063646430167e-07 -0.00014922590790983331 -0.00011286502506304766 -9.4471404617326769e-05
leaf_weight=34 63 188 28 269 27 115 25
leaf_count=34 63 188 28 269 27 115 25
internal_value=0.000100134 0.00102041 -0.00321782 0.00278926 0.00639535 -0.00114943 0.00635593
internal_weight=749 686 202 484 215 174 59
internal_count=749 686 202 484 215 174 59
is_linear=0
shrinkage=0.05


Tree=11
num_leaves=8
num_cat=0
split_feature=14 11 5 0 15 1 15
split_gain=2.8918 2.74112 1.93003 1.99937 2.47497 2.01205 1.81904
threshold=0.10773003329269316 0.027231962502118127 0.026416059863900609 0.0091357417317354823 0.0054666947643388095 -0.018026598396932322 0.0056077407347913119
decision_type=2 2 2 2 2 2 2
left_child=1 2 -1 4 -4 -6 -3
right_child=-2 6 3 -5 5 -7 -8
leaf_value=0.00013842763971824495 -0.0002917439949937422 8.9551351497066046e-06 0.00016414429217096423 -0.0002301270214397167 9.4813167994501138e-05 -0.00060012649159326597 -0.00055438962664151241
leaf_weight=274 54 31 160 128 31 28 41
leaf_count=274 54 31 160 128 31 28 41
internal_value=3.34672e-05 0.000901876 0.00197262 -0.000504323 0.00239726 -0.00635593 -0.00833333
internal_weight=747 693 621 347 219 59 72
internal_count=747 693 621 347 219 59 72
is_linear=0
shrinkage=0.05


Tree=12
num_leaves=8
num_cat=0
split_feature=11 5 3 15 3 1 9
split_gain=2.75717 2.5888 1.70176 3.2517 2.02937 2.43768 2.90239
threshold=0.027231962502118127 0.023409305103963614 0.011110897149907208 0.0077309450691882562 7.7849331346357977e-05 0.045541019346572849 -0.045902211007640907
decision_type=2 2 2 2 2 2 8
left_child=1 -1 4 -4 5 6 -3
right_child=-2 2 3 -5 -6 -7 -8
leaf_value=0.00028662224797200729 -0.00024261954213348341 -8.7291525265950989e-05 -0.00041907125298326105 0.00034211646914242885 0.00011154292937712932 -0.00039913089339118518 0.000140728338580926
leaf_weight=79 67 105 52 47 213 46 125
leaf_count=79 67 105 52 47 213 46 125
internal_value=0.000340599 0.00131184 0.000170068 -0.00580808 0.00138037 -0.00144928 0.000652174
internal_weight=734 667 588 99 489 276 230
internal_count=734 667 588 99 489 276 230
is_linear=0
shrinkage=0.05


Tree=13
num_leaves=8
num_cat=0
split_feature=0 15 15 10 3 13 3
split_gain=2.15763 3.01193 2.38375 2.08147 2.65722 1.9836 1.80288
threshold=-0.0095841840144162398 0.0056077407347913119 -0.010215495464849343 -0.00262768472957231 -0.011503848012455574 16.345000267028812 0.0014056175587949806
decision_type=2 2 2 2 2 2 2
left_child=1 3 -2 4 -1 -3 -6
right_child=2 5 -4 -5 6 -7 -8
leaf_value=0.00026602108681509409 -0.00042204863843245123 -0.00024783596264267528 -1.2284565800995892e-05 0.00044046121041690873 -0.00012637457476219767 9.1320381958956773e-05 0.00023198389193022172
leaf_weight=46 59 28 422 81 54 29 26
leaf_count=46 59 28 422 81 54 29 26
internal_value=-3.3557e-05 0.00359848 -0.00202703 0.00640097 0.00238095 -0.00657895 -0.003125
internal_weight=745 264 481 207 126 57 80
internal_count=745 264 481 207 126 57 80
is_linear=0
shrinkage=0.05


end of trees

feature_importances:
dvol_z_20=18
sector_ret_5d=11
overnight_gap=9
parkinson_20=7
sector_ret_1d=7
ret_1d=6
dist_ma50=6
spy_ret_1d=6
ret_5d=5
spy_ret_5d=5
vix_chg_1d=5
dist_ma200=4
dist_ma20=3
spy_ret_20d=3
vix_level=2
atr_pct=1

parameters:
[boosting: gbdt]
[objective: quantile]
[metric: quantile]
[tree_learner: serial]
[device_type: cpu]
[data_sample_strategy: bagging]
[data: ]
[valid: ]
[num_iterations: 80]
[learning_rate: 0.05]
[num_leaves: 8]
[num_threads: 1]
[seed: 0]
[deterministic: 0]
[force_col_wise: 1]
[force_row_wise: 0]
[histogram_pool_size: -1]
[max_depth: -1]
[min_data_in_leaf: 25]
[min_sum_hessian_in_leaf: 0.001]
[bagging_fraction: 0.9]
[pos_bagging_fraction: 1]
[neg_bagging_fraction: 1]
[bagging_freq: 1]
[bagging_seed: 3]
[bagging_by_query: 0]
[feature_fraction: 0.9]
[feature_fraction_bynode: 1]
[feature_fraction_seed: 2]
[extra_trees: 0]
[extra_seed: 6]
[early_stopping_round: 0]
[early_stopping_min_delta: 0]
[first_metric_only: 0]
[max_delta_step: 0]
[lambda_l1: 0]
[lambda_l2: 0]
[linear_lambda: 0]
[min_gain_to_split: 0]
[drop_rate: 0.1]
[max_drop: 50]
[skip_drop: 0.5]
[xgboost_dart_mode: 0]
[uniform_drop: 0]
[drop_seed: 4]
[top_rate: 0.2]
[other_rate: 0.1]
[min_data_per_group: 100]
[max_cat_threshold: 32]
[cat_l2: 10]
[cat_smooth: 10]
[max_cat_to_onehot: 4]
[top_k: 20]
[monotone_constraints: ]
[monotone_constraints_method: basic]
[monotone_penalty: 0]
[feature_contri: ]
[forcedsplits_filename: ]
[refit_decay_rate: 0.9]
[cegb_tradeoff: 1]
[cegb_penalty_split: 0]
[cegb_penalty_feature_lazy: ]
[cegb_penalty_feature_coupled: ]
[path_smooth: 0]
[interaction_constraints: ]
[verbosity: -1]
[saved_feature_importance_type: 0]
[use_quantized_grad: 0]
[num_grad_quant_bins: 4]
[quant_train_renew_leaf: 0]
[stochastic_rounding: 1]
[linear_tree: 0]
[max_bin: 255]
[max_bin_by_feature: ]
[min_data_in_bin: 3]
[bin_construct_sample_cnt: 200000]
[data_random_seed: 1]
[is_enable_sparse: 1]
[enable_bundle: 1]
[use_missing: 1]
[zero_as_missing: 0]
[feature_pre_filter: 1]
[pre_partition: 0]
[two_round: 0]
[header: 0]
[label_column: ]
[weight_column: ]
[group_column: ]
[ignore_column: ]
[categorical_feature: ]
[forcedbins_filename: ]
[precise_float_parser: 0]
[parser_config_file: ]
[objective_seed: 5]
[num_class: 1]
[is_unbalance: 0]
[scale_pos_weight: 1]
[sigmoid: 1]
[boost_from_average: 1]
[reg_sqrt: 0]
[alpha: 0.5]
[fair_c: 1]
[poisson_max_delta_step: 0.7]
[tweedie_variance_power: 1.5]
[lambdarank_truncation_level: 30]
[lambdarank_norm: 1]
[label_gain: ]
[lambdarank_position_bias_regularization: 0]
[eval_at: ]
[multi_error_top_k: 1]
[auc_mu_weights: ]
[num_machines: 1]
[local_listen_port: 12400]
[time_out: 120]
[machine_list_filename: ]
[machines: ]
[gpu_platform_id: -1]
[gpu_device_id: -1]
[gpu_device_id_list: ]
[gpu_use_dp: 0]
[num_gpu: 1]

end of parameters

pandas_categorical:[]
