tree
version=v4
num_class=1
num_tree_per_iteration=1
label_index=0
max_feature_idx=16
objective=quantile
feature_names=ret_1d ret_5d ret_20d overnight_gap atr_pct parkinson_20 dvol_z_20 dist_ma20 dist_ma50 dist_ma200 spy_ret_1d spy_ret_5d spy_ret_20d vix_level vix_chg_1d sector_ret_1d sector_ret_5d
feature_infos=[-0.1788873386791191:0.26475243929052761] [-0.18782125189574184:0.51151785164535446] [-0.26800658541624844:0.60833283142633165] [-0.21283881912557956:0.12745654918119187] [0.03109911893239033:0.081475428562117327] [0.020363717772197538:0.043651036518742796] [-2.1181861756424305:4.2820418259668269] [-0.1876133887845598:0.41233883841542918] [-0.25547096216368048:0.52129333574423842] [-0.39281060005483004:0.76508788622376156] [-0.058542971330535654:0.10501930183911301] [-0.11496151859245618:0.082843162776128354] [-0.1226559005192206:0.15756591020035837] [11.859999656677246:52.330001831054688] [-0.35753873962348437:0.74039073966007019] [-0.068247998544687438:0.13425697132599002] [-0.13587196028298487:0.11773217696052685]
tree_sizes=838 857 852 855 865 862 860 859 857 857 861 857 856 850 860 866 861

Tree=0
num_leaves=8
num_cat=0
split_feature=9 1 15 7 6 14 3
split_gain=1.64109 1.38712 1.05673 1.62 0.772247 0.658966 0.516477
threshold=-0.25415079097477489 0.1588787997018937 -0.017704690860675495 -0.033128023323915394 -0.015235731475821239 0.028971532531295811 7.7849331346357977e-05
decision_type=8 2 2 2 2 2 2
left_child=4 2 3 -2 -1 6 -4
right_child=1 -3 5 -5 -6 -7 -8
leaf_value=-0.047615233431485542 -0.046493220785394807 -0.048089428354670026 -0.047552232676657077 -0.048125086459789211 -0.049450558900875199 -0.046811515367405791 -0.04697431540613306
leaf_weight=26 25 25 189 25 25 136 299
leaf_count=26 25 25 189 25 25 136 299
internal_value=-0.0473431 -0.0467113 -0.0462823 -0.0532764 -0.0560019 -0.0457219 -0.0465797
internal_weight=750 699 674 50 51 624 488
internal_count=750 699 674 50 51 624 488
is_linear=0
shrinkage=1


Tree=1
num_leaves=8
num_cat=0
split_feature=8 9 0 10 14 11 11
split_gain=1.55352 1.49192 1.36657 0.44121 0.50502 0.498364 0.68238
threshold=0.17831118200094545 -0.21612569973472642 0.0038464540022834508 0.0059229211260980472 0.13518549268873961 -0.003308881386918205 0.011634052199270497
decision_type=10 8 2 2 2 2 2
left_child=1 2 -1 4 -3 -5 -7
right_child=-2 3 -4 5 -6 6 -8
leaf_value=-8.987842499478052e-05 -0.00085321636241112082 0.00029359049274226776 -0.0016866921230727994 0.00047544818902282295 -0.00016025786297352748 -0.00099684800554079855 0.0002623671271121936
leaf_weight=42 41 445 27 27 25 56 71
leaf_count=42 41 445 27 27 25 56 71
internal_value=-0.000177112 0.000382396 -0.0065942 0.00115385 0.00191489 -0.00116883 -0.00248031
internal_weight=734 693 69 624 470 154 127
internal_count=734 693 69 624 470 154 127
is_linear=0
shrinkage=0.05


Tree=2
num_leaves=8
num_cat=0
split_feature=5 5 6 8 9 9 5
split_gain=1.63252 2.00195 1.68713 1.00449 0.915751 0.414361 0.38242
threshold=0.026773003897262646 0.027486555607229065 0.97391233612611694 0.13310946629776002 0.27052082343002731 -0.20092440068245701 0.031100036689599941
decision_type=2 2 2 8 10 8 2
left_child=-1 -2 3 5 -5 -3 -7
right_child=1 2 -4 4 -6 6 -8
leaf_value=0.00041492570191137144 -0.002219883816030306 -0.00025028800354969378 -0.0015427894134292378 -0.0011290842549305385 0.00013305991818671068 0.00013072585754980649 0.00046599485040365885
leaf_weight=341 28 45 43 30 26 123 113
leaf_count=341 28 45 43 30 26 123 113
internal_value=0.000393859 -0.0017402 -0.000789473 0.000400594 -0.00571429 0.00161922 0.00245763
internal_weight=749 408 380 337 56 281 236
internal_count=749 408 380 337 56 281 236
is_linear=0
shrinkage=0.05


Tree=3
num_leaves=8
num_cat=0
split_feature=11 9 14 13 6 10 2
split_gain=1.19711 1.03994 0.615621 0.582852 0.687098 0.831422 0.807902
threshold=0.03932291360928742 -0.28889104013675454 0.13518549268873961 12.88000011444092 -0.31285976829700096 0.0054892456255208897 0.029610219234937344
decision_type=2 8 2 2 2 2 2
left_child=1 -1 3 -3 -5 -6 -7
right_child=-2 2 -4 4 5 6 -8
leaf_value=-0.00060956197115080062 -0.0007665104023138929 -0.00080184212258104653 -0.00043609232133915658 0.00038799620177256127 0.00016980000224767926 -0.001089273412001622 0.00012384247204292581
leaf_weight=41 26 51 26 294 224 43 38
leaf_count=41 26 51 26 294 224 43 38
internal_value=0.000154778 0.00053696 0.00100592 0.00130769 0.00174457 8.19674e-05 -0.00425926
internal_weight=743 717 676 650 599 305 81
internal_count=743 717 676 650 599 305 81
is_linear=0
shrinkage=0.05


Tree=4
num_leaves=8
num_cat=0
split_feature=15 7 5 5 16 9 15
split_gain=1.03619 2.18182 0.967678 1.54056 0.778624 0.786939 0.785071
threshold=-0.017704690860675495 -0.033128023323915394 0.026922664681250839 0.027953838110971584 0.053598884894789041 -0.28889104013675454 0.0016535677836440057
decision_type=2 2 2 2 2 10 2
left_child=1 -1 -2 -4 5 6 -5
right_child=2 -3 3 4 -6 -7 -8
leaf_value=0.00053420074809428506 0.00043155887265551032 -0.00077971368685666954 -0.0015396002227042172 0.00024001136181335926 -0.00072595273090376793 0.00025706491480969289 -0.00090352078228569997
leaf_weight=33 319 33 30 27 33 246 25
leaf_count=33 319 33 30 27 33 246 25
internal_value=0.000375335 -0.00560606 0.000955883 -0.000817174 0.000166163 0.000973155 -0.00461538
internal_weight=746 66 680 361 331 298 52
internal_count=746 66 680 361 331 298 52
is_linear=0
shrinkage=0.05


Tree=5
num_leaves=8
num_cat=0
split_feature=8 6 12 9 6 5 5
split_gain=1.28374 0.91967 1.03952 1.39263 0.540517 0.646231 0.771745
threshold=0.17831118200094545 0.95660573027170059 0.030225139979897734 -1.0000000180025095e-35 0.061680767974879085 0.026773003897262646 0.031341536832922019
decision_type=10 2 2 8 2 2 2
left_child=1 4 3 -3 5 -1 -7
right_child=-2 2 -4 -5 -6 6 -8
leaf_value=0.00037980099084609876 -0.00074066117115740519 -0.0017141444950565183 0.00025062745238667436 -4.1263624535750462e-05 0.00032002712853854517 -0.00073024725815811311 0.00032432731045631871
leaf_weight=213 41 25 39 32 132 140 115
leaf_count=213 41 25 39 32 132 140 115
internal_value=0.000183175 0.000689655 -0.00385417 -0.00815789 0.00141667 0.000619658 -0.00107843
internal_weight=737 696 96 57 600 468 255
internal_count=737 696 96 57 600 468 255
is_linear=0
shrinkage=0.05


Tree=6
num_leaves=8
num_cat=0
split_feature=8 6 13 0 9 16 0
split_gain=1.28556 0.919933 1.76506 0.611133 0.803979 0.572297 0.519298
threshold=0.16049062499881997 0.95660573027170059 17.914999961853031 -0.0015549193411859006 -0.16664916019803619 0.037538290662267999 0.0093091560463882689
decision_type=10 2 2 2 8 2 2
left_child=1 3 -3 -1 -5 -6 -2
right_child=6 2 -4 4 5 -7 -8
leaf_value=0.00041629517914056042 -0.00087666404499220504 0.00019087645313492694 -0.001692269790626936 -0.00038063726154614858 0.00012200674406870069 -0.00092030000504949119 -4.3377941364928799e-05
leaf_weight=298 26 60 38 38 224 35 27
leaf_count=298 26 60 38 38 224 35 27
internal_value=0.000241287 0.000815296 -0.00367347 0.00155462 -5.05049e-05 0.000945946 -0.00726415
internal_weight=746 693 98 595 297 259 53
internal_count=746 693 98 595 297 259 53
is_linear=0
shrinkage=0.05


Tree=7
num_leaves=8
num_cat=0
split_feature=8 9 7 0 15 15 0
split_gain=1.00107 0.612518 1.05312 0.535876 0.461194 0.438436 0.566668
threshold=0.16049062499881997 -0.18945848438591081 -0.031352094132451873 0.018474417653386647 -0.017704690860675495 0.011187958661862509 0.017381771129359017
decision_type=10 8 2 2 2 2 2
left_child=1 2 -1 -2 -3 -6 -7
right_child=3 4 -4 -5 5 6 -8
leaf_value=0.00015838925479335427 -0.00076361646395988467 -5.5979678621415193e-05 -0.0014501266606045085 2.5820141147363339e-05 0.00030677118484272235 -0.00078627606765317671 0.00014203476975803431
leaf_weight=53 28 48 33 25 440 67 51
leaf_count=53 28 48 33 25 440 67 51
internal_value=0.000302014 0.000809249 -0.00313953 -0.00632075 0.00136964 0.00177419 -0.000932203
internal_weight=745 692 86 53 606 558 118
internal_count=745 692 86 53 606 558 118
is_linear=0
shrinkage=0.05


Tree=8
num_leaves=8
num_cat=0
split_feature=8 6 13 13 7 8 0
split_gain=1.29926 0.754655 1.51938 0.532982 0.804371 0.903152 0.574934
threshold=0.16049062499881997 0.95660573027170059 17.914999961853031 14.824999809265138 0.038893615452838211 0.017009747733661266 -0.0010898475109207271
decision_type=10 2 2 2 2 10 2
left_child=1 3 -3 4 5 6 -1
right_child=-2 2 -4 -5 -6 -7 -8
leaf_value=0.00043912985734003459 -0.00059997703841666169 0.00016599407123604461 -0.0015740957819069352 0.00028262331822221379 0.00048029745068260438 -0.00090665767272482935 -0.00050753194511923545
leaf_weight=48 53 60 37 444 55 28 39
leaf_count=48 53 60 37 444 55 28 39
internal_value=0.000287958 0.000850914 -0.00324742 0.00149837 -0.000882353 -0.00326087 -0.000747126
internal_weight=764 711 97 614 170 115 87
internal_count=764 711 97 614 170 115 87
is_linear=0
shrinkage=0.05


Tree=9
num_leaves=8
num_cat=0
split_feature=8 6 14 15 7 13 7
split_gain=1.12068 0.552251 0.954354 0.619963 1.01023 0.592827 0.822545
threshold=0.18361229346738964 0.95660573027170059 -0.016284077904727075 -0.017704690860675495 -0.033128023323915394 15.025000095367433 0.030013471448108845
decision_type=10 2 2 2 2 2 2
left_child=1 3 -3 4 -1 6 -5
right_child=-2 2 -4 5 -6 -7 -8
leaf_value=0.0009148713573603048 -0.0005794482161279005 -0.0018558886991926684 0.00014839366591372848 -0.00047006270843976138 -0.00069755765232307773 0.0003041287943885136 0.00053888888184206352
leaf_weight=26 39 41 58 112 25 382 61
leaf_count=26 39 41 58 112 25 382 61
internal_value=0.000430108 0.000886525 -0.00257576 0.00145215 -0.00382353 0.00193694 -0.000491329
internal_weight=744 705 99 606 51 555 173
internal_count=744 705 99 606 51 555 173
is_linear=0
shrinkage=0.05


Tree=10
num_leaves=8
num_cat=0
split_feature=8 6 12 14 6 6 8
split_gain=1.30341 0.856933 1.5985 0.551781 0.34023 0.364326 0.551463
threshold=0.17831118200094545 0.95660573027170059 -0.0021779841828679087 -0.0082882010072965456 0.061680767974879085 -0.36352959046680094 -0.082152958702242693
decision_type=10 2 2 2 2 2 10
left_child=1 4 -3 -4 5 -1 -7
right_child=-2 2 3 -5 -6 6 -8
leaf_value=0.00023778210893262959 -0.00054100577616837708 -0.0017702637223977959 -0.0011482184391270723 0.00037275485920872315 0.00027888996189648466 0.00050087738510814117 -0.00047101870214345245
leaf_weight=325 43 27 34 37 125 46 112
leaf_count=325 43 27 34 37 125 46 112
internal_value=0.000660881 0.00117564 -0.00316327 0.000774648 0.001875 0.00127329 -0.000696202
internal_weight=749 706 98 71 608 483 158
internal_count=749 706 98 71 608 483 158
is_linear=0
shrinkage=0.05


Tree=11
num_leaves=8
num_cat=0
split_feature=8 0 9 8 6 14 12
split_gain=1.77482 0.823362 0.607169 0.77962 0.379839 0.829697 0.415753
threshold=0.16049062499881997 0.0093091560463882689 -0.18945848438591081 -0.1042932206763602 -1.0540854437867961 -0.0052209332646739317 0.039147441209038576
decision_type=10 2 8 10 2 2 2
left_child=2 -2 3 -1 5 -4 -6
right_child=1 -3 4 -5 6 -7 -8
leaf_value=4.646334274062806e-05 -0.00094201870120459328 -6.3494499071779621e-06 -0.00041409542351639281 -0.001008860461357677 0.00021288967940047803 0.00031887936499800496 -2.5814076706074266e-05
leaf_weight=53 25 27 25 38 419 30 130
leaf_count=53 25 27 25 38 419 30 130
internal_value=0.000448461 -0.00846154 0.00111511 -0.00269231 0.00168874 -0.00227273 0.00208561
internal_weight=747 52 695 91 604 55 549
internal_count=747 52 695 91 604 55 549
is_linear=0
shrinkage=0.05


Tree=12
num_leaves=8
num_cat=0
split_feature=8 6 13 6 12 15 8
split_gain=1.17836 0.441793 0.627407 0.451378 0.476084 0.794291 0.357839
threshold=0.17831118200094545 0.95660573027170059 19.085000038146976 -1.2505877136670573 0.040552137472516188 -0.0024117188701973098 -0.006011241427047175
decision_type=10 2 2 2 2 2 10
left_child=1 3 -3 -1 -5 -6 -7
right_child=-2 2 -4 4 5 6 -8
leaf_value=-0.00017375536988236857 -0.0004748037040366289 7.0718764473916377e-05 -0.001699657748342029 0.00028112674433573425 -0.0007337790414630223 -0.00041013984060130586 0.00041927357213929954
leaf_weight=26 40 69 26 461 26 33 53
leaf_count=26 40 69 26 461 26 33 53
internal_value=0.000844687 0.00132565 -0.00184211 0.00182805 0.00212042 -0.000803571 0.00151163
internal_weight=734 694 95 599 573 112 86
internal_count=734 694 95 599 573 112 86
is_linear=0
shrinkage=0.05


Tree=13
num_leaves=8
num_cat=0
split_feature=8 6 13 3 4 15 2
split_gain=0.686827 0.670557 1.44684 0.644022 0.37296 0.310975 0.517677
threshold=0.14023803002014804 0.95660573027170059 18.675000190734867 0.0066103641450626647 0.042715502199721728 -0.017704690860675495 -0.068147521285679288
decision_type=10 2 2 2 2 2 2
left_child=1 5 4 -2 -3 6 -1
right_child=3 2 -4 -5 -6 -7 -8
leaf_value=0.0008220499626989963 -0.0004525843960243971 -0.00054173548805438868 -0.0016830250960569342 7.3568201074910965e-05 0.00020918509412767508 0.00024239923506389909 -0.00054805928904770498
leaf_weight=26 49 33 25 32 32 523 25
leaf_count=26 49 33 25 32 32 523 25
internal_value=0.000704698 0.00123494 -0.00277778 -0.00364198 0.00115385 0.00186411 -0.00186274
internal_weight=745 664 90 81 65 574 51
internal_count=745 664 90 81 65 574 51
is_linear=0
shrinkage=0.05


Tree=14
num_leaves=8
num_cat=0
split_feature=5 5 8 6 6 0 0
split_gain=0.836737 1.57257 0.964191 0.77853 0.755097 0.328359 0.665001
threshold=0.026773003897262646 0.027486555607229065 0.13310946629776002 0.97391233612611694 0.026933615067809728 0.00036205503452479976 0.012111845822083691
decision_type=2 2 8 2 2 2 2
left_child=5 -2 3 -3 -4 -1 -7
right_child=1 2 4 -5 -6 6 -8
leaf_value=0.00039527620548906951 -0.0019241899347849784 0.00019985322299819784 -0.00085860740637937454 -0.0012096275538373167 -5.2460505800478509e-05 -0.00042051005673470729 0.00043954975211149457
leaf_weight=169 28 262 34 29 35 64 98
leaf_count=169 28 262 34 29 35 64 98
internal_value=0.000132128 -0.0014433 -0.000555555 0.000704468 -0.00586956 0.00197885 0.000370371
internal_weight=719 388 360 291 69 331 162
internal_count=719 388 360 291 69 331 162
is_linear=0
shrinkage=0.05


Tree=15
num_leaves=8
num_cat=0
split_feature=11 1 5 11 2 13 4
split_gain=0.974037 0.648284 0.791155 0.558951 0.832298 0.915989 0.601818
threshold=0.034061336593809395 -0.0098098209228906757 0.035167069150738389 0.014774738031643421 0.060705269048899953 14.904999732971193 0.046004486986713382
decision_type=2 2 2 2 2 2 2
left_child=1 -1 3 4 5 -3 -7
right_child=-2 2 -4 -5 -6 6 -8
leaf_value=0.00026332695509217145 -0.00043742933105545565 -0.00075675556490186987 -0.00054879410478859915 0.00024045525868383096 0.00022347780445282624 -0.0005486406375450289 0.00025333300507324587
leaf_weight=302 42 36 25 97 113 69 59
leaf_count=302 42 36 25 97 113 69 59
internal_value=0.000491252 0.00093438 -0.000388471 0.000187166 -0.000956678 -0.00323171 -0.00125
internal_weight=743 701 399 374 277 164 128
internal_count=743 701 399 374 277 164 128
is_linear=0
shrinkage=0.05


Tree=16
num_leaves=8
num_cat=0
split_feature=8 3 0 2 6 6 1
split_gain=0.859686 0.947024 0.452874 0.768968 1.22641 0.945614 0.37546
threshold=0.14023803002014804 0.0066103641450626647 -0.0015549193411859006 0.040165691375867681 -0.90150769972074396 0.76665681585731404 -0.0025045011817805825
decision_type=10 2 2 2 2 2 2
left_child=2 -2 6 4 -4 -6 -1
right_child=1 -3 3 -5 5 -7 -8
leaf_value=0.00038950478586964902 -0.000360775689855827 0.00010429593855090184 -0.001490623637628883 0.00019641030699632688 1.938149638249336e-05 -0.0014213662076484317 5.790565561051259e-06
leaf_weight=213 46 33 26 132 150 34 123
leaf_count=213 46 33 26 132 150 34 123
internal_value=0.000442537 -0.00449367 0.0010177 -0.000263158 -0.00214286 -0.000706522 0.00232143
internal_weight=757 79 678 342 210 184 336
internal_count=757 79 678 342 210 184 336
is_linear=0
shrinkage=0.05


end of trees

feature_importances:
dvol_z_20=19
dist_ma50=17
ret_1d=10
parkinson_20=10
dist_ma200=10
vix_level=8
sector_ret_1d=8
dist_ma20=6
vix_chg_1d=6
spy_ret_5d=5
ret_20d=4
spy_ret_20d=4
ret_5d=3
overnight_gap=3
atr_pct=2
spy_ret_1d=2
sector_ret_5d=2

parameters:
[boosting: gbdt]
[objective: quantile]
[metric: quantile]
[tree_learner: serial]
[device_type: cpu]
[data_sample_strategy: bagging]
[data: ]
[valid: ]
[num_iterations: 80]
[learning_rate: 0.05]
[num_leaves: 8]
[num_threads: 1]
[seed: 0]
[deterministic: 0]
[force_col_wise: 1]
[force_row_wise: 0]
[histogram_pool_size: -1]
[max_depth: -1]
[min_data_in_leaf: 25]
[min_sum_hessian_in_leaf: 0.001]
[bagging_fraction: 0.9]
[pos_bagging_fraction: 1]
[neg_bagging_fraction: 1]
[bagging_freq: 1]
[bagging_seed: 3]
[bagging_by_query: 0]
[feature_fraction: 0.9]
[feature_fraction_bynode: 1]
[feature_fraction_seed: 2]
[extra_trees: 0]
[extra_seed: 6]
[early_stopping_round: 0]
[early_stopping_min_delta: 0]
[first_metric_only: 0]
[max_delta_step: 0]
[lambda_l1: 0]
[lambda_l2: 0]
[linear_lambda: 0]
[min_gain_to_split: 0]
[drop_rate: 0.1]
[max_drop: 50]
[skip_drop: 0.5]
[xgboost_dart_mode: 0]
[uniform_drop: 0]
[drop_seed: 4]
[top_rate: 0.2]
[other_rate: 0.1]
[min_data_per_group: 100]
[max_cat_threshold: 32]
[cat_l2: 10]
[cat_smooth: 10]
[max_cat_to_onehot: 4]
[top_k: 20]
[monotone_constraints: ]
[monotone_constraints_method: basic]
[monotone_penalty: 0]
[feature_contri: ]
[forcedsplits_filename: ]
[refit_decay_rate: 0.9]
[cegb_tradeoff: 1]
[cegb_penalty_split: 0]
[cegb_penalty_feature_lazy: ]
[cegb_penalty_feature_coupled: ]
[path_smooth: 0]
[interaction_constraints: ]
[verbosity: -1]
[saved_feature_importance_type: 0]
[use_quantized_grad: 0]
[num_grad_quant_bins: 4]
[quant_train_renew_leaf: 0]
[stochastic_rounding: 1]
[linear_tree: 0]
[max_bin: 255]
[max_bin_by_feature: ]
[min_data_in_bin: 3]
[bin_construct_sample_cnt: 200000]
[data_random_seed: 1]
[is_enable_sparse: 1]
[enable_bundle: 1]
[use_missing: 1]
[zero_as_missing: 0]
[feature_pre_filter: 1]
[pre_partition: 0]
[two_round: 0]
[header: 0]
[label_column: ]
[weight_column: ]
[group_column: ]
[ignore_column: ]
[categorical_feature: ]
[forcedbins_filename: ]
[precise_float_parser: 0]
[parser_config_file: ]
[objective_seed: 5]
[num_class: 1]
[is_unbalance: 0]
[scale_pos_weight: 1]
[sigmoid: 1]
[boost_from_average: 1]
[reg_sqrt: 0]
[alpha: 0.1]
[fair_c: 1]
[poisson_max_delta_step: 0.7]
[tweedie_variance_power: 1.5]
[lambdarank_truncation_level: 30]
[lambdarank_norm: 1]
[label_gain: ]
[lambdarank_position_bias_regularization: 0]
[eval_at: ]
[multi_error_top_k: 1]
[auc_mu_weights: ]
[num_machines: 1]
[local_listen_port: 12400]
[time_out: 120]
[machine_list_filename: ]
[machines: ]
[gpu_platform_id: -1]
[gpu_device_id: -1]
[gpu_device_id_list: ]
[gpu_use_dp: 0]
[num_gpu: 1]

end of parameters

pandas_categorical:[]
