tree
version=v4
num_class=1
num_tree_per_iteration=1
label_index=0
max_feature_idx=16
objective=quantile
feature_names=ret_1d ret_5d ret_20d overnight_gap atr_pct parkinson_20 dvol_z_20 dist_ma20 dist_ma50 dist_ma200 spy_ret_1d spy_ret_5d spy_ret_20d vix_level vix_chg_1d sector_ret_1d sector_ret_5d
feature_infos=[-0.11298139272158469:0.12613454407085611] [-0.2428909908694048:0.16897392951026413] [-0.21208532230168708:0.34056625086231951] [-0.08120300061788055:0.069651720993047395] [0.016024395260989147:0.072226169230936763] [0.010248834594085827:0.03862928789720925] [-2.108237316170448:4.2599055248774764] [-0.20387718182289516:0.15059761342334066] [-0.21399504833925653:0.2525280355328603] [-0.24818132206584664:0.40410261247402524] [-0.058542971330535654:0.10501930183911301] [-0.11496151859245618:0.082843162776128354] [-0.1226559005192206:0.15756591020035837] [11.859999656677246:52.330001831054688] [-0.35753873962348437:0.74039073966007019] [-0.091999030713283303:0.077446336732958532] [-0.18680848466589095:0.088372074287953684]
tree_sizes=840 861 854 853 863 866 870 872 862 863 862 873 864 862 866 863 863 871 851 864 869 868 872 873 845 867 864 860 866 864 870 864 864 878 865 858 873 869 863 859 867 872 868 867 861 866 865 863 866 867 870 870 863 862 869 868 875 868 865 873 861 868 867 864 866 864 871 875 873 863 860 876 861

Tree=0
num_leaves=8
num_cat=0
split_feature=6 4 6 12 3 8 6
split_gain=0.733808 1.37986 0.677414 1.00577 0.861538 0.603781 0.86475
threshold=0.10275897818073755 0.023397929560612318 0.75625451289851553 -0.013091202195066818 0.0029305282678460114 0.0027870959257698673 -0.78676554593895454
decision_type=2 2 2 2 2 8 2
left_child=5 -2 3 -3 -5 6 -1
right_child=1 2 -4 4 -6 -7 -8
leaf_value=0.0033407624057393281 0.0032409996724531267 0.0027026947377377015 0.0029789851583251997 0.0030983675186559657 0.003559567686099707 0.0029435913571172942 0.0030553786096148379
leaf_weight=73 37 27 114 56 35 232 172
leaf_count=73 37 27 114 56 35 232 172
internal_value=0.00324503 0.00533324 0.00390314 0.00655875 0.00907318 0.0020674 0.00379846
internal_weight=746 269 232 118 91 477 245
internal_count=746 269 232 118 91 477 245
is_linear=0
shrinkage=1


Tree=1
num_leaves=8
num_cat=0
split_feature=9 16 3 8 1 11 13
split_gain=0.687946 0.805045 0.709059 0.582636 1.10527 2.225 2.65524
threshold=0.12123854615825648 -0.03490231975238766 -0.0086356479369644728 0.0014297348380889476 -0.020638039357324663 0.013766763160974362 16.164999961853031
decision_type=8 2 2 10 2 2 2
left_child=3 -2 -3 4 -1 6 -6
right_child=1 2 -4 -5 5 -7 -8
leaf_value=-0.00011345527044978434 0.0003462575774314761 0.00014943041314840921 -4.4307183019203879e-05 -0.00013300353976652043 2.1344995510505293e-05 -6.1752405241563451e-05 0.00046812731849387465
leaf_weight=139 35 36 177 189 47 68 42
leaf_count=139 35 36 177 189 47 68 42
internal_value=0.000115961 0.00225806 0.00110329 -0.000979383 0.000405404 0.00328025 0.00848314
internal_weight=733 248 213 485 296 157 89
internal_count=733 248 213 485 296 157 89
is_linear=0
shrinkage=0.05


Tree=2
num_leaves=8
num_cat=0
split_feature=6 9 13 6 8 2 4
split_gain=0.795871 0.997358 1.07765 0.666749 0.927045 0.977698 0.529739
threshold=0.10275897818073755 0.12123854615825648 16.345000267028812 -0.74116950971448015 0.0078555545978490366 0.0086494536152197394 0.023147178911507787
decision_type=2 8 2 2 8 2 2
left_child=3 6 -3 4 5 -1 -2
right_child=1 2 -4 -5 -6 -7 -8
leaf_value=3.1123317926148515e-05 3.8992976069752586e-05 0.00016646131737166252 5.3510626791466536e-05 -0.00010914605362811265 -0.00010387310463045863 0.00039584234412855013 -3.0066182649543669e-05
leaf_weight=57 27 41 55 298 86 25 156
leaf_count=57 27 41 55 298 86 25 156
internal_value=-0.000302015 0.00181003 0.0059375 -0.00156652 0.00095238 0.0047561 -0.000355192
internal_weight=745 279 96 466 168 82 183
internal_count=745 279 96 466 168 82 183
is_linear=0
shrinkage=0.05


Tree=3
num_leaves=8
num_cat=0
split_feature=9 6 12 2 6 6 7
split_gain=1.02603 0.976626 0.72803 1.48542 0.642093 0.705838 0.407935
threshold=0.12123854615825648 0.11639635866751374 -0.0062518932096157767 0.049640827118737747 -0.71085393454056223 -0.94774181228779053 -0.05715688630533388
decision_type=8 2 2 2 2 2 2
left_child=6 4 -3 -4 5 -2 -1
right_child=1 2 3 -5 -6 -7 -8
leaf_value=-0.00013727952830052908 -3.0337047737756081e-05 -0.00013185523546112524 0.00033321395755051312 0.00014790377050657592 -0.00022876575676333447 0.00026765472993134311 -9.2110979705528218e-06
leaf_weight=69 44 30 25 41 79 27 422
leaf_count=69 44 30 25 41 79 27 422
internal_value=-0.000115334 0.00252032 0.00645833 0.00939394 -1.19209e-09 0.0034507 -0.00143585
internal_weight=737 246 96 66 150 71 491
internal_count=737 246 96 66 150 71 491
is_linear=0
shrinkage=0.05


Tree=4
num_leaves=8
num_cat=0
split_feature=6 6 3 3 4 4 3
split_gain=0.714577 1.10331 0.987654 0.924883 0.564127 0.845226 0.302547
threshold=0.27067506248103962 0.75625451289851553 0.00020812029735861606 -0.0062511690247962761 0.033163354931035081 0.036074339632055898 0.0032121680672165813
decision_type=2 2 2 2 2 2 2
left_child=4 2 -2 -3 6 -6 -1
right_child=1 3 -4 -5 5 -7 -8
leaf_value=-0.00011882326534413044 2.0711008889163412e-06 4.1844071503604125e-05 0.00034348851074176683 -0.00011673993501998344 0.00031487432693207319 -9.3934020784285506e-05 -8.0473727205478096e-06
leaf_weight=265 36 42 45 104 39 50 162
leaf_count=265 36 42 45 104 39 50 162
internal_value=-0.000289369 0.00204846 0.00672839 -0.000547946 -0.00131783 0.00230337 -0.0020726
internal_weight=743 227 81 146 516 89 427
internal_count=743 227 81 146 516 89 427
is_linear=0
shrinkage=0.05


Tree=5
num_leaves=8
num_cat=0
split_feature=8 7 5 12 16 4 9
split_gain=0.62361 1.25589 0.700793 1.37315 0.659598 0.655787 0.670215
threshold=0.0014297348380889476 0.025310586101444769 0.019785795470111524 -0.0041728590088926923 0.01162520810157597 0.020948582855583795 0.018403878188387627
decision_type=10 2 2 2 2 2 10
left_child=1 2 4 -4 -1 -2 -7
right_child=5 -3 3 -5 -6 6 -8
leaf_value=-4.6973067329699839e-05 2.2843854962666566e-05 0.00027333622236534418 -0.00011761485816578789 0.00042155245969654277 0.00013244771381875457 -0.00012900765185595565 8.0563844224503616e-06
leaf_weight=241 30 28 35 32 56 214 96
leaf_count=241 30 28 35 32 56 214 96
internal_value=-0.000491804 0.000867346 8.24164e-05 0.00470149 -0.000959597 -0.00205882 -0.00274194
internal_weight=732 392 364 67 297 340 310
internal_count=732 392 364 67 297 340 310
is_linear=0
shrinkage=0.05


Tree=6
num_leaves=8
num_cat=0
split_feature=9 12 4 8 15 15 4
split_gain=0.611183 0.526781 0.582118 0.655257 0.797357 0.711616 0.794807
threshold=-0.078104883252400434 -0.039191714476565991 0.034765861845518491 -0.091099321981904111 0.012472194236502811 -0.0017491066639062078 0.02432795720227315
decision_type=10 2 2 10 2 2 2
left_child=1 -1 3 -3 5 -5 -7
right_child=-2 2 -4 4 -6 6 -8
leaf_value=-0.0001379199665449571 -6.5478074557802544e-05 -0.00014085047460411746 0.00029002864126359161 -4.3617428797877655e-06 -0.00015984581553900881 0.00023038400587009289 0.00013654228725522608
leaf_weight=34 341 43 47 107 39 45 88
leaf_count=34 341 43 47 107 39 45 88
internal_value=-0.000362904 0.000955334 0.00150406 0.00074534 0.00163082 0.00270833 0.00515037
internal_weight=744 403 369 322 279 240 133
internal_count=744 403 369 322 279 240 133
is_linear=0
shrinkage=0.05


Tree=7
num_leaves=8
num_cat=0
split_feature=12 4 0 5 11 0 3
split_gain=0.390927 0.746359 0.754566 0.554729 0.611708 0.718535 0.473329
threshold=-0.0062518932096157767 0.032399007427526563 -0.0016126016334441216 0.015753905508855189 0.018680382496318208 -0.014834685210774077 0.00020812029735861606
decision_type=2 2 2 2 2 2 2
left_child=-1 3 -3 4 5 -2 -7
right_child=1 2 -4 -5 -6 6 -8
leaf_value=-4.0352068354216732e-05 3.1830886369405734e-05 0.00040286238745426575 1.1798285964261078e-05 -4.2611927024857508e-05 0.00024682461684612922 -9.1967629938548219e-05 7.6127295915562722e-06
leaf_weight=180 34 37 47 228 32 72 110
leaf_count=180 34 37 47 228 32 72 110
internal_value=-0.000472974 0.00017857 0.00452381 -0.000588236 0.00104839 9.25914e-05 -0.00115385
internal_weight=740 560 84 476 248 216 182
internal_count=740 560 84 476 248 216 182
is_linear=0
shrinkage=0.05


Tree=8
num_leaves=8
num_cat=0
split_feature=3 3 8 9 9 1 13
split_gain=0.515721 0.611553 0.622245 1.03553 0.964983 0.799557 1.04268
threshold=-1.0000000180025095e-35 0.013425929465540111 -0.0055842405260319019 0.062937415147534828 0.12123854615825648 -0.020638039357324663 16.164999961853031
decision_type=2 2 8 8 10 2 2
left_child=-1 2 3 5 -4 -2 -7
right_child=1 -3 4 -5 -6 6 -8
leaf_value=-4.0465587465706262e-05 -0.00011496493604011801 -9.2306449512591178e-05 -0.00010919300416694038 0.000783973789461968 0.00022274230039145984 4.0269911042704693e-05 0.00051585041446601456
leaf_weight=339 59 59 162 25 39 46 32
leaf_count=339 59 59 162 25 39 46 32
internal_value=-0.000597899 0.000568719 0.00133609 0.00364197 -0.000522389 0.00193431 0.00525641
internal_weight=761 422 363 162 201 137 78
internal_count=761 422 363 162 201 137 78
is_linear=0
shrinkage=0.05


Tree=9
num_leaves=8
num_cat=0
split_feature=16 3 3 9 12 7 11
split_gain=0.619355 0.664537 0.660695 0.901187 0.687266 1.27247 0.84401
threshold=0.037523309773030318 0.00060337844527136319 0.013425929465540111 0.12123854615825648 0.039347993761670759 -0.0074983060366676782 0.018680382496318208
decision_type=2 2 2 10 2 2 2
left_child=1 -1 3 4 6 -6 -3
right_child=-2 2 -4 -5 5 -7 -8
leaf_value=-8.1935805097413098e-06 -0.00027652787599392317 -6.7836153165059377e-05 -7.9486987054764777e-05 0.00031190791181622186 -6.0796806919045957e-05 0.00023117192236291365 0.00035575553539335809
leaf_weight=328 81 166 44 32 31 25 31
leaf_count=328 81 166 44 32 31 25 31
internal_value=-0.000257454 0.00025114 0.0018389 0.0027193 0.00171937 0.00660714 0.000329948
internal_weight=738 657 329 285 253 56 197
internal_count=738 657 329 285 253 56 197
is_linear=0
shrinkage=0.05


Tree=10
num_leaves=8
num_cat=0
split_feature=16 4 14 4 12 0 9
split_gain=0.572473 0.509778 0.703635 1.12667 0.686216 1.0614 0.460962
threshold=0.02956952918538747 0.032938942377241452 -0.044623986751606441 0.026909345446271001 -0.0062518932096157767 -0.0016126016334441216 0.047782110485998459
decision_type=2 2 2 2 2 2 10
left_child=1 2 3 -1 -3 -6 -4
right_child=-2 4 6 -5 5 -7 -8
leaf_value=0.00024171241408295691 -8.539965165877665e-05 -6.1712053909732792e-05 -3.5179114282775602e-05 -2.8273856555534795e-05 0.00035655252333454074 5.7370523538998803e-05 0.00010183847456678647
leaf_weight=40 137 48 375 60 25 32 31
leaf_count=40 137 48 375 60 25 32 31
internal_value=-0.000254012 0.000400981 -0.000256918 0.0035 0.00357143 0.0072807 -0.00118227
internal_weight=748 611 506 100 105 57 406
internal_count=748 611 506 100 105 57 406
is_linear=0
shrinkage=0.05


Tree=11
num_leaves=8
num_cat=0
split_feature=8 2 1 0 10 2 2
split_gain=0.537036 0.886298 0.945009 0.502346 0.517863 0.405797 0.436479
threshold=0.0014297348380889476 0.018357221127971227 0.038985140143883441 -0.0057918040975722942 0.0038285567866845898 -0.11222323341311589 -0.077926923206623963
decision_type=8 2 2 2 2 2 2
left_child=1 2 3 4 -1 -5 -7
right_child=-2 -3 -4 5 -6 6 -8
leaf_value=-0.00012017691868424971 -7.3903259655589334e-05 0.00029434605700718621 0.00024906446771313272 -7.5568999210602638e-05 0.00018326715517414508 0.0001713273151190783 -3.7939985906338574e-09
leaf_weight=106 361 40 25 28 25 41 120
leaf_count=106 361 40 25 28 25 41 120
internal_value=-0.000844505 0.000454544 -0.00036232 -0.00109375 -0.00347328 0.000555554 0.00152174
internal_weight=746 385 345 320 131 189 161
internal_count=746 385 345 320 131 189 161
is_linear=0
shrinkage=0.05


Tree=12
num_leaves=8
num_cat=0
split_feature=0 1 9 8 3 16 10
split_gain=0.657108 0.614373 1.00119 0.812698 0.780721 0.47099 0.986988
threshold=0.011246384088681617 0.02034781016393206 -0.077147689998470922 -0.027849968384924536 0.0037977356443551495 -0.033677931808816002 -0.0032489078967054548
decision_type=2 2 10 8 2 2 2
left_child=1 5 3 -3 -4 6 -1
right_child=-2 2 4 -5 -6 -7 -8
leaf_value=-9.8020867262138312e-05 -7.0208079260369673e-05 0.00016992644813915115 -8.2414361349690405e-05 0.00020879547511754991 0.00019063540617005254 -9.1999032576799786e-06 0.00017711949397947952
leaf_weight=37 181 28 47 35 25 334 39
leaf_count=37 181 28 47 35 25 334 39
internal_value=9.64175e-05 0.000963302 0.00388889 0.00849206 -0.00013889 -1.19209e-09 0.00355263
internal_weight=726 545 135 63 72 410 76
internal_count=726 545 135 63 72 410 76
is_linear=0
shrinkage=0.05


Tree=13
num_leaves=8
num_cat=0
split_feature=16 16 12 6 4 16 1
split_gain=0.542458 0.77523 0.853337 0.39975 0.596842 0.390601 0.724292
threshold=0.032931867265437294 0.024778235767326632 0.010183672155494096 -0.90664797415052167 0.030765731487733396 -0.033677931808816002 -0.079820526618869389
decision_type=2 2 2 2 2 2 2
left_child=1 3 -3 4 -1 6 -5
right_child=-2 2 -4 5 -6 -7 -8
leaf_value=-7.1480640256320929e-06 -0.00012473455810321139 0.000283021857990945 -5.2148525240429305e-05 -8.5079015237014792e-05 0.00027506522713092958 -3.3985897758821101e-05 0.00022028643782477186
leaf_weight=70 118 31 26 27 25 384 61
leaf_count=70 118 31 26 27 25 384 61
internal_value=-0.000619947 -3.20525e-05 0.00552631 -0.00059083 0.00236842 -0.00118644 0.00181818
internal_weight=742 624 57 567 95 472 88
internal_count=742 624 57 567 95 472 88
is_linear=0
shrinkage=0.05


Tree=14
num_leaves=8
num_cat=0
split_feature=15 0 1 7 2 8 13
split_gain=0.603727 0.707792 0.656199 0.985449 0.682582 0.647574 0.440444
threshold=-0.002324736399765492 0.019497407158272421 -0.0053457252637816857 -0.0052491012581981624 0.11919482842828723 -0.049927491710791631 13.869999885559084
decision_type=2 2 2 2 2 10 2
left_child=-1 2 -2 5 6 -4 -5
right_child=1 -3 3 4 -6 -7 -8
leaf_value=-7.31701672242877e-05 -1.0866581505151364e-05 -0.00011421107771905285 0.00035052199465133494 0.00010712046590877025 0.0001819768158918559 0.00033351285931121968 -1.0366281067065317e-05
leaf_weight=273 133 92 28 28 25 25 120
leaf_count=273 133 92 28 28 25 25 120
internal_value=-0.000580112 0.000543236 0.00154596 0.00318584 0.00135838 0.00915094 6.75664e-05
internal_weight=724 451 359 226 173 53 148
internal_count=724 451 359 226 173 53 148
is_linear=0
shrinkage=0.05


Tree=15
num_leaves=8
num_cat=0
split_feature=9 15 15 4 4 5 8
split_gain=0.587485 0.473235 0.696413 0.667105 0.925784 0.801353 0.413748
threshold=-0.078104883252400434 0.01005638914153373 -0.0017491066639062078 0.025420597714264907 0.023329546053548849 0.019469353729955095 0.12479158329892771
decision_type=10 2 2 2 2 2 10
left_child=1 2 -1 4 -4 -5 -2
right_child=6 -3 3 5 -6 -7 -8
leaf_value=-8.8705707292892917e-06 -6.379319303852675e-05 -0.00013524754489888005 0.00012773835838419332 -7.9479007844426798e-05 0.00027842792993812941 0.00089737451606718599 0.00020682088343782821
leaf_weight=176 299 75 29 70 28 25 30
leaf_count=176 299 75 29 70 28 25 30
internal_value=-0.000696723 0.000583125 0.00140244 0.00388158 0.00815789 0.00131579 -0.00226444
internal_weight=732 403 328 152 57 95 329
internal_count=732 403 328 152 57 95 329
is_linear=0
shrinkage=0.05


Tree=16
num_leaves=8
num_cat=0
split_feature=6 6 12 12 15 12 10
split_gain=0.477112 0.78619 0.773362 1.51237 0.666667 0.438744 0.553849
threshold=0.10275897818073755 0.75625451289851553 -0.013091202195066818 0.018300587263459293 0.0046398761191990276 0.061412549385283739 0.0095537147442000831
decision_type=2 2 2 2 2 2 2
left_child=5 2 -2 -4 -5 6 -1
right_child=1 -3 3 4 -6 -7 -8
leaf_value=-8.3670943979779439e-05 -9.3732306803136654e-06 -4.088995372752608e-05 0.00036102753950669663 -0.00042890098755423247 0.00014943651605139985 0.00013529874190736251 0.00012667600212970472
leaf_weight=387 29 145 41 27 27 43 52
leaf_count=387 29 145 41 27 27 43 52
internal_value=-0.000739016 0.000947954 0.00387097 0.00605263 0.000555554 -0.0016805 -0.00215262
internal_weight=751 269 124 95 54 482 439
internal_count=751 269 124 95 54 482 439
is_linear=0
shrinkage=0.05


Tree=17
num_leaves=8
num_cat=0
split_feature=12 4 10 6 6 7 8
split_gain=0.357006 0.860505 0.770775 0.356944 1.12959 0.56577 1.11835
threshold=-0.0062518932096157767 0.032399007427526563 0.0018426398432722648 0.27067506248103962 0.47350714751738193 -0.0058199109725650669 -0.027849968384924536
decision_type=2 2 2 2 2 2 10
left_child=-1 3 -3 5 -5 6 -2
right_child=1 2 -4 4 -6 -7 -8
leaf_value=-6.1834282339790468e-05 -4.4881823318086429e-05 0.00022648771743531877 -1.1300952981279929e-05 0.00039790293362491403 -1.0592102198384273e-05 -9.0063232804304312e-05 6.5738331551413995e-05
leaf_weight=177 93 46 42 25 126 203 32
leaf_count=177 93 46 42 25 126 203 32
internal_value=-0.000497313 0.000114637 0.00465909 -0.000720252 0.00129139 -0.00164634 0.000999999
internal_weight=744 567 88 479 151 328 125
internal_count=744 567 88 479 151 328 125
is_linear=0
shrinkage=0.05


Tree=18
num_leaves=8
num_cat=0
split_feature=6 6 8 15 8 6 0
split_gain=0.402387 0.933618 0.727723 0.659729 0.543254 0.520212 0.59867
threshold=0.11639635866751374 0.75625451289851553 0.080224034693078164 0.0071677148233227914 -0.020316560953133608 1.3680714742954605 0.005390913457851699
decision_type=2 2 8 2 10 2 2
left_child=-1 2 3 4 -2 -3 -7
right_child=1 5 -4 -5 -6 6 -8
leaf_value=-4.1646179126175631e-05 0.00023993273943161633 -0.00015548658784017956 0.0002168108526918555 0.00022385493787530948 -0.00010430942909263636 5.3588452479173693e-05 -0.0003218297931597881
leaf_weight=479 30 61 27 29 42 55 27
leaf_count=479 30 61 27 29 42 55 27
internal_value=-0.000266668 0.00127306 0.004375 0.00242574 -0.00013889 -0.0015035 0.00109756
internal_weight=750 271 128 101 72 143 82
internal_count=750 271 128 101 72 143 82
is_linear=0
shrinkage=0.05


Tree=19
num_leaves=8
num_cat=0
split_feature=8 8 1 8 15 11 3
split_gain=0.432409 1.26196 1.25221 0.670611 0.749318 0.611601 0.593115
threshold=0.0014297348380889476 -0.027849968384924536 -0.0031258244625532723 0.12479158329892771 0.005241249739489807 0.0060643629866489199 -0.00063260498199124704
decision_type=8 10 2 10 2 2 2
left_child=1 6 5 -2 -5 -3 -1
right_child=3 2 -4 4 -6 -7 -8
leaf_value=-8.860304244153773e-05 -4.2953877945962776e-05 -0.00022162307264647076 0.00024219465775296916 0.00018179283931599611 -0.00011892631632186195 7.577400401840995e-06 0.00013595273561733796
leaf_weight=116 313 32 43 27 30 25 155
leaf_count=116 313 32 43 27 30 25 155
internal_value=-6.74883e-06 0.00119946 0.006 -0.00121622 0.00377193 0.00114035 -0.000571957
internal_weight=741 371 100 370 57 57 271
internal_count=741 371 100 370 57 57 271
is_linear=0
shrinkage=0.05


Tree=20
num_leaves=8
num_cat=0
split_feature=0 1 3 9 7 1 0
split_gain=0.63905 0.698068 0.997491 0.669875 0.625353 0.453319 0.415171
threshold=0.011246384088681617 0.02034781016393206 0.0038822157288146424 -0.077147689998470922 -0.026385640313577926 0.0076151989841936061 0.0022912710359990211
decision_type=2 2 2 10 2 2 2
left_child=1 5 3 -3 -2 6 -1
right_child=4 2 -4 -5 -6 -7 -8
leaf_value=-1.9421067259251678e-05 3.4285911352777296e-05 2.4565705252643746e-05 0.0001799297615443848 -7.0578577791625486e-05 -0.00010583913545837889 -9.6938699763706967e-05 0.00013029653858031906
leaf_weight=278 29 47 45 46 158 55 81
leaf_count=278 29 47 45 46 158 55 81
internal_value=-0.000602166 0.000253622 0.00333333 0.000376343 -0.00312834 -0.000772948 -0.000125349
internal_weight=739 552 138 93 187 414 359
internal_count=739 552 138 93 187 414 359
is_linear=0
shrinkage=0.05


Tree=21
num_leaves=8
num_cat=0
split_feature=4 15 0 16 12 6 6
split_gain=0.463539 0.903922 1.49945 0.456289 0.366562 0.33479 0.946894
threshold=0.032360264635213458 -0.011157494016097334 -0.0016126016334441216 -0.039452363518861548 -0.0016966552105460717 0.27067506248103962 0.75625451289851553
decision_type=2 2 2 2 2 2 2
left_child=3 -2 -3 -1 -4 -5 -7
right_child=1 2 4 5 -6 6 -8
leaf_value=2.6483155061834816e-05 -0.00013011739982416869 0.00033194888317110693 -0.00018203021052584187 -4.2018749829448745e-05 4.4235688961390684e-05 0.00019165792972201164 -8.5666972586239019e-05
leaf_weight=38 36 42 37 384 43 56 110
leaf_count=38 36 42 37 384 43 56 110
internal_value=-0.00044236 0.00196202 0.00401639 -0.00108844 -1.19209e-09 -0.00145455 0.000421686
internal_weight=746 158 122 588 80 550 166
internal_count=746 158 122 588 80 550 166
is_linear=0
shrinkage=0.05


Tree=22
num_leaves=8
num_cat=0
split_feature=8 8 14 9 12 10 11
split_gain=0.559733 0.717742 0.989899 0.671214 0.608285 0.834469 0.545455
threshold=0.0014297348380889476 -0.027849968384924536 0.016553968951917967 0.018403878188387627 -0.0045413562786246189 -0.0012320387254826091 0.0084762607672295171
decision_type=8 10 2 8 2 2 2
left_child=1 -1 6 -2 -5 -6 -3
right_child=3 2 -4 4 5 -7 -8
leaf_value=-1.4455660574134048e-05 -9.1027003882456566e-05 -2.1765719648717848e-05 0.00018464776644101994 -0.00012068287844203159 0.00013962757477959645 -5.9733259957275467e-06 5.5408869038368403e-05
leaf_weight=280 169 33 33 57 49 86 33
leaf_count=280 169 33 33 57 49 86 33
internal_value=-0.000405407 0.000936674 0.00459596 -0.00181441 0.000208332 0.00203704 0.0010606
internal_weight=740 379 99 361 192 135 66
internal_count=740 379 99 361 192 135 66
is_linear=0
shrinkage=0.05


Tree=23
num_leaves=8
num_cat=0
split_feature=16 11 1 16 16 5 10
split_gain=0.579249 0.881643 0.441874 0.645521 1.2586 0.923363 0.488722
threshold=-0.039452363518861548 -0.021243807178240256 -0.027103979831624155 0.029838764707212587 0.024778235767326632 0.019812199919667862 0.0086942135082223055
decision_type=2 2 2 2 2 2 2
left_child=1 -1 -2 4 5 6 -4
right_child=2 -3 3 -5 -6 -7 -8
leaf_value=-0.00016628024942842528 -9.4518426183311059e-05 0.0001279212538000293 -1.1533406666601367e-05 -7.3257846319668202e-05 0.000278571953148459 0.00021014419214341205 0.0001854976922048189
leaf_weight=26 129 40 289 137 33 48 45
leaf_count=26 129 40 289 137 33 48 45
internal_value=-0.000381527 0.00409091 -0.000814979 -0.000199277 0.000783131 -2.61792e-05 -0.000958085
internal_weight=747 66 681 552 415 382 334
internal_count=747 66 681 552 415 382 334
is_linear=0
shrinkage=0.05


Tree=24
num_leaves=8
num_cat=0
split_feature=6 6 15 6 10 3 3
split_gain=0.495434 0.888455 0.514706 0.660748 0.513557 0.633789 1.5
threshold=0.27067506248103962 0.78176671534623288 0.0045411076078432097 1.465757429152954 0.0079068184593043007 0.0017246505207729748 0.0080733783616225869
decision_type=2 2 2 2 2 2 2
left_child=4 -2 3 -3 -1 -6 -7
right_child=1 2 -4 -5 5 6 -8
leaf_value=-3.5721310929310232e-05 0.00019263701226667791 -0.00014862745116973848 -0.00017056638945952909 6.5917404194807181e-05 -0.0001271043887556613 0.001007423878876218 -1.837350184888476e-05
leaf_weight=437 83 37 56 43 34 27 27
leaf_count=437 83 37 56 43 34 27 27
internal_value=-0.000833335 0.00116438 -0.00132353 0.00125 -0.00166667 0.00181818 0.00518518
internal_weight=744 219 136 80 525 88 54
internal_count=744 219 136 80 525 88 54
is_linear=0
shrinkage=0.05


Tree=25
num_leaves=8
num_cat=0
split_feature=8 2 9 3 1 14 10
split_gain=0.42385 0.87448 0.640525 0.699643 0.565647 0.49447 0.655039
threshold=0.0014297348380889476 0.030199151740255673 0.018403878188387627 0.0031196788132520363 0.039600592428885258 -0.019478059273714762 0.0042845596589152777
decision_type=8 2 10 2 2 2 2
left_child=1 4 -2 -4 5 6 -1
right_child=2 -3 3 -5 -6 -7 -8
leaf_value=0.00012172313510449805 -6.1185996624165347e-05 0.00023907173377920546 -2.9535508086106002e-05 7.3925786534940877e-05 0.00015912198921297447 -1.9197550328139846e-05 -4.2565106179988382e-05
leaf_weight=43 274 29 62 38 25 193 86
leaf_count=43 274 29 62 38 25 193 86
internal_value=-0.000733335 0.000452126 -0.00192513 0.0015 -0.000244958 -0.000807455 0.00158915
internal_weight=750 376 374 100 347 322 129
internal_count=750 376 374 100 347 322 129
is_linear=0
shrinkage=0.05


Tree=26
num_leaves=8
num_cat=0
split_feature=9 15 15 8 14 15 7
split_gain=0.59388 0.614328 0.871515 0.899101 0.586778 0.831033 0.284652
threshold=0.12123854615825648 -0.01130180773046374 -0.0066471814654297514 -0.040348708497570378 0.003286853869637119 0.005241249739489807 -0.05715688630533388
decision_type=8 2 2 8 2 2 2
left_child=6 -2 -3 -4 -5 -6 -1
right_child=1 2 3 4 5 -7 -8
leaf_value=-0.00015827192906624714 -8.2822699939942595e-05 0.00024647300799736176 0.00053040504351333439 -0.00015060481456478575 0.0001917543740710137 -1.2174783172231081e-05 -8.861616938683815e-06
leaf_weight=65 49 25 28 85 27 42 422
leaf_count=65 49 25 28 85 27 42 422
internal_value=-0.000895021 0.00105469 0.00224638 0.00104395 -0.000454547 0.00297101 -0.00191992
internal_weight=743 256 207 182 154 69 487
internal_count=743 256 207 182 154 69 487
is_linear=0
shrinkage=0.05


Tree=27
num_leaves=8
num_cat=0
split_feature=4 14 15 0 6 6 15
split_gain=0.524313 0.818182 0.778199 1.82797 0.356008 0.72137 0.714286
threshold=0.032938942377241452 -0.053534792570075034 -0.011157494016097334 -0.0016126016334441216 0.27067506248103962 0.78176671534623288 0.0018306336620920185
decision_type=2 2 2 2 2 2 2
left_child=4 -2 -3 -4 -1 6 -6
right_child=1 2 3 -5 5 -7 -8
leaf_value=-2.7658957814621092e-05 -0.00021458773502723268 -7.990394427046115e-05 0.0002922399250772003 -6.8540590159145841e-06 -1.2312524434207065e-05 -6.6805380559148208e-05 0.00036050152207398013
leaf_weight=430 33 27 31 41 28 120 35
leaf_count=430 33 27 31 41 28 120 35
internal_value=-0.00104027 0.00181818 0.00409091 0.00680555 -0.00165579 0.000191256 0.00452381
internal_weight=745 132 99 72 613 183 63
internal_count=745 132 99 72 613 183 63
is_linear=0
shrinkage=0.05


Tree=28
num_leaves=8
num_cat=0
split_feature=16 1 0 3 11 13 12
split_gain=0.73368 0.809401 0.321095 0.504381 0.538388 0.584198 0.790323
threshold=-0.039452363518861548 -0.079820526618869389 0.0074183537616768777 0.00060337844527136319 0.018680382496318208 17.154999732971195 -0.0045413562786246189
decision_type=2 2 2 2 2 2 2
left_child=1 -1 3 -2 5 -5 -7
right_child=2 -3 -4 4 -6 6 -8
leaf_value=-0.00010511370695534387 -5.6558814122880082e-05 7.38928862280899e-05 -3.1724795572301312e-05 -1.3041441254846395e-05 0.00028633758658870264 -8.5900071419281487e-05 0.0003576314465398244
leaf_weight=25 257 41 239 95 33 31 31
leaf_count=25 257 41 239 95 33 31 31
internal_value=-0.00094415 0.00409091 -0.00142857 -0.000637585 0.00131579 9.55402e-05 0.00387097
internal_weight=752 66 686 447 190 157 62
internal_count=752 66 686 447 190 157 62
is_linear=0
shrinkage=0.05


Tree=29
num_leaves=8
num_cat=0
split_feature=6 6 3 7 7 7 1
split_gain=0.438156 0.602325 0.609794 0.640409 0.491338 1.03826 0.630806
threshold=0.11639635866751374 -0.89351065256367479 0.0059914957781754827 -0.0074983060366676782 0.022959033344575722 -0.0083421153676943565 -0.011966811477886306
decision_type=2 2 2 2 2 2 2
left_child=1 2 3 -1 5 6 -2
right_child=4 -3 -4 -5 -6 -7 -8
leaf_value=1.9735389710250957e-05 -6.5969828491919253e-05 -5.8033718288750627e-05 0.0001185499934091215 -9.1185027655983273e-05 -1.15515120895255e-05 0.00019499202696785699 0.00028102424920964879
leaf_weight=29 97 336 28 68 104 43 25
leaf_count=29 97 336 28 68 104 43 25
internal_value=-0.0010274 -0.00196312 0.000999999 -0.00087629 0.000576207 0.00227273 -8.19684e-05
internal_weight=730 461 125 97 269 165 122
internal_count=730 461 125 97 269 165 122
is_linear=0
shrinkage=0.05


Tree=30
num_leaves=8
num_cat=0
split_feature=16 1 5 9 14 3 1
split_gain=0.426414 0.584277 0.331026 0.289312 0.413649 0.40984 0.52819
threshold=-0.039452363518861548 -0.079820526618869389 0.022232170613017053 -0.068910712367397028 -0.075454415356713087 0.0066760521419965144 -0.027103979831624155
decision_type=2 2 2 8 2 2 2
left_child=1 -1 3 5 -5 6 -2
right_child=2 -3 -4 4 -6 -7 -8
leaf_value=-9.671825261409802e-05 -6.9648415595175185e-05 5.6633677103688376e-05 0.00014653485958814321 6.0882725811192124e-05 -6.6712923020837193e-05 -6.5097833802515276e-05 1.3582306498030765e-05
leaf_weight=25 65 38 45 31 366 54 113
leaf_count=25 65 38 45 31 366 54 113
internal_value=-0.000997287 0.00293651 -0.00136499 -0.00166137 -0.00248111 -0.000258622 0.000898875
internal_weight=737 63 674 629 397 232 178
internal_count=737 63 674 629 397 232 178
is_linear=0
shrinkage=0.05


Tree=31
num_leaves=8
num_cat=0
split_feature=6 7 8 8 9 16 6
split_gain=0.557845 0.68799 1.45558 0.631311 0.389282 0.901748 0.512564
threshold=-0.71085393454056223 -0.0074983060366676782 -0.032063054021065567 -0.0055842405260319019 0.12123854615825648 -0.03490231975238766 0.85922304320375342
decision_type=2 2 8 8 8 2 2
left_child=1 2 -1 -3 -2 -6 -7
right_child=4 3 -4 -5 5 6 -8
leaf_value=-6.6710793932736858e-05 -3.6968275683955335e-05 0.00031729655487897551 0.00013496430615083234 -7.7418776279133866e-05 0.00013385473484638471 -9.8924600843730361e-06 0.00011289231043038091
leaf_weight=42 369 28 25 93 31 118 25
leaf_count=42 369 28 25 93 31 118 25
internal_value=-0.000964433 0.00138298 0.00544776 -0.00086777 -0.00177717 0.000172413 -0.0015035
internal_weight=731 188 67 121 543 174 143
internal_count=731 188 67 121 543 174 143
is_linear=0
shrinkage=0.05


Tree=32
num_leaves=8
num_cat=0
split_feature=4 12 13 11 13 6 3
split_gain=0.558333 0.814548 0.843896 0.468831 0.467398 0.424069 0.591367
threshold=0.032231517167466882 -0.0062518932096157767 19.440000534057621 0.015047056175498954 18.94999980926514 0.27067506248103962 0.0032121680672165813
decision_type=2 2 2 2 2 2 2
left_child=4 -2 3 -3 5 6 -1
right_child=1 2 -4 -5 -6 -7 -8
leaf_value=-6.3516670715099948e-05 -6.4164867502443813e-05 -2.2185577418958048e-06 0.00026668359769923817 3.7859119756788001e-05 -0.00013415681305880769 1.4370790140558688e-05 1.7569464857774944e-05
leaf_weight=209 68 33 25 30 97 144 146
leaf_count=209 68 33 25 30 97 144 146
internal_value=-0.000611703 0.00205128 0.00522727 0.00214286 -0.00130873 -0.000691384 -0.00161972
internal_weight=752 156 88 63 596 499 355
internal_count=752 156 88 63 596 499 355
is_linear=0
shrinkage=0.05


Tree=33
num_leaves=8
num_cat=0
split_feature=9 3 9 14 14 16 11
split_gain=0.514442 0.48412 0.555488 0.430119 0.761038 0.556335 0.622222
threshold=-0.06327971791143798 0.0033647855789323837 0.16269255052817436 -0.056925165822572281 -0.044623986751606441 -0.0067402047098848441 0.0051016574870994544
decision_type=10 2 10 2 2 2 2
left_child=3 -2 -3 -1 -5 -6 -7
right_child=1 2 -4 4 5 6 -8
leaf_value=-9.6855226188709005e-05 -6.0242002649015078e-05 -7.6862077578997395e-05 0.00014034063919789552 0.00010144293273704462 -2.2745992875357509e-05 5.9039879649789751e-05 -3.4492768133258898e-06
leaf_weight=71 179 75 31 28 148 84 126
leaf_count=71 179 75 31 28 148 84 126
internal_value=-0.000350406 -0.00201755 0.000660376 0.000689277 0.00134715 0.000726256 0.00238095
internal_weight=742 285 106 457 386 358 210
internal_count=742 285 106 457 386 358 210
is_linear=0
shrinkage=0.05


Tree=34
num_leaves=8
num_cat=0
split_feature=8 8 1 12 7 1 8
split_gain=0.705223 0.69214 1.60399 0.460774 0.853966 0.925492 0.697494
threshold=0.0027870959257698673 -0.027849968384924536 -0.0044913323010848374 -0.014960350168733092 -0.036884700349504855 -0.020638039357324663 -0.074928612031162731
decision_type=10 10 2 2 2 2 8
left_child=1 3 -3 -1 5 6 -5
right_child=-2 2 -4 4 -6 -7 -8
leaf_value=-0.00015829150286678832 -3.166695194034869e-05 -4.9059614998070218e-07 0.00018514493978072727 -9.2319224534289702e-05 -8.2101772494639795e-05 0.00028324774316303858 4.9970281257869368e-06
leaf_weight=66 343 58 48 41 128 25 38
leaf_count=66 343 58 48 41 128 25 38
internal_value=2.00791e-05 0.00143564 0.00490566 0.000201341 0.00125 0.00461538 0.00196202
internal_weight=747 404 106 298 232 104 79
internal_count=747 404 106 298 232 104 79
is_linear=0
shrinkage=0.05


Tree=35
num_leaves=8
num_cat=0
split_feature=9 9 4 2 15 14 7
split_gain=0.577423 0.612372 0.57573 1.1716 0.411024 0.556865 0.54
threshold=-0.11351156314506826 -0.12292962310023635 0.034765861845518491 -0.13390078466369479 -0.0045800749619545047 0.03328086000020148 1.0000000180025095e-35
decision_type=10 10 2 2 2 2 2
left_child=1 2 -1 -4 -2 -6 -7
right_child=4 -3 3 -5 5 6 -8
leaf_value=-2.2293494801827998e-05 -6.2128362034284915e-05 2.3072109885112848e-05 -0.00010576191010227729 0.00014623523900191341 -1.7009809644016194e-05 0.00012653799042599726 1.9007220087038794e-06
leaf_weight=214 122 26 27 35 244 25 50
leaf_count=214 122 26 27 35 244 25 50
internal_value=-0.000558548 0.00112583 0.000434781 0.00467742 -0.00171202 -0.000768026 0.003
internal_weight=743 302 276 62 441 319 75
internal_count=743 302 276 62 441 319 75
is_linear=0
shrinkage=0.05


Tree=36
num_leaves=8
num_cat=0
split_feature=7 7 9 0 10 7 3
split_gain=0.386026 0.652447 0.339879 0.362921 0.958543 1.05525 0.703194
threshold=0.03152607413041298 0.02723000712232693 -0.055056493019579926 -0.0078652929419921174 -0.0028933762148355964 -0.015854991307025276 -0.00063260498199124704
decision_type=2 2 10 2 2 2 2
left_child=1 2 3 -1 5 -5 -6
right_child=-2 -3 -4 4 6 -7 -8
leaf_value=-3.8487286693308416e-05 -1.5352538295205402e-05 2.4988285537052914e-05 -5.7313710478370761e-05 0.000167697965167151 -0.00014803377642172335 -4.9219655593772377e-06 5.89387512014793e-05
leaf_weight=145 200 28 138 29 53 28 132
leaf_count=145 200 28 138 29 53 28 132
internal_value=-0.000617531 6.32899e-05 -0.000333335 0.000426355 0.00161157 0.0072807 -0.000135136
internal_weight=753 553 525 387 242 57 185
internal_count=753 553 525 387 242 57 185
is_linear=0
shrinkage=0.05


Tree=37
num_leaves=8
num_cat=0
split_feature=3 7 7 1 3 4 9
split_gain=0.452996 0.297842 0.395199 1.37524 0.416718 0.70523 0.40284
threshold=0.013425929465540111 -0.05715688630533388 -0.016432341454371776 -0.0044913323010848374 0.0045079212409325784 0.030146805703522381 -0.034221000154494079
decision_type=2 2 2 2 2 2 10
left_child=1 -1 3 -3 -4 6 -6
right_child=-2 2 4 -5 5 -7 -8
leaf_value=-0.0001036570427314447 -0.00011282819467563635 -3.5973096510784139e-06 -4.3113031693203433e-05 0.00022319135352780566 -6.1786560758931905e-05 0.00027028841966894558 6.5599536074864315e-05
leaf_weight=87 62 135 310 40 65 25 33
leaf_count=87 62 135 310 40 65 25 33
internal_value=-0.000904889 -0.00053957 -0.000148028 0.00185714 -0.000958431 0.00150406 -0.000408164
internal_weight=757 695 608 175 433 123 98
internal_count=757 695 608 175 433 123 98
is_linear=0
shrinkage=0.05


Tree=38
num_leaves=8
num_cat=0
split_feature=9 14 1 2 6 14 0
split_gain=0.409358 0.790738 1.30121 0.7266 0.452887 0.405324 0.430264
threshold=0.16269255052817436 0.013647468145900345 0.0052753970764956035 -0.069444675278491894 0.19959966504288276 0.079615825148664734 0.019497407158272421
decision_type=8 2 2 2 2 2 2
left_child=5 3 -3 -2 -5 6 -1
right_child=1 2 -4 4 -6 -7 -8
leaf_value=-1.1313329708630372e-06 0.00061996832106964237 -7.2991147939622717e-05 0.00013315611527998217 -0.00019310787015586829 1.9021189141021824e-06 -6.2171269962068499e-05 -0.00014602132398794859
leaf_weight=389 25 40 43 86 44 62 51
leaf_count=389 25 40 43 86 44 62 51
internal_value=-0.000405407 0.00130252 0.00524096 -0.000806453 -0.00230769 -0.00121514 -0.000681819
internal_weight=740 238 83 155 130 502 440
internal_count=740 238 83 155 130 502 440
is_linear=0
shrinkage=0.05


Tree=39
num_leaves=8
num_cat=0
split_feature=12 3 3 8 9 15 15
split_gain=0.708862 0.520182 0.343051 0.892283 0.972 0.872866 0.88427
threshold=0.073733903664651171 0.013425929465540111 -1.0000000180025095e-35 -0.0055842405260319019 0.062937415147534828 0.0067392737932855393 0.0018306336620920185
decision_type=2 2 2 8 8 2 2
left_child=1 2 -1 4 5 6 -4
right_child=-2 -3 3 -5 -6 -7 -8
leaf_value=-6.6611772743018285e-06 0.00011191953959991102 -9.8799542901399537e-05 5.0493681218653148e-05 -2.1032438576507008e-05 0.00060939914383127322 -0.00012157456066458756 0.00030554044108801109
leaf_weight=313 33 56 59 184 25 41 25
leaf_count=313 33 56 59 184 25 41 25
internal_value=-4.07621e-05 -0.000376957 2.31827e-05 0.00113772 0.004 0.0022 0.00511905
internal_weight=736 703 647 334 150 125 84
internal_count=736 703 647 334 150 125 84
is_linear=0
shrinkage=0.05


Tree=40
num_leaves=8
num_cat=0
split_feature=12 6 4 10 9 11 13
split_gain=0.453948 0.469871 0.647902 0.482696 0.858132 0.472009 0.834923
threshold=0.073733903664651171 0.11639635866751374 0.022957279935629415 0.0089823327220962552 -0.034221000154494079 0.003813504719322514 16.510000228881839
decision_type=2 2 2 2 8 2 2
left_child=1 3 -3 -1 -5 6 -4
right_child=-2 2 5 4 -6 -7 -8
leaf_value=-2.0722080864215114e-05 9.0110171765543537e-05 8.7821193171732714e-06 5.8874073534310415e-05 -0.0001021902278464953 0.00050419313758978354 -1.6599152551188707e-05 -5.6919744836026977e-05
leaf_weight=380 35 32 38 32 30 104 92
leaf_count=380 35 32 38 32 30 104 92
internal_value=-0.000558548 -0.000833335 0.000827066 -0.00183258 0.00225806 -8.54713e-05 0.00192308
internal_weight=743 708 266 442 62 234 130
internal_count=743 708 266 442 62 234 130
is_linear=0
shrinkage=0.05


Tree=41
num_leaves=8
num_cat=0
split_feature=3 3 9 8 9 12 4
split_gain=0.448908 0.420385 0.858988 1.04197 1.48974 0.560881 0.840854
threshold=0.0095863892297717319 0.0031196788132520363 0.018403878188387627 -0.015439248661524406 -0.091356781356448022 0.033382805411833923 0.023656853503706648
decision_type=2 2 10 8 8 2 2
left_child=1 5 3 4 -3 6 -1
right_child=-2 2 -4 -5 -6 -7 -8
leaf_value=4.8810209518774091e-05 -7.7096356471397412e-05 -6.1593892160481484e-06 0.00012077926349908604 -5.9032650251438232e-05 0.00037246201174815919 -6.3820443636230923e-05 -4.4471295123757062e-06
leaf_weight=55 105 43 26 93 25 137 267
leaf_count=55 105 43 26 93 25 137 267
internal_value=-0.000539282 -4.64408e-05 0.00195187 0.000590061 0.00529412 -0.000860568 0.000279502
internal_weight=751 646 187 161 68 459 322
internal_count=751 646 187 161 68 459 322
is_linear=0
shrinkage=0.05


Tree=42
num_leaves=8
num_cat=0
split_feature=13 16 14 1 4 7 11
split_gain=0.354217 0.465276 0.415285 0.677188 0.884215 0.759306 0.790323
threshold=24.695000648498539 -0.046252755060880661 0.009860755526874045 -0.03968906321233711 0.031501799830923681 -0.0052491012581981624 0.0049014316460139771
decision_type=2 2 2 2 2 2 2
left_child=1 -1 -3 -4 5 6 -5
right_child=-2 2 3 4 -6 -7 -8
leaf_value=4.2305290790903342e-05 -0.00011255465655353743 -7.3304412140033169e-06 -0.00026762458322242012 -1.3598434979238675e-06 0.00023567226770777411 -2.011553989305895e-05 0.00021715633536924565
leaf_weight=27 43 431 39 31 25 122 31
leaf_count=27 43 431 39 31 25 122 31
internal_value=-0.000594127 -0.00032578 -0.000581739 0.00104839 0.00217703 0.00097826 0.00548387
internal_weight=749 706 679 248 209 184 62
internal_count=749 706 679 248 209 184 62
is_linear=0
shrinkage=0.05


Tree=43
num_leaves=8
num_cat=0
split_feature=4 12 0 8 4 4 6
split_gain=0.430684 0.540622 0.996012 0.47924 0.344255 0.562848 0.509202
threshold=0.032938942377241452 -0.013091202195066818 0.0077674070074409416 -0.068877760072978286 0.028976503483885006 0.028460203150042589 0.30819862257488478
decision_type=2 2 2 10 2 2 2
left_child=3 -2 -3 -1 5 6 -5
right_child=1 2 -4 4 -6 -7 -8
leaf_value=-8.9710054899218181e-05 -0.00011081386068763799 0.00024615847846342628 -6.9093151931598254e-05 -1.160551243538925e-05 -2.4680875893806989e-05 0.00019306342705442868 2.3747134346726186e-05
leaf_weight=89 56 47 36 259 137 25 95
leaf_count=89 56 47 36 259 137 25 95
internal_value=-0.00103495 0.00147482 0.00403614 -0.00161157 -0.00102713 -0.000250661 -0.000762713
internal_weight=744 139 83 605 516 379 354
internal_count=744 139 83 605 516 379 354
is_linear=0
shrinkage=0.05


Tree=44
num_leaves=8
num_cat=0
split_feature=13 15 13 14 8 3 1
split_gain=0.394873 0.793308 0.9223 0.573682 1.0173 0.818587 0.445342
threshold=17.445000648498539 -0.011157494016097334 17.945000648498539 -0.068623004427642229 -0.015439248661524406 -1.0000000180025095e-35 0.037230357947385835
decision_type=2 2 2 2 8 2 2
left_child=6 -2 -3 -4 5 -5 -1
right_child=1 2 3 4 -6 -7 -8
leaf_value=-2.4840647881581764e-05 -0.00011706658626309088 0.00022962226987240436 -0.0001799520277866696 -3.4400219309252503e-06 -3.002848470625124e-06 0.00071871582253467685 4.5748370696585574e-06
leaf_weight=347 67 25 35 27 101 35 98
leaf_count=347 67 25 35 27 101 35 98
internal_value=-0.000918369 0.00051724 0.00195067 0.00080808 0.00205521 0.00709677 -0.00185393
internal_weight=735 290 223 198 163 62 445
internal_count=735 290 223 198 163 62 445
is_linear=0
shrinkage=0.05


Tree=45
num_leaves=8
num_cat=0
split_feature=13 6 4 16 13 14 9
split_gain=0.448187 0.354185 0.797143 0.490858 0.47017 0.55328 0.869823
threshold=12.555000305175783 -0.12382651253629408 0.023052298432351338 -0.039452363518861548 16.510000228881839 0.00619378828642947 -0.10846675596707843
decision_type=2 2 2 2 2 2 10
left_child=-1 4 -3 -4 -2 -6 -7
right_child=1 2 3 -5 5 6 -8
leaf_value=3.9559382382609324e-06 -5.2189730531541494e-05 6.7519505049742877e-06 1.1636588225391593e-05 -9.7561438572711723e-06 -5.6784294750470346e-05 -5.8973592509157629e-05 9.6489477366085657e-05
leaf_weight=28 181 42 42 245 125 44 36
leaf_count=28 181 42 42 245 125 44 36
internal_value=-0.000491253 -0.000734267 0.000471123 -0.000470384 -0.00176166 -0.000121952 0.003125
internal_weight=743 715 329 287 386 205 80
internal_count=743 715 329 287 386 205 80
is_linear=0
shrinkage=0.05


Tree=46
num_leaves=8
num_cat=0
split_feature=15 6 9 16 3 16 0
split_gain=0.301453 0.506898 0.4889 1.11681 0.770147 0.47451 0.471799
threshold=-0.01130180773046374 -0.12382651253629408 0.12123854615825648 0.029838764707212587 0.00075044203373730866 0.037030550469043362 0.011246384088681617
decision_type=2 2 8 2 2 2 2
left_child=-1 6 5 4 -4 -3 -2
right_child=1 2 3 -5 -6 -7 -8
leaf_value=-4.4094465282137358e-05 -1.1200042331599489e-06 -7.3187802537478424e-06 2.2355202207889493e-05 -7.2236498839907604e-06 0.00045216808008723765 1.7400036323927359e-05 -9.2151810064329775e-05
leaf_weight=121 269 153 26 29 28 27 94
leaf_count=121 269 153 26 29 28 27 94
internal_value=-0.000649265 -0.000207669 0.00146388 0.00463855 0.00888889 -1.19209e-09 -0.00141873
internal_weight=747 626 263 83 54 180 363
internal_count=747 626 263 83 54 180 363
is_linear=0
shrinkage=0.05


Tree=47
num_leaves=8
num_cat=0
split_feature=13 5 11 5 3 14 8
split_gain=0.422837 0.389588 0.541731 0.441613 0.46419 0.74665 0.645347
threshold=12.555000305175783 0.021830084651663851 0.011915744624196202 0.015617530643655638 0.0085883363422977217 -0.026106823606350468 -0.0040339309676145621
decision_type=2 2 2 2 2 2 10
left_child=-1 3 -3 4 5 6 -2
right_child=1 2 -4 -5 -6 -7 -8
leaf_value=3.7753237115306477e-06 0.00018491207915224722 -1.0147380531582906e-05 0.00012978269791838042 -2.5037089619761252e-05 -8.402748034616901e-05 -2.2900497447390122e-06 -5.1635614423838873e-07
leaf_weight=29 31 31 32 371 50 163 27
leaf_count=29 31 31 32 371 50 163 27
internal_value=-0.000572208 -0.000815604 0.00293651 -0.0011838 0.000350552 0.00133484 0.0062069
internal_weight=734 705 63 642 271 221 58
internal_count=734 705 63 642 271 221 58
is_linear=0
shrinkage=0.05


Tree=48
num_leaves=8
num_cat=0
split_feature=3 1 8 8 13 11 3
split_gain=0.450637 0.505062 0.986208 1.37685 0.895647 0.479782 0.467893
threshold=0.013945212069883863 -0.0053457252637816857 0.0027870959257698673 -0.02273601213258802 17.840000152587894 0.019179082572346465 0.0059084927359364112
decision_type=2 2 8 10 2 2 2
left_child=1 5 3 4 -3 -1 -4
right_child=-2 2 6 -5 -6 -7 -8
leaf_value=-3.025894679269872e-05 -8.5671596779485231e-05 -8.239214363436573e-06 -3.3446996239972663e-05 0.00014861918626881578 0.00048956522392580332 3.2188777820700114e-06 3.4840587737294399e-05
leaf_weight=274 49 63 189 36 29 41 53
leaf_count=274 49 63 189 36 29 41 53
internal_value=-0.000367849 -3.64975e-05 0.00121622 0.00476562 0.00152174 -0.00150794 -0.000661158
internal_weight=734 685 370 128 92 315 242
internal_count=734 685 370 128 92 315 242
is_linear=0
shrinkage=0.05


Tree=49
num_leaves=8
num_cat=0
split_feature=12 6 1 10 4 7 11
split_gain=0.801164 0.364645 0.612858 0.537965 0.465281 0.523966 0.496324
threshold=0.073733903664651171 0.10275897818073755 -0.034759913508933364 0.0036325888728027116 0.023052298432351338 0.0078676539761195503 0.003813504719322514
decision_type=2 2 2 2 2 2 2
left_child=1 -1 -3 4 -4 -6 -7
right_child=-2 2 3 -5 5 6 -8
leaf_value=-1.4433865958203636e-05 7.5678421964919091e-05 -3.2007975281666557e-05 8.1420642465157724e-05 -1.5629855775193302e-05 6.3029581508088924e-05 4.1104527085469338e-05 -6.5765489959401994e-05
leaf_weight=431 33 79 27 61 37 34 30
leaf_count=431 33 79 27 61 37 34 30
internal_value=-0.000491804 -0.000851217 0.000597014 0.00214286 0.00398437 0.00242574 -0.000312501
internal_weight=732 699 268 189 128 101 64
internal_count=732 699 268 189 128 101 64
is_linear=0
shrinkage=0.05


Tree=50
num_leaves=8
num_cat=0
split_feature=14 1 7 10 0 0 3
split_gain=0.472663 1.14734 0.969697 0.627502 0.38085 0.429081 0.750466
threshold=0.028971532531295811 -0.029640978489761823 -0.0086323980345895373 -0.003359521019770106 -0.00320805626444659 0.0074183537616768777 -0.00063260498199124704
decision_type=2 2 2 2 2 2 2
left_child=4 -2 -3 -4 -1 6 -6
right_child=1 2 3 -5 5 -7 -8
leaf_value=-2.6678328078019661e-05 -0.000148525622244312 0.00013219467521485633 -3.7227575377645886e-05 3.6427143637084054e-05 -0.00012870407884660757 -3.5805498440102926e-05 0.00014937857357155877
leaf_weight=200 57 40 68 42 46 186 96
leaf_count=200 57 40 68 42 46 186 96
internal_value=-0.000986396 0.00103865 0.00333333 0.00090909 -0.0017803 -0.000731709 0.00133803
internal_weight=735 207 150 110 528 328 142
internal_count=735 207 150 110 528 328 142
is_linear=0
shrinkage=0.05


Tree=51
num_leaves=8
num_cat=0
split_feature=10 9 10 16 7 2 0
split_gain=0.457406 0.847536 0.422699 0.386237 0.377203 0.588757 0.40547
threshold=-0.0012648556783600438 0.16269255052817436 -0.0019771286698093134 -0.039452363518861548 0.023721441402700164 0.021807909178347854 -0.0067513942701252763
decision_type=2 10 2 2 2 2 2
left_child=1 2 4 -2 5 6 -1
right_child=3 -3 -4 -5 -6 -7 -8
leaf_value=-5.7490551295363276e-05 5.0556859381568337e-05 8.566774503817264e-05 5.859065080903727e-05 -2.1464876132636021e-05 -0.00030139757213566752 1.101518478572161e-05 2.4462486815415021e-06
leaf_weight=69 30 30 30 445 53 32 64
leaf_count=69 30 30 30 445 53 32 64
internal_value=-0.00121514 0.000395682 -0.000564517 -0.0021579 -0.00133028 -0.000151516 -0.00161654
internal_weight=753 278 248 475 218 165 133
internal_count=753 278 248 475 218 165 133
is_linear=0
shrinkage=0.05


Tree=52
num_leaves=8
num_cat=0
split_feature=6 13 12 10 1 0 7
split_gain=0.312871 0.65841 0.687407 0.804929 0.535238 0.818841 0.896953
threshold=0.27067506248103962 17.445000648498539 0.027692193477340758 -0.00053944274453426855 -0.037208830720687529 0.0051106395737730024 0.027586365951866702
decision_type=2 2 2 2 2 2 2
left_child=1 -1 -3 -4 -2 6 -6
right_child=4 2 3 -5 5 -7 -8
leaf_value=-3.1892100971127339e-05 -4.1645712143983132e-05 -2.1698085285542722e-05 0.00013037470928519039 -1.1140060571376226e-05 0.0001410487204711898 -9.4034508509296636e-06 -1.7358326298251513e-05
leaf_weight=315 65 143 28 33 52 86 29
leaf_count=315 65 143 28 33 52 86 29
internal_value=-0.00113848 -0.00182081 0.000392156 0.00483606 0.00038793 0.00188623 0.00549383
internal_weight=751 519 204 61 232 167 81
internal_count=751 519 204 61 232 167 81
is_linear=0
shrinkage=0.05


Tree=53
num_leaves=8
num_cat=0
split_feature=15 3 5 16 4 5 5
split_gain=0.418924 0.452518 0.366103 0.681767 1.18262 0.565449 0.543198
threshold=-0.015970956688950207 0.013945212069883863 0.019785795470111524 0.016398125005818835 0.036429614214798338 0.015753905508855189 0.015070791110582002
decision_type=2 2 2 2 2 2 2
left_child=-1 2 5 4 -4 6 -2
right_child=1 -3 3 -5 -6 -7 -8
leaf_value=-3.7382976261430965e-05 -2.5208042522728855e-06 -7.6471620982949409e-05 0.00015908924026668985 -5.2630603209782901e-05 -1.1567601549793517e-06 -1.47859025825874e-05 1.9571883951971061e-05
leaf_weight=73 180 48 26 36 25 271 77
leaf_count=73 180 48 26 36 25 271 77
internal_value=-0.00072011 -0.000324285 4.06492e-05 0.00304598 0.0067647 -0.000454547 0.00122568
internal_weight=736 663 615 87 51 528 257
internal_count=736 663 615 87 51 528 257
is_linear=0
shrinkage=0.05


Tree=54
num_leaves=8
num_cat=0
split_feature=16 16 4 4 9 4 10
split_gain=0.330914 0.409531 0.456965 0.692641 0.357379 0.329755 0.465879
threshold=-0.04202493834219128 -0.0045135552696183292 0.032399007427526563 0.035979245345677528 0.057115745754435017 0.028751559482091807 -0.0045587761694280129
decision_type=2 2 2 2 8 2 2
left_child=4 -2 5 -4 -1 6 -3
right_child=1 2 3 -5 -6 -7 -8
leaf_value=-1.5706435966296601e-05 -3.9721240908102435e-05 -9.5633220527859277e-05 0.00022404097683717319 -3.5847417014216904e-05 1.2014446998659968e-05 -2.2733647766177639e-05 6.6824453998700441e-07
leaf_weight=27 223 48 40 44 25 93 241
leaf_count=27 223 48 40 44 25 93 241
internal_value=-0.00115385 -0.00144412 -0.00060086 0.00273809 0.00269231 -0.00133508 -0.000501731
internal_weight=741 689 466 84 52 382 289
internal_count=741 689 466 84 52 382 289
is_linear=0
shrinkage=0.05


Tree=55
num_leaves=8
num_cat=0
split_feature=16 10 14 1 7 1 7
split_gain=0.55068 0.582682 0.755315 0.390081 0.82013 0.59841 0.261296
threshold=-0.033677931808816002 -0.0032489078967054548 -0.025685626403374347 -0.0053457252637816857 -0.018375003023959221 0.015610427139752582 0.022358740305504447
decision_type=2 2 2 2 2 2 2
left_child=1 -1 -3 -2 5 -5 -6
right_child=3 2 -4 4 6 -7 -8
leaf_value=-2.6644047476291949e-05 -3.9226420400189914e-05 2.5476091132112895e-05 3.8701516176850206e-05 0.00018981269663208018 -4.5069989785949163e-05 5.2323225054123382e-05 -1.4874068170350845e-06
leaf_weight=37 244 30 31 25 130 28 233
leaf_count=37 244 30 31 25 130 28 233
internal_value=-0.000844328 0.00265306 0.00565574 -0.00136364 -0.000432693 0.00537736 -0.00128099
internal_weight=758 98 61 660 416 53 363
internal_count=758 98 61 660 416 53 363
is_linear=0
shrinkage=0.05


Tree=56
num_leaves=8
num_cat=0
split_feature=15 3 9 9 14 13 5
split_gain=0.495751 0.584219 0.447114 0.80226 0.493702 0.507312 0.632006
threshold=-0.015970956688950207 0.013425929465540111 -0.068910712367397028 -0.082320086026486647 0.049298283120689408 21.724999427795414 0.015753905508855189
decision_type=2 2 10 10 2 2 2
left_child=-1 2 3 4 5 6 -2
right_child=1 -3 -4 -5 -6 -7 -8
leaf_value=-3.6412884773367869e-05 3.0172223419865072e-06 -8.7092893964519095e-05 -1.0030975703949996e-05 0.00025037896654883093 1.606086549488327e-05 0.00013669497249196418 -0.00010877075824512948
leaf_weight=77 130 56 264 32 48 26 109
leaf_count=77 130 56 264 32 48 26 109
internal_value=-0.000552562 -0.000112783 0.000336616 0.00152174 0.000750798 -9.43408e-05 -0.000815901
internal_weight=742 665 609 345 313 265 239
internal_count=742 665 609 345 313 265 239
is_linear=0
shrinkage=0.05


Tree=57
num_leaves=8
num_cat=0
split_feature=16 10 9 1 3 6 6
split_gain=0.414419 0.898442 0.512397 0.32921 0.379342 0.431797 0.434669
threshold=-0.033677931808816002 -0.0032489078967054548 -1.0000000180025095e-35 -0.030456825998681211 0.013425929465540111 0.10275897818073755 0.45258509232852429
decision_type=2 2 8 2 2 2 2
left_child=1 -1 -3 -2 5 -5 -7
right_child=3 2 -4 4 -6 6 -8
leaf_value=-3.5793438196417128e-05 -0.00010149584387478203 4.1386075707744056e-06 0.00012324904555185699 -8.0920580179998229e-06 -8.4866563623956897e-05 0.00012219876590152667 -3.8097479754213464e-07
leaf_weight=38 95 30 28 341 48 52 101
leaf_count=38 95 30 28 341 48 52 101
internal_value=-0.000770806 0.00229167 0.0062069 -0.00123234 -0.000756459 -0.000344131 0.00186274
internal_weight=733 96 58 637 542 494 153
internal_count=733 96 58 637 542 494 153
is_linear=0
shrinkage=0.05


Tree=58
num_leaves=8
num_cat=0
split_feature=5 4 5 1 14 5 7
split_gain=0.402228 0.751603 0.387849 0.578066 0.46532 0.697862 0.524387
threshold=0.021362195673126413 0.039132932715187842 0.015753905508855189 0.037230357947385835 -0.0029443342389950384 0.015070791110582002 -0.036884700349504855
decision_type=2 2 2 2 2 2 2
left_child=2 -2 3 4 6 -6 -1
right_child=1 -3 -4 -5 5 -7 -8
leaf_value=3.4900629477988182e-05 5.5335416215410252e-05 -7.244196168290399e-06 -1.2144916679967289e-05 3.0324583981219955e-05 -2.6067661380850294e-05 9.2214822247876484e-05 -5.226575911727524e-05
leaf_weight=42 28 41 367 42 93 36 101
leaf_count=42 28 41 367 42 93 36 101
internal_value=-0.000666668 0.00297101 -0.00103524 0.000254776 -0.000588236 0.00158915 -0.00255245
internal_weight=750 69 681 314 272 129 143
internal_count=750 69 681 314 272 129 143
is_linear=0
shrinkage=0.05


Tree=59
num_leaves=8
num_cat=0
split_feature=5 5 15 4 3 0 15
split_gain=0.383132 0.570805 0.454585 0.603487 1.10033 0.425422 0.415385
threshold=0.015617530643655638 0.015426656190676695 -0.011157494016097334 0.032231517167466882 -0.0043421767053791185 -0.0013373683663591149 0.0067392737932855393
decision_type=2 2 2 2 2 2 2
left_child=1 6 -2 5 -5 -4 -1
right_child=2 -3 3 4 -6 -7 -8
leaf_value=2.8440745152960181e-06 -7.8871178757011198e-05 0.00013754769089687884 -8.7921503416685143e-05 0.00017844861366759674 -2.8072489409374241e-06 -3.3560599415943365e-06 -5.394742872267914e-05
leaf_weight=192 81 28 91 29 92 150 78
leaf_count=192 81 28 91 29 92 150 78
internal_value=-0.000681513 0.000704697 -0.001614 -0.000856355 0.00202479 -0.00230291 -1.19209e-09
internal_weight=741 298 443 362 121 241 270
internal_count=741 298 443 362 121 241 270
is_linear=0
shrinkage=0.05


Tree=60
num_leaves=8
num_cat=0
split_feature=3 1 13 7 7 4 13
split_gain=0.377578 0.273403 0.267515 0.288907 0.43622 0.477162 1.34964
threshold=0.014212704422213231 0.080792040230453402 24.695000648498539 0.037776053339362299 0.029288921029495211 0.033163354931035081 18.719999313354496
decision_type=2 2 2 2 2 2 2
left_child=1 2 3 4 5 -1 -7
right_child=-2 -3 -4 -5 -6 6 -8
leaf_value=-2.7228135775524332e-06 -7.7671931692548397e-05 1.1264357533411994e-06 -3.6226056699530401e-05 -2.5603820566515515e-05 4.7845992920629272e-06 -9.6605852344886823e-05 0.000176462714351463
leaf_weight=407 48 26 33 123 46 26 37
leaf_count=407 48 26 33 123 46 26 37
internal_value=-0.000710457 -0.000415474 -0.00061012 -0.000383413 0.000135658 -0.00031915 0.00373016
internal_weight=746 698 672 639 516 470 63
internal_count=746 698 672 639 516 470 63
is_linear=0
shrinkage=0.05


Tree=61
num_leaves=8
num_cat=0
split_feature=1 13 4 15 0 4 10
split_gain=0.317222 0.234698 0.287001 0.646552 1.08603 0.592231 0.583573
threshold=0.087964383803563209 24.695000648498539 0.032399007427526563 -0.011157494016097334 -0.0016126016334441216 0.028751559482091807 0.010591445370862431
decision_type=2 2 2 2 2 2 2
left_child=1 2 5 -4 -5 6 -1
right_child=-2 -3 3 4 -6 -7 -8
leaf_value=-3.3875686580887809e-06 1.0701139656741381e-06 -3.5564854303145797e-05 -0.00012501898356009813 0.00020129805301847116 -1.3981207953789383e-05 -5.1102115604415119e-05 0.00013508430345599907
leaf_weight=396 26 35 29 31 56 148 31
leaf_count=396 26 35 29 31 56 148 31
internal_value=-0.000811171 -0.00100551 -0.000803185 0.00146552 0.00362069 -0.00126087 -0.00031616
internal_weight=752 726 691 116 87 575 427
internal_count=752 726 691 116 87 575 427
is_linear=0
shrinkage=0.05


Tree=62
num_leaves=8
num_cat=0
split_feature=3 5 5 7 4 4 6
split_gain=0.375993 0.477654 1.04606 0.452706 0.378887 0.717203 0.461669
threshold=0.014212704422213231 0.021830084651663851 0.025336129722138962 0.07703162424791056 0.029022056276957729 0.028460203150042589 0.27067506248103962
decision_type=2 2 2 2 2 2 2
left_child=1 3 -3 4 5 6 -1
right_child=-2 2 -4 -5 -6 -7 -8
leaf_value=-6.2183056843465188e-06 -0.00013001318283486056 0.00011448036554142368 -0.00013526652303542857 1.6702560978516237e-05 -2.4324260050142735e-05 0.00012290408550932181 2.6053166815840603e-05
leaf_weight=276 42 28 25 28 204 27 110
leaf_count=276 42 28 25 28 204 27 110
internal_value=-0.000405407 -0.000128941 0.00443396 -0.000503877 -0.000786063 8.47446e-05 -0.000466322
internal_weight=740 698 53 645 617 413 386
internal_count=740 698 53 645 617 413 386
is_linear=0
shrinkage=0.05


Tree=63
num_leaves=8
num_cat=0
split_feature=10 1 15 1 6 4 4
split_gain=0.356082 0.74356 0.306799 0.311043 0.366903 0.597531 0.508565
threshold=0.011869721142281022 0.0076151989841936061 0.016067436476175926 -0.065745830049412465 0.27067506248103962 0.023052298432351338 0.026508760968477565
decision_type=2 2 2 2 2 2 2
left_child=2 -2 3 -1 -5 -6 -7
right_child=1 -3 -4 4 5 6 -8
leaf_value=-2.6893956010104144e-05 0.00019887880360466739 -7.8058755104924433e-05 -9.3247106033970771e-05 -5.1720942800055036e-06 7.1685149166551753e-05 -0.0001866529133613332 3.4186104107670639e-05
leaf_weight=49 25 26 57 429 27 39 96
leaf_count=49 25 26 57 429 27 39 96
internal_value=-0.00118984 0.00284314 -0.00148494 -0.00117188 -0.000854485 0.00117284 -0.000185186
internal_weight=748 51 697 640 591 162 135
internal_count=748 51 697 640 591 162 135
is_linear=0
shrinkage=0.05


Tree=64
num_leaves=8
num_cat=0
split_feature=3 1 4 14 4 4 6
split_gain=0.42267 0.429253 0.393445 0.745399 1.19506 0.464667 0.41934
threshold=0.013425929465540111 -0.065745830049412465 0.032360264635213458 -0.053534792570075034 0.035410920757642184 0.02878737371295562 0.27067506248103962
decision_type=2 2 2 2 2 2 2
left_child=1 -1 5 -4 -5 6 -3
right_child=-2 2 3 4 -6 -7 -8
leaf_value=-2.7436595804974452e-05 -5.5103890858850424e-05 -2.6084512787042204e-06 -0.00053348643156670415 0.00022016719870872277 -3.9006763369632716e-06 -1.5529915781464092e-05 3.3119503740363969e-05
leaf_weight=51 59 285 25 36 45 127 111
leaf_count=51 59 285 25 36 45 127 111
internal_value=-0.000940461 -0.000588236 -0.000230526 0.00254717 0.00487654 -0.0007935 5.05039e-05
internal_weight=739 680 629 106 81 523 396
internal_count=739 680 629 106 81 523 396
is_linear=0
shrinkage=0.05


Tree=65
num_leaves=8
num_cat=0
split_feature=13 2 7 14 10 16 4
split_gain=0.338682 0.874662 0.68855 0.595238 0.518649 0.440002 0.430108
threshold=17.125000000000004 0.019174628835194277 0.012349339975099684 0.024414321868059811 0.011081127961662387 -0.029077596600948104 0.025352013027327282
decision_type=2 2 2 2 2 2 2
left_child=5 4 -3 -4 -2 -1 -7
right_child=1 2 3 -5 -6 6 -8
leaf_value=2.0286016350249761e-06 -2.0505977220380253e-05 0.00019491147033803813 -5.208769896708225e-05 6.1412207400521833e-05 0.00040957766145622058 -1.5605603085351289e-06 -3.1807347210476383e-05
leaf_weight=37 192 25 56 28 25 161 215
leaf_count=37 192 25 56 28 25 161 215
internal_value=-0.00114344 6.13485e-05 0.0037156 0.00154762 -0.00177419 -0.00209443 -0.00260638
internal_weight=739 326 109 84 217 413 376
internal_count=739 326 109 84 217 413 376
is_linear=0
shrinkage=0.05


Tree=66
num_leaves=8
num_cat=0
split_feature=1 11 12 10 5 4 6
split_gain=0.412397 0.621037 0.813154 0.458459 0.380257 0.675855 0.420822
threshold=-0.0031258244625532723 -0.00737805067741537 -0.0011596374910577965 0.0086942135082223055 0.015788270313330004 0.025115372374400941 0.068904819531357089
decision_type=2 2 2 2 2 2 2
left_child=-1 2 -2 4 5 6 -3
right_child=1 3 -4 -5 -6 -7 -8
leaf_value=-2.1002840453631979e-05 -5.3702720474536835e-06 -5.6324637662086807e-05 0.00014307663402917864 3.5095920664712885e-05 -5.7578166481324945e-05 1.9298836091424129e-05 1.6154853279629447e-05
leaf_weight=346 28 48 29 55 173 36 25
leaf_count=346 28 48 29 55 173 36 25
internal_value=-0.00128378 -0.000177666 0.00464912 -0.000994066 -0.00180851 0.000504586 -0.00226028
internal_weight=740 394 57 337 282 109 73
internal_count=740 394 57 337 282 109 73
is_linear=0
shrinkage=0.05


Tree=67
num_leaves=8
num_cat=0
split_feature=15 3 5 7 7 8 7
split_gain=0.424239 0.52054 0.73507 0.476444 0.968437 0.363871 0.956162
threshold=-0.01130180773046374 0.0095863892297717319 0.022136373961660353 -0.055138935874106447 -0.036884700349504855 0.0014297348380889476 0.019477881523528699
decision_type=2 2 2 2 2 8 2
left_child=-1 2 3 -2 -5 6 -6
right_child=1 -3 -4 4 5 -7 -8
leaf_value=-2.1045702028609723e-05 -0.00011832830219875605 -4.426463478536309e-05 7.0427530347166392e-05 0.00015808607086584416 -1.1254561960362042e-07 -2.1890812715409655e-05 0.00010055122089610244
leaf_weight=124 44 100 31 44 124 265 26
leaf_count=124 44 100 31 44 124 265 26
internal_value=-0.000712402 -0.000189276 0.00043071 -2.98223e-05 0.000446622 -0.000301206 0.00166667
internal_weight=758 634 534 503 459 415 150
internal_count=758 634 534 503 459 415 150
is_linear=0
shrinkage=0.05


Tree=68
num_leaves=8
num_cat=0
split_feature=11 16 1 1 0 3 9
split_gain=0.448333 0.568278 0.516757 1.05956 0.422421 0.730183 0.853377
threshold=0.0010676984150611581 -0.033677931808816002 -0.0053457252637816857 0.015744922491505723 0.019497407158272421 0.0051934185643724992 -0.092866404883358109
decision_type=2 2 2 2 2 2 10
left_child=2 -2 -1 -4 5 -3 -7
right_child=1 4 3 -5 -6 6 -8
leaf_value=-7.2675063625617963e-05 0.0002195613460657566 -5.6631788038288934e-06 7.8604653609911293e-05 -1.1094756435953677e-05 -0.00010186409761190659 -1.6618980755399517e-05 7.8926011666820894e-05
leaf_weight=171 42 246 44 84 62 35 59
leaf_count=171 42 246 44 84 62 35 59
internal_value=-0.000827727 0.000180179 -0.00232442 7.81238e-05 -0.000398011 0.000294116 0.00404255
internal_weight=743 444 299 128 402 340 94
internal_count=743 444 299 128 402 340 94
is_linear=0
shrinkage=0.05


Tree=69
num_leaves=8
num_cat=0
split_feature=3 11 8 3 1 8 6
split_gain=0.331826 0.385803 0.534701 0.456866 0.504462 0.406787 0.326403
threshold=0.013945212069883863 0.011742947758078383 -0.0645414030027711 0.0051934185643724992 0.021451499053500526 0.12479158329892771 -0.93643312562753644
decision_type=2 2 8 2 2 10 2
left_child=1 5 -3 6 -5 -1 -4
right_child=-2 2 3 4 -6 -7 -8
leaf_value=-8.7246000632689781e-06 -7.7801606056585135e-05 0.00024019093805375372 2.6606259554455993e-06 -3.8417174450522235e-06 9.3730675667641478e-05 2.5424198910382596e-05 -3.1879763284170899e-05
leaf_weight=430 51 47 25 27 26 44 95
leaf_count=430 51 47 25 27 26 44 95
internal_value=-0.00110738 -0.000821327 0.00090909 -0.000375724 0.00349056 -0.00162447 -0.00208333
internal_weight=745 694 220 173 53 474 120
internal_count=745 694 220 173 53 474 120
is_linear=0
shrinkage=0.05


Tree=70
num_leaves=8
num_cat=0
split_feature=8 2 0 6 13 4 13
split_gain=0.301432 0.409697 0.348374 0.435538 0.837885 0.593451 0.402877
threshold=0.12479158329892771 0.16402113341072902 -0.005250933013028535 0.27067506248103962 18.335000038146976 0.026950198696471087 16.164999961853031
decision_type=10 2 2 2 2 2 2
left_child=2 -2 -1 6 5 -5 -4
right_child=1 -3 3 4 -6 -7 -8
leaf_value=-1.8043873968711332e-05 5.0258829787735931e-05 -1.1215710955392418e-05 -4.8700317364635065e-05 0.00012845018702384414 -0.00022409778431303881 -7.7615471175443922e-06 -1.1736838569676964e-06
leaf_weight=255 25 30 143 44 30 32 182
leaf_count=255 25 30 143 44 30 32 182
internal_value=-0.0012888 0.00227273 -0.00157435 -0.000707658 0.00207547 0.00486842 -0.00161539
internal_weight=741 55 686 431 106 76 325
internal_count=741 55 686 431 106 76 325
is_linear=0
shrinkage=0.05


Tree=71
num_leaves=8
num_cat=0
split_feature=15 15 11 11 14 14 8
split_gain=0.61511 0.463798 0.41269 1.08393 0.966994 0.761261 0.812758
threshold=-0.0038209018588439832 0.017353342561111654 0.0028224739741974374 0.0057915448439024306 -0.014609583018452553 -0.030119880421319408 -0.018373412431401889
decision_type=2 2 2 2 2 2 10
left_child=-1 2 -2 -4 5 6 -5
right_child=1 -3 3 4 -6 -7 -8
leaf_value=-1.6608963337093863e-05 -8.6511850450924767e-06 -6.5575181101912107e-05 0.00018521223639171117 0.00012067003971960881 -4.7272474314164711e-05 5.3099241191775185e-05 -1.7153699712878811e-05
leaf_weight=259 167 60 28 34 119 37 40
leaf_count=259 167 60 28 34 119 37 40
internal_value=-0.00110215 -5.15476e-05 0.000529411 0.00178294 0.000652173 0.00400901 0.00108108
internal_weight=744 485 425 258 230 111 74
internal_count=744 485 425 258 230 111 74
is_linear=0
shrinkage=0.05


Tree=72
num_leaves=8
num_cat=0
split_feature=3 3 3 3 10 7 6
split_gain=0.310946 0.643918 0.31656 0.350715 1.1888 0.513369 0.418467
threshold=0.013945212069883863 0.01198403690287775 0.0087945338986504824 0.001969148171642066 0.0094914683342374202 0.035794114778652804 0.10275897818073755
decision_type=2 2 2 2 2 2 2
left_child=1 2 3 -1 5 6 -5
right_child=-2 -3 -4 4 -6 -7 -8
leaf_value=-7.814600113390115e-06 -5.53436852271302e-05 1.0719962557186852e-05 -0.00021600144493617689 -3.3398833478921809e-06 0.000626052783425286 -7.1868780950217726e-05 4.1372592571156677e-05
leaf_weight=412 49 25 50 97 30 51 39
leaf_count=412 49 25 50 97 30 51 39
internal_value=-0.00114874 -0.000880683 -0.00117084 -0.000866456 0.000760367 -0.000721926 0.000882352
internal_weight=753 704 679 629 217 187 136
internal_count=753 704 679 629 217 187 136
is_linear=0
shrinkage=0.05


end of trees

feature_importances:
overnight_gap=49
atr_pct=46
dvol_z_20=46
ret_5d=38
dist_ma50=37
dist_ma200=36
dist_ma20=34
sector_ret_1d=29
sector_ret_5d=28
ret_1d=24
spy_ret_20d=24
spy_ret_1d=23
vix_level=23
vix_chg_1d=23
parkinson_20=20
spy_ret_5d=19
ret_20d=12

parameters:
[boosting: gbdt]
[objective: quantile]
[metric: quantile]
[tree_learner: serial]
[device_type: cpu]
[data_sample_strategy: bagging]
[data: ]
[valid: ]
[num_iterations: 80]
[learning_rate: 0.05]
[num_leaves: 8]
[num_threads: 1]
[seed: 0]
[deterministic: 0]
[force_col_wise: 1]
[force_row_wise: 0]
[histogram_pool_size: -1]
[max_depth: -1]
[min_data_in_leaf: 25]
[min_sum_hessian_in_leaf: 0.001]
[bagging_fraction: 0.9]
[pos_bagging_fraction: 1]
[neg_bagging_fraction: 1]
[bagging_freq: 1]
[bagging_seed: 3]
[bagging_by_query: 0]
[feature_fraction: 0.9]
[feature_fraction_bynode: 1]
[feature_fraction_seed: 2]
[extra_trees: 0]
[extra_seed: 6]
[early_stopping_round: 0]
[early_stopping_min_delta: 0]
[first_metric_only: 0]
[max_delta_step: 0]
[lambda_l1: 0]
[lambda_l2: 0]
[linear_lambda: 0]
[min_gain_to_split: 0]
[drop_rate: 0.1]
[max_drop: 50]
[skip_drop: 0.5]
[xgboost_dart_mode: 0]
[uniform_drop: 0]
[drop_seed: 4]
[top_rate: 0.2]
[other_rate: 0.1]
[min_data_per_group: 100]
[max_cat_threshold: 32]
[cat_l2: 10]
[cat_smooth: 10]
[max_cat_to_onehot: 4]
[top_k: 20]
[monotone_constraints: ]
[monotone_constraints_method: basic]
[monotone_penalty: 0]
[feature_contri: ]
[forcedsplits_filename: ]
[refit_decay_rate: 0.9]
[cegb_tradeoff: 1]
[cegb_penalty_split: 0]
[cegb_penalty_feature_lazy: ]
[cegb_penalty_feature_coupled: ]
[path_smooth: 0]
[interaction_constraints: ]
[verbosity: -1]
[saved_feature_importance_type: 0]
[use_quantized_grad: 0]
[num_grad_quant_bins: 4]
[quant_train_renew_leaf: 0]
[stochastic_rounding: 1]
[linear_tree: 0]
[max_bin: 255]
[max_bin_by_feature: ]
[min_data_in_bin: 3]
[bin_construct_sample_cnt: 200000]
[data_random_seed: 1]
[is_enable_sparse: 1]
[enable_bundle: 1]
[use_missing: 1]
[zero_as_missing: 0]
[feature_pre_filter: 1]
[pre_partition: 0]
[two_round: 0]
[header: 0]
[label_column: ]
[weight_column: ]
[group_column: ]
[ignore_column: ]
[categorical_feature: ]
[forcedbins_filename: ]
[precise_float_parser: 0]
[parser_config_file: ]
[objective_seed: 5]
[num_class: 1]
[is_unbalance: 0]
[scale_pos_weight: 1]
[sigmoid: 1]
[boost_from_average: 1]
[reg_sqrt: 0]
[alpha: 0.9]
[fair_c: 1]
[poisson_max_delta_step: 0.7]
[tweedie_variance_power: 1.5]
[lambdarank_truncation_level: 30]
[lambdarank_norm: 1]
[label_gain: ]
[lambdarank_position_bias_regularization: 0]
[eval_at: ]
[multi_error_top_k: 1]
[auc_mu_weights: ]
[num_machines: 1]
[local_listen_port: 12400]
[time_out: 120]
[machine_list_filename: ]
[machines: ]
[gpu_platform_id: -1]
[gpu_device_id: -1]
[gpu_device_id_list: ]
[gpu_use_dp: 0]
[num_gpu: 1]

end of parameters

pandas_categorical:[]
