tree
version=v4
num_class=1
num_tree_per_iteration=1
label_index=0
max_feature_idx=16
objective=quantile
feature_names=ret_1d ret_5d ret_20d overnight_gap atr_pct parkinson_20 dvol_z_20 dist_ma20 dist_ma50 dist_ma200 spy_ret_1d spy_ret_5d spy_ret_20d vix_level vix_chg_1d sector_ret_1d sector_ret_5d
feature_infos=[-0.11286313167252748:0.073237004023405383] [-0.14308797983134725:0.10216794846079935] [-0.15951138678047783:0.18218591028561648] [-0.054973501881516396:0.071289439745504612] [0.010974860179135961:0.050574753176150865] [0.0067425520836680245:0.027829508688989122] [-2.3536750316590136:4.2892456240778696] [-0.11507330742820276:0.10776279674967615] [-0.15903190070109485:0.15227262393656127] [-0.21268676990647184:0.22075199915722221] [-0.058542971330535654:0.10501930183911301] [-0.11496151859245618:0.082843162776128354] [-0.1226559005192206:0.15756591020035837] [11.859999656677246:52.330001831054688] [-0.35753873962348437:0.74039073966007019] [-0.062852571542473257:0.088816390052506744] [-0.11675896877857916:0.085294626879873769]
tree_sizes=861 845 855 865 861 855 841 867 862 872 846 859 862 871 863 851 866 871 856 867 860

Tree=0
num_leaves=8
num_cat=0
split_feature=9 9 7 1 16 15 15
split_gain=2.37427 1.72407 1.56336 1.84222 2.72273 1.24475 4.14213
threshold=0.13626001501505239 0.10070519086740749 0.042536792070053682 0.023016110157221718 0.029638080308571072 -0.00088034228695765815 0.0010123529245554821
decision_type=10 10 2 2 2 2 2
left_child=1 2 3 5 -5 -1 -7
right_child=-2 -3 -4 4 -6 6 -8
leaf_value=-0.00072091050533344973 -0.00098061897151637814 -0.00051119326672051098 -0.0010215834743576124 -0.00046915154962334782 -0.00087729256192687895 -0.0010312859347322955 -0.0007616987655637786
leaf_weight=263 46 47 46 53 31 46 214
leaf_count=263 46 47 46 53 31 46 214
internal_value=-0.00064226 8.08348e-05 -0.000584884 8.86013e-05 0.00696179 -0.00101531 -0.00346862
internal_weight=746 700 653 607 84 523 260
internal_count=746 700 653 607 84 523 260
is_linear=0
shrinkage=1


Tree=1
num_leaves=8
num_cat=0
split_feature=9 9 11 16 9 12 2
split_gain=2.8548 1.62851 1.20388 3.05153 1.35518 1.28 1.16242
threshold=0.13626001501505239 0.095715616420396513 0.023193318891049478 0.027473777076468035 -0.11899096301338273 0.029085927178424512 0.073057804057053213
decision_type=10 10 2 2 10 2 2
left_child=1 2 3 6 -4 -6 -1
right_child=-2 -3 4 -5 5 -7 -8
leaf_value=-1.3203148519096431e-05 -0.00023515452150604688 0.00025185905818943868 -0.00013997773305163719 -0.00029409047871013175 0.00036563522931828632 0.00012823508135625163 0.0001313757999741938
leaf_weight=496 46 49 29 26 25 25 37
leaf_count=496 46 49 29 26 25 25 37
internal_value=0.000102319 0.000909753 0.00023511 -0.000581395 0.00601266 0.011 0.000234522
internal_weight=733 687 638 559 79 50 533
internal_count=733 687 638 559 79 50 533
is_linear=0
shrinkage=0.05


Tree=2
num_leaves=8
num_cat=0
split_feature=11 16 1 7 8 4 9
split_gain=1.89203 2.30836 2.94974 2.27758 1.82035 2.67035 2.14839
threshold=0.02573480883905466 0.028050788463027002 0.022618470043608067 0.04364825276076368 -0.048920271584765689 0.02515001596105837 0.051926768521989637
decision_type=2 2 2 2 8 2 8
left_child=1 2 4 -4 6 -6 -1
right_child=-2 -3 3 -5 5 -7 -8
leaf_value=-5.8790202401723912e-06 0.00022272209256334464 -0.00027938595477462513 0.00031195751966697576 -0.00013732033935229994 -6.2576807862569693e-05 -0.00029529655012902373 0.0002414430274493498
leaf_weight=130 71 38 58 28 349 36 35
leaf_count=130 71 38 58 28 349 36 35
internal_value=-0.000369128 -0.00118694 -0.000471698 0.00813953 -0.00181818 -0.0037013 0.00257576
internal_weight=745 674 636 86 550 385 165
internal_count=745 674 636 86 550 385 165
is_linear=0
shrinkage=0.05


Tree=3
num_leaves=8
num_cat=0
split_feature=9 11 11 1 1 8 4
split_gain=2.02327 1.52786 1.61576 1.69402 1.55882 2.47374 2.30654
threshold=0.13626001501505239 0.023193318891049478 0.019179082572346465 0.022618470043608067 0.00040057406131521761 -0.032915044147832188 0.016148595416271724
decision_type=10 2 2 2 2 10 2
left_child=1 2 3 4 6 -6 -1
right_child=-2 -3 -4 -5 5 -7 -8
leaf_value=-0.00015735088705723683 -0.00020100844072526341 0.00021514302385294287 -0.00016548785131490149 0.00018540211381487098 -0.00024929649986033838 -2.722808301796249e-05 7.3673686456186271e-05
leaf_weight=49 44 91 27 79 41 121 285
leaf_count=49 44 91 27 79 41 121 285
internal_value=0.000169607 0.000829726 -8.30565e-05 0.000478261 -0.000604839 -0.00462963 0.00134731
internal_weight=737 693 602 575 496 162 334
internal_count=737 693 602 575 496 162 334
is_linear=0
shrinkage=0.05


Tree=4
num_leaves=8
num_cat=0
split_feature=9 9 6 6 9 15 15
split_gain=1.43659 2.06727 1.51068 2.35213 2.22669 2.15074 4.46991
threshold=0.13433788961162843 0.095715616420396513 0.028668456560108805 0.49420182277213343 0.028530867921641726 0.0030274234133490512 -0.0023517382171462926
decision_type=10 10 2 2 8 2 2
left_child=1 2 5 -4 -5 6 -1
right_child=-2 -3 3 4 -6 -7 -8
leaf_value=9.5987709624491805e-05 -0.0001909580186890003 0.00031041150900195134 -0.00020214995750431855 0.000148938816577097 -0.00016078295292644044 0.00013718139374642761 -0.00012255015727194861
leaf_weight=142 52 42 86 96 72 156 97
leaf_count=142 52 42 86 96 72 156 97
internal_value=-0.0006393 -3.61795e-05 -0.000731895 -0.00374016 -0.000297619 0.00120253 -0.00177824
internal_weight=743 691 649 254 168 395 239
internal_count=743 691 649 254 168 395 239
is_linear=0
shrinkage=0.05


Tree=5
num_leaves=8
num_cat=0
split_feature=11 16 9 1 7 15 3
split_gain=1.54033 2.10953 1.60671 1.48436 1.98406 1.74351 3.40696
threshold=0.02573480883905466 0.029638080308571072 -0.0027731731508098263 0.023016110157221718 0.043907573890883962 -0.0023125773011111734 0.0015163204561630119
decision_type=2 2 10 2 2 2 2
left_child=1 3 -2 5 -5 6 -1
right_child=2 -3 -4 4 -6 -7 -8
leaf_value=-1.0790067646159517e-05 0.00010438195310821745 -0.00031732819881347054 0.00020093759004358093 0.00024998000233525023 -5.61745491304198e-05 -6.3322693479877446e-05 0.00036510472570710524
leaf_weight=179 49 30 29 54 25 305 61
leaf_count=179 49 30 29 54 25 305 61
internal_value=0.000409836 -0.000382263 0.00705128 0.000240385 0.00664557 -0.000688073 0.0025
internal_weight=732 654 78 624 79 545 240
internal_count=732 654 78 624 79 545 240
is_linear=0
shrinkage=0.05


Tree=6
num_leaves=8
num_cat=0
split_feature=11 11 15 15 13 15 6
split_gain=1.80924 2.08012 1.344 2.41597 2.12301 1.9838 2.29985
threshold=0.023193318891049478 0.01794609601545705 -0.0023125773011111734 -0.0036554550430540895 16.510000228881839 0.0024070377794001012 0.24968962579921791
decision_type=2 2 2 2 2 2 2
left_child=1 2 3 4 -1 6 -4
right_child=-2 -3 5 -5 -6 -7 -8
leaf_value=-0.00011903611202678056 0.0001874799234707953 -0.00015967667997054467 -0.00016964910971926689 0.00024320482428209544 9.4323340038813985e-05 2.2931453029984702e-05 9.8765767437314185e-05
leaf_weight=79 95 49 81 49 122 227 42
leaf_count=79 95 49 81 49 122 227 42
internal_value=0.000134409 -0.000808937 0 0.0028 0.000373134 -0.002 -0.00711382
internal_weight=744 649 600 250 201 350 123
internal_count=744 649 600 250 201 350 123
is_linear=0
shrinkage=0.05


Tree=7
num_leaves=8
num_cat=0
split_feature=11 10 15 15 10 8 9
split_gain=2.25866 1.5743 1.87855 2.57493 1.92931 2.03261 1.81781
threshold=0.02573480883905466 -0.0043931743596038455 0.0030274234133490512 -0.00028770278768397434 -0.00098146470718468693 0.031875299559303356 -0.11295862300350622
decision_type=2 2 2 2 2 8 8
left_child=1 -1 3 4 -3 -6 -4
right_child=-2 2 6 -5 5 -7 -8
leaf_value=5.8463313066382516e-05 0.00018892997757832884 -0.00019211173056442676 0.00028007514114917917 -0.00013899081886467723 0.00020785205501148223 -5.4232623970037923e-05 -1.9242341015772664e-05
leaf_weight=166 76 73 28 91 64 25 217
leaf_count=166 76 73 28 91 64 25 217
internal_value=-0.00027027 -0.00120482 -0.00261044 -0.00563241 -0.00185185 0.00308989 0.000510204
internal_weight=740 664 498 253 162 89 245
internal_count=740 664 498 253 162 89 245
is_linear=0
shrinkage=0.05


Tree=8
num_leaves=8
num_cat=0
split_feature=8 15 3 15 14 14 9
split_gain=1.8773 1.58595 2.51326 2.48243 2.31255 2.04072 2.45892
threshold=0.092799524947510995 -0.0023125773011111734 0.0015163204561630119 0.003893922352623647 0.004407866869301503 -0.037636731228437352 -0.012412258437786426
decision_type=8 2 2 2 2 2 8
left_child=1 2 -1 -3 5 6 -5
right_child=-2 3 -4 4 -6 -7 -8
leaf_value=6.373008046644097e-06 -0.00015399988821795837 -9.2467157806709372e-05 0.00030012227750964319 -0.00011943376676733754 0.00023459363455974807 -0.00012243974686607982 0.00017948347869941239
leaf_weight=198 47 187 75 64 48 76 66
leaf_count=198 47 187 75 64 48 76 66
internal_value=-0.00042707 0.000210084 0.00320513 -0.00164399 0.0015748 -0.000728155 0.00307692
internal_weight=761 714 273 441 254 206 130
internal_count=761 714 273 441 254 206 130
is_linear=0
shrinkage=0.05


Tree=9
num_leaves=8
num_cat=0
split_feature=11 12 16 10 3 15 15
split_gain=1.76811 2.38362 2.23104 1.21943 1.79162 1.56578 2.23961
threshold=0.02573480883905466 0.033663047368439288 0.027473777076468035 -0.0039079154947589392 0.00098827453642325058 0.0059322630832927556 -0.0023125773011111734
decision_type=2 2 2 2 2 2 2
left_child=2 -2 3 4 -1 6 -5
right_child=1 -3 -4 5 -6 -7 -8
leaf_value=4.0622697600565944e-07 0.00027817110584566032 -7.3475627880664342e-05 -0.00029055876210358256 1.4947822633054928e-05 0.00023833623969744919 5.0235462901721819e-05 -9.3649488188308095e-05
leaf_weight=114 49 29 37 126 51 148 184
leaf_count=114 49 29 37 126 51 148 184
internal_value=-6.77507e-05 0.00705128 -0.000909091 -0.000200642 0.00348485 -0.00152838 -0.00354839
internal_weight=738 78 660 623 165 458 310
internal_count=738 78 660 623 165 458 310
is_linear=0
shrinkage=0.05


Tree=10
num_leaves=8
num_cat=0
split_feature=11 8 0 16 1 16 8
split_gain=1.77216 1.56162 1.50012 1.44631 1.55797 1.84123 1.6883
threshold=0.02573480883905466 0.016028185173204593 0.0034977072120624402 0.027473777076468035 0.022618470043608067 0.010803216672291562 0.059739323708055021
decision_type=2 10 2 2 2 2 10
left_child=3 2 -2 4 5 6 -1
right_child=1 -3 -4 -5 -6 -7 -8
leaf_value=-1.7387740653922604e-05 0.00031629337299455965 -1.3802503186178986e-05 0.0001551799644112198 -0.00027603082399840344 0.00018532077557763962 -0.00011857586108206711 0.0001211281643799174
leaf_weight=418 25 25 26 35 80 104 35
leaf_count=418 25 25 26 35 80 104 35
internal_value=0 0.00723684 0.0122549 -0.000818452 -0.000274725 -0.00121185 0.000165563
internal_weight=748 76 51 672 637 557 453
internal_count=748 76 51 672 637 557 453
is_linear=0
shrinkage=0.05


Tree=11
num_leaves=8
num_cat=0
split_feature=8 15 15 6 6 14 11
split_gain=1.95267 1.31983 2.57603 2.75812 2.91614 2.47581 2.13283
threshold=0.091919019035825791 -0.00022044964607037529 0.0024070377794001012 -0.83033762879853479 -0.32208863115964054 0.005094684764536229 0.0036681526021306037
decision_type=10 2 2 2 2 2 2
left_child=1 6 -3 -4 -5 -6 -1
right_child=-2 2 3 4 5 -7 -8
leaf_value=-6.5850010573099391e-06 -0.0002076576987495438 -9.155238548838265e-05 -7.7758224070799956e-05 0.00017869972606423883 -8.9910483464441724e-05 0.00020195845368134869 0.00021028362480805948
leaf_weight=199 26 90 50 100 123 32 126
leaf_count=199 26 90 50 100 123 32 126
internal_value=0 0.000486111 -0.0014557 0.000737705 0.00284314 -0.00145161 0.00284615
internal_weight=746 720 395 305 255 155 325
internal_count=746 720 395 305 255 155 325
is_linear=0
shrinkage=0.05


Tree=12
num_leaves=8
num_cat=0
split_feature=4 1 13 6 15 3 3
split_gain=1.24185 1.99885 1.42092 1.52874 1.45234 2.16609 2.60269
threshold=0.016321358282835933 -0.0083261469716262564 13.484999656677248 -0.14031848062760247 -0.0023125773011111734 0.0013236191445921144 -0.0016363410205748605
decision_type=2 2 2 2 2 2 2
left_child=1 -1 3 -2 5 6 -4
right_child=2 -3 4 -5 -6 -7 -8
leaf_value=-0.00022462612694510174 7.6228218970381855e-05 1.6718356925085772e-05 9.2122121001385801e-05 0.00028018041083803464 -3.3316412449413569e-05 0.00029186749121124883 -0.00017402760230414866
leaf_weight=43 28 69 107 29 345 59 46
leaf_count=43 28 69 107 29 345 59 46
internal_value=-6.88705e-05 -0.00491071 0.000814332 0.00833333 4.48833e-05 0.00330189 0.000163399
internal_weight=726 112 614 57 557 212 153
internal_count=726 112 614 57 557 212 153
is_linear=0
shrinkage=0.05


Tree=13
num_leaves=8
num_cat=0
split_feature=10 3 16 6 6 15 15
split_gain=1.44375 2.28181 1.81138 1.93196 2.94415 2.54109 3.24191
threshold=-0.0043931743596038455 -0.0081435533117717989 -0.018870784295345219 0.028668456560108805 -0.83033762879853479 0.0022588811963102366 1.0000000180025095e-35
decision_type=2 2 2 2 2 2 2
left_child=-1 -2 -3 4 -4 6 -6
right_child=1 2 3 -5 5 -7 -8
leaf_value=0.00010180699530947065 -0.00029241613229852526 0.00014787044702668588 -2.5152845668813072e-05 -0.00014742419475676467 0.00011003343788197418 0.00017719032288147305 -0.00015924396131002214
leaf_weight=165 26 52 90 167 82 129 31
leaf_count=165 26 52 90 167 82 129 31
internal_value=0.000269542 -0.000909879 -0.00022686 -0.0011523 0.00105422 0.00392562 -0.00154867
internal_weight=742 577 551 499 332 242 113
internal_count=742 577 551 499 332 242 113
is_linear=0
shrinkage=0.05


Tree=14
num_leaves=8
num_cat=0
split_feature=11 4 6 6 6 15 15
split_gain=1.14377 2.90987 1.15315 2.2442 1.99236 1.94327 3.59517
threshold=-0.017775510039936489 0.024033542362479291 0.72080433132198063 -0.05801515794787155 -0.77193737267104623 0.0022588811963102366 -0.0023125773011111734
decision_type=2 2 2 2 2 2 2
left_child=1 -1 3 4 -2 6 -6
right_child=2 -3 -4 -5 5 -7 -8
leaf_value=0.00014864294712640643 -2.5709548489190956e-05 -0.00019202625944259 0.00011737032380862559 -0.00012797278453151342 0.00015648603950687391 0.00014157893634012594 -0.00015941668422788464
leaf_weight=60 121 33 115 136 90 121 48
leaf_count=60 121 33 115 136 90 121 48
internal_value=-6.90608e-05 0.00510753 -0.000832013 -0.00184109 0.000131579 0.00260618 -0.00144928
internal_weight=724 93 631 516 380 259 138
internal_count=724 93 631 516 380 259 138
is_linear=0
shrinkage=0.05


Tree=15
num_leaves=8
num_cat=0
split_feature=11 12 11 1 2 11 4
split_gain=1.22752 2.04169 1.7119 1.45195 1.3929 1.35498 2.57378
threshold=0.02573480883905466 0.022707498182199862 0.01794609601545705 0.02847052414516427 0.08696879688309346 -0.017775510039936489 0.024033542362479291
decision_type=2 2 2 2 2 2 2
left_child=2 -2 3 4 5 6 -1
right_child=1 -3 -4 -5 -6 -7 -8
leaf_value=0.00017525078074416724 0.00028591165880803522 -1.076968623673311e-05 -0.00012517150617114749 0.00016397083582694145 0.00036453485064144087 -3.0373940514011068e-05 -0.00011709118088836079
leaf_weight=50 38 37 58 70 25 416 38
leaf_count=50 38 37 58 70 25 416 38
internal_value=0.000273224 0.00633333 -0.000418569 0.000375626 -0.000519849 -0.00109127 0.00454545
internal_weight=732 75 657 599 529 504 88
internal_count=732 75 657 599 529 504 88
is_linear=0
shrinkage=0.05


Tree=16
num_leaves=8
num_cat=0
split_feature=6 6 12 12 7 1 8
split_gain=1.29436 1.39675 1.18384 1.95576 1.89647 2.15459 1.64914
threshold=1.8266611562351003 1.4013468584899365 0.0098181061212317972 0.014776442004869829 -0.003775644631517749 0.0039767970835744579 0.011666088782114949
decision_type=2 2 2 2 2 2 8
left_child=1 2 4 -4 5 -1 -5
right_child=-2 -3 3 6 -6 -7 -8
leaf_value=2.2661130748770428e-05 0.00034532512924400141 -0.00051591261725135614 -0.00021195562430616698 7.2913011857384064e-05 0.00011200271528948132 -0.00032696381010776038 -5.2323965280705797e-05
leaf_weight=136 44 27 29 165 105 30 215
leaf_count=136 44 27 29 165 105 30 215
internal_value=-0.000366178 -0.000884017 -0.000441176 -0.00213936 0.00212177 -0.00120482 -0.00118421
internal_weight=751 707 680 409 271 166 380
internal_count=751 707 680 409 271 166 380
is_linear=0
shrinkage=0.05


Tree=17
num_leaves=8
num_cat=0
split_feature=9 9 4 3 3 3 3
split_gain=2.06231 2.37345 1.24929 0.988659 1.55809 2.26193 2.65186
threshold=0.14101413261820753 0.095715616420396513 0.014847417365116545 -0.0076739274982198227 -0.0016363410205748605 -0.0032676975606422127 -0.0043553564140629266
decision_type=10 10 2 2 2 2 2
left_child=1 2 -1 -4 5 6 -5
right_child=-2 -3 3 4 -6 -7 -8
leaf_value=-0.00016103006921998469 -0.00014370554489032605 0.00017798754452510055 -0.00016132414539264634 0.00012718777668216077 -1.8638471305551352e-05 0.00022447386235797219 -0.00027541000456995376
leaf_weight=32 42 50 56 68 394 65 37
leaf_count=32 42 50 56 68 394 65 37
internal_value=-0.00114247 -0.000498575 -0.00130368 -0.000806452 -0.000177305 0.00382353 -0.000714286
internal_weight=744 702 652 620 564 170 105
internal_count=744 702 652 620 564 170 105
is_linear=0
shrinkage=0.05


Tree=18
num_leaves=8
num_cat=0
split_feature=0 11 2 6 6 13 4
split_gain=1.39105 1.37981 1.3541 1.29082 1.54777 1.29111 1.05939
threshold=0.010876163540728736 0.029305093404121577 0.058446368415156942 -0.77193737267104623 -0.61752049963938183 14.734999656677248 0.02515001596105837
decision_type=2 2 2 2 2 2 2
left_child=1 3 -2 5 -5 -1 -6
right_child=2 -3 -4 4 6 -7 -8
leaf_value=-0.00011172084342468767 -0.00010937369257907582 0.00015379967370819073 4.3235953480241676e-05 0.00018483212393989855 1.2374972215906187e-05 -1.396869636059296e-05 -0.00018191192799583413
leaf_weight=34 99 46 42 48 332 79 70
leaf_count=34 99 46 42 48 332 79 70
internal_value=-0.000666667 0.000369458 -0.00514184 -0.000310835 0.000888889 -0.0050885 -0.000124378
internal_weight=750 609 141 563 450 113 402
internal_count=750 609 141 563 450 113 402
is_linear=0
shrinkage=0.05


Tree=19
num_leaves=8
num_cat=0
split_feature=15 8 7 15 15 14 7
split_gain=1.41968 1.43976 2.94182 1.30785 2.86668 2.72989 1.96945
threshold=-0.0079682392953030461 0.013855387471845672 -0.032087895043947094 0.0024070377794001012 -0.00028770278768397434 -0.017044659763988276 -0.030262409515462437
decision_type=2 10 2 2 2 2 2
left_child=1 2 -1 4 6 -6 -2
right_child=3 -3 -4 -5 5 -7 -8
leaf_value=0.00011872550846641798 -0.0001530609267107253 0.00034999039052065965 -9.9399050968984717e-05 2.6576227039980272e-05 7.3058614588039617e-07 -0.00030767810925096155 4.6108496237021242e-05
leaf_weight=39 52 35 37 307 38 58 175
leaf_count=39 52 35 37 307 38 58 175
internal_value=-3.37382e-05 0.00518018 0.00131579 -0.000952381 -0.00317337 -0.0104167 -0.000110132
internal_weight=741 111 76 630 323 96 227
internal_count=741 111 76 630 323 96 227
is_linear=0
shrinkage=0.05


Tree=20
num_leaves=8
num_cat=0
split_feature=3 4 4 7 7 9 7
split_gain=1.58382 2.78465 1.78373 1.58005 1.39259 1.20774 1.69166
threshold=-0.0016620335986963772 0.02409474090959501 0.015683339371512447 -0.05382082942908261 -0.019543332634035401 0.13626001501505239 -0.0060006420176574862
decision_type=2 2 2 2 2 10 2
left_child=1 2 -1 -2 -3 6 -5
right_child=3 4 -4 5 -6 -7 -8
leaf_value=-9.8918092730614695e-05 0.00014084740534345684 -0.00021700458655701861 0.0001930332134257065 -0.00011990775416323623 0.00010551143391088884 -0.00019766317487235341 7.4800096534864965e-07
leaf_weight=27 26 42 170 159 25 29 261
leaf_count=27 26 42 170 159 25 29 261
internal_value=-0.00064276 0.00246212 0.00545685 -0.00236842 -0.00634328 -0.00306236 -0.00238095
internal_weight=739 264 197 475 67 449 420
internal_count=739 264 197 475 67 449 420
is_linear=0
shrinkage=0.05


end of trees

feature_importances:
sector_ret_1d=24
dist_ma200=16
spy_ret_5d=16
dvol_z_20=15
overnight_gap=11
ret_5d=9
atr_pct=9
dist_ma20=9
dist_ma50=9
sector_ret_5d=8
spy_ret_20d=5
spy_ret_1d=4
vix_chg_1d=4
ret_20d=3
vix_level=3
ret_1d=2

parameters:
[boosting: gbdt]
[objective: quantile]
[metric: quantile]
[tree_learner: serial]
[device_type: cpu]
[data_sample_strategy: bagging]
[data: ]
[valid: ]
[num_iterations: 80]
[learning_rate: 0.05]
[num_leaves: 8]
[num_threads: 1]
[seed: 0]
[deterministic: 0]
[force_col_wise: 1]
[force_row_wise: 0]
[histogram_pool_size: -1]
[max_depth: -1]
[min_data_in_leaf: 25]
[min_sum_hessian_in_leaf: 0.001]
[bagging_fraction: 0.9]
[pos_bagging_fraction: 1]
[neg_bagging_fraction: 1]
[bagging_freq: 1]
[bagging_seed: 3]
[bagging_by_query: 0]
[feature_fraction: 0.9]
[feature_fraction_bynode: 1]
[feature_fraction_seed: 2]
[extra_trees: 0]
[extra_seed: 6]
[early_stopping_round: 0]
[early_stopping_min_delta: 0]
[first_metric_only: 0]
[max_delta_step: 0]
[lambda_l1: 0]
[lambda_l2: 0]
[linear_lambda: 0]
[min_gain_to_split: 0]
[drop_rate: 0.1]
[max_drop: 50]
[skip_drop: 0.5]
[xgboost_dart_mode: 0]
[uniform_drop: 0]
[drop_seed: 4]
[top_rate: 0.2]
[other_rate: 0.1]
[min_data_per_group: 100]
[max_cat_threshold: 32]
[cat_l2: 10]
[cat_smooth: 10]
[max_cat_to_onehot: 4]
[top_k: 20]
[monotone_constraints: ]
[monotone_constraints_method: basic]
[monotone_penalty: 0]
[feature_contri: ]
[forcedsplits_filename: ]
[refit_decay_rate: 0.9]
[cegb_tradeoff: 1]
[cegb_penalty_split: 0]
[cegb_penalty_feature_lazy: ]
[cegb_penalty_feature_coupled: ]
[path_smooth: 0]
[interaction_constraints: ]
[verbosity: -1]
[saved_feature_importance_type: 0]
[use_quantized_grad: 0]
[num_grad_quant_bins: 4]
[quant_train_renew_leaf: 0]
[stochastic_rounding: 1]
[linear_tree: 0]
[max_bin: 255]
[max_bin_by_feature: ]
[min_data_in_bin: 3]
[bin_construct_sample_cnt: 200000]
[data_random_seed: 1]
[is_enable_sparse: 1]
[enable_bundle: 1]
[use_missing: 1]
[zero_as_missing: 0]
[feature_pre_filter: 1]
[pre_partition: 0]
[two_round: 0]
[header: 0]
[label_column: ]
[weight_column: ]
[group_column: ]
[ignore_column: ]
[categorical_feature: ]
[forcedbins_filename: ]
[precise_float_parser: 0]
[parser_config_file: ]
[objective_seed: 5]
[num_class: 1]
[is_unbalance: 0]
[scale_pos_weight: 1]
[sigmoid: 1]
[boost_from_average: 1]
[reg_sqrt: 0]
[alpha: 0.5]
[fair_c: 1]
[poisson_max_delta_step: 0.7]
[tweedie_variance_power: 1.5]
[lambdarank_truncation_level: 30]
[lambdarank_norm: 1]
[label_gain: ]
[lambdarank_position_bias_regularization: 0]
[eval_at: ]
[multi_error_top_k: 1]
[auc_mu_weights: ]
[num_machines: 1]
[local_listen_port: 12400]
[time_out: 120]
[machine_list_filename: ]
[machines: ]
[gpu_platform_id: -1]
[gpu_device_id: -1]
[gpu_device_id_list: ]
[gpu_use_dp: 0]
[num_gpu: 1]

end of parameters

pandas_categorical:[]
