tree
version=v4
num_class=1
num_tree_per_iteration=1
label_index=0
max_feature_idx=16
objective=quantile
feature_names=ret_1d ret_5d ret_20d overnight_gap atr_pct parkinson_20 dvol_z_20 dist_ma20 dist_ma50 dist_ma200 spy_ret_1d spy_ret_5d spy_ret_20d vix_level vix_chg_1d sector_ret_1d sector_ret_5d
feature_infos=[-0.080320205730419869:0.061464993731554118] [-0.11597843798901486:0.072631834879734347] [-0.11370605910718101:0.12752993499573329] [-0.069186547454390457:0.044831630126812572] [0.0085851150713365798:0.031017046069507791] [0.0056831937015397061:0.019484748752025605] [-2.7905989976422338:4.0369969870588287] [-0.081125464271050829:0.07595941291021191] [-0.096424126094800333:0.12350511463115499] [-0.12830063980370887:0.22993778307743318] [-0.058542971330535654:0.10501930183911301] [-0.11496151859245618:0.082843162776128354] [-0.1226559005192206:0.15756591020035837] [11.859999656677246:52.330001831054688] [-0.35753873962348437:0.74039073966007019] [-0.062852571542473257:0.088816390052506744] [-0.11675896877857916:0.085294626879873769]
tree_sizes=817 863 857 864 856 857 861 861 863 857 869 866 857

Tree=0
num_leaves=8
num_cat=0
split_feature=4 6 13 6 3 14 5
split_gain=3.12461 1.24402 1.08779 0.75367 1.59602 0.650005 0.559536
threshold=0.020497827401983939 0.029094767799468697 20.060000419616703 -0.047863335608452955 -0.0032087833970957931 0.06920052511090892 0.011323119324199162
decision_type=2 2 2 2 2 2 2
left_child=2 -2 3 6 -5 -4 -1
right_child=1 -3 5 4 -6 -7 -8
leaf_value=0.01693547648009287 0.017237361715709242 0.017576794360964966 0.017168285224332801 0.017340902267459081 0.01706213507285791 0.0174510603947035 0.017246906776204107
leaf_weight=294 43 42 61 43 196 35 32
leaf_count=294 43 42 61 43 196 35 32
internal_value=0.0172589 0.0262827 0.0160985 0.0152624 0.0173952 0.0210192 0.0136988
internal_weight=746 85 661 565 239 96 326
internal_count=746 85 661 565 239 96 326
is_linear=0
shrinkage=1


Tree=1
num_leaves=8
num_cat=0
split_feature=16 9 9 16 9 2 0
split_gain=1.59564 1.51775 0.627942 0.85853 0.480682 0.648807 0.409979
threshold=-0.031011212726662404 -0.045295316186844119 0.025361689813464764 0.019039732564356874 -0.013656067362606326 -0.018512777353172912 -0.0096019492758115926
decision_type=2 8 8 2 10 2 2
left_child=-1 -2 3 4 -3 -6 -4
right_child=1 2 6 -5 5 -7 -8
leaf_value=0.00050079258473457208 0.00021681031295175935 -0.00011841207043823089 9.7084994729838492e-05 0.0002194182982267549 -0.0002031888940464027 0.00032902902585943964 -0.00017432498851977613
leaf_weight=28 25 57 51 34 31 40 467
leaf_count=28 25 57 51 34 31 40 467
internal_value=-0.00063438 -0.00109929 -0.00154412 0.00117284 -0.000703126 0.00204225 -0.00239382
internal_weight=733 705 680 162 128 71 518
internal_count=733 705 680 162 128 71 518
is_linear=0
shrinkage=0.05


Tree=2
num_leaves=8
num_cat=0
split_feature=4 8 5 11 3 9 6
split_gain=1.943 1.47045 0.742198 0.932939 0.943199 0.640038 0.54493
threshold=0.021351950943115736 -0.023186228253394277 0.010225137842112793 0.013034509173491029 -0.00019628679493161047 0.039352651142131274 0.36510978070700623
decision_type=2 10 2 2 2 10 2
left_child=2 -2 6 4 5 -4 -1
right_child=1 -3 3 -5 -6 -7 -8
leaf_value=-0.00021835471691069872 0.00054690579839801153 1.8552473855723182e-05 0.00032428659864861442 -0.00019089330500808769 -1.8498888086635303e-05 9.0844962036200356e-06 8.0603247891839279e-06
leaf_weight=353 28 39 33 64 63 26 139
leaf_count=353 28 39 33 64 63 26 139
internal_value=-0.000436243 0.00768657 -0.00123894 0.00145161 0.00401639 0.00855932 -0.0022561
internal_weight=745 67 678 186 122 59 492
internal_count=745 67 678 186 122 59 492
is_linear=0
shrinkage=0.05


Tree=3
num_leaves=8
num_cat=0
split_feature=1 13 3 7 1 7 16
split_gain=1.70028 1.10605 0.68192 0.779719 0.928129 1.12061 0.571592
threshold=-0.042677750362539117 24.119999885559086 0.0014892513919297914 -0.019265483682278036 -0.0145184992588388 -0.0055984201083606458 0.025444432967820178
decision_type=2 2 2 2 2 2 2
left_child=-1 2 3 -2 5 -5 -6
right_child=1 -3 -4 4 6 -7 -8
leaf_value=0.00031359621332177471 -0.00015491461301927374 0.00032385967542037497 -0.00014624404443732089 0.00050744817107174214 -7.162750429388879e-05 -9.0183008402487338e-05 0.0002593597557192622
leaf_weight=26 68 47 227 30 276 25 38
leaf_count=26 68 47 227 30 276 25 38
internal_value=-0.000251019 -0.000710268 -0.00123494 -8.00927e-05 0.000826557 0.00681818 -0.000222931
internal_weight=737 711 664 437 369 55 314
internal_count=737 711 664 437 369 55 314
is_linear=0
shrinkage=0.05


Tree=4
num_leaves=8
num_cat=0
split_feature=9 13 12 16 14 3 6
split_gain=1.6566 1.03245 0.737234 0.706731 0.877715 0.661671 0.613204
threshold=-0.047542294841680981 18.595000267028812 0.044382759046859517 0.018803157729717194 -0.016284077904727075 0.00043647103397614911 0.1825284653909903
decision_type=8 2 2 2 2 2 2
left_child=-1 3 -3 6 -5 -6 -2
right_child=1 2 -4 4 5 -7 -8
leaf_value=0.00025682088943071202 -0.000208145003590805 9.9475019322720946e-05 0.0001008900858107668 -0.00014487848620693361 0.00032672575859333196 -0.00010126757609952584 -6.246963302255053e-05
leaf_weight=27 274 169 27 57 38 25 126
leaf_count=27 274 169 27 57 38 25 126
internal_value=-0.000491253 -0.000949722 0.00214286 -0.00211539 0.00125 0.00531746 -0.003125
internal_weight=743 716 196 520 120 63 400
internal_count=743 716 196 520 120 63 400
is_linear=0
shrinkage=0.05


Tree=5
num_leaves=8
num_cat=0
split_feature=1 10 0 1 9 3 7
split_gain=1.59815 1.11029 0.576804 1.12196 0.5 0.447453 0.414724
threshold=-0.030517187708227641 -0.014256563971479506 0.0069899251512455249 0.0042105595467973886 0.011601298257642558 0.0014892513919297914 -0.015952223782312366
decision_type=2 2 2 2 10 2 2
left_child=4 -2 5 -4 -1 6 -3
right_child=1 2 3 -5 -6 -7 -8
leaf_value=0.00045704257925180511 0.00032763489608419999 -0.0001217384696757193 0.00023618019564076821 -8.4842644705797278e-05 0.00018458565920161077 -0.00019460270697479077 -8.3856678235870628e-05
leaf_weight=25 37 73 43 108 25 137 284
leaf_count=25 37 73 43 108 25 137 284
internal_value=-0.000628416 -0.001261 -0.00174419 0.000960264 0.008 -0.00257085 -0.00163866
internal_weight=732 682 645 151 50 494 357
internal_count=732 682 645 151 50 494 357
is_linear=0
shrinkage=0.05


Tree=6
num_leaves=8
num_cat=0
split_feature=4 9 14 13 14 6 9
split_gain=1.48979 1.10769 1.37657 0.996542 0.590126 0.536095 0.654059
threshold=0.018931134834738909 0.058344453537340087 0.01466553224775591 19.72500038146973 -0.027760594315615391 -0.047863335608452955 -0.018902793626399513
decision_type=2 10 2 2 2 2 8
left_child=3 2 4 5 -2 -1 -7
right_child=1 -3 -4 -5 -6 6 -8
leaf_value=-0.00019310431588604677 0.00022077074443204605 -0.00027831102801419562 0.00042994728616769465 0.00012754882450334034 -0.00019629872134960247 8.5587935906895337e-05 -0.0001050779017418909
leaf_weight=302 40 26 36 83 28 25 204
leaf_count=302 40 26 36 83 28 25 204
internal_value=-0.000631722 0.00423077 0.00653846 -0.00166124 0.00235294 -0.00245763 -0.000633189
internal_weight=744 130 104 614 68 531 229
internal_count=744 130 104 614 68 531 229
is_linear=0
shrinkage=0.05


Tree=7
num_leaves=8
num_cat=0
split_feature=11 5 1 6 3 11 11
split_gain=1.6153 0.998682 1.21473 0.567044 1.86982 0.511372 1.34258
threshold=-0.030384470516343128 0.010274767896440941 -0.025426026080103633 0.41104888396520461 -0.0027160639744130406 0.009090553623087862 0.002577635332758899
decision_type=2 2 2 2 2 2 2
left_child=-1 3 -3 -2 -5 6 -4
right_child=1 2 5 4 -6 -7 -8
leaf_value=0.00039033784545282178 -0.00016708151105732569 0.00034138945509115583 -1.9752638085621789e-05 0.0013225101791224489 -9.1767185534356098e-05 -0.0001563077997274936 0.00024417955089936554
leaf_weight=27 351 46 82 25 95 88 26
leaf_count=27 351 46 82 25 95 88 26
internal_value=-0.000337839 -0.000792428 0.00181818 -0.00213376 0.000833332 0.00010204 0.00240741
internal_weight=740 713 242 471 120 196 108
internal_count=740 713 242 471 120 196 108
is_linear=0
shrinkage=0.05


Tree=8
num_leaves=8
num_cat=0
split_feature=13 10 10 15 6 3 9
split_gain=1.47021 0.915045 1.08457 1.26244 0.66283 1.08057 0.314197
threshold=18.595000267028812 -0.013327781970057238 -0.0018259871478111254 0.0029714415772409413 -0.094652637200844783 -0.0028471214368084858 0.057812038087174285
decision_type=2 2 2 2 2 2 8
left_child=4 -2 -3 -4 -1 -6 -5
right_child=1 2 3 6 5 -7 -8
leaf_value=-0.00015461747989412022 0.00041750638961179898 -0.0001350250604850168 0.0002665069913039028 0.00016647720100278475 0.00023187058355428848 -4.9652166118656474e-05 -0.00019693965242170003
leaf_weight=294 36 67 43 33 46 202 40
leaf_count=294 36 67 43 33 46 202 40
internal_value=-0.000466493 0.00299087 0.00155738 0.00448276 -0.00186347 4.03214e-05 0.000479451
internal_weight=761 219 183 116 542 248 73
internal_count=761 219 183 116 542 248 73
is_linear=0
shrinkage=0.05


Tree=9
num_leaves=8
num_cat=0
split_feature=16 9 4 9 5 3 6
split_gain=1.83284 1.00923 0.685219 0.808832 0.699627 0.354291 0.565114
threshold=-0.031011212726662404 -0.047542294841680981 0.018931134834738909 0.050428127110928485 0.012810457731054466 -0.0029169114986406504 0.4070285143031685
decision_type=2 8 2 10 2 2 2
left_child=-1 -2 5 4 -4 6 -3
right_child=1 2 3 -5 -6 -7 -8
leaf_value=0.0003966311119055554 0.00021806758852794159 -0.00011604354569547634 6.3764978338225775e-05 -4.609417674771577e-05 0.0003669925403341507 -0.0001366532813162415 0.00043465404221250566
leaf_weight=26 26 69 40 38 27 480 32
leaf_count=26 26 69 40 38 27 480 32
internal_value=-0.000731709 -0.00120787 -0.00157435 0.00214286 0.00544776 -0.00224613 0.000445543
internal_weight=738 712 686 105 67 581 101
internal_count=738 712 686 105 67 581 101
is_linear=0
shrinkage=0.05


Tree=10
num_leaves=8
num_cat=0
split_feature=16 4 9 8 2 8 12
split_gain=1.58183 0.798815 0.806769 0.651088 0.485835 0.646698 0.724004
threshold=-0.031011212726662404 0.018878938026748456 0.039352651142131274 -0.010055429542185466 -0.024894417343385374 0.051211140617951963 0.041180756713136597
decision_type=2 2 10 10 2 10 2
left_child=-1 4 3 -3 -2 6 -6
right_child=1 2 -4 -5 5 -7 -8
leaf_value=0.0003417566863320773 -0.00010651215258140098 3.7979136082939293e-05 -9.6393092663760247e-05 0.00027808144217103016 -7.5879564052939768e-05 -0.00021253965387981467 5.724643060211767e-05
leaf_weight=28 122 47 43 26 292 123 67
leaf_count=28 122 47 43 26 292 123 67
internal_value=-0.000588236 -0.00104167 0.00275862 0.0059589 -0.00177152 -0.00105809 1.39264e-05
internal_weight=748 720 116 73 604 482 359
internal_count=748 720 116 73 604 482 359
is_linear=0
shrinkage=0.05


Tree=11
num_leaves=8
num_cat=0
split_feature=16 5 9 6 1 14 8
split_gain=1.77018 0.797815 0.884114 0.524669 0.500397 0.484211 0.479189
threshold=-0.031011212726662404 0.010205477023042848 0.025361689813464764 -0.094652637200844783 0.00039562957686178907 -0.042837654521053752 0.059678034429153988
decision_type=2 2 8 2 2 2 8
left_child=-1 3 4 -2 -3 -4 -7
right_child=1 2 5 -5 -6 6 -8
leaf_value=0.0003597117219936738 -0.00015897910736731419 0.00023818165133299011 -0.00018681067568012387 -1.7147629148858042e-05 7.6121558333491377e-05 5.7689134186787505e-05 -0.00021623555779868
leaf_weight=26 262 46 46 214 27 87 38
leaf_count=26 262 46 46 214 27 87 38
internal_value=-0.000509385 -0.000972223 0.00135246 -0.00216387 0.0059589 -0.000614036 0.000999999
internal_weight=746 720 244 476 73 171 125
internal_count=746 720 244 476 73 171 125
is_linear=0
shrinkage=0.05


Tree=12
num_leaves=8
num_cat=0
split_feature=9 13 6 4 0 10 5
split_gain=0.985955 1.40332 1.34184 0.550433 0.465485 1.00665 0.442031
threshold=0.025889536649426174 17.795000076293949 0.31374496272912228 0.013992991940347031 -0.0084910648322626386 -0.0042976015384410529 0.010357970575883333
decision_type=8 2 2 2 2 2 2
left_child=1 3 -3 -1 5 -2 -5
right_child=4 2 -4 6 -6 -7 -8
leaf_value=0.00012202352652093585 0.00026871222167023138 0.00016251642435716456 0.00093010536716177459 -0.00017194972131369816 -0.00010351738842160649 -0.00028591725289432577 2.4171103919085291e-05
leaf_weight=30 29 46 25 70 452 37 37
leaf_count=30 29 46 25 70 452 37 37
internal_value=-0.00093664 0.00197115 0.00767606 -0.000985403 -0.00210425 0.00181818 -0.00266355
internal_weight=726 208 71 137 518 66 107
internal_count=726 208 71 137 518 66 107
is_linear=0
shrinkage=0.05


end of trees

feature_importances:
dist_ma200=14
dvol_z_20=10
overnight_gap=8
sector_ret_5d=7
ret_5d=6
atr_pct=6
parkinson_20=6
vix_level=6
vix_chg_1d=5
dist_ma50=4
spy_ret_1d=4
spy_ret_5d=4
ret_1d=3
dist_ma20=3
ret_20d=2
spy_ret_20d=2
sector_ret_1d=1

parameters:
[boosting: gbdt]
[objective: quantile]
[metric: quantile]
[tree_learner: serial]
[device_type: cpu]
[data_sample_strategy: bagging]
[data: ]
[valid: ]
[num_iterations: 80]
[learning_rate: 0.05]
[num_leaves: 8]
[num_threads: 1]
[seed: 0]
[deterministic: 0]
[force_col_wise: 1]
[force_row_wise: 0]
[histogram_pool_size: -1]
[max_depth: -1]
[min_data_in_leaf: 25]
[min_sum_hessian_in_leaf: 0.001]
[bagging_fraction: 0.9]
[pos_bagging_fraction: 1]
[neg_bagging_fraction: 1]
[bagging_freq: 1]
[bagging_seed: 3]
[bagging_by_query: 0]
[feature_fraction: 0.9]
[feature_fraction_bynode: 1]
[feature_fraction_seed: 2]
[extra_trees: 0]
[extra_seed: 6]
[early_stopping_round: 0]
[early_stopping_min_delta: 0]
[first_metric_only: 0]
[max_delta_step: 0]
[lambda_l1: 0]
[lambda_l2: 0]
[linear_lambda: 0]
[min_gain_to_split: 0]
[drop_rate: 0.1]
[max_drop: 50]
[skip_drop: 0.5]
[xgboost_dart_mode: 0]
[uniform_drop: 0]
[drop_seed: 4]
[top_rate: 0.2]
[other_rate: 0.1]
[min_data_per_group: 100]
[max_cat_threshold: 32]
[cat_l2: 10]
[cat_smooth: 10]
[max_cat_to_onehot: 4]
[top_k: 20]
[monotone_constraints: ]
[monotone_constraints_method: basic]
[monotone_penalty: 0]
[feature_contri: ]
[forcedsplits_filename: ]
[refit_decay_rate: 0.9]
[cegb_tradeoff: 1]
[cegb_penalty_split: 0]
[cegb_penalty_feature_lazy: ]
[cegb_penalty_feature_coupled: ]
[path_smooth: 0]
[interaction_constraints: ]
[verbosity: -1]
[saved_feature_importance_type: 0]
[use_quantized_grad: 0]
[num_grad_quant_bins: 4]
[quant_train_renew_leaf: 0]
[stochastic_rounding: 1]
[linear_tree: 0]
[max_bin: 255]
[max_bin_by_feature: ]
[min_data_in_bin: 3]
[bin_construct_sample_cnt: 200000]
[data_random_seed: 1]
[is_enable_sparse: 1]
[enable_bundle: 1]
[use_missing: 1]
[zero_as_missing: 0]
[feature_pre_filter: 1]
[pre_partition: 0]
[two_round: 0]
[header: 0]
[label_column: ]
[weight_column: ]
[group_column: ]
[ignore_column: ]
[categorical_feature: ]
[forcedbins_filename: ]
[precise_float_parser: 0]
[parser_config_file: ]
[objective_seed: 5]
[num_class: 1]
[is_unbalance: 0]
[scale_pos_weight: 1]
[sigmoid: 1]
[boost_from_average: 1]
[reg_sqrt: 0]
[alpha: 0.9]
[fair_c: 1]
[poisson_max_delta_step: 0.7]
[tweedie_variance_power: 1.5]
[lambdarank_truncation_level: 30]
[lambdarank_norm: 1]
[label_gain: ]
[lambdarank_position_bias_regularization: 0]
[eval_at: ]
[multi_error_top_k: 1]
[auc_mu_weights: ]
[num_machines: 1]
[local_listen_port: 12400]
[time_out: 120]
[machine_list_filename: ]
[machines: ]
[gpu_platform_id: -1]
[gpu_device_id: -1]
[gpu_device_id_list: ]
[gpu_use_dp: 0]
[num_gpu: 1]

end of parameters

pandas_categorical:[]
