tree
version=v4
num_class=1
num_tree_per_iteration=1
label_index=0
max_feature_idx=16
objective=quantile
feature_names=ret_1d ret_5d ret_20d overnight_gap atr_pct parkinson_20 dvol_z_20 dist_ma20 dist_ma50 dist_ma200 spy_ret_1d spy_ret_5d spy_ret_20d vix_level vix_chg_1d sector_ret_1d sector_ret_5d
feature_infos=[-0.11245821594806593:0.15339227671971289] [-0.14927773332286964:0.25124868452968796] [-0.25874130289068675:0.32772104858532192] [-0.064381308972217388:0.10471972196596058] [0.012551357990340337:0.051479510776398583] [0.0088647906679341359:0.026944104112505723] [-1.9971405685720811:4.3046327731820258] [-0.17920659476798173:0.19094487665447857] [-0.23602003031045071:0.23262005441155376] [-0.32447742921497502:0.27036799784183918] [-0.058542971330535654:0.10501930183911301] [-0.11496151859245618:0.082843162776128354] [-0.1226559005192206:0.15756591020035837] [11.859999656677246:52.330001831054688] [-0.35753873962348437:0.74039073966007019] [-0.068247998544687438:0.13425697132599002] [-0.13587196028298487:0.11773217696052685]
tree_sizes=812 854 854 852 854 861 864 852 857 856 871 867 863 857 854 865 861 868 870 869 860 867 866 864 865 865 866 872 867 863 868 864 859 867 859 862 868 857 872 855 857 866 847 863 869 865 861 865 863 867 873 862 868 869 855 854 867 870 867 864 871 866 875 867 870 865 864 863 866 869 855 876 859 867 862 871 866 857 874

Tree=0
num_leaves=8
num_cat=0
split_feature=8 6 7 1 4 13 2
split_gain=3.49859 1.67925 0.981337 0.98 0.767354 1.44048 0.404678
threshold=-0.10891327385595027 2.1101983607894907 -0.067242062277882306 0.0064135131619490479 0.03297244934524602 18.510000228881839 -0.045717987156650257
decision_type=8 2 2 2 2 2 2
left_child=2 4 -1 -3 6 -6 -2
right_child=1 3 -4 -5 5 -7 -8
leaf_value=0.027545071594076376 0.025948178314908567 0.02656245439141678 0.026678742245928901 0.027498379617346913 0.027021602607333706 0.02602599159623966 0.026295556502240646
leaf_weight=27 125 25 28 25 36 27 457
leaf_count=27 125 25 28 25 36 27 457
internal_value=0.0265575 0.0255969 0.0386969 0.0344242 0.0249126 0.0301544 0.0243452
internal_weight=750 695 55 50 645 63 582
internal_count=750 695 55 50 645 63 582
is_linear=0
shrinkage=1


Tree=1
num_leaves=8
num_cat=0
split_feature=8 12 8 3 7 9 2
split_gain=2.97249 1.32257 1.22449 0.413267 0.38669 0.836601 0.361161
threshold=-0.10891327385595027 0.059758748559170745 0.08306239407020867 -0.0016454671955891673 0.044718414681207748 0.096232462565245216 0.011778005332201415
decision_type=8 2 8 2 2 10 2
left_child=3 4 -3 -1 6 -6 -2
right_child=1 2 -4 -5 5 -7 -8
leaf_value=0.00038494830690722904 -0.00011122253384202354 0.00038393519068585243 -8.0819398763529697e-05 0.0013073584768347724 0.00034336404694128666 -0.00048167365551326835 -0.00029369915193717456
leaf_weight=26 325 31 29 27 32 36 228
leaf_count=26 325 31 29 27 32 36 228
internal_value=-0.000367849 -0.00125551 0.00583333 0.0110377 -0.00194042 0.00161765 -0.00237794
internal_weight=734 681 60 53 621 68 553
internal_count=734 681 60 53 621 68 553
is_linear=0
shrinkage=0.05


Tree=2
num_leaves=8
num_cat=0
split_feature=9 2 6 14 5 3 11
split_gain=2.59625 1.61456 0.91505 0.576712 1.08151 0.462963 0.44011
threshold=-0.10521564577938396 -0.11515157621145881 1.8284458451606487 0.0012326341754252958 0.01689366971179829 0.0010948669370000055 -0.017068850621732742
decision_type=8 2 2 2 2 2 2
left_child=1 -1 3 -2 6 -4 -5
right_child=2 -3 5 4 -6 -7 -8
leaf_value=0.00099819389936030138 -0.00027653361519942025 0.00024162732414357934 6.5718409780952779e-05 0.00041402727254530747 0.00027138337914932412 0.0013541949409951054 -0.00021067615864689681
leaf_weight=28 344 49 27 41 39 27 194
leaf_count=28 344 49 27 41 39 27 194
internal_value=-6.00813e-05 0.00863636 -0.00105655 -0.00160194 0.000109488 0.00518518 -0.00117021
internal_weight=749 77 672 618 274 54 235
internal_count=749 77 672 618 274 54 235
is_linear=0
shrinkage=0.05


Tree=3
num_leaves=8
num_cat=0
split_feature=9 6 0 13 4 2 6
split_gain=2.05771 0.649729 0.644535 0.572781 0.523652 0.387493 0.297186
threshold=-0.12133437516217087 2.1101983607894907 0.00038033406650317408 24.119999885559086 0.03297244934524602 0.18429753499669346 -0.78657839550384578
decision_type=8 2 2 2 2 2 2
left_child=2 3 -1 4 5 6 -2
right_child=1 -3 -4 -5 -6 -7 -8
leaf_value=0.0008965759657741624 -9.5015139213134724e-05 0.00040153551341757723 5.5924089416742668e-05 0.00041370583157606202 0.00017959465524456831 0.00010755118947669275 -0.00024426221407539296
leaf_weight=37 87 47 27 29 32 30 454
leaf_count=37 87 47 27 29 32 30 454
internal_value=-0.000289369 -0.0010972 0.00828125 -0.00151899 -0.00184909 -0.0021979 -0.00250462
internal_weight=743 679 64 632 603 571 541
internal_count=743 679 64 632 603 571 541
is_linear=0
shrinkage=0.05


Tree=4
num_leaves=8
num_cat=0
split_feature=9 2 2 1 14 5 3
split_gain=2.14297 1.53636 2.44304 0.694237 0.548519 0.569049 0.37686
threshold=-0.051874877573704396 -0.014683992718840131 -0.11515157621145881 0.074554579030759918 0.0012326341754252958 0.01689366971179829 0.0023417803663989827
decision_type=8 2 2 2 2 2 2
left_child=1 2 -1 4 -2 -6 -4
right_child=3 -3 6 -5 5 -7 -8
leaf_value=0.00067095984908140224 -0.00024772324445590901 0.0024867105918468576 -0.000200427742890651 0.00019471335608301177 -7.7919437502496007e-05 0.00023222969824606066 0.00010123224582056565
leaf_weight=29 328 25 49 25 216 43 31
leaf_count=29 328 25 49 25 216 43 31
internal_value=9.38326e-05 0.00582089 0.00325688 -0.00116013 -0.00150767 0.000212354 -0.00125
internal_weight=746 134 109 612 587 259 80
internal_count=746 134 109 612 587 259 80
is_linear=0
shrinkage=0.05


Tree=5
num_leaves=8
num_cat=0
split_feature=9 0 10 14 0 6 6
split_gain=2.62521 0.959799 0.550974 0.392243 0.507412 0.384065 0.376582
threshold=-0.12133437516217087 0.00038033406650317408 0.01436534903475606 -0.011938112467112181 0.019320465172474325 1.0939384197372048 -0.74569826247895699
decision_type=8 2 2 2 2 2 2
left_child=1 -1 3 -2 5 6 -5
right_child=2 -3 -4 4 -6 -7 -8
leaf_value=0.0011277755090535941 -0.00023842533780541136 7.3346401756766092e-05 0.00018630868253940839 0.0002068558138835159 0.00011357098482603929 0.0018791101039232747 -0.00013188981720397823
leaf_weight=38 263 27 34 53 26 39 257
leaf_count=38 263 27 34 53 26 39 257
internal_value=2.03516e-05 0.00961538 -0.000907739 -0.00123825 -0.000200001 -0.000702007 -0.00129032
internal_weight=737 65 672 638 375 349 310
internal_count=737 65 672 638 375 349 310
is_linear=0
shrinkage=0.05


Tree=6
num_leaves=8
num_cat=0
split_feature=7 12 16 9 10 7 15
split_gain=1.73335 1.00143 0.62746 0.555459 0.451352 0.434161 0.51071
threshold=-0.086603520486766158 0.059758748559170745 -0.031094083371474898 -0.055313386440503202 0.0012069827106450106 0.074994327512633255 0.010153072507063434
decision_type=2 2 2 10 2 2 2
left_child=-1 2 3 -2 -3 6 -4
right_child=1 4 5 -5 -6 -7 -8
leaf_value=0.00064946591586151001 0.00038538770722814215 0.00084720242391557042 -0.00023224453516462219 -3.3666567907076867e-05 6.7969212050064505e-05 0.00014882378658200225 6.6096052539399628e-05
leaf_weight=26 25 26 421 51 31 27 139
leaf_count=26 25 26 421 51 31 27 139
internal_value=-0.000375336 -0.000833335 -0.00138009 0.00289474 0.00552631 -0.00193356 -0.00223214
internal_weight=746 720 663 76 57 587 560
internal_count=746 720 663 76 57 587 560
is_linear=0
shrinkage=0.05


Tree=7
num_leaves=8
num_cat=0
split_feature=8 6 5 9 7 10 2
split_gain=1.99003 1.0995 1.93055 2.00285 0.740969 0.409697 0.40759
threshold=-0.10891327385595027 0.57608780155093664 0.014414350302460978 0.019335499070177956 -0.067242062277882306 -0.00018001810557455308 -0.045717987156650257
decision_type=8 2 2 8 2 2 2
left_child=4 6 -3 -4 -1 -5 -2
right_child=1 2 3 5 -6 -7 -8
leaf_value=0.00075504553531084717 -0.00024415277534597745 -0.00037250701803486153 0.0016159567656609678 0.0006373694744156174 0.00013290311058130827 -9.2644487289793656e-05 -0.00012833200631665766
leaf_weight=28 139 76 30 25 30 30 387
leaf_count=28 139 76 30 25 30 30 387
internal_value=-0.000100672 -0.00085153 0.00276397 0.00794118 0.0087931 0.00227273 -0.00195818
internal_weight=745 687 161 85 58 55 526
internal_count=745 687 161 85 58 55 526
is_linear=0
shrinkage=0.05


Tree=8
num_leaves=8
num_cat=0
split_feature=8 6 12 15 2 2 7
split_gain=1.66957 0.772286 0.561396 0.532777 0.555742 0.621964 0.430887
threshold=-0.10891327385595027 2.1101983607894907 0.059758748559170745 0.010153072507063434 0.0483220475280517 -0.036330331179394486 1.0000000180025095e-35
decision_type=8 2 2 2 2 2 2
left_child=-1 2 3 -2 5 -5 -7
right_child=1 -3 -4 4 -6 6 -8
leaf_value=0.00048593226217440757 -0.00020300337408110853 0.00020317638148922677 0.00012446161139712588 -9.1275270060024212e-05 -0.00051465084801284686 0.00042473036791501606 9.972236828987862e-05
leaf_weight=53 472 50 53 46 31 25 34
leaf_count=53 472 50 53 46 31 25 34
internal_value=-0.000353404 -0.000991562 -0.00144478 -0.001875 0.000882352 0.00261905 0.00601695
internal_weight=764 711 661 608 136 105 59
internal_count=764 711 661 608 136 105 59
is_linear=0
shrinkage=0.05


Tree=9
num_leaves=8
num_cat=0
split_feature=8 16 7 7 16 7 15
split_gain=1.715 1.00637 0.644391 0.574473 0.428464 0.769814 0.728669
threshold=-0.10891327385595027 0.054748975145843322 0.10412424126610055 -0.067242062277882306 -0.020811576589972621 -0.011902227503006122 -0.010792076504515523
decision_type=8 2 2 2 2 2 2
left_child=3 2 4 -1 5 -2 -7
right_child=1 -3 -4 -5 -6 6 -8
leaf_value=0.00076556447494986648 -0.00019945514021939921 0.00030036386391943376 0.00023156145368319651 0.00015377044775222748 -0.0001912634397356974 -3.357346073226208e-05 0.00031713712330551293
leaf_weight=27 57 44 27 25 503 27 34
leaf_count=27 57 44 27 25 503 27 34
internal_value=-0.0002957 -0.000953758 -0.00145062 0.00846154 -0.00177939 0.000932202 0.00483606
internal_weight=744 692 648 52 621 118 61
internal_count=744 692 648 52 621 118 61
is_linear=0
shrinkage=0.05


Tree=10
num_leaves=8
num_cat=0
split_feature=8 9 4 2 8 7 10
split_gain=1.15851 0.692308 0.521317 0.732383 0.816425 0.44369 0.741228
threshold=-0.10891327385595027 -0.28712307698450434 0.019895937566345636 -0.051517226428201383 -0.038648338378682971 0.029396381663549857 -0.00064230450767233094
decision_type=8 10 2 2 8 2 2
left_child=1 -1 -2 -4 -5 -6 -7
right_child=2 -3 3 4 5 6 -8
leaf_value=2.1783333318612448e-05 -0.00024633743899932703 0.00077556672796326833 -0.00019306091676547701 0.00036322478485639091 -5.1278460569888223e-05 0.00080617851563874509 -2.417113758754947e-05
leaf_weight=26 222 26 130 45 186 38 76
leaf_count=26 222 26 130 45 186 38 76
internal_value=-0.000660882 0.00653846 -0.00119799 -0.000263159 0.000942028 -1.19209e-09 0.00245614
internal_weight=749 52 697 475 345 300 114
internal_count=749 52 697 475 345 300 114
is_linear=0
shrinkage=0.05


Tree=11
num_leaves=8
num_cat=0
split_feature=9 2 2 8 15 15 15
split_gain=1.37139 1.2104 0.425029 0.94104 0.319321 0.628711 0.677765
threshold=-0.10521564577938396 -0.1139712309642623 -0.051517226428201383 -0.038648338378682971 -0.0038955620054010871 0.010153072507063434 0.014861553505820415
decision_type=8 2 2 8 2 2 2
left_child=1 -1 -2 -4 -5 -6 -7
right_child=2 -3 3 4 5 6 -8
leaf_value=0.00092098459870340935 -0.00018670463888945991 0.00020197880231591039 0.00034692235205982476 7.8740718930062165e-05 -0.00020482098030766835 0.00016848767376417188 -0.00023229265314166412
leaf_weight=25 158 47 43 134 238 46 56
leaf_count=25 158 47 43 134 238 46 56
internal_value=-0.000448462 0.00611111 -0.00114815 -0.000454547 -0.00109705 -0.00191177 0.00137255
internal_weight=747 72 675 517 474 340 102
internal_count=747 72 675 517 474 340 102
is_linear=0
shrinkage=0.05


Tree=12
num_leaves=8
num_cat=0
split_feature=9 6 4 6 2 8 3
split_gain=0.962621 0.355613 0.403328 0.785024 0.23103 0.738014 0.285995
threshold=-0.23336942710714734 2.9724261365947666 0.03297244934524602 -0.32823265647042299 -0.051517226428201383 -0.038648338378682971 0.0053695686656675132
decision_type=8 2 2 2 2 8 2
left_child=-1 2 4 -4 -2 -6 -7
right_child=1 -3 3 -5 5 6 -8
leaf_value=0.00032186613458491003 -0.00033681331281076502 0.00050096107044723427 -0.00013274963839646475 0.00049528587696962033 0.00032307041411081612 -0.00014342137687186382 -0.00041756723581172234
leaf_weight=32 132 27 26 46 40 360 71
leaf_count=32 132 27 26 46 40 360 71
internal_value=-0.000980928 -0.00136752 -0.00159259 0.00194444 -0.00201493 -0.00149682 -0.00209977
internal_weight=734 702 675 72 603 471 431
internal_count=734 702 675 72 603 471 431
is_linear=0
shrinkage=0.05


Tree=13
num_leaves=8
num_cat=0
split_feature=4 16 13 2 2 8 1
split_gain=1.0339 1.31994 0.588644 0.462821 0.460034 1.07213 0.806215
threshold=0.03250391357782164 0.038626385256018365 23.409999847412113 -0.1139712309642623 -0.051517226428201383 -0.036634763713536737 -0.041590448588461941
decision_type=2 2 2 2 2 8 2
left_child=2 3 4 -2 -1 -6 -7
right_child=1 -3 -4 -5 5 6 -8
leaf_value=-0.00034691060671842428 0.00034228737851405775 0.0010782484482808718 0.00023098450777971102 -6.488096785606568e-05 0.00035557638108409519 0.00044789630229677933 -0.00018306574399443967
leaf_weight=128 30 32 29 48 45 26 407
leaf_count=128 30 32 29 48 45 26 407
internal_value=-0.000838927 0.00363636 -0.00161417 0.000128204 -0.0019472 -0.00123431 -0.00199769
internal_weight=745 110 635 78 606 478 433
internal_count=745 110 635 78 606 478 433
is_linear=0
shrinkage=0.05


Tree=14
num_leaves=8
num_cat=0
split_feature=16 5 0 12 1 16 13
split_gain=0.732874 0.881876 1.21009 0.652035 0.424185 0.504037 0.37531
threshold=-0.020980244588524651 0.014523201037616507 -0.0029567907345090512 0.061412549385283739 -0.045122332011336024 0.058493424193382777 17.605000495910648
decision_type=2 2 2 2 2 2 2
left_child=1 -1 -3 4 6 -6 -2
right_child=3 2 -4 -5 5 -7 -8
leaf_value=-0.0001294218038759211 -5.8620978251622304e-05 8.7891305377847944e-05 0.00029934442768219364 0.00013817068177710009 -0.00018217635115831937 0.00027029280035748758 0.00048101582026131298
leaf_weight=51 28 38 36 48 467 26 25
leaf_count=51 28 38 36 48 467 26 25
internal_value=-0.000479834 0.003 0.00648649 -0.00121212 -0.0017033 -0.00216024 0.00254717
internal_weight=719 125 74 594 546 493 53
internal_count=719 125 74 594 546 493 53
is_linear=0
shrinkage=0.05


Tree=15
num_leaves=8
num_cat=0
split_feature=16 9 7 1 10 9 8
split_gain=0.541869 0.687083 0.431293 0.415244 0.488494 0.657535 0.937621
threshold=-0.027221665495718635 -0.10521564577938396 0.098808643454838099 0.0087921322316871792 0.0092143531748835068 0.21410873695272695 -0.040665226340871823
decision_type=2 10 2 2 2 8 8
left_child=1 -1 3 4 5 -2 -7
right_child=2 -3 -4 -5 -6 6 -8
leaf_value=0.00066461062167700018 -0.0001724640796246362 1.2845159360326535e-06 0.00019837752174145572 -0.00019170000295253172 0.00016914883098134443 0.00050145473745114976 -5.9288391679438414e-05
leaf_weight=27 223 73 38 253 47 25 57
leaf_count=27 223 73 38 253 47 25 57
internal_value=-0.000423958 0.003 -0.000956455 -0.00128099 -0.000170456 -0.000901641 0.00292683
internal_weight=743 100 643 605 352 305 82
internal_count=743 100 643 605 352 305 82
is_linear=0
shrinkage=0.05


Tree=16
num_leaves=8
num_cat=0
split_feature=8 3 12 16 7 7 14
split_gain=0.956706 0.555008 0.47847 0.405826 0.948211 0.474194 0.363653
threshold=-0.10891327385595027 -0.0016454671955891673 0.061412549385283739 -0.020811576589972621 -0.011902227503006122 0.013351661249752291 0.039162482689633411
decision_type=8 2 2 2 2 2 2
left_child=1 -1 3 4 -2 -6 -5
right_child=2 -3 -4 6 5 -7 -8
leaf_value=4.6567569735439588e-05 -0.0001333440978388792 0.00085517999261008047 0.00011122646540400736 -0.00016476776085691975 0.00019222111562680055 5.7623497632422324e-05 4.3805594354587876e-05
leaf_weight=27 60 29 53 430 30 32 96
leaf_count=27 60 29 53 430 30 32 96
internal_value=-0.000574638 0.00571428 -0.00107703 -0.00145062 0.00114754 0.00548387 -0.00205323
internal_weight=757 56 701 648 122 62 526
internal_count=757 56 701 648 122 62 526
is_linear=0
shrinkage=0.05


Tree=17
num_leaves=8
num_cat=0
split_feature=9 2 2 14 5 11 9
split_gain=0.936197 1.51245 0.997802 0.428425 0.485744 0.475457 0.370881
threshold=-0.051874877573704396 -0.031005658171540159 -0.12028714712970977 0.0012326341754252958 0.01689366971179829 -0.01634028611874094 0.026964477292485859
decision_type=8 2 2 2 2 2 10
left_child=1 2 -1 -2 5 -5 -7
right_child=3 -3 -4 4 -6 6 -8
leaf_value=0.00071255248754154368 -0.00013904230455889243 0.00088460049544203531 -0.00017378938050075489 0.00033682198805605468 0.0002084907456013412 -0.00037339136348366032 -3.5041550522682934e-05
leaf_weight=26 348 35 73 38 46 64 116
leaf_count=26 348 35 73 38 46 64 116
internal_value=-0.000576409 0.00320895 5.05039e-05 -0.00140523 0.000113635 -0.000871561 -0.00194445
internal_weight=746 134 99 612 264 218 180
internal_count=746 134 99 612 264 218 180
is_linear=0
shrinkage=0.05


Tree=18
num_leaves=8
num_cat=0
split_feature=16 9 16 1 2 11 2
split_gain=0.873789 1.02997 0.950015 0.438416 0.308571 0.606624 0.383993
threshold=-0.037956089809760167 -0.043868870790170926 0.05697748579533813 0.080988792065569096 -0.074229948957277955 -0.020171834808393903 0.042333751942518989
decision_type=2 10 2 2 2 2 2
left_child=1 -1 3 4 -2 -6 -7
right_child=2 -3 -4 -5 5 6 -8
leaf_value=0.00071827761382705399 -0.00012171460922627911 -4.2690787684355444e-05 0.00058659764585841396 7.1545108174646778e-05 0.00026311538368826591 -4.2063314512988793e-05 -0.00022630385687025503
leaf_weight=25 134 33 39 25 27 302 168
leaf_count=25 134 33 39 25 27 302 168
internal_value=-0.00055113 0.00534483 -0.00104317 -0.0014939 -0.00175119 -0.00117706 -0.00159575
internal_weight=753 58 695 656 631 497 470
internal_count=753 58 695 656 631 497 470
is_linear=0
shrinkage=0.05


Tree=19
num_leaves=8
num_cat=0
split_feature=16 9 12 10 10 12 12
split_gain=0.730827 0.689608 0.595322 0.836185 0.404289 0.515932 0.427035
threshold=-0.037956089809760167 -0.013877425997298075 0.059758748559170745 0.0012069827106450106 0.0092143531748835068 0.027728994316604031 0.024994032932905811
decision_type=2 10 2 2 2 2 2
left_child=1 -1 4 -4 6 -6 -2
right_child=2 -3 3 -5 5 -7 -8
leaf_value=0.00064779240476843633 -6.5430806613890578e-05 -3.5773928192351875e-05 0.00063421848085536191 -9.9008067954174038e-05 -3.5379414171589529e-05 0.00014575475962072404 -0.00021133620258674109
leaf_weight=25 314 31 26 31 53 29 230
leaf_count=25 314 31 26 31 53 29 230
internal_value=-0.000669825 0.00482143 -0.00112006 0.00377193 -0.0015655 0.00170732 -0.00205882
internal_weight=739 56 683 57 626 82 544
internal_count=739 56 683 57 626 82 544
is_linear=0
shrinkage=0.05


Tree=20
num_leaves=8
num_cat=0
split_feature=16 3 1 7 16 1 10
split_gain=0.75621 1.27599 1.13068 0.467655 0.634226 0.377658 0.915254
threshold=-0.020811576589972621 0.0057417587600745454 -0.00092655511664319057 0.10703626729789419 0.061558660382304072 -0.045122332011336024 0.0004408774644957259
decision_type=2 2 2 2 2 2 2
left_child=1 2 -1 4 5 6 -2
right_child=3 -3 -4 -5 -6 -7 -8
leaf_value=-0.00013357656372385603 0.00071428891562737686 0.00076593526508692141 9.9331699167804789e-05 8.2658497821247489e-05 0.00048546679374985061 -0.00014908110634362479 -8.0492878380175847e-05
leaf_weight=83 32 25 34 31 28 491 27
leaf_count=83 32 25 34 31 28 491 27
internal_value=-0.000539282 0.00274648 0.000555554 -0.00130542 -0.0016263 -0.002 0.00177966
internal_weight=751 142 117 609 578 550 59
internal_count=751 142 117 609 578 550 59
is_linear=0
shrinkage=0.05


Tree=21
num_leaves=8
num_cat=0
split_feature=4 8 10 2 8 0 13
split_gain=0.918259 0.833604 0.543256 0.506467 0.754858 0.395425 0.410307
threshold=0.032194326222425344 -0.044092884911323731 0.0004408774644957259 -0.048619927341703943 -0.038648338378682971 -0.019540058138272528 21.724999427795414
decision_type=2 10 2 2 8 2 2
left_child=3 2 -2 -1 -5 -6 -7
right_child=1 -3 -4 4 5 6 -8
leaf_value=-0.00022438281885983781 0.00044047061763773299 0.00062558813389410127 -1.2337050574046221e-05 0.00028589413323510732 0.0001730882816852509 -0.00011563984276582835 0.0002278559726139909
leaf_weight=140 37 28 52 41 25 399 26
leaf_count=140 37 28 52 41 25 399 26
internal_value=-0.000521392 0.00354701 0.00117977 -0.00127575 -0.000519349 -0.00111111 -0.00147059
internal_weight=748 117 89 631 491 450 425
internal_count=748 117 89 631 491 450 425
is_linear=0
shrinkage=0.05


Tree=22
num_leaves=8
num_cat=0
split_feature=16 11 9 7 1 4 2
split_gain=0.850797 0.516742 1.00703 0.491511 0.382861 0.408538 0.327288
threshold=0.054748975145843322 -0.01634028611874094 -0.10521564577938396 0.10703626729789419 0.012056098371133641 0.023194459580163911 0.042333751942518989
decision_type=2 2 10 2 2 2 2
left_child=1 2 -1 4 5 6 -3
right_child=-2 3 -4 -5 -6 -7 -8
leaf_value=0.00035583578267565441 0.00049265298909498777 9.3372177911452036e-05 -8.867915122615536e-05 0.00019131040607349049 -0.00016481999141099016 -3.1264536656623136e-05 -0.00021397621247927034
leaf_weight=39 43 149 60 27 216 148 60
leaf_count=39 43 149 60 27 216 148 60
internal_value=-0.00136119 -0.00178112 0.00156566 -0.00233333 -0.00264398 -0.00163866 -0.000215312
internal_weight=742 699 99 600 573 357 209
internal_count=742 699 99 600 573 357 209
is_linear=0
shrinkage=0.05


Tree=23
num_leaves=8
num_cat=0
split_feature=4 16 6 2 11 9 9
split_gain=0.756284 0.74169 0.518156 0.473029 0.779477 1.21108 0.44064
threshold=0.032329366377666542 0.038626385256018365 -0.038105410447870809 -0.045717987156650257 -0.01634028611874094 0.024558824526156989 -0.043868870790170926
decision_type=2 2 2 2 2 10 8
left_child=3 2 -2 -1 5 -5 -6
right_child=1 -3 -4 4 6 -7 -8
leaf_value=-0.00022449961065428589 -2.8487141127982771e-05 0.00079869291214554675 0.00029035342491328086 0.00038901825150174422 0.00039644119732438088 -7.9323416258164493e-05 -6.7486063912805126e-05
leaf_weight=146 40 36 37 30 25 26 411
leaf_count=146 40 36 37 30 25 26 411
internal_value=-0.000805594 0.0029646 0.000194804 -0.00147336 -0.000731709 0.00482143 -0.00144496
internal_weight=751 113 77 638 492 56 436
internal_count=751 113 77 638 492 56 436
is_linear=0
shrinkage=0.05


Tree=24
num_leaves=8
num_cat=0
split_feature=13 16 7 6 11 15 0
split_gain=0.656876 0.451172 0.231068 0.244257 0.866061 0.345336 0.352015
threshold=24.630000114440922 0.054748975145843322 0.10703626729789419 -0.62666651949190133 0.0015109510563884323 0.0049499375219190797 0.0030320691026545226
decision_type=2 2 2 2 2 2 2
left_child=1 2 3 4 -1 -6 -7
right_child=-2 -3 -4 -5 5 6 -8
leaf_value=0.00011887949157356127 0.00026058980216680697 0.00052615959281100547 0.00024720808946010383 -9.552997308833906e-05 -0.00035229090493864323 0.00029740857020326892 -0.00013879075630317389
leaf_weight=48 39 40 25 476 65 26 30
leaf_count=48 39 40 25 476 65 26 30
internal_value=-0.00106142 -0.00140845 -0.00171642 -0.00189923 -0.000266273 -0.00252066 0.000357142
internal_weight=749 710 670 645 169 121 56
internal_count=749 710 670 645 169 121 56
is_linear=0
shrinkage=0.05


Tree=25
num_leaves=8
num_cat=0
split_feature=13 1 5 16 15 15 3
split_gain=0.489601 0.396463 0.686813 0.378519 0.315721 0.481937 0.296516
threshold=24.630000114440922 -0.041030264861674652 0.013548368738027427 0.054748975145843322 0.010398504649352104 0.014970751840599263 -0.0096769902109747324
decision_type=2 2 2 2 2 2 2
left_child=1 2 -1 4 6 -6 -3
right_child=-2 3 -4 -5 5 -7 -8
leaf_value=0.00068773577435728801 0.00024526698926984438 3.1467380951739138e-06 -2.8809695106282173e-05 0.00021482041737443922 0.00017060399279378739 -2.5443024978656144e-05 -0.00011939543156330886
leaf_weight=26 45 28 65 38 52 67 436
leaf_count=26 45 28 65 38 52 67 436
internal_value=-0.00116909 -0.00148877 0.00159341 -0.00194042 -0.00225558 4.20156e-05 -0.00284483
internal_weight=757 712 91 621 583 119 464
internal_count=757 712 91 621 583 119 464
is_linear=0
shrinkage=0.05


Tree=26
num_leaves=8
num_cat=0
split_feature=16 5 15 6 14 2 5
split_gain=0.467917 0.623021 0.35407 0.546817 0.443831 0.38735 0.957265
threshold=-0.037956089809760167 0.015443223178528366 0.010215763876799901 -0.69856082985316081 -0.033094273980848292 0.057239402209053776 0.01689366971179829
decision_type=2 2 2 2 2 2 2
left_child=1 -1 4 -4 -2 -6 -7
right_child=2 -3 3 -5 5 6 -8
leaf_value=-4.0726030976755384e-05 -0.00010561269932230897 0.00029226008853150463 0.00015042955736557643 -3.9304405841955056e-05 -0.00013819996114343628 -0.00010975836385758863 0.00047144525071605341
leaf_weight=31 100 30 36 122 327 63 28
leaf_count=31 100 30 36 122 327 63 28
internal_value=-0.000997287 0.00319672 -0.00137574 0.000696201 -0.00200772 -0.00129187 0.00159341
internal_weight=737 61 676 158 518 418 91
internal_count=737 61 676 158 518 418 91
is_linear=0
shrinkage=0.05


Tree=27
num_leaves=8
num_cat=0
split_feature=11 3 16 3 1 1 1
split_gain=0.555373 1.00374 0.450133 0.465912 0.342177 0.35432 0.817952
threshold=-0.01634028611874094 0.0041834560048018563 0.05697748579533813 0.0033946267153559533 0.051908633848627324 0.0087921322316871792 -1.0000000180025095e-35
decision_type=2 2 2 2 2 2 2
left_child=1 -1 3 4 5 6 -2
right_child=2 -3 -4 -5 -6 -7 -8
leaf_value=-4.7063787792492102e-05 -0.00010107066835390448 0.00069915102538141037 0.0004571821228108478 -0.00017255467922355284 0.00032865381673025215 -0.00015584285427567174 0.00014483389545876096
leaf_weight=78 207 25 42 157 27 158 55
leaf_count=78 207 25 42 157 27 158 55
internal_value=-0.00112817 0.00228155 -0.00167183 -0.00201987 -0.00119687 -0.00154762 -0.000419849
internal_weight=749 103 646 604 447 420 262
internal_count=749 103 646 604 447 420 262
is_linear=0
shrinkage=0.05


Tree=28
num_leaves=8
num_cat=0
split_feature=6 12 0 15 1 2 2
split_gain=0.544306 0.533585 0.443077 0.940013 0.40115 0.377862 0.409146
threshold=1.8284458451606487 -0.051373899775069835 0.00045856607335048599 0.010215763876799901 0.0098212625451641351 -0.10048523171471473 -0.026360835059296091
decision_type=2 2 2 2 2 2 2
left_child=1 -1 3 5 -2 -3 -7
right_child=4 2 -4 -5 -6 6 -8
leaf_value=0.00024997227511017027 -4.6894790257692938e-05 0.0001236801276036238 -0.00010139469013037239 0.00031032839009208869 0.00040741916589101198 -0.00021343958267319537 -2.2179966550801082e-05
leaf_weight=30 32 36 324 38 27 85 192
leaf_count=30 32 36 324 38 27 85 192
internal_value=-0.00113874 -0.00152482 -0.00181482 -0.000584047 0.00347458 -0.00148562 -0.00211191
internal_weight=764 705 675 351 59 313 277
internal_count=764 705 675 351 59 313 277
is_linear=0
shrinkage=0.05


Tree=29
num_leaves=8
num_cat=0
split_feature=8 14 4 4 6 1 15
split_gain=0.559775 0.5 0.351474 0.650617 0.388842 0.800097 0.847883
threshold=-0.10891327385595027 -0.0049345356588886271 0.019895937566345636 0.020566014267868294 -0.40562120478853986 -0.0032269427363734722 -0.00014769121097479851
decision_type=8 2 2 2 2 2 2
left_child=1 -1 -2 -4 -5 -6 -7
right_child=2 -3 3 4 5 6 -8
leaf_value=-2.6488911280225685e-05 -0.00016922175096049528 0.00024418934648940728 0.00017543512641567162 -0.0001986294561737306 -9.1196109309316629e-05 0.00068990569553332775 -1.8036867393356869e-05
leaf_weight=25 216 25 31 147 150 57 81
leaf_count=25 216 25 31 147 150 57 81
internal_value=-0.00110656 0.004 -0.00148094 -0.000708156 -0.0012069 -0.00013889 0.00260869
internal_weight=732 50 682 466 435 288 138
internal_count=732 50 682 466 435 288 138
is_linear=0
shrinkage=0.05


Tree=30
num_leaves=8
num_cat=0
split_feature=8 2 8 3 13 13 1
split_gain=0.447333 0.509517 0.527681 0.414313 0.321234 0.439927 1.02482
threshold=-0.10891327385595027 -0.045717987156650257 -0.038648338378682971 0.0033809235781440132 12.84500026702881 14.404999732971193 0.008211088476080099
decision_type=8 2 8 2 2 2 2
left_child=-1 3 -3 -2 -4 6 -6
right_child=1 2 4 -5 5 -7 -8
leaf_value=0.00017363298775509262 -0.00030806967695759275 0.00013194514962465309 -0.00012618516105263917 3.1433242440401263e-07 0.00017628830882673784 -6.3093572301238125e-05 -0.00012375652545393564
leaf_weight=53 132 47 45 45 41 313 62
leaf_count=53 132 47 45 45 41 313 62
internal_value=-0.000934961 -0.00127737 -0.000472442 -0.00358757 -0.000986986 -0.000552886 0.00228155
internal_weight=738 685 508 177 461 416 103
internal_count=738 685 508 177 461 416 103
is_linear=0
shrinkage=0.05


Tree=31
num_leaves=8
num_cat=0
split_feature=4 3 15 14 0 6 7
split_gain=0.485038 0.639962 0.576923 0.476504 0.480036 0.653301 0.486873
threshold=0.032194326222425344 0.00081006642883574298 0.0031181041301072692 0.0012326341754252958 0.013590027627633507 -0.6912223631057367 0.02834332475940016
decision_type=2 2 2 2 2 2 2
left_child=3 2 -2 -1 5 -5 -7
right_child=1 -3 -4 4 -6 6 -8
leaf_value=-7.7278902303842606e-05 -0.00014559945168609112 0.00065580227453964561 2.3779994327236318e-05 0.0001925202843257108 2.3799353359863312e-05 -9.2198458683057791e-05 0.00026356148828286184
leaf_weight=349 39 48 26 46 26 159 45
leaf_count=349 39 48 26 46 26 159 45
internal_value=-0.000934961 0.00207964 -0.00115385 -0.00148 7.24626e-05 -0.000600001 -0.00181373
internal_weight=738 113 65 625 276 250 204
internal_count=738 113 65 625 276 250 204
is_linear=0
shrinkage=0.05


Tree=32
num_leaves=8
num_cat=0
split_feature=14 4 9 9 8 0 13
split_gain=0.546767 0.502327 0.41979 0.410167 0.934184 1.18906 0.534729
threshold=-0.0049345356588886271 0.036407233870539679 -0.10521564577938396 0.11556590204717589 0.048690234927517791 -0.00070587027605112363 17.615000724792484
decision_type=2 2 8 8 8 2 2
left_child=2 3 -1 -2 5 6 -5
right_child=1 -3 -4 4 -6 -7 -8
leaf_value=0.00020289123450224541 -0.00010306426842899113 0.00021697900816118753 -6.2507757520078095e-05 -0.00018753366549241487 -9.9394341131189273e-05 0.00020466162519040869 0.00019603551099703454
leaf_weight=37 172 29 340 27 96 25 25
leaf_count=37 172 29 340 27 96 25 25
internal_value=-0.00060586 0.000748662 -0.0019496 0.00021739 0.00193641 0.00603896 0.00173077
internal_weight=751 374 377 345 173 77 52
internal_count=751 374 377 345 173 77 52
is_linear=0
shrinkage=0.05


Tree=33
num_leaves=8
num_cat=0
split_feature=14 16 5 10 6 9 1
split_gain=0.40089 0.692088 0.609445 0.902041 0.509804 0.309899 0.413551
threshold=0.0012326341754252958 0.054748975145843322 0.01689366971179829 -0.0018123772327252594 -0.18863882243022051 0.016588521872093368 0.0057185405602587789
decision_type=2 2 2 2 2 8 2
left_child=1 -1 5 4 -4 -2 -7
right_child=2 -3 3 -5 -6 6 -8
leaf_value=-6.1002206813237403e-05 -0.00025009319955902372 0.00055681083700823792 -0.00044300993169398364 0.00026001446827322324 0.0013952200749607624 3.0496387320023565e-05 -0.00012506182404333976
leaf_weight=379 63 30 26 28 25 109 88
leaf_count=379 63 30 26 28 25 109 88
internal_value=-0.00125669 -0.00231051 1.47481e-05 0.00386076 -9.80404e-05 -0.00115385 -0.000177666
internal_weight=748 409 339 79 51 260 197
internal_count=748 409 339 79 51 260 197
is_linear=0
shrinkage=0.05


Tree=34
num_leaves=8
num_cat=0
split_feature=13 6 14 9 1 14 5
split_gain=0.486507 0.283709 0.332949 0.5778 0.767307 0.691841 0.569733
threshold=24.630000114440922 1.8284458451606487 0.0012326341754252958 0.026964477292485859 0.013131915532811457 0.018846539562811352 0.013440133644331378
decision_type=2 2 2 8 2 2 2
left_child=1 2 -1 -4 5 -5 -7
right_child=-2 -3 3 4 -6 6 -8
leaf_value=-4.7312168327902395e-05 0.00016481680151404885 6.6549934818146641e-05 -0.00034500622108028702 0.00019299744003153964 -0.00016710654492527451 0.00015225654764195717 -0.00022974651985521803
leaf_weight=372 43 55 80 34 71 42 52
leaf_count=372 43 55 80 34 71 42 52
internal_value=-0.000861149 -0.00117564 -0.00146698 -0.000161292 0.00128141 0.00359375 0.00138298
internal_weight=749 706 651 279 199 128 94
internal_count=749 706 651 279 199 128 94
is_linear=0
shrinkage=0.05


Tree=35
num_leaves=8
num_cat=0
split_feature=14 8 9 13 9 8 1
split_gain=0.34075 0.558068 0.607293 0.44093 0.442894 0.848244 0.662727
threshold=-0.0032889554051496734 0.079056252802418583 0.17867143822337686 24.630000114440922 0.088680741644491815 0.038770670640672529 0.0066383188349463671
decision_type=2 10 10 2 8 8 2
left_child=-1 3 -3 4 -2 6 -6
right_child=1 2 -4 -5 5 -7 -8
leaf_value=-4.1104718829638959e-05 -0.00019497351373252471 0.00030963874218330943 -0.00010520010474168232 0.00024004373943427808 0.00020513177401375546 -7.1201749411463331e-05 -0.00019366508666118082
leaf_weight=390 141 27 25 31 55 59 25
leaf_count=390 141 27 25 31 55 59 25
internal_value=-0.00128154 -0.000179065 0.00461538 -0.000980709 -0.00160714 0.000395682 0.00375
internal_weight=753 363 52 311 280 139 80
internal_count=753 363 52 311 280 139 80
is_linear=0
shrinkage=0.05


Tree=36
num_leaves=8
num_cat=0
split_feature=7 8 1 12 10 5 1
split_gain=0.662544 0.439465 0.420066 0.574555 0.410803 0.496817 0.46412
threshold=0.10128590960234408 0.097734875996146511 0.043469808242283421 0.019647566703835165 -0.002437487818211181 0.011268775752316742 -0.029499135680913609
decision_type=2 8 2 2 2 2 2
left_child=1 2 4 -4 5 -1 -7
right_child=-2 -3 3 -5 -6 6 -8
leaf_value=0.00058454949202627689 0.00022330739762917203 -0.00028094254437776558 0.00039760892384178885 -3.0859953734039292e-05 -4.1371511755378452e-05 0.00018805793603502701 -6.7742521431163292e-05
leaf_weight=30 31 68 25 28 407 53 108
leaf_count=30 31 68 25 28 407 53 108
internal_value=-0.000866668 -0.00117524 -0.000775731 0.00349056 -0.00115385 0.000759161 -0.000341616
internal_weight=750 719 651 53 598 191 161
internal_count=750 719 651 53 598 191 161
is_linear=0
shrinkage=0.05


Tree=37
num_leaves=8
num_cat=0
split_feature=4 0 11 9 3 2 15
split_gain=0.56179 0.775265 0.336556 0.677134 0.361083 0.292834 0.569755
threshold=0.03830021424258865 0.00038033406650317408 -0.01634028611874094 -0.17981021934372085 0.0061341316576234437 -0.031005658171540159 0.010215763876799901
decision_type=2 2 2 10 2 2 2
left_child=2 -2 3 -1 5 -4 -7
right_child=1 -3 4 -5 -6 6 -8
leaf_value=0.00024957073948478803 0.00061425148871335235 -8.753880396282492e-06 -0.0001709919866551581 -1.3591997467527648e-05 -0.0001526597845171648 -4.0892517131105469e-05 0.00017206033706114389
leaf_weight=27 27 31 149 69 83 308 64
leaf_count=27 27 31 149 69 83 308 64
internal_value=-0.00110818 0.00362069 -0.0015 0.00125 -0.00193709 -0.00144914 -0.000698926
internal_weight=758 58 700 96 604 521 372
internal_count=758 58 700 96 604 521 372
is_linear=0
shrinkage=0.05


Tree=38
num_leaves=8
num_cat=0
split_feature=10 12 1 16 10 2 2
split_gain=0.304688 0.791353 0.52336 0.930614 0.522608 0.871693 0.608257
threshold=0.0024545779679250317 0.059758748559170745 -0.045122332011336024 -0.011871024222094738 0.0086193665790624836 0.0081403529764136912 -0.051517226428201383
decision_type=2 2 2 2 2 2 2
left_child=1 2 3 -1 -2 6 -6
right_child=4 -3 -4 -5 5 -7 -8
leaf_value=-0.00018657778838460673 -0.00015338887635294124 0.00019701573015686036 -1.9233833305432653e-05 0.00064851178280853105 -4.8670915120955793e-06 -8.9221081578824484e-05 0.0002071943245983433
leaf_weight=32 194 32 347 25 37 55 26
leaf_count=32 194 32 347 25 37 55 26
internal_value=-0.000922461 -6.88085e-05 -0.000668318 0.00377193 -0.00211539 0.000508473 0.00452381
internal_weight=748 436 404 57 312 118 63
internal_count=748 436 404 57 312 118 63
is_linear=0
shrinkage=0.05


Tree=39
num_leaves=8
num_cat=0
split_feature=9 2 2 10 9 2 0
split_gain=0.66799 0.70614 0.460779 0.364413 0.447404 1.14457 0.942308
threshold=-0.10521564577938396 -0.11515157621145881 -0.074229948957277955 0.0025359002095745047 -0.051874877573704396 -0.0013104511793262661 -0.0043427262951670756
decision_type=8 2 2 2 10 2 2
left_child=1 -1 -2 4 5 -4 -7
right_child=2 -3 3 -5 -6 6 -8
leaf_value=0.00033471707907326568 -0.00011000170921293806 -3.717116399915835e-05 -7.254172024572406e-05 -0.00014983139582806673 -3.2965982540845865e-05 2.1348448232650675e-06 0.0003087174551502774
leaf_weight=28 106 47 40 222 242 26 26
leaf_count=28 106 47 40 222 242 26 26
internal_value=-0.00147219 0.003 -0.00197885 -0.00140288 -0.000359283 0.00260869 0.0075
internal_weight=737 75 662 556 334 92 52
internal_count=737 75 662 556 334 92 52
is_linear=0
shrinkage=0.05


Tree=40
num_leaves=8
num_cat=0
split_feature=6 10 2 6 6 5 0
split_gain=0.38462 0.295723 0.692149 0.816667 0.350678 0.905548 0.315457
threshold=2.9379851232463028 0.0086193665790624836 0.0081403529764136912 -0.1641036521301831 0.57608780155093664 0.017224631254848032 0.0022886030276916274
decision_type=2 2 2 2 2 2 2
left_child=1 4 3 -3 6 -6 -1
right_child=-2 2 -4 -5 5 -7 -8
leaf_value=-4.6237593521784188e-05 0.0016097237754073566 0.00023749289856416059 -8.4782403894451347e-05 -1.6012459864922497e-05 -8.9253619562342992e-05 0.0010833663940668238 -0.00013785078166208675
leaf_weight=318 27 30 47 30 88 26 184
leaf_count=318 27 30 47 30 88 26 184
internal_value=-0.0016 -0.00181881 0.000607475 0.00416667 -0.00224026 0.000263157 -0.00280877
internal_weight=750 723 107 60 616 114 502
internal_count=750 723 107 60 616 114 502
is_linear=0
shrinkage=0.05


Tree=41
num_leaves=8
num_cat=0
split_feature=16 4 13 2 1 1 14
split_gain=0.349476 0.64354 0.410798 0.473031 0.510371 0.497049 0.624636
threshold=0.036826810136926132 0.029314720550084085 15.855000019073488 -0.048619927341703943 -0.03635675641397073 0.001790659301437403 0.018287022450050875
decision_type=2 2 2 2 2 2 2
left_child=2 -2 -1 -4 -5 -6 -7
right_child=1 -3 3 4 5 6 -8
leaf_value=-9.1069266514057559e-05 -0.00013437693622879616 0.00069247445427970261 -9.161366379086714e-05 0.00056517722731375792 -0.00016541872295972496 -1.3650149624192589e-05 0.00053534276465475126
leaf_weight=254 74 40 151 30 85 81 37
leaf_count=254 74 40 151 30 85 81 37
internal_value=-0.00140958 0.00114035 -0.0018652 -0.000833335 0.000579398 -0.000320198 0.00177966
internal_weight=752 114 638 384 233 203 118
internal_count=752 114 638 384 233 203 118
is_linear=0
shrinkage=0.05


Tree=42
num_leaves=8
num_cat=0
split_feature=11 3 16 13 13 1 8
split_gain=0.403188 0.440833 0.397866 0.341101 0.910931 0.32 0.255759
threshold=-0.020171834808393903 0.0015406119752446881 0.054748975145843322 12.994999885559084 12.644999980926515 -0.041030264861674652 -0.029392290340519042
decision_type=2 2 2 2 2 2 10
left_child=1 5 3 4 -2 -1 -5
right_child=2 -3 -4 6 -6 -7 -8
leaf_value=-0.00027215135817895529 -8.3793746235176573e-05 0.0005155542070735226 0.00024261823170447863 -9.2971712690370886e-05 0.00014579980395177056 6.6363123885315775e-06 -6.598386210445653e-05
leaf_weight=25 38 30 46 227 26 25 336
leaf_count=25 38 30 46 227 26 25 336
internal_value=-0.00148074 0.001875 -0.00187964 -0.00220893 0.00125 -0.001 -0.00260213
internal_weight=753 80 673 627 64 50 563
internal_count=753 80 673 627 64 50 563
is_linear=0
shrinkage=0.05


Tree=43
num_leaves=8
num_cat=0
split_feature=11 4 4 12 12 10 4
split_gain=0.297287 0.438873 0.302609 0.267634 0.452368 0.505597 0.279327
threshold=-0.017068850621732742 0.028352472290109405 0.024511363995397606 0.0037862010061723299 0.011040694977268452 -0.0080075928939195556 0.03753068690976382
decision_type=2 2 2 2 2 2 2
left_child=1 2 -1 -2 -5 -6 -7
right_child=3 -3 -4 4 5 6 -8
leaf_value=4.7697504180708407e-06 -0.00015926471297821097 0.00014064663878513375 -9.5495527359926567e-05 0.00018452805376634185 8.6587332482120181e-05 -8.413548458597613e-05 0.00029120132325553767
leaf_weight=46 160 26 29 49 25 385 26
leaf_count=46 160 26 29 49 25 385 26
internal_value=-0.00158177 0.000940593 -0.001 -0.00197675 -0.00139175 -0.00190367 -0.0023236
internal_weight=746 101 75 645 485 436 411
internal_count=746 101 75 645 485 436 411
is_linear=0
shrinkage=0.05


Tree=44
num_leaves=8
num_cat=0
split_feature=8 2 15 2 15 2 4
split_gain=0.305948 0.365731 0.399747 0.473071 0.413956 0.46503 0.927022
threshold=-0.10706860625424995 -0.048619927341703943 -0.0038955620054010871 0.072418528591185041 0.010215763876799901 0.041393595353537045 0.022832547311264165
decision_type=8 2 2 2 2 2 2
left_child=-1 -2 3 -3 -4 6 -6
right_child=1 2 4 -5 5 -7 -8
leaf_value=2.7064167778882049e-06 -0.00014487069576613176 -5.4739211591799712e-06 -7.5111566049734937e-05 0.00056137375959498424 0.00027190926746677185 -0.00026401065404783994 -3.9767599408462515e-05
leaf_weight=54 169 121 255 29 30 48 34
leaf_count=54 169 121 255 29 30 48 34
internal_value=-0.00121622 -0.00150146 -0.000841394 0.00133333 -0.00173025 0.00080357 0.00359375
internal_weight=740 686 517 150 367 112 64
internal_count=740 686 517 150 367 112 64
is_linear=0
shrinkage=0.05


Tree=45
num_leaves=8
num_cat=0
split_feature=9 2 10 15 4 10 5
split_gain=0.638277 0.724311 0.46252 0.511107 0.76008 1.13174 0.356847
threshold=-0.10053915724351851 -0.11515157621145881 0.0025359002095745047 0.00072702312336980779 0.019564660710922537 0.00097851086285993837 0.011268775752316742
decision_type=8 2 2 2 2 2 2
left_child=1 -1 3 6 -5 -6 -2
right_child=2 -3 -4 4 5 -7 -8
leaf_value=0.00028227130944204594 9.3741131570786041e-05 -5.8528996043209533e-05 -0.00012191968239677655 -0.00021209170372627289 -1.1951318727054562e-05 0.00027265106946710763 -7.0030799132167671e-05
leaf_weight=28 41 48 272 39 48 28 242
leaf_count=28 41 48 272 39 48 28 242
internal_value=-0.00144772 0.00289474 -0.0019403 -0.000854273 0.00195652 0.00486842 -0.00199647
internal_weight=746 76 670 398 115 76 283
internal_count=746 76 670 398 115 76 283
is_linear=0
shrinkage=0.05


Tree=46
num_leaves=8
num_cat=0
split_feature=8 5 5 8 1 5 5
split_gain=0.376518 0.439339 0.43834 0.403207 0.498069 0.419648 0.372726
threshold=-0.082886309786827359 0.01886471031063364 0.022019065391688717 -0.062561074837970673 -0.041030264861674652 0.013779283966297925 0.015852849773829475
decision_type=8 2 2 10 2 2 2
left_child=1 -1 -3 -2 -5 -6 -7
right_child=3 2 -4 4 5 6 -8
leaf_value=0.00024930683083693406 -0.00017116738082660651 -4.8204113879340367e-05 0.00013735688870095746 0.00037020504235725905 -0.00010500669718426766 7.9572495530002139e-05 -2.0589011236488535e-05
leaf_weight=41 66 30 29 43 263 91 185
leaf_count=41 66 30 29 43 263 91 185
internal_value=-0.000855616 0.002 -0.000762713 -0.0012963 -0.00087629 -0.00128943 7.24626e-05
internal_weight=748 100 59 648 582 539 276
internal_count=748 100 59 648 582 539 276
is_linear=0
shrinkage=0.05


Tree=47
num_leaves=8
num_cat=0
split_feature=8 11 9 7 5 5 13
split_gain=0.366547 0.405831 0.430491 0.307875 0.570997 0.528011 0.350546
threshold=-0.044092884911323731 -0.020171834808393903 -0.04978624842008033 0.0092481632105179141 0.012871176378717751 0.010987598522615136 15.875000000000002
decision_type=10 2 8 2 2 2 2
left_child=-1 -2 -3 4 5 -4 -6
right_child=1 2 3 -5 6 -7 -8
leaf_value=-5.7001035253009976e-05 0.00026958000915097528 0.0003423315676325656 -5.439110803796049e-05 -9.6422360866232803e-05 -3.7854558839150391e-05 0.0011803628242539905 1.4720140706658183e-05
leaf_weight=231 31 32 33 277 69 29 37
leaf_count=231 31 32 33 277 69 29 37
internal_value=-0.00161705 -0.000866143 -0.00122642 -0.00162921 5.95226e-05 0.00387097 -0.00216981
internal_weight=739 508 477 445 168 62 106
internal_count=739 508 477 445 168 62 106
is_linear=0
shrinkage=0.05


Tree=48
num_leaves=8
num_cat=0
split_feature=3 11 4 4 14 10 0
split_gain=0.298462 0.454073 0.690466 0.441956 0.374148 0.549337 0.413427
threshold=0.013133649409504901 0.018972561057233887 0.029314720550084085 0.024455487003340898 0.0037598780805861991 0.0103636474765072 0.010462868428089191
decision_type=2 2 2 2 2 2 2
left_child=1 4 3 -3 5 -1 -6
right_child=-2 2 -4 -5 6 -7 -8
leaf_value=-7.2859215084432078e-05 0.00015373205955086612 4.9525391999062711e-05 0.00049173466695176396 -0.00032700054291785844 -4.9134403737818684e-05 6.0454986946735655e-05 1.7417378833354297e-05
leaf_weight=277 29 57 26 37 240 43 31
leaf_count=277 29 57 26 37 240 43 31
internal_value=-0.00135135 -0.00155415 0.00125 -0.000744682 -0.00212352 -0.00328125 -0.000756459
internal_weight=740 711 120 94 591 320 271
internal_count=740 711 120 94 591 320 271
is_linear=0
shrinkage=0.05


Tree=49
num_leaves=8
num_cat=0
split_feature=8 8 8 11 5 15 15
split_gain=0.248118 0.90573 0.533952 0.563868 0.358103 0.274632 0.621466
threshold=-0.044092884911323731 -0.037244724761257168 -0.082886309786827359 0.011634052199270497 0.020046731506520542 0.010215763876799901 0.014861553505820415
decision_type=10 10 8 2 2 2 2
left_child=2 -2 3 -1 5 -3 -7
right_child=1 4 -4 -5 -6 6 -8
leaf_value=-4.7452450673799265e-06 0.0019900974144625226 -6.5168141186033388e-05 -0.00011726037317481804 0.00026216471626679523 0.00015554949365228794 0.00013373558763497863 -0.00023443422252699287
leaf_weight=69 26 350 135 26 34 44 49
leaf_count=69 26 350 135 26 34 44 49
internal_value=-0.0012483 -0.000626244 -0.0026087 0.000263157 -0.00112159 -0.00150113 0.000913977
internal_weight=733 503 230 95 477 443 93
internal_count=733 503 230 95 477 443 93
is_linear=0
shrinkage=0.05


Tree=50
num_leaves=8
num_cat=0
split_feature=10 2 5 10 2 0 10
split_gain=0.276287 0.92652 1.44237 0.517159 0.395206 0.58099 0.666858
threshold=0.0086193665790624836 0.0081403529764136912 0.015872931276233734 0.0025359002095745047 0.0066879663730017311 0.0091376517556834864 0.00097851086285993837
decision_type=2 2 2 2 2 2 2
left_child=3 2 -2 4 -1 6 -6
right_child=1 -3 -4 -5 5 -7 -8
leaf_value=-7.6718536505895638e-05 0.00020994609187565606 -0.00014652402961748388 -1.9282906176622349e-05 -0.00011718744766424634 -3.0783873064471751e-05 3.9821757587455006e-05 0.00012736809790373589
leaf_weight=231 26 49 38 189 144 33 30
leaf_count=231 26 49 38 189 144 33 30
internal_value=-0.00108108 0.00119469 0.00515625 -0.00149123 -0.000547946 0.00103865 -0.000114944
internal_weight=740 113 64 627 438 207 174
internal_count=740 113 64 627 438 207 174
is_linear=0
shrinkage=0.05


Tree=51
num_leaves=8
num_cat=0
split_feature=4 2 10 11 13 2 2
split_gain=0.395111 0.32218 0.824366 0.65076 0.641295 0.296664 0.603112
threshold=0.040738179837759743 0.079429064009514563 0.0031270998422653355 0.0019507060207528684 13.050000190734865 0.042333751942518989 0.032140355325743893
decision_type=2 2 2 2 2 2 2
left_child=1 4 3 -3 -1 6 -6
right_child=-2 2 -4 -5 5 -7 -8
leaf_value=0.00010099387638667586 5.4047842088804441e-05 -1.0182139928289081e-05 -0.00010914493978673183 0.00030211076832002887 -7.1679398217930178e-05 -0.00022554151626114893 0.0001696023176857606
leaf_weight=36 32 27 47 40 428 107 45
leaf_count=36 32 27 47 40 428 107 45
internal_value=-0.00106299 -0.00130137 0.00114035 0.00470149 -0.00175325 -0.00215517 -0.00161734
internal_weight=762 730 114 67 616 580 473
internal_count=762 730 114 67 616 580 473
is_linear=0
shrinkage=0.05


Tree=52
num_leaves=8
num_cat=0
split_feature=8 5 1 0 4 12 12
split_gain=0.753083 0.358642 0.242919 0.296756 0.390322 0.490754 0.665187
threshold=-0.10706860625424995 0.02102728610471518 -0.0032269427363734722 0.017165963895183437 0.019812433346035004 -0.005215251084133842 0.041226491428898011
decision_type=8 2 2 2 2 2 2
left_child=1 -1 -2 4 -4 -6 -7
right_child=2 -3 3 -5 5 6 -8
leaf_value=6.911071320091792e-06 -6.1491395501055664e-05 -1.2087812336055895e-07 -9.8300101491093176e-05 -9.8590637477334608e-05 -0.0002319058119006854 0.00018978425836466942 -9.9229490341002253e-06
leaf_weight=25 287 33 126 71 50 98 58
leaf_count=25 287 33 126 71 50 98 58
internal_value=-0.000989306 0.00448276 -0.00144928 -0.000657569 -3.01217e-05 0.00131068 0.00269231
internal_weight=748 58 690 403 332 206 156
internal_count=748 58 690 403 332 206 156
is_linear=0
shrinkage=0.05


Tree=53
num_leaves=8
num_cat=0
split_feature=7 2 1 16 14 14 10
split_gain=0.492588 0.327837 0.445845 0.478127 0.517229 0.609043 0.279164
threshold=-0.079102827075870782 -0.051517226428201383 -0.041030264861674652 0.032058703486522074 -0.028276541619188519 0.01016731697942619 0.0087442389326247722
decision_type=2 2 2 2 2 2 2
left_child=-1 -2 -3 6 -5 -6 -4
right_child=1 2 3 4 5 -7 -8
leaf_value=0.0001852754584291102 -0.00012496987072295869 0.00047253516323679084 -4.6308469537149163e-05 -0.00023983624928201528 0.00072568406888015135 -0.00016080728745185494 3.9574311048543553e-06
leaf_weight=37 178 37 343 41 36 26 45
leaf_count=37 178 37 343 41 36 26 45
internal_value=-0.0011642 -0.00145892 -0.000833335 -0.00123218 0.00179612 0.00467742 -0.00203608
internal_weight=743 706 528 491 103 62 388
internal_count=743 706 528 491 103 62 388
is_linear=0
shrinkage=0.05


Tree=54
num_leaves=8
num_cat=0
split_feature=6 15 5 10 9 5 3
split_gain=0.320878 0.818182 0.867307 0.491734 0.728241 1.0175 0.441625
threshold=0.57608780155093664 0.0022521864515802075 0.01528638732449898 0.0084135578248018001 0.19831938914336714 0.015872931276233734 -0.0072062154159776006
decision_type=2 2 2 2 8 2 2
left_child=3 2 -2 6 5 -5 -1
right_child=1 -3 -4 4 -6 -7 -8
leaf_value=7.1305296795508564e-06 -2.2653274526852953e-05 -0.00010133578893845662 0.00050767626054444375 0.00019591589843275127 -7.2791124164974026e-05 -3.3794365450685788e-05 -0.00010134782424300561
leaf_weight=60 46 88 42 26 26 28 431
leaf_count=60 46 88 42 26 26 28 431
internal_value=-0.00118474 0.000681817 0.00409091 -0.00176007 0.001875 0.00518518 -0.00235234
internal_weight=747 176 88 571 80 54 491
internal_count=747 176 88 571 80 54 491
is_linear=0
shrinkage=0.05


Tree=55
num_leaves=8
num_cat=0
split_feature=8 0 7 2 8 8 1
split_gain=0.475031 0.540404 1.06765 0.482655 0.398281 0.847411 0.347518
threshold=-0.10706860625424995 0.015950805030017893 0.0086073859474776766 -0.13165221340616964 0.077575726406955328 0.097734875996146511 0.043469808242283421
decision_type=8 2 2 2 10 10 2
left_child=3 4 -3 -1 6 -6 -2
right_child=1 2 -4 -5 5 -7 -8
leaf_value=-5.2090299064796505e-06 -7.6353256539661563e-05 7.9350012925904925e-05 -4.8790675685203642e-05 0.0001306916957787491 0.00024782307159255777 -0.00015144290250029293 4.4150297465330253e-06
leaf_weight=34 484 30 68 26 31 57 33
leaf_count=34 484 30 68 26 31 57 33
internal_value=-0.000937092 -0.00130157 0.00214286 0.00333333 -0.00185951 0.00125 -0.00238878
internal_weight=763 703 98 60 605 88 517
internal_count=763 703 98 60 605 88 517
is_linear=0
shrinkage=0.05


Tree=56
num_leaves=8
num_cat=0
split_feature=4 6 0 4 13 0 4
split_gain=0.392706 0.775194 0.341263 0.424843 0.727244 0.516291 0.669443
threshold=0.028297223257663741 0.54877397089999536 0.0022886030276916274 0.024511363995397606 19.23499965667725 -0.0049062868557530606 0.021046082239112886
decision_type=2 2 2 2 2 2 2
left_child=2 -2 3 4 5 -1 -7
right_child=1 -3 -4 -5 -6 6 -8
leaf_value=-0.00010004897310367709 -3.0198666403022498e-05 0.00045049971538895081 -7.941649549128445e-05 -0.00013423253011754971 0.00024498958370013302 -8.0837378669859953e-05 0.00023404673597863924
leaf_weight=122 129 43 241 87 33 59 25
leaf_count=122 129 43 241 87 33 59 25
internal_value=-0.00127876 0.000813952 -0.00191358 -0.000858897 0.000230124 -0.000873788 0.00214286
internal_weight=739 172 567 326 239 206 84
internal_count=739 172 567 326 239 206 84
is_linear=0
shrinkage=0.05


Tree=57
num_leaves=8
num_cat=0
split_feature=4 7 7 10 9 12 0
split_gain=0.424333 0.435242 0.989681 0.671269 0.706435 0.434842 0.43267
threshold=0.019895937566345636 -0.0078551704713084574 1.0000000180025095e-35 0.0023442869650027735 -0.051874877573704396 0.024521735190164765 0.0062965463731475832
decision_type=2 2 2 2 10 2 2
left_child=-1 -2 -3 4 -4 -6 -5
right_child=1 2 3 6 5 -7 -8
leaf_value=-0.00011841533481016275 -2.6815035187186525e-05 0.00021466552947829775 0.00038721826983623961 5.4356513278990827e-06 9.051893089720748e-05 -0.00011636061124288434 -0.00019021826655718518
leaf_weight=216 249 26 43 38 39 51 73
leaf_count=216 249 26 43 38 39 51 73
internal_value=-0.00105442 -0.000279385 0.00111111 0.00012295 0.0025188 -1.19209e-09 -0.00274775
internal_weight=735 519 270 244 133 90 111
internal_count=735 519 270 244 133 90 111
is_linear=0
shrinkage=0.05


Tree=58
num_leaves=8
num_cat=0
split_feature=4 2 2 5 10 4 15
split_gain=0.416923 0.31492 0.492158 0.881736 0.856703 0.647563 0.597008
threshold=0.040738179837759743 -0.051517226428201383 0.042333751942518989 0.015842131609336927 0.0087442389326247722 0.029314720550084085 -0.0021569799901034466
decision_type=2 2 2 2 2 2 2
left_child=1 -1 3 4 6 -4 -3
right_child=-2 2 5 -5 -6 -7 -8
leaf_value=-6.7444175071781101e-05 6.6281294987531334e-05 0.00024014304007912956 -9.3166923791483544e-05 -8.8605372495668543e-05 0.00015613471225332689 0.00037892286763341375 -6.0668945145425726e-05
leaf_weight=180 31 78 197 82 25 33 124
leaf_count=180 31 78 197 82 25 33 124
internal_value=-0.001 -0.00124479 -0.000640075 0.000663429 0.00226872 -0.00239131 0.00118812
internal_weight=750 719 539 309 227 230 202
internal_count=750 719 539 309 227 230 202
is_linear=0
shrinkage=0.05


Tree=59
num_leaves=8
num_cat=0
split_feature=8 6 3 8 8 13 12
split_gain=0.382126 0.663947 0.353649 0.316384 1.12534 0.518835 0.261895
threshold=-0.10891327385595027 -0.35490989167434528 -0.008371241155339269 0.097734875996146511 0.077575726406955328 13.050000190734865 0.024727553990246513
decision_type=8 2 2 8 10 2 2
left_child=1 -1 -2 4 5 -4 -7
right_child=2 -3 3 -5 -6 6 -8
leaf_value=0.00014333821389899676 -0.00011279818821527267 -2.0398709688195384e-05 5.326583035833576e-05 -7.850549527696352e-05 0.00035413314601935017 -7.3083235739290628e-06 -9.7111744660163324e-05
leaf_weight=25 61 32 29 86 34 311 180
leaf_count=25 61 32 29 86 34 311 180
internal_value=-0.00104222 0.00289474 -0.00136234 -0.00101563 -0.000577619 -0.00115385 -0.00153768
internal_weight=758 57 701 640 554 520 491
internal_count=758 57 701 640 554 520 491
is_linear=0
shrinkage=0.05


Tree=60
num_leaves=8
num_cat=0
split_feature=3 0 11 13 8 2 11
split_gain=0.27444 0.283491 0.623842 0.367718 0.264916 0.340001 0.354344
threshold=0.013133649409504901 0.0072829693370495283 0.030772226573239195 13.174999713897707 0.097734875996146511 0.079429064009514563 0.0019507060207528684
decision_type=2 2 2 2 8 2 2
left_child=1 2 4 -3 5 6 -1
right_child=-2 3 -4 -5 -6 -7 -8
leaf_value=4.0333430202508921e-07 0.00014193029530267643 2.6266765869858457e-05 0.00037533576985354362 -6.2827527446848892e-05 -0.00025891028864599643 0.00011683951996230517 -9.7818722182053096e-05
leaf_weight=201 29 26 25 186 61 25 200
leaf_count=201 29 26 25 186 61 25 200
internal_value=-0.00114874 -0.00133978 -0.000703126 -0.00287736 -0.00109856 -0.000657278 -0.00100998
internal_weight=753 724 512 212 487 426 401
internal_count=753 724 512 212 487 426 401
is_linear=0
shrinkage=0.05


Tree=61
num_leaves=8
num_cat=0
split_feature=0 8 1 0 9 13 4
split_gain=0.403644 0.784834 0.642081 0.671475 0.698824 0.610494 0.575639
threshold=0.0068031622182929139 -0.10706860625424995 -0.0032269427363734722 -0.0043427262951670756 0.038088093355650006 13.050000190734865 0.018828547128622246
decision_type=2 8 2 2 8 2 2
left_child=1 -1 -3 4 -4 -2 -5
right_child=5 2 3 6 -6 -7 -8
leaf_value=0.00026175620772364946 8.1804162639598395e-05 -9.3555835066534037e-05 0.00018356694228217381 -5.77300774201854e-05 -9.5458578952133975e-05 -5.9340895828436155e-05 0.00011108086254977504
leaf_weight=38 26 225 34 43 66 203 101
leaf_count=38 26 225 34 43 66 203 101
internal_value=-0.000855979 -6.90347e-05 -0.000628999 0.00114754 -0.002 -0.00259825 0.00333333
internal_weight=736 507 469 244 100 229 144
internal_count=736 507 469 244 100 229 144
is_linear=0
shrinkage=0.05


Tree=62
num_leaves=8
num_cat=0
split_feature=6 4 12 8 7 7 14
split_gain=0.473595 0.430962 0.483973 0.400829 0.415609 0.906224 0.795904
threshold=-0.4600326410559869 0.039721536874362924 0.073733903664651171 0.097734875996146511 -0.0078551704713084574 0.0054301171430299897 -0.0032889554051496734
decision_type=2 2 2 8 2 2 2
left_child=-1 2 3 4 -2 -6 -7
right_child=1 -3 -4 -5 5 6 -8
leaf_value=-2.596381471150682e-05 -3.0883159553992355e-05 0.00034254265204534723 0.00034901866504772542 -0.00010465980819736537 5.0323473627945232e-05 -0.00014137536535091541 2.4407342732753584e-05
leaf_weight=258 193 27 27 50 43 82 71
leaf_count=258 193 27 27 50 43 82 71
internal_value=-0.00093875 -3.04272e-05 -0.000386267 -0.000785878 -0.000244217 0.00137755 -0.000424838
internal_weight=751 493 466 439 389 196 153
internal_count=751 493 466 439 389 196 153
is_linear=0
shrinkage=0.05


Tree=63
num_leaves=8
num_cat=0
split_feature=3 8 13 3 13 5 12
split_gain=0.489718 0.403435 0.372097 0.339323 0.599341 0.264011 0.259314
threshold=0.013133649409504901 -0.029392290340519042 12.84500026702881 0.0033439553291454431 13.414999961853029 0.015559571068505132 0.001711050909807055
decision_type=2 10 2 2 2 2 2
left_child=1 -1 -3 4 -4 -5 -6
right_child=-2 2 3 5 6 -7 -8
leaf_value=-2.6051192410271349e-05 4.2076054252400995e-05 -0.0001407302083762281 0.00014475914694541073 -0.00038170107679430759 -0.00016986988103463529 6.5888618786261722e-05 1.0446493827317027e-06
leaf_weight=281 31 47 28 58 56 37 214
leaf_count=281 31 47 28 58 56 37 214
internal_value=-0.00147607 -0.00174064 -0.000795456 -0.000292622 0.000536912 -0.00289474 -0.000185186
internal_weight=752 721 440 393 298 95 270
internal_count=752 721 440 393 298 95 270
is_linear=0
shrinkage=0.05


Tree=64
num_leaves=8
num_cat=0
split_feature=8 5 16 16 0 14 4
split_gain=0.533128 0.419376 0.398194 0.768132 0.39619 0.347616 0.285223
threshold=-0.044092884911323731 0.01689366971179829 -0.020980244588524651 -0.039836208160089086 0.011680979411077154 -0.069744182185856193 0.022034380966884745
decision_type=10 2 2 2 2 2 2
left_child=5 2 3 -2 -3 -1 -4
right_child=1 4 6 -5 -6 -7 -8
leaf_value=6.6165622835116185e-07 -8.3187808495521713e-05 0.00020466583118649426 -2.7313207365967015e-06 9.0600999850882515e-05 -3.8858867532998224e-05 -6.56814678253255e-05 -0.00015539828242892839
leaf_weight=39 30 50 224 41 28 200 120
leaf_count=39 30 50 224 41 28 200 120
internal_value=-0.000969947 -3.04272e-05 -0.000662652 0.00274648 0.00333333 -0.00290795 -0.00136628
internal_weight=732 493 415 71 78 239 344
internal_count=732 493 415 71 78 239 344
is_linear=0
shrinkage=0.05


Tree=65
num_leaves=8
num_cat=0
split_feature=3 2 4 12 14 3 12
split_gain=0.518411 0.28295 0.392732 0.772947 0.489505 0.362422 0.344549
threshold=0.013133649409504901 -0.048619927341703943 0.025651745714876158 0.011040694977268452 0.023650626144740231 0.0043396349053327352 0.019260487188196843
decision_type=2 2 2 2 2 2 2
left_child=1 5 3 4 -3 -1 -5
right_child=-2 2 -4 6 -6 -7 -8
leaf_value=-0.00010338141086322765 0.00012081875924269785 0.00034227417258550594 -5.4591201779002693e-05 -0.0001051101142267196 4.364574797271386e-07 3.7869911843476844e-05 -8.2278138274409837e-06
leaf_weight=182 29 42 134 49 38 39 239
leaf_count=182 29 42 134 49 38 39 239
internal_value=-0.00121011 -0.00147303 -0.000816734 2.71727e-05 0.004375 -0.0029638 -0.00118056
internal_weight=752 723 502 368 80 221 288
internal_count=752 723 502 368 80 221 288
is_linear=0
shrinkage=0.05


Tree=66
num_leaves=8
num_cat=0
split_feature=4 2 4 9 1 13 9
split_gain=0.355978 0.437567 0.399244 0.549467 0.387467 0.425676 0.681119
threshold=0.040738179837759743 -0.048619927341703943 0.030319020173238457 -0.048284656977695732 -0.035067684899855504 13.414999961853029 0.18058884920417931
decision_type=2 2 2 8 2 2 8
left_child=1 -1 3 -3 -5 6 -6
right_child=-2 2 -4 4 5 -7 -8
leaf_value=-5.3534103947224078e-05 2.5588310887459751e-05 0.00028214286206436703 -8.8087100900790583e-05 0.00014792662244658895 9.9553286984567133e-05 -5.6477120062353703e-05 -0.00013262567422161705
leaf_weight=193 34 25 48 38 37 332 38
leaf_count=193 34 25 48 38 37 332 38
internal_value=-0.0011745 -0.0014135 -0.000656372 -0.000212767 -0.000617979 -0.0010688 0.00233333
internal_weight=745 711 518 470 445 407 75
internal_count=745 711 518 470 445 407 75
is_linear=0
shrinkage=0.05


Tree=67
num_leaves=8
num_cat=0
split_feature=8 13 10 2 2 1 2
split_gain=0.649401 0.546895 0.360013 0.503757 0.397665 0.566711 0.399663
threshold=-0.10706860625424995 21.954999923706058 0.0025359002095745047 0.0097508419783725059 0.042333751942518989 0.013330341090595168 0.079429064009514563
decision_type=8 2 2 2 2 2 2
left_child=1 -1 3 -2 5 -5 -6
right_child=2 -3 -4 4 6 -7 -8
leaf_value=0.00016178484599744394 -5.9875885224443469e-05 -1.524309484075676e-05 -8.1812507316847421e-05 0.00017050665371568248 -0.00029171917872939615 -0.00011595395062574479 2.5998718291239263e-05
leaf_weight=34 210 27 286 42 60 34 69
leaf_count=34 210 27 286 42 60 34 69
internal_value=-0.00093176 0.00401639 -0.00136234 -0.000421688 0.00134146 0.00421053 -0.000348838
internal_weight=762 61 701 415 205 76 129
internal_count=762 61 701 415 205 76 129
is_linear=0
shrinkage=0.05


Tree=68
num_leaves=8
num_cat=0
split_feature=4 2 2 16 7 12 6
split_gain=0.338821 0.375283 0.623195 0.553527 0.390802 0.51574 0.638903
threshold=0.018022620027546603 0.032140355325743893 0.042333751942518989 0.032058703486522074 -0.086603520486766158 0.028151180192127593 -0.18863882243022051
decision_type=2 2 2 2 2 2 2
left_child=-1 4 -3 -4 -2 -6 -7
right_child=1 2 3 -5 5 6 -8
leaf_value=-0.00010621095029839732 0.00025275920891033789 0.00026392213254386584 -3.6854030003980118e-05 0.00029167507762077751 -3.4341204324802177e-05 1.6743849012199949e-05 -0.00011939079126591307
leaf_weight=110 25 36 144 44 308 53 33
leaf_count=110 25 36 144 44 308 53 33
internal_value=-0.000617531 -0.00017885 0.00147321 0.000319148 -0.00106205 -0.0014467 0.00197674
internal_weight=753 643 224 188 419 394 86
internal_count=753 643 224 188 419 394 86
is_linear=0
shrinkage=0.05


Tree=69
num_leaves=8
num_cat=0
split_feature=12 13 15 10 1 2 13
split_gain=0.189955 0.318686 0.367997 0.613176 0.966698 0.516943 0.903762
threshold=-0.051373899775069835 20.500000000000004 -0.015077001988507919 -0.00038724572548481934 -0.038421236823915066 0.0097508419783725059 16.164999961853031
decision_type=2 2 2 2 2 2 2
left_child=-1 2 -2 4 -4 -6 -7
right_child=1 -3 3 -5 5 6 -8
leaf_value=4.0864166639544984e-05 -0.00011379765983651203 -0.00010494434909362014 0.00060857174558843932 -3.1706481896895534e-05 -8.465036910308929e-05 -4.6830937749129261e-05 0.0004844972129065764
leaf_weight=33 50 97 25 388 69 58 30
leaf_count=33 50 97 25 388 69 58 30
internal_value=-0.00113333 -0.00130405 -0.000887098 -0.000526317 0.00186813 0.000414012 0.00295454
internal_weight=750 717 620 570 182 157 88
internal_count=750 717 620 570 182 157 88
is_linear=0
shrinkage=0.05


Tree=70
num_leaves=8
num_cat=0
split_feature=14 9 0 4 6 13 0
split_gain=0.455492 0.432529 0.283831 0.239883 0.260638 0.256423 0.563962
threshold=-0.067583665573298909 0.020795680085427429 0.0083587567778714584 0.040425486989559355 2.9379851232463028 13.414999961853029 0.0061779520116203033
decision_type=2 10 2 2 2 2 2
left_child=1 2 -1 4 5 6 -2
right_child=3 -3 -4 -5 -6 -7 -8
leaf_value=2.415599322851441e-05 -2.248078125475074e-05 -7.5782153681954668e-05 -2.5419523019257546e-06 0.00015601433752771026 0.0015457430300847292 -7.6693336371273858e-05 8.0868966063989858e-05
leaf_weight=26 54 37 25 26 26 512 35
leaf_count=26 54 37 25 26 26 512 35
internal_value=-0.00155871 0.00181818 0.00480392 -0.00201378 -0.00220893 -0.00242097 5.61786e-05
internal_weight=741 88 51 653 627 601 89
internal_count=741 88 51 653 627 601 89
is_linear=0
shrinkage=0.05


Tree=71
num_leaves=8
num_cat=0
split_feature=8 8 7 15 4 15 6
split_gain=0.348611 0.941179 0.462815 0.348903 0.537149 0.695931 0.374863
threshold=0.097734875996146511 0.077575726406955328 -0.079102827075870782 -0.009245977367166645 0.018022620027546603 -0.0057967333552202951 1.8284458451606487
decision_type=8 10 2 2 2 2 2
left_child=1 2 -1 -4 -5 -6 -7
right_child=-2 -3 3 4 5 6 -8
leaf_value=0.0004221779183344852 -5.6019562200783554e-05 0.00020269601276477609 -7.5653104369517602e-05 -0.00016634691027765498 0.00031424542563359537 -1.3104940556034334e-05 0.0026628773935902985
leaf_weight=29 101 36 111 77 27 336 30
leaf_count=29 101 36 111 77 27 336 30
internal_value=-0.000783134 -0.000356038 -0.000819673 -0.00112737 -0.000531916 0.000216284 -0.000355192
internal_weight=747 646 610 581 470 393 366
internal_count=747 646 610 581 470 393 366
is_linear=0
shrinkage=0.05


Tree=72
num_leaves=8
num_cat=0
split_feature=9 14 13 9 9 1 2
split_gain=0.38086 0.757895 0.272052 0.520088 0.35213 0.538009 0.937621
threshold=-0.10053915724351851 -0.010794703163862494 13.414999961853029 0.18058884920417931 0.19831938914336714 -0.00092655511664319057 0.016707311926865923
decision_type=8 2 2 8 8 2 2
left_child=1 -1 3 -2 -4 6 -6
right_child=2 -3 4 -5 5 -7 -8
leaf_value=0.00024276856473951899 0.00010159518543739732 -0.00016671849520416213 -9.8772846334676829e-05 -8.0038704249752992e-05 -3.3491191249610246e-05 -4.9412299831407078e-05 2.2083574668852908e-05
leaf_weight=36 46 40 397 45 57 101 25
leaf_count=36 46 40 397 45 57 101 25
internal_value=-0.00111781 0.00223684 -0.00149777 0.00104395 -0.00189655 -8.19684e-05 0.00292683
internal_weight=747 76 671 91 580 183 82
internal_count=747 76 671 91 580 183 82
is_linear=0
shrinkage=0.05


Tree=73
num_leaves=8
num_cat=0
split_feature=4 16 1 9 4 15 3
split_gain=0.375589 0.406771 0.324066 0.409576 0.317417 0.377471 0.883722
threshold=0.019812433346035004 0.0045304602575880768 0.0091584380869892418 0.13349392397179485 0.03830021424258865 0.0012677310499032981 0.0022491989515959214
decision_type=2 2 2 8 2 2 2
left_child=2 -2 3 -1 5 6 -3
right_child=1 4 -4 -5 -6 -7 -8
leaf_value=-6.6813004340169417e-05 -1.5632728684787015e-05 -2.8406292773855993e-05 -0.00010441513459442573 1.7454163380388343e-05 0.00022854174631709072 -1.9848880298162588e-05 0.00068768028836969951
leaf_weight=79 265 54 98 36 27 162 25
leaf_count=79 265 54 98 36 27 162 25
internal_value=-0.0011126 -0.000403378 -0.00288733 -0.00108696 0.000970148 0.00039419 0.00322785
internal_weight=746 533 213 115 268 241 79
internal_count=746 533 213 115 268 241 79
is_linear=0
shrinkage=0.05


Tree=74
num_leaves=8
num_cat=0
split_feature=8 8 10 6 11 6 14
split_gain=0.420212 0.849329 0.341537 0.760804 0.682563 0.395615 0.544901
threshold=0.097734875996146511 0.077575726406955328 0.0086193665790624836 0.51599772604199468 0.014319946344864666 0.57608780155093664 -0.023978062109039463
decision_type=8 10 2 2 2 2 2
left_child=1 2 5 4 -4 -1 -7
right_child=-2 -3 3 -5 -6 6 -8
leaf_value=-3.1988237828121467e-05 -9.0436056316562158e-05 0.0002374126785135522 0.00013990852905296664 -8.4517977273990076e-05 -7.7549943078366606e-05 -0.00010369915105034702 0.0011437253838516871
leaf_weight=407 104 39 40 30 28 27 79
leaf_count=407 104 39 40 30 28 27 79
internal_value=-0.00108753 -0.000615386 -0.00107201 0.00163265 0.00455882 -0.0015887 0.00113207
internal_weight=754 650 611 98 68 513 106
internal_count=754 650 611 98 68 513 106
is_linear=0
shrinkage=0.05


Tree=75
num_leaves=8
num_cat=0
split_feature=3 2 4 3 4 15 11
split_gain=0.276 0.313969 0.31279 0.295903 0.430806 0.647435 0.403314
threshold=0.013133649409504901 -0.051517226428201383 0.019339435631373334 0.0061341316576234437 0.024430687518649762 0.0081649469345911347 0.0015109510563884323
decision_type=2 2 2 2 2 2 2
left_child=1 -1 -3 4 5 6 -4
right_child=-2 2 3 -5 -6 -7 -8
leaf_value=-4.9553952621057075e-05 7.9330324983394648e-05 -4.6893486311612778e-05 0.00013050075412040564 -0.00014534271320016992 -4.5785460527769622e-06 0.00015233723087921798 -0.00013487503519376504
leaf_weight=202 29 147 57 42 148 38 66
leaf_count=202 29 147 57 42 148 38 66
internal_value=-0.00115912 -0.00135714 -0.000682732 0.000128204 0.000663429 0.00245341 0.000691056
internal_weight=729 700 498 351 309 161 123
internal_count=729 700 498 351 309 161 123
is_linear=0
shrinkage=0.05


Tree=76
num_leaves=8
num_cat=0
split_feature=16 14 12 13 9 4 12
split_gain=0.296911 0.479029 0.781288 0.334062 0.672343 0.394412 0.304313
threshold=0.001871849379008639 0.047142331582309634 0.019647566703835165 19.295000076293949 -0.04978624842008033 0.029314720550084085 -0.040334954813934058
decision_type=2 2 2 2 8 2 2
left_child=6 3 -3 4 -2 -6 -1
right_child=1 2 -4 -5 5 -7 -8
leaf_value=1.2308670277204836e-05 0.00027937170222087194 0.00033215755748329349 -2.9966710988832252e-05 -0.00015861957247637642 -7.229045696136053e-05 0.00016391956880281103 -2.8020116742956654e-05
leaf_weight=35 43 26 29 44 254 26 294
leaf_count=35 43 26 29 44 254 26 294
internal_value=-0.00113848 -0.000260665 0.00409091 -0.000912808 -0.000356038 -0.00125 -0.00226444
internal_weight=751 422 55 367 323 280 329
internal_count=751 422 55 367 323 280 329
is_linear=0
shrinkage=0.05


Tree=77
num_leaves=8
num_cat=0
split_feature=3 7 13 2 12 12 1
split_gain=0.307185 0.219585 0.35833 0.969697 0.282177 0.509863 0.42359
threshold=0.013133649409504901 0.10128590960234408 13.050000190734865 0.032404329518524462 0.024994032932905811 0.018878621288125678 0.044617595318378729
decision_type=2 2 2 2 2 2 2
left_child=1 2 3 -1 5 6 -4
right_child=-2 -3 4 -5 -6 -7 -8
leaf_value=0.00010453928411364329 0.00010561185368329497 3.306738679169168e-06 -3.3967348049395967e-05 -6.2772369802200541e-05 -8.7483760647338047e-05 0.00012891280580450509 0.00021471313000654693
leaf_weight=30 28 33 328 25 236 45 27
leaf_count=30 28 33 328 25 236 45 27
internal_value=-0.00121011 -0.00140884 -0.00159913 0.00227273 -0.00193396 -0.001125 -0.00176056
internal_weight=752 724 691 55 636 400 355
internal_count=752 724 691 55 636 400 355
is_linear=0
shrinkage=0.05


Tree=78
num_leaves=8
num_cat=0
split_feature=3 11 11 3 3 2 12
split_gain=0.297309 0.425992 0.449069 0.315863 0.456769 0.746047 0.446491
threshold=0.013133649409504901 -0.0028065543471134653 -0.0012355564239704961 0.0067404493016351994 0.0014594137689630806 0.079429064009514563 0.017951128324421587
decision_type=2 2 2 2 2 2 2
left_child=1 -1 -3 4 5 -4 -6
right_child=-2 2 3 -5 6 -7 -8
leaf_value=-4.9439484857039431e-05 6.9871069060282919e-05 8.9758703025274772e-05 -6.1042777236563795e-05 -8.0138965135308964e-05 0.00032449302835180932 0.0002081570183003256 -2.1382492165239064e-05
leaf_weight=234 29 29 234 46 40 43 83
leaf_count=234 29 29 234 46 40 43 83
internal_value=-0.00134146 -0.00154443 -0.000684212 -0.00107623 -0.000625001 -0.0017509 0.00191057
internal_weight=738 709 475 446 400 277 123
internal_count=738 709 475 446 400 277 123
is_linear=0
shrinkage=0.05


end of trees

feature_importances:
ret_20d=60
dist_ma50=47
atr_pct=43
dist_ma200=41
ret_5d=36
vix_level=31
dvol_z_20=30
spy_ret_1d=30
sector_ret_5d=29
overnight_gap=28
dist_ma20=28
spy_ret_20d=28
parkinson_20=27
sector_ret_1d=26
ret_1d=25
vix_chg_1d=24
spy_ret_5d=20

parameters:
[boosting: gbdt]
[objective: quantile]
[metric: quantile]
[tree_learner: serial]
[device_type: cpu]
[data_sample_strategy: bagging]
[data: ]
[valid: ]
[num_iterations: 80]
[learning_rate: 0.05]
[num_leaves: 8]
[num_threads: 1]
[seed: 0]
[deterministic: 0]
[force_col_wise: 1]
[force_row_wise: 0]
[histogram_pool_size: -1]
[max_depth: -1]
[min_data_in_leaf: 25]
[min_sum_hessian_in_leaf: 0.001]
[bagging_fraction: 0.9]
[pos_bagging_fraction: 1]
[neg_bagging_fraction: 1]
[bagging_freq: 1]
[bagging_seed: 3]
[bagging_by_query: 0]
[feature_fraction: 0.9]
[feature_fraction_bynode: 1]
[feature_fraction_seed: 2]
[extra_trees: 0]
[extra_seed: 6]
[early_stopping_round: 0]
[early_stopping_min_delta: 0]
[first_metric_only: 0]
[max_delta_step: 0]
[lambda_l1: 0]
[lambda_l2: 0]
[linear_lambda: 0]
[min_gain_to_split: 0]
[drop_rate: 0.1]
[max_drop: 50]
[skip_drop: 0.5]
[xgboost_dart_mode: 0]
[uniform_drop: 0]
[drop_seed: 4]
[top_rate: 0.2]
[other_rate: 0.1]
[min_data_per_group: 100]
[max_cat_threshold: 32]
[cat_l2: 10]
[cat_smooth: 10]
[max_cat_to_onehot: 4]
[top_k: 20]
[monotone_constraints: ]
[monotone_constraints_method: basic]
[monotone_penalty: 0]
[feature_contri: ]
[forcedsplits_filename: ]
[refit_decay_rate: 0.9]
[cegb_tradeoff: 1]
[cegb_penalty_split: 0]
[cegb_penalty_feature_lazy: ]
[cegb_penalty_feature_coupled: ]
[path_smooth: 0]
[interaction_constraints: ]
[verbosity: -1]
[saved_feature_importance_type: 0]
[use_quantized_grad: 0]
[num_grad_quant_bins: 4]
[quant_train_renew_leaf: 0]
[stochastic_rounding: 1]
[linear_tree: 0]
[max_bin: 255]
[max_bin_by_feature: ]
[min_data_in_bin: 3]
[bin_construct_sample_cnt: 200000]
[data_random_seed: 1]
[is_enable_sparse: 1]
[enable_bundle: 1]
[use_missing: 1]
[zero_as_missing: 0]
[feature_pre_filter: 1]
[pre_partition: 0]
[two_round: 0]
[header: 0]
[label_column: ]
[weight_column: ]
[group_column: ]
[ignore_column: ]
[categorical_feature: ]
[forcedbins_filename: ]
[precise_float_parser: 0]
[parser_config_file: ]
[objective_seed: 5]
[num_class: 1]
[is_unbalance: 0]
[scale_pos_weight: 1]
[sigmoid: 1]
[boost_from_average: 1]
[reg_sqrt: 0]
[alpha: 0.9]
[fair_c: 1]
[poisson_max_delta_step: 0.7]
[tweedie_variance_power: 1.5]
[lambdarank_truncation_level: 30]
[lambdarank_norm: 1]
[label_gain: ]
[lambdarank_position_bias_regularization: 0]
[eval_at: ]
[multi_error_top_k: 1]
[auc_mu_weights: ]
[num_machines: 1]
[local_listen_port: 12400]
[time_out: 120]
[machine_list_filename: ]
[machines: ]
[gpu_platform_id: -1]
[gpu_device_id: -1]
[gpu_device_id_list: ]
[gpu_use_dp: 0]
[num_gpu: 1]

end of parameters

pandas_categorical:[]
