tree
version=v4
num_class=1
num_tree_per_iteration=1
label_index=0
max_feature_idx=16
objective=quantile
feature_names=ret_1d ret_5d ret_20d overnight_gap atr_pct parkinson_20 dvol_z_20 dist_ma20 dist_ma50 dist_ma200 spy_ret_1d spy_ret_5d spy_ret_20d vix_level vix_chg_1d sector_ret_1d sector_ret_5d
feature_infos=[-0.17378224734881653:0.067248544895947227] [-0.18845322725135616:0.10828260403717671] [-0.22217089468453333:0.15031543815925663] [-0.123831335856878:0.033872948179621609] [0.010843913203287252:0.044693024794354407] [0.0072750745078454526:0.023251376198421429] [-2.3264080533837208:4.2782034937179931] [-0.1874591923885256:0.08799503558092403] [-0.23043099215060348:0.15495347521840652] [-0.22981281507642171:0.27108978626835789] [-0.058542971330535654:0.10501930183911301] [-0.11496151859245618:0.082843162776128354] [-0.1226559005192206:0.15756591020035837] [11.859999656677246:52.330001831054688] [-0.35753873962348437:0.74039073966007019] [-0.05484528635308028:0.043465174951121455] [-0.079035639478724384:0.068782341876153064]
tree_sizes=852 851 855 847 852 855 862 859 860 861 854 867 870 862 863 850 859 860 859 862 867 851 860 859 859 862 862 851 855 863 861 856 849 864 860 860 848 846 862 841 854 850 847 847 857 865 852 867 856 862 858 857 871 858 846 859 864 863 865 867 872 864 849 859 859 852 846

Tree=0
num_leaves=8
num_cat=0
split_feature=3 3 15 3 7 12 12
split_gain=2.54238 3.6794 1.80207 2.17897 1.42613 1.93539 1.3712
threshold=0.0024379283972576497 0.001096112341701261 0.0058394157701893165 -0.00044651040294557681 -0.011906738441368135 0.024150461568972496 -0.016111251712643489
decision_type=2 2 2 2 2 2 2
left_child=1 2 3 6 -3 -6 -1
right_child=-2 4 -4 -5 5 -7 -8
leaf_value=0.00079699598136357959 0.0011049305030610412 0.00063218168797902759 0.0012005383556243031 0.0011048000364098699 0.0010586486314423382 0.00085070679197087886 0.001008051767712459
leaf_weight=40 229 29 73 101 41 36 201
leaf_count=40 229 29 73 101 41 36 201
internal_value=0.00089167 -0.00103834 0.00108524 -0.000436985 -0.00935235 -0.00579318 -0.00302064
internal_weight=750 521 415 342 106 77 241
internal_count=750 521 415 342 106 77 241
is_linear=0
shrinkage=1


Tree=1
num_leaves=8
num_cat=0
split_feature=0 1 3 16 9 9 11
split_gain=2.94053 1.99927 1.90351 1.83512 1.59835 2 1.57895
threshold=0.0036933827801560741 0.043337993526767822 0.0067215089474635956 0.012697241414037609 0.17266051923893713 0.03157326886245216 0.0013310128060490813
decision_type=2 2 2 2 10 8 2
left_child=2 4 3 -1 5 -2 -7
right_child=1 -3 -4 -5 -6 6 -8
leaf_value=-2.9395591991487893e-05 -8.7530342207173823e-05 -0.00012511355525930413 0.00019519959605531769 -0.00013677697119419464 -9.622362544178032e-05 3.7464774504769596e-05 0.00020960573601769283
leaf_weight=315 28 34 25 98 38 76 120
leaf_count=315 28 34 25 98 38 76 120
internal_value=0.00020436 0.00405405 -0.00239726 -0.00320823 0.00553435 0.00714286 0.00892857
internal_weight=734 296 438 413 262 224 196
internal_count=734 296 438 413 262 224 196
is_linear=0
shrinkage=0.05


Tree=2
num_leaves=8
num_cat=0
split_feature=13 3 1 0 5 7 6
split_gain=1.94272 1.84258 2.99057 2.61069 1.86932 2.1828 1.437
threshold=26.85000038146973 0.0063646313134358987 0.043337993526767822 0.0036933827801560741 0.0093358407828643686 -0.0036457959498691901 -0.2147910828497944
decision_type=2 2 2 2 2 2 2
left_child=1 2 3 -1 -5 -6 -7
right_child=-2 -3 -4 4 5 6 -8
leaf_value=-3.5231758592999542e-05 -0.00026923703368447608 0.00012527744114777307 -0.00023641438161575934 -0.00010068504754963215 -0.00010445713144508773 0.00024984916664834601 3.7867258579353806e-05
leaf_weight=401 26 71 37 30 45 73 66
leaf_count=401 26 71 37 30 45 73 66
internal_value=-3.33778e-05 0.000449516 -0.000383436 0.000447154 0.00490654 0.00679348 0.00989209
internal_weight=749 723 652 615 214 184 139
internal_count=749 723 652 615 214 184 139
is_linear=0
shrinkage=0.05


Tree=3
num_leaves=8
num_cat=0
split_feature=0 13 9 0 16 13 4
split_gain=2.12693 1.995 1.93603 1.64339 1.91255 1.81531 1.43429
threshold=0.0032840440786848783 12.88000011444092 0.03157326886245216 0.0050395729513204044 0.021687569677647404 20.500000000000004 0.016621315668675894
decision_type=2 2 8 2 2 2 2
left_child=1 -1 -2 -4 5 6 -5
right_child=2 -3 3 4 -6 -7 -8
leaf_value=-0.00016031516438670223 -0.00018629594801432178 -1.4304064596217356e-05 0.0002559505029857974 1.2164215220764161e-05 -0.00017789120564157203 -0.00011773612198685443 0.00022965776552518946
leaf_weight=34 32 402 42 59 32 35 107
leaf_count=34 32 402 42 59 32 35 107
internal_value=0.0006393 -0.0016055 0.00382736 0.00518182 0.00354077 0.00534826 0.00753012
internal_weight=743 436 307 275 233 201 166
internal_count=743 436 307 275 233 201 166
is_linear=0
shrinkage=0.05


Tree=4
num_leaves=8
num_cat=0
split_feature=0 4 15 13 6 14 7
split_gain=1.9345 2.53572 1.82031 1.56212 1.86793 1.67553 1.55254
threshold=0.0032840440786848783 0.020256190589413563 0.012759719073216493 21.82499980926514 1.3403279373020831 -0.05212825080923577 -0.030667057212032108
decision_type=2 2 2 2 2 2 2
left_child=1 6 3 4 5 -2 -1
right_child=2 -3 -4 -5 -6 -7 -8
leaf_value=-9.1002152974760972e-05 0.0001619438412963973 0.00010453169637858082 -5.9691520421629315e-05 -0.0001925043948950679 0.0004664710355571515 3.6854376182873233e-05 -4.3099973394964765e-05
leaf_weight=45 31 140 34 27 29 182 258
leaf_count=45 31 140 34 27 29 182 258
internal_value=0.000469169 -0.00163657 0.00354785 0.00492565 0.00619835 0.00457746 -0.00420792
internal_weight=746 443 303 269 242 213 303
internal_count=746 443 303 269 242 213 303
is_linear=0
shrinkage=0.05


Tree=5
num_leaves=8
num_cat=0
split_feature=5 14 0 10 14 14 12
split_gain=1.85818 3.03147 1.46381 1.52017 2.54895 2.9647 2.24274
threshold=0.0090407678836646778 -0.0066427814256201914 -0.021735103981695699 0.006255070263884722 0.028971532531295811 0.078404529959544514 0.043286848423385378
decision_type=2 2 2 2 2 2 2
left_child=1 -1 -2 4 -4 -6 -5
right_child=2 -3 3 6 5 -7 -8
leaf_value=-0.00015518928001190033 -0.00032580109594743589 3.6678984390139244e-05 -2.9212262870055388e-05 0.00019234757357728541 0.0001862868620605059 -3.8761116511773249e-05 -0.00010485834380322557
leaf_weight=44 27 52 305 113 89 74 33
leaf_count=44 27 52 305 113 89 74 33
internal_value=0.000237449 -0.00625 0.00120905 0.0017101 0.000320513 0.0053681 0.00616438
internal_weight=737 96 641 614 468 163 146
internal_count=737 96 641 614 468 163 146
is_linear=0
shrinkage=0.05


Tree=6
num_leaves=8
num_cat=0
split_feature=13 13 2 8 14 14 3
split_gain=1.53753 2.12062 1.87882 2.12452 2.6258 1.49088 1.88513
threshold=26.494999885559086 24.119999885559086 0.062987359100569421 0.046608024156344137 -0.035621573523768706 -0.0029443342389950384 0.003386976084696736
decision_type=2 2 2 8 2 2 2
left_child=1 2 3 5 -5 -1 -7
right_child=-2 -3 -4 4 -6 6 -8
leaf_value=-4.7973619092923746e-05 -0.00025743484316123708 0.00037831474434257806 8.9243488972527764e-05 0.00010089410189280786 -0.00020619343320767375 -8.2343885772490919e-06 0.00019607087566928728
leaf_weight=230 28 26 143 27 78 165 49
leaf_count=230 28 26 143 27 78 165 49
internal_value=-0.00100536 -0.000557103 -0.00108382 -0.00241348 -0.00880952 -0.000900901 0.0021028
internal_weight=746 718 692 549 105 444 214
internal_count=746 718 692 549 105 444 214
is_linear=0
shrinkage=0.05


Tree=7
num_leaves=8
num_cat=0
split_feature=10 0 6 0 4 12 3
split_gain=1.86801 1.70887 2.39721 1.92815 1.5452 1.58068 1.65608
threshold=0.015605159278572868 0.0032840440786848783 -0.55834227129170266 0.0055507219093808855 0.026390264007087546 0.049504532457416379 0.0051208337585872963
decision_type=2 2 2 2 2 2 2
left_child=1 4 -3 -4 5 6 -1
right_child=-2 2 3 -5 -6 -7 -8
leaf_value=-6.1751264957318359e-05 0.00024815952031008426 0.00018109581048434209 0.00011822662237373544 -1.9060723482109939e-05 0.00028711457305764337 -0.00018056362102148495 0.00018404267515140528
leaf_weight=321 25 68 39 179 34 53 26
leaf_count=321 25 68 39 179 34 53 26
internal_value=-0.000436242 -0.000902778 0.0020979 -0.000458716 -0.00288018 -0.00375 -0.00252161
internal_weight=745 720 286 218 434 400 347
internal_count=745 720 286 218 434 400 347
is_linear=0
shrinkage=0.05


Tree=8
num_leaves=8
num_cat=0
split_feature=0 4 0 4 0 4 6
split_gain=1.4661 1.30656 1.93481 1.82227 1.74575 1.95349 2.04443
threshold=-0.021735103981695699 0.02035652653187502 -0.0026856106157593369 0.023606759500599903 -0.0017857143333022127 0.019353521153124168 1.5674718370616358
decision_type=2 2 2 2 2 2 2
left_child=-1 2 -2 -3 -4 6 -6
right_child=1 3 4 -5 5 -7 -8
leaf_value=-0.00030127141437602545 -6.6410490594016647e-05 0.00019968162515850027 0.00014676067996882602 -1.2969610001382155e-05 5.1475126153238291e-07 -0.00022245255782602248 0.00042316545216101455
leaf_weight=26 154 106 29 111 285 28 25
leaf_count=26 154 106 29 111 285 28 25
internal_value=0.00013089 0.000542005 -0.000815739 0.00380184 0.00115804 0.000147929 0.00129032
internal_weight=764 738 521 217 367 338 310
internal_count=764 738 521 217 367 338 310
is_linear=0
shrinkage=0.05


Tree=9
num_leaves=8
num_cat=0
split_feature=13 3 3 3 0 9 8
split_gain=2.00097 1.37301 2.01468 2.19606 2.50901 2.45738 2.06439
threshold=12.555000305175783 0.0061147682033608772 0.00037416051592531479 0.0024379283972576497 0.0082021418728682755 0.16171429935314122 0.05859208230385516
decision_type=2 2 2 2 2 10 8
left_child=-1 2 -2 4 6 -5 -4
right_child=1 -3 3 5 -6 -7 -8
leaf_value=-0.00013449776478213879 3.1880147459566733e-05 0.00011574592767777455 -0.00011859337352967997 8.5673373038314409e-05 0.00023563396997595203 -0.0002571423768262272 -0.00015937452029995451
leaf_weight=32 354 83 78 110 26 28 33
leaf_count=32 354 83 78 110 26 28 33
internal_value=-0.000268817 0.000280899 -0.000516693 -0.00372727 -0.00821168 0.000724638 -0.0114865
internal_weight=744 712 629 275 137 138 111
internal_count=744 712 629 275 137 138 111
is_linear=0
shrinkage=0.05


Tree=10
num_leaves=8
num_cat=0
split_feature=0 1 3 9 5 2 16
split_gain=1.52215 2.39411 2.81965 2.16774 2.1155 1.6259 1.599
threshold=0.0036933827801560741 0.034302022096874281 0.0038541419563952188 0.03157326886245216 0.0090407678836646778 0.09507207541531372 0.012697241414037609
decision_type=2 2 2 8 2 2 2
left_child=5 3 -3 -2 -5 6 -1
right_child=1 2 -4 4 -6 -7 -8
leaf_value=-2.2015255196332601e-05 -0.00012481091377048145 -0.00022054774112593054 1.6736912675987117e-05 -0.00011267618406519388 0.00016147307408389752 0.00010825949183559967 -0.00011620147334873486
leaf_weight=333 25 28 31 27 182 29 94
leaf_count=333 25 28 31 27 182 29 94
internal_value=-0.000166889 0.00264505 -0.00635593 0.00491453 0.00657895 -0.00197368 -0.00275176
internal_weight=749 293 59 234 209 456 427
internal_count=749 293 59 234 209 456 427
is_linear=0
shrinkage=0.05


Tree=11
num_leaves=8
num_cat=0
split_feature=15 10 5 4 6 7 2
split_gain=1.60197 1.53968 1.83534 1.66667 1.38481 1.4125 1.63088
threshold=-0.00045291923674911633 0.0011530196642344228 0.0093950726545017731 0.014959130972476874 -0.87239497987557379 -0.031462986781474238 0.040576141340582413
decision_type=2 2 2 2 2 2 2
left_child=4 3 -3 -2 -1 -6 -7
right_child=1 2 -4 -5 5 6 -8
leaf_value=-0.00011976029098168932 0.00034982661565146922 -5.3624623439561274e-05 4.1255572411344612e-05 4.2891346617390585e-05 -0.00016460823201101219 7.5631141899628517e-05 -0.0001145164812408306
leaf_weight=40 27 47 214 108 55 161 95
leaf_count=40 27 47 214 108 55 161 95
internal_value=-3.34672e-05 0.00214646 -9.57854e-05 0.00648148 -0.00249288 -0.00136656 0.000195313
internal_weight=747 396 261 135 351 311 256
internal_count=747 396 261 135 351 311 256
is_linear=0
shrinkage=0.05


Tree=12
num_leaves=8
num_cat=0
split_feature=13 10 10 4 11 5 0
split_gain=1.36349 2.03075 1.92261 2.57858 1.61502 1.69666 1.2679
threshold=19.055000305175785 0.0055838034920830957 -0.00038724572548481934 0.021793903819891412 -0.0045813235582954906 0.0093950726545017731 0.012214968381281778
decision_type=2 2 2 2 2 2 2
left_child=2 -2 -1 4 -4 -6 -7
right_child=1 -3 3 -5 5 6 -8
leaf_value=0.00010353943420811319 -0.00018443954941560429 0.00010621082139328042 -0.00020870746886996299 0.00012488792486159745 -0.00010671602101046992 -2.4567150628385403e-05 0.00015660364232391745
leaf_weight=193 138 47 32 68 61 168 27
leaf_count=193 138 47 32 68 61 168 27
internal_value=-0.000476839 -0.00418919 0.000774135 -0.00140449 -0.00347222 -0.00214844 0.000128205
internal_weight=734 185 549 356 288 256 195
internal_count=734 185 549 356 288 256 195
is_linear=0
shrinkage=0.05


Tree=13
num_leaves=8
num_cat=0
split_feature=10 10 12 6 13 15 15
split_gain=1.19423 2.68791 2.02018 2.50767 1.90297 1.3585 2.01723
threshold=0.0055838034920830957 0.0039695003321817976 0.044995709916922373 -0.65638751673606011 13.13000011444092 0.00014435442766358444 0.0053675200269900367
decision_type=2 2 2 2 2 2 2
left_child=1 4 3 -2 -1 -6 -7
right_child=2 -3 -4 -5 5 6 -8
leaf_value=-0.0001184725638714189 -8.0250780985328843e-05 -0.00013007425833215446 -0.00012981001020885403 0.00013970908556079972 -9.4899610592073393e-06 0.00017079986365984301 -7.394485911935783e-05
leaf_weight=46 40 48 45 122 289 95 60
leaf_count=46 40 48 45 122 289 95 60
internal_value=3.3557e-05 -0.00120818 0.00326087 0.0058642 -0.000102041 0.000900901 0.00467742
internal_weight=745 538 207 162 490 444 155
internal_count=745 538 207 162 490 444 155
is_linear=0
shrinkage=0.05


Tree=14
num_leaves=8
num_cat=0
split_feature=16 15 16 11 2 16 7
split_gain=1.87601 1.9139 1.67038 2.36936 1.81177 1.57786 1.47982
threshold=-0.028017014135146286 -0.00034453394162675671 0.026587095470034353 0.030456438390909838 0.045303448248562146 -0.0054130821212927107 -0.021262847905660406
decision_type=2 2 2 2 2 2 2
left_child=-1 6 3 4 -3 -6 -2
right_child=1 2 -4 -5 5 -7 -8
leaf_value=0.00027608642930303744 -0.00025136377327683471 -1.3968731371587701e-05 -0.00012576643355687988 0.0002172933557480549 -4.6953907478877887e-05 0.00014187492174752258 -3.0748531492680641e-05
leaf_weight=42 67 204 35 25 28 72 246
leaf_count=42 67 204 35 25 28 72 246
internal_value=-0.000730181 -0.00136632 0.0010989 0.00220365 0.000986842 0.0065 -0.00423323
internal_weight=719 677 364 329 304 100 313
internal_count=719 677 364 329 304 100 313
is_linear=0
shrinkage=0.05


Tree=15
num_leaves=8
num_cat=0
split_feature=13 13 13 8 12 9 11
split_gain=1.49889 1.61851 1.63634 1.25159 1.79239 1.20589 1.83697
threshold=12.88000011444092 26.85000038146973 24.119999885559086 -0.054824711891496174 0.035909029638549812 0.16118220097955607 0.018972561057233887
decision_type=2 2 2 10 2 10 2
left_child=-1 2 3 4 -2 6 -5
right_child=1 -3 -4 5 -6 -7 -8
leaf_value=-0.00011647859631174672 -0.00026008587074394951 -0.00020574513939339308 0.0003348207873449175 6.0009183008830152e-06 3.1690929130571265e-05 -5.4470806104909561e-05 0.00013037344561476862
leaf_weight=50 31 27 25 398 41 101 70
leaf_count=50 31 27 25 398 41 101 70
internal_value=-0.0006393 -3.6075e-05 0.00045045 -3.90016e-05 -0.00625 0.000746924 0.00181624
internal_weight=743 693 666 641 72 569 468
internal_count=743 693 666 641 72 569 468
is_linear=0
shrinkage=0.05


Tree=16
num_leaves=8
num_cat=0
split_feature=14 2 6 0 14 1 15
split_gain=1.27555 1.51274 1.24588 2.289 1.50638 1.65898 1.72731
threshold=-0.05241984422658668 0.018540555223007796 -0.20876350997317347 0.0077166803294564943 -0.013287751267225366 -0.0023459066958727566 0.00014435442766358444
decision_type=2 2 2 2 2 2 2
left_child=1 -1 3 4 -2 -6 -7
right_child=2 -3 -4 -5 5 6 -8
leaf_value=-2.3949327465898104e-05 -0.00015000317518614606 0.00019263477328312212 -1.5169400015460929e-05 0.00020449621808101313 0.00011752031700509158 -0.0001052820341207053 8.0235097187954631e-05
leaf_weight=66 90 72 299 51 74 53 52
leaf_count=66 90 72 299 51 74 53 52
internal_value=0.000363276 0.00471014 -0.000605816 0.0015625 -0.00027881 0.0023743 -0.00166667
internal_weight=757 138 619 320 269 179 105
internal_count=757 138 619 320 269 179 105
is_linear=0
shrinkage=0.05


Tree=17
num_leaves=8
num_cat=0
split_feature=15 6 9 1 3 7 3
split_gain=1.68153 1.37859 1.49531 1.28025 2.58076 1.94527 1.75655
threshold=-0.0079512156105439585 0.33796527788424569 0.090428422754962115 0.031527911681936478 0.0038265379968319695 -0.017763980924464847 -0.0053194187770335124
decision_type=2 2 10 2 2 2 2
left_child=1 2 -1 5 -5 -2 -7
right_child=3 -3 -4 4 -6 6 -8
leaf_value=-0.0001332275821196073 -5.0803267097243047e-05 -0.00026245935183974439 0.00021028172158563601 -0.00012757107113988423 3.8332731805008266e-05 0.00016462786866664188 3.0563292001869114e-05
leaf_weight=39 137 39 32 53 36 27 383
leaf_count=39 137 39 32 53 36 27 383
internal_value=-0.000201072 -0.00590909 -0.00176056 0.000786164 -0.00477528 0.00169104 0.00341463
internal_weight=746 110 71 636 89 547 410
internal_count=746 110 71 636 89 547 410
is_linear=0
shrinkage=0.05


Tree=18
num_leaves=8
num_cat=0
split_feature=0 15 1 1 9 4 3
split_gain=1.23763 1.91054 2.04768 1.75067 1.9624 1.50947 1.34767
threshold=0.0032840440786848783 0.0089259826401779669 0.043337993526767822 -0.015572408912798872 0.16118220097955607 0.026390264007087546 -0.0032737732706521467
decision_type=2 2 2 2 10 2 2
left_child=5 2 3 -2 -5 6 -1
right_child=1 -3 -4 4 -6 -7 -8
leaf_value=1.4661375122099311e-05 -0.00022969139686875815 -8.4181600379481738e-05 -0.0001289950304959198 0.00018489599819405413 -7.8752714775519457e-06 0.0002819106971565023 -5.7708017867692742e-05
leaf_weight=87 26 69 29 150 39 36 317
leaf_count=87 26 69 29 150 39 36 317
internal_value=0.000232404 0.00263578 0.00471311 0.00639535 0.00806878 -0.00147727 -0.00235149
internal_weight=753 313 244 215 189 440 404
internal_count=753 313 244 215 189 440 404
is_linear=0
shrinkage=0.05


Tree=19
num_leaves=8
num_cat=0
split_feature=13 3 3 3 13 7 7
split_gain=1.90429 1.30891 2.60342 2.59478 1.97349 1.50624 2.21894
threshold=12.88000011444092 0.00037416051592531479 0.0024379283972576497 -0.00035977393357317084 16.98499965667725 -0.012652683461438828 0.013987775532991355
decision_type=2 2 2 2 2 2 2
left_child=-1 3 5 -2 -4 -3 -7
right_child=1 2 4 -5 -6 6 -8
leaf_value=-0.00012782170014744517 1.3200179997279404e-05 -0.00023096130935633966 8.5294281813515666e-05 0.00018642716615331655 -1.3772874151496873e-05 3.6700681523141216e-05 -9.9038785240566929e-05
leaf_weight=53 284 30 101 60 109 44 58
leaf_count=53 284 30 101 60 109 44 58
internal_value=0.000169147 0.000874636 -0.00131579 0.00305233 0.00214286 -0.00681818 -0.00392157
internal_weight=739 686 342 344 210 132 102
internal_count=739 686 342 344 210 132 102
is_linear=0
shrinkage=0.05


Tree=20
num_leaves=8
num_cat=0
split_feature=15 15 0 1 12 9 5
split_gain=1.40295 1.84803 1.6354 1.78235 1.57971 1.67109 1.47552
threshold=-0.00034453394162675671 -0.0013486156684179849 0.0028577309139494749 0.0073287358200164751 -0.019164268352129695 0.073021503250743094 0.0088553796006300908
decision_type=2 2 2 2 2 8 2
left_child=1 2 3 4 -1 -6 -2
right_child=6 -3 -4 -5 5 -7 -8
leaf_value=-0.00023041621827427197 -6.1691705760280895e-05 -0.00017672072327142591 0.00010768606443467836 -0.00014355687045619246 -0.0001646413192381364 0.00010608815359536104 4.1880459118596601e-05
leaf_weight=28 47 39 84 78 56 87 332
leaf_count=28 47 39 84 78 56 87 332
internal_value=0.000299601 -0.00188172 -0.000675676 -0.00271084 0.000146199 0.00227273 0.00244063
internal_weight=751 372 333 249 171 143 379
internal_count=751 372 333 249 171 143 379
is_linear=0
shrinkage=0.05


Tree=21
num_leaves=8
num_cat=0
split_feature=13 11 8 12 2 8 8
split_gain=1.18436 1.48112 1.82469 1.5 1.29076 1.63856 1.7249
threshold=26.494999885559086 -0.015853229563171863 0.040870657788029015 -0.017557998492747081 0.057358806361242805 0.014908389611353436 0.017995846728497526
decision_type=2 2 8 2 2 8 10
left_child=1 2 3 -1 5 -3 -7
right_child=-2 4 -4 -5 -6 6 -8
leaf_value=0.00011011217592413736 -0.00027192833653482296 9.4814455499586197e-06 -0.00019256007282176157 0.00029605136077006538 7.0897524854016838e-05 -0.00030889652178043675 -1.6642885525348538e-05
leaf_weight=27 26 252 29 27 151 36 200
leaf_count=27 26 252 29 27 151 36 200
internal_value=0.000868984 0.00124654 0.00753012 0.012963 0.00043036 -0.000819672 -0.00381356
internal_weight=748 722 83 54 639 488 236
internal_count=748 722 83 54 639 488 236
is_linear=0
shrinkage=0.05


Tree=22
num_leaves=8
num_cat=0
split_feature=13 4 16 10 2 14 7
split_gain=1.56647 2.5414 2.31353 2.15989 1.59885 1.44631 1.35053
threshold=19.055000305175785 0.026390264007087546 0.013110252496348231 0.0055838034920830957 0.062987359100569421 0.047142331582309634 -0.010501533969922259
decision_type=2 2 2 2 2 2 2
left_child=1 2 6 5 -4 -2 -1
right_child=3 -3 4 -5 -6 -7 -8
leaf_value=-1.9261794333797649e-05 -0.00020578557846996802 0.00042480085244664715 -0.00010461084121633229 6.0142012753057997e-05 2.1521548220064532e-05 -9.0304253863777325e-05 6.79042154064953e-05
leaf_weight=118 70 28 108 48 46 67 257
leaf_count=118 70 28 108 48 46 67 257
internal_value=6.73854e-05 0.00139138 0.000614367 -0.00391892 -0.00454545 -0.00711679 0.00273333
internal_weight=742 557 529 185 154 137 375
internal_count=742 557 529 185 154 137 375
is_linear=0
shrinkage=0.05


Tree=23
num_leaves=8
num_cat=0
split_feature=13 13 13 5 16 10 15
split_gain=1.35209 1.36893 1.5064 1.42954 1.57088 1.27615 2.10084
threshold=26.85000038146973 23.770000457763675 20.814999580383304 0.016885912090669915 0.030752577287106123 -0.00038724572548481934 -0.00071170777195989066
decision_type=2 2 2 2 2 2 2
left_child=1 2 3 4 5 6 -1
right_child=-2 -3 -4 -5 -6 -7 -8
leaf_value=1.2169088431441882e-06 -0.00014836995979636007 0.00027928025703986722 -0.00016083157442935183 0.00037931781546295069 -0.00025155249612475499 -8.469459180207527e-06 0.00012127737555709829
leaf_weight=141 25 32 50 30 26 360 87
leaf_count=141 25 32 50 30 26 360 87
internal_value=0.000432756 0.000826446 0.000360231 0.00100932 0.000488599 0.00102041 0.00394737
internal_weight=751 726 694 644 614 588 228
internal_count=751 726 694 644 614 588 228
is_linear=0
shrinkage=0.05


Tree=24
num_leaves=8
num_cat=0
split_feature=5 14 15 15 6 1 10
split_gain=1.27584 2.63866 1.32339 2.91027 1.65839 1.52381 1.45988
threshold=0.0088553796006300908 -0.0092544987085180757 -0.00045291923674911633 0.00058705957639493278 -0.59788009541616527 -0.0010675347758883345 0.0066242968396955657
decision_type=2 2 2 2 2 2 2
left_child=1 -1 6 -4 5 -5 -2
right_child=2 -3 3 4 -6 -7 -8
leaf_value=-0.00018584829073084986 -2.7913254682680424e-05 1.4537113930655701e-05 0.00038130156866865726 0.00016358742661823499 4.5163618973037733e-07 4.2680183502944331e-05 5.7558385074415456e-05
leaf_weight=36 294 49 27 28 227 56 32
leaf_count=36 294 49 27 28 227 56 32
internal_value=0.00076769 -0.005 0.00150602 0.00369822 0.00233119 0.00833333 -0.000766871
internal_weight=749 85 664 338 311 84 326
internal_count=749 85 664 338 311 84 326
is_linear=0
shrinkage=0.05


Tree=25
num_leaves=8
num_cat=0
split_feature=2 1 16 7 3 3 0
split_gain=1.22146 1.52317 2.59286 2.54478 1.42399 1.37552 1.78716
threshold=0.062987359100569421 -0.0023459066958727566 -0.0023654049836160924 -0.016895431300160687 0.0036405172511296828 -0.0037862329667858736 -0.0026404099402234089
decision_type=2 2 2 2 2 2 2
left_child=1 2 4 -4 5 -1 -7
right_child=-2 -3 3 -5 -6 6 -8
leaf_value=7.5931766754619976e-05 3.01244009895617e-05 -3.446208746630576e-05 -8.1514425994603074e-07 0.00018808277891852138 5.762233641400034e-05 -0.00024264014492017972 3.7338504639118308e-05
leaf_weight=38 160 317 49 63 34 55 41
leaf_count=38 160 317 49 63 34 55 41
internal_value=0.000495376 -0.000544389 0.00214286 0.00803571 -0.00178571 -0.00410448 -0.00729167
internal_weight=757 597 280 112 168 134 96
internal_count=757 597 280 112 168 134 96
is_linear=0
shrinkage=0.05


Tree=26
num_leaves=8
num_cat=0
split_feature=4 15 15 1 4 4 5
split_gain=1.06348 1.71709 1.5052 1.34126 1.27384 1.79934 1.71813
threshold=0.025249925628199433 -0.010118577263932003 -0.012165733741092586 -0.00081772717699607467 0.023664530630917526 0.021073397768188538 0.012861872236872889
decision_type=2 2 2 2 2 2 2
left_child=1 2 -1 -2 5 6 -3
right_child=3 4 -4 -5 -6 -7 -8
leaf_value=-3.6328966287106518e-05 0.00037179892580685236 4.3423109831598144e-06 -0.00029544260330288457 -1.5186350794633311e-05 -0.00020204777907602105 0.00019466322110887074 -8.6437283769059221e-05
leaf_weight=32 36 450 27 43 30 66 53
leaf_count=32 36 450 27 43 30 66 53
internal_value=-0.000101764 -0.000759878 -0.00889831 0.00537975 4.17362e-05 0.000571178 -0.000447316
internal_weight=737 658 59 79 599 569 503
internal_count=737 658 59 79 599 569 503
is_linear=0
shrinkage=0.05


Tree=27
num_leaves=8
num_cat=0
split_feature=15 4 9 5 12 4 4
split_gain=1.92345 1.01561 1.71697 1.48948 1.42836 1.40948 1.35908
threshold=0.016565771977716252 0.024922911792172753 0.12710473947735337 0.01327817265636951 0.049504532457416379 0.016621315668675894 0.021613332337649217
decision_type=2 2 10 2 2 2 2
left_child=1 3 -3 4 6 -6 -1
right_child=-2 2 -4 -5 5 -7 -8
leaf_value=6.4274262148978525e-06 -0.0002276373645874122 0.0002773988969011929 -4.3520066376596605e-05 -0.00011582657763685085 -0.00012573911966647154 5.6073323424404032e-06 0.00022074168171464089
leaf_weight=464 26 46 32 95 26 27 33
leaf_count=464 26 46 32 95 26 27 33
internal_value=-0.000100134 0.00038036 0.00576923 -0.000271318 0.000727273 -0.00707547 0.00155936
internal_weight=749 723 78 645 550 53 497
internal_count=749 723 78 645 550 53 497
is_linear=0
shrinkage=0.05


Tree=28
num_leaves=8
num_cat=0
split_feature=13 13 1 7 3 3 11
split_gain=1.00901 1.51639 0.89683 2.21475 1.87786 2.57459 0.859493
threshold=26.85000038146973 24.119999885559086 0.034302022096874281 0.042040257735876503 0.0055507765747317981 -0.00028531531267433902 -0.01634028611874094
decision_type=2 2 2 2 2 2 2
left_child=1 2 3 6 5 -4 -1
right_child=-2 -3 4 -5 -6 -7 -8
leaf_value=9.1785574039322969e-05 -0.00016887137278595203 0.00030892229617393644 7.4342472878842287e-06 0.0001965306851336864 0.00013740868008220536 -0.00011217588814237589 -9.6105394807017471e-06
leaf_weight=57 26 27 27 39 25 39 524
leaf_count=57 26 27 27 39 25 39 524
internal_value=6.5445e-05 0.000406504 -3.51617e-05 0.000645161 -0.00467033 -0.00909091 -0.000129088
internal_weight=764 738 711 620 91 66 581
internal_count=764 738 711 620 91 66 581
is_linear=0
shrinkage=0.05


Tree=29
num_leaves=8
num_cat=0
split_feature=0 13 3 3 3 0 0
split_gain=1.57298 1.56083 1.60838 3.46746 2.31985 1.45919 1.77639
threshold=-0.021735103981695699 12.88000011444092 0.00037416051592531479 0.0024256564751007352 -0.00035977393357317084 0.0080818475506296856 -0.00013708610264107077
decision_type=2 2 2 2 2 2 2
left_child=-1 -2 4 5 -3 6 -4
right_child=1 2 3 -5 -6 -7 -8
leaf_value=-0.00028251972711315355 -0.00010051959819093411 1.565596618940349e-05 -0.00010723582256846636 4.548134631465088e-05 0.00017050678516987306 8.2557326119679495e-05 -0.00018317979197330725
leaf_weight=29 45 264 59 210 55 27 43
leaf_count=29 45 264 59 210 55 27 43
internal_value=0.000204918 0.000675676 0.00129179 -0.00110619 0.00384013 -0.00755814 -0.0102941
internal_weight=732 703 658 339 319 129 102
internal_count=732 703 658 339 319 129 102
is_linear=0
shrinkage=0.05


Tree=30
num_leaves=8
num_cat=0
split_feature=0 15 2 12 9 0 11
split_gain=1.19406 1.30227 0.997049 1.84981 1.07872 1.22025 2.15958
threshold=-0.021735103981695699 0.012244011076291585 0.08916872704568303 0.014776442004869829 -0.031027753522366083 0.0072021156889274804 -0.0048868737012288657
decision_type=2 2 2 2 8 2 2
left_child=-1 2 4 -4 -2 -6 -7
right_child=1 -3 3 -5 5 6 -8
leaf_value=-0.00026839374075749589 0.00018012650035350216 -8.8834140936395242e-05 0.00015193756500439992 1.7404616763183363e-05 -1.1364510620037403e-05 -6.7852606668312022e-05 0.00012826417876236258
leaf_weight=27 27 46 26 45 435 37 95
leaf_count=27 27 46 26 45 435 37 95
internal_value=0.000135501 0.000527426 0.00109023 0.00669014 0.000420875 -4.40917e-05 0.00416667
internal_weight=738 711 665 71 594 567 132
internal_count=738 711 665 71 594 567 132
is_linear=0
shrinkage=0.05


Tree=31
num_leaves=8
num_cat=0
split_feature=13 10 2 0 4 1 7
split_gain=1.04962 1.98682 1.50301 1.44637 1.5992 1.3407 1.36609
threshold=18.335000038146976 0.00074647751592549227 0.061213351473810802 0.0010264101585064635 0.019097102391801488 -0.00081772717699607467 -0.010501533969922259
decision_type=2 2 2 2 2 2 2
left_child=1 2 3 5 -5 6 -1
right_child=-2 -3 -4 4 -6 -7 -8
leaf_value=-2.3398337923498447e-05 -1.6331658740205142e-05 -6.3184468021601711e-06 0.00011918518025111811 0.00017045958659417246 -1.1696298977727617e-05 -0.00012335255785834756 0.00020281694665020232
leaf_weight=41 234 277 43 46 29 43 25
leaf_count=41 234 277 43 46 29 43 25
internal_value=0.000203252 0.0014881 0.00495595 0.00298913 0.00833333 -0.000688073 0.00378788
internal_weight=738 504 227 184 75 109 66
internal_count=738 504 227 184 75 109 66
is_linear=0
shrinkage=0.05


Tree=32
num_leaves=8
num_cat=0
split_feature=8 8 3 15 13 11 14
split_gain=1.21754 2.4811 1.18596 1.18196 2.99126 2.34053 1.59031
threshold=0.063468975976926925 0.059309811919816664 1.0000000180025095e-35 -0.0083349240474520619 17.605000495910648 -0.01634028611874094 -0.096084571305829466
decision_type=10 8 2 2 2 2 2
left_child=1 3 -2 4 -1 -5 -7
right_child=2 -3 -4 5 -6 6 -8
leaf_value=5.7680309881520092e-05 0.0001323241460682167 -0.00020044725981192818 1.5404847746541643e-06 0.00012869669796591347 -0.00025520405767981555 -0.00017313665450353197 4.2357037383593865e-06
leaf_weight=42 51 49 93 53 38 27 398
leaf_count=42 51 49 93 53 38 27 398
internal_value=3.32889e-05 -0.000947282 0.00416667 0 -0.005625 0.000941423 -0.000294118
internal_weight=751 607 144 558 80 478 425
internal_count=751 607 144 558 80 478 425
is_linear=0
shrinkage=0.05


Tree=33
num_leaves=8
num_cat=0
split_feature=8 14 15 11 4 10 1
split_gain=1.33331 1.26444 1.53697 1.9919 2.31779 1.28344 2.98153
threshold=0.11927995213453259 0.030785511680663128 -0.0087249409952176431 -0.015644721758425569 0.020545909398776454 0.0055838034920830957 0.037146033352907344
decision_type=8 2 2 2 2 2 2
left_child=1 5 -3 -4 -5 6 -1
right_child=-2 2 3 4 -6 -7 -8
leaf_value=-6.1132689419214197e-06 -0.00017787019060809837 -4.8406571900232002e-05 0.00032550300425538867 -3.5869500724893088e-06 0.00025928726139573402 2.0514713093485398e-05 -0.00011319729221323052
leaf_weight=289 36 52 32 84 30 186 39
leaf_count=289 36 52 32 84 30 186 39
internal_value=-0.000334225 0.000140449 0.00353535 0.00616438 0.00307018 -0.00116732 -0.00304878
internal_weight=748 712 198 146 114 514 328
internal_count=748 712 198 146 114 514 328
is_linear=0
shrinkage=0.05


Tree=34
num_leaves=8
num_cat=0
split_feature=12 7 10 10 14 9 7
split_gain=1.11198 2.2695 1.61072 2.91615 2.29602 1.93861 2.98013
threshold=0.049504532457416379 0.019363653885802749 0.0055838034920830957 0.0010681623083543814 0.0012326341754252958 0.16380739176505979 0.021499047928422391
decision_type=2 2 2 2 2 8 2
left_child=2 -2 3 -1 -5 6 -4
right_child=1 -3 5 4 -6 -7 -8
leaf_value=1.5590766018970211e-05 6.8692647080809265e-07 -0.00012095712138623134 2.7423418383527193e-05 -0.0001523625533127846 0.00015126425690054835 -1.9052240472798578e-05 0.00026056160641338568
leaf_weight=339 64 30 79 110 34 62 31
leaf_count=339 64 30 79 110 34 62 31
internal_value=-0.000233645 -0.00531915 0.000496183 -0.000983437 -0.00694444 0.00465116 0.00863636
internal_weight=749 94 655 483 144 172 110
internal_count=749 94 655 483 144 172 110
is_linear=0
shrinkage=0.05


Tree=35
num_leaves=8
num_cat=0
split_feature=13 13 2 8 3 9 12
split_gain=0.989061 1.43477 1.25941 2.2489 2.17097 1.86844 1.54692
threshold=26.85000038146973 24.119999885559086 0.062987359100569421 0.036608145157404744 0.00098314543702982004 0.13678612520637015 0.020229824127922073
decision_type=2 2 2 8 2 10 2
left_child=1 2 3 5 6 -1 -5
right_child=-2 -3 -4 4 -6 -7 -8
leaf_value=1.5055277652331801e-05 -0.00010129161326179831 0.00028360154118838075 2.1690616859185033e-05 -9.1130616605113082e-05 -0.00011327226991327761 -0.00011712539802879248 9.2902526840687449e-05
leaf_weight=340 26 29 141 34 78 55 50
leaf_count=340 26 29 141 34 78 55 50
internal_value=-3.32005e-05 0.000309491 -0.000143266 -0.00121185 -0.00617284 0.000822785 -0.000595238
internal_weight=753 727 698 557 162 395 84
internal_count=753 727 698 557 162 395 84
is_linear=0
shrinkage=0.05


Tree=36
num_leaves=8
num_cat=0
split_feature=13 12 15 10 4 1 7
split_gain=1.34441 1.46463 1.98495 1.30503 1.23563 1.04004 1.03623
threshold=26.85000038146973 -0.030100055327360094 0.0089259826401779669 0.0023442869650027735 0.025249925628199433 0.018741859789496721 0.042040257735876503
decision_type=2 2 2 2 2 2 2
left_child=1 3 4 -1 6 -4 -3
right_child=-2 2 5 -5 -6 -7 -8
leaf_value=5.2075034501994535e-06 -0.00015959788991479868 -2.7738517448941726e-06 -0.0002136477096221729 0.00036574518233353906 0.00015303201640459721 -1.2226503549611569e-06 5.3623625266312228e-05
leaf_weight=39 25 470 44 28 49 33 62
leaf_count=39 25 470 44 28 49 33 62
internal_value=0.0004 0.000793103 7.59878e-05 0.00783582 0.00107573 -0.00746753 0.00037594
internal_weight=750 725 658 67 581 77 532
internal_count=750 725 658 67 581 77 532
is_linear=0
shrinkage=0.05


Tree=37
num_leaves=8
num_cat=0
split_feature=9 8 10 15 13 0 1
split_gain=1.27532 1.35042 1.5194 2.51618 2.14142 1.36849 1.93527
threshold=0.010391710751777363 0.11927995213453259 -0.00038724572548481934 -0.0083349240474520619 17.224999427795414 -0.0069147969966709124 0.031527911681936478
decision_type=8 8 2 2 2 2 2
left_child=-1 2 3 4 -2 -5 -7
right_child=1 -3 -4 5 -6 6 -8
leaf_value=-6.757752222722958e-05 0.00015029974253417741 -0.00014085551418863604 -2.1567893726876906e-06 -3.5601593465607488e-05 -0.0001715689095997777 0.00012542580559075567 -3.4949035759971477e-06
leaf_weight=79 25 39 389 31 38 128 29
leaf_count=79 25 39 389 31 38 128 29
internal_value=0 0.000699558 0.00125 0.00428287 -0.00436508 0.00718085 0.00907643
internal_weight=758 679 640 251 63 188 157
internal_count=758 679 640 251 63 188 157
is_linear=0
shrinkage=0.05


Tree=38
num_leaves=8
num_cat=0
split_feature=9 4 6 10 10 12 0
split_gain=0.90298 1.24992 1.62418 1.24391 1.59772 1.63987 1.42527
threshold=0.033726491306666946 0.015627114157206325 -0.56622269033753836 -0.0086987636486000035 -0.0019499726080666744 -0.025750753581570359 0.012214968381281778
decision_type=8 2 2 2 2 2 2
left_child=1 -1 -3 -2 -5 -6 -7
right_child=3 2 -4 4 5 6 -8
leaf_value=4.6354015402139291e-05 -8.334432577700236e-05 -0.000107945285358014 -9.7994309640002519e-05 9.2542942732536088e-05 0.00015507816228865485 -9.8703188618474267e-06 0.00010620143183334497
leaf_weight=30 71 26 62 135 47 327 50
leaf_count=30 71 26 62 135 47 327 50
internal_value=0.000200535 -0.00381356 -0.00681818 0.000952381 0.00174419 0.000235849 -0.000862069
internal_weight=748 118 88 630 559 424 377
internal_count=748 118 88 630 559 424 377
is_linear=0
shrinkage=0.05


Tree=39
num_leaves=8
num_cat=0
split_feature=2 8 13 4 5 5 13
split_gain=1.10651 1.22426 1.09337 1.2942 0.998305 1.79859 1.62
threshold=0.077173675081860918 0.07928864092736311 14.059999942779543 0.020072093089887586 0.01677639954001571 0.013392359408522183 19.115000724792484
decision_type=2 8 2 2 2 2 2
left_child=1 4 -2 -4 5 -1 -6
right_child=2 -3 3 -5 6 -7 -8
leaf_value=-1.4291879945374205e-09 -5.9089306035524989e-05 -0.00016640571017609309 7.8020005650090166e-05 -3.5459739168654888e-06 0.00033992632199970711 -0.00011898314302743656 -4.9779052101178907e-05
leaf_weight=447 25 37 50 33 25 95 25
leaf_count=447 25 37 50 33 25 95 25
internal_value=-0.00050882 -0.00131161 0.00416667 0.00692771 -0.000760135 -0.00138376 0.006
internal_weight=737 629 108 83 592 542 50
internal_count=737 629 108 83 592 542 50
is_linear=0
shrinkage=0.05


Tree=40
num_leaves=8
num_cat=0
split_feature=8 8 7 0 4 11 14
split_gain=1.39157 2.66452 1.72053 1.2684 1.26498 1.04095 2.93113
threshold=0.063468975976926925 0.053296787316063028 0.048864628019770324 0.0084070228886905535 0.020545909398776454 0.0019507060207528684 0.03328086000020148
decision_type=10 8 2 2 2 2 2
left_child=1 5 4 -4 -2 6 -1
right_child=2 -3 3 -5 -6 -7 -8
leaf_value=-4.984149304792005e-05 5.3451127539482644e-05 -0.00013368115037830762 5.0419149487997792e-05 -0.00016530679384343082 0.00012756550369163216 9.5422389323990763e-06 6.6107347980596048e-05
leaf_weight=147 64 76 27 25 27 301 83
leaf_count=147 64 76 27 25 27 301 83
internal_value=-6.66667e-05 -0.00111203 0.00437063 -0.00288462 0.00851648 0.000141243 -0.0023913
internal_weight=750 607 143 52 91 531 230
internal_count=750 607 143 52 91 531 230
is_linear=0
shrinkage=0.05


Tree=41
num_leaves=8
num_cat=0
split_feature=13 4 11 5 5 4 0
split_gain=1.32148 1.53631 2.3732 2.62175 1.94673 1.81918 2.79231
threshold=19.055000305175785 0.016621315668675894 0.018027346802980907 0.010500910392043329 0.0092818677354742623 0.017611359987193962 0.0038347708000173735
decision_type=2 2 2 2 2 2 2
left_child=1 2 3 4 -1 6 -3
right_child=-2 5 -4 -5 -6 -7 -8
leaf_value=-8.0363179094431847e-06 -5.2841042268421122e-05 5.2438127987544774e-06 -0.00010361278049286628 -0.00014261647736979805 8.4730575331443345e-05 4.584689397099024e-06 0.00021216486847961866
leaf_weight=89 191 39 31 41 59 276 26
leaf_count=89 191 39 31 41 59 276 26
internal_value=-0.000465426 0.000757576 -0.0025 -0.000396825 0.0027027 0.00285924 0.0103846
internal_weight=752 561 220 189 148 341 65
internal_count=752 561 220 189 148 341 65
is_linear=0
shrinkage=0.05


Tree=42
num_leaves=8
num_cat=0
split_feature=1 3 4 13 8 5 9
split_gain=1.03495 2.58319 1.365 1.9488 1.26061 1.49643 1.69539
threshold=0.031527911681936478 0.0032833936329463857 0.024922911792172753 19.214999198913578 0.076141906863031697 0.013461980052945679 0.11185913516811298
decision_type=2 2 2 2 10 2 10
left_child=2 -2 4 -4 5 -1 -7
right_child=1 -3 3 -5 -6 6 -8
leaf_value=2.5576725537442871e-07 -9.9726841697636624e-05 5.1318890258457745e-05 0.00026181793784517507 -7.6239678759610868e-05 0.00012932285967798084 -0.00024963366068876837 -2.394457165008839e-05
leaf_weight=459 62 46 39 36 44 33 34
leaf_count=459 62 46 39 36 44 33 34
internal_value=-9.96016e-05 -0.00462963 0.000658915 0.007 -0.000175439 -0.000855513 -0.00783582
internal_weight=753 108 645 75 570 526 67
internal_count=753 108 645 75 570 526 67
is_linear=0
shrinkage=0.05


Tree=43
num_leaves=8
num_cat=0
split_feature=9 4 8 1 6 0 4
split_gain=1.01657 2.64078 1.51339 1.02286 2.0373 1.3971 2.33463
threshold=0.029460439923560403 0.017839430096022322 -0.074643278499898977 -0.0020157551850704665 1.6137314726422483 -0.0050104182038694369 0.019582682471091344
decision_type=8 2 10 2 2 2 2
left_child=1 -1 -3 5 -5 6 -2
right_child=3 2 -4 4 -6 -7 -8
leaf_value=2.6193262201002594e-05 -9.2356359482672533e-05 -5.7950338474010837e-06 -0.0001683959415591618 -8.9455559984133828e-06 0.00015385319658171065 6.1804623696793884e-05 0.0001414103746177091
leaf_weight=37 62 28 38 366 35 134 46
leaf_count=37 62 28 38 366 35 134 46
internal_value=0 -0.00461165 -0.0106061 0.000738725 -0.000810474 0.00330579 -0.000925926
internal_weight=746 103 66 643 401 242 108
internal_count=746 103 66 643 401 242 108
is_linear=0
shrinkage=0.05


Tree=44
num_leaves=8
num_cat=0
split_feature=0 13 14 14 11 3 3
split_gain=0.95617 1.83398 2.00455 1.63636 1.55175 1.28086 2.9722
threshold=0.0077166803294564943 20.714999198913578 0.021982133330242685 -0.01013918808565367 0.0044457003054257935 0.00037416051592531479 0.0024256564751007352
decision_type=2 2 2 2 2 2 2
left_child=5 2 3 4 -2 -1 -7
right_child=1 -3 -4 -5 -6 6 -8
leaf_value=9.9350196457322801e-06 -7.6731464225785763e-05 -8.3298105870536175e-05 0.00022229234967908012 -0.00011288981240652592 0.00019118228416691442 -9.4187218982117254e-05 1.7339746141330485e-05
leaf_weight=300 25 33 45 33 41 113 150
leaf_count=300 25 33 45 33 41 113 150
internal_value=0.000608108 0.00381356 0.00625 0.00227273 0.00681818 -0.000399645 -0.00294677
internal_weight=740 177 144 99 66 563 263
internal_count=740 177 144 99 66 563 263
is_linear=0
shrinkage=0.05


Tree=45
num_leaves=8
num_cat=0
split_feature=1 3 3 0 1 16 11
split_gain=0.947824 2.32111 2.14297 0.873011 0.907266 2.2654 1.92519
threshold=0.035456309921362068 0.0055507765747317981 -0.00013011218896802343 -0.021735103981695699 -0.0020157551850704665 -0.0023654049836160924 0.016424352534066825
decision_type=2 2 2 2 2 2 2
left_child=3 2 -2 -1 5 -5 -7
right_child=1 -3 -4 4 -6 6 -8
leaf_value=-0.00017228565957224916 2.5152549783415294e-06 0.00014101947766476019 -9.5309111128928981e-05 -3.5262233848927354e-06 -3.7015952172437627e-06 0.00013567115373469262 -1.0787082377021056e-05
leaf_weight=29 25 28 36 165 352 79 32
leaf_count=29 25 28 36 165 352 79 32
internal_value=6.70241e-05 -0.00477528 -0.0102459 0.000722983 0.00111465 0.00326087 0.00878378
internal_weight=746 89 61 657 628 276 111
internal_count=746 89 61 657 628 276 111
is_linear=0
shrinkage=0.05


Tree=46
num_leaves=8
num_cat=0
split_feature=15 8 8 16 14 0 10
split_gain=1.62341 1.17744 1.98131 1.65004 1.63915 2.41482 1.73052
threshold=0.016565771977716252 0.063468975976926925 0.057538017839867679 0.01724024069930952 0.012431899030548645 -0.002287320510403756 0.0066242968396955657
decision_type=2 10 8 2 2 2 2
left_child=1 2 4 -3 6 -6 -1
right_child=-2 3 -4 -5 5 -7 -8
leaf_value=-4.8653830524760174e-05 -0.00020149194838736938 1.7815129717649983e-05 -0.00011183655920476618 8.918003245724266e-05 -4.7340989921548133e-05 0.00015968094981318808 5.0267631674708178e-05
leaf_weight=224 27 100 55 33 86 114 109
leaf_count=224 27 100 55 33 86 114 109
internal_value=0 0.000450763 -0.000510204 0.00469925 0.000422139 0.004 -0.00172673
internal_weight=748 721 588 133 533 200 333
internal_count=748 721 588 133 533 200 333
is_linear=0
shrinkage=0.05


Tree=47
num_leaves=8
num_cat=0
split_feature=16 8 9 13 10 16 16
split_gain=1.6333 1.16435 1.52095 1.56443 2.1274 1.89297 1.78312
threshold=-0.031382293745963623 0.074511062538664588 0.16193759715699932 18.214999198913578 0.0070711617460903495 -0.00024555514352103675 0.013110252496348231
decision_type=2 10 10 2 2 2 2
left_child=-1 2 3 6 5 -5 -2
right_child=1 -3 -4 4 -6 -7 -8
leaf_value=0.00034859157528541412 1.4758148606292075e-05 4.8385556633046396e-05 -7.5614693294809201e-05 -0.00016680179177591507 4.8836197457499927e-05 1.0398251975996767e-06 -2.6072714311181829e-05
leaf_weight=27 284 85 49 82 37 52 123
leaf_count=27 284 85 49 82 37 52 123
internal_value=-3.38295e-05 -0.000491573 -0.00123604 -0.000519031 -0.00453216 -0.00746269 0.00116708
internal_weight=739 712 627 578 171 134 407
internal_count=739 712 627 578 171 134 407
is_linear=0
shrinkage=0.05


Tree=48
num_leaves=8
num_cat=0
split_feature=13 2 3 1 11 7 4
split_gain=1.26774 1.36444 1.44163 1.12734 0.979403 1.58103 1.47309
threshold=26.85000038146973 0.062987359100569421 1.0000000180025095e-35 0.03254023671859841 0.013766763160974362 -0.0045499856638356309 0.017516934876707614
decision_type=2 2 2 2 2 2 2
left_child=1 3 -3 4 -1 -6 -7
right_child=-2 2 -4 -5 5 6 -8
leaf_value=5.6856532195578325e-06 -0.00011385068008356806 6.1951733257012458e-05 1.9719205456765392e-06 -8.106469792792961e-05 -0.00018167885886833903 -7.1367018066013905e-05 0.0001608338109064681
leaf_weight=377 25 57 91 59 54 25 52
leaf_count=377 25 57 91 59 54 25 52
internal_value=6.75676e-05 0.000454545 0.00472973 -0.000661376 9.84252e-05 -0.00362595 0.000974026
internal_weight=740 715 148 567 508 131 77
internal_count=740 715 148 567 508 131 77
is_linear=0
shrinkage=0.05


Tree=49
num_leaves=8
num_cat=0
split_feature=1 1 9 10 11 2 10
split_gain=1.1483 1.69918 1.57397 1.11399 1.36311 1.67244 1.34265
threshold=0.034302022096874281 0.029632539058179978 0.12413466733990099 0.00097851086285993837 0.0040071098607011866 0.045987567077908305 -0.0063062203231579175
decision_type=2 2 10 2 2 2 2
left_child=1 3 -2 6 -5 -6 -1
right_child=2 -3 -4 4 5 -7 -8
leaf_value=-5.9090976747304028e-05 3.5739327972577611e-06 0.0001428903264722547 -0.00010155618243571782 -8.430794005204477e-05 2.896850489363484e-05 -4.4251261141938023e-05 4.3019425757179725e-05
leaf_weight=93 57 26 40 100 156 53 208
leaf_count=93 57 26 40 100 156 53 208
internal_value=0.000170532 0.000943396 -0.00489691 0.000409836 -0.00169903 0.000598086 0.00257475
internal_weight=733 636 97 610 309 209 301
internal_count=733 636 97 610 309 209 301
is_linear=0
shrinkage=0.05


Tree=50
num_leaves=8
num_cat=0
split_feature=13 3 1 3 0 0 15
split_gain=1.05336 1.35869 1.51036 1.08619 0.998594 2.32263 1.9655
threshold=26.85000038146973 0.0063646313134358987 0.043337993526767822 0.0076309327300763128 0.0016053516535847747 0.00045327128749561579 0.0089259826401779669
decision_type=2 2 2 2 2 2 2
left_child=1 2 4 -3 5 -1 -6
right_child=-2 3 -4 -5 6 -7 -8
leaf_value=2.6154964030591487e-07 -0.00010267304192967644 0.00017299688548431588 -0.00010142892440945814 1.1057932985291552e-05 6.1743591369856941e-05 -0.00015362348846075744 -8.0092543049442523e-05
leaf_weight=313 26 26 39 42 216 32 46
leaf_count=313 26 26 39 42 216 32 46
internal_value=0.00027027 0.000630252 -7.73994e-05 0.00735294 0.00053542 -0.00123188 0.0028626
internal_weight=740 714 646 68 607 345 262
internal_count=740 714 646 68 607 345 262
is_linear=0
shrinkage=0.05


Tree=51
num_leaves=8
num_cat=0
split_feature=13 15 10 12 9 3 0
split_gain=1.53906 0.928531 1.42367 0.949443 1.79511 1.35791 2.33876
threshold=12.88000011444092 0.012759719073216493 0.013844778774777857 0.038133523914403618 -0.2096895382053158 0.0024379283972576497 0.0048598919609030853
decision_type=2 2 2 2 10 2 2
left_child=-1 2 3 5 -5 -2 -7
right_child=1 -3 -4 4 -6 6 -8
leaf_value=-0.00012286601381005709 -1.2176726541329059e-05 -2.9290163913642112e-05 0.00012465889028895631 0.00012900068119666821 4.3539377441056687e-06 0.00015449283353430847 -2.1158010239229186e-05
leaf_weight=49 360 48 26 38 94 79 68
leaf_count=49 360 48 26 38 94 79 68
internal_value=0.000918635 0.00150771 0.00199248 0.00152582 0.00530303 0.000542406 0.00459184
internal_weight=762 713 665 639 132 507 147
internal_count=762 713 665 639 132 507 147
is_linear=0
shrinkage=0.05


Tree=52
num_leaves=8
num_cat=0
split_feature=1 15 2 14 14 12 5
split_gain=0.828092 2.05687 2.12834 1.51005 1.81862 1.51862 1.16696
threshold=0.011032935666887679 -0.0031090143013756673 0.062987359100569421 -0.013287751267225366 -0.023264351429904847 -0.023938025174318197 0.011046250974168691
decision_type=2 2 2 2 2 2 2
left_child=3 -2 -3 4 5 -1 -5
right_child=1 2 -4 6 -6 -7 -8
leaf_value=9.1773782674498919e-05 -0.00010259435429570227 -1.7106895574369471e-05 4.3851934269315609e-05 3.6053448823705979e-05 -0.00020519028452182302 -7.8803239881454609e-06 3.7192002001343218e-06
leaf_weight=28 75 144 83 128 27 129 134
leaf_count=28 75 144 83 128 27 129 134
internal_value=0.000200535 -0.00182119 0.000550661 0.00156951 -0.00190217 0.000159236 0.00400763
internal_weight=748 302 227 446 184 157 262
internal_count=748 302 227 446 184 157 262
is_linear=0
shrinkage=0.05


Tree=53
num_leaves=8
num_cat=0
split_feature=6 15 11 15 6 15 2
split_gain=1.08912 1.06474 0.862564 0.754671 1.84363 1.01879 0.966378
threshold=2.7064654841781732 0.012244011076291585 0.010968316355360443 0.0067370565311940531 0.13601822285850981 0.0089259826401779669 0.10595508499561269
decision_type=2 2 2 2 2 2 2
left_child=1 3 -3 6 5 -5 -1
right_child=-2 2 -4 4 -6 -7 -8
leaf_value=-5.5918779380732006e-06 8.4185108948137724e-05 -2.1624710788289895e-05 -0.00011219218295306063 0.00019177145971080545 -1.6477631365287185e-05 1.0720092230614331e-05 3.4465687414957377e-05
leaf_weight=554 26 25 27 25 29 30 27
leaf_count=554 26 25 27 25 29 30 27
internal_value=-0.000437416 -0.000801953 -0.00769231 -0.000263158 0.00416667 0.00954545 -0.000903614
internal_weight=743 717 52 665 84 55 581
internal_count=743 717 52 665 84 55 581
is_linear=0
shrinkage=0.05


Tree=54
num_leaves=8
num_cat=0
split_feature=1 15 6 16 13 6 9
split_gain=1.15706 1.65657 1.58411 1.9261 1.49162 1.27778 1.19255
threshold=-0.0023459066958727566 0.0029314890930188802 -0.84211382504394383 0.0070656320761700595 12.88000011444092 2.0739970267396504 0.073021503250743094
decision_type=2 2 2 2 2 2 8
left_child=1 2 -1 6 -2 -6 -4
right_child=4 -3 3 -5 5 -7 -8
leaf_value=-0.00015969686261080695 -0.0001412156799546993 9.6275779457654476e-05 -0.00017989499474136135 0.00016149648720573484 -6.0361614855740857e-06 0.00013683334093461485 1.9429368397048347e-05
leaf_weight=31 26 76 69 30 397 26 92
leaf_count=31 26 76 69 30 397 26 92
internal_value=-0.00023427 0.00218121 0 0.00170157 -0.00183742 -0.00112293 -0.000465839
internal_weight=747 298 222 191 449 423 161
internal_count=747 298 222 191 449 423 161
is_linear=0
shrinkage=0.05


Tree=55
num_leaves=8
num_cat=0
split_feature=16 3 9 9 3 7 3
split_gain=1.04352 1.06436 1.46197 1.14599 1.07666 1.80018 1.66929
threshold=-0.032859698984853351 0.0061147682033608772 0.089956732577160761 0.14344655049571256 0.00098314543702982004 0.006981083473948436 0.0018417126278221787
decision_type=2 2 8 10 2 2 2
left_child=-1 4 -3 -4 -2 6 -6
right_child=1 2 3 -5 5 -7 -8
leaf_value=0.0002969968017139004 8.5456898610270209e-07 -4.3834355000504037e-05 0.00028659631545772154 2.1487407906162053e-05 -0.00016945535404095323 -5.5713637535827068e-05 8.4042799228892533e-05
leaf_weight=26 407 31 29 26 31 136 77
leaf_count=26 407 31 29 26 31 136 77
internal_value=-0.000229358 -0.000576662 0.00465116 0.00954545 -0.00126728 -0.00389344 0.000925926
internal_weight=763 737 86 55 651 244 108
internal_count=763 737 86 55 651 244 108
is_linear=0
shrinkage=0.05


Tree=56
num_leaves=8
num_cat=0
split_feature=8 1 5 14 10 15 9
split_gain=1.0251 1.66872 1.21791 1.99472 1.58264 2.34902 1.78022
threshold=-0.056428841902288078 -0.019959962329532895 0.0088553796006300908 -0.0092544987085180757 0.006255070263884722 0.0089603975578737022 -0.035169546601527539
decision_type=10 2 2 2 2 2 10
left_child=1 -1 3 -2 6 -6 -4
right_child=2 -3 4 -5 5 -7 -8
leaf_value=3.2762154063980868e-05 -0.00017653760802659047 -0.00013765543758447471 5.4149742580072451e-05 3.0231140311287957e-06 0.00014090389657496155 -1.9980383762071226e-05 -8.9904229939519636e-06
leaf_weight=43 31 46 81 46 85 42 365
leaf_count=43 31 46 81 46 85 42 365
internal_value=-0.000304465 -0.00533708 0.000384615 -0.00551948 0.00117801 0.00610236 -0.000224215
internal_weight=739 89 650 77 573 127 446
internal_count=739 89 650 77 573 127 446
is_linear=0
shrinkage=0.05


Tree=57
num_leaves=8
num_cat=0
split_feature=0 0 5 10 12 11 10
split_gain=1.57164 0.961898 1.09309 1.04243 2.18601 1.7347 2.06175
threshold=-0.015764303539540944 -0.011899264390998197 0.0084827128094918363 0.0066242968396955657 0.044995709916922373 -0.0045813235582954906 0.011197957811865391
decision_type=2 2 2 2 2 2 2
left_child=-1 -2 -3 -4 5 -5 -7
right_child=1 2 3 4 -6 6 -8
leaf_value=-0.00014790648418467535 0.00012193343388280665 -5.2820838148707881e-05 -3.2800664501112271e-06 -3.5036407286033222e-05 -0.00010129381165703655 0.00014228261104731296 9.986531539361195e-05
leaf_weight=50 26 53 473 26 25 51 31
leaf_count=50 26 53 473 26 25 51 31
internal_value=-0.000442177 0.000182482 -0.000189681 0.000412541 0.00432331 0.00740741 0.0109756
internal_weight=735 685 659 606 133 108 82
internal_count=735 685 659 606 133 108 82
is_linear=0
shrinkage=0.05


Tree=58
num_leaves=8
num_cat=0
split_feature=1 6 3 7 3 9 15
split_gain=0.850918 1.58071 1.18354 1.2547 1.68199 1.4132 1.56878
threshold=-0.001737167796254768 -0.22616301515446044 0.0024002540652124931 0.004611109697489125 0.00098314543702982004 0.080265618269627761 -0.004037705747997943
decision_type=2 2 2 2 2 8 2
left_child=1 -1 3 -2 5 -5 -7
right_child=2 -3 -4 4 -6 6 -8
leaf_value=5.0608698665275733e-05 -0.00010622891641315321 -1.4852284233871717e-05 8.1971900893104384e-06 0.00014984592307877218 -7.4964238200101756e-05 -0.00012520022566010714 5.0377305276534821e-06
leaf_weight=151 55 159 163 29 50 37 106
leaf_count=151 55 159 163 29 50 37 106
internal_value=-0.0012 0.000806452 -0.00261364 -0.00460289 -0.00292793 -0.000581395 -0.00262238
internal_weight=750 310 440 277 222 172 143
internal_count=750 310 440 277 222 172 143
is_linear=0
shrinkage=0.05


Tree=59
num_leaves=8
num_cat=0
split_feature=15 10 12 10 3 4 0
split_gain=0.984576 1.84642 1.74316 2.4958 2.23952 2.71922 1.71359
threshold=-0.00034453394162675671 0.0066242968396955657 -0.027198413534659901 0.0039695003321817976 -0.00093506427805933867 0.014389354634536927 0.014325884946480795
decision_type=2 2 2 2 2 2 2
left_child=1 -1 -2 4 -4 -6 -5
right_child=2 -3 3 6 5 -7 -8
leaf_value=-2.0872158979331709e-05 0.00015321849616158892 4.7062540326179908e-05 0.00021221625771003353 -4.423396580930728e-05 0.00016780204969547751 -3.9185382976453947e-05 0.00021351718939359297
leaf_weight=339 46 33 46 136 25 104 29
leaf_count=339 46 33 46 136 25 104 29
internal_value=-0.00112137 -0.00295699 0.000647668 -0.000588235 0.00357143 0.000193798 -0.005
internal_weight=758 372 386 340 175 129 165
internal_count=758 372 386 340 175 129 165
is_linear=0
shrinkage=0.05


Tree=60
num_leaves=8
num_cat=0
split_feature=13 10 12 15 15 11 0
split_gain=1.29726 1.27165 1.74343 1.56269 2.21692 1.54256 1.46595
threshold=26.85000038146973 0.00063379839939814453 -0.026522895581630176 -0.0068169308663135189 -0.0051407658086429766 -0.0020344907928250828 -0.0068350458287866336
decision_type=2 2 2 2 2 2 2
left_child=1 3 -3 -1 -5 -4 -6
right_child=-2 2 5 4 6 -7 -8
leaf_value=-2.9256380699130395e-05 -6.2724501058845068e-05 0.00014555757135350944 -6.7943547267693819e-05 0.00021391835867016476 -9.0485555071601325e-05 -2.7175773482646758e-06 3.0759416218702361e-05
leaf_weight=89 26 36 59 27 40 290 186
leaf_count=89 26 36 59 27 40 290 186
internal_value=-0.000564409 -0.000171939 -0.00214286 0.00204678 0.00405138 -0.0032235 0.00243363
internal_weight=753 727 385 342 253 349 226
internal_count=753 727 385 342 253 349 226
is_linear=0
shrinkage=0.05


Tree=61
num_leaves=8
num_cat=0
split_feature=8 12 12 9 14 10 9
split_gain=1.14799 0.84068 1.21683 1.30979 1.17287 1.86194 1.41444
threshold=0.11927995213453259 0.049504532457416379 0.038546150430795463 0.027686177389446457 -0.056925165822572281 0.00038112321022931722 0.074154067574853447
decision_type=8 2 2 10 2 2 10
left_child=1 2 4 -4 6 -6 -1
right_child=-2 -3 3 -5 5 -7 -8
leaf_value=-3.3793399558124542e-05 -0.00012188091905477309 -2.6650292418979497e-05 0.00014200207290437827 9.2759511374051493e-06 4.5078760453020696e-06 -4.4059007990098342e-05 7.2537165464341447e-05
leaf_weight=43 38 87 29 46 257 190 46
leaf_count=43 38 87 29 46 257 190 46
internal_value=-0.000747283 -0.000286533 0.000368249 0.00633333 -0.000466418 -0.00151007 0.00477528
internal_weight=736 698 611 75 536 447 89
internal_count=736 698 611 75 536 447 89
is_linear=0
shrinkage=0.05


Tree=62
num_leaves=8
num_cat=0
split_feature=13 13 13 5 14 5 7
split_gain=1.61648 1.45324 2.19882 1.07997 2.45872 1.84293 1.31113
threshold=26.494999885559086 23.965000152587894 20.865000724792484 0.009360237271403846 -0.0029443342389950384 0.0097198041061180348 0.013987775532991355
decision_type=2 2 2 2 2 2 2
left_child=1 2 3 4 -1 -5 -6
right_child=-2 -3 -4 5 6 -7 -8
leaf_value=-8.7067989683030649e-05 -0.00011001732745544199 0.000271975836820584 -9.7937857979327159e-05 0.00017412341434579239 0.00011759768634107126 1.211556863851002e-06 -1.3265089545888722e-05
leaf_weight=66 25 26 49 30 40 487 28
leaf_count=66 25 26 49 30 40 487 28
internal_value=-0.000499334 -6.88705e-05 -0.0005 0.000268817 -0.00373134 0.00130561 0.00294118
internal_weight=751 726 700 651 134 517 68
internal_count=751 726 700 651 134 517 68
is_linear=0
shrinkage=0.05


Tree=63
num_leaves=8
num_cat=0
split_feature=4 6 5 12 11 6 6
split_gain=0.724578 2.2161 1.61716 1.36475 1.18428 1.52776 1.81324
threshold=0.020496939809235688 -0.47872872458812227 0.01278133515480743 0.049504532457416379 0.014774738031643421 -0.045540366808045067 0.63435335293924244
decision_type=2 2 2 2 2 2 2
left_child=2 -2 3 -1 5 -3 -7
right_child=1 4 -4 -5 -6 6 -8
leaf_value=-5.0254481008984826e-07 0.00015886191088728541 -0.00010044731006010111 -7.9201324677021179e-05 -8.4547581230273847e-05 5.8799252003910887e-05 9.6062022570090602e-05 -0.00015194464438436888
leaf_weight=421 80 40 59 47 32 33 40
leaf_count=421 80 40 59 47 32 33 40
internal_value=-0.000930851 0.00144444 -0.00194497 -0.000961538 -0.00224138 -0.00464602 -0.000342466
internal_weight=752 225 527 468 145 113 73
internal_count=752 225 527 468 145 113 73
is_linear=0
shrinkage=0.05


Tree=64
num_leaves=8
num_cat=0
split_feature=8 16 13 5 8 6 8
split_gain=1.47514 1.53218 1.96456 1.28277 1.51051 1.48173 1.69782
threshold=0.11927995213453259 -0.030650586647393559 21.954999923706058 0.0088011515711831929 0.076141906863031697 -0.70514003919987134 0.027825908064714525
decision_type=8 2 2 2 10 2 10
left_child=1 -1 3 -3 5 -5 -7
right_child=-2 2 -4 4 -6 6 -8
leaf_value=0.0002641810108225726 -9.5363200301231711e-05 -2.752788830210117e-05 -8.3032788619899392e-05 4.1071446222963717e-05 9.0349589473396431e-05 2.6966159731537678e-05 -1.2098807186569406e-05
leaf_weight=30 41 80 51 95 45 224 166
leaf_count=30 41 80 51 95 45 224 166
internal_value=6.8306e-05 0.000615051 0.000113464 0.000901639 0.00179245 0.000979381 -0.000384615
internal_weight=732 691 661 610 530 485 390
internal_count=732 691 661 610 530 485 390
is_linear=0
shrinkage=0.05


Tree=65
num_leaves=8
num_cat=0
split_feature=13 13 10 13 8 0 6
split_gain=1.11702 1.39352 1.23814 1.84626 2.66576 1.95035 0.986681
threshold=26.85000038146973 24.119999885559086 -0.0019499726080666744 15.375000000000002 0.036500322835898331 -0.0011230577293428465 -0.13985393172419691
decision_type=2 2 2 2 8 2 2
left_child=1 2 3 6 5 -5 -1
right_child=-2 -3 -4 4 -6 -7 -8
leaf_value=9.7408672613353306e-05 -6.1616929194473983e-05 0.00026841717544058357 -6.8904137802197175e-06 -1.5835807175127561e-06 -8.772130299602944e-05 0.00027947077655459215 0.00010806182365089184
leaf_weight=27 27 26 484 51 70 38 29
leaf_count=27 27 26 484 51 70 38 29
internal_value=-0.000199468 0.000172414 -0.000250358 0.00290698 0.000157233 0.00589888 0.0107143
internal_weight=752 725 699 215 159 89 56
internal_count=752 725 699 215 159 89 56
is_linear=0
shrinkage=0.05


Tree=66
num_leaves=8
num_cat=0
split_feature=13 13 6 4 1 16 12
split_gain=1.00328 1.3429 1.09404 2.66667 1.38887 1.47967 2.21521
threshold=26.494999885559086 24.119999885559086 1.3403279373020831 0.017576844580303178 0.034302022096874281 0.017979053557386718 0.038282081037970601
decision_type=2 2 2 2 2 2 2
left_child=1 2 4 -4 5 -1 -7
right_child=-2 -3 3 -5 -6 6 -8
leaf_value=-5.8313589403950074e-06 -8.8991924513664831e-05 0.0002549963166685544 0.0003077394550284958 -6.4475067209992383e-06 -3.3567312219490109e-05 0.00013337241595695146 -3.6366999318294602e-05
leaf_weight=455 26 26 25 50 80 57 26
leaf_count=455 26 26 25 50 80 57 26
internal_value=3.3557e-05 0.000382476 -3.6075e-05 0.00566667 -0.000728155 0.000185874 0.0063253
internal_weight=745 719 693 75 618 538 83
internal_count=745 719 693 75 618 538 83
is_linear=0
shrinkage=0.05


end of trees

feature_importances:
vix_level=48
overnight_gap=41
ret_1d=40
sector_ret_1d=35
atr_pct=31
spy_ret_1d=31
ret_5d=29
dist_ma200=27
dist_ma50=25
spy_ret_20d=23
parkinson_20=22
dvol_z_20=22
vix_chg_1d=22
dist_ma20=20
spy_ret_5d=19
sector_ret_5d=18
ret_20d=16

parameters:
[boosting: gbdt]
[objective: quantile]
[metric: quantile]
[tree_learner: serial]
[device_type: cpu]
[data_sample_strategy: bagging]
[data: ]
[valid: ]
[num_iterations: 80]
[learning_rate: 0.05]
[num_leaves: 8]
[num_threads: 1]
[seed: 0]
[deterministic: 0]
[force_col_wise: 1]
[force_row_wise: 0]
[histogram_pool_size: -1]
[max_depth: -1]
[min_data_in_leaf: 25]
[min_sum_hessian_in_leaf: 0.001]
[bagging_fraction: 0.9]
[pos_bagging_fraction: 1]
[neg_bagging_fraction: 1]
[bagging_freq: 1]
[bagging_seed: 3]
[bagging_by_query: 0]
[feature_fraction: 0.9]
[feature_fraction_bynode: 1]
[feature_fraction_seed: 2]
[extra_trees: 0]
[extra_seed: 6]
[early_stopping_round: 0]
[early_stopping_min_delta: 0]
[first_metric_only: 0]
[max_delta_step: 0]
[lambda_l1: 0]
[lambda_l2: 0]
[linear_lambda: 0]
[min_gain_to_split: 0]
[drop_rate: 0.1]
[max_drop: 50]
[skip_drop: 0.5]
[xgboost_dart_mode: 0]
[uniform_drop: 0]
[drop_seed: 4]
[top_rate: 0.2]
[other_rate: 0.1]
[min_data_per_group: 100]
[max_cat_threshold: 32]
[cat_l2: 10]
[cat_smooth: 10]
[max_cat_to_onehot: 4]
[top_k: 20]
[monotone_constraints: ]
[monotone_constraints_method: basic]
[monotone_penalty: 0]
[feature_contri: ]
[forcedsplits_filename: ]
[refit_decay_rate: 0.9]
[cegb_tradeoff: 1]
[cegb_penalty_split: 0]
[cegb_penalty_feature_lazy: ]
[cegb_penalty_feature_coupled: ]
[path_smooth: 0]
[interaction_constraints: ]
[verbosity: -1]
[saved_feature_importance_type: 0]
[use_quantized_grad: 0]
[num_grad_quant_bins: 4]
[quant_train_renew_leaf: 0]
[stochastic_rounding: 1]
[linear_tree: 0]
[max_bin: 255]
[max_bin_by_feature: ]
[min_data_in_bin: 3]
[bin_construct_sample_cnt: 200000]
[data_random_seed: 1]
[is_enable_sparse: 1]
[enable_bundle: 1]
[use_missing: 1]
[zero_as_missing: 0]
[feature_pre_filter: 1]
[pre_partition: 0]
[two_round: 0]
[header: 0]
[label_column: ]
[weight_column: ]
[group_column: ]
[ignore_column: ]
[categorical_feature: ]
[forcedbins_filename: ]
[precise_float_parser: 0]
[parser_config_file: ]
[objective_seed: 5]
[num_class: 1]
[is_unbalance: 0]
[scale_pos_weight: 1]
[sigmoid: 1]
[boost_from_average: 1]
[reg_sqrt: 0]
[alpha: 0.5]
[fair_c: 1]
[poisson_max_delta_step: 0.7]
[tweedie_variance_power: 1.5]
[lambdarank_truncation_level: 30]
[lambdarank_norm: 1]
[label_gain: ]
[lambdarank_position_bias_regularization: 0]
[eval_at: ]
[multi_error_top_k: 1]
[auc_mu_weights: ]
[num_machines: 1]
[local_listen_port: 12400]
[time_out: 120]
[machine_list_filename: ]
[machines: ]
[gpu_platform_id: -1]
[gpu_device_id: -1]
[gpu_device_id_list: ]
[gpu_use_dp: 0]
[num_gpu: 1]

end of parameters

pandas_categorical:[]
