tree
version=v4
num_class=1
num_tree_per_iteration=1
label_index=0
max_feature_idx=16
objective=quantile
feature_names=ret_1d ret_5d ret_20d overnight_gap atr_pct parkinson_20 dvol_z_20 dist_ma20 dist_ma50 dist_ma200 spy_ret_1d spy_ret_5d spy_ret_20d vix_level vix_chg_1d sector_ret_1d sector_ret_5d
feature_infos=[-0.10729319872671006:0.11017517675107058] [-0.15296801266843407:0.12147211463169261] [-0.18907103804886127:0.26286224606206354] [-0.095644884884069414:0.053568594604345598] [0.013928367358745622:0.060188474871636158] [0.0091362315640563744:0.031990603578079237] [-1.9347610681722887:4.1355149844364485] [-0.1493901219393643:0.12904855086608924] [-0.21967568082841926:0.21584843910549023] [-0.19071149396461173:0.45989255821965713] [-0.058542971330535654:0.10501930183911301] [-0.11496151859245618:0.082843162776128354] [-0.1226559005192206:0.15756591020035837] [11.859999656677246:52.330001831054688] [-0.35753873962348437:0.74039073966007019] [-0.062852571542473257:0.088816390052506744] [-0.11675896877857916:0.085294626879873769]
tree_sizes=821 856 851 865 866 848 860 848 856 868 865 862 869 863 865 866 871 873 872 878 862 875 872 849 878 872 860 874 858 859 867 873

Tree=0
num_leaves=8
num_cat=0
split_feature=3 4 14 8 10 7 6
split_gain=1.70559 1.04162 1.00729 1.68367 1.12851 1.38892 0.93437
threshold=0.015921343973674399 0.020848118757789327 0.032336920174311119 -0.040846966844364056 -0.0041401831937402647 0.015590198708574478 -0.52453847629267958
decision_type=2 2 2 10 2 2 2
left_child=1 -1 6 -4 5 -5 -3
right_child=-2 2 3 4 -6 -7 -8
leaf_value=0.020314858229070164 0.021330011501124881 0.020210102328909581 0.020273861910433566 0.02110615995204581 0.021608187722814164 0.020433501975954414 0.02067918266290809
leaf_weight=291 25 106 38 25 33 28 200
leaf_count=291 25 106 38 25 33 28 200
internal_value=0.0206993 0.0202542 0.0218176 0.0256191 0.029492 0.0249724 0.020277
internal_weight=746 721 430 124 86 53 306
internal_count=746 721 430 124 86 53 306
is_linear=0
shrinkage=1


Tree=1
num_leaves=8
num_cat=0
split_feature=3 0 9 7 16 4 12
split_gain=1.99373 1.43595 0.902758 0.93913 0.807692 1.00575 0.778498
threshold=0.015921343973674399 -0.0072040321049124381 -0.072279914869332149 -0.031199442954122077 -0.0023477515405804224 0.023165354395858727 0.060736878271406176
decision_type=2 2 10 2 2 2 2
left_child=1 2 -1 -4 -5 -6 -3
right_child=-2 6 3 4 5 -7 -8
leaf_value=-0.00018335343471964386 0.00084518341100483065 -0.0001862398451124644 0.00044622355506185167 -0.00018238483521019466 0.00076995379444809897 1.1437316375141946e-05 0.00031004175274123078
leaf_weight=53 27 475 30 52 29 27 40
leaf_count=53 27 475 30 52 29 27 40
internal_value=0.000184173 -0.00032578 0.00337696 0.00550725 0.00333333 0.0075 -0.00169903
internal_weight=733 706 191 138 108 56 515
internal_count=733 706 191 138 108 56 515
is_linear=0
shrinkage=0.05


Tree=2
num_leaves=8
num_cat=0
split_feature=5 6 9 7 3 16 8
split_gain=1.49206 1.20662 1.12375 1.60111 2.25754 0.837258 0.969231
threshold=0.014202203898405989 -0.17556481493890269 0.38392935156616509 0.051589539422898685 -0.0035770765605663275 0.0043550782599217639 -0.010651656289155874
decision_type=2 2 8 2 2 2 8
left_child=-1 5 3 4 -3 6 -2
right_child=1 2 -4 -5 -6 -7 -8
leaf_value=-0.00017686275881879089 -0.00013107451363239176 0.00034217381292679601 -0.00010833442380064156 1.3949170350981285e-05 0.0012295876801113124 -0.00041584982264922542 0.00029662037212788606
leaf_weight=414 39 26 52 36 35 98 45
leaf_count=414 39 26 52 36 35 98 45
internal_value=-0.000100672 0.00240181 0.00573825 0.00891752 0.0138525 -0.000329672 0.00333333
internal_weight=745 331 149 97 61 182 84
internal_count=745 331 149 97 61 182 84
is_linear=0
shrinkage=0.05


Tree=3
num_leaves=8
num_cat=0
split_feature=3 7 7 4 2 6 3
split_gain=1.15058 0.689024 1.17717 0.776357 1.23416 0.760403 0.593611
threshold=0.015422934326308703 0.051120070005649228 0.046474393794346154 0.020848118757789327 0.081155471485811828 -0.56711251413717279 0.0018702546073021689
decision_type=2 2 2 2 2 2 2
left_child=1 2 3 -1 5 -5 -7
right_child=-2 -3 -4 4 -6 6 -8
leaf_value=-0.00023636662767292129 0.00072168626601578961 -0.00037474233192275036 0.00068865609213449096 -0.00030300414277250275 0.0003363620992776822 0.00021585732766424065 -0.00014439027236584336
leaf_weight=248 31 121 25 101 36 108 67
leaf_count=248 31 121 25 101 36 108 67
internal_value=8.81942e-05 -0.00032578 0.000384614 -8.92869e-05 0.00157051 0.000434781 0.00242857
internal_weight=737 706 585 560 312 276 175
internal_count=737 706 585 560 312 276 175
is_linear=0
shrinkage=0.05


Tree=4
num_leaves=8
num_cat=0
split_feature=3 4 6 3 9 5 12
split_gain=1.11988 1.01587 1.04334 0.813209 0.538342 0.549675 0.527724
threshold=-0.014889158946378432 0.025734509586199238 0.094083280611505338 -0.0035770765605663275 0.14115946051900433 0.010750442847890533 0.025122863139992905
decision_type=2 2 2 2 8 2 2
left_child=-1 4 -3 -4 5 -2 -7
right_child=1 2 3 -5 -6 6 -8
leaf_value=0.00035431646912422501 0.00014197121598317496 -7.7613590175515152e-05 -5.1236726299944614e-05 0.00084048227756699807 -0.00024289158104058049 0.00028469277182181367 -0.00017334572803751232
leaf_weight=32 30 114 26 41 327 53 120
leaf_count=32 30 114 26 41 327 53 120
internal_value=-8.74844e-05 -0.000499298 0.00273481 0.00768657 -0.00160377 0.000418718 -0.000664741
internal_weight=743 711 181 67 530 203 173
internal_count=743 711 181 67 530 203 173
is_linear=0
shrinkage=0.05


Tree=5
num_leaves=8
num_cat=0
split_feature=5 14 10 6 12 8 6
split_gain=1.21102 0.88546 1.32781 0.901014 0.798531 0.611434 0.66
threshold=0.012857873831658139 0.025331387226238514 -0.0041401831937402647 1.2473190198561304 0.048426875368409401 0.064561326015354817 -0.076073560588227285
decision_type=2 2 2 2 2 8 2
left_child=4 3 5 -2 -1 6 -3
right_child=1 2 -4 -5 -6 -7 -8
leaf_value=-0.00022481412317859495 -9.8505329091683612e-05 -1.5593091187647438e-06 0.00086935351711264243 0.00040424154967204357 0.00028305435634387328 -0.00025387184365123917 0.00047367135272851062
leaf_weight=271 266 30 43 35 28 34 25
leaf_count=271 266 30 43 35 28 34 25
internal_value=0.00012295 0.00181293 0.00522727 0.000315613 -0.00232442 0.00174157 0.005
internal_weight=732 433 132 301 299 89 55
internal_count=732 433 132 301 299 89 55
is_linear=0
shrinkage=0.05


Tree=6
num_leaves=8
num_cat=0
split_feature=9 15 6 2 11 7 9
split_gain=1.12324 1.50175 0.705069 0.686612 0.454373 0.696264 0.526089
threshold=0.26250954799533116 -0.0021671753652477417 0.044861972901108209 -0.1115824879740183 0.023193318891049478 0.0068191839763556148 0.14115946051900433
decision_type=10 2 2 2 2 2 8
left_child=3 -2 -3 -1 6 -6 -5
right_child=1 2 -4 4 5 -7 -8
leaf_value=0.00030269931853532612 0.00047887039329918722 -0.00047881149170612904 0.00025410183545947906 -4.8863770135223634e-06 0.00057949545325940632 -0.00033071292685848925 -0.00024038227243198003
leaf_weight=25 37 34 28 225 25 52 318
leaf_count=25 37 34 28 225 25 52 318
internal_value=-0.000362904 0.00459596 -0.000161292 -0.00112403 -0.00145161 0.00214286 -0.00196133
internal_weight=744 99 62 645 620 77 543
internal_count=744 99 62 645 620 77 543
is_linear=0
shrinkage=0.05


Tree=7
num_leaves=8
num_cat=0
split_feature=5 6 6 9 14 9 10
split_gain=1.1719 0.676294 1 1.56863 0.791463 0.550468 0.626588
threshold=0.014202203898405989 0.044861972901108209 0.30815520050820072 0.27220105830735458 0.054586954999164335 0.13753583578277143 0.0093013706507892886
decision_type=2 2 2 10 2 8 2
left_child=5 4 -3 -4 -2 6 -1
right_child=1 2 3 -5 -6 -7 -8
leaf_value=-0.00010592495458388126 -0.00014253643328815055 0.001386288764117193 -0.00012418628518130444 0.0004625604581738 0.00012689364082157912 -0.00029963340967135288 0.00043307206386490181
leaf_weight=158 167 28 68 30 47 217 25
leaf_count=158 167 28 68 30 47 217 25
internal_value=-0.000540542 0.00161765 0.00452381 0.00214286 -9.34591e-05 -0.002375 -0.000355192
internal_weight=740 340 126 98 214 400 183
internal_count=740 340 126 98 214 400 183
is_linear=0
shrinkage=0.05


Tree=8
num_leaves=8
num_cat=0
split_feature=4 14 10 12 9 11 6
split_gain=0.925158 1.24002 0.823362 0.691406 0.4416 0.559218 0.471969
threshold=0.02103970664718666 0.083812216488613714 -0.01378806518059311 0.073733903664651171 0.12333295110356825 0.023193318891049478 -0.56711251413717279
decision_type=2 2 2 2 8 2 2
left_child=-1 3 -3 4 6 -6 -2
right_child=1 2 -4 -5 5 -7 -8
leaf_value=-0.00014385947681940271 -0.00043246942859532443 9.9214469672394864e-05 0.00061087528045063177 0.00077934160752634902 -0.00011383727220281612 0.00044609601037903817 0.00030764042424135984
leaf_weight=318 27 27 25 27 226 38 73
leaf_count=318 27 27 25 27 226 38 73
internal_value=-0.000269384 0.00120767 0.00846154 0.000242966 -0.000329672 -0.00140152 0.0025
internal_weight=761 443 52 391 364 264 100
internal_count=761 443 52 391 364 264 100
is_linear=0
shrinkage=0.05


Tree=9
num_leaves=8
num_cat=0
split_feature=5 15 5 12 0 0 10
split_gain=0.888589 1.21697 0.811688 0.685467 0.693389 1.19447 0.628675
threshold=0.017265168210000296 0.0050963271538916341 0.018550658800152529 0.0011335726897910849 -0.0065328463632969283 -0.0094140621929434381 0.0094914683342374202
decision_type=2 2 2 2 2 2 2
left_child=3 2 -2 -1 5 -5 -6
right_child=1 -3 -4 4 6 -7 -8
leaf_value=-0.00024857479534321392 0.0011140660555472241 -0.00023652452958378744 1.3016510868613715e-06 -4.7888670940582694e-06 -0.00015113346205771803 0.00047047426162664631 0.00047110927404126618
leaf_weight=138 45 47 32 88 315 30 43
leaf_count=138 45 47 32 88 315 30 43
internal_value=-0.000392955 0.00346774 0.00733766 -0.00117264 -0.00027311 0.00305085 -0.00136872
internal_weight=738 124 77 614 476 118 358
internal_count=738 124 77 614 476 118 358
is_linear=0
shrinkage=0.05


Tree=10
num_leaves=8
num_cat=0
split_feature=0 0 5 8 5 16 1
split_gain=0.767262 0.658043 1.13172 0.956277 0.543554 0.43482 1.13636
threshold=-0.0072040321049124381 -0.0094140621929434381 0.014404227908706336 0.033805312416655971 0.01305902630134986 -0.00052318759456543285 -0.012961977714741944
decision_type=2 2 2 8 2 2 2
left_child=1 2 -1 -4 -2 6 -6
right_child=4 -3 3 -5 5 -7 -8
leaf_value=-0.00011592566182591467 -0.00027794253513339603 0.0003921538285868472 0.00028596697420441215 -4.5576281964696673e-05 -6.483989316783679e-05 -4.5603911054543219e-05 0.00030936934219675822
leaf_weight=92 246 33 42 35 44 212 44
leaf_count=92 246 33 42 35 44 212 44
internal_value=-0.000454547 0.00217822 0.000917159 0.00538961 -0.00142857 -1.19209e-09 0.00295454
internal_weight=748 202 169 77 546 300 88
internal_count=748 202 169 77 546 300 88
is_linear=0
shrinkage=0.05


Tree=11
num_leaves=8
num_cat=0
split_feature=5 14 8 8 12 6 0
split_gain=0.858098 0.840455 1.6471 1.1489 0.827818 0.512017 0.399095
threshold=0.012815803129536112 0.032336920174311119 0.064561326015354817 -0.019338198427742533 0.048426875368409401 1.2473190198561304 -0.0047412156171574562
decision_type=2 2 8 10 2 2 2
left_child=4 5 3 -3 6 -2 -1
right_child=1 2 -4 -5 -6 -7 -8
leaf_value=-1.4501533209807779e-05 -2.4289268585391707e-05 4.126848614702342e-05 -6.2158315595677789e-05 0.00089035563926703287 0.00029557331160258654 0.00027750507607494332 -0.00035094025288079177
leaf_weight=92 290 32 52 36 28 40 176
leaf_count=92 290 32 52 36 28 40 176
internal_value=-0.000375336 0.000999999 0.00458333 0.00970588 -0.00246622 -0.000303031 -0.0033209
internal_weight=746 450 120 68 296 330 268
internal_count=746 450 120 68 296 330 268
is_linear=0
shrinkage=0.05


Tree=12
num_leaves=8
num_cat=0
split_feature=1 12 10 5 6 11 8
split_gain=0.844277 0.654794 0.759796 0.613282 0.549692 0.545455 0.509061
threshold=-0.055871289588880206 0.051085048604070045 0.0041960795209391452 0.012815803129536112 -0.94542234784680745 0.0093718282563531891 0.10579998889882349
decision_type=2 2 2 2 2 2 8
left_child=-1 3 5 -2 -5 -3 -6
right_child=1 2 -4 4 6 -7 -8
leaf_value=0.00079307957873708985 -0.00018034211300565253 0.00057145194674128959 0.00016891921629783634 -0.00035159352498410895 6.6344805246191057e-05 -0.00062989340124172677 -0.00016586329264822966
leaf_weight=26 265 25 36 46 228 30 70
leaf_count=26 265 25 36 46 228 30 70
internal_value=-0.000385676 -0.000714287 0.00324176 -0.00130542 8.72081e-05 -0.000454547 0.000872482
internal_weight=726 700 91 609 344 55 298
internal_count=726 700 91 609 344 55 298
is_linear=0
shrinkage=0.05


Tree=13
num_leaves=8
num_cat=0
split_feature=12 7 6 5 8 7 0
split_gain=0.708931 0.566046 0.716314 0.549037 0.494627 0.726229 0.735826
threshold=0.051085048604070045 0.051120070005649228 1.4331839229364061 0.012815803129536112 0.10579998889882349 0.024839493847502173 0.0052246732729224208
decision_type=2 2 2 2 8 2 2
left_child=1 2 3 -1 5 -5 -7
right_child=-2 -3 -4 4 -6 6 -8
leaf_value=-0.00018310964359862447 0.00011464571688877677 -0.00035732608576226024 0.00035695126237349055 -7.413067729592998e-06 -0.00036740430798963336 3.3697978059362402e-06 0.0011419944298690441
leaf_weight=223 87 106 56 174 37 33 26
leaf_count=223 87 106 56 174 37 33 26
internal_value=-0.000619947 -0.00118321 -0.000537342 -0.00114605 0.000370369 0.00122317 0.00601695
internal_weight=742 655 549 493 270 233 59
internal_count=742 655 549 493 270 233 59
is_linear=0
shrinkage=0.05


Tree=14
num_leaves=8
num_cat=0
split_feature=5 13 13 0 1 3 7
split_gain=0.585275 0.754497 1.03899 0.510149 0.636378 0.403004 0.382464
threshold=0.012815803129536112 14.340000152587892 15.050000190734865 -0.0026647373573282502 -0.0031009000528939841 0.015921343973674399 0.040813368924290001
decision_type=2 2 2 2 2 2 2
left_child=3 -2 -3 4 -1 6 -4
right_child=1 2 5 -5 -6 -7 -8
leaf_value=-7.8121589205826442e-05 -0.00019221863811059135 0.00041791730726183416 4.4689726194552183e-05 -0.00029118674271265269 0.000405574132962109 0.00069849260885505187 -0.00024283837361946029
leaf_weight=72 74 42 207 180 43 25 81
leaf_count=72 74 42 207 180 43 25 81
internal_value=-0.000234808 0.000944055 0.00190141 -0.00194915 0.000652173 0.000910542 0.000381943
internal_weight=724 429 355 295 115 313 288
internal_count=724 429 355 295 115 313 288
is_linear=0
shrinkage=0.05


Tree=15
num_leaves=8
num_cat=0
split_feature=5 7 1 16 16 9 8
split_gain=0.743682 0.496721 0.852745 1.28491 0.872167 0.731097 0.770904
threshold=0.012857873831658139 0.051120070005649228 -0.013680616683167 -0.00091340677079071442 0.030474254484599398 0.096148872882787298 0.09760487553944798
decision_type=2 2 2 2 2 8 8
left_child=-1 2 -2 -4 5 -5 -7
right_child=1 -3 3 4 -6 6 -8
leaf_value=-0.00010947839094180251 -4.305766573986971e-05 -0.00016065165709377746 0.00086761885643676928 0.0002267897243239961 0.00063103861645467593 -0.00033020085659305463 4.6857874272720736e-05
leaf_weight=303 111 108 43 29 27 81 30
leaf_count=303 111 108 43 29 27 81 30
internal_value=-0.000628416 0.000710955 0.00169782 0.00357143 0.00158683 -1.19209e-09 -0.00184685
internal_weight=732 429 321 210 167 140 111
internal_count=732 429 321 210 167 140 111
is_linear=0
shrinkage=0.05


Tree=16
num_leaves=8
num_cat=0
split_feature=2 12 16 11 15 10 6
split_gain=0.599643 0.549832 0.345349 0.914296 0.283082 0.701944 0.630815
threshold=-0.1115824879740183 0.073733903664651171 -0.022080465959362357 -0.016025846447031252 -0.0018430547924185301 -0.0045587761694280129 0.63817426116851583
decision_type=2 2 2 2 2 2 2
left_child=-1 2 -2 -4 5 -5 -7
right_child=1 -3 3 4 -6 6 -8
leaf_value=0.00035547160507189423 -0.00021986915537050436 0.00027957500018501667 9.4308011234266968e-05 -0.00013034769013495469 -0.00013886013472343798 1.0069078287745835e-06 0.00059884501472785346
leaf_weight=27 75 37 42 72 375 98 25
leaf_count=27 75 37 42 72 375 98 25
internal_value=-0.00120506 -0.0014779 -0.00179767 -0.00140523 -0.00192983 -0.000384617 0.00191057
internal_weight=751 724 687 612 570 195 123
internal_count=751 724 687 612 570 195 123
is_linear=0
shrinkage=0.05


Tree=17
num_leaves=8
num_cat=0
split_feature=3 8 16 12 12 10 16
split_gain=0.577206 0.420339 0.342522 0.765922 0.553065 0.322637 0.254263
threshold=-0.014889158946378432 -0.088556671757284197 0.024419338772052827 0.014776442004869829 0.051846022032751578 0.0018732766831597305 0.0072446592301084198
decision_type=2 10 2 2 2 2 2
left_child=-1 -2 4 -4 6 -6 -3
right_child=1 2 3 -5 5 -7 -8
leaf_value=0.0003365725925456118 0.00014555758830318838 -4.9897060689581907e-05 0.00040925154413383241 -0.00030781375516405118 -0.00024483975041339907 0.00031441080012787226 -0.00024215067630168838
leaf_weight=32 46 326 37 64 35 31 173
leaf_count=32 46 326 37 64 35 31 173
internal_value=-0.000631722 -0.000926967 -0.00124625 0.00143564 -0.00172566 0.00257576 -0.00229459
internal_weight=744 712 666 101 565 66 499
internal_count=744 712 666 101 565 66 499
is_linear=0
shrinkage=0.05


Tree=18
num_leaves=8
num_cat=0
split_feature=12 3 3 0 10 6 1
split_gain=0.608046 0.514464 0.503484 0.565775 0.664539 0.732314 0.66547
threshold=-0.05793872793170584 -0.014889158946378432 -0.0047539151117552128 -1.0000000180025095e-35 -0.0074311148447236399 0.93432756407399198 0.0018858659789693368
decision_type=2 2 2 2 2 2 2
left_child=-1 -2 -3 4 -4 6 -6
right_child=1 2 3 -5 5 -7 -8
leaf_value=0.00053569019283808655 0.00049568956708721454 -0.00025666117679541282 -0.00021822202722849226 -7.8867181749045558e-05 0.000105789043265701 0.0005757202853919625 -0.00016383618228688426
leaf_weight=25 28 119 34 360 78 26 80
leaf_count=25 28 119 34 360 78 26 80
internal_value=-0.000666668 -0.000931036 -0.00119799 -0.000588236 0.00142202 0.00260869 0.00132911
internal_weight=750 725 697 578 218 184 158
internal_count=750 725 697 578 218 184 158
is_linear=0
shrinkage=0.05


Tree=19
num_leaves=8
num_cat=0
split_feature=8 14 12 12 5 2 16
split_gain=0.584368 0.752544 0.453337 1.29394 0.679565 0.403439 0.374657
threshold=-0.088556671757284197 -0.0099321131423574776 1.0000000180025095e-35 0.0053623366190914687 0.017465260884209858 -0.035035599704511637 0.0085553072886944709
decision_type=10 2 2 2 2 2 2
left_child=1 -1 -2 -4 5 -5 -7
right_child=2 -3 3 4 -6 6 -8
leaf_value=0.00016998018662400477 -0.00010862086136335811 -0.00034640158758253111 0.00065111846272130919 2.0301621929319955e-05 0.00030995256529361888 -1.9414839178751419e-05 -0.0002001652383545642
leaf_weight=26 178 28 31 43 25 210 200
leaf_count=26 178 28 31 43 25 210 200
internal_value=-0.000748989 0.00425926 -0.00114265 -0.000383105 -0.00102511 -0.00146799 -0.00195122
internal_weight=741 54 687 509 478 453 410
internal_count=741 54 687 509 478 453 410
is_linear=0
shrinkage=0.05


Tree=20
num_leaves=8
num_cat=0
split_feature=12 12 5 0 15 4 13
split_gain=0.619649 0.577577 0.538381 0.491822 0.719118 0.671165 0.620975
threshold=-0.052281358654850445 0.0011335726897910849 0.017630714100958095 -0.0065328463632969283 -0.0085972411238394702 0.02274343675040626 14.340000152587892
decision_type=2 2 2 2 2 2 2
left_child=-1 -2 3 4 -3 6 -6
right_child=1 2 -4 -5 5 -7 -8
leaf_value=0.00050597870279556905 -0.00015784077231214744 -5.225906096657636e-05 0.00029445493702893793 -7.019238677891652e-05 1.8493227864133717e-05 -0.00016408889505465271 0.00074414691207339489
leaf_weight=25 187 37 25 377 26 35 27
leaf_count=25 187 37 25 377 26 35 27
internal_value=-0.000737484 -0.0010084 -0.000161292 -0.000517929 0.0022 0.00465909 0.00820755
internal_weight=739 714 527 502 125 88 53
internal_count=739 714 527 502 125 88 53
is_linear=0
shrinkage=0.05


Tree=21
num_leaves=8
num_cat=0
split_feature=6 4 8 14 12 12 12
split_gain=0.528569 0.867343 0.524227 1.15827 0.613297 0.644576 0.385025
threshold=-0.65560591475718122 0.034398727001360645 -0.056528221019602302 -0.0091057157714133346 -0.0011596374910577965 0.0053623366190914687 0.051085048604070045
decision_type=2 2 10 2 2 2 2
left_child=6 2 3 -2 -4 -6 -1
right_child=1 -3 4 -5 5 -7 -8
leaf_value=-0.00031996858884996538 0.00018351554169233932 0.00049228556401389415 -0.00017510911895249253 -0.00017871890083161025 0.0005180064448696769 -1.2642877750790991e-05 0.00010667950085872757
leaf_weight=153 31 29 88 35 28 357 25
leaf_count=153 31 29 88 35 28 357 25
internal_value=-0.000375336 0.000369717 -8.34891e-05 0.00409091 -0.000665963 0.000194804 -0.00275281
internal_weight=746 568 539 66 473 385 178
internal_count=746 568 539 66 473 385 178
is_linear=0
shrinkage=0.05


Tree=22
num_leaves=8
num_cat=0
split_feature=12 16 16 5 7 7 8
split_gain=0.529884 0.539675 0.552185 0.404149 0.520617 1.03582 0.673487
threshold=-0.05793872793170584 -0.023276200881093109 -0.020134548431794127 0.012815803129536112 0.051120070005649228 0.024839493847502173 0.10437351288753606
decision_type=2 2 2 2 2 2 8
left_child=-1 -2 -3 -4 5 -5 -7
right_child=1 2 3 4 -6 6 -8
leaf_value=0.00027632326666236957 -0.00017467466840127865 0.00011164243725708353 -0.00013212156509237404 -1.8528107850771563e-05 -0.00012237078919039975 0.00059212216369099809 -6.0798137013657943e-05
leaf_weight=26 67 25 246 171 114 66 25
leaf_count=26 67 25 246 171 114 66 25
internal_value=-0.000472974 -0.000728293 -0.000285936 -0.000578779 0.000452126 0.00167939 0.00598901
internal_weight=740 714 647 622 376 262 91
internal_count=740 714 647 622 376 262 91
is_linear=0
shrinkage=0.05


Tree=23
num_leaves=8
num_cat=0
split_feature=5 6 2 9 4 16 7
split_gain=0.867263 1.49024 0.549774 0.540639 0.550456 0.374661 0.433333
threshold=0.017465260884209858 -0.17556481493890269 0.084074282263711511 0.30029824949542122 0.023348466868361704 0.027473777076468035 0.052000575183309257
decision_type=2 2 2 10 2 2 2
left_child=3 -2 -3 5 -5 -1 -7
right_child=1 2 -4 4 -6 6 -8
leaf_value=-9.7556587748727345e-05 -0.00010862024024836599 0.0012609775009831813 9.753910349733481e-05 8.4969172743207927e-05 -2.9849855114945824e-05 0.00046199937869194954 -0.0003162291937384476
leaf_weight=534 45 25 26 25 27 39 26
leaf_count=534 45 25 26 25 27 39 26
internal_value=-0.000582331 0.00385417 0.00970588 -0.00123656 0.00365384 -0.0016611 0.00192308
internal_weight=747 96 51 651 52 599 65
internal_count=747 96 51 651 52 599 65
is_linear=0
shrinkage=0.05


Tree=24
num_leaves=8
num_cat=0
split_feature=6 4 8 16 16 0 8
split_gain=0.414732 0.595664 0.516529 0.445938 0.592364 0.464513 0.585286
threshold=-0.67503287795966604 0.034787295497239086 -0.056528221019602302 -0.0051711704141383366 -0.00091340677079071442 -0.00035876116039962319 0.09088050627621648
decision_type=2 2 8 2 2 2 8
left_child=-1 2 -2 -4 -5 6 -6
right_child=1 -3 3 4 5 -7 -8
leaf_value=-0.0001748352486336526 8.9054954983463732e-05 0.00047024901708650463 -0.00012163121510689046 0.0006508474628978395 1.7423924859430854e-06 -3.6573391316171832e-05 0.00026865271930961521
leaf_weight=174 39 29 150 35 77 215 25
leaf_count=174 39 29 150 35 77 215 25
internal_value=-0.000564517 8.77181e-05 -0.000286508 -0.000717133 0.000255681 -0.000425869 0.00235294
internal_weight=744 570 541 502 352 317 102
internal_count=744 570 541 502 352 317 102
is_linear=0
shrinkage=0.05


Tree=25
num_leaves=8
num_cat=0
split_feature=3 12 0 9 3 14 15
split_gain=0.524835 0.483595 0.417817 0.593868 0.845148 0.741834 0.841211
threshold=0.015921343973674399 0.060736878271406176 -0.0061399021214071916 -0.072279914869332149 -0.0088313061977557932 0.043372068741787458 -0.0038552458573112287
decision_type=2 2 2 10 2 2 2
left_child=1 2 3 -1 -5 6 -6
right_child=-2 -3 -4 4 5 -7 -8
leaf_value=-0.00021964601438976086 0.00045845012541122942 0.00014022720694525405 -0.00011310799982985523 0.00029167398414242841 0.0007828617216198016 -9.5826889064684205e-05 -6.9534840241380558e-05
leaf_weight=66 27 44 460 36 37 44 36
leaf_count=66 27 44 460 36 37 44 36
internal_value=-0.000733335 -0.000988936 -0.00131812 0.000479451 0.00218954 0.000128204 0.00321918
internal_weight=750 723 679 219 153 117 73
internal_count=750 723 679 219 153 117 73
is_linear=0
shrinkage=0.05


Tree=26
num_leaves=8
num_cat=0
split_feature=8 14 9 6 8 16 2
split_gain=0.42262 0.852678 0.360965 0.989942 0.465511 0.499682 0.504682
threshold=-0.088556671757284197 -0.0099321131423574776 0.27220105830735458 0.017991199536269067 0.09369030299161886 0.022507306209010095 0.03763964623684702
decision_type=10 2 10 2 10 2 2
left_child=1 -1 4 -4 5 -2 -7
right_child=2 -3 3 -5 -6 6 -8
leaf_value=0.0001438683288960249 -7.9521067395142459e-05 -0.00024455397862986069 -3.4618843424553871e-05 0.00024517977054686508 -0.00020276448660070824 -3.4157350405309069e-05 0.00066756641802848864
leaf_weight=27 438 25 50 45 81 51 26
leaf_count=27 438 25 50 45 81 51 26
internal_value=-0.000693137 0.00365384 -0.00102026 0.0018421 -0.00147651 -0.000922331 0.00279221
internal_weight=743 52 691 95 596 515 77
internal_count=743 52 691 95 596 515 77
is_linear=0
shrinkage=0.05


Tree=27
num_leaves=8
num_cat=0
split_feature=9 16 11 15 3 12 12
split_gain=0.712153 0.48055 0.489755 0.845812 0.488308 0.302612 0.529581
threshold=0.14115946051900433 0.0085553072886944709 -0.0041436814843686101 -0.0023923005513376556 0.00071903651676019653 0.0011335726897910849 0.0066896408709551389
decision_type=8 2 2 2 2 2 2
left_child=1 2 4 -4 -1 -2 -7
right_child=5 -3 3 -5 -6 6 -8
leaf_value=-0.00017590597492538661 -9.6895695816726597e-05 -1.6391516615505684e-05 0.00061987145668980471 1.7879661985844362e-05 0.00066668319693325903 0.00029703838992466922 -8.5244505803857076e-05
leaf_weight=51 143 128 29 47 30 31 286
leaf_count=51 143 128 29 47 30 31 286
internal_value=-0.0011745 0.000789472 0.00264331 0.00552631 -6.17296e-05 -0.00239131 -0.00152997
internal_weight=745 285 157 76 81 460 317
internal_count=745 285 157 76 81 460 317
is_linear=0
shrinkage=0.05


Tree=28
num_leaves=8
num_cat=0
split_feature=0 15 6 13 0 15 11
split_gain=0.366393 0.644627 0.973022 0.564321 0.55234 0.751869 0.921818
threshold=0.013628085554632909 0.012577743157088929 0.30815520050820072 16.125000000000004 -0.013344293998592325 -0.011057616164432514 0.0026615433569360252
decision_type=2 2 2 2 2 2 2
left_child=4 2 3 -2 5 -1 -7
right_child=1 -3 -4 -5 -6 6 -8
leaf_value=-2.4104016292037918e-05 0.00053673553177119293 -9.6496700072220279e-05 -6.6990223294628414e-05 2.662822628094145e-05 -7.7735901352019837e-05 0.0011102519501562864 -1.9839247395586755e-05
leaf_weight=56 28 43 48 31 491 25 30
leaf_count=56 28 43 48 31 491 25 30
internal_value=-0.000877661 0.00133333 0.00341121 0.00771186 -0.00142857 0.00175676 0.00590909
internal_weight=752 150 107 59 602 111 55
internal_count=752 150 107 59 602 111 55
is_linear=0
shrinkage=0.05


Tree=29
num_leaves=8
num_cat=0
split_feature=13 4 4 4 6 4 6
split_gain=0.366584 0.674504 0.513793 0.847359 0.710496 0.61286 0.643809
threshold=14.340000152587892 0.017610030212989135 0.021887402367855389 0.024034458201909373 0.34008641422436586 0.026210004568668423 1.2160317525015645
decision_type=2 2 2 2 2 2 2
left_child=1 -1 -2 4 -4 -5 -7
right_child=2 -3 3 5 -6 6 -8
leaf_value=4.9805090420458123e-05 -7.7580063806294123e-05 -0.0001834704857212393 0.00036997554074823951 -0.00019928164744716307 -8.4910842927959744e-05 8.8722067243450386e-06 0.00038028408335427508
leaf_weight=25 228 139 58 79 26 150 25
leaf_count=25 228 139 58 79 26 150 25
internal_value=-0.000479453 -0.00256098 0.000123674 0.00136095 0.00571428 -7.87413e-05 0.00157143
internal_weight=730 164 566 338 84 254 175
internal_count=730 164 566 338 84 254 175
is_linear=0
shrinkage=0.05


Tree=30
num_leaves=8
num_cat=0
split_feature=6 2 9 12 2 12 11
split_gain=0.564347 0.301383 0.541763 0.733583 0.488881 0.375951 0.36316
threshold=2.3873065542117842 0.00044551436346118583 0.14115946051900433 0.025122863139992905 -0.10398452240409865 0.048426875368409401 0.023488244118780924
decision_type=2 2 8 2 2 2 2
left_child=1 4 3 -3 -1 -5 -6
right_child=-2 2 -4 5 6 -7 -8
leaf_value=0.00015306687296059814 0.00034837160598765257 0.00038930550327386789 -3.060305464226593e-05 -9.9131826789073711e-05 -0.00010531553718621552 6.6344989534591745e-05 4.0085598852635788e-05
leaf_weight=30 34 39 294 64 197 49 30
leaf_count=30 34 39 294 64 197 49 30
internal_value=-0.000997287 -0.00130157 -0.000515696 0.00190789 -0.00266537 -0.000132745 -0.00345815
internal_weight=737 703 446 152 257 113 227
internal_count=737 703 446 152 257 113 227
is_linear=0
shrinkage=0.05


Tree=31
num_leaves=8
num_cat=0
split_feature=1 12 8 4 10 0 7
split_gain=0.395549 0.831902 0.982732 0.484992 0.682105 0.514417 0.514104
threshold=-0.00052731728595245542 0.051846022032751578 0.058618531151617199 0.034398727001360645 -0.0072745110629502388 -1.0000000180025095e-35 -0.010888438402424259
decision_type=2 2 8 2 2 2 2
left_child=3 -2 -3 4 -1 6 -6
right_child=1 2 -4 -5 5 -7 -8
leaf_value=-0.00020290213002327262 -6.7598656735199763e-05 0.00064601571184878044 -3.929951935715705e-05 0.0004050035814671241 0.00024141323138728553 -0.00014404571469412469 -3.5368155291306192e-05
leaf_weight=60 362 25 34 25 74 103 48
leaf_count=60 362 25 34 25 74 103 48
internal_value=-0.00103283 -0.00203088 0.00347458 0.000322579 -0.000263159 0.000999999 0.00319672
internal_weight=731 421 59 310 285 225 122
internal_count=731 421 59 310 285 225 122
is_linear=0
shrinkage=0.05


end of trees

feature_importances:
spy_ret_20d=26
dvol_z_20=23
dist_ma50=18
parkinson_20=17
sector_ret_5d=16
ret_1d=15
overnight_gap=14
atr_pct=14
dist_ma20=14
dist_ma200=14
spy_ret_1d=10
vix_chg_1d=9
ret_20d=8
sector_ret_1d=8
spy_ret_5d=7
ret_5d=6
vix_level=5

parameters:
[boosting: gbdt]
[objective: quantile]
[metric: quantile]
[tree_learner: serial]
[device_type: cpu]
[data_sample_strategy: bagging]
[data: ]
[valid: ]
[num_iterations: 80]
[learning_rate: 0.05]
[num_leaves: 8]
[num_threads: 1]
[seed: 0]
[deterministic: 0]
[force_col_wise: 1]
[force_row_wise: 0]
[histogram_pool_size: -1]
[max_depth: -1]
[min_data_in_leaf: 25]
[min_sum_hessian_in_leaf: 0.001]
[bagging_fraction: 0.9]
[pos_bagging_fraction: 1]
[neg_bagging_fraction: 1]
[bagging_freq: 1]
[bagging_seed: 3]
[bagging_by_query: 0]
[feature_fraction: 0.9]
[feature_fraction_bynode: 1]
[feature_fraction_seed: 2]
[extra_trees: 0]
[extra_seed: 6]
[early_stopping_round: 0]
[early_stopping_min_delta: 0]
[first_metric_only: 0]
[max_delta_step: 0]
[lambda_l1: 0]
[lambda_l2: 0]
[linear_lambda: 0]
[min_gain_to_split: 0]
[drop_rate: 0.1]
[max_drop: 50]
[skip_drop: 0.5]
[xgboost_dart_mode: 0]
[uniform_drop: 0]
[drop_seed: 4]
[top_rate: 0.2]
[other_rate: 0.1]
[min_data_per_group: 100]
[max_cat_threshold: 32]
[cat_l2: 10]
[cat_smooth: 10]
[max_cat_to_onehot: 4]
[top_k: 20]
[monotone_constraints: ]
[monotone_constraints_method: basic]
[monotone_penalty: 0]
[feature_contri: ]
[forcedsplits_filename: ]
[refit_decay_rate: 0.9]
[cegb_tradeoff: 1]
[cegb_penalty_split: 0]
[cegb_penalty_feature_lazy: ]
[cegb_penalty_feature_coupled: ]
[path_smooth: 0]
[interaction_constraints: ]
[verbosity: -1]
[saved_feature_importance_type: 0]
[use_quantized_grad: 0]
[num_grad_quant_bins: 4]
[quant_train_renew_leaf: 0]
[stochastic_rounding: 1]
[linear_tree: 0]
[max_bin: 255]
[max_bin_by_feature: ]
[min_data_in_bin: 3]
[bin_construct_sample_cnt: 200000]
[data_random_seed: 1]
[is_enable_sparse: 1]
[enable_bundle: 1]
[use_missing: 1]
[zero_as_missing: 0]
[feature_pre_filter: 1]
[pre_partition: 0]
[two_round: 0]
[header: 0]
[label_column: ]
[weight_column: ]
[group_column: ]
[ignore_column: ]
[categorical_feature: ]
[forcedbins_filename: ]
[precise_float_parser: 0]
[parser_config_file: ]
[objective_seed: 5]
[num_class: 1]
[is_unbalance: 0]
[scale_pos_weight: 1]
[sigmoid: 1]
[boost_from_average: 1]
[reg_sqrt: 0]
[alpha: 0.9]
[fair_c: 1]
[poisson_max_delta_step: 0.7]
[tweedie_variance_power: 1.5]
[lambdarank_truncation_level: 30]
[lambdarank_norm: 1]
[label_gain: ]
[lambdarank_position_bias_regularization: 0]
[eval_at: ]
[multi_error_top_k: 1]
[auc_mu_weights: ]
[num_machines: 1]
[local_listen_port: 12400]
[time_out: 120]
[machine_list_filename: ]
[machines: ]
[gpu_platform_id: -1]
[gpu_device_id: -1]
[gpu_device_id_list: ]
[gpu_use_dp: 0]
[num_gpu: 1]

end of parameters

pandas_categorical:[]
