tree
version=v4
num_class=1
num_tree_per_iteration=1
label_index=0
max_feature_idx=16
objective=quantile
feature_names=ret_1d ret_5d ret_20d overnight_gap atr_pct parkinson_20 dvol_z_20 dist_ma20 dist_ma50 dist_ma200 spy_ret_1d spy_ret_5d spy_ret_20d vix_level vix_chg_1d sector_ret_1d sector_ret_5d
feature_infos=[-0.10669184924270436:0.14250558881805575] [-0.17152082027611382:0.17078218208147433] [-0.23355038360903635:0.36527895508255059] [-0.058127476159126723:0.08770818449268325] [0.017242229282187802:0.058458085017968058] [0.010607774567840162:0.033838875958493157] [-2.0481038384289207:4.1837795122363151] [-0.14304096499628993:0.15616577518986308] [-0.18682229839400999:0.19515458417730747] [-0.18357260350230631:0.27340551099857602] [-0.058542971330535654:0.10501930183911301] [-0.11496151859245618:0.082843162776128354] [-0.1226559005192206:0.15756591020035837] [11.859999656677246:52.330001831054688] [-0.35753873962348437:0.74039073966007019] [-0.068247998544687438:0.13425697132599002] [-0.13587196028298487:0.11773217696052685]
tree_sizes=831 848 858 868 852 871 862 853 863 862 873 867 862 866 859 868 865 860 853 870 873 858 861 854 865 864 853 854 862 870 860 870 864 864

Tree=0
num_leaves=8
num_cat=0
split_feature=6 9 5 13 9 5 10
split_gain=1.64868 1.627 1.12502 0.879391 0.859477 0.833705 0.506993
threshold=0.95629132794121252 -0.093790499966392479 0.017729315607071621 14.765000343322756 -0.05980207707910689 0.021303843249516809 -0.00025978449841479451
decision_type=2 10 2 2 8 2 2
left_child=4 -2 3 -3 5 -1 -7
right_child=1 2 -4 -5 -6 6 -8
leaf_value=-0.02298104215040335 -0.022060324623077582 -0.023045357960755696 -0.023257722046536596 -0.022195901068733356 -0.022079347890707417 -0.021576252292785109 -0.023048836551130669
leaf_weight=39 42 26 26 31 527 29 26
leaf_count=39 42 26 26 31 527 29 26
internal_value=-0.0224278 -0.0276669 -0.0317248 -0.0277932 -0.0213732 -0.0257776 -0.0218124
internal_weight=746 125 83 57 621 94 55
internal_count=746 125 83 57 621 94 55
is_linear=0
shrinkage=1


Tree=1
num_leaves=8
num_cat=0
split_feature=0 8 9 3 5 1 13
split_gain=1.05042 1.33032 0.51073 0.696528 1.08521 0.387174 0.382333
threshold=0.028625101391623001 0.044673405001162576 0.01078160412368845 -0.0027723006843816673 0.022247944566583144 0.064361219977972742 16.375000000000004
decision_type=2 8 8 2 2 2 2
left_child=2 -2 3 4 -1 -4 -5
right_child=1 -3 5 6 -6 -7 -8
leaf_value=-0.0013709983089999886 -0.00056985038370612471 0.00026775218275932304 0.00021953325208241161 -0.00074001545389081015 0.00039554652154318742 -6.8194282901102695e-05 0.00010152705492199668
leaf_weight=47 25 26 465 27 25 35 83
leaf_count=47 25 26 465 27 25 35 83
internal_value=0.00015689 -0.00676471 0.000674487 -0.00159341 -0.00541667 0.0015 0.000909091
internal_weight=733 51 682 182 72 500 110
internal_count=733 51 682 182 72 500 110
is_linear=0
shrinkage=0.05


Tree=2
num_leaves=8
num_cat=0
split_feature=6 14 9 5 9 5 5
split_gain=1.23173 1.61953 0.672222 0.586027 0.570014 1.07601 0.911566
threshold=0.95629132794121252 -0.031629138048926246 -0.093790499966392479 0.015254826793893237 -0.0070795004098325167 0.020807197572978459 0.018001211608658054
decision_type=2 2 10 2 8 2 2
left_child=4 -2 -3 -4 5 6 -1
right_child=1 2 3 -5 -6 -7 -8
leaf_value=-0.00024676153353359373 -0.00043556308319515636 0.00027983615288651274 0.00010659276507247648 -0.0011293533469345053 0.00022941713537343104 0.00010713656634513392 -0.0015763824488503498
leaf_weight=36 38 30 27 33 478 77 26
leaf_count=36 38 30 27 33 478 77 26
internal_value=-0.000302013 -0.00476562 -0.00111111 -0.00416667 0.000623987 -0.00219424 -0.00709677
internal_weight=745 128 90 60 617 139 62
internal_count=745 128 90 60 617 139 62
is_linear=0
shrinkage=0.05


Tree=3
num_leaves=8
num_cat=0
split_feature=6 1 1 6 9 0 12
split_gain=1.33392 0.98565 1.87723 0.756497 0.703704 0.611771 0.783528
threshold=-0.46963046960792371 -0.0016878809026842354 0.0062526688974691167 -0.33017820183877017 0.13664271130459718 0.035255775730750123 0.014776442004869829
decision_type=2 2 2 2 8 2 2
left_child=-1 4 -3 -4 -2 6 -5
right_child=1 2 3 5 -6 -7 -8
leaf_value=0.0003274055048064993 -0.00020502375179210871 -0.0010246379108519432 -0.00082804044865798635 0.00040187710627833924 0.00041466917749630639 -0.00049616305767176936 -0.00025020091177720946
leaf_weight=265 152 32 26 63 64 26 109
leaf_count=265 152 32 26 63 64 26 109
internal_value=-0.000291723 -0.00188559 -0.00398437 -0.00236607 0.000601852 -0.00131313 -0.000232558
internal_weight=737 472 256 224 216 198 172
internal_count=737 472 256 224 216 198 172
is_linear=0
shrinkage=0.05


Tree=4
num_leaves=8
num_cat=0
split_feature=6 14 9 9 6 9 14
split_gain=1.6631 1.39778 0.720497 0.695338 0.47772 0.814125 1.07394
threshold=0.87715574290902387 -0.031629138048926246 -0.093790499966392479 0.05041475230610127 -0.46963046960792371 -0.0070795004098325167 0.010891009150098998
decision_type=2 2 10 10 2 8 2
left_child=4 -2 -3 -4 -1 6 -6
right_child=1 2 3 -5 5 -7 -8
leaf_value=0.00037098491451447206 -0.00045665714488962104 0.00028580608766950566 -0.0010289642293666867 5.5929049180311217e-05 -0.0012963103660200816 5.0102508275284907e-05 0.00020008878716243404
leaf_weight=278 43 29 25 38 44 252 34
leaf_count=278 43 29 25 38 44 252 34
internal_value=2.01886e-05 -0.005 -0.00152174 -0.00452381 0.00113487 -0.000151515 -0.00461538
internal_weight=743 135 92 63 608 330 78
internal_count=743 135 92 63 608 330 78
is_linear=0
shrinkage=0.05


Tree=5
num_leaves=8
num_cat=0
split_feature=6 9 10 9 16 12 12
split_gain=0.951664 1.02979 1.56228 0.657873 0.826289 0.386138 0.381405
threshold=-0.46963046960792371 -0.057154221423363342 -0.00025978449841479451 0.13313775923997465 0.0063388258994082633 -0.0059221640754917306 0.028022434597805738
decision_type=2 8 2 10 2 2 2
left_child=-1 2 -2 5 -5 -3 -7
right_child=1 3 -4 4 -6 6 -8
leaf_value=0.00029900860224936769 4.8750152649948328e-06 0.00039820222614708539 -0.0013187520328980596 6.1821584959417347e-05 -0.00026240646502588772 -0.00029214266936179961 0.00027130916370383604
leaf_weight=272 43 67 41 33 49 112 115
leaf_count=272 43 67 41 33 49 112 115
internal_value=8.19674e-05 -0.00130435 -0.00630952 -0.00018617 -0.00414634 0.000918368 -6.60791e-05
internal_weight=732 460 84 376 82 294 227
internal_count=732 460 84 376 82 294 227
is_linear=0
shrinkage=0.05


Tree=6
num_leaves=8
num_cat=0
split_feature=6 9 6 9 10 0 14
split_gain=0.786379 0.943216 0.751361 0.416064 0.798603 1.10139 0.393009
threshold=0.95629132794121252 -0.092426395621253807 1.8989961841898499 -0.053301777616712669 -0.00025978449841479451 0.013748994837386232 -0.0049345356588886271
decision_type=2 10 2 8 2 2 2
left_child=3 -2 -3 4 -1 -6 -5
right_child=1 2 -4 6 5 -7 -8
leaf_value=0.00026057511370586268 0.00013629484526761596 -0.00070055544095801289 -0.00010008343280597651 0.00036278932966423561 -0.0010380693831147443 0.00028859127615378012 1.6258825177666434e-05
leaf_weight=48 44 49 35 258 28 27 255
leaf_count=48 44 49 35 258 28 27 255
internal_value=0.000362903 -0.00320312 -0.00630952 0.0011039 -0.00179612 -0.00590909 0.00168616
internal_weight=744 128 84 616 103 55 513
internal_count=744 128 84 616 103 55 513
is_linear=0
shrinkage=0.05


Tree=7
num_leaves=8
num_cat=0
split_feature=6 9 5 0 3 2 4
split_gain=0.934196 0.967462 1.39326 0.557949 0.417595 0.878839 0.703247
threshold=0.95629132794121252 -0.092426395621253807 0.015254826793893237 0.0034205776895915867 0.0081631555378833837 0.006111973686865447 0.026980415159019427
decision_type=2 10 2 2 2 2 2
left_child=4 -2 -3 -4 -1 -6 -7
right_child=1 2 3 -5 5 6 -8
leaf_value=0.00018504473589689695 0.00012435001114150136 4.0425909349600103e-05 -0.00048462527884652966 -0.00084301406726390398 0.00030930164308499118 -0.00076143720617364728 -6.4029681242779195e-05
leaf_weight=507 43 31 26 25 53 27 28
leaf_count=507 43 31 26 25 53 27 28
internal_value=0.000540541 -0.0034 -0.00658537 -0.0116667 0.00134146 -0.00148148 -0.00590909
internal_weight=740 125 82 51 615 108 55
internal_count=740 125 82 51 615 108 55
is_linear=0
shrinkage=0.05


Tree=8
num_leaves=8
num_cat=0
split_feature=6 9 9 6 6 4 10
split_gain=0.844425 1.07534 1.10787 0.523129 0.550292 0.695633 0.453323
threshold=-0.46963046960792371 -0.057154221423363342 -0.099835703354293856 -0.3988251643753043 1.1873703403644591 0.021431426730769542 -0.0045587761694280129
decision_type=2 8 10 2 2 2 2
left_child=-1 2 -2 -3 5 -5 -6
right_child=1 3 -4 4 6 -7 -8
leaf_value=0.00033961289426590686 -0.00015930863596049936 -0.00026756467789813382 -0.00085274554258804786 -0.00027793226616735952 0.00047736630095032299 0.00024887630432413738 -0.00031501648102137783
leaf_weight=278 46 26 42 37 26 239 67
leaf_count=278 46 26 42 37 26 239 67
internal_value=0.000466492 -0.000797101 -0.00579545 0.000316456 0.000799458 0.00192029 -0.00252688
internal_weight=761 483 88 395 369 276 93
internal_count=761 483 88 395 369 276 93
is_linear=0
shrinkage=0.05


Tree=9
num_leaves=8
num_cat=0
split_feature=6 10 4 9 13 13 11
split_gain=0.551918 0.780275 1.07408 0.462519 0.61225 0.817871 0.774683
threshold=-0.46963046960792371 -0.0045587761694280129 0.040551463168733856 0.19986355032128447 16.469999313354496 14.50500011444092 0.0040071098607011866
decision_type=2 2 2 8 2 2 2
left_child=-1 -2 3 4 5 -3 -7
right_child=1 2 -4 -5 -6 6 -8
leaf_value=0.00030406424195775716 0.0002892520791527237 8.0699406458697274e-05 -0.00056045663237281197 0.00013300713570110791 3.8113048677201273e-05 -0.0012332876269269908 -0.00033636608309754257
leaf_weight=277 109 46 28 109 95 25 49
leaf_count=277 109 46 28 109 95 25 49
internal_value=0.000528455 -0.000531453 -0.00167614 -0.000864197 -0.0022093 -0.00458333 -0.00783784
internal_weight=738 461 352 324 215 120 74
internal_count=738 461 352 324 215 120 74
is_linear=0
shrinkage=0.05


Tree=10
num_leaves=8
num_cat=0
split_feature=5 5 0 8 8 10 9
split_gain=0.694382 1.3589 0.556 0.864155 0.728521 0.350786 0.534396
threshold=0.017729315607071621 0.018531098225209184 -0.0058878539937182164 1.0000000180025095e-35 -0.055616144917422942 -0.00020808109627140634 -0.011994330837720222
decision_type=2 2 2 10 10 2 10
left_child=5 -2 -3 4 -4 6 -1
right_child=1 2 3 -5 -6 -7 -8
leaf_value=0.00028076720770906752 -0.00098930995602236507 0.00037693242679146693 -3.1694313371457281e-05 0.00027931599628677512 -0.00061606984949925839 0.00015259065494875262 -0.00016636076576145506
leaf_weight=86 29 71 29 53 42 310 128
leaf_count=86 29 71 29 53 42 310 128
internal_value=0.000187166 -0.00214286 -0.000641025 -0.00266129 -0.00626761 0.00118321 -0.000373832
internal_weight=748 224 195 124 71 524 214
internal_count=748 224 195 124 71 524 214
is_linear=0
shrinkage=0.05


Tree=11
num_leaves=8
num_cat=0
split_feature=6 4 12 12 6 1 9
split_gain=0.597471 0.544961 0.355251 0.41263 0.535946 0.439675 0.843212
threshold=0.36545775483031456 0.034163527962377968 0.041666429099885278 0.031984591372152711 -0.77589899115458494 0.0028397668352208032 -0.064463878719905041
decision_type=2 2 2 2 2 2 8
left_child=2 -2 3 5 -5 -1 -7
right_child=1 -3 -4 4 -6 6 -8
leaf_value=0.00032297809635436131 -1.512398394687869e-05 -0.00046846105136297245 0.00029245525068862481 -0.00041477261188176736 5.6652793253101232e-05 -0.0012193880185942013 4.7052432329957867e-05
leaf_weight=214 155 42 102 26 45 25 137
leaf_count=214 155 42 102 26 45 25 137
internal_value=0.000509384 -0.00185279 0.00135701 0.000749441 -0.00274648 0.00140957 -0.000555555
internal_weight=746 197 549 447 71 376 162
internal_count=746 197 549 447 71 376 162
is_linear=0
shrinkage=0.05


Tree=12
num_leaves=8
num_cat=0
split_feature=16 1 12 0 10 13 5
split_gain=0.415317 0.600049 1.4416 0.47324 0.551145 0.67001 1.08871
threshold=0.053598884894789041 0.04468001375244935 0.031984591372152711 0.00091281453514491251 0.0048530643765671852 16.085000038146976 0.015254826793893237
decision_type=2 2 2 2 2 2 2
left_child=1 3 -3 4 5 6 -1
right_child=-2 2 -4 -5 -6 -7 -8
leaf_value=0.00016557904864948853 0.00030485863679516719 3.3404183484256638e-05 -0.00072031624624793874 0.00019007430318853936 -0.0011302563684483166 0.00021187204785671281 -0.000391836306434158
leaf_weight=64 47 69 32 250 29 175 60
leaf_count=64 47 69 32 250 29 175 60
internal_value=0.000454546 0.000139912 -0.00341584 0.000761246 -0.000487805 0.000150502 -0.00266129
internal_weight=726 679 101 578 328 299 124
internal_count=726 679 101 578 328 299 124
is_linear=0
shrinkage=0.05


Tree=13
num_leaves=8
num_cat=0
split_feature=6 6 1 7 16 10 4
split_gain=0.839358 0.70307 0.429331 0.851252 0.736118 1.43807 0.391052
threshold=-0.46963046960792371 -0.41151054926078418 0.045704134039844531 0.049541355074005373 -0.013642674793240937 0.0052229524560013516 0.026755790369344577
decision_type=2 2 2 2 2 2 2
left_child=-1 -2 4 -4 5 6 -3
right_child=1 2 3 -5 -6 -7 -8
leaf_value=0.00030620585313105158 -0.00072284133050312389 -0.00011738102275257934 -0.00043278962079538915 0.00015425641586016813 0.00014923779535005939 -0.00050742900855826846 0.00040882583598999991
leaf_weight=276 26 26 41 61 223 25 64
leaf_count=276 26 26 41 61 223 25 64
internal_value=0.000822103 -0.000472103 1.86265e-10 -0.00284314 0.000857988 -0.0023913 0.000555556
internal_weight=742 466 440 102 338 115 90
internal_count=742 466 440 102 338 115 90
is_linear=0
shrinkage=0.05


Tree=14
num_leaves=8
num_cat=0
split_feature=2 5 13 11 7 13 15
split_gain=0.828821 0.396903 0.727614 1.08296 0.989638 0.958425 0.573976
threshold=-0.14340318265381116 0.015194623553943302 15.144999980926515 0.020793253578218044 0.024038799468602771 14.175000190734865 0.018402738585624027
decision_type=2 2 2 2 2 2 2
left_child=-1 -2 3 4 5 -3 -4
right_child=1 2 6 -5 -6 -7 -8
leaf_value=-0.00039916540586499953 9.6250343708913634e-05 0.00035869391923595883 0.00014656643508022171 0.0004011824470764319 -0.00080756962117884724 -0.00023397909744626136 -0.00024746750087718366
leaf_weight=26 264 29 300 26 25 27 27
leaf_count=26 264 29 300 26 25 27 27
internal_value=0.000303868 0.000630373 -0.000299539 -0.0038785 -0.00672839 -0.00303571 0.00087156
internal_weight=724 698 434 107 81 56 327
internal_count=724 698 434 107 81 56 327
is_linear=0
shrinkage=0.05


Tree=15
num_leaves=8
num_cat=0
split_feature=8 2 8 3 12 11 5
split_gain=0.451703 0.82841 0.57629 0.728228 0.706916 0.540083 0.517839
threshold=0.048683113781545558 0.062789393044620959 0.034591040919457312 -0.0042428718471763651 0.017439018002644805 -0.020756014565235011 0.015538047966289775
decision_type=8 2 10 2 2 2 2
left_child=1 2 3 4 5 -1 -2
right_child=6 -3 -4 -5 -6 -7 -8
leaf_value=-0.000316086956431496 0.00023949854400543693 -0.00047844562344992372 -0.0008709426092465937 0.00014999746185022275 -0.00060404231267418684 0.0002595629678511057 -3.4484495619456708e-06
leaf_weight=26 147 29 36 265 32 66 131
leaf_count=26 147 29 36 265 32 66 131
internal_value=0.000355191 -0.00061674 -5.88233e-05 0.000501286 -0.00266129 -0.000434782 0.00194245
internal_weight=732 454 425 389 124 92 278
internal_count=732 454 425 389 124 92 278
is_linear=0
shrinkage=0.05


Tree=16
num_leaves=8
num_cat=0
split_feature=0 15 13 12 1 13 8
split_gain=0.532376 0.359494 0.821596 1.22721 0.637479 0.597355 0.50208
threshold=0.032165789511541483 0.0022997475603522281 15.144999980926515 0.02335237233159904 -0.00097346307948181765 16.954999923706058 0.073536435143921511
decision_type=2 2 2 2 2 2 10
left_child=1 2 3 -1 -4 -6 -5
right_child=-2 -3 4 6 5 -7 -8
leaf_value=-0.0010865497485788771 -0.00015273546390859972 5.7021988082973034e-05 0.00032872059686348356 0.00031874394018845809 -0.00050753798135452647 0.00010060982987932536 -9.0528193218399381e-05
leaf_weight=32 45 318 161 62 26 75 32
leaf_count=32 45 318 161 62 26 75 32
internal_value=0.00027297 0.000609065 -0.000412371 -0.00373016 0.00118321 -0.00193069 -0.000851064
internal_weight=751 706 388 126 262 101 94
internal_count=751 706 388 126 262 101 94
is_linear=0
shrinkage=0.05


Tree=17
num_leaves=8
num_cat=0
split_feature=2 6 14 2 12 4 3
split_gain=0.92019 0.422672 0.922877 0.495806 0.396423 0.56389 0.450103
threshold=-0.15030973670692235 0.87715574290902387 -0.03533310709284803 0.085661317001774054 0.043059642208465816 0.020581871882269152 -0.01174319005455182
decision_type=2 2 2 2 2 2 2
left_child=-1 4 -3 -4 5 -2 -7
right_child=1 2 3 -5 -6 6 -8
leaf_value=-0.00039074034380967294 -0.00063589844666788516 -0.00024430965653157933 0.0001106172811286091 -0.00044877932799590654 0.00025338460765833608 -0.0001109480500529197 0.00014658431868056442
leaf_weight=25 33 37 61 25 107 39 417
leaf_count=25 33 37 61 25 107 39 417
internal_value=0.000430108 0.000757997 -0.00191057 0.000930233 0.00130872 0.000705522 0.00116228
internal_weight=744 719 123 86 596 489 456
internal_count=744 719 123 86 596 489 456
is_linear=0
shrinkage=0.05


Tree=18
num_leaves=8
num_cat=0
split_feature=9 6 13 6 3 13 13
split_gain=0.561764 0.876873 0.81299 0.860388 0.608692 0.268952 0.48258
threshold=0.013254367625108234 -0.46227973293174979 16.355000495910648 -0.12559987450015428 -0.0016315280629900506 15.144999980926515 14.63499975204468
decision_type=8 2 2 2 2 2 2
left_child=1 -1 -3 -4 -5 6 -2
right_child=5 2 3 4 -6 -7 -8
leaf_value=6.3705783107673232e-05 2.5966262631104701e-05 -0.00097975808622002662 -0.0006457471272060402 -0.00056415218993365838 0.00014037677054220572 0.00014474675523471151 -0.00015731146235884756
leaf_weight=72 186 27 27 37 50 310 41
leaf_count=72 186 27 27 37 50 310 41
internal_value=0.0006 -0.00157277 -0.00386525 -0.00201754 0.000402299 0.00146183 0.000154185
internal_weight=750 213 141 114 87 537 227
internal_count=750 213 141 114 87 537 227
is_linear=0
shrinkage=0.05


Tree=19
num_leaves=8
num_cat=0
split_feature=16 10 14 14 11 1 10
split_gain=0.538116 1.3281 0.467595 0.519289 0.480517 1.2004 0.419942
threshold=-0.0099364436521825455 0.0055649513085964672 -0.0066427814256201914 0.058009640559056781 0.016276955956380904 0.020980538941495878 -0.0055253029172103165
decision_type=2 2 2 2 2 2 2
left_child=1 6 -2 4 5 -4 -1
right_child=2 -3 3 -5 -6 -7 -8
leaf_value=-9.4534609747865222e-05 0.00018336413528836833 -0.00043623367920342729 1.8401009962193051e-06 0.00031946877698026127 8.1526627794830883e-05 -0.00090160013514843694 0.00025503144910404238
leaf_weight=77 288 37 96 60 60 30 93
leaf_count=77 288 37 96 60 60 30 93
internal_value=0.000883941 -0.00128019 0.00172285 0.000121951 -0.0011828 -0.00293651 0.000588235
internal_weight=741 207 534 246 186 126 170
internal_count=741 207 534 246 186 126 170
is_linear=0
shrinkage=0.05


Tree=20
num_leaves=8
num_cat=0
split_feature=2 16 7 5 2 5 5
split_gain=0.556334 0.400636 0.534121 0.834573 0.540018 0.492795 0.431218
threshold=-0.15030973670692235 0.053598884894789041 -0.019435845237401102 0.015194623553943302 1.0000000180025095e-35 0.015412512451976187 0.017729315607071621
decision_type=2 2 2 2 2 2 2
left_child=-1 2 -2 4 -4 -5 -7
right_child=1 -3 3 5 -6 6 -8
leaf_value=-0.00033110920580660868 0.00026814598540739535 0.00031728918249036842 -0.00059380651331495879 -0.00014188212981549876 0.00017099505587707053 4.3686993016177148e-05 -0.00044144790737131998
leaf_weight=25 159 48 33 25 186 145 118
leaf_count=25 159 48 33 25 186 145 118
internal_value=0.000331529 0.000588235 0.00027027 -0.000522682 0.00180365 -0.00229167 -0.00165399
internal_weight=739 714 666 507 219 288 263
internal_count=739 714 666 507 219 288 263
is_linear=0
shrinkage=0.05


Tree=21
num_leaves=8
num_cat=0
split_feature=4 14 1 11 6 13 0
split_gain=0.52082 0.682828 0.411189 0.620606 0.334574 0.451882 0.315051
threshold=0.032681774183364119 -0.051474636784154308 0.0041288814307181019 0.0093718282563531891 1.5220897651662193 15.425000190734865 -0.012578485350595523
decision_type=2 2 2 2 2 2 2
left_child=4 -2 -3 -4 6 -6 -1
right_child=1 2 3 -5 5 -7 -8
leaf_value=0.00040399036032461494 -0.00034215621061617769 0.00025964604430876286 -0.00067439379385478586 0.00021690699264795616 -0.00073824892789386596 2.9424387587092498e-05 2.2377740348019804e-05
leaf_weight=85 45 65 25 30 30 32 434
leaf_count=85 45 65 25 30 30 32 434
internal_value=0.000509384 -0.0019697 1.86265e-10 -0.00318182 0.00121343 -0.00225806 0.00162813
internal_weight=746 165 120 55 581 62 519
internal_count=746 165 120 55 581 62 519
is_linear=0
shrinkage=0.05


Tree=22
num_leaves=8
num_cat=0
split_feature=9 5 5 0 10 1 9
split_gain=0.453938 0.480162 0.568275 0.568067 0.455556 0.354286 0.279437
threshold=0.013254367625108234 0.021828569437789463 0.019503854436544742 -0.0067783004861856613 -0.00025978449841479451 0.011819001497294536 0.18436115023101132
decision_type=8 2 2 2 2 2 10
left_child=1 2 3 -1 -3 -5 -2
right_child=6 4 -4 5 -6 -7 -8
leaf_value=-0.00032956332826871164 8.2146963306051147e-05 0.00027290793482744448 -0.00075556456550224141 0.00058350793309235852 -0.00029740096867058273 -0.00047856416312363711 -2.4178366302425442e-05
leaf_weight=34 464 41 31 31 40 25 74
leaf_count=34 464 41 31 31 40 25 74
internal_value=0.000337838 -0.00168317 -0.00367769 -0.00166667 0.0012963 0.00142857 0.00109665
internal_weight=740 202 121 90 81 56 538
internal_count=740 202 121 90 81 56 538
is_linear=0
shrinkage=0.05


Tree=23
num_leaves=8
num_cat=0
split_feature=2 16 2 9 13 11 9
split_gain=0.846795 0.442786 0.399356 1.17697 0.454932 0.5 0.433682
threshold=-0.15030973670692235 0.053598884894789041 0.06787290632892963 0.051512287282038723 14.059999942779543 0.011258220737919157 -0.024194838097910117
decision_type=2 2 2 8 2 2 10
left_child=-1 2 6 -4 5 -5 -2
right_child=1 -3 3 4 -6 -7 -8
leaf_value=-0.00028257588655194012 0.00014064447039921607 0.00025463345286884544 -0.00086618049186165062 3.2848537749576972e-05 9.513985244971616e-05 -0.00051077270707371451 -2.6715045816435909e-05
leaf_weight=25 214 48 27 25 84 25 299
leaf_count=25 214 48 27 25 84 25 299
internal_value=4.68543e-05 0.000360111 2.96738e-05 -0.00214286 -0.00022388 -0.004 0.000711501
internal_weight=747 722 674 161 134 50 513
internal_count=747 722 674 161 134 50 513
is_linear=0
shrinkage=0.05


Tree=24
num_leaves=8
num_cat=0
split_feature=2 6 16 1 14 8 2
split_gain=0.513277 0.413762 0.378447 0.479187 1.12553 0.603327 0.758328
threshold=-0.15030973670692235 -1.1147395907453035 0.054748975145843322 0.04468001375244935 -0.037220785866969024 0.048429334328554459 0.062324631357665757
decision_type=2 2 2 2 2 8 2
left_child=-1 -2 3 5 -5 6 -3
right_child=1 2 -4 4 -6 -7 -8
leaf_value=-0.00025601698960377644 0.00034910122213426334 1.0651666714619822e-06 0.00025456248704880423 0.00055438664806399106 -0.00073039239253941889 0.00022788441231166073 -0.00057663769826754422
leaf_weight=26 50 332 40 29 68 174 25
leaf_count=26 50 332 40 29 68 174 25
internal_value=0.000362903 0.000612814 0.000284431 -1.59234e-05 -0.00324742 0.000574388 -0.000602241
internal_weight=744 718 668 628 97 531 357
internal_count=744 718 668 628 97 531 357
is_linear=0
shrinkage=0.05


Tree=25
num_leaves=8
num_cat=0
split_feature=10 6 6 14 3 5 2
split_gain=0.479558 0.393197 1.07141 0.332089 0.519697 0.478139 0.311493
threshold=0.01542612816856115 -0.46963046960792371 -0.3988251643753043 -0.0043060965648996632 0.0037784930749843464 0.018001211608658054 0.069936469039924468
decision_type=2 2 2 2 2 2 2
left_child=1 3 -3 -1 5 -5 -4
right_child=-2 2 6 4 -6 -7 -8
leaf_value=0.00023621352769342613 -0.00016400283929343947 -0.00063953706469528854 1.7734773166035179e-05 0.000274397597936644 -0.00017344969175287449 -0.0003324265947976484 -0.0002020234560546941
leaf_weight=140 26 26 315 77 27 28 111
leaf_count=140 26 26 315 77 27 28 111
internal_value=0.000133334 0.000372928 -0.000530973 0.001875 7.57578e-05 0.00166667 7.04227e-05
internal_weight=750 724 452 272 132 105 426
internal_count=750 724 452 272 132 105 426
is_linear=0
shrinkage=0.05


Tree=26
num_leaves=8
num_cat=0
split_feature=6 9 6 14 11 13 4
split_gain=0.506518 0.813239 0.606868 0.492894 0.98 0.882434 0.699194
threshold=-0.46963046960792371 0.1458984189176247 -0.33017820183877017 -0.058539441914538297 0.0049014316460139771 15.905000209808351 0.025138944883489691
decision_type=2 8 2 2 2 2 2
left_child=-1 2 -2 4 -4 6 -5
right_child=1 -3 3 5 -6 -7 -8
leaf_value=0.00021144897880956957 -0.0011344549165365715 5.5110127897068017e-05 -0.00026241618767975863 0.0002454235403969263 0.0002610940505674727 2.4870043430660104e-05 -0.00060249665326837288
leaf_weight=273 28 182 25 30 25 148 32
leaf_count=273 28 182 25 30 25 148 32
internal_value=0.000356662 -0.000638298 -0.00229167 -0.00153846 -0.006 -0.00047619 -0.00548387
internal_weight=743 470 288 260 50 210 62
internal_count=743 470 288 260 50 210 62
is_linear=0
shrinkage=0.05


Tree=27
num_leaves=8
num_cat=0
split_feature=2 9 5 5 5 4 4
split_gain=0.54459 0.532212 0.59793 0.394743 0.861828 0.509548 0.54447
threshold=-0.15030973670692235 0.18436115023101132 0.015254826793893237 0.017729315607071621 0.018695598183477307 0.020411626550703079 0.019387697638361064
decision_type=2 10 2 2 2 2 2
left_child=-1 3 -3 5 -5 6 -2
right_child=1 2 -4 4 -6 -7 -8
leaf_value=-0.00023098206939790126 0.0003432979359113417 3.8701221528698408e-05 -0.00018421690031398082 -0.00039425861528897632 5.2967811939537369e-05 0.0002072321815087888 -0.0002941932717996816
leaf_weight=26 25 44 29 42 167 383 29
leaf_count=26 25 44 29 42 167 383 29
internal_value=0.00057047 0.000827538 -0.00321918 0.00128483 -0.000502392 0.00213959 -0.00240741
internal_weight=745 719 73 646 209 437 54
internal_count=745 719 73 646 209 437 54
is_linear=0
shrinkage=0.05


Tree=28
num_leaves=8
num_cat=0
split_feature=16 10 16 6 11 0 12
split_gain=0.408753 0.427982 0.840617 0.579606 0.393145 0.551186 0.388512
threshold=0.053598884894789041 0.0055649513085964672 -0.013949932023041732 0.50096837123328875 0.011915744624196202 0.0147666067677682 0.044382759046859517
decision_type=2 2 2 2 2 2 2
left_child=1 6 -3 4 -4 -6 -1
right_child=-2 2 3 -5 5 -7 -8
leaf_value=1.2791623604911895e-05 0.00028886954544986992 -0.00027803121860408008 0.00022872326292102671 -1.8120411365775817e-05 -0.00093680091952233436 0.00027605847440409563 0.00043123594085898938
leaf_weight=436 51 32 64 38 25 28 78
leaf_count=436 51 32 64 38 25 28 78
internal_value=0.000678192 0.000363766 -0.00168449 -0.00016129 0.0015812 -0.00160377 0.00110895
internal_weight=752 701 187 155 117 53 514
internal_count=752 701 187 155 117 53 514
is_linear=0
shrinkage=0.05


Tree=29
num_leaves=8
num_cat=0
split_feature=6 9 7 7 2 3 3
split_gain=0.475482 0.547271 0.608737 0.420526 0.773399 0.619117 0.702292
threshold=-0.46963046960792371 -0.15383010753194451 -0.073918072723082692 0.052537312966614132 0.069936469039924468 0.0037601545296683807 0.0085852397182605306
decision_type=2 10 2 2 2 2 2
left_child=-1 -2 -3 4 5 -4 -7
right_child=1 2 3 -5 -6 6 -8
leaf_value=0.0002315513239784454 0.00020761618271376132 -0.00063879257949611625 6.9928703316713339e-05 0.00020695292478994641 -0.00032699558494110029 -0.00035979377997731664 2.8913080061761988e-05
leaf_weight=265 118 25 143 65 27 44 43
leaf_count=265 118 25 143 65 27 44 43
internal_value=0.000479452 -0.000483871 -0.00148415 -0.000900621 -0.00180934 -0.000869565 -0.0041954
internal_weight=730 465 347 322 257 230 87
internal_count=730 465 347 322 257 230 87
is_linear=0
shrinkage=0.05


Tree=30
num_leaves=8
num_cat=0
split_feature=0 9 5 2 14 0 9
split_gain=0.56652 0.328707 0.698714 0.283591 0.694231 0.57907 0.512146
threshold=0.032165789511541483 0.18436115023101132 0.015254826793893237 0.06787290632892963 -0.028276541619188519 0.0021902932067210394 0.139353778373737
decision_type=2 10 2 2 2 2 8
left_child=1 3 -3 5 -5 6 -1
right_child=-2 2 -4 4 -6 -7 -8
leaf_value=-4.8128404499267642e-05 -8.9973757577637261e-05 6.2346914422062107e-05 -0.00020632096029919212 -0.00044185824613384908 3.5717329897425008e-05 0.00027070736356402667 0.00022882162019270005
leaf_weight=201 46 43 25 40 90 195 97
leaf_count=201 46 43 25 40 90 195 97
internal_value=0.000590231 0.000947902 -0.00235294 0.00130819 -0.000769231 0.00185598 0.000469799
internal_weight=737 691 68 623 130 493 298
internal_count=737 691 68 623 130 493 298
is_linear=0
shrinkage=0.05


Tree=31
num_leaves=8
num_cat=0
split_feature=10 6 0 6 3 0 4
split_gain=0.570778 0.369216 0.601348 0.520384 0.493894 0.475151 0.451334
threshold=0.015021993582677752 0.0085496352797082755 0.0027430214734945895 0.16486954086979247 0.0037784930749843464 -0.0070555654798974956 0.030655152923754987
decision_type=2 2 2 2 2 2 2
left_child=1 2 4 -3 -1 -6 -5
right_child=-2 3 -4 6 5 -7 -8
leaf_value=0.00015217027020949719 -5.7969278484526685e-05 -0.00040801532748305989 0.00025485070004756092 6.5808369628526508e-05 0.00039059371924139133 -0.00011024857609824968 -0.00061526773040232485
leaf_weight=212 31 41 156 162 25 30 74
leaf_count=212 31 41 156 162 25 30 74
internal_value=0.000348837 0.000642857 0.0015721 -0.000776173 0.000131086 -0.00409091 0.000127119
internal_weight=731 700 423 277 267 55 236
internal_count=731 700 423 277 267 55 236
is_linear=0
shrinkage=0.05


Tree=32
num_leaves=8
num_cat=0
split_feature=10 13 9 9 13 3 10
split_gain=0.352763 0.30408 0.504349 0.384225 0.683236 0.550711 0.743835
threshold=0.015021993582677752 13.174999713897707 0.19455972395212065 0.139353778373737 14.870000362396242 -0.0018415793583911875 0.00069579143919507047
decision_type=2 2 10 8 2 2 2
left_child=1 -1 3 4 -3 6 -6
right_child=-2 2 -4 -5 5 -7 -8
leaf_value=0.00020846474260259151 -8.842141191096159e-06 -0.00088237161464848062 -8.9003727904715874e-05 0.00015732178026553294 4.4352935093611387e-05 9.9938120304424305e-05 -0.00042388350272216642
leaf_weight=78 31 46 47 218 95 191 46
leaf_count=78 31 46 47 218 95 191 46
internal_value=0.000545213 0.000769764 0.000412131 0.000805369 -0.00015873 0.00063253 -0.00173759
internal_weight=752 721 643 596 378 332 141
internal_count=752 721 643 596 378 332 141
is_linear=0
shrinkage=0.05


Tree=33
num_leaves=8
num_cat=0
split_feature=2 9 4 5 6 14 4
split_gain=0.548918 0.400454 0.555459 0.509804 0.352261 0.460149 0.55568
threshold=-0.15030973670692235 0.18436115023101132 0.02383887618046876 0.01537908814194437 -0.17756045528208894 -0.0054293361358405115 0.033006300835870368
decision_type=2 10 2 2 2 2 2
left_child=-1 4 -3 -4 -2 6 -6
right_child=1 2 3 -5 5 -7 -8
leaf_value=-0.00017767467605435684 0.0001593398322971883 -2.5692852090599221e-05 0.00027233066456675291 -0.00010604151591499648 -1.7887400927010236e-06 9.3095959835884373e-05 -0.00091691066687960357
leaf_weight=25 339 25 26 25 122 150 30
leaf_count=25 339 25 26 25 122 150 30
internal_value=0.000283019 0.00053696 -0.00289474 9.80394e-05 0.000943838 -0.000298013 -0.00223684
internal_weight=742 717 76 51 641 302 152
internal_count=742 717 76 51 641 302 152
is_linear=0
shrinkage=0.05


end of trees

feature_importances:
dvol_z_20=32
dist_ma200=32
parkinson_20=23
vix_level=17
ret_20d=16
spy_ret_1d=16
ret_1d=14
atr_pct=13
vix_chg_1d=13
ret_5d=11
overnight_gap=10
spy_ret_20d=10
sector_ret_5d=9
spy_ret_5d=8
dist_ma50=7
dist_ma20=5
sector_ret_1d=2

parameters:
[boosting: gbdt]
[objective: quantile]
[metric: quantile]
[tree_learner: serial]
[device_type: cpu]
[data_sample_strategy: bagging]
[data: ]
[valid: ]
[num_iterations: 80]
[learning_rate: 0.05]
[num_leaves: 8]
[num_threads: 1]
[seed: 0]
[deterministic: 0]
[force_col_wise: 1]
[force_row_wise: 0]
[histogram_pool_size: -1]
[max_depth: -1]
[min_data_in_leaf: 25]
[min_sum_hessian_in_leaf: 0.001]
[bagging_fraction: 0.9]
[pos_bagging_fraction: 1]
[neg_bagging_fraction: 1]
[bagging_freq: 1]
[bagging_seed: 3]
[bagging_by_query: 0]
[feature_fraction: 0.9]
[feature_fraction_bynode: 1]
[feature_fraction_seed: 2]
[extra_trees: 0]
[extra_seed: 6]
[early_stopping_round: 0]
[early_stopping_min_delta: 0]
[first_metric_only: 0]
[max_delta_step: 0]
[lambda_l1: 0]
[lambda_l2: 0]
[linear_lambda: 0]
[min_gain_to_split: 0]
[drop_rate: 0.1]
[max_drop: 50]
[skip_drop: 0.5]
[xgboost_dart_mode: 0]
[uniform_drop: 0]
[drop_seed: 4]
[top_rate: 0.2]
[other_rate: 0.1]
[min_data_per_group: 100]
[max_cat_threshold: 32]
[cat_l2: 10]
[cat_smooth: 10]
[max_cat_to_onehot: 4]
[top_k: 20]
[monotone_constraints: ]
[monotone_constraints_method: basic]
[monotone_penalty: 0]
[feature_contri: ]
[forcedsplits_filename: ]
[refit_decay_rate: 0.9]
[cegb_tradeoff: 1]
[cegb_penalty_split: 0]
[cegb_penalty_feature_lazy: ]
[cegb_penalty_feature_coupled: ]
[path_smooth: 0]
[interaction_constraints: ]
[verbosity: -1]
[saved_feature_importance_type: 0]
[use_quantized_grad: 0]
[num_grad_quant_bins: 4]
[quant_train_renew_leaf: 0]
[stochastic_rounding: 1]
[linear_tree: 0]
[max_bin: 255]
[max_bin_by_feature: ]
[min_data_in_bin: 3]
[bin_construct_sample_cnt: 200000]
[data_random_seed: 1]
[is_enable_sparse: 1]
[enable_bundle: 1]
[use_missing: 1]
[zero_as_missing: 0]
[feature_pre_filter: 1]
[pre_partition: 0]
[two_round: 0]
[header: 0]
[label_column: ]
[weight_column: ]
[group_column: ]
[ignore_column: ]
[categorical_feature: ]
[forcedbins_filename: ]
[precise_float_parser: 0]
[parser_config_file: ]
[objective_seed: 5]
[num_class: 1]
[is_unbalance: 0]
[scale_pos_weight: 1]
[sigmoid: 1]
[boost_from_average: 1]
[reg_sqrt: 0]
[alpha: 0.1]
[fair_c: 1]
[poisson_max_delta_step: 0.7]
[tweedie_variance_power: 1.5]
[lambdarank_truncation_level: 30]
[lambdarank_norm: 1]
[label_gain: ]
[lambdarank_position_bias_regularization: 0]
[eval_at: ]
[multi_error_top_k: 1]
[auc_mu_weights: ]
[num_machines: 1]
[local_listen_port: 12400]
[time_out: 120]
[machine_list_filename: ]
[machines: ]
[gpu_platform_id: -1]
[gpu_device_id: -1]
[gpu_device_id_list: ]
[gpu_use_dp: 0]
[num_gpu: 1]

end of parameters

pandas_categorical:[]
