tree
version=v4
num_class=1
num_tree_per_iteration=1
label_index=0
max_feature_idx=16
objective=quantile
feature_names=ret_1d ret_5d ret_20d overnight_gap atr_pct parkinson_20 dvol_z_20 dist_ma20 dist_ma50 dist_ma200 spy_ret_1d spy_ret_5d spy_ret_20d vix_level vix_chg_1d sector_ret_1d sector_ret_5d
feature_infos=[-0.13014515660685244:0.16120253203312918] [-0.17054530504328236:0.19890507687610737] [-0.30047784138110734:0.35496063737229555] [-0.080897188328464376:0.073700169032874463] [0.014437875812711706:0.081297631710382415] [0.0098875902913068935:0.041935468668992053] [-2.0984142157205854:4.3277097685440999] [-0.21022976345238042:0.16590148201390287] [-0.26422447992724285:0.2547320396032795] [-0.10505762140059394:0.59450142566641695] [-0.058542971330535654:0.10501930183911301] [-0.11496151859245618:0.082843162776128354] [-0.1226559005192206:0.15756591020035837] [11.859999656677246:52.330001831054688] [-0.35753873962348437:0.74039073966007019] [-0.073180917682286184:0.075364333134955164] [-0.12187676960594984:0.078003472462632839]
tree_sizes=824 853 846 848 852 850 854 853 856 856 848 864 854 863 859 859

Tree=0
num_leaves=8
num_cat=0
split_feature=4 6 1 6 9 6 13
split_gain=4.70239 2.57044 2.40517 1.58052 0.705167 0.4713 0.551186
threshold=0.037753017043986661 2.3320547484209659 0.011739335792350982 0.14111011220826616 0.34484775221849823 0.94210681279021558 14.994999885559084
decision_type=2 2 2 2 10 2 2
left_child=1 4 3 -2 5 -1 -7
right_child=2 -3 -4 -5 -6 6 -8
leaf_value=-0.036005366253595093 -0.037835248906969834 -0.037556953234391323 -0.036585882907911517 -0.03780368696420526 -0.037099223314226021 -0.036029580709599357 -0.037698185532931541
leaf_weight=488 46 32 49 35 47 28 25
leaf_count=488 46 32 49 35 47 28 25
internal_value=-0.036759 -0.0349461 -0.0454052 -0.0506948 -0.0341951 -0.0336847 -0.0381628
internal_weight=750 620 130 81 588 541 53
internal_count=750 620 130 81 588 541 53
is_linear=0
shrinkage=1


Tree=1
num_leaves=8
num_cat=0
split_feature=5 1 1 12 12 4 14
split_gain=3.48626 1.48092 1.1495 1.05587 0.270968 0.499705 0.417541
threshold=0.023756072539207345 0.013379705831655377 -0.052298302636234133 -0.027973012120020454 0.042111108059458398 0.021391350972748222 0.079615825148664734
decision_type=2 2 2 2 2 2 2
left_child=2 3 -1 -2 6 -6 -4
right_child=1 -3 4 -5 5 -7 -8
leaf_value=-0.00066761453719121823 -0.0027976542177768531 1.8479966312307322e-05 0.00046830889246879777 -0.00098161742361651204 -0.00025322312377958842 0.00032705028135930088 -5.7754858292574033e-05
leaf_weight=25 27 30 428 32 27 113 52
leaf_count=25 27 30 428 32 27 113 52
internal_value=0.000231608 -0.00904494 0.00151163 -0.0136441 0.00193548 1.86265e-10 0.0025
internal_weight=734 89 645 59 620 140 480
internal_count=734 89 645 59 620 140 480
is_linear=0
shrinkage=0.05


Tree=2
num_leaves=8
num_cat=0
split_feature=1 6 5 8 12 9 3
split_gain=3.018 1.92717 1.6068 1.33413 1.26189 2.15291 0.354543
threshold=-0.045601849694005152 2.3320547484209659 0.021988465336249274 -0.062479131376346135 0.018681855298992137 0.14390750149002776 0.012797492837237303
decision_type=2 2 2 8 2 10 2
left_child=3 2 6 -1 5 -4 -2
right_child=1 -3 4 -5 -6 -7 -8
leaf_value=-0.00037940853595628692 0.00050167089908225012 -0.0011526000684914689 -6.4646138523728408e-05 -0.0017504027971642978 0.00062538736724965065 -0.00080818646725282727 -0.00024842554261358604
leaf_weight=35 526 32 45 28 29 28 26
leaf_count=35 526 32 45 28 29 28 26
internal_value=0.000393859 0.00135569 0.0019419 -0.0100794 -0.00382353 -0.00732877 0.00300725
internal_weight=749 686 654 63 102 73 552
internal_count=749 686 654 63 102 73 552
is_linear=0
shrinkage=0.05


Tree=3
num_leaves=8
num_cat=0
split_feature=4 6 11 6 0 9 0
split_gain=3.3653 1.85038 1.58114 0.751162 0.721993 0.382179 0.509241
threshold=0.037753017043986661 2.3320547484209659 0.0091429221400685119 -0.6201332818743116 -0.020198708865265643 0.34484775221849823 0.024139243871103448
decision_type=2 2 2 2 2 10 2
left_child=1 5 3 -2 -5 6 -1
right_child=2 -3 -4 4 -6 -7 -8
leaf_value=0.00050341801344031001 -0.00038489646346659997 -0.00081734307302013085 8.7671667717760526e-05 -0.00018364686396784213 -0.0012772005443135485 -0.00040832453173508327 -0.0002952572641044416
leaf_weight=490 25 35 41 26 43 43 40
leaf_count=490 25 35 41 26 43 43 40
internal_value=0.000289368 0.001875 -0.00685185 -0.0104255 -0.0131159 0.00255672 0.00292453
internal_weight=743 608 135 94 69 573 530
internal_count=743 608 135 94 69 573 530
is_linear=0
shrinkage=0.05


Tree=4
num_leaves=8
num_cat=0
split_feature=5 12 9 6 12 3 0
split_gain=2.32264 1.20303 1.12274 1.0196 0.887266 0.597103 0.466667
threshold=0.021091091201767449 0.017736391476984806 0.13942278706004155 2.3320547484209659 -0.028469935291830225 0.013317764720800486 0.0079828265528530968
decision_type=2 2 10 2 2 2 2
left_child=3 2 4 5 -2 6 -1
right_child=1 -3 -4 -5 -6 -7 -8
leaf_value=0.00035616155257105062 -0.0013320973179664314 0.00041830508116877033 -0.00078645332187080551 -0.00069503674192784512 0.0001307606730946966 -0.0011143798624648595 0.0006554891164525068
leaf_weight=349 42 49 46 29 29 25 177
leaf_count=349 42 49 46 29 29 25 177
internal_value=0.000576408 -0.00463855 -0.00739316 0.00206897 -0.0034507 0.00254991 0.00290875
internal_weight=746 166 117 580 71 551 526
internal_count=746 166 117 580 71 551 526
is_linear=0
shrinkage=0.05


Tree=5
num_leaves=8
num_cat=0
split_feature=5 6 5 3 1 6 6
split_gain=2.73596 1.77281 1.202 0.839627 0.747185 0.394519 0.549562
threshold=0.025683912664416626 2.3320547484209659 0.03082275313466554 0.013317764720800486 -0.045601849694005152 -0.28425420233852922 -0.20546203974405572
decision_type=2 2 2 2 2 2 2
left_child=1 3 -2 4 -1 -6 -7
right_child=2 -3 -4 -5 5 6 -8
leaf_value=-0.00031225223561021965 -0.0016306761639090135 -0.00077100150371949385 -7.8000948348825954e-06 -0.00021025108277227027 0.00046109643621009867 -0.00040222678594059439 0.00031167832765654655
leaf_weight=29 41 34 26 40 271 31 265
leaf_count=29 41 34 26 40 271 31 265
internal_value=0.000454546 0.00141791 -0.0091791 0.00201258 0.00248322 0.0028836 0.00162162
internal_weight=737 670 67 636 596 567 296
internal_count=737 670 67 636 596 567 296
is_linear=0
shrinkage=0.05


Tree=6
num_leaves=8
num_cat=0
split_feature=4 6 11 2 2 9 6
split_gain=2.54721 1.34492 1.17278 0.97221 0.383241 0.261672 0.438051
threshold=0.038047258400837315 2.3320547484209659 -0.0050766511307130382 -0.085151695818361559 0.0088530705441051145 0.30920660360134028 -0.28425420233852922
decision_type=2 2 2 2 2 10 2
left_child=1 5 3 -2 -4 6 -1
right_child=2 -3 4 -5 -6 -7 -8
leaf_value=0.00051737011631400244 -0.0022352358821892517 -0.0005746221522206791 -0.00021636974628952695 -0.0010665888947814801 0.00026809518854781716 -7.2848637859530065e-05 0.00033142560830472521
leaf_weight=253 31 30 43 29 28 77 255
leaf_count=253 31 30 43 29 28 77 255
internal_value=0.000643432 0.00199187 -0.00568702 -0.0108333 -0.00133803 0.00252137 0.00293307
internal_weight=746 615 131 60 71 585 508
internal_count=746 615 131 60 71 585 508
is_linear=0
shrinkage=0.05


Tree=7
num_leaves=8
num_cat=0
split_feature=1 6 8 1 5 8 9
split_gain=2.07356 1.26877 1.16224 0.934468 0.664495 0.59879 0.295728
threshold=-0.045601849694005152 0.88222175934359959 -0.062479131376346135 0.0035193345562860583 0.025683912664416626 0.096850094172887383 0.31394761930393672
decision_type=2 2 8 2 2 8 10
left_child=2 4 -1 -3 6 -5 -2
right_child=1 3 -4 5 -6 -7 -8
leaf_value=-0.00061782061712424259 0.00040955823065989914 -0.00076191405886994227 -0.0014667741138603629 0.00024047000474424564 -0.00070607547784340787 -0.00054409531426679691 -1.6533980100327122e-05
leaf_weight=37 464 42 30 33 40 31 68
leaf_count=37 464 42 30 33 40 31 68
internal_value=0.000704698 0.00153392 -0.00768657 -0.00349057 0.00246504 0.0003125 0.00293233
internal_weight=745 678 67 106 572 64 532
internal_count=745 678 67 106 572 64 532
is_linear=0
shrinkage=0.05


Tree=8
num_leaves=8
num_cat=0
split_feature=13 6 1 11 11 10 4
split_gain=1.49471 1.01691 0.935219 0.464141 1.26755 1.69322 0.537762
threshold=22.429999351501468 2.3320547484209659 -0.019429486579577989 0.0087352100413986573 0.0057915448439024306 0.0024545779679250317 0.030346684933737628
decision_type=2 2 2 2 2 2 2
left_child=1 3 -2 4 6 -6 -1
right_child=2 -3 -4 -5 5 -7 -8
leaf_value=0.00040835301307249157 -0.0015886115866184153 -0.00066454131671308853 3.9821410169335119e-05 0.00040008276864911648 -0.0010626684934234782 0.00069730363152286344 -0.00012600719962911128
leaf_weight=244 41 34 33 269 28 26 89
leaf_count=244 41 34 33 269 28 26 89
internal_value=0.000942409 0.00166667 -0.00581081 0.00210366 0.000994832 -0.00611111 0.00214715
internal_weight=764 690 74 656 387 54 333
internal_count=764 690 74 656 387 54 333
is_linear=0
shrinkage=0.05


Tree=9
num_leaves=8
num_cat=0
split_feature=6 5 9 12 3 11 11
split_gain=1.36799 1.20676 1.41723 1.53088 0.48222 0.465369 0.738817
threshold=2.4931355783005897 0.02163981887625303 0.13942278706004155 0.0090147692043446321 0.013317764720800486 0.0087352100413986573 0.0057915448439024306
decision_type=2 2 10 2 2 2 2
left_child=1 4 -3 -4 5 6 -1
right_child=-2 2 3 -5 -6 -7 -8
leaf_value=0.00034674025818671268 -0.00072022981632219492 6.0955616542728236e-05 -0.0010589849803249118 -4.099129380155819e-05 -0.00074052570911857854 0.00045358832486578385 -0.00048468222161353813
leaf_weight=275 31 84 30 33 27 224 40
leaf_count=275 31 84 30 33 27 224 40
internal_value=0.000766129 0.00121318 -0.00282313 -0.00849206 0.00226148 0.00258813 0.00134921
internal_weight=744 713 147 63 566 539 315
internal_count=744 713 147 63 566 539 315
is_linear=0
shrinkage=0.05


Tree=10
num_leaves=8
num_cat=0
split_feature=6 5 9 2 12 16 6
split_gain=1.67466 1.22131 1.27849 1.95048 0.614379 0.355987 0.700198
threshold=2.4931355783005897 0.02163981887625303 0.13942278706004155 0.0094073912372349983 -0.031709461576504387 0.0071863802787994766 0.88222175934359959
decision_type=2 2 10 2 2 2 2
left_child=1 5 4 -4 -3 6 -1
right_child=-2 2 3 -5 -6 -7 -8
leaf_value=0.00015688238753304453 -0.00081594792174077705 -0.0017754831430658626 -0.0011638460939243842 3.4920955445167608e-05 0.00032098991556892584 0.0004879644762329357 -0.0004875825281642682
leaf_weight=291 33 34 25 35 47 251 33
leaf_count=291 33 34 25 35 47 251 33
internal_value=0.000861148 0.00136872 -0.00280142 -0.00833333 0.0012963 0.0023913 0.0012963
internal_weight=749 716 141 60 81 575 324
internal_count=749 716 141 60 81 575 324
is_linear=0
shrinkage=0.05


Tree=11
num_leaves=8
num_cat=0
split_feature=16 6 4 11 8 12 5
split_gain=1.39017 0.928377 0.771191 0.710881 0.781499 0.341827 0.338313
threshold=-0.037661778328213706 2.3320547484209659 0.030346684933737628 0.0090107583304430711 0.069985649780131234 -0.018675976456826889 0.011534717551353362
decision_type=2 2 2 2 10 2 2
left_child=-1 2 6 4 5 -4 -2
right_child=1 -3 3 -5 -6 -7 -8
leaf_value=-0.0014477755991197353 -2.5926992065916601e-05 -0.00055450536397428534 -0.00094528630567216644 0.00021727007342784346 -0.00070706763489599583 0.0002335295408015032 0.00039892677586292791
leaf_weight=31 26 34 33 97 44 43 439
leaf_count=31 26 34 33 97 44 43 439
internal_value=0.000850067 0.00129888 0.00170088 -0.000760368 -0.00333333 -0.000263158 0.00284946
internal_weight=747 716 682 217 120 76 465
internal_count=747 716 682 217 120 76 465
is_linear=0
shrinkage=0.05


Tree=12
num_leaves=8
num_cat=0
split_feature=5 5 6 13 9 3 12
split_gain=1.10476 0.77799 0.559877 1.07911 0.632076 0.416667 0.382442
threshold=0.025683912664416626 0.03082275313466554 0.88222175934359959 18.595000267028812 0.34484775221849823 0.00098005897930097973 0.042111108059458398
decision_type=2 2 2 2 10 2 2
left_child=2 -2 4 5 6 -4 -1
right_child=1 -3 3 -5 -6 -7 -8
leaf_value=0.00037558399614827224 -0.00092795784311372215 0.00013135720812357181 0.00046215581621033322 -0.00068829865989255624 -0.00062502010400872275 -0.00022000883612017841 4.4493301215803442e-05
leaf_weight=402 41 27 35 25 47 49 108
leaf_count=402 41 27 35 25 47 49 108
internal_value=0.000776567 -0.00529412 0.0013964 -0.00188073 0.0020377 0.000833334 0.00254902
internal_weight=734 68 666 109 557 84 510
internal_count=734 68 666 109 557 84 510
is_linear=0
shrinkage=0.05


Tree=13
num_leaves=8
num_cat=0
split_feature=6 1 8 1 4 5 1
split_gain=0.823887 0.699346 0.598807 0.390533 0.517812 0.544497 0.665256
threshold=2.4931355783005897 -0.045601849694005152 -0.062479131376346135 -0.0089115574443448514 0.024858283793481574 0.013459762339915858 0.022225871490571873
decision_type=2 2 8 2 2 2 2
left_child=1 2 -1 -3 5 6 -5
right_child=-2 3 -4 4 -6 -7 -8
leaf_value=0.00024617693591029953 -0.00061207639250563566 0.00042104829464997362 -0.0011586166864384175 -0.00019201703947968751 -4.7809374085530452e-05 0.00054262096481150158 0.00078946393734757024
leaf_weight=34 34 165 28 49 262 140 33
leaf_count=34 34 165 28 49 262 140 33
internal_value=0.000838926 0.00120253 -0.00387097 0.00168721 0.000971075 0.00274775 -0.000487805
internal_weight=745 711 62 649 484 222 82
internal_count=745 711 62 649 484 222 82
is_linear=0
shrinkage=0.05


Tree=14
num_leaves=8
num_cat=0
split_feature=16 6 3 3 5 8 16
split_gain=1.12726 0.632659 0.864626 0.687608 0.504905 0.794935 0.36806
threshold=-0.037661778328213706 1.4323546588646805 0.00098005897930097973 -0.014218320478994738 0.023417579433993394 -0.040358571021735838 0.020435395821730599
decision_type=2 2 2 2 2 10 2
left_child=-1 3 -3 -2 6 -6 -5
right_child=1 2 -4 4 5 -7 -8
leaf_value=-0.0012411484630621432 -0.00041592459796438772 0.00052782218038793219 -0.00042589879071443969 0.00018831324868990619 0.0002158672729443117 -0.00067719092527952318 0.00063648841125292348
leaf_weight=28 26 26 36 445 29 30 99
leaf_count=28 26 26 36 445 29 30 99
internal_value=0.000549374 0.000947902 -0.00387097 0.00142289 0.00176617 -0.00262712 0.00224265
internal_weight=719 691 62 629 603 59 544
internal_count=719 691 62 629 603 59 544
is_linear=0
shrinkage=0.05


Tree=15
num_leaves=8
num_cat=0
split_feature=5 8 5 5 9 10 5
split_gain=0.681271 0.80719 0.715567 0.584387 0.472323 0.535714 0.343753
threshold=0.021091091201767449 0.069985649780131234 0.025683912664416626 0.03082275313466554 0.31394761930393672 0.0023442869650027735 0.013129262190773074
decision_type=2 10 2 2 10 2 2
left_child=4 2 -2 -4 6 -6 -1
right_child=1 -3 3 -5 5 -7 -8
leaf_value=-1.6614333173148555e-05 0.00013517031962021294 -0.00059392949660588574 -0.00084621769250080997 0.0001356066241454428 -0.00056472406443195647 0.00032391672698174368 0.00031218666695836863
leaf_weight=103 66 32 39 29 42 28 404
leaf_count=103 66 32 39 29 42 28 404
internal_value=0.00089502 -0.00192771 -0.00022388 -0.00382353 0.00170711 -0.00214286 0.00223866
internal_weight=743 166 134 68 577 70 507
internal_count=743 166 134 68 577 70 507
is_linear=0
shrinkage=0.05


end of trees

feature_importances:
dvol_z_20=21
parkinson_20=17
ret_5d=11
dist_ma200=10
spy_ret_20d=9
overnight_gap=7
atr_pct=7
dist_ma50=7
spy_ret_5d=7
sector_ret_5d=4
ret_1d=3
ret_20d=3
vix_level=3
spy_ret_1d=2
vix_chg_1d=1

parameters:
[boosting: gbdt]
[objective: quantile]
[metric: quantile]
[tree_learner: serial]
[device_type: cpu]
[data_sample_strategy: bagging]
[data: ]
[valid: ]
[num_iterations: 80]
[learning_rate: 0.05]
[num_leaves: 8]
[num_threads: 1]
[seed: 0]
[deterministic: 0]
[force_col_wise: 1]
[force_row_wise: 0]
[histogram_pool_size: -1]
[max_depth: -1]
[min_data_in_leaf: 25]
[min_sum_hessian_in_leaf: 0.001]
[bagging_fraction: 0.9]
[pos_bagging_fraction: 1]
[neg_bagging_fraction: 1]
[bagging_freq: 1]
[bagging_seed: 3]
[bagging_by_query: 0]
[feature_fraction: 0.9]
[feature_fraction_bynode: 1]
[feature_fraction_seed: 2]
[extra_trees: 0]
[extra_seed: 6]
[early_stopping_round: 0]
[early_stopping_min_delta: 0]
[first_metric_only: 0]
[max_delta_step: 0]
[lambda_l1: 0]
[lambda_l2: 0]
[linear_lambda: 0]
[min_gain_to_split: 0]
[drop_rate: 0.1]
[max_drop: 50]
[skip_drop: 0.5]
[xgboost_dart_mode: 0]
[uniform_drop: 0]
[drop_seed: 4]
[top_rate: 0.2]
[other_rate: 0.1]
[min_data_per_group: 100]
[max_cat_threshold: 32]
[cat_l2: 10]
[cat_smooth: 10]
[max_cat_to_onehot: 4]
[top_k: 20]
[monotone_constraints: ]
[monotone_constraints_method: basic]
[monotone_penalty: 0]
[feature_contri: ]
[forcedsplits_filename: ]
[refit_decay_rate: 0.9]
[cegb_tradeoff: 1]
[cegb_penalty_split: 0]
[cegb_penalty_feature_lazy: ]
[cegb_penalty_feature_coupled: ]
[path_smooth: 0]
[interaction_constraints: ]
[verbosity: -1]
[saved_feature_importance_type: 0]
[use_quantized_grad: 0]
[num_grad_quant_bins: 4]
[quant_train_renew_leaf: 0]
[stochastic_rounding: 1]
[linear_tree: 0]
[max_bin: 255]
[max_bin_by_feature: ]
[min_data_in_bin: 3]
[bin_construct_sample_cnt: 200000]
[data_random_seed: 1]
[is_enable_sparse: 1]
[enable_bundle: 1]
[use_missing: 1]
[zero_as_missing: 0]
[feature_pre_filter: 1]
[pre_partition: 0]
[two_round: 0]
[header: 0]
[label_column: ]
[weight_column: ]
[group_column: ]
[ignore_column: ]
[categorical_feature: ]
[forcedbins_filename: ]
[precise_float_parser: 0]
[parser_config_file: ]
[objective_seed: 5]
[num_class: 1]
[is_unbalance: 0]
[scale_pos_weight: 1]
[sigmoid: 1]
[boost_from_average: 1]
[reg_sqrt: 0]
[alpha: 0.1]
[fair_c: 1]
[poisson_max_delta_step: 0.7]
[tweedie_variance_power: 1.5]
[lambdarank_truncation_level: 30]
[lambdarank_norm: 1]
[label_gain: ]
[lambdarank_position_bias_regularization: 0]
[eval_at: ]
[multi_error_top_k: 1]
[auc_mu_weights: ]
[num_machines: 1]
[local_listen_port: 12400]
[time_out: 120]
[machine_list_filename: ]
[machines: ]
[gpu_platform_id: -1]
[gpu_device_id: -1]
[gpu_device_id_list: ]
[gpu_use_dp: 0]
[num_gpu: 1]

end of parameters

pandas_categorical:[]
