tree
version=v4
num_class=1
num_tree_per_iteration=1
label_index=0
max_feature_idx=16
objective=quantile
feature_names=ret_1d ret_5d ret_20d overnight_gap atr_pct parkinson_20 dvol_z_20 dist_ma20 dist_ma50 dist_ma200 spy_ret_1d spy_ret_5d spy_ret_20d vix_level vix_chg_1d sector_ret_1d sector_ret_5d
feature_infos=[-0.18184104244090749:0.12912922244679415] [-0.23258647893327467:0.15391018273472223] [-0.29192397752064969:0.24103486976671418] [-0.21353114240881443:0.077539404431435477] [0.011450457720373326:0.052562099070868042] [0.0074728020719158558:0.029474235828174242] [-2.1354092224375343:4.2946819891378825] [-0.21418385372325599:0.15675488069877264] [-0.23107480743500053:0.24611051564401221] [-0.37385460802659065:0.41023750065339359] [-0.058542971330535654:0.10501930183911301] [-0.11496151859245618:0.082843162776128354] [-0.1226559005192206:0.15756591020035837] [11.859999656677246:52.330001831054688] [-0.35753873962348437:0.74039073966007019] [-0.060400368534546778:0.10888055657805773] [-0.11617886647053255:0.1006018727753657]
tree_sizes=850 857 858 854 857 851 853 852 850 854 858 855 863 846 855 857 855 862 848 862 851 861 848 866 858 847 854 859 861 847 859 859 851 856 856 855 861 857 861 857 858 864 855 864 851 856 861 844 860 850 858 859 844 860 856 860 858 867 845 855 849 850 866 854 860 855 850 863 865 857 861 858

Tree=0
num_leaves=8
num_cat=0
split_feature=9 4 9 13 9 9 10
split_gain=9.41755 5.33634 1.8079 1.40713 2.14513 1.52061 1.31067
threshold=0.068217111644126041 0.026601687907800823 0.27368636660454665 16.095000267028812 -0.060169634332183634 -0.15696155235568457 0.0032283731128327502
decision_type=8 2 8 2 10 10 2
left_child=3 2 -2 -1 5 -5 -4
right_child=1 -3 6 4 -6 -7 -8
leaf_value=-0.008228630595840513 -0.0077818924095481631 -0.0082771466812118881 -0.0079103789059445269 -0.0080264021642506116 -0.0079276503529399633 -0.0083151937928050753 -0.0078375276876613501
leaf_weight=98 97 38 125 81 108 123 76
leaf_count=98 97 38 125 81 108 123 76
internal_value=-0.00838644 -0.00218072 6.93958e-05 -0.0134721 -0.0118304 -0.014847 -0.00263604
internal_weight=746 336 298 410 312 204 201
internal_count=746 336 298 410 312 204 201
is_linear=0
shrinkage=1


Tree=1
num_leaves=8
num_cat=0
split_feature=4 1 7 16 14 9 3
split_gain=7.7753 1.64106 2.68404 1.42429 2.15066 2.0119 1.61584
threshold=0.021379045832008874 0.046192574541305438 0.043588895822942127 -0.020712178076040918 -0.062752290881895975 -0.032206246826692812 0.00038034667756403634
decision_type=2 2 2 2 2 8 2
left_child=1 2 -1 -2 5 -5 -6
right_child=3 -3 -4 4 6 -7 -8
leaf_value=0.0001324583706445992 7.6177273876965051e-05 -1.174535835161807e-05 0.00029063236608635636 -7.8344434150494669e-05 -0.00021248271921649577 0.00016200231621041895 -0.00011503427522256971
leaf_weight=223 84 27 32 36 163 27 141
leaf_count=223 84 27 32 36 163 27 141
internal_value=0.000579809 0.0070922 0.00833333 -0.00349224 -0.00483651 0.00357143 -0.00657895
internal_weight=733 282 255 451 367 63 304
internal_count=733 282 255 451 367 63 304
is_linear=0
shrinkage=0.05


Tree=2
num_leaves=8
num_cat=0
split_feature=9 4 0 14 9 16 6
split_gain=8.56427 2.64478 1.85729 2.03167 1.5962 1.56011 1.11387
threshold=0.068217111644126041 0.026601687907800823 -0.010087584964665051 0.054586954999164335 0.27762994774335387 -0.022511525470184476 -0.77782346634645028
decision_type=8 2 2 2 10 2 2
left_child=2 4 5 6 -2 -1 -4
right_child=1 -3 3 -5 -6 -7 -8
leaf_value=7.8324931673705569e-05 0.00016859114437829702 -0.00015039135899860419 -0.00018834977585356681 0.00019593058910686526 1.9412642926909055e-05 -0.00031776888307649643 -9.0631281695095859e-05
leaf_weight=27 233 37 72 37 60 90 189
leaf_count=27 233 37 72 37 60 90 189
internal_value=0.000503356 0.00651515 -0.00427711 -0.00218121 0.0081058 -0.00961538 -0.00373563
internal_weight=745 330 415 298 293 117 261
internal_count=745 330 415 298 293 117 261
is_linear=0
shrinkage=0.05


Tree=3
num_leaves=8
num_cat=0
split_feature=4 9 9 4 9 16 11
split_gain=7.27178 2.85794 1.40361 1.12103 1.42863 1.02769 1.63842
threshold=0.024259960122966721 0.035771526100728097 0.27762994774335387 0.041914686328852015 -0.2098968114711475 0.035660180962975636 0.014319946344864666
decision_type=2 8 10 2 8 2 2
left_child=1 -1 -3 4 -2 6 -6
right_child=3 2 -4 -5 5 -7 -8
leaf_value=-0.00010201120061683472 7.834253662440457e-05 0.00013475784657639457 1.2696320930263069e-05 -0.00019227052366477433 -0.00016977404342396769 3.5031071408593486e-05 -0.00046650878141517749
leaf_weight=78 28 249 57 37 220 25 43
leaf_count=78 28 249 57 37 220 25 43
internal_value=0.000576662 0.00533854 0.00751634 -0.0046034 -0.00363924 -0.0046875 -0.00560837
internal_weight=737 384 306 353 316 288 263
internal_count=737 384 306 353 316 288 263
is_linear=0
shrinkage=0.05


Tree=4
num_leaves=8
num_cat=0
split_feature=5 9 8 14 13 16 14
split_gain=8.37675 3.05798 1.91195 2.44565 2.13968 1.49109 2.39693
threshold=0.013257258714316275 0.035337844934808967 0.05250083581164245 -0.0026760061162229838 15.855000019073488 -0.011161961519144113 0.023650626144740231
decision_type=2 8 10 2 2 2 2
left_child=1 -1 4 -4 -2 -3 -7
right_child=2 5 3 -5 -6 6 -8
leaf_value=-0.00017869032048649388 -0.00036527146269014349 0.00017049255588295637 0.0001980829522313434 -0.00013159073281029127 -0.00012659533347250551 0.00011968350359034962 -7.8634821490268178e-05
leaf_weight=41 70 63 46 46 273 162 42
leaf_count=41 70 63 46 46 273 162 42
internal_value=-0.000302826 0.00600649 -0.00477011 0.00163043 -0.00648688 0.0079588 0.00588235
internal_weight=743 308 435 92 343 267 204
internal_count=743 308 435 92 343 267 204
is_linear=0
shrinkage=0.05


Tree=5
num_leaves=8
num_cat=0
split_feature=9 5 9 3 15 14 6
split_gain=6.64013 2.26596 1.999 1.8511 1.99115 1.43394 1.3947
threshold=0.068217111644126041 0.014818917738852974 0.27368636660454665 -0.0064965081078696687 -0.0074576947695150766 0.065842641676127869 -0.68569228238147273
decision_type=8 2 8 2 2 2 2
left_child=3 2 -2 4 -1 -5 -4
right_child=1 -3 6 5 -6 -7 -8
leaf_value=-0.00021540041890752773 0.00019084521432926704 -0.00017985438755187345 0.00012323677826137287 -0.00014493858232574714 -0.00039647201736235009 0.00012981544264110194 3.1966108696025947e-05
leaf_weight=34 77 41 38 308 25 42 167
leaf_count=34 77 41 38 308 25 42 167
internal_value=0.000136612 0.00549536 0.0070922 -0.00409535 -0.0122881 -0.00271429 0.0045122
internal_weight=732 323 282 409 59 350 205
internal_count=732 323 282 409 59 350 205
is_linear=0
shrinkage=0.05


Tree=6
num_leaves=8
num_cat=0
split_feature=9 4 3 3 9 14 7
split_gain=5.90561 2.56154 1.52507 1.38782 1.33559 1.16913 1.29256
threshold=0.068217111644126041 0.024379140018116693 -0.0064965081078696687 -0.010322503560775685 0.14675936311189955 0.049298283120689408 -0.0097851267048789641
decision_type=8 2 2 2 8 2 2
left_child=2 4 3 -1 -2 -4 -7
right_child=1 -3 5 -5 -6 6 -8
leaf_value=-0.00019456261124004695 0.00019916659298633969 -9.9722828854993542e-05 -0.00014606231556013309 -0.00032048808096215957 9.9453947656166265e-05 -2.2763546701097884e-05 0.0001944617563642905
leaf_weight=38 35 46 293 30 250 27 25
leaf_count=38 35 46 293 30 250 27 25
internal_value=0.000537634 0.0055136 -0.00345036 -0.0102941 0.0072807 -0.00210145 0.00480769
internal_weight=744 331 413 68 285 345 52
internal_count=744 331 413 68 285 345 52
is_linear=0
shrinkage=0.05


Tree=7
num_leaves=8
num_cat=0
split_feature=5 9 1 3 11 11 7
split_gain=5.9835 3.19151 1.82086 3.26543 1.39457 1.27558 1.17538
threshold=0.014818917738852974 0.012794320085917301 0.026962883418729881 0.0051109430889177973 0.011634052199270497 0.021459782264152908 0.043588895822942127
decision_type=2 8 2 2 2 2 2
left_child=1 -1 6 -4 -2 -6 -3
right_child=4 2 3 -5 5 -7 -8
leaf_value=-0.00014320125740190358 -8.6705692857438473e-05 5.8829352970261115e-05 0.00021720466297756272 -1.7052673473225361e-05 -0.0004339078556701081 -6.3304891433087559e-05 0.00012132275275194968
leaf_weight=76 228 220 54 27 53 54 28
leaf_count=76 228 220 54 27 53 54 28
internal_value=0.000540541 0.00462963 0.00676292 0.0132716 -0.00440299 -0.00911215 0.0046371
internal_weight=740 405 329 81 335 107 248
internal_count=740 405 329 81 335 107 248
is_linear=0
shrinkage=0.05


Tree=8
num_leaves=8
num_cat=0
split_feature=9 4 9 14 10 6 6
split_gain=5.36021 1.82404 1.89041 1.46135 1.419 1.13825 1.13135
threshold=0.068217111644126041 0.026601687907800823 0.27368636660454665 0.054586954999164335 -0.0080075928939195556 -0.68569228238147273 -0.94281021699268996
decision_type=8 2 8 2 2 2 2
left_child=3 2 -2 6 -5 -4 -1
right_child=1 -3 5 4 -6 -7 -8
leaf_value=-0.00027135264049994305 0.00015459522682882568 -0.00010973917674063508 0.00010504993669288015 -6.9970864932676882e-05 0.00017036379702264784 3.6892326661158584e-05 -0.00010817305018225779
leaf_weight=61 95 35 33 53 28 173 283
leaf_count=61 95 35 33 53 28 173 283
internal_value=0.0010841 0.00580357 0.0070598 -0.00264706 0.00339506 0.00436893 -0.00406977
internal_weight=761 336 301 425 81 206 344
internal_count=761 336 301 425 81 206 344
is_linear=0
shrinkage=0.05


Tree=9
num_leaves=8
num_cat=0
split_feature=9 0 5 0 9 15 12
split_gain=5.27968 2.02203 1.83072 2.50824 1.39016 1.45565 1.54845
threshold=0.012794320085917301 -0.010087584964665051 0.014818917738852974 -0.0013134799777707593 0.28159806167910689 0.010984208770234873 0.01698171514572289
decision_type=8 2 2 2 8 2 2
left_child=1 -1 4 -4 -2 6 -6
right_child=2 -3 3 -5 5 -7 -8
leaf_value=-0.00024847858915850437 0.00012274923056171446 -5.4053592994773645e-05 6.8951486126054949e-05 -0.00025816175763426671 0.00012438870984508201 0.00011251062475042566 -6.7068471616811009e-05
leaf_weight=107 118 234 31 48 89 31 80
leaf_count=107 118 234 31 48 89 31 80
internal_value=0.000677507 -0.00388563 0.00459698 -0.00221519 0.00628931 0.00375 0.00192308
internal_weight=738 341 397 79 318 200 169
internal_count=738 341 397 79 318 200 169
is_linear=0
shrinkage=0.05


Tree=10
num_leaves=8
num_cat=0
split_feature=9 4 0 0 0 7 7
split_gain=5.85877 2.27157 1.99227 2.17832 1.66822 1.35748 1.98127
threshold=0.012794320085917301 0.026601687907800823 -0.010087584964665051 0.0049729549612689281 0.0083525658413800014 -0.023966417101434209 0.027893709254273927
decision_type=8 2 2 2 2 2 2
left_child=2 -2 -1 -4 -5 -6 -7
right_child=1 -3 3 4 5 6 -8
leaf_value=-0.00028224458478676433 8.96951198455709e-05 -9.4546514694147029e-05 7.9285361191987341e-05 -0.00072118069614480009 0.00033201503800826809 -0.00045910225444163527 2.3979016425710634e-05
leaf_weight=105 349 58 112 26 27 38 33
leaf_count=105 349 58 112 26 27 38 33
internal_value=0.000802139 0.00485258 -0.00403226 -0.00148305 -0.00604839 -0.00306122 -0.00669014
internal_weight=748 407 341 236 124 98 71
internal_count=748 407 341 236 124 98 71
is_linear=0
shrinkage=0.05


Tree=11
num_leaves=8
num_cat=0
split_feature=5 7 14 16 14 14 16
split_gain=4.88864 2.03776 1.84409 2.20214 1.73308 2.23569 2.0525
threshold=0.014818917738852974 0.039019765250536416 -0.067583665573298909 -0.013300393962402733 0.028971532531295811 0.054586954999164335 0.0093994041505446341
decision_type=2 2 2 2 2 2 2
left_child=1 2 -1 -4 6 -6 -5
right_child=-2 -3 3 4 5 -7 -8
leaf_value=-0.00013185143962532597 -9.5548606045364759e-05 0.00012582129172878693 0.00014881874231744948 -5.243411312098449e-05 -0.00024299376543145655 0.00012315258910245414 0.00010834980182178387
leaf_weight=26 338 90 75 84 25 28 80
leaf_count=26 338 90 75 84 25 28 80
internal_value=0.00134048 0.00502451 0.00314465 0.00428082 0.00172811 -0.00613208 0.00426829
internal_weight=746 408 318 292 217 53 164
internal_count=746 408 318 292 217 53 164
is_linear=0
shrinkage=0.05


Tree=12
num_leaves=8
num_cat=0
split_feature=9 4 16 15 9 15 1
split_gain=3.60478 1.77314 1.59606 1.94628 2.19007 1.73333 1.25756
threshold=0.012794320085917301 0.026804415502105886 -0.020712178076040918 0.016364652995384591 -0.23196554661909588 -0.0048007599177603546 -0.015853781273786501
decision_type=8 2 2 2 10 2 2
left_child=2 -2 5 4 -4 -1 -6
right_child=1 -3 3 -5 6 -7 -8
leaf_value=0.00014852674650822178 7.8919299266853006e-05 -7.1888481141412384e-05 0.00010467059781616847 0.00012572919821590136 -9.3788756913781033e-05 -0.00034917325640551074 -0.00027470614877575376
leaf_weight=39 335 53 32 29 76 26 136
leaf_count=39 335 53 32 29 76 26 136
internal_value=0.000964187 0.00425258 -0.00281065 -0.00448718 -0.00594262 0.00423077 -0.00778302
internal_weight=726 388 338 273 244 65 212
internal_count=726 388 338 273 244 65 212
is_linear=0
shrinkage=0.05


Tree=13
num_leaves=8
num_cat=0
split_feature=4 7 10 0 6 10 14
split_gain=4.41651 1.94725 2.09852 1.62038 1.61528 1.21693 1.13868
threshold=0.020453547986213457 0.03866196137032208 -0.006661625329946185 -0.012878186275676938 -0.43969777390384152 0.0044510746205346239 0.049298283120689408
decision_type=2 2 2 2 2 2 2
left_child=-1 2 3 -2 -3 -6 -4
right_child=1 4 6 -5 5 -7 -8
leaf_value=0.00010762247435404131 -6.864413718741143e-05 -9.3509600444784648e-05 -0.0001689963787038906 0.00013228601998489339 2.051447034348941e-05 0.00018794246523533517 9.157820917159981e-05
leaf_weight=222 44 39 282 35 49 38 33
leaf_count=222 44 39 282 35 49 38 33
internal_value=0.00107817 -0.00144231 -0.00317259 0.00411392 0.00396825 0.00775862 -0.005
internal_weight=742 520 394 79 126 87 315
internal_count=742 520 394 79 126 87 315
is_linear=0
shrinkage=0.05


Tree=14
num_leaves=8
num_cat=0
split_feature=5 3 12 12 8 1 13
split_gain=3.65968 1.99083 1.81414 2.2663 2.18977 1.68056 1.58313
threshold=0.01665325652560912 0.001174977705383218 0.014776442004869829 0.037776300760474342 0.027967976787457553 0.015570438748737205 18.214999198913578
decision_type=2 2 2 2 10 2 2
left_child=2 6 -1 -4 -5 -3 -2
right_child=1 5 3 4 -6 -7 -8
leaf_value=0.00010586411507709168 -0.00028656070000198074 -0.00028783651295804824 -3.2947453915895595e-05 -9.2298884655150407e-05 0.00014788032081996318 0.00011142084853024092 -0.00011074462025546508
leaf_weight=194 55 50 188 38 86 40 73
leaf_count=194 55 50 188 38 86 40 73
internal_value=0.000828729 -0.00458716 0.00316206 0.000801282 0.00604839 0.00111111 -0.00859375
internal_weight=724 218 506 312 124 90 128
internal_count=724 218 506 312 124 90 128
is_linear=0
shrinkage=0.05


Tree=15
num_leaves=8
num_cat=0
split_feature=9 2 8 13 3 13 16
split_gain=2.54312 2.05939 2.18095 2.14509 1.91761 1.81415 1.52385
threshold=0.012794320085917301 0.082420085709621463 0.016366602184782812 15.375000000000002 0.0025593385733981848 12.88000011444092 0.0089553100805045433
decision_type=8 2 10 2 2 2 2
left_child=1 2 3 -1 -5 -2 -6
right_child=5 -3 -4 4 6 -7 -8
leaf_value=-0.00027690041327233113 -4.5452412501244789e-05 0.00016313146423441269 -0.00028547412792017974 -0.00011573699147584524 4.8215049601757229e-05 6.7006454356324755e-05 0.00021779572634992965
leaf_weight=32 53 30 45 147 50 348 27
leaf_count=32 53 30 45 147 50 348 27
internal_value=0.000751366 -0.00249245 -0.00373754 -0.00195312 -0.000223214 0.00342893 0.00616883
internal_weight=732 331 301 256 224 401 77
internal_count=732 331 301 256 224 401 77
is_linear=0
shrinkage=0.05


Tree=16
num_leaves=8
num_cat=0
split_feature=4 8 3 1 3 6 6
split_gain=2.37824 1.87002 1.68987 2.29155 1.5573 1.55602 2.20212
threshold=0.026601687907800823 0.02919033016286943 0.0061703690598680092 -0.0091251616732732615 0.0067602669552124803 0.35150554544651263 -0.57296747756419142
decision_type=2 10 2 2 2 2 2
left_child=4 2 5 -4 -1 6 -2
right_child=1 -3 3 -5 -6 -7 -8
leaf_value=5.554382917997893e-05 -0.00034622353927703307 -0.00037430523100057334 0.00032536877174418319 -2.1250734328307974e-05 -8.4147680081534022e-05 -0.00029748950986247067 6.3154289429454482e-05
leaf_weight=405 67 27 25 34 68 41 84
leaf_count=405 67 27 25 34 68 41 84
internal_value=0.000432756 -0.00323741 -0.00189243 0.00550847 0.00258985 -0.00416667 -0.00182119
internal_weight=751 278 251 59 473 192 151
internal_count=751 278 251 59 473 192 151
is_linear=0
shrinkage=0.05


Tree=17
num_leaves=8
num_cat=0
split_feature=5 12 14 9 3 15 12
split_gain=3.02215 1.56442 3.34712 1.82794 1.43184 1.50653 1.21988
threshold=0.01665325652560912 0.023603379375990999 0.03328086000020148 -0.032206246826692812 0.0037632605300929049 0.0040323286436609882 0.02867505219605682
decision_type=2 2 2 8 2 2 2
left_child=1 -1 3 -3 6 -6 -2
right_child=4 2 -4 -5 5 -7 -8
leaf_value=6.9912638919617832e-05 -0.00030010933786453443 -0.00024361988538909005 -0.00015943786859771482 7.8099541270131294e-05 0.00020771898966661078 -7.7093539381775493e-05 -1.2945800997688981e-05
leaf_weight=247 117 37 52 171 28 39 53
leaf_count=247 117 37 52 171 28 39 53
internal_value=0.000336022 0.00251479 -0.000192308 0.00264423 -0.00432489 0.00186567 -0.00676471
internal_weight=744 507 260 208 237 67 170
internal_count=744 507 260 208 237 67 170
is_linear=0
shrinkage=0.05


Tree=18
num_leaves=8
num_cat=0
split_feature=4 3 6 6 12 0 14
split_gain=2.10254 1.70703 1.69309 2.32425 1.5159 2.54266 2.25927
threshold=0.030830890817301875 0.0061703690598680092 -0.29944389975623464 -0.56558604379214006 0.023603379375990999 0.01687764262647962 0.039162482689633411
decision_type=2 2 2 2 2 2 2
left_child=4 2 3 -2 5 -1 -6
right_child=1 -3 -4 -5 6 -7 -8
leaf_value=0.00011006414302341304 -0.00035308567952613984 6.8407338442433337e-05 -0.00042055773334682343 0.00011755413437464424 2.0163231962216921e-05 -0.0001205633749977321 -0.0001165743975556732
leaf_weight=225 55 52 68 27 236 39 48
leaf_count=225 55 52 68 27 236 39 48
internal_value=0.0004 -0.0039604 -0.00666667 -0.00182927 0.0020073 0.00473485 -0.000528169
internal_weight=750 202 150 82 548 264 284
internal_count=750 202 150 82 548 264 284
is_linear=0
shrinkage=0.05


Tree=19
num_leaves=8
num_cat=0
split_feature=9 10 9 16 11 14 12
split_gain=2.47075 2.25086 1.43306 1.31093 2.66944 2.0162 1.7193
threshold=-0.065112119303452828 -0.0056282677308486786 -0.10293834472186968 -0.014260961114365698 -0.01071375386627965 0.013647468145900345 0.024444486921004319
decision_type=8 2 10 2 2 2 2
left_child=1 -1 -3 4 -2 -5 -7
right_child=3 2 -4 5 -6 6 -8
leaf_value=9.8785417018690085e-05 2.2476490874666442e-05 -8.6799151464130728e-05 -0.00034186061464353858 4.5739161788433654e-05 0.00016786915866883999 4.6895865484684975e-05 -8.980700247086683e-05
leaf_weight=49 60 157 49 276 36 57 57
leaf_count=49 60 157 49 276 36 57 57
internal_value=-3.37382e-05 -0.00401961 -0.00631068 0.00205761 0.00729167 0.000769231 -0.00482456
internal_weight=741 255 206 486 96 390 114
internal_count=741 255 206 486 96 390 114
is_linear=0
shrinkage=0.05


Tree=20
num_leaves=8
num_cat=0
split_feature=9 13 15 3 5 4 15
split_gain=2.46887 2.18359 2.4234 2.19244 1.5713 1.47899 1.41591
threshold=0.068217111644126041 12.994999885559084 0.0030114888805036215 -0.00010757798475896639 0.012885944515667399 0.015349315518143511 0.016364652995384591
decision_type=8 2 2 2 2 2 2
left_child=6 2 -2 -3 5 -5 -1
right_child=1 3 -4 4 -6 -7 -8
leaf_value=-9.3610649907877996e-05 7.8189082516646381e-05 -9.7835272289842266e-06 -0.0001377063430836483 0.00015000994093941744 0.00012335332156029544 2.738286914377231e-05 0.00012485176228498157
leaf_weight=373 29 95 38 44 54 68 38
leaf_count=373 29 95 38 44 54 68 38
internal_value=-3.38295e-05 0.00320122 -0.00485075 0.0052682 0.00873494 0.00535714 -0.00261557
internal_weight=739 328 67 261 166 112 411
internal_count=739 328 67 261 166 112 411
is_linear=0
shrinkage=0.05


Tree=21
num_leaves=8
num_cat=0
split_feature=4 12 15 14 3 6 12
split_gain=1.59959 2.17648 1.58044 1.57207 2.77369 1.99627 1.42768
threshold=0.024594389593030921 0.023117382956200586 0.016364652995384591 0.064380578257103652 -0.0023429895154863374 0.99516102792599959 0.038572714980084973
decision_type=2 2 2 2 2 2 2
left_child=1 -1 3 5 -5 -2 -3
right_child=2 6 -4 4 -6 -7 -8
leaf_value=7.9605562851447288e-05 -8.8930117412484077e-05 -9.4209499480120342e-05 0.000152105005454077 -7.7648489297775473e-05 0.0001848510288345701 -0.00049593199995827777 5.8348190342250768e-05
leaf_weight=202 201 108 35 40 27 28 105
leaf_count=202 201 108 35 40 27 28 105
internal_value=0.000402145 0.00246988 -0.00219033 -0.00337838 0.00335821 -0.00534934 -0.00105634
internal_weight=746 415 331 296 67 229 213
internal_count=746 415 331 296 67 229 213
is_linear=0
shrinkage=0.05


Tree=22
num_leaves=8
num_cat=0
split_feature=5 16 8 7 4 10 10
split_gain=2.43604 1.31469 2.70899 1.30672 1.80504 1.42231 1.3943
threshold=0.015441513176787153 -0.013300393962402733 0.010551067200563426 0.034928208393381961 0.037167423257112135 0.0028223419671780108 0.0034432931761126944
decision_type=2 2 10 2 2 2 2
left_child=1 2 -1 4 -2 -5 -6
right_child=3 -3 -4 5 6 -7 -8
leaf_value=2.0832925132265208e-05 -0.00026475221372595099 1.6727126651683648e-05 0.00021509112553487096 -8.1941985831220958e-05 0.00014749249701937066 0.00014208832749257379 -0.00026609258132746788
leaf_weight=54 146 348 42 36 49 39 26
leaf_count=54 146 348 42 36 49 39 26
internal_value=0.000810811 0.00315315 0.00833333 -0.0027027 -0.00463801 0.003 0.00166667
internal_weight=740 444 96 296 221 75 75
internal_count=740 444 96 296 221 75 75
is_linear=0
shrinkage=0.05


Tree=23
num_leaves=8
num_cat=0
split_feature=5 12 16 14 11 16 1
split_gain=1.80049 1.5424 2.06212 2.55775 2.09963 1.5638 1.64848
threshold=0.016816065036635394 0.018878621288125678 -0.017714212912806112 0.039162482689633411 -0.0013567736689930052 0.0073160211496446923 0.046192574541305438
decision_type=2 2 2 2 2 2 2
left_child=1 -1 -3 4 -4 -6 -7
right_child=-2 2 3 -5 5 6 -8
leaf_value=7.7515789645060635e-05 -8.6799707828788888e-05 8.3930851032254885e-05 -0.00023895970367550837 -0.00014892837363774861 -3.5626197635333901e-05 0.00011606277663840054 -2.8873115234729188e-05
leaf_weight=221 227 28 28 42 69 102 30
leaf_count=221 227 28 28 42 69 102 30
internal_value=0.000301205 0.00192308 -0.00041806 -0.00175277 0.000327511 0.00211443 0.00530303
internal_weight=747 520 299 271 229 201 132
internal_count=747 520 299 271 229 201 132
is_linear=0
shrinkage=0.05


Tree=24
num_leaves=8
num_cat=0
split_feature=4 6 16 0 15 16 13
split_gain=1.36793 1.79484 1.6426 3.08268 2.24834 1.37865 1.77557
threshold=0.020453547986213457 1.2024591718410991 -0.022511525470184476 0.021014846228037846 -0.0044806141646438471 0.0011164438646811272 16.125000000000004
decision_type=2 2 2 2 2 2 2
left_child=-1 2 4 5 -2 6 -4
right_child=1 -3 3 -5 -6 -7 -8
leaf_value=3.8413753305636179e-05 0.0002560416578657664 -0.00025883115075805247 -0.00032191216655151085 0.00015551318111068282 -0.00013055642986969349 -5.0395300945012791e-06 -6.50368797561841e-05
leaf_weight=222 41 59 36 38 25 227 96
leaf_count=222 41 59 36 38 25 227 96
internal_value=-0.000134409 -0.00153257 -0.000485961 -0.00170025 0.00681818 -0.0031337 -0.00719697
internal_weight=744 522 463 397 66 359 132
internal_count=744 522 463 397 66 359 132
is_linear=0
shrinkage=0.05


Tree=25
num_leaves=8
num_cat=0
split_feature=7 14 1 1 9 9 10
split_gain=1.33688 2.17624 2.31813 1.78689 1.60183 1.9411 4.32305
threshold=0.03866196137032208 -0.03533310709284803 0.051244930409287133 0.014149755940504717 -0.23196554661909588 -0.065112119303452828 -0.0056282677308486786
decision_type=2 2 2 2 8 8 2
left_child=4 -2 3 -3 -1 6 -6
right_child=1 2 -4 -5 5 -7 -8
leaf_value=0.00011984602522575844 0.00019275386536867037 -5.5826060615879799e-05 -3.0186919191675481e-05 9.3740576415819759e-05 0.00013216731137429978 3.213299964624451e-06 -0.00024554262760138808
leaf_weight=28 55 26 37 54 40 368 142
leaf_count=28 55 26 37 54 40 368 142
internal_value=0.0002 0.00406977 0.000213675 0.005 -0.000951557 -0.00154545 -0.00576923
internal_weight=750 172 117 80 578 550 182
internal_count=750 172 117 80 578 550 182
is_linear=0
shrinkage=0.05


Tree=26
num_leaves=8
num_cat=0
split_feature=1 16 7 14 10 6 14
split_gain=1.36816 2.16714 1.89275 1.92771 2.04926 1.46278 1.37499
threshold=0.051667297915315553 0.0064526803481920201 0.04024710660904119 -0.060408912479391223 0.0028760808963153033 -0.46977453853723045 0.066707247335420675
decision_type=2 2 2 2 2 2 2
left_child=1 6 3 -3 -5 -6 -1
right_child=-2 2 -4 4 5 -7 -8
leaf_value=-4.5403268687282518e-05 -8.250966291454294e-05 0.00023112261348469783 0.00015996924846284886 6.4145749717508605e-05 1.5355260748648077e-05 -0.00015307221614054586 7.6097315738242477e-05
leaf_weight=313 74 28 68 105 25 43 87
leaf_count=313 74 28 68 105 25 43 87
internal_value=0.000370121 0.00108371 0.0045539 0.00211443 0.000144509 -0.00661765 -0.00125
internal_weight=743 669 269 201 173 68 400
internal_count=743 669 269 201 173 68 400
is_linear=0
shrinkage=0.05


Tree=27
num_leaves=8
num_cat=0
split_feature=5 3 12 12 16 16 5
split_gain=2.63507 2.26735 1.65975 1.30084 2.37101 2.48644 1.5
threshold=0.01665325652560912 0.0027366953084736472 0.02867505219605682 0.012058033695657168 0.0064526803481920201 -0.017714212912806112 0.010806274615329561
decision_type=2 2 2 2 2 2 2
left_child=3 2 -2 -1 5 -5 -7
right_child=1 -3 -4 4 -6 6 -8
leaf_value=8.3212013416376627e-05 -0.00023588453077567049 9.3509572600906498e-05 1.0056764659332855e-05 6.1848668006734802e-05 8.7408194969788294e-05 4.5277614238663574e-05 -0.00020160972193016409
leaf_weight=174 112 75 53 29 181 33 88
leaf_count=174 112 75 53 29 181 33 88
internal_value=0.000771812 -0.00354167 -0.00681818 0.00282178 0.000981873 -0.00366667 -0.00681818
internal_weight=745 240 165 505 331 150 121
internal_count=745 240 165 505 331 150 121
is_linear=0
shrinkage=0.05


Tree=28
num_leaves=8
num_cat=0
split_feature=5 15 14 10 6 6 3
split_gain=0.948357 1.61663 1.77045 1.66642 1.33318 1.49441 1.41343
threshold=0.015441513176787153 0.016364652995384591 0.064380578257103652 -0.012508695077667052 0.24043687432427308 -0.051725543089608389 -0.0037303066998725094
decision_type=2 2 2 2 2 2 2
left_child=4 2 -2 -4 5 -1 -6
right_child=1 -3 3 -5 6 -7 -8
leaf_value=2.236943036033807e-05 -0.00012579748397907616 0.00013872017021825385 -5.8595282219589458e-05 0.00011880038930511548 6.8383102533258738e-05 0.00015661203439332221 -2.0141978692561952e-05
leaf_weight=265 208 36 26 27 25 41 124
leaf_count=265 208 36 26 27 25 41 124
internal_value=0.000598404 -0.00159933 -0.00296935 0.00518868 0.00203297 0.00392157 -0.00184564
internal_weight=752 297 261 53 455 306 149
internal_count=752 297 261 53 455 306 149
is_linear=0
shrinkage=0.05


Tree=29
num_leaves=8
num_cat=0
split_feature=9 13 7 8 1 3 13
split_gain=2.42336 1.4593 2.087 2.30041 1.84872 1.82828 1.55528
threshold=0.012794320085917301 19.055000305175785 0.022106961504601234 -0.042791983912419111 -0.027018758586774935 0.00121559600044463 15.425000190734865
decision_type=8 2 2 10 2 2 2
left_child=1 2 3 6 -3 -4 -1
right_child=-2 4 5 -5 -6 -7 -8
leaf_value=-0.00023109784797643949 3.0013406677548976e-05 0.00019886224873310495 -7.2876800125769173e-05 -0.00033250458037364927 -8.0764935277801225e-05 0.00013569786476105901 6.3663716111908748e-06
leaf_weight=32 395 47 34 59 79 29 55
leaf_count=32 395 47 34 59 79 29 55
internal_value=6.84932e-05 -0.0030597 -0.00562201 -0.00890411 0.00119048 0.00198413 -0.00373563
internal_weight=730 335 209 146 126 63 87
internal_count=730 335 209 146 126 63 87
is_linear=0
shrinkage=0.05


Tree=30
num_leaves=8
num_cat=0
split_feature=12 4 3 8 6 12 5
split_gain=1.4221 2.54823 2.29484 2.63172 2.32443 1.57451 1.56125
threshold=0.020115024475367619 0.030830890817301875 0.0031286778082680882 -0.071263922735145244 -0.061081804580634648 0.037776300760474342 0.014679354275763711
decision_type=2 2 2 10 2 2 2
left_child=1 -1 3 4 -3 -2 -7
right_child=5 2 -4 -5 -6 6 -8
leaf_value=8.3243122735362932e-05 -5.9989486423453563e-05 0.00013640724568661378 0.0001387752974733421 -0.00047545335925286279 -0.00047621343453058324 9.206944580205379e-05 -3.9572190206646833e-05
leaf_weight=237 183 29 44 35 28 102 79
leaf_count=237 183 29 44 35 28 102 79
internal_value=0.000712347 0.00288204 -0.00257353 -0.00706522 -0.000438596 -0.00151099 0.00179558
internal_weight=737 373 136 92 57 364 181
internal_count=737 373 136 92 57 364 181
is_linear=0
shrinkage=0.05


Tree=31
num_leaves=8
num_cat=0
split_feature=3 1 13 9 13 8 14
split_gain=1.07897 1.32491 0.987679 1.25046 1.8296 1.58739 1.24677
threshold=-0.0068690117650653795 -0.016668221659439483 12.555000305175783 0.062929353390353118 16.125000000000004 -0.063992346621016202 0.064380578257103652
decision_type=2 2 2 10 2 8 2
left_child=1 -1 -2 4 -4 -6 -7
right_child=2 -3 3 -5 5 6 -8
leaf_value=2.9381048901124929e-05 -7.5093091871590014e-05 -0.0002281209363063982 -7.0956786623124971e-05 6.1350551291849018e-05 0.00013113197160723097 -1.6551029107550661e-05 0.00016702906280325147
leaf_weight=33 27 43 148 137 86 220 37
leaf_count=33 27 43 148 137 86 220 37
internal_value=0.000376197 -0.00526316 0.00103053 0.00143312 0.000254582 0.00225948 0.000291829
internal_weight=731 76 655 628 491 343 257
internal_count=731 76 655 628 491 343 257
is_linear=0
shrinkage=0.05


Tree=32
num_leaves=8
num_cat=0
split_feature=13 9 14 14 12 6 16
split_gain=1.4383 1.26856 1.31189 1.31043 1.25366 1.15294 0.992152
threshold=12.555000305175783 -0.060169634332183634 0.054586954999164335 0.03011365738187333 -0.0059221640754917306 -0.74948660472779849 -0.016720372228272103
decision_type=2 8 2 2 2 2 2
left_child=-1 2 3 5 -4 -2 -7
right_child=1 -3 4 -5 -6 6 -8
leaf_value=-7.848769722064249e-05 -0.00011538706309874233 3.5596248083631284e-05 -8.0563041213795049e-06 -0.00020230541923599209 0.00011164792834773593 -0.0002802647181013443 2.3710094631859344e-05
leaf_weight=32 45 464 28 32 26 26 99
leaf_count=32 45 464 28 32 26 26 99
internal_value=0.00099734 0.00145833 -0.00136719 -0.00321782 0.00555556 -0.00147059 0.001
internal_weight=752 720 256 202 54 170 125
internal_count=752 720 256 202 54 170 125
is_linear=0
shrinkage=0.05


Tree=33
num_leaves=8
num_cat=0
split_feature=1 1 2 1 15 15 4
split_gain=1.80299 1.85193 1.92421 1.35223 1.24365 3.47269 1.66163
threshold=0.051667297915315553 0.028064409679233852 -0.0045864378121673868 0.04409719599541418 0.014633844663228259 0.0055343748778835531 0.01415927529109264
decision_type=2 2 2 2 2 2 2
left_child=1 4 -3 -4 5 6 -1
right_child=-2 2 3 -5 -6 -7 -8
leaf_value=8.5105028789627142e-05 -9.0173840943629055e-05 -3.6829919804112944e-05 0.00013959160274668272 1.2534447460767727e-05 9.7312030332458258e-05 -0.00010826375077211855 5.5874424373004652e-06
leaf_weight=37 73 27 53 31 51 115 355
leaf_count=37 73 27 53 31 51 115 355
internal_value=0.000269542 0.00108371 0.00698198 0.0107143 -8.96057e-05 -0.000838264 0.00140306
internal_weight=742 669 111 84 558 507 392
internal_count=742 669 111 84 558 507 392
is_linear=0
shrinkage=0.05


Tree=34
num_leaves=8
num_cat=0
split_feature=5 12 14 12 15 9 15
split_gain=1.41342 1.88391 1.90177 2.18225 1.79793 1.92569 2.08562
threshold=0.016816065036635394 0.023117382956200586 0.03406338940495391 -0.00052816856958670655 0.016364652995384591 -0.13460415886968438 0.0039678858045240082
decision_type=2 2 2 2 2 10 2
left_child=1 2 -1 -4 5 6 -2
right_child=4 -3 3 -5 -6 -7 -8
leaf_value=2.5515552545722676e-05 0.00010845951218035558 -8.013046835113205e-06 2.0483817644027446e-05 0.00026343414035680609 0.0001114627960417601 -0.00024507893983958753 -0.00016923722771947414
leaf_weight=171 61 263 35 42 28 122 25
leaf_count=171 61 263 35 42 28 122 25
internal_value=0.00023427 0.00171233 0.00483871 0.0113636 -0.0029661 -0.00456731 0.00116279
internal_weight=747 511 248 77 236 208 86
internal_count=747 511 248 77 236 208 86
is_linear=0
shrinkage=0.05


Tree=35
num_leaves=8
num_cat=0
split_feature=9 9 14 14 8 2 11
split_gain=1.39076 1.85633 1.29565 2.56148 1.502 2.93605 1.50035
threshold=-0.065112119303452828 -0.089085710704479223 -0.015974596701323503 -0.033157965869525234 -0.0043314824714206215 -0.075761809378562348 0.0044457003054257935
decision_type=8 10 2 2 10 2 2
left_child=1 2 3 6 5 -4 -1
right_child=-2 -3 4 -5 -6 -7 -8
leaf_value=-0.0003692870990600464 2.926333183790944e-05 -0.00028717792138484798 6.7684173121633848e-05 -0.00043151790950084049 0.00023500691376094566 -0.00026271909042559211 0.00010669059514860271
leaf_weight=25 489 34 54 28 31 46 36
leaf_count=25 489 34 54 28 31 46 36
internal_value=0.0006393 -0.0023622 -0.000681818 -0.00533708 0.00248092 -0.0005 0.000409836
internal_weight=743 254 220 89 131 100 61
internal_count=743 254 220 89 131 100 61
is_linear=0
shrinkage=0.05


Tree=36
num_leaves=8
num_cat=0
split_feature=14 14 5 12 3 11 3
split_gain=1.2653 2.23479 1.32388 1.87848 2.27368 1.53809 1.47714
threshold=-0.098691693357393515 -0.066405515647089006 0.01687163604642488 0.033050986692939495 0.0015815296924567292 -0.021243807178240256 -0.0038260557402364222
decision_type=2 2 2 2 2 2 2
left_child=-1 -2 6 4 5 -4 -3
right_child=1 2 3 -5 -6 -7 -8
leaf_value=-7.3375135010672707e-05 0.00018353241231283812 0.00011168150057085662 -1.4877838432564296e-05 3.6407769312990765e-05 8.5869097566945029e-05 -0.00043159250023332884 -3.5210092110180525e-07
leaf_weight=42 52 82 25 51 46 64 391
leaf_count=42 52 82 25 51 46 64 391
internal_value=9.96016e-05 0.00059775 -0.000189681 -0.00376344 -0.00685185 -0.0115169 0.00121564
internal_weight=753 711 659 186 135 89 473
internal_count=753 711 659 186 135 89 473
is_linear=0
shrinkage=0.05


Tree=37
num_leaves=8
num_cat=0
split_feature=15 15 13 14 8 1 1
split_gain=0.935712 1.57246 2.50419 2.93965 2.20119 1.60257 1.61591
threshold=0.014523422663353271 0.006829324183712294 14.795000076293947 -0.022227674526148929 0.012586681907877486 0.049334186720254476 0.032198154849606093
decision_type=2 2 2 2 8 2 2
left_child=1 5 -3 4 -4 6 -1
right_child=-2 2 3 -5 -6 -7 -8
leaf_value=4.7869789767486518e-06 6.2455726273006834e-05 -8.8341479935999159e-05 -0.00036059948905798884 0.00029001358500392913 5.4282444006067793e-05 -6.3144824748997616e-05 0.00012577542156370284
leaf_weight=447 92 42 32 26 28 45 45
leaf_count=447 92 42 32 26 28 45 45
internal_value=0.000165125 -0.000488722 -0.00546875 -0.000581395 -0.00666667 0.000698324 0.00152439
internal_weight=757 665 128 86 60 537 492
internal_count=757 665 128 86 60 537 492
is_linear=0
shrinkage=0.05


Tree=38
num_leaves=8
num_cat=0
split_feature=14 14 1 1 9 15 9
split_gain=1.07241 1.92988 1.76316 1.87026 2.19048 1.78685 1.74447
threshold=-0.098691693357393515 -0.066405515647089006 0.04409719599541418 0.026962883418729881 0.0083021029644051465 0.0056811917200513271 0.17151880389611465
decision_type=2 2 2 2 8 2 8
left_child=-1 -2 3 5 -5 -3 -7
right_child=1 2 -4 4 -6 6 -8
leaf_value=-0.00010274955296953239 0.00014070170538779491 1.1296878778691705e-05 -4.4088132323001828e-05 -1.4373295459773478e-05 0.00018271223556157523 -0.00020303931179082511 2.7681134002094248e-06
leaf_weight=41 57 376 84 27 42 63 50
leaf_count=41 57 376 84 27 42 63 50
internal_value=-6.75676e-05 0.000393419 -0.000389408 0.00062724 0.00833333 -0.000460123 -0.00597345
internal_weight=740 699 642 558 69 489 113
internal_count=740 699 642 558 69 489 113
is_linear=0
shrinkage=0.05


Tree=39
num_leaves=8
num_cat=0
split_feature=13 7 14 11 10 9 7
split_gain=1.80471 1.53784 1.08515 1.64575 1.58401 0.993432 0.777681
threshold=12.494999885559084 0.037727356150091713 -0.03533310709284803 0.021151753576904912 -0.00045040499871334955 -0.073681999656604144 0.032852222486918888
decision_type=2 2 2 2 2 10 2
left_child=-1 6 5 4 -4 -3 -2
right_child=1 2 3 -5 -6 -7 -8
leaf_value=-0.00013605072117047645 -1.9276936016369376e-06 8.3838828365608508e-05 2.0703811499564203e-05 0.000139625272817547 -4.1883725706851714e-05 0.00022930660264132422 -7.5737468539200964e-05
leaf_weight=25 503 28 47 28 40 30 35
leaf_count=25 503 28 47 28 40 30 35
internal_value=0.000203804 0.000668073 0.00476879 0.00195652 -0.00143678 0.0103448 -0.000650558
internal_weight=736 711 173 115 87 58 538
internal_count=736 711 173 115 87 58 538
is_linear=0
shrinkage=0.05


Tree=40
num_leaves=8
num_cat=0
split_feature=1 11 2 15 11 14 14
split_gain=1.34137 1.69865 1.68645 1.20862 1.79381 2.12319 2.88495
threshold=0.051667297915315553 0.03197650803521624 0.099102081297018044 0.005984665573695259 0.015047056175498954 -0.015974596701323503 -0.058539441914538297
decision_type=2 2 2 2 2 2 2
left_child=1 2 3 -1 5 6 -5
right_child=-2 -3 -4 4 -6 -7 -8
leaf_value=8.4235779356448523e-06 -5.3663451547327677e-05 9.2229402087599369e-05 0.00011562073956303715 7.5351637384644011e-05 -0.00012074376579821041 0.00015094589315181383 -0.00033342666428035978
leaf_weight=408 72 26 72 55 39 26 45
leaf_count=408 72 26 72 55 39 26 45
internal_value=0.000235532 0.000931446 0.000426357 -0.00047993 -0.00409091 -0.00119048 -0.0045
internal_weight=743 671 645 573 165 126 100
internal_count=743 671 645 573 165 126 100
is_linear=0
shrinkage=0.05


Tree=41
num_leaves=8
num_cat=0
split_feature=4 14 16 16 12 14 11
split_gain=1.14409 1.12057 2.30141 2.03753 1.6359 1.85297 1.5086
threshold=0.012920124062088548 0.010891009150098998 0.0011164438646811272 -0.0069321712143815542 -0.018266326902635351 -0.03892751900237456 0.012464191506580515
decision_type=2 2 2 2 2 2 2
left_child=-1 2 4 -3 -2 -6 -4
right_child=1 3 6 -5 5 -7 -8
leaf_value=5.2016977520266424e-05 8.789269718858031e-05 1.8933588548472019e-05 9.9118690838775815e-05 -0.00010002756579577813 -0.00032372416624551546 -4.9065244466930754e-05 6.8032672344113532e-06
leaf_weight=30 49 128 131 135 46 74 158
leaf_count=30 49 128 131 135 46 74 158
internal_value=0.000432756 3.46741e-05 0.00152838 -0.00256654 -0.00310651 -0.00625 0.00423875
internal_weight=751 721 458 263 169 120 289
internal_count=751 721 458 263 169 120 289
is_linear=0
shrinkage=0.05


Tree=42
num_leaves=8
num_cat=0
split_feature=9 9 1 7 8 15 1
split_gain=1.1894 1.98126 1.83524 1.6018 2.69714 1.36979 1.31058
threshold=0.068217111644126041 0.15379622050864475 0.060353560668328761 0.010380805803222428 0.016366602184782812 0.0097125921876046756 0.046192574541305438
decision_type=8 8 2 2 10 2 2
left_child=2 -2 3 4 -1 -5 -3
right_child=1 6 -4 5 -6 -7 -8
leaf_value=-5.495947698188047e-07 9.4041901632811926e-05 2.7506781335595589e-05 -0.00028884603211941568 9.7856562814353749e-05 -0.00020643355643561135 -7.1012549666711348e-05 -2.8267845097568126e-05
leaf_weight=234 46 249 26 94 29 37 34
leaf_count=234 46 249 26 94 29 37 34
internal_value=0.00116822 0.00341945 -0.000595238 0.000253807 -0.0019962 0.00477099 0.00185512
internal_weight=749 329 420 394 263 131 283
internal_count=749 329 420 394 263 131 283
is_linear=0
shrinkage=0.05


Tree=43
num_leaves=8
num_cat=0
split_feature=8 0 1 3 14 14 0
split_gain=1.5114 1.64355 1.55556 2.1948 1.87088 1.28535 1.67607
threshold=-0.0043314824714206215 -0.013353716125789004 -0.010278324004791948 0.0061703690598680092 -0.067583665573298909 -0.015974596701323503 -0.0080864547869879937
decision_type=10 2 2 2 2 2 2
left_child=2 -2 3 5 -4 -1 -7
right_child=1 -3 4 -5 -6 6 -8
leaf_value=-0.00027158390294978796 0.00010022855973071737 1.1769426222397583e-05 2.1742302254325419e-05 0.00025716747238736527 -0.00015214414157864876 -7.1592291760945104e-05 0.00014267481277440843
leaf_weight=49 42 361 29 25 135 65 38
leaf_count=49 42 361 29 25 135 65 38
internal_value=0.00047043 0.00254342 -0.00197947 0.00127119 -0.0054878 -0.000986842 0.00218447
internal_weight=744 403 341 177 164 152 103
internal_count=744 403 341 177 164 152 103
is_linear=0
shrinkage=0.05


Tree=44
num_leaves=8
num_cat=0
split_feature=7 14 0 15 4 10 6
split_gain=1.02891 1.91088 1.60714 1.54714 0.998091 1.118 1.60959
threshold=0.04024710660904119 0.010891009150098998 0.0051580621260345358 0.0067517637770510017 0.014045129091717816 0.0024569690177319585 0.51339303496325372
decision_type=2 2 2 2 2 2 2
left_child=4 2 -2 -4 -1 -6 -7
right_child=1 -3 3 -5 5 6 -8
leaf_value=3.8177302713662023e-05 0.00012273723806631754 -2.1751151463091136e-05 -3.7582600413129005e-05 7.0481262321560976e-05 4.2582423423693892e-06 -1.0300171495917881e-05 -0.00025807996719399534
leaf_weight=44 45 42 25 35 342 161 41
leaf_count=44 45 42 25 35 342 161 41
internal_value=0.000510204 0.0042517 0.00785714 0.0025 -0.00042517 -0.00101103 -0.0039604
internal_weight=735 147 105 60 588 544 202
internal_count=735 147 105 60 588 544 202
is_linear=0
shrinkage=0.05


Tree=45
num_leaves=8
num_cat=0
split_feature=16 5 5 2 9 16 16
split_gain=0.997947 1.23282 2.01856 2.00441 2.07071 1.11553 1.69609
threshold=-0.044141982815162344 0.020665223932922309 0.022895930655448305 -0.10396724222398034 -0.2098968114711475 -0.0192746561993648 0.0064526803481920201
decision_type=2 2 2 2 10 2 2
left_child=-1 3 -3 4 -2 -5 -7
right_child=1 2 -4 5 -6 6 -8
leaf_value=-0.00012459846847718818 0.00015259078711987427 -0.00027735946107111046 1.2253915816988872e-05 9.0765488833679823e-05 1.0455258663866729e-06 -3.9381585057375493e-05 2.2769428272837196e-05
leaf_weight=37 26 48 40 69 25 222 276
leaf_count=37 26 48 40 69 25 222 276
internal_value=0.000572005 0.000991501 -0.00454545 0.00177994 0.0112745 0.000925926 0.000100402
internal_weight=743 706 88 618 51 567 498
internal_count=743 706 88 618 51 567 498
is_linear=0
shrinkage=0.05


Tree=46
num_leaves=8
num_cat=0
split_feature=9 9 9 7 4 15 3
split_gain=0.81212 0.918905 1.77163 1.23687 1.93842 1.25625 1.00577
threshold=-0.23196554661909588 -0.060169634332183634 -0.089085710704479223 0.0011074114037858964 0.037167423257112135 0.0039678858045240082 -0.0028080495179442218
decision_type=8 8 10 2 2 2 2
left_child=-1 2 3 4 6 -5 -2
right_child=1 -3 -4 5 -6 -7 -8
leaf_value=6.7846194374385484e-05 -0.00045648694283187055 1.1736134345307227e-05 -0.00024859781146585402 0.0001261392089716512 6.5173668837435842e-05 -0.00012737102063134975 -0.00010587111962820683
leaf_weight=40 27 489 39 34 41 25 52
leaf_count=40 27 489 39 34 41 25 52
internal_value=0.000568942 0.000176803 -0.00252294 -0.000418994 -0.00333333 0.00550847 -0.00791139
internal_weight=747 707 218 179 120 59 79
internal_count=747 707 218 179 120 59 79
is_linear=0
shrinkage=0.05


Tree=47
num_leaves=8
num_cat=0
split_feature=13 12 12 8 1 14 12
split_gain=0.888261 0.89548 1.68703 1.44295 1.22396 1.47049 1.19506
threshold=12.555000305175783 0.037776300760474342 0.04851916087108233 0.049046472498353595 -0.015234284608722891 -0.0029443342389950384 0.024098951150824836
decision_type=2 2 2 10 2 2 2
left_child=-1 6 3 -3 -4 -6 -2
right_child=1 2 4 -5 5 -7 -8
leaf_value=-0.0001215309654691374 1.1177569287240847e-05 7.4964502816777048e-05 0.00012321059244858702 0.00025068446104375595 1.6001784577840926e-05 -9.3341813395162232e-05 -2.7280694351202938e-05
leaf_weight=29 405 37 30 34 36 28 135
leaf_count=29 405 37 30 34 36 28 135
internal_value=0.000817439 0.00117021 0.00439394 0.0102113 0 -0.00390625 0.000185185
internal_weight=734 705 165 71 94 64 540
internal_count=734 705 165 71 94 64 540
is_linear=0
shrinkage=0.05


Tree=48
num_leaves=8
num_cat=0
split_feature=16 16 5 14 13 9 16
split_gain=1.65171 1.68574 1.14813 2.29183 2.46758 2.00784 1.62062
threshold=0.034731324431131701 0.028509356076756646 0.01687163604642488 -0.067583665573298909 17.090000152587894 -0.152445940853807 0.0099185509558625835
decision_type=2 2 2 2 2 10 2
left_child=1 2 6 -4 -5 -6 -1
right_child=-2 -3 3 4 5 -7 -8
leaf_value=-9.5235105359646301e-07 5.4965872211938924e-05 -0.00012952137466342678 7.7290604498083196e-05 -0.0002612318859251142 9.2476189787871806e-05 -0.00026772109171779922 5.828061034290405e-05
leaf_weight=297 84 38 34 46 40 68 127
leaf_count=297 84 38 34 46 40 68 127
internal_value=0.000544959 -0.000307692 0.000326797 -0.00292553 -0.00551948 -0.00138889 0.00176887
internal_weight=734 650 612 188 154 108 424
internal_count=734 650 612 188 154 108 424
is_linear=0
shrinkage=0.05


Tree=49
num_leaves=8
num_cat=0
split_feature=4 11 7 2 0 16 11
split_gain=1.11953 1.3483 1.10911 1.50247 1.83025 1.2577 1.40155
threshold=0.01415927529109264 0.010167890880724896 0.014456853527504145 0.015206519852418722 -0.0031988237490400136 0.035043763597478968 0.011915744624196202
decision_type=2 2 2 2 2 2 2
left_child=1 -1 3 5 -5 6 -2
right_child=2 -3 -4 4 -6 -7 -8
leaf_value=7.3904372992492391e-05 7.556465680916042e-06 -9.04733500916655e-07 1.4207921941965589e-05 2.0530249213614312e-06 -0.00031458192477186187 7.218453097532027e-05 -0.00024393033408939428
leaf_weight=33 246 25 287 36 34 25 46
leaf_count=33 246 25 287 36 34 25 46
internal_value=0.0010929 0.00775862 0.000519288 -0.00122739 -0.00785714 0.000236593 -0.000684932
internal_weight=732 58 674 387 70 317 292
internal_count=732 58 674 387 70 317 292
is_linear=0
shrinkage=0.05


Tree=50
num_leaves=8
num_cat=0
split_feature=13 13 6 14 4 10 8
split_gain=0.890401 1.09133 1.25574 1.07562 2.14501 1.83223 2.16242
threshold=12.494999885559084 13.484999656677248 0.24043687432427308 -0.0056306847578752031 0.016778780200415472 0.0018732766831597305 0.062234096980524518
decision_type=2 2 2 2 2 2 8
left_child=-1 2 -2 4 -3 6 -5
right_child=1 3 -4 5 -6 -7 -8
leaf_value=-0.00011536156296795488 5.7206054892361023e-05 0.00016793993214323329 -2.8355326776665498e-06 2.2899478434602363e-05 4.236927654970935e-06 -0.00010480880768954898 -8.3381250490202819e-05
leaf_weight=27 43 33 33 193 276 54 76
leaf_count=27 43 33 33 193 276 54 76
internal_value=0.000578231 0.000918079 0.00657895 0.000237342 0.00234628 -0.00178019 -9.29368e-05
internal_weight=735 708 76 632 309 323 269
internal_count=735 708 76 632 309 323 269
is_linear=0
shrinkage=0.05


Tree=51
num_leaves=8
num_cat=0
split_feature=16 14 4 3 15 6 15
split_gain=0.791017 1.85477 1.23294 1.43634 1.46444 1.79033 1.54927
threshold=0.0064526803481920201 -0.061929277885563232 0.035977558835348998 -0.0043567184288334495 0.0091790569622634006 0.54203885280097597 0.013869795433696376
decision_type=2 2 2 2 2 2 2
left_child=-1 -2 3 -3 5 -5 -6
right_child=1 2 -4 4 6 -7 -8
leaf_value=-5.4743631605980517e-06 0.00010566687905267026 -0.0001286856849850273 -0.00033953794988251487 9.5330365320602705e-05 -4.3935440320876357e-05 -7.9125679086664704e-06 5.2987444078760072e-05
leaf_weight=419 41 27 32 127 29 48 30
leaf_count=419 41 27 32 127 29 48 30
internal_value=0.00102922 0.00284431 0.00145051 0.00258621 0.00384615 0.00614286 -0.0029661
internal_weight=753 334 293 261 234 175 59
internal_count=753 334 293 261 234 175 59
is_linear=0
shrinkage=0.05


Tree=52
num_leaves=8
num_cat=0
split_feature=6 7 0 8 6 8 1
split_gain=1.43208 1.55402 2.14118 1.98784 1.51358 1.49574 1.45023
threshold=0.53606324797671123 0.034928208393381961 0.0055060201259274919 0.10037485988911533 0.73724839744915605 0.096691913822513978 0.04409719599541418
decision_type=2 2 2 10 2 8 2
left_child=1 5 3 -3 -2 -1 -4
right_child=4 2 6 -5 -6 -7 -8
leaf_value=-4.8821576813559264e-06 -0.00030923452440314366 0.00015657981934582749 8.0930274880673331e-05 1.6867586315091802e-06 -8.545682471129213e-06 6.8658610154103029e-05 -0.0001238907772304273
leaf_weight=394 28 39 45 29 143 41 32
leaf_count=394 28 39 45 29 143 41 32
internal_value=0.000366178 0.00155172 0.00603448 0.0125 -0.00365497 5.74713e-05 0.000324675
internal_weight=751 580 145 68 171 435 77
internal_count=751 580 145 68 171 435 77
is_linear=0
shrinkage=0.05


Tree=53
num_leaves=8
num_cat=0
split_feature=9 0 9 9 16 16 2
split_gain=1.28856 1.14365 2.04525 1.56056 1.44842 1.42908 2.4396
threshold=0.27762994774335387 0.0010267477883809664 0.012794320085917301 -0.22968806365371633 0.036344459611069919 0.028509356076756646 0.069223792787321506
decision_type=10 2 10 8 2 2 2
left_child=1 2 3 -1 5 6 -3
right_child=-2 4 -4 -5 -6 -7 -8
leaf_value=8.4505227322261185e-05 -3.6847189748540239e-05 -6.2779774619672879e-05 8.6787330549638071e-05 -5.9459611850064093e-07 7.1180888787293538e-05 -0.00017788467345009642 8.4437499740277173e-05
leaf_weight=25 55 189 78 251 43 26 69
leaf_count=25 55 189 78 251 43 26 69
internal_value=0.000543478 0.00113803 0.00310734 0.00108696 -0.000993884 -0.00228873 -0.00116279
internal_weight=736 681 354 276 327 284 258
internal_count=736 681 354 276 327 284 258
is_linear=0
shrinkage=0.05


Tree=54
num_leaves=8
num_cat=0
split_feature=15 5 1 1 8 9 1
split_gain=1.12413 1.61396 2.29024 2.14472 2.01647 1.94805 1.97045
threshold=0.016364652995384591 0.013801834867237159 0.026962883418729881 0.02044475245632971 0.10369316301278321 -0.13460415886968438 0.047745831163795834
decision_type=2 2 2 2 8 8 2
left_child=1 2 3 4 -1 -3 -7
right_child=-2 5 -4 -5 -6 6 -8
leaf_value=1.6519894982834367e-06 7.7390561249541568e-05 3.3094007373288339e-05 9.3463572108546338e-05 -0.00011263888597793769 0.00012216857435167803 -5.2716336290694037e-05 -0.00045766095267270345
leaf_weight=194 70 122 66 25 32 196 36
leaf_count=194 70 122 66 25 32 196 36
internal_value=0.00111336 0.000484352 0.00307571 0.000896414 0.00243363 -0.00183616 -0.00452586
internal_weight=741 671 317 251 226 354 232
internal_count=741 671 317 251 226 354 232
is_linear=0
shrinkage=0.05


Tree=55
num_leaves=8
num_cat=0
split_feature=14 14 15 14 2 8 10
split_gain=1.31785 1.91708 1.15575 0.922807 0.830951 2.05763 1.81827
threshold=-0.098691693357393515 -0.06426442822534599 0.011794485361508735 -0.048915299030690522 -0.076766500221711484 -0.008013321849426434 0.0043510585935800936
decision_type=2 2 2 2 2 10 2
left_child=-1 2 -2 -3 -5 -6 -7
right_child=1 3 -4 4 5 6 -8
leaf_value=-5.7004969074154511e-05 3.9719284575837027e-05 -0.00010665314848317504 0.00018572942392547362 4.8427654426649179e-05 -0.00013259191110860224 2.0692128150301675e-06 7.7708400994971557e-05
leaf_weight=41 30 50 27 110 146 271 83
leaf_count=41 30 50 27 110 146 271 83
internal_value=0.000791557 0.0012901 0.0100877 0.000530303 0.00106557 0.0002 0.00225989
internal_weight=758 717 57 660 610 500 354
internal_count=758 717 57 660 610 500 354
is_linear=0
shrinkage=0.05


Tree=56
num_leaves=8
num_cat=0
split_feature=15 4 10 2 2 1 2
split_gain=1.41842 2.57859 1.54389 1.31232 1.61498 1.5652 2.56091
threshold=0.016364652995384591 0.02290935468643682 0.0094914683342374202 -0.17793189241158694 -0.080693822846604743 0.026962883418729881 0.023055586023208788
decision_type=2 2 2 2 2 2 2
left_child=2 -2 3 -1 -5 -6 -7
right_child=1 -3 -4 4 5 6 -8
leaf_value=-0.00015292797297800331 -6.3797431296506748e-06 0.00013086726746727495 -0.00014630052109780646 9.0844780015307051e-05 -8.3151067335538892e-06 -0.00013930196361671416 4.0997318712848797e-05
leaf_weight=27 32 39 44 76 382 36 106
leaf_count=27 32 39 44 76 382 36 106
internal_value=0.000673854 0.00739437 -3.72578e-05 0.000598086 0.00108333 9.54198e-05 0.00457746
internal_weight=742 71 671 627 600 524 142
internal_count=742 71 671 627 600 524 142
is_linear=0
shrinkage=0.05


Tree=57
num_leaves=8
num_cat=0
split_feature=0 1 5 5 16 12 16
split_gain=0.884727 1.30482 1.60391 1.25444 1.18394 1.66738 1.75665
threshold=0.024488097479456353 0.051667297915315553 0.022895930655448305 0.021130213910936557 -0.044141982815162344 0.0098181061212317972 0.0093994041505446341
decision_type=2 2 2 2 2 2 2
left_child=1 2 3 4 -1 -6 -7
right_child=-2 -3 -4 -5 5 6 -8
leaf_value=-0.00018112575827569974 4.0416210005928934e-05 -8.9809502287113534e-05 0.00015308383650148788 -0.00033128866807033462 4.4645117406501679e-05 -2.4760869797784314e-05 3.1650708550705085e-05
leaf_weight=26 50 63 28 32 173 198 163
leaf_count=26 50 63 28 32 173 198 163
internal_value=0.000579809 0.00010981 0.000806452 0.000253378 0.000803571 0.00131086 -0.000623269
internal_weight=733 683 620 592 560 534 361
internal_count=733 683 620 592 560 534 361
is_linear=0
shrinkage=0.05


Tree=58
num_leaves=8
num_cat=0
split_feature=9 11 1 3 4 11 6
split_gain=1.43999 0.950334 1.68056 1.5501 1.53254 1.54071 1.34565
threshold=-0.23196554661909588 0.01184082179671231 0.015570438748737205 0.0061703690598680092 0.01415927529109264 0.0099206044404429611 -0.68569228238147273
decision_type=8 2 2 2 2 2 2
left_child=-1 4 -3 6 -2 -6 -4
right_child=1 2 3 -5 5 -7 -8
leaf_value=4.371038852266055e-05 3.8648817352449381e-05 -0.00010704122425910205 -3.2281333623314196e-06 -0.00013085229894005415 -7.6293756912895923e-08 0.00020996505160141802 9.7376483755180469e-05
leaf_weight=43 37 98 29 30 408 38 67
leaf_count=43 37 98 29 30 408 38 67
internal_value=0.001 0.000459689 -0.00223214 0.0015873 0.00170807 0.000896861 0.0046875
internal_weight=750 707 224 126 483 446 96
internal_count=750 707 224 126 483 446 96
is_linear=0
shrinkage=0.05


Tree=59
num_leaves=8
num_cat=0
split_feature=3 8 14 9 13 7 5
split_gain=1.38002 1.08459 1.67931 1.6382 2.12874 2.28809 1.60922
threshold=-0.012520051599826941 -0.041026575769497801 -0.091137781806863202 0.0083021029644051465 18.214999198913578 0.014456853527504145 0.019030953269129361
decision_type=2 8 2 8 2 2 2
left_child=-1 -2 -3 4 5 -4 -6
right_child=1 2 3 -5 6 -7 -8
leaf_value=-0.0004806911780289471 3.3077299269672908e-05 -0.00018737401553140963 -0.00028084132930178142 1.4939053444331655e-05 0.00012657871186683069 -9.1311489176268245e-07 -0.00015153180068255037
leaf_weight=27 204 27 37 350 25 42 29
leaf_count=27 204 27 37 350 25 42 29
internal_value=0.000910931 0.00133053 9.80392e-05 0.000776398 -0.00394737 -0.00917722 0.0037037
internal_weight=741 714 510 483 133 79 54
internal_count=741 714 510 483 133 79 54
is_linear=0
shrinkage=0.05


Tree=60
num_leaves=8
num_cat=0
split_feature=13 13 13 12 6 0 9
split_gain=1.09266 1.60044 1.18956 2.06253 1.92043 1.78432 1.084
threshold=12.88000011444092 13.84500026702881 15.875000000000002 0.012544135938263425 -0.53129903649631982 0.0031719095953701708 -0.065112119303452828
decision_type=2 2 2 2 2 2 8
left_child=-1 -2 3 -3 -5 -6 -4
right_child=1 2 6 4 5 -7 -8
leaf_value=-6.0134193116826882e-05 5.4502125636069068e-05 6.6613162224549895e-05 -1.3480123614501191e-06 -0.00017800531475483912 2.2404144581233576e-05 -0.00011365131898870085 4.6411978207050565e-05
leaf_weight=50 88 53 203 25 48 37 242
leaf_count=50 88 53 203 25 48 37 242
internal_value=0.00113941 0.0016523 0.000740132 -0.00291411 -0.00681818 -0.00323529 0.00207865
internal_weight=746 696 608 163 110 85 445
internal_count=746 696 608 163 110 85 445
is_linear=0
shrinkage=0.05


Tree=61
num_leaves=8
num_cat=0
split_feature=6 4 7 6 5 6 14
split_gain=1.13121 1.19655 1.85185 1.72905 1.18843 1.11107 1.73734
threshold=0.53606324797671123 0.01415927529109264 0.019833657688518972 0.26754297760140328 0.0091114551504616684 0.73724839744915605 -0.016284077904727075
decision_type=2 2 2 2 2 2 2
left_child=1 2 -1 4 -3 -2 -7
right_child=5 3 -4 -5 -6 6 -8
leaf_value=6.3282504113322411e-05 -0.00028471523018597168 -0.00010865058838401294 -4.8864645954367718e-06 7.4450030242824731e-05 1.2678495034319e-06 -0.00016129464008272028 2.5265970831881435e-05
leaf_weight=27 28 30 27 46 453 57 84
leaf_count=27 28 30 27 46 453 57 84
internal_value=0.000199468 0.00124357 0.00833333 0.000519849 -0.000362319 -0.00340237 -0.00159574
internal_weight=752 583 54 529 483 169 141
internal_count=752 583 54 529 483 169 141
is_linear=0
shrinkage=0.05


Tree=62
num_leaves=8
num_cat=0
split_feature=14 16 12 14 14 9 0
split_gain=1.33796 2.23902 1.7701 1.19785 2.32873 1.59143 2.08111
threshold=-0.062752290881895975 -0.0070871119856709122 0.012875909391154241 0.054586954999164335 0.027028120883943799 -0.061231035492015244 -0.0023182109446749917
decision_type=2 2 2 2 2 8 2
left_child=1 -1 -3 4 5 -2 -7
right_child=3 2 -4 -5 -6 6 -8
leaf_value=-0.0001177051003202527 -0.00011443016566153917 0.00017903085770008275 3.1535261337757494e-05 3.7996800826814232e-05 -0.00012702653957659781 6.0647466987300003e-05 -4.6618436284187175e-06
leaf_weight=35 119 33 39 137 76 93 208
leaf_count=35 119 33 39 137 76 93 208
internal_value=0.000202703 0.00537383 0.0104167 -0.000671406 -0.00181452 -0.000357143 0.00157807
internal_weight=740 107 72 633 496 420 301
internal_count=740 107 72 633 496 420 301
is_linear=0
shrinkage=0.05


Tree=63
num_leaves=8
num_cat=0
split_feature=9 1 1 9 0 4 4
split_gain=1.40937 1.54009 1.26996 2.23634 1.54526 1.01014 1.54151
threshold=-0.23196554661909588 0.062807498819387422 0.030241725384446475 -0.11132542032217189 0.0089923785877596991 0.037167423257112135 0.03361196709080496
decision_type=8 2 2 10 2 2 2
left_child=-1 2 5 -4 -5 6 -2
right_child=1 -3 3 4 -6 -7 -8
leaf_value=3.3871422383982724e-05 1.1885971533093232e-06 -0.00025854214052734297 -5.6619443111942046e-06 7.2059082944363111e-05 0.00013204494191177129 7.4179274301649546e-05 -0.00045463810292816864
leaf_weight=40 445 36 47 37 30 65 48
leaf_count=40 445 36 47 37 30 65 48
internal_value=0.000868984 0.000353107 0.000892857 0.00570175 0.0115672 -8.96057e-05 -0.000862069
internal_weight=748 708 672 114 67 558 493
internal_count=748 708 672 114 67 558 493
is_linear=0
shrinkage=0.05


Tree=64
num_leaves=8
num_cat=0
split_feature=10 14 6 6 12 1 16
split_gain=1.66187 1.50636 1.57512 1.36705 1.80601 2.143 2.26299
threshold=-0.01378806518059311 0.052213768787031663 -0.89700314178079155 -0.31268032327456391 -0.025750753581570359 0.028064409679233852 0.024873395137585467
decision_type=2 2 2 2 2 2 2
left_child=-1 2 -2 -4 -5 6 -6
right_child=1 -3 3 4 5 -7 -8
leaf_value=-0.00011447837753521012 -3.4511144380159658e-05 7.2476236876376724e-05 3.7062534094258266e-05 7.7414839254981267e-05 -0.00014085891430893078 4.2827297207850665e-05 7.0470310586567052e-05
leaf_weight=46 89 85 209 36 162 83 29
leaf_count=46 89 85 209 36 162 83 29
internal_value=0.000507442 0.00111833 0.000246711 0.00130058 -0.000806452 -0.00218978 -0.00510471
internal_weight=739 693 608 519 310 274 191
internal_count=739 693 608 519 310 274 191
is_linear=0
shrinkage=0.05


Tree=65
num_leaves=8
num_cat=0
split_feature=11 11 11 1 1 14 3
split_gain=0.853141 1.41712 1.3842 1.22133 2.15461 1.15604 1.04537
threshold=0.011742947758078383 0.016138382759851803 0.009693229646918879 0.046192574541305438 0.023685973360880967 -0.01786915050429105 -0.01370138511697727
decision_type=2 2 2 2 2 2 2
left_child=2 -2 6 4 5 -3 -1
right_child=1 3 -4 -5 -6 -7 -8
leaf_value=-0.00037713544449680819 -0.00010034841906559605 3.7991120809560234e-05 0.00018333893376224473 -6.1006939554473236e-05 0.00012732632298342829 -6.9480549699559138e-05 7.2326387537827079e-06
leaf_weight=25 70 38 44 50 38 46 428
leaf_count=25 70 38 44 50 38 46 428
internal_value=0.000575101 -0.0018595 0.00176056 0.000581395 0.00327869 -0.00119048 0.00093819
internal_weight=739 242 497 172 122 84 453
internal_count=739 242 497 172 122 84 453
is_linear=0
shrinkage=0.05


Tree=66
num_leaves=8
num_cat=0
split_feature=5 6 9 6 8 10 16
split_gain=1.17077 1.5832 1.83191 1.42181 1.03453 1.39411 1.04527
threshold=0.012583843915258972 1.2024591718410991 0.30157495434116671 2.3307967973631567 0.086962290744158524 0.0032283731128327502 0.015521651464853627
decision_type=2 2 10 2 10 2 2
left_child=4 2 -2 -3 6 -6 -1
right_child=1 3 -4 -5 5 -7 -8
leaf_value=3.4319616198286686e-05 4.5237618621910912e-06 -0.00019077687827018046 -0.00010788996733825745 -0.00012956781880897042 1.6547625474552969e-05 0.00010392494031625024 -1.1694093778302166e-05
leaf_weight=121 436 26 25 27 33 27 45
leaf_count=121 436 26 25 27 33 27 45
internal_value=0.000540541 -0.00077821 0.00016269 -0.00896226 0.00353982 0.00916667 0.00150602
internal_weight=740 514 461 53 226 60 166
internal_count=740 514 461 53 226 60 166
is_linear=0
shrinkage=0.05


Tree=67
num_leaves=8
num_cat=0
split_feature=9 9 10 3 10 9 7
split_gain=0.868491 0.958091 1.90833 1.67769 1.19129 1.5378 1.08891
threshold=-0.23196554661909588 -0.069770618217675759 -0.0035395277323598258 -0.0029006447400216069 1.0000000180025095e-35 -0.11132542032217189 0.0024244570808366066
decision_type=8 8 2 2 2 10 2
left_child=-1 2 3 -2 -4 6 -6
right_child=1 -3 4 -5 5 -7 -8
leaf_value=3.1963599175576585e-05 -9.9144531252077727e-06 7.8988204264516217e-06 -0.00023127161790727167 0.00014830563488273416 -0.00014613960033697817 -0.00015052382380695067 0.00010383130717561028
leaf_weight=38 32 499 44 30 50 39 26
leaf_count=38 32 499 44 30 50 39 26
internal_value=0.000527704 0.000138889 -0.00260181 0.00483871 -0.00550314 -0.00282609 0.00131579
internal_weight=758 720 221 62 159 115 76
internal_count=758 720 221 62 159 115 76
is_linear=0
shrinkage=0.05


Tree=68
num_leaves=8
num_cat=0
split_feature=3 0 10 3 16 8 11
split_gain=0.982229 1.76938 1.85646 1.80135 1.66915 2.50983 2.19232
threshold=-0.0060814053611297761 0.00087687245256862234 0.0081754329593887193 0.0037439764110172029 -0.001233035365963697 0.060935210142065828 -0.00089102976467808615
decision_type=2 2 2 2 2 8 2
left_child=-1 2 3 4 5 6 -2
right_child=1 -3 -4 -5 -6 -7 -8
leaf_value=-8.3095680388066298e-05 0.00011669882171750696 -3.1598603471248322e-06 -0.00017288484477988387 0.00010862579790455108 4.1754230854138357e-05 -0.00014822794695324465 -0.0002645617509181906
leaf_weight=93 53 340 27 50 130 25 25
leaf_count=93 53 340 27 50 130 25 25
internal_value=0.00077389 0.00146154 0.00419355 0.00538869 0.00354077 -0.00121359 0.00320513
internal_weight=743 650 310 283 233 103 78
internal_count=743 650 310 283 233 103 78
is_linear=0
shrinkage=0.05


Tree=69
num_leaves=8
num_cat=0
split_feature=8 14 9 6 12 3 8
split_gain=1.35316 1.45273 1.16903 1.1368 1.29318 1.06675 1.02169
threshold=0.08093740425937547 -0.0032889554051496734 -0.19774930729256199 -0.94281021699268996 0.022707498182199862 1.0000000180025095e-35 0.065443800672334143
decision_type=10 2 8 2 2 2 10
left_child=2 -2 -1 4 -4 -3 -5
right_child=1 5 3 6 -6 -7 -8
leaf_value=1.9870079810659256e-05 6.8426793243248375e-05 6.3566369862324505e-05 -0.00022989733325602527 3.6860971181390621e-06 3.8712924640515668e-05 -3.5536324782653605e-05 -9.4246167753672978e-05
leaf_weight=75 74 27 38 421 29 50 31
leaf_count=75 74 27 38 421 29 50 31
internal_value=0.00090604 0.00513245 -0.00016835 -0.00101156 -0.00708955 0.000324675 -0.000110619
internal_weight=745 151 594 519 67 77 452
internal_count=745 151 594 519 67 77 452
is_linear=0
shrinkage=0.05


Tree=70
num_leaves=8
num_cat=0
split_feature=9 0 7 6 9 14 9
split_gain=0.990871 1.02392 1.70579 1.73841 1.45638 1.64036 1.44391
threshold=-0.19314481919822216 0.006133589304514798 -0.048333525913715696 -0.89700314178079155 -0.07255131318845208 0.042440575684467692 -0.13932394050350702
decision_type=8 2 2 2 10 2 10
left_child=-1 2 6 -4 -5 -6 -2
right_child=1 -3 3 4 5 -7 -8
leaf_value=1.5124125309289852e-05 1.9701162788426216e-05 -1.1072530386062037e-05 -3.8053177967000345e-05 7.7603360517715814e-06 7.3119722826755227e-05 -1.0072652862793201e-06 -0.00032065629298135727
leaf_weight=78 32 245 54 148 107 43 34
leaf_count=78 32 245 54 148 107 43 34
internal_value=0.000438596 -0.000188537 0.00131579 0.00269886 0.00419463 0.00766667 -0.00606061
internal_weight=741 663 418 352 298 150 66
internal_count=741 663 418 352 298 150 66
is_linear=0
shrinkage=0.05


Tree=71
num_leaves=8
num_cat=0
split_feature=0 7 7 16 16 8 13
split_gain=0.843383 1.49237 1.77429 1.59405 1.72992 1.73401 1.34013
threshold=-0.0023182109446749917 -0.027682388538469157 -0.072960021092058555 -0.017714212912806112 0.0099185509558625835 0.016366602184782812 17.394999504089359
decision_type=2 2 2 2 2 8 2
left_child=1 2 -1 -3 5 -5 -4
right_child=-2 3 6 4 -6 -7 -8
leaf_value=2.9194054373114615e-05 -2.4109538287873935e-06 0.00022495547067225355 -0.00030125254711216922 9.5018213560540011e-05 5.1795700913009397e-05 -3.2926310163790711e-05 -6.4431691030926701e-05
leaf_weight=41 427 32 29 38 80 49 48
leaf_count=41 427 32 29 38 80 49 48
internal_value=0.000806452 0.00276025 -0.00169492 0.00540201 0.00344311 -0.00143678 -0.00616883
internal_weight=744 317 118 199 167 87 77
internal_count=744 317 118 199 167 87 77
is_linear=0
shrinkage=0.05


end of trees

feature_importances:
dist_ma200=64
vix_chg_1d=55
sector_ret_5d=38
ret_5d=35
dvol_z_20=32
overnight_gap=30
atr_pct=29
spy_ret_20d=27
sector_ret_1d=26
parkinson_20=25
dist_ma20=24
dist_ma50=24
vix_level=23
ret_1d=22
spy_ret_1d=20
spy_ret_5d=19
ret_20d=11

parameters:
[boosting: gbdt]
[objective: quantile]
[metric: quantile]
[tree_learner: serial]
[device_type: cpu]
[data_sample_strategy: bagging]
[data: ]
[valid: ]
[num_iterations: 80]
[learning_rate: 0.05]
[num_leaves: 8]
[num_threads: 1]
[seed: 0]
[deterministic: 0]
[force_col_wise: 1]
[force_row_wise: 0]
[histogram_pool_size: -1]
[max_depth: -1]
[min_data_in_leaf: 25]
[min_sum_hessian_in_leaf: 0.001]
[bagging_fraction: 0.9]
[pos_bagging_fraction: 1]
[neg_bagging_fraction: 1]
[bagging_freq: 1]
[bagging_seed: 3]
[bagging_by_query: 0]
[feature_fraction: 0.9]
[feature_fraction_bynode: 1]
[feature_fraction_seed: 2]
[extra_trees: 0]
[extra_seed: 6]
[early_stopping_round: 0]
[early_stopping_min_delta: 0]
[first_metric_only: 0]
[max_delta_step: 0]
[lambda_l1: 0]
[lambda_l2: 0]
[linear_lambda: 0]
[min_gain_to_split: 0]
[drop_rate: 0.1]
[max_drop: 50]
[skip_drop: 0.5]
[xgboost_dart_mode: 0]
[uniform_drop: 0]
[drop_seed: 4]
[top_rate: 0.2]
[other_rate: 0.1]
[min_data_per_group: 100]
[max_cat_threshold: 32]
[cat_l2: 10]
[cat_smooth: 10]
[max_cat_to_onehot: 4]
[top_k: 20]
[monotone_constraints: ]
[monotone_constraints_method: basic]
[monotone_penalty: 0]
[feature_contri: ]
[forcedsplits_filename: ]
[refit_decay_rate: 0.9]
[cegb_tradeoff: 1]
[cegb_penalty_split: 0]
[cegb_penalty_feature_lazy: ]
[cegb_penalty_feature_coupled: ]
[path_smooth: 0]
[interaction_constraints: ]
[verbosity: -1]
[saved_feature_importance_type: 0]
[use_quantized_grad: 0]
[num_grad_quant_bins: 4]
[quant_train_renew_leaf: 0]
[stochastic_rounding: 1]
[linear_tree: 0]
[max_bin: 255]
[max_bin_by_feature: ]
[min_data_in_bin: 3]
[bin_construct_sample_cnt: 200000]
[data_random_seed: 1]
[is_enable_sparse: 1]
[enable_bundle: 1]
[use_missing: 1]
[zero_as_missing: 0]
[feature_pre_filter: 1]
[pre_partition: 0]
[two_round: 0]
[header: 0]
[label_column: ]
[weight_column: ]
[group_column: ]
[ignore_column: ]
[categorical_feature: ]
[forcedbins_filename: ]
[precise_float_parser: 0]
[parser_config_file: ]
[objective_seed: 5]
[num_class: 1]
[is_unbalance: 0]
[scale_pos_weight: 1]
[sigmoid: 1]
[boost_from_average: 1]
[reg_sqrt: 0]
[alpha: 0.5]
[fair_c: 1]
[poisson_max_delta_step: 0.7]
[tweedie_variance_power: 1.5]
[lambdarank_truncation_level: 30]
[lambdarank_norm: 1]
[label_gain: ]
[lambdarank_position_bias_regularization: 0]
[eval_at: ]
[multi_error_top_k: 1]
[auc_mu_weights: ]
[num_machines: 1]
[local_listen_port: 12400]
[time_out: 120]
[machine_list_filename: ]
[machines: ]
[gpu_platform_id: -1]
[gpu_device_id: -1]
[gpu_device_id_list: ]
[gpu_use_dp: 0]
[num_gpu: 1]

end of parameters

pandas_categorical:[]
