tree
version=v4
num_class=1
num_tree_per_iteration=1
label_index=0
max_feature_idx=16
objective=quantile
feature_names=ret_1d ret_5d ret_20d overnight_gap atr_pct parkinson_20 dvol_z_20 dist_ma20 dist_ma50 dist_ma200 spy_ret_1d spy_ret_5d spy_ret_20d vix_level vix_chg_1d sector_ret_1d sector_ret_5d
feature_infos=[-0.2104119359670984:0.23307317596761634] [-0.1750960100329958:0.36954230150076683] [-0.29831081946052274:0.60008438840972511] [-0.13250482901524285:0.21282430257461082] [0.017633479394954004:0.092844924647292812] [0.011401895751508391:0.049311646141327166] [-2.6736985596334932:4.3241167013029882] [-0.19577450660668216:0.31240095781396326] [-0.29224753431827377:0.44620662009761491] [-0.1969800469237909:1.4510945129095081] [-0.058542971330535654:0.10501930183911301] [-0.11496151859245618:0.082843162776128354] [-0.1226559005192206:0.15756591020035837] [11.859999656677246:52.330001831054688] [-0.35753873962348437:0.74039073966007019] [-0.068247998544687438:0.13425697132599002] [-0.13587196028298487:0.11773217696052685]
tree_sizes=832 845 841 851 856 857 854 864 863 856 863 864

Tree=0
num_leaves=8
num_cat=0
split_feature=5 3 4 12 2 2 6
split_gain=2.18711 1.16756 1.06915 1.08478 0.844508 1.67411 0.61141
threshold=0.025048336735623015 0.01604607993909413 0.06560931516409356 1.0000000180025095e-35 0.092560780014530067 0.22331514392877952 0.018293059178579908
decision_type=2 2 2 2 2 2 2
left_child=1 6 3 -2 -5 -6 -1
right_child=2 -3 -4 4 5 -7 -8
leaf_value=-0.027853521779491471 -0.030007474486476275 -0.028913688081039585 -0.028178522313142346 -0.027836841256631637 -0.030446310530043586 -0.028237802535288112 -0.028293259597626637
leaf_weight=318 39 38 74 27 28 32 190
leaf_count=318 39 38 74 27 28 32 190
internal_value=-0.028332 -0.0266934 -0.0328052 -0.0356067 -0.0325006 -0.0358052 -0.0260611
internal_weight=746 546 200 126 87 60 508
internal_count=746 546 200 126 87 60 508
is_linear=0
shrinkage=1


Tree=1
num_leaves=8
num_cat=0
split_feature=3 10 9 12 3 13 4
split_gain=1.52247 1.63908 0.864992 0.63952 0.58444 0.427801 0.875
threshold=0.01419906639338442 0.0023793811070187414 1.089677261556768 -0.014960350168733092 0.0029300555451552417 23.409999847412113 0.031469045453332997
decision_type=2 2 10 2 2 2 2
left_child=2 -2 3 4 5 6 -1
right_child=1 -3 -4 -5 -6 -7 -8
leaf_value=1.7849579057131554e-05 -0.0015006574794931813 0.00018339005021945632 -0.0017503678576240727 0.00023749310156294417 0.00063479942079247272 0.00026739435496611846 -0.0015989578507417551
leaf_weight=28 37 56 28 495 35 26 28
leaf_count=28 37 56 28 495 35 26 28
internal_value=0.000225103 -0.00575269 0.00109375 0.00148693 -0.00183761 -0.00414634 -0.00660714
internal_weight=733 93 640 612 117 82 56
internal_count=733 93 640 612 117 82 56
is_linear=0
shrinkage=0.05


Tree=2
num_leaves=8
num_cat=0
split_feature=9 11 3 1 6 5 13
split_gain=1.45384 0.98 0.704366 1.18259 0.811814 0.648973 0.693958
threshold=1.0796436119036292 0.0093718282563531891 0.014727658659644096 0.041787313654826248 0.018293059178579908 0.015193917944062925 17.090000152587894
decision_type=10 2 2 2 2 2 2
left_child=2 -2 4 -4 -1 -6 -7
right_child=1 -3 3 -5 5 6 -8
leaf_value=0.00035860299488290216 -0.0038449898175268713 -1.1690425537010282e-05 -0.001063759086198961 5.990189962210181e-05 0.00055470833432734706 -0.00053426190866421349 0.0001345907143995199
leaf_weight=385 25 25 36 38 63 90 83
leaf_count=385 25 25 36 38 63 90 83
internal_value=0.0002349 -0.008 0.000827338 -0.00378378 0.00137681 -0.000932203 -0.00251445
internal_weight=745 50 695 74 621 236 173
internal_count=745 50 695 74 621 236 173
is_linear=0
shrinkage=0.05


Tree=3
num_leaves=8
num_cat=0
split_feature=9 8 9 4 4 10 6
split_gain=1.68682 0.772312 0.811507 0.827612 1.14929 0.643017 0.626709
threshold=1.0796436119036292 -0.11122380048853102 0.2248909230560249 0.046024380345279114 0.034172619914392903 0.0025856466909506275 0.558821403574428
decision_type=10 8 10 2 2 2 2
left_child=1 -1 6 4 -4 -2 -3
right_child=5 2 3 -5 -6 -7 -8
leaf_value=-0.00090225219988037471 -0.0024218123486972366 0.00041761738428655555 -4.8331646149646187e-05 0.00022903713993805612 -0.0009394524012027645 -0.0011232591209582182 -0.00050851586002774376
leaf_weight=48 26 340 77 99 36 25 86
leaf_count=48 26 340 77 99 36 25 86
internal_value=4.749e-05 0.000699709 0.00115987 -0.00136792 -0.00429204 -0.00872549 0.00241784
internal_weight=737 686 638 212 113 51 426
internal_count=737 686 638 212 113 51 426
is_linear=0
shrinkage=0.05


Tree=4
num_leaves=8
num_cat=0
split_feature=9 8 6 14 8 2 9
split_gain=1.48771 0.671213 0.62217 0.828658 1.01588 0.92403 0.614168
threshold=1.089677261556768 -0.11122380048853102 0.17753371596240833 -0.0046169142462271764 0.057385393071701991 0.14391043121807071 0.25626609125945626
decision_type=10 8 2 2 8 2 10
left_child=1 -1 6 -4 -5 -6 -3
right_child=-2 2 3 4 5 -7 -8
leaf_value=-0.00098387771865190293 -0.0017496061123194039 0.00042584556879480699 0.00015361618312332659 -0.0011619555432908519 0.00019021996307684485 -0.00085182772223480223 -7.8115749622295505e-06
leaf_weight=44 49 314 113 38 35 29 121
leaf_count=44 49 314 113 38 35 29 121
internal_value=0.000154778 0.00074928 0.00115385 -0.00104651 -0.00431373 -0.00046875 0.00224138
internal_weight=743 694 650 215 102 64 435
internal_count=743 694 650 215 102 64 435
is_linear=0
shrinkage=0.05


Tree=5
num_leaves=8
num_cat=0
split_feature=9 8 6 15 0 11 11
split_gain=0.71946 0.598609 0.542363 0.7945 0.780022 1.25 0.623027
threshold=1.0796436119036292 -0.11122380048853102 0.018293059178579908 0.013366263021456827 0.0066298805144394688 0.011742947758078383 0.016655619585763119
decision_type=10 8 2 2 2 2 2
left_child=1 -1 -3 4 6 -6 -4
right_child=-2 2 3 -5 5 -7 -8
leaf_value=-0.00093468383271930785 -0.00230521777460241 0.00027801462129331843 0.00012724853057916104 0.00069954884683773506 -0.00088440897246063312 9.1493966705695731e-05 -0.00084789995930106658
leaf_weight=44 45 383 108 46 45 36 25
leaf_count=44 45 383 108 46 45 36 25
internal_value=1.36614e-05 0.000414847 0.000800933 -0.000961538 -0.00224299 -0.00611111 0.000112782
internal_weight=732 687 643 260 214 81 133
internal_count=732 687 643 260 214 81 133
is_linear=0
shrinkage=0.05


Tree=6
num_leaves=8
num_cat=0
split_feature=13 14 6 13 13 11 8
split_gain=0.913045 1.73229 0.586531 0.589489 1.79428 0.67883 0.441818
threshold=21.134999275207523 -0.039477048520880569 0.12204950717328043 14.175000190734865 14.870000362396242 0.003813504719322514 0.092748851818816105
decision_type=2 2 2 2 2 2 10
left_child=2 -2 -1 -4 -5 6 -6
right_child=1 -3 3 4 5 -7 -8
leaf_value=0.00029908733709844932 -0.0017532464260507068 0.00030284365748049855 0.00010703890022921599 -0.0029232651424983109 0.0001041952735417464 0.00048547389251415079 -0.00074026981010313735
leaf_weight=413 33 70 63 30 30 80 25
leaf_count=413 33 70 63 30 30 80 25
internal_value=0.000631721 -0.00373786 0.00133385 -0.000701754 -0.00227273 0.000185185 -0.00409091
internal_weight=744 103 641 228 165 135 55
internal_count=744 103 641 228 165 135 55
is_linear=0
shrinkage=0.05


Tree=7
num_leaves=8
num_cat=0
split_feature=5 4 6 14 15 7 14
split_gain=1.37178 0.935569 0.655672 0.756118 0.616376 0.635165 0.462221
threshold=0.025048336735623015 0.047407232456862798 0.031081696816953761 -0.016820561404990383 0.0017460280894240345 0.026140730674727001 -0.033157965869525234
decision_type=2 2 2 2 2 2 2
left_child=2 -2 -1 -4 5 -5 -3
right_child=1 6 3 4 -6 -7 -8
leaf_value=0.00033770030451277353 -0.0014240168476738198 -0.00131036259529773 0.00011323539946395921 -0.00016642993601743915 7.0966939109159155e-05 -0.00099452444181938999 1.5260663845880625e-06
leaf_weight=321 26 61 90 45 44 39 114
leaf_count=321 26 61 90 45 44 39 114
internal_value=6.75678e-05 -0.00345771 0.00138219 -0.000733945 -0.00320312 -0.00571429 -0.00214286
internal_weight=740 201 539 218 128 84 175
internal_count=740 201 539 218 128 84 175
is_linear=0
shrinkage=0.05


Tree=8
num_leaves=8
num_cat=0
split_feature=9 8 15 15 3 9 6
split_gain=1.16227 0.779292 0.559128 0.877346 0.609718 0.489378 0.531064
threshold=1.0796436119036292 -0.11392314279692216 0.013366263021456827 0.011334093345944931 0.01506971981181804 0.2248909230560249 -0.047909969706002184
decision_type=10 8 2 2 2 8 2
left_child=1 -1 3 4 5 -3 -7
right_child=-2 2 -4 -5 -6 6 -8
leaf_value=-0.00094772363160725232 -0.0017800978921079494 0.00036103449279043681 0.00051746264605236905 -0.00054160994779661124 -0.00086207487403298021 0.00012744441716067915 -0.00022372240590615123
leaf_weight=41 49 220 103 26 40 171 111
leaf_count=41 49 220 103 26 40 171 111
internal_value=0.00020368 0.000716292 0.00112519 0.000510564 0.00094096 0.00141434 3.54612e-05
internal_weight=761 712 671 568 542 502 282
internal_count=761 712 671 568 542 502 282
is_linear=0
shrinkage=0.05


Tree=9
num_leaves=8
num_cat=0
split_feature=9 6 8 13 14 9 3
split_gain=1.1604 0.70144 0.659779 0.474731 0.397741 0.383326 0.860288
threshold=1.0796436119036292 2.3565403319552716 -0.11122380048853102 13.605000019073488 -0.071225645536492452 0.2248909230560249 0.0021088338083309348
decision_type=10 2 8 2 2 10 2
left_child=1 2 -1 -4 -5 -6 -7
right_child=-2 -3 3 4 5 6 -8
leaf_value=-0.00081096349896290381 -0.0016910929975025519 -0.00055805084386334057 0.00054501025180820012 0.00057386755678960849 0.0002381192448455044 0.00013941742168227441 -0.00020264867958788248
leaf_weight=47 49 43 110 53 265 86 85
leaf_count=47 49 43 110 53 265 86 85
internal_value=0.000189702 0.000718433 0.00113003 0.00157763 0.000910021 0.000412844 -0.00143275
internal_weight=738 689 646 599 489 436 171
internal_count=738 689 646 599 489 436 171
is_linear=0
shrinkage=0.05


Tree=10
num_leaves=8
num_cat=0
split_feature=4 6 11 9 8 10 10
split_gain=1.05852 0.908225 0.636492 0.954364 0.683767 0.520361 0.815554
threshold=0.030325904312491849 2.3565403319552716 0.029305093404121577 1.0796436119036292 -0.11392314279692216 0.0039957642646702993 0.0015949691897426679
decision_type=2 2 2 10 8 2 2
left_child=1 -1 3 4 -2 6 -6
right_child=2 -3 -4 -5 5 -7 -8
leaf_value=0.00031558125888920136 -0.0011656910209872418 -0.0023775245625828976 0.00072088296509877471 -0.0024093586662931239 6.1960802974279395e-06 0.00042859079283617449 -0.00026258083672202819
leaf_weight=305 30 26 36 38 175 90 48
leaf_count=305 30 26 36 38 175 90 48
internal_value=0.000320856 0.00243202 -0.00135492 -0.00195538 -0.00112245 -0.00043131 -0.00172646
internal_weight=748 331 417 381 343 313 223
internal_count=748 331 417 381 343 313 223
is_linear=0
shrinkage=0.05


Tree=11
num_leaves=8
num_cat=0
split_feature=9 8 6 4 10 14 14
split_gain=1.26138 0.534624 0.475336 0.429408 0.404 0.835964 0.909865
threshold=1.0796436119036292 -0.15445590489579178 2.3565403319552716 0.030325904312491849 0.0040968178286348031 -0.0052209332646739317 -0.019792958121071843
decision_type=10 8 2 2 2 2 2
left_child=1 -1 3 -3 5 6 -5
right_child=-2 2 -4 4 -6 -7 -8
leaf_value=-0.00078637135520940975 -0.0015845234970826242 0.00027961637411138456 -0.00045029656940751527 -4.4405868490434515e-06 0.00057322602444642983 0.00013671826192120798 -0.00046581921207492454
leaf_weight=28 49 306 47 42 101 148 25
leaf_count=28 49 306 47 42 101 148 25
internal_value=0.000509384 0.00105452 0.00133782 0.00170418 0.000411393 -0.000813953 -0.00544776
internal_weight=746 697 669 622 316 215 67
internal_count=746 697 669 622 316 215 67
is_linear=0
shrinkage=0.05


end of trees

feature_importances:
dist_ma200=13
dvol_z_20=11
dist_ma50=9
atr_pct=7
vix_chg_1d=7
overnight_gap=6
vix_level=6
spy_ret_1d=5
spy_ret_5d=5
sector_ret_1d=4
ret_20d=3
parkinson_20=3
spy_ret_20d=2
ret_1d=1
ret_5d=1
dist_ma20=1

parameters:
[boosting: gbdt]
[objective: quantile]
[metric: quantile]
[tree_learner: serial]
[device_type: cpu]
[data_sample_strategy: bagging]
[data: ]
[valid: ]
[num_iterations: 80]
[learning_rate: 0.05]
[num_leaves: 8]
[num_threads: 1]
[seed: 0]
[deterministic: 0]
[force_col_wise: 1]
[force_row_wise: 0]
[histogram_pool_size: -1]
[max_depth: -1]
[min_data_in_leaf: 25]
[min_sum_hessian_in_leaf: 0.001]
[bagging_fraction: 0.9]
[pos_bagging_fraction: 1]
[neg_bagging_fraction: 1]
[bagging_freq: 1]
[bagging_seed: 3]
[bagging_by_query: 0]
[feature_fraction: 0.9]
[feature_fraction_bynode: 1]
[feature_fraction_seed: 2]
[extra_trees: 0]
[extra_seed: 6]
[early_stopping_round: 0]
[early_stopping_min_delta: 0]
[first_metric_only: 0]
[max_delta_step: 0]
[lambda_l1: 0]
[lambda_l2: 0]
[linear_lambda: 0]
[min_gain_to_split: 0]
[drop_rate: 0.1]
[max_drop: 50]
[skip_drop: 0.5]
[xgboost_dart_mode: 0]
[uniform_drop: 0]
[drop_seed: 4]
[top_rate: 0.2]
[other_rate: 0.1]
[min_data_per_group: 100]
[max_cat_threshold: 32]
[cat_l2: 10]
[cat_smooth: 10]
[max_cat_to_onehot: 4]
[top_k: 20]
[monotone_constraints: ]
[monotone_constraints_method: basic]
[monotone_penalty: 0]
[feature_contri: ]
[forcedsplits_filename: ]
[refit_decay_rate: 0.9]
[cegb_tradeoff: 1]
[cegb_penalty_split: 0]
[cegb_penalty_feature_lazy: ]
[cegb_penalty_feature_coupled: ]
[path_smooth: 0]
[interaction_constraints: ]
[verbosity: -1]
[saved_feature_importance_type: 0]
[use_quantized_grad: 0]
[num_grad_quant_bins: 4]
[quant_train_renew_leaf: 0]
[stochastic_rounding: 1]
[linear_tree: 0]
[max_bin: 255]
[max_bin_by_feature: ]
[min_data_in_bin: 3]
[bin_construct_sample_cnt: 200000]
[data_random_seed: 1]
[is_enable_sparse: 1]
[enable_bundle: 1]
[use_missing: 1]
[zero_as_missing: 0]
[feature_pre_filter: 1]
[pre_partition: 0]
[two_round: 0]
[header: 0]
[label_column: ]
[weight_column: ]
[group_column: ]
[ignore_column: ]
[categorical_feature: ]
[forcedbins_filename: ]
[precise_float_parser: 0]
[parser_config_file: ]
[objective_seed: 5]
[num_class: 1]
[is_unbalance: 0]
[scale_pos_weight: 1]
[sigmoid: 1]
[boost_from_average: 1]
[reg_sqrt: 0]
[alpha: 0.1]
[fair_c: 1]
[poisson_max_delta_step: 0.7]
[tweedie_variance_power: 1.5]
[lambdarank_truncation_level: 30]
[lambdarank_norm: 1]
[label_gain: ]
[lambdarank_position_bias_regularization: 0]
[eval_at: ]
[multi_error_top_k: 1]
[auc_mu_weights: ]
[num_machines: 1]
[local_listen_port: 12400]
[time_out: 120]
[machine_list_filename: ]
[machines: ]
[gpu_platform_id: -1]
[gpu_device_id: -1]
[gpu_device_id_list: ]
[gpu_use_dp: 0]
[num_gpu: 1]

end of parameters

pandas_categorical:[]
