tree
version=v4
num_class=1
num_tree_per_iteration=1
label_index=0
max_feature_idx=16
objective=quantile
feature_names=ret_1d ret_5d ret_20d overnight_gap atr_pct parkinson_20 dvol_z_20 dist_ma20 dist_ma50 dist_ma200 spy_ret_1d spy_ret_5d spy_ret_20d vix_level vix_chg_1d sector_ret_1d sector_ret_5d
feature_infos=[-0.22424239498260534:0.099392232924302437] [-0.24845997260389319:0.15339395936236033] [-0.30099579776712149:0.19399086777446128] [-0.15521853391588292:0.079818270890047449] [0.014488614302591591:0.061510607210228802] [0.0093209864797456233:0.036744114372304161] [-2.4079537151701009:4.2443062004668715] [-0.23512249637949711:0.1221956443015404] [-0.26740419406767113:0.16269285151424073] [-0.36973931936878224:0.098957669326858122] [-0.058542971330535654:0.10501930183911301] [-0.11496151859245618:0.082843162776128354] [-0.1226559005192206:0.15756591020035837] [11.859999656677246:52.330001831054688] [-0.35753873962348437:0.74039073966007019] [-0.05484528635308028:0.043465174951121455] [-0.079035639478724384:0.068782341876153064]
tree_sizes=828 861 859 857 848 858 858 846 854 854 844 860 848 861 867 862 856 858 869 875 860 849

Tree=0
num_leaves=8
num_cat=0
split_feature=13 6 3 4 13 13 13
split_gain=2.98966 1.89374 1.33685 1.18967 0.914634 0.816099 0.629604
threshold=26.494999885559086 0.64920358760577124 -0.0078800186114527087 0.041517492473409953 17.154999732971195 14.465000152587892 19.520000457763675
decision_type=2 2 2 2 2 2 2
left_child=1 3 -3 -1 5 -4 -5
right_child=-2 2 4 6 -6 -7 -8
leaf_value=-0.030350246482376206 -0.032098101762405309 -0.031547622607218204 -0.030453697112030935 -0.030610089393644232 -0.030553817562099277 -0.03247599038202046 -0.03105283951323682
leaf_weight=523 25 25 39 29 41 43 25
leaf_count=523 25 25 39 29 41 43 25
internal_value=-0.0306244 -0.0300382 -0.0350838 -0.0287439 -0.0329414 -0.0359902 -0.0358095
internal_weight=750 725 148 577 123 82 54
internal_count=750 725 148 577 123 82 54
is_linear=0
shrinkage=1


Tree=1
num_leaves=8
num_cat=0
split_feature=3 12 3 9 10 3 9
split_gain=2.12058 1.00148 0.73343 0.637424 0.305099 0.441204 0.574555
threshold=-0.008060906122944354 -0.0059221640754917306 0.010046999055538632 -0.11986281339687015 0.0018732766831597305 -0.0052476385200998501 -0.061863766030275318
decision_type=2 2 2 8 2 2 8
left_child=1 -1 4 -4 5 6 -2
right_child=2 -3 3 -5 -6 -7 -8
leaf_value=-0.0017228982085564705 -0.00035181347205980496 -0.00036001201122068236 -0.00040563171597718189 0.00012967389409632922 0.00032405935277977568 0.00018884096494213717 0.00044581125691065194
leaf_weight=27 25 48 27 26 269 284 28
leaf_count=27 25 48 27 26 269 284 28
internal_value=0.000299728 -0.00766667 0.00120637 -0.00443396 0.00169967 0.00069733 -0.00349057
internal_weight=734 75 659 53 606 337 53
internal_count=734 75 659 53 606 337 53
is_linear=0
shrinkage=0.05


Tree=2
num_leaves=8
num_cat=0
split_feature=3 12 12 6 13 14 13
split_gain=2.47805 1.66053 0.870629 0.475844 0.499061 0.690496 0.474281
threshold=-0.008060906122944354 -0.00052816856958670655 0.078665410711505027 0.59072277599833989 17.195000648498539 -0.0091057157714133346 23.265000343322757
decision_type=2 2 2 2 2 2 2
left_child=1 -1 3 6 5 -5 -2
right_child=2 -3 -4 4 -6 -7 -8
leaf_value=-0.0019030300291301339 0.00021814568103248821 -0.00018188943679187041 -0.0002355267259649259 -0.0018607598107572732 0.00013522734533442089 9.937009953312479e-05 -0.00022070462134331031
leaf_weight=31 471 46 27 41 45 45 43
leaf_count=31 471 46 27 41 45 45 43
internal_value=-0.000140187 -0.00863636 0.000833334 0.00120155 -0.00148855 -0.00372093 0.00188716
internal_weight=749 77 672 645 131 86 514
internal_count=749 77 672 645 131 86 514
is_linear=0
shrinkage=0.05


Tree=3
num_leaves=8
num_cat=0
split_feature=4 1 4 3 9 16 3
split_gain=2.85295 1.87393 0.681925 0.624386 1.22271 0.64503 0.470629
threshold=0.03868156207995354 -0.047167465028338733 0.048887981792422062 -0.0052476385200998501 -0.091187058175075594 -0.0051415322788567188 0.0034447734655213007
decision_type=2 2 2 2 10 2 2
left_child=3 -2 -3 4 5 -1 -5
right_child=1 2 -4 6 -6 -7 -8
leaf_value=-0.00030754226981923407 -0.0011403786963962996 -0.00038977947597838175 4.2534806780858994e-05 0.00030932185868125288 -0.0015863212024632839 0.00030404964613465845 9.544429482894646e-06
leaf_weight=34 30 31 26 345 39 53 185
leaf_count=34 30 31 26 345 39 53 185
internal_value=0.000289368 -0.00821839 -0.00289474 0.00141768 -0.00174603 0.00155172 0.00216981
internal_weight=743 87 57 656 126 87 530
internal_count=743 87 57 656 126 87 530
is_linear=0
shrinkage=0.05


Tree=4
num_leaves=8
num_cat=0
split_feature=13 2 6 12 3 13 9
split_gain=1.47243 1.50955 1.49193 0.498701 0.485953 0.962091 1.36687
threshold=23.694999694824222 -0.11496846825476818 1.7165469953116907 0.028230710168881127 0.0052147033173456378 17.250000000000004 -0.14860255312841045
decision_type=2 2 2 2 2 2 10
left_child=2 -2 4 -4 -1 6 -6
right_child=1 -3 3 -5 5 -7 -8
leaf_value=0.00027119346113377031 -0.0010625266690355061 0.0002424783072151141 -3.7345647140114685e-05 -0.00066948385323900767 -0.00044461939690071969 0.00028968814640718197 0.00029306224384375781
leaf_weight=498 30 27 28 27 42 46 48
leaf_count=498 30 27 28 27 42 46 48
internal_value=0.000442359 -0.0072807 0.00108128 -0.00681818 0.00176656 -0.000882353 -0.00388889
internal_weight=746 57 689 55 634 136 90
internal_count=746 57 689 55 634 136 90
is_linear=0
shrinkage=0.05


Tree=5
num_leaves=8
num_cat=0
split_feature=3 6 12 10 0 11 8
split_gain=2.27326 1.45468 0.64944 0.384835 0.419122 0.799585 0.362091
threshold=-0.008060906122944354 0.39053509466093478 0.078665410711505027 -0.013932241848525038 0.018231608584372564 0.010411831074112256 -0.092539689010175105
decision_type=2 2 2 2 2 2 8
left_child=1 -1 3 -2 6 -6 -5
right_child=2 -3 -4 4 5 -7 -8
leaf_value=-0.00023899595519553536 -4.8344886783895911e-05 -0.0013063814371118499 -0.00021947779272407688 0.00034799514155400867 0.00011007069238621887 -0.0006304750606074878 0.00017330512758248831
leaf_weight=44 35 34 26 106 59 38 395
leaf_count=44 35 34 26 106 59 38 395
internal_value=0.000251018 -0.00782051 0.00120637 0.00152449 0.00182274 -0.00118557 0.00240519
internal_weight=737 78 659 633 598 97 501
internal_count=737 78 659 633 598 97 501
is_linear=0
shrinkage=0.05


Tree=6
num_leaves=8
num_cat=0
split_feature=13 6 11 3 3 6 10
split_gain=2.66117 1.40392 0.970494 1.06223 0.434477 0.659755 0.502564
threshold=26.85000038146973 0.64920358760577124 0.0083592080830587907 0.0036509420706238864 -0.0052476385200998501 -0.16673402534151921 1.0000000180025095e-35
decision_type=2 2 2 2 2 2 2
left_child=1 4 -3 -4 5 6 -1
right_child=-2 2 3 -5 -6 -7 -8
leaf_value=-0.00048003071920304857 -0.0011256667620369604 3.4693262906148506e-05 -0.00061002050504209383 -7.2123086707603559e-06 0.00018978164520996258 0.00039603671692571237 0.00033894328886798484
leaf_weight=39 27 83 46 29 454 42 26
leaf_count=39 27 83 46 29 454 42 26
internal_value=4.02147e-05 0.000618915 -0.0035443 -0.00766667 0.00179144 -0.00107477 -0.00423077
internal_weight=746 719 158 75 561 107 65
internal_count=746 719 158 75 561 107 65
is_linear=0
shrinkage=0.05


Tree=7
num_leaves=8
num_cat=0
split_feature=3 10 9 6 0 0 3
split_gain=1.47771 1.28869 1.79329 1.00867 0.559287 0.988025 0.514544
threshold=-0.0052476385200998501 0.00057749123294836846 -0.061863766030275318 -0.28427979752941307 0.017984156244131414 0.022945821493352118 0.008990435191464476
decision_type=2 2 8 2 2 2 2
left_child=1 2 3 -1 6 -6 -2
right_child=4 -3 -4 -5 5 -7 -8
leaf_value=-0.00038944944491691336 0.00022363143161334734 0.00016982161454576824 0.000106709742489457 -0.0009557997608096423 -0.00044625190571849808 1.3556450761975791e-05 -0.00026036502090591153
leaf_weight=28 450 61 38 34 26 74 34
leaf_count=28 450 61 38 34 26 74 34
internal_value=0.0002349 -0.00400621 -0.0075 -0.0127419 0.00140411 -0.002 0.00210744
internal_weight=745 161 100 62 584 100 484
internal_count=745 161 100 62 584 100 484
is_linear=0
shrinkage=0.05


Tree=8
num_leaves=8
num_cat=0
split_feature=4 6 6 8 9 12 6
split_gain=0.985888 1.30512 0.608766 0.456484 0.719861 0.539632 0.903948
threshold=0.03868156207995354 -0.11079777483603608 0.18123243726563065 -0.094264131220871836 -0.056471372914969335 0.014344491575221776 1.162250543621818
decision_type=2 2 2 8 10 2 2
left_child=2 -2 -1 -4 5 -5 -7
right_child=1 -3 3 4 -6 6 -8
leaf_value=0.00022163713745707633 1.3216561424777799e-05 -0.00037926455639313949 0.00013749347288853411 -0.0015805532780666166 4.1993741523039277e-05 0.00022812195104735187 -0.0012760090409065336
leaf_weight=462 56 36 41 34 58 43 34
leaf_count=462 56 36 41 34 58 43 34
internal_value=0.000615183 -0.00423913 0.00127976 -0.000952381 -0.00210059 -0.00445946 -0.00214286
internal_weight=764 92 672 210 169 111 77
internal_count=764 92 672 210 169 111 77
is_linear=0
shrinkage=0.05


Tree=9
num_leaves=8
num_cat=0
split_feature=6 14 13 8 5 5 9
split_gain=0.585637 0.538153 0.800455 0.593798 0.748318 1.56262 0.563814
threshold=2.559893309418944 0.10157519013318318 20.980000495910648 -0.08846629597122839 0.016534181403150088 0.017418517001547344 -0.11565367654652191
decision_type=2 2 2 10 2 2 8
left_child=1 3 -3 -1 -5 -6 -7
right_child=-2 2 -4 4 5 6 -8
leaf_value=0.0002755000932271031 -0.00041158945117637699 1.4892566315724435e-05 -0.00059270010980882462 0.0002234797639098595 -0.0003459461629702384 -0.00014597298240053933 0.00016201285248181301
leaf_weight=166 26 32 27 281 38 77 97
leaf_count=166 26 32 27 281 38 77 97
internal_value=0.000833334 0.00110028 -0.00347458 0.00150986 0.000638945 -0.00160377 0.000402299
internal_weight=744 718 59 659 493 212 174
internal_count=744 718 59 659 493 212 174
is_linear=0
shrinkage=0.05


Tree=10
num_leaves=8
num_cat=0
split_feature=4 1 6 11 11 5 6
split_gain=1.42014 1.16884 0.524317 0.459962 0.714706 0.5 0.340103
threshold=0.03868156207995354 -0.047167465028338733 0.57771791025242802 0.0083592080830587907 0.015980558357876488 0.016903949143699023 -0.52387819356886933
decision_type=2 2 2 2 2 2 2
left_child=2 -2 -1 5 -5 -4 -3
right_child=1 6 3 4 -6 -7 -8
leaf_value=0.00017379368759831091 -0.00070349469592636443 9.5929681010202016e-05 0.00033457375731543596 -0.00058737938195804783 3.7449848807641138e-05 -0.0011708828750028738 -0.00037221175232198239
leaf_weight=517 30 26 54 30 34 27 31
leaf_count=517 30 26 54 30 34 27 31
internal_value=0.000660881 -0.00534483 0.00145015 -0.0012069 -0.004375 0.0012963 -0.00114035
internal_weight=749 87 662 145 64 81 57
internal_count=749 87 662 145 64 81 57
is_linear=0
shrinkage=0.05


Tree=11
num_leaves=8
num_cat=0
split_feature=5 6 2 12 4 9 8
split_gain=0.885383 1.06123 0.598493 0.436504 0.401863 0.570986 1.26348
threshold=0.025900815580956391 -0.45185198460530523 0.13020650199151299 -0.050232690438178178 0.022039885086978541 -0.091915723225570498 0.017597378075354001
decision_type=2 2 2 2 2 8 10
left_child=2 -2 3 -1 5 -5 -7
right_child=1 -3 -4 4 -6 6 -8
leaf_value=-0.0010323599770407283 1.5449094596983486e-05 -0.00064959764261594529 -0.00084605109709211767 0.00035624077851730294 0.00014938505897568703 -0.00096279664508053795 0.00041573895998056653
leaf_weight=25 27 25 27 49 488 42 64
leaf_count=25 27 25 27 49 488 42 64
internal_value=0.000716198 -0.00557692 0.00118705 0.00148204 0.00173406 -0.000483871 -0.00254717
internal_weight=747 52 695 668 643 155 106
internal_count=747 52 695 668 643 155 106
is_linear=0
shrinkage=0.05


Tree=12
num_leaves=8
num_cat=0
split_feature=4 16 4 6 9 8 6
split_gain=1.26859 1.41101 1.56553 0.590239 0.833333 1.35 0.360984
threshold=0.03868156207995354 0.0072124825726845873 0.050773904601677154 0.74201544246036266 -0.044558778261855607 -0.039791021424394661 -1.1206519130989809
decision_type=2 2 2 2 8 10 2
left_child=3 2 -2 6 5 -5 -1
right_child=1 -3 -4 4 -6 -7 -8
leaf_value=-2.4304407025475823e-05 -0.00068055615603121369 1.2380222277141456e-05 3.2371944770392506e-05 0.00025014095831591641 0.00013030270000138653 -0.0012814173012667847 0.00020314086368443537
leaf_weight=52 28 39 25 30 60 30 470
leaf_count=52 28 39 25 30 60 30 470
internal_value=0.000708447 -0.00478261 -0.0100943 0.00149533 -0.00166667 -0.00583333 0.00222222
internal_weight=734 92 53 642 120 60 522
internal_count=734 92 53 642 120 60 522
is_linear=0
shrinkage=0.05


Tree=13
num_leaves=8
num_cat=0
split_feature=3 10 4 16 8 6 1
split_gain=0.991857 1.21139 0.721652 0.695023 0.507814 0.585428 1.02088
threshold=-0.0052476385200998501 -0.00015260304164599334 0.025338878296793533 -0.0060159893280762869 -0.10006335357028105 -0.07872283416964472 -0.026673790378212821
decision_type=2 2 2 2 8 2 2
left_child=1 2 -1 -4 -2 -6 -7
right_child=4 -3 3 -5 5 6 -8
leaf_value=2.154301970311739e-05 0.00025561492836142645 0.00015168222994843959 -0.00026091646202118035 -0.00061234709794819422 0.00015699108481641137 -0.00024119713536147524 9.386082883034191e-06
leaf_weight=34 106 68 34 26 303 30 144
leaf_count=34 106 68 34 26 303 30 144
internal_value=0.000436242 -0.00302469 -0.00670213 -0.01 0.00139794 0.000702306 -0.0016092
internal_weight=745 162 94 60 583 477 174
internal_count=745 162 94 60 583 477 174
is_linear=0
shrinkage=0.05


Tree=14
num_leaves=8
num_cat=0
split_feature=13 1 12 15 3 0 15
split_gain=1.0006 0.391671 0.744629 0.438156 0.416925 0.841684 0.500049
threshold=26.284999847412113 -0.045526589162910518 0.018300587263459293 -0.0059827212099273211 -0.0052476385200998501 -0.0019449978742874239 0.0013784329574861867
decision_type=2 2 2 2 2 2 2
left_child=1 2 -1 -3 5 -5 -6
right_child=-2 3 -4 4 6 -7 -8
leaf_value=0.00015563276315621992 -0.00093073303298748036 0.00033723480295386318 -0.00013221628766580079 1.4244259046323669e-05 -1.0927804815201659e-05 -0.0018606784170256394 0.00020554277925987431
leaf_weight=56 25 107 30 55 177 28 241
leaf_count=56 25 107 30 55 177 28 241
internal_value=0.000827538 0.00118156 -0.00197674 0.00162829 0.00100798 -0.00222892 0.00165072
internal_weight=719 694 86 608 501 83 418
internal_count=719 694 86 608 501 83 418
is_linear=0
shrinkage=0.05


Tree=15
num_leaves=8
num_cat=0
split_feature=4 14 13 12 16 10 10
split_gain=1.58607 1.2509 0.394355 0.640672 0.473884 0.517926 1.72675
threshold=0.03868156207995354 0.0053913947730825926 17.154999732971195 -0.050232690438178178 -0.0015811533275766341 -0.00335015606772554 0.000540884636322292
decision_type=2 2 2 2 2 2 2
left_child=2 -2 4 -4 5 -1 -7
right_child=1 -3 3 -5 -6 6 -8
leaf_value=0.00025564805373494052 -3.6491127284258669e-06 -0.00054079264495986948 -0.00064873590806074596 0.0001047388456723884 0.00016205784759641876 -0.0014017356692832847 1.1547300077127514e-05
leaf_weight=34 51 36 26 226 252 33 85
leaf_count=34 51 36 26 226 252 33 85
internal_value=0.000423957 -0.00591954 0.00126524 0.00281746 0.00029703 -0.00190789 -0.00347458
internal_weight=743 87 656 252 404 152 118
internal_count=743 87 656 252 404 152 118
is_linear=0
shrinkage=0.05


Tree=16
num_leaves=8
num_cat=0
split_feature=6 3 15 16 0 13 6
split_gain=1.01265 0.516982 0.745652 0.49975 0.417776 0.89184 0.344614
threshold=2.559893309418944 0.0067159905705254106 -0.00010867299160005615 0.004773975068847581 -0.015767555999420087 21.409999847412113 -1.1206519130989809
decision_type=2 2 2 2 2 2 2
left_child=1 4 -3 -4 5 -1 -6
right_child=-2 2 3 -5 6 -7 -8
leaf_value=5.6530008452383937e-05 -0.00045172684764443577 -0.00068373809459688006 -5.5212219573262071e-05 0.00019642446599378162 -9.3837265020521658e-05 -0.00068367237582584676 0.0001964426429801779
leaf_weight=79 26 36 29 40 47 25 475
leaf_count=79 26 36 29 40 47 25 475
internal_value=0.00123514 0.00158003 -0.00166667 0.00137681 0.0021246 -0.000769231 0.00270115
internal_weight=757 731 105 69 626 104 522
internal_count=757 731 105 69 626 104 522
is_linear=0
shrinkage=0.05


Tree=17
num_leaves=8
num_cat=0
split_feature=4 15 8 6 15 14 5
split_gain=1.35011 1.30812 0.623855 0.633092 0.585942 1.05753 0.487073
threshold=0.03868156207995354 -0.004273664326357284 -0.08846629597122839 0.62463481285633005 0.0078577316671710768 1.0000000180025095e-35 0.026047045939267734
decision_type=2 2 8 2 2 2 2
left_child=2 -2 -1 -4 5 -5 -3
right_child=1 6 3 4 -6 -7 -8
leaf_value=0.00026619857946903985 -0.00057126473992055238 0.00017059738225454844 7.816508676018856e-05 -0.0023696497843185998 0.00017582451346466718 0.00016581730972217679 -0.00038551325732282394
leaf_weight=118 25 29 424 42 30 45 33
leaf_count=118 25 29 424 42 30 45 33
internal_value=0.000509384 -0.00534483 0.00128225 0.000563771 -0.00269231 -0.00477011 -0.00145161
internal_weight=746 87 659 541 117 87 62
internal_count=746 87 659 541 117 87 62
is_linear=0
shrinkage=0.05


Tree=18
num_leaves=8
num_cat=0
split_feature=4 1 10 6 15 11 16
split_gain=0.933918 1.26389 0.457251 0.766745 0.601057 1.19211 0.886672
threshold=0.03868156207995354 -0.04905734614490697 0.000540884636322292 -1.1206519130989809 -0.0052920525841556034 -0.010198834089706231 -0.0011633925201428028
decision_type=2 2 2 2 2 2 2
left_child=2 -2 4 -4 -1 -6 -7
right_child=1 -3 3 -5 5 6 -8
leaf_value=0.00014703898828792957 -0.00067870613931413949 1.8569615915065712e-05 -0.00023657234707893796 0.00024786612509556858 0.00053539616989851913 -0.00054370078948375326 -8.4866339344643348e-06
leaf_weight=111 32 61 29 323 48 43 106
leaf_count=111 32 61 29 323 48 43 106
internal_value=0.000551129 -0.00413978 0.00121212 0.00244318 -0.000194805 -0.00185279 -0.0040604
internal_weight=753 93 660 352 308 197 149
internal_count=753 93 660 352 308 197 149
is_linear=0
shrinkage=0.05


Tree=19
num_leaves=8
num_cat=0
split_feature=13 15 10 15 15 7 12
split_gain=0.587565 0.661879 0.748663 0.888781 0.785438 0.967602 0.636694
threshold=26.494999885559086 -0.0052920525841556034 0.000540884636322292 0.0058394157701893165 -0.001721986502492334 -0.0022508486911218535 0.015760986994464269
decision_type=2 2 2 2 2 2 2
left_child=1 -1 3 4 5 -3 -4
right_child=-2 2 6 -5 -6 -7 -8
leaf_value=0.00021941008624869635 -0.00082768311829384527 5.2015074863722603e-06 -4.180035917648059e-05 -0.00012537288018884488 0.00010490495705874687 -0.0013592160443576513 0.0002485599092347485
leaf_weight=154 25 44 126 34 117 25 214
leaf_count=154 25 44 126 34 117 25 214
internal_value=0.000534506 0.000798319 1.86265e-10 -0.00227273 -0.000913978 -0.00514493 0.00147059
internal_weight=739 714 560 220 186 69 340
internal_count=739 714 560 220 186 69 340
is_linear=0
shrinkage=0.05


Tree=20
num_leaves=8
num_cat=0
split_feature=13 2 9 9 3 12 16
split_gain=1.03554 0.467322 0.487224 0.713869 0.7007 0.413564 0.923785
threshold=26.85000038146973 0.11572187752401876 -0.17497834343364718 -0.20229052881637768 0.0052147033173456378 0.024521735190164765 -0.0011633925201428028
decision_type=2 2 10 10 2 2 2
left_child=1 2 3 4 5 -1 -7
right_child=-2 -3 -4 -5 -6 6 -8
leaf_value=0.0002884753743642114 -0.0007862989623791532 -0.00028202878221155451 0.00011581871043089085 -0.00013743662574013262 -0.00018415898502312626 -0.00045423299237854257 0.00050013375368708425
leaf_weight=145 25 39 375 48 49 27 43
leaf_count=145 25 39 375 48 49 27 43
internal_value=0.00100533 0.00134986 0.00165211 0.000192308 0.00121212 0.00244186 -0.000714286
internal_weight=751 726 687 312 264 215 70
internal_count=751 726 687 312 264 215 70
is_linear=0
shrinkage=0.05


Tree=21
num_leaves=8
num_cat=0
split_feature=13 7 6 2 3 14 13
split_gain=0.79033 0.844828 0.646567 0.513835 0.303054 0.819672 0.668896
threshold=23.694999694824222 -0.047769011944744581 1.7165469953116907 0.12282592180494091 0.0053471124813598845 -0.037983330078441173 17.250000000000004
decision_type=2 2 2 2 2 2 2
left_child=2 -2 3 4 -1 -6 -7
right_child=1 -3 -4 -5 5 6 -8
leaf_value=0.00023709525425398022 -0.00070624035037093399 0.00018062614740284771 -0.0001244598038950179 -0.00055829220792888727 0.00029590860668417935 -0.0004054449325736737 0.00012554045332579085
leaf_weight=492 29 29 51 25 50 46 26
leaf_count=492 29 29 51 25 50 46 26
internal_value=0.00112299 -0.00448276 0.0015942 0.0020266 0.0023127 8.19674e-05 -0.00333333
internal_weight=748 58 690 639 614 122 72
internal_count=748 58 690 639 614 122 72
is_linear=0
shrinkage=0.05


end of trees

feature_importances:
dvol_z_20=22
overnight_gap=18
vix_level=17
atr_pct=12
dist_ma200=11
spy_ret_20d=11
spy_ret_1d=9
sector_ret_1d=9
dist_ma50=7
sector_ret_5d=7
ret_1d=5
ret_5d=5
parkinson_20=5
spy_ret_5d=5
vix_chg_1d=5
ret_20d=4
dist_ma20=2

parameters:
[boosting: gbdt]
[objective: quantile]
[metric: quantile]
[tree_learner: serial]
[device_type: cpu]
[data_sample_strategy: bagging]
[data: ]
[valid: ]
[num_iterations: 80]
[learning_rate: 0.05]
[num_leaves: 8]
[num_threads: 1]
[seed: 0]
[deterministic: 0]
[force_col_wise: 1]
[force_row_wise: 0]
[histogram_pool_size: -1]
[max_depth: -1]
[min_data_in_leaf: 25]
[min_sum_hessian_in_leaf: 0.001]
[bagging_fraction: 0.9]
[pos_bagging_fraction: 1]
[neg_bagging_fraction: 1]
[bagging_freq: 1]
[bagging_seed: 3]
[bagging_by_query: 0]
[feature_fraction: 0.9]
[feature_fraction_bynode: 1]
[feature_fraction_seed: 2]
[extra_trees: 0]
[extra_seed: 6]
[early_stopping_round: 0]
[early_stopping_min_delta: 0]
[first_metric_only: 0]
[max_delta_step: 0]
[lambda_l1: 0]
[lambda_l2: 0]
[linear_lambda: 0]
[min_gain_to_split: 0]
[drop_rate: 0.1]
[max_drop: 50]
[skip_drop: 0.5]
[xgboost_dart_mode: 0]
[uniform_drop: 0]
[drop_seed: 4]
[top_rate: 0.2]
[other_rate: 0.1]
[min_data_per_group: 100]
[max_cat_threshold: 32]
[cat_l2: 10]
[cat_smooth: 10]
[max_cat_to_onehot: 4]
[top_k: 20]
[monotone_constraints: ]
[monotone_constraints_method: basic]
[monotone_penalty: 0]
[feature_contri: ]
[forcedsplits_filename: ]
[refit_decay_rate: 0.9]
[cegb_tradeoff: 1]
[cegb_penalty_split: 0]
[cegb_penalty_feature_lazy: ]
[cegb_penalty_feature_coupled: ]
[path_smooth: 0]
[interaction_constraints: ]
[verbosity: -1]
[saved_feature_importance_type: 0]
[use_quantized_grad: 0]
[num_grad_quant_bins: 4]
[quant_train_renew_leaf: 0]
[stochastic_rounding: 1]
[linear_tree: 0]
[max_bin: 255]
[max_bin_by_feature: ]
[min_data_in_bin: 3]
[bin_construct_sample_cnt: 200000]
[data_random_seed: 1]
[is_enable_sparse: 1]
[enable_bundle: 1]
[use_missing: 1]
[zero_as_missing: 0]
[feature_pre_filter: 1]
[pre_partition: 0]
[two_round: 0]
[header: 0]
[label_column: ]
[weight_column: ]
[group_column: ]
[ignore_column: ]
[categorical_feature: ]
[forcedbins_filename: ]
[precise_float_parser: 0]
[parser_config_file: ]
[objective_seed: 5]
[num_class: 1]
[is_unbalance: 0]
[scale_pos_weight: 1]
[sigmoid: 1]
[boost_from_average: 1]
[reg_sqrt: 0]
[alpha: 0.1]
[fair_c: 1]
[poisson_max_delta_step: 0.7]
[tweedie_variance_power: 1.5]
[lambdarank_truncation_level: 30]
[lambdarank_norm: 1]
[label_gain: ]
[lambdarank_position_bias_regularization: 0]
[eval_at: ]
[multi_error_top_k: 1]
[auc_mu_weights: ]
[num_machines: 1]
[local_listen_port: 12400]
[time_out: 120]
[machine_list_filename: ]
[machines: ]
[gpu_platform_id: -1]
[gpu_device_id: -1]
[gpu_device_id_list: ]
[gpu_use_dp: 0]
[num_gpu: 1]

end of parameters

pandas_categorical:[]
