tree
version=v4
num_class=1
num_tree_per_iteration=1
label_index=0
max_feature_idx=16
objective=quantile
feature_names=ret_1d ret_5d ret_20d overnight_gap atr_pct parkinson_20 dvol_z_20 dist_ma20 dist_ma50 dist_ma200 spy_ret_1d spy_ret_5d spy_ret_20d vix_level vix_chg_1d sector_ret_1d sector_ret_5d
feature_infos=[-0.095093993086991291:0.10224357018103958] [-0.12040132996989772:0.1377515260667761] [-0.18140382800992172:0.30402007224464489] [-0.076723536372002688:0.11775637895633007] [0.016134044713269433:0.04662423736499284] [0.010183089754661361:0.026515676227558328] [-2.4057176342766735:4.0254256170195637] [-0.099269797711631358:0.15720793542662537] [-0.17015471923185144:0.2432580620711986] [-0.16865456097251452:0.61163102055154384] [-0.058542971330535654:0.10501930183911301] [-0.11496151859245618:0.082843162776128354] [-0.1226559005192206:0.15756591020035837] [11.859999656677246:52.330001831054688] [-0.35753873962348437:0.74039073966007019] [-0.057278671698730466:0.088354822396671695] [-0.10755366959955526:0.081588045068032633]
tree_sizes=849 847 858 860 863 865 842 864 861 851 859 850 852 862 844 857 869 856 845 856 864 868 860 852 856 837 861 858 850 856 861 848 861 856 858 850 857 861 863 857 849 864 861

Tree=0
num_leaves=8
num_cat=0
split_feature=5 2 10 12 16 2 7
split_gain=3.36324 2.65458 2.11803 1.57062 1.56842 2.7262 2.31117
threshold=0.016773524950157107 0.07292608332785834 -0.013932241848525038 0.051846022032751578 0.026662102255599288 0.089820137598347519 0.068072925836560896
decision_type=2 2 2 2 2 2 2
left_child=1 2 -1 -4 5 -3 -7
right_child=-2 4 3 -5 -6 6 -8
leaf_value=-0.0082026446703821424 -0.0083818045211955898 -0.0084162566810846336 -0.0078902166802436117 -0.0082039478467777378 -0.0079385380959138274 -0.0079235984710976474 -0.0081912246067076915
leaf_weight=27 132 29 375 28 36 74 45
leaf_count=27 132 29 375 28 36 74 45
internal_value=-0.0083343 -0.00677768 -0.00462709 -0.00371878 -0.0118035 -0.0140803 -0.0107303
internal_weight=746 614 430 403 184 148 119
internal_count=746 614 430 403 184 148 119
is_linear=0
shrinkage=1


Tree=1
num_leaves=8
num_cat=0
split_feature=2 13 12 9 0 12 13
split_gain=2.80478 2.18739 2.38121 2.38481 2.31571 1.74519 1.63723
threshold=0.058496228578352689 20.980000495910648 0.04047963103536379 0.24019444403848048 -0.0047956671352061822 -0.011160123859114189 25.19999980926514
decision_type=2 2 2 8 2 2 2
left_child=1 2 3 5 -4 -1 -3
right_child=-2 6 4 -5 -6 -7 -8
leaf_value=-2.169862156733869e-05 -8.3427715580910484e-05 -0.00025741664459928872 -0.0004985747893806547 5.0585670396685781e-06 8.2112459931522625e-05 0.00025013462407514454 0.00021349411807022992
leaf_weight=34 273 55 26 112 54 145 34
leaf_count=34 273 55 26 112 54 145 34
internal_value=0.000443383 0.00282609 0.00451482 0.00661512 -0.003125 0.0101955 -0.00421348
internal_weight=733 460 371 291 80 179 89
internal_count=733 460 371 291 80 179 89
is_linear=0
shrinkage=0.05


Tree=2
num_leaves=8
num_cat=0
split_feature=5 5 0 6 0 2 4
split_gain=2.5538 2.53866 1.94399 1.67789 1.50926 1.90521 1.95395
threshold=0.01534719188086432 0.015109524692732728 0.024657843832250784 0.83884785303870069 -0.0092655032904073158 0.059795490827746274 0.024071145083006461
decision_type=2 2 2 2 2 2 2
left_child=1 2 4 -2 -1 -6 -7
right_child=3 -3 -4 -5 5 6 -8
leaf_value=-8.4197970048990103e-05 -0.00012347276881337173 0.00011681888264138251 -0.00030753937794361262 -0.00050572530101635491 0.00014272552705369893 -0.00017764594045002009 0.00010875585500616584
leaf_weight=110 193 25 30 38 220 83 46
leaf_count=110 193 25 30 38 220 83 46
internal_value=-0.000503356 0.00145914 0.000664622 -0.00487013 0.00147059 0.00308023 -0.00174419
internal_weight=745 514 489 231 459 349 129
internal_count=745 514 489 231 459 349 129
is_linear=0
shrinkage=0.05


Tree=3
num_leaves=8
num_cat=0
split_feature=0 0 2 12 12 4 3
split_gain=1.52404 1.63376 1.60341 2.43255 2.38007 1.78158 1.65155
threshold=0.028160133685821934 -0.025001554975193682 0.058496228578352689 -0.0014831897497937228 0.04047963103536379 0.023314125386461697 0.0029490900494975052
decision_type=2 2 2 2 2 2 2
left_child=1 -1 3 -3 6 -6 -5
right_child=-2 2 -4 4 5 -7 -8
leaf_value=-0.00045187853602401441 -0.00030169897684827451 -0.00011174967659171674 -7.7120850159553752e-05 5.9110551161575149e-05 -0.00022419885766139484 9.5255542534869198e-05 0.00026902904615708396
leaf_weight=42 40 147 249 118 30 37 74
leaf_count=42 40 147 249 118 30 37 74
internal_value=-0.00050882 3.5868e-05 0.000648855 0.00258621 0.00550193 -0.00261194 0.00833333
internal_weight=737 697 655 406 259 67 192
internal_count=737 697 655 406 259 67 192
is_linear=0
shrinkage=0.05


Tree=4
num_leaves=8
num_cat=0
split_feature=5 2 9 7 8 16 8
split_gain=2.34063 2.12926 1.97361 1.95465 1.88389 2.99536 1.6795
threshold=0.01534719188086432 0.0036214387260686824 0.099551042543262983 -0.036056121924505018 0.079997172909308759 -0.0020598002648611886 0.043069724134989336
decision_type=2 2 10 2 10 2 10
left_child=1 3 6 -1 5 -4 -3
right_child=-2 2 4 -5 -6 -7 -8
leaf_value=-6.589736623114732e-05 -0.00016770965776784577 3.9733494805550442e-05 -0.00013681605155048597 0.00014574928958267265 -8.0838080044195502e-05 0.00019756625667381744 -0.0002176990193696838
leaf_weight=48 228 45 41 116 119 76 70
leaf_count=48 228 45 41 116 119 76 70
internal_value=-0.000168237 0.00169903 -0.000498575 0.00640244 0.00211864 0.00662393 -0.00586957
internal_weight=743 515 351 164 236 117 115
internal_count=743 515 351 164 236 117 115
is_linear=0
shrinkage=0.05


Tree=5
num_leaves=8
num_cat=0
split_feature=5 11 3 1 11 11 8
split_gain=2.14285 1.5771 1.54723 1.53706 2.05094 1.85636 1.68519
threshold=0.016773524950157107 0.035212885385391253 0.0045846224839194436 0.022424062722119723 0.0035059532242039952 0.00036209902272010824 -0.06448636144482571
decision_type=2 2 2 2 2 2 10
left_child=1 3 -2 4 5 6 -1
right_child=2 -3 -4 -5 -6 -7 -8
leaf_value=-0.00030071247746660083 -0.00039392903474168279 0.00013740743055050557 4.2360300880522118e-05 -0.00012997524897296166 0.00010486123909457821 -0.00028193555428164291 9.6726604124713032e-05
leaf_weight=39 90 25 39 201 154 34 150
leaf_count=39 90 25 39 201 154 34 150
internal_value=-0.000546448 0.000704809 -0.00639535 0.00017301 0.0020557 -0.00100897 0.000925926
internal_weight=732 603 129 578 377 223 189
internal_count=732 603 129 578 377 223 189
is_linear=0
shrinkage=0.05


Tree=6
num_leaves=8
num_cat=0
split_feature=13 6 9 3 6 2 12
split_gain=1.51563 1.95703 2.19279 2.42971 1.79859 1.90476 2.60693
threshold=18.444999694824222 -0.97674791721443432 0.24894171463736683 -0.0029267778168715615 -0.095657359052226693 0.075740746466197786 0.032286287605225568
decision_type=2 2 8 2 2 2 2
left_child=1 -1 3 -3 -5 6 -6
right_child=-2 2 -4 4 5 -7 -8
leaf_value=-0.00014452706744216216 -0.0001265922130924112 -7.8145315037713234e-05 -5.9616422827942635e-05 0.00018071791030776948 0.00033211084888425037 -0.00018180274009872764 -7.8083446460214302e-05
leaf_weight=52 229 79 177 117 38 27 25
leaf_count=52 229 79 177 117 38 27 25
internal_value=0 0.00150485 0.0025378 0.00524476 0.00809179 0.00277778 0.00753968
internal_weight=744 515 463 286 207 90 63
internal_count=744 515 463 286 207 90 63
is_linear=0
shrinkage=0.05


Tree=7
num_leaves=8
num_cat=0
split_feature=2 6 10 12 4 4 3
split_gain=1.68293 2.21775 2.34541 1.38635 1.91915 1.95759 1.6433
threshold=0.12042227723672529 -0.53349937777594147 0.00034889263673931753 -0.0033130043707785268 0.024604568139752453 0.029685029229370934 0.0068930334476720043
decision_type=2 2 2 2 2 2 2
left_child=3 -2 -3 -1 6 -6 -5
right_child=1 2 -4 4 5 -7 -8
leaf_value=-0.00012958768974108631 -0.00035905502882167004 0.00017428529735331131 -0.00022876225161129872 -4.6206064357352006e-05 0.00016111571598948675 -0.00011214401548842858 0.00019678108950410501
leaf_weight=181 25 29 56 236 122 48 43
leaf_count=181 25 29 56 236 122 48 43
internal_value=-0.000202703 -0.00590909 -0.00205882 0.000793651 0.00228285 0.00647059 -0.000268817
internal_weight=740 110 85 630 449 170 279
internal_count=740 110 85 630 449 170 279
is_linear=0
shrinkage=0.05


Tree=8
num_leaves=8
num_cat=0
split_feature=0 12 10 10 15 1 3
split_gain=1.48603 1.13323 0.968496 4.11982 1.38135 2.18108 1.1005
threshold=-0.025001554975193682 0.076145654651098141 0.0079905561282167543 0.0064542446486700608 0.015589526027461999 -0.0062671297171976717 0.0029490900494975052
decision_type=2 2 2 2 2 2 2
left_child=-1 2 3 6 5 -4 -2
right_child=1 -3 4 -5 -6 -7 -8
leaf_value=-0.00042104737849553572 1.1918868873327973e-06 -0.00022411675162193045 -0.00013283771755175081 -0.00029201169439198565 -0.00017251560667640357 0.00022432273295806376 0.00011479559609397011
leaf_weight=38 372 28 27 40 36 57 163
leaf_count=38 372 28 27 40 36 57 163
internal_value=0.00042707 0.00093361 0.00133094 0.000478261 0.00541667 0.00892857 0.00163551
internal_weight=761 723 695 575 120 84 535
internal_count=761 723 695 575 120 84 535
is_linear=0
shrinkage=0.05


Tree=9
num_leaves=8
num_cat=0
split_feature=5 16 8 6 4 12 5
split_gain=2.0851 1.87913 2.47512 1.78313 1.19767 2.3336 1.93055
threshold=0.0168390329053246 0.021845398825511623 0.12182928756185586 -0.072409310095757948 0.024897524325897282 -0.0062518932096157767 0.013676693803296386
decision_type=2 2 8 2 2 2 2
left_child=1 2 4 -3 -1 -6 -7
right_child=-2 3 -4 -5 5 6 -8
leaf_value=-5.2988273246280116e-07 -0.00026989045918270331 0.00019929486080945186 -0.00022744897919422635 2.0470266170604606e-05 -0.00011552491782681153 6.8189010683398145e-06 0.00025172002562144782
leaf_weight=297 129 66 48 58 47 32 61
leaf_count=297 129 66 48 58 47 32 61
internal_value=0.000542005 0.00176519 0.000360825 0.00725806 0.00154462 0.00535714 0.00994624
internal_weight=738 609 485 124 437 140 93
internal_count=738 609 485 124 437 140 93
is_linear=0
shrinkage=0.05


Tree=10
num_leaves=8
num_cat=0
split_feature=4 2 11 0 4 5 1
split_gain=2.07599 1.67442 2.22497 1.48051 2.01749 1.40468 1.33526
threshold=0.027521568391419914 0.0036214387260686824 0.0029094650612268018 -0.0086495296820048289 0.024399347886181495 0.014109279511668371 0.021181015973758103
decision_type=2 2 2 2 2 2 2
left_child=1 2 5 -3 -5 -1 -6
right_child=-2 3 -4 4 6 -7 -8
leaf_value=9.8869211630559328e-05 -0.00021151761716505966 -0.00016485467414860926 0.00015255538307970629 -8.6959433214666575e-06 0.00026483678616745992 -0.00022927463958295714 5.1987387578703549e-05
leaf_weight=46 193 76 87 213 41 35 57
leaf_count=46 193 76 87 213 41 35 57
internal_value=-6.68449e-05 0.00148649 0.00565476 -0.000322997 0.00120579 -0.000308642 0.00714286
internal_weight=748 555 168 387 311 81 98
internal_count=748 555 168 387 311 81 98
is_linear=0
shrinkage=0.05


Tree=11
num_leaves=8
num_cat=0
split_feature=5 6 5 6 2 12 12
split_gain=1.73899 1.62924 1.62348 2.22337 2.0217 1.56881 2.50733
threshold=0.014315961890626257 -0.774934492299029 0.013903882595350123 -0.20854213764455445 0.048318404865011051 0.029654960476763418 0.0065049739274190008
decision_type=2 2 2 2 2 2 2
left_child=1 -1 3 4 -3 6 -5
right_child=-2 2 -4 5 -6 -7 -8
leaf_value=-4.9917305843160276e-05 -5.594820540000389e-05 0.00019229348067426516 0.00024393214651005624 -0.0001806719476225579 3.5260523763145117e-05 -0.00026954542044365916 0.00012404957157243735
leaf_weight=81 347 64 30 54 54 53 63
leaf_count=81 347 64 30 54 54 53 63
internal_value=6.70241e-05 0.0023183 0.00393082 0.00277778 0.00805085 -0.000882353 0.00235043
internal_weight=746 399 318 288 118 170 117
internal_count=746 399 318 288 118 170 117
is_linear=0
shrinkage=0.05


Tree=12
num_leaves=8
num_cat=0
split_feature=0 15 0 9 13 3 12
split_gain=1.48542 1.37385 2.79355 1.94099 1.29206 2.80033 1.79244
threshold=-0.023828307387850797 -0.0022931280189671384 -0.0097482851199607295 0.071941004801204592 15.75500011444092 0.0080400225470229642 0.024709772202027306
decision_type=2 2 2 8 2 2 2
left_child=-1 3 -3 -2 5 -4 -6
right_child=1 2 4 -5 6 -7 -8
leaf_value=-0.00034024885064320434 0.0002756918953839425 -0.00051615584345158616 9.8379739402812412e-07 3.0775114523708384e-05 1.6119026153497322e-05 0.00022152213148024372 -0.00017183005669200738
leaf_weight=46 46 34 155 161 163 40 81
leaf_count=46 46 34 155 161 163 40 81
internal_value=0 0.000588235 -0.00089852 0.00398551 0.000170843 0.00320513 -0.0022541
internal_weight=726 680 473 207 439 195 244
internal_count=726 680 473 207 439 195 244
is_linear=0
shrinkage=0.05


Tree=13
num_leaves=8
num_cat=0
split_feature=5 4 3 14 0 15 7
split_gain=2.38157 1.38998 2.24866 2.07096 1.73437 1.96177 1.48028
threshold=0.016454121084138486 0.024860559697992623 -0.0068681472209147212 0.024414321868059811 -0.011056440958480849 0.011457341568467118 0.014483241516245806
decision_type=2 2 2 2 2 2 2
left_child=1 2 -1 -4 -3 -6 -5
right_child=-2 4 3 6 5 -7 -8
leaf_value=0.00011609686622267128 -0.00024175486042488198 -0.00023417864107382337 8.7896052835211754e-06 -3.4022619277621331e-05 0.00014400203029474768 -0.00010699656359065206 -0.00037930207569036195
leaf_weight=47 148 43 256 39 138 33 38
leaf_count=47 148 43 256 39 138 33 38
internal_value=0.000269542 0.0016835 -0.000131579 -0.00157658 0.00490654 0.00716374 -0.00876623
internal_weight=742 594 380 333 214 171 77
internal_count=742 594 380 333 214 171 77
is_linear=0
shrinkage=0.05


Tree=14
num_leaves=8
num_cat=0
split_feature=0 13 2 12 4 6 1
split_gain=1.52442 1.2337 1.68077 2.87138 1.55272 1.45927 1.45706
threshold=-0.025001554975193682 20.980000495910648 0.058496228578352689 0.045605778399391624 0.023932791548129929 0.50412244633692305 -0.044658586611986122
decision_type=2 2 2 2 2 2 2
left_child=-1 2 3 6 5 -4 -2
right_child=1 -3 4 -5 -6 -7 -8
leaf_value=-0.0003625032518919484 -6.1772588644840205e-05 -0.00021625892890566004 -0.00017324412772772781 -0.00015012508918605655 3.352853500801787e-05 7.7639749756104051e-05 0.00013527344105214811
leaf_weight=39 32 81 79 49 149 26 269
leaf_count=39 32 81 79 49 149 26 269
internal_value=0 0.000547445 0.0013245 0.00357143 -0.00177165 -0.00642857 0.00539867
internal_weight=724 685 604 350 254 105 301
internal_count=724 685 604 350 254 105 301
is_linear=0
shrinkage=0.05


Tree=15
num_leaves=8
num_cat=0
split_feature=5 4 1 10 14 4 5
split_gain=1.2483 1.50881 1.90127 1.59742 1.69928 2.05207 2.4417
threshold=0.016773524950157107 0.024604568139752453 0.032913174629032434 -0.0092548931155976826 0.027028120883943799 0.025377457293083067 0.013716553777078365
decision_type=2 2 2 2 2 2 2
left_child=1 2 -1 -3 5 -5 -7
right_child=-2 3 -4 4 -6 6 -8
leaf_value=1.1977174475633589e-05 -0.00023996259642939858 -0.00020678892020794171 -0.0001607379962292945 0.00022438038862210186 0.00026858871138528797 -0.00020434454642553475 7.1494650911898278e-05
leaf_weight=285 124 30 81 39 43 33 97
leaf_count=285 124 30 81 39 43 33 97
internal_value=0.000136612 0.00106908 -0.000956284 0.00413223 0.00566038 0.00340237 0.000384615
internal_weight=732 608 366 242 212 169 130
internal_count=732 608 366 242 212 169 130
is_linear=0
shrinkage=0.05


Tree=16
num_leaves=8
num_cat=0
split_feature=0 15 16 16 14 11 10
split_gain=1.15343 1.62805 1.53256 2.10884 1.58361 1.22737 1.21052
threshold=-0.024269488232059707 -0.0022931280189671384 -0.018557189500650269 -0.0053456106969737563 0.018934443393513026 0.003813504719322514 0.0079905561282167543
decision_type=2 2 2 2 2 2 2
left_child=-1 2 -2 -4 -5 -6 -3
right_child=1 6 3 4 5 -7 -8
leaf_value=-0.00031081735284181654 0.00017883502281535436 -4.4460623411866649e-05 -0.00013587983476152912 0.00015344850014962428 -0.00030211683305157245 0.00024828659113182477 9.5563145062700126e-05
leaf_weight=44 49 357 54 61 29 30 127
leaf_count=44 49 357 54 61 29 30 127
internal_value=-9.98668e-05 0.000388967 0.00392377 0.00172414 0.00541667 -0.000423729 -0.00123967
internal_weight=751 707 223 174 120 59 484
internal_count=751 707 223 174 120 59 484
is_linear=0
shrinkage=0.05


Tree=17
num_leaves=8
num_cat=0
split_feature=5 10 3 4 9 15 14
split_gain=1.71859 1.44214 2.02757 1.28603 1.68695 1.74834 1.7801
threshold=0.016773524950157107 0.00038112321022931722 -0.006203167964156763 0.024604568139752453 0.27732134755985555 -0.0088798376329717859 0.037142264963949019
decision_type=2 2 2 2 8 2 2
left_child=3 2 -2 4 5 -1 -7
right_child=1 -3 -4 -5 -6 6 -8
leaf_value=0.00024656246435835551 -0.00061170214270825406 -0.00031856398394925715 0.00019957735523497679 7.1042276255409379e-05 -0.00011650360123619881 1.6591297957488307e-05 -0.00017509504087463032
leaf_weight=26 25 69 37 243 114 188 42
leaf_count=26 25 69 37 243 114 188 42
internal_value=-0.000336022 -0.00553435 0 0.000774878 -0.00108108 0.00117188 -0.000217391
internal_weight=744 131 62 613 370 256 230
internal_count=744 131 62 613 370 256 230
is_linear=0
shrinkage=0.05


Tree=18
num_leaves=8
num_cat=0
split_feature=2 13 2 11 12 4 1
split_gain=1.62561 1.18125 1.53408 2.71751 2.56955 1.55619 1.50997
threshold=0.18669905292582947 17.875000000000004 0.06784158720973911 0.015629796183489589 0.029654960476763418 0.024399347886181495 0.018921322495598639
decision_type=2 2 2 2 2 2 2
left_child=1 2 4 6 -1 -6 -4
right_child=-2 -3 3 -5 5 -7 -8
leaf_value=0.00014884193199014755 -0.00021257582653192954 -4.062703932215884e-05 4.1347043690638871e-05 0.00012740630975186057 -0.00011343384421474822 7.4632553275926985e-05 -0.00023081557172965263
leaf_weight=163 29 261 53 46 86 51 61
leaf_count=163 29 261 53 46 86 51 61
internal_value=0.0004 0.000866852 0.0023913 -0.0015625 0.0045 -0.000547445 -0.00570175
internal_weight=750 721 460 160 300 137 114
internal_count=750 721 460 160 300 137 114
is_linear=0
shrinkage=0.05


Tree=19
num_leaves=8
num_cat=0
split_feature=13 3 14 14 1 8 14
split_gain=1.18674 2.46542 1.9071 2.57424 1.56762 1.7324 1.3414
threshold=15.784999847412111 0.0080400225470229642 0.020125848996620292 -0.016820561404990383 -0.02185449943113554 -0.008004282285587359 -0.026106823606350468
decision_type=2 2 2 2 2 8 2
left_child=1 2 3 6 5 -2 -1
right_child=4 -3 -4 -5 -6 -7 -8
leaf_value=1.4582026168988077e-05 -1.2362372955595841e-05 0.00024379017891640851 -0.00018572414501893475 0.00013780513715752301 -9.7667236306141225e-05 0.00019969978742174081 -0.00038895721887437413
leaf_weight=71 60 43 64 86 337 53 27
leaf_count=71 60 43 64 86 337 53 27
internal_value=-0.000168691 0.00231959 0.000403226 0.00298913 -0.00177778 0.00331858 -0.00255102
internal_weight=741 291 248 184 450 113 98
internal_count=741 291 248 184 450 113 98
is_linear=0
shrinkage=0.05


Tree=20
num_leaves=8
num_cat=0
split_feature=5 12 3 10 15 1 14
split_gain=1.30189 2.51863 1.94284 1.51142 1.89428 1.45299 1.37835
threshold=0.012517894321256115 0.047870780278131859 0.0029490900494975052 0.0079905561282167543 0.010776647680366349 0.0079178544701630233 -0.010446241084373918
decision_type=2 2 2 2 2 2 2
left_child=1 2 5 4 6 -1 -2
right_child=3 -3 -4 -5 -6 -7 -8
leaf_value=7.8284062652688157e-05 -0.00010017048441728679 -0.00030891600952523049 0.00020747108780519799 0.00011539722037491162 -0.00021624224338091908 -0.00014111812120080848 1.3453292936605259e-05
leaf_weight=51 166 31 43 100 26 39 283
leaf_count=51 166 31 43 100 26 39 283
internal_value=3.38295e-05 0.00396341 0.00695489 -0.00108696 -0.00226316 0.00277778 -0.00150334
internal_weight=739 164 133 575 475 90 449
internal_count=739 164 133 575 475 90 449
is_linear=0
shrinkage=0.05


Tree=21
num_leaves=8
num_cat=0
split_feature=10 10 13 16 8 12 16
split_gain=1.10578 2.31982 1.90339 1.43205 1.63333 1.59386 1.32303
threshold=0.0079905561282167543 0.0034066774365857371 13.414999961853029 -0.019965204475256234 -0.033334495769387733 -0.0062518932096157767 -0.004957006509009986
decision_type=2 2 2 2 8 2 2
left_child=1 2 -1 4 -4 -5 -3
right_child=-2 6 3 5 -6 -7 -8
leaf_value=0.00015010082322117316 0.000109627359356166 -0.00030227715896544995 -0.00012807924687500985 -0.00028490895880133342 0.00016418567585823826 -1.1922600473706498e-06 -4.6581827153279864e-05
leaf_weight=65 128 28 32 65 48 261 119
leaf_count=65 128 28 32 65 48 261 119
internal_value=6.70241e-05 -0.000809061 0.000902335 -0.000369458 0.005625 -0.00184049 -0.00629252
internal_weight=746 618 471 406 80 326 147
internal_count=746 618 471 406 80 326 147
is_linear=0
shrinkage=0.05


Tree=22
num_leaves=8
num_cat=0
split_feature=11 4 4 10 14 4 8
split_gain=1.49082 1.55507 1.62493 1.49655 2.14524 1.44764 1.23313
threshold=0.035212885385391253 0.027521568391419914 0.033644883487351507 0.0010681623083543814 0.021414189458355607 0.026518992677907676 0.07215946271871844
decision_type=2 2 2 2 2 2 10
left_child=1 5 3 4 -3 6 -1
right_child=-2 2 -4 -5 -6 -7 -8
leaf_value=3.9258673959720439e-05 0.0001140261667131032 0.00028329067807444583 0.00013824242253250311 -0.00027013329025868697 -0.00041992246382458457 0.00021468986795193431 -6.1811752651958195e-05
leaf_weight=342 34 25 48 60 34 35 162
leaf_count=342 34 25 48 60 34 35 162
internal_value=6.75676e-05 -0.000424929 -0.00464072 -0.00777311 -0.00211864 0.000881262 0.000198413
internal_weight=740 706 167 119 59 539 504
internal_count=740 706 167 119 59 539 504
is_linear=0
shrinkage=0.05


Tree=23
num_leaves=8
num_cat=0
split_feature=5 14 14 2 1 10 11
split_gain=1.70032 1.63042 1.87033 1.99581 1.56998 1.42587 1.38278
threshold=0.016454121084138486 0.005094684764536229 -0.01013918808565367 0.037297499988124379 -0.035560524912839668 0.000540884636322292 0.0035059532242039952
decision_type=2 2 2 2 2 2 2
left_child=1 2 -1 -4 -2 6 -3
right_child=4 5 3 -5 -6 -7 -8
leaf_value=4.6360312836747026e-06 0.00012386387667471152 -6.0168531000588671e-05 0.00030054047692146469 0.00010014923719285545 -0.00026058584110662524 -0.00014495302151539764 6.2377449744180485e-05
leaf_weight=278 32 131 34 43 111 59 59
leaf_count=278 32 131 34 43 111 59 59
internal_value=-0.000167336 0.000993377 0.00316901 0.0100649 -0.00506993 -0.00210843 0
internal_weight=747 604 355 77 143 249 190
internal_count=747 604 355 77 143 249 190
is_linear=0
shrinkage=0.05


Tree=24
num_leaves=8
num_cat=0
split_feature=3 1 11 11 2 7 1
split_gain=1.1561 1.58118 1.13925 2.11379 1.39665 1.61871 1.61513
threshold=0.013025084962302704 0.042132563444852729 0.015296127885016332 0.020333074859658965 0.07292608332785834 0.01749936740792957 0.014328137836445156
decision_type=2 2 2 2 2 2 2
left_child=2 -2 4 -4 5 -1 -6
right_child=1 -3 3 -5 6 -7 -8
leaf_value=-6.4130168182678641e-06 0.00021973507646644115 -7.3856530221340811e-05 0.00023862140589099294 -5.7731483442549983e-06 -2.0619743883096635e-05 0.00013372302316163069 -0.00019553603197028249
leaf_weight=277 41 27 50 106 79 88 76
leaf_count=277 41 27 50 106 79 88 76
internal_value=0.000403226 0.00661765 -0.000221893 0.00352564 -0.00134615 0.000342466 -0.00532258
internal_weight=744 68 676 156 520 365 155
internal_count=744 68 676 156 520 365 155
is_linear=0
shrinkage=0.05


Tree=25
num_leaves=8
num_cat=0
split_feature=5 16 8 6 5 10 12
split_gain=1.79307 1.29344 1.92099 1.7323 1.83589 1.68038 1.47099
threshold=0.0168390329053246 0.021845398825511623 0.12490526146680127 0.14983593533450759 0.013872707590492077 1.0000000180025095e-35 0.02952133598580731
decision_type=2 2 8 2 2 2 2
left_child=1 2 3 -1 -5 -3 -7
right_child=-2 5 -4 4 -6 6 -8
leaf_value=-5.8293625871968898e-06 -0.00024109625417927333 -9.6306746196076807e-05 -0.00031593718884300939 3.7817864065452757e-06 0.00022401611573489308 0.00011876359926452887 9.69105669072345e-05
leaf_weight=305 125 37 41 94 56 47 45
leaf_count=305 125 37 41 94 56 47 45
internal_value=6.66667e-05 0.00116 0 0.000934066 0.00533333 0.00562016 0.00923913
internal_weight=750 625 496 455 150 129 92
internal_count=750 625 496 455 150 129 92
is_linear=0
shrinkage=0.05


Tree=26
num_leaves=8
num_cat=0
split_feature=6 13 16 16 15 8 4
split_gain=0.972001 2.00418 1.51632 1.74908 2.19767 2.0378 1.62177
threshold=0.80017951973231616 15.75500011444092 -0.029888238079788406 0.021845398825511623 0.0019161988158903356 0.082683815512379369 0.023458878526039308
decision_type=2 2 2 2 2 10 2
left_child=2 -2 -1 4 5 -4 -6
right_child=1 -3 3 -5 6 -7 -8
leaf_value=0.00019904682487553922 7.7274864954606968e-05 -0.00030177598931144126 5.3744315780798055e-05 9.4239370108773968e-05 -0.00018019708003827714 -0.00014126151347868327 -1.9297288559581938e-05
leaf_weight=38 46 80 195 134 81 70 99
leaf_count=38 46 80 195 134 81 70 99
internal_value=3.36474e-05 -0.00396825 0.000850891 0.000215889 -0.00129213 0.00160377 -0.00555556
internal_weight=743 126 617 579 445 265 180
internal_count=743 126 617 579 445 265 180
is_linear=0
shrinkage=0.05


Tree=27
num_leaves=8
num_cat=0
split_feature=5 5 2 2 1 16 16
split_gain=1.42159 1.60251 1.32457 1.94877 1.47214 1.441 2.06271
threshold=0.014875040613762316 0.015138109664612541 -0.011507401706632668 -0.023026875823796197 -0.024170740573612456 -0.01319948532736581 -0.0036949414434175871
decision_type=2 2 2 2 2 2 2
left_child=2 -2 3 4 -1 -4 -7
right_child=1 -3 5 -5 -6 6 -8
leaf_value=-6.4633147600525256e-05 -0.00015451013967149562 -3.528218740231756e-05 0.0001873853634076451 0.00026390051536871024 0.00011231998048181116 -0.00019188453680950106 4.0010651846891617e-06
leaf_weight=42 33 256 53 25 45 48 243
leaf_count=42 33 256 53 25 45 48 243
internal_value=0.000234899 -0.00250865 0.00197368 0.00669643 0.00316092 0.000436047 -0.000945017
internal_weight=745 289 456 112 87 344 291
internal_count=745 289 456 112 87 344 291
is_linear=0
shrinkage=0.05


Tree=28
num_leaves=8
num_cat=0
split_feature=13 13 0 16 14 14 11
split_gain=1.24554 1.45125 1.261 1.44615 1.01498 1.50796 1.96382
threshold=20.980000495910648 25.19999980926514 -0.025001554975193682 -0.027608007746818927 0.005094684764536229 -0.015515001009757 0.015980558357876488
decision_type=2 2 2 2 2 2 2
left_child=2 -2 -1 -4 5 6 -5
right_child=1 -3 3 4 -6 -7 -8
leaf_value=-0.00029037284614417822 -0.00019615987195550981 0.0001777537678356556 0.000142093567756613 -1.5289682997667638e-05 -1.4665389712881575e-05 0.00016609105605143676 9.9420677602861564e-05
leaf_weight=28 63 35 26 171 229 116 84
leaf_count=28 63 35 26 171 229 116 84
internal_value=0.000664894 -0.00459184 0.0014526 0.00191693 0.00141667 0.00303235 0.000882353
internal_weight=752 98 654 626 600 371 255
internal_count=752 98 654 626 600 371 255
is_linear=0
shrinkage=0.05


Tree=29
num_leaves=8
num_cat=0
split_feature=6 16 13 13 4 2 13
split_gain=1.14557 1.9826 1.74588 1.77185 1.71933 1.90747 1.58285
threshold=0.80017951973231616 -0.029515156045845255 13.869999885559084 14.734999656677248 0.022756836781535034 -0.087992806574699142 15.425000190734865
decision_type=2 2 2 2 2 2 2
left_child=1 -1 -3 -4 -5 -6 -2
right_child=6 2 3 4 5 -7 -8
leaf_value=0.00019598608946361134 5.9899698734576882e-05 0.0001078394794190912 -0.00014977490560822622 -0.00011177266042287299 -0.00025397695135453513 5.1590316218167766e-05 -0.00029159197336774281
leaf_weight=36 48 104 52 115 25 269 81
leaf_count=36 48 104 52 115 25 269 81
internal_value=0.000205479 0.00112313 0.00039823 -0.000921909 0.000183374 0.00221088 -0.00406977
internal_weight=730 601 565 461 409 294 129
internal_count=730 601 565 461 409 294 129
is_linear=0
shrinkage=0.05


Tree=30
num_leaves=8
num_cat=0
split_feature=9 3 3 15 3 1 8
split_gain=1.23127 1.99887 1.78616 1.90593 1.69786 1.76442 1.50439
threshold=0.15352118362795455 0.0058936150285545672 -0.015989980019090074 -0.009924525349623568 -0.00014402533168994533 -0.0089249130599416953 0.079997172909308759
decision_type=10 2 2 2 2 2 10
left_child=2 4 -1 -4 5 -2 -7
right_child=1 -3 3 -5 -6 6 -8
leaf_value=-0.00047890830639257776 -0.0003309142382210164 0.00012869492373912368 0.00016300106931431679 2.0536849136555593e-05 -0.00015211258346413541 0.00018217259207071611 -4.7599397795783919e-05
leaf_weight=25 29 51 58 422 76 28 48
leaf_count=25 29 51 58 422 76 28 48
internal_value=0.000644505 -0.00237069 0.0020297 0.00270833 -0.00483425 -0.000714286 0.00328947
internal_weight=737 232 505 480 181 105 76
internal_count=737 232 505 480 181 105 76
is_linear=0
shrinkage=0.05


Tree=31
num_leaves=8
num_cat=0
split_feature=0 10 9 4 0 6 16
split_gain=1.01084 2.5945 1.68526 1.18591 1.82681 1.61333 1.7616
threshold=0.011233413069624333 0.0079905561282167543 0.23275221627351986 0.020559533593700222 0.0055173024347461306 -0.70701314493307421 0.0030591120143136368
decision_type=2 2 8 2 2 2 2
left_child=3 -2 -3 5 -5 -1 -7
right_child=1 2 -4 4 -6 6 -8
leaf_value=-0.00017869120925975403 -0.00012472114992199 0.00017687750936407859 -0.0001869599574080362 5.6903172069356668e-06 0.00016228992386999437 -0.00013692219061982983 0.00012226017755216751
leaf_weight=25 106 48 33 366 78 38 37
leaf_count=25 106 48 33 366 78 38 37
internal_value=-0.000170999 -0.00334225 0.00339506 0.000919118 0.00202703 -0.004 -0.000333333
internal_weight=731 187 81 544 444 100 75
internal_count=731 187 81 544 444 100 75
is_linear=0
shrinkage=0.05


Tree=32
num_leaves=8
num_cat=0
split_feature=8 16 2 13 9 6 10
split_gain=1.28656 2.07458 1.78426 1.43668 1.33792 1.30105 1.25252
threshold=-0.059540757668722903 -0.029515156045845255 -0.042650812614343163 12.555000305175783 0.11601711033574437 -0.057678494778223982 0.00048355916176134889
decision_type=8 2 2 2 8 2 2
left_child=5 -2 4 -4 -3 -1 -5
right_child=1 2 3 6 -6 -7 -8
leaf_value=-0.00037329683550483422 0.00017789730794849293 0.0002403181328659296 0.00014632363583576185 5.5623511104422115e-06 1.2913817660442163e-05 -1.2284448393543644e-06 -4.1346317598152903e-05
leaf_weight=32 30 25 32 253 32 41 307
leaf_count=32 30 25 32 253 32 41 307
internal_value=-0.000199468 0.000478645 -0.000115562 -0.000929054 0.00833333 -0.00650685 -0.00151786
internal_weight=752 679 649 592 57 73 560
internal_count=752 679 649 592 57 73 560
is_linear=0
shrinkage=0.05


Tree=33
num_leaves=8
num_cat=0
split_feature=10 14 6 6 10 13 6
split_gain=1.24329 1.54135 1.26844 1.50245 2.04002 0.980354 0.898216
threshold=0.0079905561282167543 -0.048915299030690522 -0.37166636706910322 0.064462359311393005 0.011768344004807198 12.555000305175783 -0.21682712837877649
decision_type=2 2 2 2 2 2 2
left_child=1 6 -2 -4 -5 -3 -1
right_child=2 5 3 4 -6 -7 -8
leaf_value=-8.6061497283058781e-05 0.00014217708642829186 0.00017355183641826045 -0.00030531139332407796 0.00030131956049352971 -0.00016809474143786752 -1.4714357598440317e-06 -0.00017332191496059469
leaf_weight=29 42 26 25 32 25 537 26
leaf_count=29 42 26 25 32 25 537 26
internal_value=0.000269542 -0.000647249 0.00483871 0.00121951 0.00570175 0.000133215 -0.00863636
internal_weight=742 618 124 82 57 563 55
internal_count=742 618 124 82 57 563 55
is_linear=0
shrinkage=0.05


Tree=34
num_leaves=8
num_cat=0
split_feature=5 3 5 9 14 2 11
split_gain=1.18087 1.45169 2.64569 1.89775 1.16181 1.09569 1.0568
threshold=0.014373920875877468 -0.0017870208685242803 0.015083711021558643 0.39359381398549459 0.022257963056534272 0.12780041363342734 0.020333074859658965
decision_type=2 2 2 8 2 2 2
left_child=6 2 -2 -4 5 -3 -1
right_child=1 4 3 -5 -6 -7 -8
leaf_value=2.4314861008049774e-05 -0.00040615422918896684 1.9594350658607395e-05 -0.0002172184102703946 9.8224530016621792e-05 0.00011305909558442913 -8.2476706161554146e-05 -9.916656193761831e-05
leaf_weight=363 25 124 63 41 50 33 48
leaf_count=363 25 124 63 41 50 33 48
internal_value=-3.34672e-05 -0.00223214 -0.00639535 -0.00288462 0.000362319 -0.00175159 0.00176399
internal_weight=747 336 129 104 207 157 411
internal_count=747 336 129 104 207 157 411
is_linear=0
shrinkage=0.05


Tree=35
num_leaves=8
num_cat=0
split_feature=8 9 4 12 6 12 15
split_gain=1.30207 1.16074 1.18519 1.14201 1.93598 1.54106 1.30952
threshold=-0.059540757668722903 0.022246763353066194 0.027579006534385879 0.046585170844293929 0.26026832154541207 0.055910594976570589 0.015871754981407141
decision_type=10 8 2 2 2 2 2
left_child=-1 2 -2 6 5 -5 -3
right_child=1 3 -4 4 -6 -7 -8
leaf_value=-0.00018006161299033319 0.0003298491287671294 2.4302235012101212e-05 0.00012046429719889622 -0.0002516098972530527 -0.00016301607127775552 6.8908537846902376e-05 -0.00020095127760650082
leaf_weight=97 27 478 27 25 27 34 28
leaf_count=97 27 478 27 25 27 34 28
internal_value=0.000504711 0.00131579 0.00833333 0.000675676 -0.00465116 0.000423729 0.00158103
internal_weight=743 646 54 592 86 59 506
internal_count=743 646 54 592 86 59 506
is_linear=0
shrinkage=0.05


Tree=36
num_leaves=8
num_cat=0
split_feature=0 13 4 5 5 5 4
split_gain=1.02774 0.925025 1.00907 1.07055 1.88422 2.57105 1.30566
threshold=0.028160133685821934 12.555000305175783 0.018164056928437228 0.011379737118573813 0.011881241453990584 0.012517894321256115 0.023251100248177326
decision_type=2 2 2 2 2 2 2
left_child=1 -1 -3 -4 -5 -6 -7
right_child=-2 2 3 4 5 6 -8
leaf_value=0.00015399980318800828 -0.00020125288615754005 -6.2079764560666839e-05 0.00010074202836927071 -0.0002605339646858526 0.00015041183181544943 -6.5732953960791207e-05 2.6662826972641058e-05
leaf_weight=29 40 42 25 25 47 139 406
leaf_count=29 40 42 25 25 47 139 406
internal_value=0.000298805 0.000736325 0.000365497 0.000856698 0.000445705 0.00101351 4.58716e-05
internal_weight=753 713 684 642 617 592 545
internal_count=753 713 684 642 617 592 545
is_linear=0
shrinkage=0.05


Tree=37
num_leaves=8
num_cat=0
split_feature=12 9 8 13 12 12 3
split_gain=1.09185 2.29833 1.83817 1.33357 1.65833 1.32468 1.78941
threshold=0.0033715039290467268 0.45561579277440828 0.0062801697980542368 17.125000000000004 -0.019164268352129695 0.04047963103536379 -0.0033495202479594251
decision_type=2 10 8 2 2 2 2
left_child=3 2 -2 -1 -5 -4 -7
right_child=1 -3 5 4 -6 6 -8
leaf_value=0.00017660858738097519 0.00012587836494009315 -0.00020379610080507949 2.51674760435082e-05 -2.1842357406970554e-06 -0.00027181307698884014 -0.0002948165692013842 1.9369936757976687e-05
leaf_weight=56 93 25 263 110 74 36 100
leaf_count=56 93 25 263 110 74 36 100
internal_value=0.000495376 0.00178917 0.00254065 -0.00229167 -0.00434783 0.00106516 -0.00294118
internal_weight=757 517 492 240 184 399 136
internal_count=757 517 492 240 184 399 136
is_linear=0
shrinkage=0.05


Tree=38
num_leaves=8
num_cat=0
split_feature=13 3 11 12 14 3 12
split_gain=1.39114 2.8183 2.54024 2.56349 1.92226 1.76362 1.66846
threshold=15.784999847412111 0.0080400225470229642 -0.0026220497317853693 -0.005215251084133842 0.020125848996620292 0.0048123642742711201 -0.017790302697979262
decision_type=2 2 2 2 2 2 2
left_child=1 4 3 6 5 -1 -2
right_child=2 -3 -4 -5 -6 -7 -8
leaf_value=5.3857835872115138e-05 7.5784215061320767e-05 0.00018846040428399237 -0.00011164055448653023 0.00013209972790097793 -0.00013558561125943974 -0.00010767796912279707 -0.00028030699023597337
leaf_weight=167 81 47 242 91 56 25 31
leaf_count=167 81 47 242 91 56 25 31
internal_value=0.000472973 0.00313559 -0.00129213 0.00283251 0.00100806 0.00338542 -0.00223214
internal_weight=740 295 445 203 248 192 112
internal_count=740 295 445 203 248 192 112
is_linear=0
shrinkage=0.05


Tree=39
num_leaves=8
num_cat=0
split_feature=11 15 9 3 14 14 14
split_gain=1.33682 1.15104 2.88103 1.46077 1.04859 2.04184 1.63893
threshold=0.035212885385391253 0.013578421877673665 0.12629793944135484 0.013288829945206639 -0.068623004427642229 -0.04578454363779693 -0.036625775253692865
decision_type=2 2 8 2 2 2 2
left_child=1 3 -3 4 -1 -6 -7
right_child=-2 2 -4 -5 5 6 -8
leaf_value=0.00018560344500047934 8.0666387407256289e-05 0.00011772147187674703 -0.00018836398057351709 0.00021226794563680403 -0.00019512240762418936 0.00019062444837304851 -8.2754189527660046e-07
leaf_weight=41 34 25 39 35 50 33 479
leaf_count=41 34 25 39 35 50 33 479
internal_value=0.000611413 0.00014245 -0.00625 0.000783699 0.000207297 -0.000355872 0.000585938
internal_weight=736 702 64 638 603 562 512
internal_count=736 702 64 638 603 562 512
is_linear=0
shrinkage=0.05


Tree=40
num_leaves=8
num_cat=0
split_feature=2 2 14 15 7 1 1
split_gain=0.906657 1.51497 1.9947 2.05326 1.04173 2.57524 1.28314
threshold=0.058496228578352689 0.036508411561363315 -0.0070547548707520216 -0.0010621844867738093 0.014773508560902428 0.028270412331257048 0.032231163845405815
decision_type=2 2 2 2 2 2 2
left_child=1 4 -3 -4 6 -6 -1
right_child=-2 2 3 -5 5 -7 -8
leaf_value=-1.981373040518403e-05 -2.3451346627930816e-05 0.00024274381292014053 0.00014329352363290872 -0.00022070342622811041 0.00018951479939174776 -0.00011486585237579011 7.9823160020739414e-05
leaf_weight=274 277 36 28 25 36 41 26
leaf_count=274 277 36 28 25 36 41 26
internal_value=0.000370121 0.00171674 0.00758427 0.00141509 0.000331565 0.00551948 -0.001
internal_weight=743 466 89 53 377 77 300
internal_count=743 466 89 53 377 77 300
is_linear=0
shrinkage=0.05


Tree=41
num_leaves=8
num_cat=0
split_feature=4 3 0 16 7 16 16
split_gain=0.952243 2.15312 1.40113 1.2544 1.53403 1.33025 1.29353
threshold=0.023314125386461697 -0.0068681472209147212 -0.024269488232059707 -0.02093717358279534 -0.018105604528585003 0.042518167315161566 -0.0040466010062748517
decision_type=2 2 2 2 2 2 2
left_child=1 -1 -2 -4 -5 6 -6
right_child=2 -3 3 4 5 -7 -8
leaf_value=0.00013833648844036118 -0.00021500532954607773 -2.1389863463177025e-05 8.3688400866976335e-05 -4.7015011200505749e-05 -4.1389678387877787e-05 -0.00025000475108895754 8.0425931122834899e-05
leaf_weight=29 37 272 53 72 42 30 216
leaf_count=29 37 272 53 72 42 30 216
internal_value=0.000432756 -0.00174419 0.00188889 0.00272397 0.00166667 0.00329861 0.00445736
internal_weight=751 301 450 413 360 288 258
internal_count=751 301 450 413 360 288 258
is_linear=0
shrinkage=0.05


Tree=42
num_leaves=8
num_cat=0
split_feature=13 4 3 13 14 10 13
split_gain=1.13608 1.18126 1.07192 1.67814 1.05646 1.46496 2.21488
threshold=12.555000305175783 0.018164056928437228 0.013025084962302704 16.345000267028812 -0.10344834121785244 0.00048355916176134889 15.375000000000002
decision_type=2 2 2 2 2 2 2
left_child=-1 -2 4 -4 -3 -6 -7
right_child=1 2 3 -5 5 6 -8
leaf_value=0.00014492186199642254 -8.5032355830135669e-05 0.00014040145821225494 0.00017637393267299985 -1.0210644733273968e-05 1.4812779925812721e-05 2.7883752603497112e-05 -0.00016610153838858251
leaf_weight=31 41 25 29 38 305 112 168
leaf_count=31 41 25 29 38 305 112 168
internal_value=-0.000500668 -0.000905292 -0.000406204 0.00559701 -0.00106557 -0.00149573 -0.00410714
internal_weight=749 718 677 67 610 585 280
internal_count=749 718 677 67 610 585 280
is_linear=0
shrinkage=0.05


end of trees

feature_importances:
parkinson_20=25
atr_pct=24
spy_ret_20d=24
ret_20d=22
vix_level=22
overnight_gap=21
vix_chg_1d=21
sector_ret_5d=19
spy_ret_1d=18
ret_1d=17
dvol_z_20=17
ret_5d=15
spy_ret_5d=14
dist_ma50=13
dist_ma200=12
sector_ret_1d=11
dist_ma20=6

parameters:
[boosting: gbdt]
[objective: quantile]
[metric: quantile]
[tree_learner: serial]
[device_type: cpu]
[data_sample_strategy: bagging]
[data: ]
[valid: ]
[num_iterations: 80]
[learning_rate: 0.05]
[num_leaves: 8]
[num_threads: 1]
[seed: 0]
[deterministic: 0]
[force_col_wise: 1]
[force_row_wise: 0]
[histogram_pool_size: -1]
[max_depth: -1]
[min_data_in_leaf: 25]
[min_sum_hessian_in_leaf: 0.001]
[bagging_fraction: 0.9]
[pos_bagging_fraction: 1]
[neg_bagging_fraction: 1]
[bagging_freq: 1]
[bagging_seed: 3]
[bagging_by_query: 0]
[feature_fraction: 0.9]
[feature_fraction_bynode: 1]
[feature_fraction_seed: 2]
[extra_trees: 0]
[extra_seed: 6]
[early_stopping_round: 0]
[early_stopping_min_delta: 0]
[first_metric_only: 0]
[max_delta_step: 0]
[lambda_l1: 0]
[lambda_l2: 0]
[linear_lambda: 0]
[min_gain_to_split: 0]
[drop_rate: 0.1]
[max_drop: 50]
[skip_drop: 0.5]
[xgboost_dart_mode: 0]
[uniform_drop: 0]
[drop_seed: 4]
[top_rate: 0.2]
[other_rate: 0.1]
[min_data_per_group: 100]
[max_cat_threshold: 32]
[cat_l2: 10]
[cat_smooth: 10]
[max_cat_to_onehot: 4]
[top_k: 20]
[monotone_constraints: ]
[monotone_constraints_method: basic]
[monotone_penalty: 0]
[feature_contri: ]
[forcedsplits_filename: ]
[refit_decay_rate: 0.9]
[cegb_tradeoff: 1]
[cegb_penalty_split: 0]
[cegb_penalty_feature_lazy: ]
[cegb_penalty_feature_coupled: ]
[path_smooth: 0]
[interaction_constraints: ]
[verbosity: -1]
[saved_feature_importance_type: 0]
[use_quantized_grad: 0]
[num_grad_quant_bins: 4]
[quant_train_renew_leaf: 0]
[stochastic_rounding: 1]
[linear_tree: 0]
[max_bin: 255]
[max_bin_by_feature: ]
[min_data_in_bin: 3]
[bin_construct_sample_cnt: 200000]
[data_random_seed: 1]
[is_enable_sparse: 1]
[enable_bundle: 1]
[use_missing: 1]
[zero_as_missing: 0]
[feature_pre_filter: 1]
[pre_partition: 0]
[two_round: 0]
[header: 0]
[label_column: ]
[weight_column: ]
[group_column: ]
[ignore_column: ]
[categorical_feature: ]
[forcedbins_filename: ]
[precise_float_parser: 0]
[parser_config_file: ]
[objective_seed: 5]
[num_class: 1]
[is_unbalance: 0]
[scale_pos_weight: 1]
[sigmoid: 1]
[boost_from_average: 1]
[reg_sqrt: 0]
[alpha: 0.5]
[fair_c: 1]
[poisson_max_delta_step: 0.7]
[tweedie_variance_power: 1.5]
[lambdarank_truncation_level: 30]
[lambdarank_norm: 1]
[label_gain: ]
[lambdarank_position_bias_regularization: 0]
[eval_at: ]
[multi_error_top_k: 1]
[auc_mu_weights: ]
[num_machines: 1]
[local_listen_port: 12400]
[time_out: 120]
[machine_list_filename: ]
[machines: ]
[gpu_platform_id: -1]
[gpu_device_id: -1]
[gpu_device_id_list: ]
[gpu_use_dp: 0]
[num_gpu: 1]

end of parameters

pandas_categorical:[]
