tree
version=v4
num_class=1
num_tree_per_iteration=1
label_index=0
max_feature_idx=16
objective=quantile
feature_names=ret_1d ret_5d ret_20d overnight_gap atr_pct parkinson_20 dvol_z_20 dist_ma20 dist_ma50 dist_ma200 spy_ret_1d spy_ret_5d spy_ret_20d vix_level vix_chg_1d sector_ret_1d sector_ret_5d
feature_infos=[-0.077979587618836166:0.11027654147190824] [-0.16556600192926707:0.11835128568607201] [-0.19617844192679657:0.15757507990613462] [-0.049720825512982514:0.077517199871695031] [0.011415786003064648:0.058122633899245379] [0.0074761218789341742:0.032915243931710275] [-1.871217238481337:3.9355525791033985] [-0.15041089556865939:0.1026461844751414] [-0.18146157881085401:0.18187005110103982] [-0.14485907214556126:0.303199476428754] [-0.058542971330535654:0.10501930183911301] [-0.11496151859245618:0.082843162776128354] [-0.1226559005192206:0.15756591020035837] [11.859999656677246:52.330001831054688] [-0.35753873962348437:0.74039073966007019] [-0.073180917682286184:0.075364333134955164] [-0.12187676960594984:0.078003472462632839]
tree_sizes=862 866 863 860 852 855 867 865 870 868 864 867 868 877 871

Tree=0
num_leaves=8
num_cat=0
split_feature=12 5 9 5 8 16 15
split_gain=1.39324 1.12659 0.969697 0.690741 0.906226 0.440109 0.492886
threshold=-0.039191714476565991 0.020860891897391123 0.0050857725931060535 0.009243761190861734 0.053637224562256954 0.037540405361806369 -0.0016269048108511484
decision_type=2 2 8 2 10 2 2
left_child=2 3 -1 4 -2 6 -5
right_child=1 -3 -4 5 -6 -7 -8
leaf_value=-0.0013180333762297003 -0.0015350629263616675 -0.0015831006627983852 -0.0020620098477515669 -0.0012939309202506736 -0.0012731434677457386 -0.0014111954153798317 -0.0011628376215873529
leaf_weight=30 29 28 25 215 39 25 359
leaf_count=30 29 28 25 215 39 25 359
internal_value=-0.00135443 -0.000748192 -0.00901503 -0.000335736 -0.00511129 0.000206397 0.000489243
internal_weight=750 695 55 667 68 599 574
internal_count=750 695 55 667 68 599 574
is_linear=0
shrinkage=1


Tree=1
num_leaves=8
num_cat=0
split_feature=2 12 5 8 16 4 4
split_gain=1.31249 0.514633 0.608781 0.819195 0.600686 0.421756 0.764814
threshold=-0.092526362883870603 -0.039191714476565991 0.009243761190861734 0.054658886626229093 0.037540405361806369 0.021049567599186306 0.022055282065123472
decision_type=2 2 2 10 2 2 2
left_child=-1 -2 3 -3 5 -4 -7
right_child=1 2 4 -5 -6 6 -8
leaf_value=-0.0007361626444974946 -0.00020721836781930605 -0.0002327193977735466 0.00012214181691823134 1.2687106952882268e-05 -0.00010075477380279836 -9.4285306900459171e-05 6.5641904171441146e-05
leaf_weight=39 39 30 325 38 27 46 190
leaf_count=39 39 30 325 38 27 46 190
internal_value=-0.000177112 0.000323741 0.000655488 -0.00382353 0.00117347 0.00152406 -8.47456e-05
internal_weight=734 695 656 68 588 561 236
internal_count=734 695 656 68 588 561 236
is_linear=0
shrinkage=0.05


Tree=2
num_leaves=8
num_cat=0
split_feature=5 12 5 14 16 1 1
split_gain=1.17646 1.04784 0.538038 0.83668 0.661457 0.491845 0.715515
threshold=0.020860891897391123 -0.046451976604296834 0.009243761190861734 0.018287022450050875 0.037540405361806369 0.02344511379962189 0.017624567427495966
decision_type=2 2 2 2 2 2 2
left_child=1 -1 3 -3 5 6 -4
right_child=-2 2 4 -5 -6 -7 -8
leaf_value=-0.00062846618048511443 -0.00025084981991208835 3.7126950110733893e-05 3.8119333468640978e-05 -0.00025225497693188439 -0.00011222548236499825 0.00017281888803437199 -0.0001773890924477333
leaf_weight=33 40 44 402 25 25 138 42
leaf_count=33 40 44 402 25 25 138 42
internal_value=-0.000407209 6.34699e-05 0.000488166 -0.00369565 0.000963756 0.00130584 0.000495496
internal_weight=749 709 676 69 607 582 444
internal_count=749 709 676 69 607 582 444
is_linear=0
shrinkage=0.05


Tree=3
num_leaves=8
num_cat=0
split_feature=4 9 13 8 7 0 14
split_gain=1.23154 1.01324 0.670498 0.977053 1.16298 0.4504 0.849672
threshold=0.024641626169309719 0.010277900349548454 18.335000038146976 -0.070374367336813001 -0.0086159448497387641 -0.013946217190186848 0.037142264963949019
decision_type=2 10 2 8 2 2 2
left_child=5 2 -2 -4 -5 -1 -7
right_child=1 -3 3 4 -6 6 -8
leaf_value=0.00026057498000197455 0.00024616584690665609 -0.00013154692671692164 0.0003095814466147664 -0.00067353518621342289 -2.9093424501717944e-05 3.1925529775682575e-05 -0.00019788299715135771
leaf_weight=57 28 41 54 34 28 406 95
leaf_count=57 28 41 54 34 28 406 95
internal_value=-0.00038358 -0.00391892 -0.00194444 -0.00362069 -0.00790323 0.000788531 0.000309381
internal_weight=743 185 144 116 62 558 501
internal_count=743 185 144 116 62 558 501
is_linear=0
shrinkage=0.05


Tree=4
num_leaves=8
num_cat=0
split_feature=12 5 5 12 16 6 6
split_gain=0.978432 0.760059 0.84303 1.05 0.704383 0.513319 1.13872
threshold=-0.046451976604296834 0.020860891897391123 0.009243761190861734 0.039535416571109601 0.03721388945227367 0.36522614342257392 1.0290938282310247
decision_type=2 2 2 2 2 2 2
left_child=-1 2 3 -2 5 -4 -7
right_child=1 -3 4 -5 -6 6 -8
leaf_value=-0.00032217792931884984 -0.0002250241754444413 -0.00023195490769829354 0.00011345147294919815 3.1271413333798285e-05 -9.5869449392556276e-05 -0.00017632541690535292 0.00020813540932058312
leaf_weight=46 42 28 425 28 26 75 76
leaf_count=46 42 28 425 28 26 75 76
internal_value=0.000107239 0.000571429 0.000907738 -0.00428571 0.00151163 0.001875 -0.000629139
internal_weight=746 700 672 70 602 576 151
internal_count=746 700 672 70 602 576 151
is_linear=0
shrinkage=0.05


Tree=5
num_leaves=8
num_cat=0
split_feature=5 11 8 3 5 3 9
split_gain=0.950345 1.26444 1.01577 1.55167 0.882453 0.8291 0.43588
threshold=0.015810612032015774 0.0070762794177224872 -0.074645198683475342 -0.0015056706758601599 0.009243761190861734 0.00059829335576344633 0.28324881333525459
decision_type=2 2 8 2 2 2 8
left_child=4 2 -2 -4 5 -1 -6
right_child=1 -3 3 -5 6 -7 -8
leaf_value=-0.00021303802523910963 0.00019746709377794821 2.3284861332111018e-05 -0.00084127914376141673 -0.00015868812543291789 7.2817620736497066e-05 2.70763438187069e-05 -1.8807106563707472e-05
leaf_weight=32 29 60 25 32 386 34 139
leaf_count=32 29 60 25 32 386 34 139
internal_value=-0.000291723 -0.00390411 -0.0077907 -0.0116667 0.000600677 -0.00484848 0.00128571
internal_weight=737 146 86 57 591 66 525
internal_count=737 146 86 57 591 66 525
is_linear=0
shrinkage=0.05


Tree=6
num_leaves=8
num_cat=0
split_feature=15 12 10 14 11 4 16
split_gain=1.01354 1.41696 1.1713 1.55219 0.984887 0.609396 0.608622
threshold=-0.0016269048108511484 -0.039191714476565991 0.0004408774644957259 0.00619378828642947 0.0084762607672295171 0.02302695111489178 0.037540405361806369
decision_type=2 2 2 2 2 2 2
left_child=1 -1 4 -4 5 -3 -2
right_child=6 2 3 -5 -6 -7 -8
leaf_value=-0.00065646795147558277 6.3734089686072381e-05 0.0001422140730919733 -5.8860230869746296e-05 -0.00061692956047748875 -0.00019239754549673876 -8.3330937624275493e-05 -3.3868116493141951e-05
leaf_weight=27 430 104 46 25 39 48 27
leaf_count=27 430 104 46 25 39 48 27
internal_value=-0.000294906 -0.00261246 -0.00148855 -0.00697183 0.000549738 0.00236842 0.00117068
internal_weight=746 289 262 71 191 152 457
internal_count=746 289 262 71 191 152 457
is_linear=0
shrinkage=0.05


Tree=7
num_leaves=8
num_cat=0
split_feature=2 3 10 10 1 2 1
split_gain=1.00335 0.341829 1.06073 0.721702 0.621261 0.422271 0.782044
threshold=-0.090648227032816317 -0.0033784969120224102 0.0011106724976560625 0.0056232600765477878 0.0122147901060794 -0.045237910303312971 0.0056536123764620036
decision_type=2 2 2 2 2 2 2
left_child=-1 2 4 -4 -2 -3 -7
right_child=1 5 3 -5 -6 6 -8
leaf_value=-0.0004121117688509207 9.7783088759196006e-05 0.00020295835589363882 -0.00013951791114332436 -0.00012442338325378911 -0.0001593065531745096 -6.6418935861879312e-05 0.00012398943771048558
leaf_weight=47 97 74 29 26 31 182 259
leaf_count=47 97 74 29 26 31 182 259
internal_value=0.000369128 0.000845272 -0.00101093 -0.00681818 0.00148438 0.00150485 0.000918368
internal_weight=745 698 183 55 128 515 441
internal_count=745 698 183 55 128 515 441
is_linear=0
shrinkage=0.05


Tree=8
num_leaves=8
num_cat=0
split_feature=14 10 1 1 10 10 13
split_gain=0.644758 1.78274 0.602965 1.0652 0.672354 0.552138 0.656768
threshold=0.037142264963949019 -0.00045040499871334955 0.0058971485018832768 0.0029294617383514025 0.003711171639750988 0.0057884366035171339 18.904999732971195
decision_type=2 2 2 2 2 2 2
left_child=2 -2 3 4 -1 -6 -7
right_child=1 -3 -4 -5 5 6 -8
leaf_value=9.632781960185851e-05 -4.5257786850917021e-05 -0.00022877465502397457 7.3937431839928082e-05 -0.00024059818550133339 -0.00012163678628476986 0.00011883101821279011 -0.00061105927523483021
leaf_weight=153 157 26 302 27 25 49 25
leaf_count=153 157 26 302 27 25 49 25
internal_value=0.000484293 -0.00210382 0.00129948 -0.000376344 0.000634921 -0.00257576 -0.000405405
internal_weight=764 183 581 279 252 99 74
internal_count=764 183 581 279 252 99 74
is_linear=0
shrinkage=0.05


Tree=9
num_leaves=8
num_cat=0
split_feature=14 10 16 9 15 8 3
split_gain=0.57033 1.5984 0.633164 0.586046 0.827334 0.476389 0.394677
threshold=0.037142264963949019 -0.00045040499871334955 0.0065756422602926143 0.28324881333525459 -0.0017855528893002679 0.028664279770703186 -0.0054137623565690953
decision_type=2 2 2 8 2 8 2
left_child=3 2 -2 6 -5 -6 -1
right_child=1 -3 -4 4 5 -7 -8
leaf_value=-5.8518511784050439e-06 0.00012854230067678947 -0.0001957074313443042 -0.00023597182542824092 -0.00029875671258380323 0.00016414501793219282 -5.1162369446594596e-05 6.7805786963814839e-05
leaf_weight=50 108 28 46 28 48 42 394
leaf_count=50 108 28 46 28 48 42 394
internal_value=0.000564516 -0.00186813 0.00012987 0.00135231 -0.00177966 0.000555556 0.00218468
internal_weight=744 182 154 562 118 90 444
internal_count=744 182 154 562 118 90 444
is_linear=0
shrinkage=0.05


Tree=10
num_leaves=8
num_cat=0
split_feature=16 5 12 16 0 0 8
split_gain=0.899988 0.754871 0.971588 0.555736 0.465088 0.913638 0.755315
threshold=-0.039503255431099886 0.009243761190861734 0.039535416571109601 0.037540405361806369 -0.006361301415140296 -0.012041891937288605 0.022737446942890819
decision_type=2 2 2 2 2 2 8
left_child=-1 2 -2 4 5 -3 -7
right_child=1 3 -4 -5 -6 6 -8
leaf_value=-0.0010093620542945528 -0.00015296638352379216 0.00019534391502701532 1.9945516023970176e-05 -7.3684659230930974e-05 8.0138875169047635e-05 -0.00014083321232959164 0.00010963363325635469
leaf_weight=25 43 91 27 28 474 31 30
leaf_count=25 43 91 27 28 474 31 30
internal_value=0.000327103 0.000649171 -0.00428571 0.00117737 0.00148562 -0.000921052 -0.00565574
internal_weight=749 724 70 654 626 152 61
internal_count=749 724 70 654 626 152 61
is_linear=0
shrinkage=0.05


Tree=11
num_leaves=8
num_cat=0
split_feature=15 15 8 6 6 5 14
split_gain=0.798544 1.51813 0.727273 0.404645 0.850663 0.547342 0.442771
threshold=-0.0057908468755489819 -0.0084579474537897475 -0.063415228812171862 0.36522614342257392 0.65339456235190807 0.0091880332747185708 -0.061929277885563232
decision_type=2 2 10 2 2 2 2
left_child=1 2 -1 5 -5 -2 -6
right_child=3 -3 -4 4 6 -7 -8
leaf_value=-0.000255565385757268 -8.5575168912008505e-05 -0.00021020999930935311 0.00016361940104943909 -9.548942834532173e-05 -0.00013366364023903408 8.2189906670287197e-05 0.00011576667259636928
leaf_weight=33 48 49 66 34 25 409 83
leaf_count=33 48 49 66 34 25 409 83
internal_value=0.000180723 -0.00310811 0.000454546 0.000993322 -0.00133803 0.00171772 0.000833334
internal_weight=747 148 99 599 142 457 108
internal_count=747 148 99 599 142 457 108
is_linear=0
shrinkage=0.05


Tree=12
num_leaves=8
num_cat=0
split_feature=5 16 1 9 4 0 1
split_gain=0.756418 0.916969 0.79431 0.670746 0.774642 1.57958 0.680852
threshold=0.020860891897391123 0.037540405361806369 0.023222223369194887 -0.010490567254461068 0.02302695111489178 -0.0059420113847422065 -0.015625840131260556
decision_type=2 2 2 8 2 2 2
left_child=1 2 3 -1 6 -6 -5
right_child=-2 -3 -4 4 5 -7 -8
leaf_value=0.00010535935872706497 -0.00021305038443688673 -9.7372069073630891e-05 0.000126621960213176 0.00021267346698714305 -0.00049788782264780613 5.5082229966745373e-05 -3.3057777596002534e-05
leaf_weight=126 38 25 148 82 31 37 247
leaf_count=126 38 25 148 82 31 37 247
internal_value=2.72481e-05 0.000402299 0.000752608 -0.000162524 -0.00117128 -0.00602941 -0.000167173
internal_weight=734 696 671 523 397 68 329
internal_count=734 696 671 523 397 68 329
is_linear=0
shrinkage=0.05


Tree=13
num_leaves=8
num_cat=0
split_feature=16 15 13 5 3 0 14
split_gain=0.869666 0.570959 0.627639 0.620253 0.978057 0.705405 0.571198
threshold=-0.039503255431099886 0.0003879222707203756 12.925000190734865 0.012624510737340137 0.0030058837319074665 -0.00018985106398566873 0.038811658900465458
decision_type=2 2 2 2 2 2 2
left_child=-1 2 -2 -4 5 -5 -3
right_child=1 6 3 4 -6 -7 -8
leaf_value=-0.00092935607556146073 -8.3882401786966037e-05 5.4875055319528525e-05 9.4892965919035293e-05 3.1970508970820209e-05 -0.00026995292115204939 -0.00010802163719729437 -0.0001085491208702822
leaf_weight=25 26 347 158 103 28 27 31
leaf_count=25 26 347 158 103 28 27 31
internal_value=0.000167785 0.000486111 -0.000994152 -0.000379747 -0.00259494 -0.000769231 0.0018254
internal_weight=745 720 342 316 158 130 378
internal_count=745 720 342 316 158 130 378
is_linear=0
shrinkage=0.05


Tree=14
num_leaves=8
num_cat=0
split_feature=16 15 16 5 5 5 1
split_gain=0.715357 0.689694 0.784882 0.560513 0.533605 0.486179 0.681029
threshold=-0.028867492391771773 0.0003879222707203756 0.037540405361806369 0.009243761190861734 0.015395756408398452 0.010989120602666493 0.0016542054063540814
decision_type=2 2 2 2 2 2 2
left_child=4 3 -3 -2 -1 -5 -7
right_child=1 2 -4 5 -6 6 -8
leaf_value=4.1660776560340233e-05 -0.00015791869160268964 8.6828317768266401e-05 -8.7493169229015062e-05 7.2346140394360093e-05 -0.00088288827178338754 2.4231708165411066e-05 -0.00014172410185425084
leaf_weight=26 37 337 26 72 25 100 96
leaf_count=26 37 337 26 72 25 100 96
internal_value=-7.64949e-05 0.000359282 0.00183196 -0.00139344 -0.00578431 -0.000597015 -0.00188775
internal_weight=719 668 363 305 51 268 196
internal_count=719 668 363 305 51 268 196
is_linear=0
shrinkage=0.05


end of trees

feature_importances:
parkinson_20=16
sector_ret_5d=12
ret_5d=9
dist_ma50=7
spy_ret_1d=7
spy_ret_20d=7
vix_chg_1d=7
sector_ret_1d=7
ret_1d=5
overnight_gap=5
atr_pct=5
dist_ma200=5
dvol_z_20=4
ret_20d=3
vix_level=3
spy_ret_5d=2
dist_ma20=1

parameters:
[boosting: gbdt]
[objective: quantile]
[metric: quantile]
[tree_learner: serial]
[device_type: cpu]
[data_sample_strategy: bagging]
[data: ]
[valid: ]
[num_iterations: 80]
[learning_rate: 0.05]
[num_leaves: 8]
[num_threads: 1]
[seed: 0]
[deterministic: 0]
[force_col_wise: 1]
[force_row_wise: 0]
[histogram_pool_size: -1]
[max_depth: -1]
[min_data_in_leaf: 25]
[min_sum_hessian_in_leaf: 0.001]
[bagging_fraction: 0.9]
[pos_bagging_fraction: 1]
[neg_bagging_fraction: 1]
[bagging_freq: 1]
[bagging_seed: 3]
[bagging_by_query: 0]
[feature_fraction: 0.9]
[feature_fraction_bynode: 1]
[feature_fraction_seed: 2]
[extra_trees: 0]
[extra_seed: 6]
[early_stopping_round: 0]
[early_stopping_min_delta: 0]
[first_metric_only: 0]
[max_delta_step: 0]
[lambda_l1: 0]
[lambda_l2: 0]
[linear_lambda: 0]
[min_gain_to_split: 0]
[drop_rate: 0.1]
[max_drop: 50]
[skip_drop: 0.5]
[xgboost_dart_mode: 0]
[uniform_drop: 0]
[drop_seed: 4]
[top_rate: 0.2]
[other_rate: 0.1]
[min_data_per_group: 100]
[max_cat_threshold: 32]
[cat_l2: 10]
[cat_smooth: 10]
[max_cat_to_onehot: 4]
[top_k: 20]
[monotone_constraints: ]
[monotone_constraints_method: basic]
[monotone_penalty: 0]
[feature_contri: ]
[forcedsplits_filename: ]
[refit_decay_rate: 0.9]
[cegb_tradeoff: 1]
[cegb_penalty_split: 0]
[cegb_penalty_feature_lazy: ]
[cegb_penalty_feature_coupled: ]
[path_smooth: 0]
[interaction_constraints: ]
[verbosity: -1]
[saved_feature_importance_type: 0]
[use_quantized_grad: 0]
[num_grad_quant_bins: 4]
[quant_train_renew_leaf: 0]
[stochastic_rounding: 1]
[linear_tree: 0]
[max_bin: 255]
[max_bin_by_feature: ]
[min_data_in_bin: 3]
[bin_construct_sample_cnt: 200000]
[data_random_seed: 1]
[is_enable_sparse: 1]
[enable_bundle: 1]
[use_missing: 1]
[zero_as_missing: 0]
[feature_pre_filter: 1]
[pre_partition: 0]
[two_round: 0]
[header: 0]
[label_column: ]
[weight_column: ]
[group_column: ]
[ignore_column: ]
[categorical_feature: ]
[forcedbins_filename: ]
[precise_float_parser: 0]
[parser_config_file: ]
[objective_seed: 5]
[num_class: 1]
[is_unbalance: 0]
[scale_pos_weight: 1]
[sigmoid: 1]
[boost_from_average: 1]
[reg_sqrt: 0]
[alpha: 0.1]
[fair_c: 1]
[poisson_max_delta_step: 0.7]
[tweedie_variance_power: 1.5]
[lambdarank_truncation_level: 30]
[lambdarank_norm: 1]
[label_gain: ]
[lambdarank_position_bias_regularization: 0]
[eval_at: ]
[multi_error_top_k: 1]
[auc_mu_weights: ]
[num_machines: 1]
[local_listen_port: 12400]
[time_out: 120]
[machine_list_filename: ]
[machines: ]
[gpu_platform_id: -1]
[gpu_device_id: -1]
[gpu_device_id_list: ]
[gpu_use_dp: 0]
[num_gpu: 1]

end of parameters

pandas_categorical:[]
