tree
version=v4
num_class=1
num_tree_per_iteration=1
label_index=0
max_feature_idx=16
objective=quantile
feature_names=ret_1d ret_5d ret_20d overnight_gap atr_pct parkinson_20 dvol_z_20 dist_ma20 dist_ma50 dist_ma200 spy_ret_1d spy_ret_5d spy_ret_20d vix_level vix_chg_1d sector_ret_1d sector_ret_5d
feature_infos=[-0.17783909445828572:0.1884226427309823] [-0.18527127388689768:0.27987464113548621] [-0.30475037131181237:0.46889501199755323] [-0.18097448040029751:0.13876006084209092] [0.017159906170768194:0.088225705291889556] [0.010833935563563464:0.043956454779842911] [-2.1086044257688021:4.2731307532535414] [-0.19860690742093035:0.24898120180092231] [-0.29055622410278814:0.30047968389133328] [-0.14887490550388061:0.46812296736927772] [-0.058542971330535654:0.10501930183911301] [-0.11496151859245618:0.082843162776128354] [-0.1226559005192206:0.15756591020035837] [11.859999656677246:52.330001831054688] [-0.35753873962348437:0.74039073966007019] [-0.060400368534546778:0.10888055657805773] [-0.11617886647053255:0.1006018727753657]
tree_sizes=823 850 861 851 852 851 859 838 856 860 857 863 861 857 858 864 865 851 867 854 857 868 863 865 858 871 863 864 864 855 861 871 857 860 860 868 856 862 869 861 850 857 859 855 851 857 863 865 862 862 858 856 863 871 862 860 858 853 858 866 859 862 866 856 863 853 859 860 865 853 840 862 870 857 850 856 868 863 865 866

Tree=0
num_leaves=8
num_cat=0
split_feature=1 13 7 7 14 4 9
split_gain=3.95745 2.46318 2.03778 2.10013 2.01309 2.12046 1.68985
threshold=-0.054896983311249585 16.164999961853031 -0.048097377289536607 -0.11514194405430227 -0.036136320679139293 0.043058290272495088 0.23358352174156019
decision_type=2 2 2 2 2 2 10
left_child=2 -2 3 -1 -3 6 -6
right_child=1 4 -4 -5 5 -7 -8
leaf_value=0.013512354670092463 0.012297062622383236 0.012636130023747683 0.012760367942973971 0.012276279833167791 0.012281463528051973 0.012642238335683943 0.012796861259266734
leaf_weight=29 316 100 27 33 159 55 31
leaf_count=29 316 100 27 33 159 55 31
internal_value=0.0123731 0.0110404 0.0222713 0.0172785 0.0139615 0.0115214 0.00901876
internal_weight=750 661 89 62 345 245 190
internal_count=750 661 89 62 345 245 190
is_linear=0
shrinkage=1


Tree=1
num_leaves=8
num_cat=0
split_feature=5 11 12 11 4 12 1
split_gain=4.61704 2.19203 2.37414 1.72979 1.37705 1.31903 1.67035
threshold=0.024772252490924442 -0.006050582259528702 -0.011160123859114189 -0.021243807178240256 0.03436106240732039 -0.022997185287748575 0.013041153005309837
decision_type=2 2 2 2 2 2 2
left_child=1 2 3 -1 -4 -2 -7
right_child=5 -3 4 -5 -6 6 -8
leaf_value=0.00011660078074783084 0.00071344127412885426 -0.00012267059413716193 8.6861799936741556e-05 -0.0002307675802148879 0.00067739663179963835 0.00030179189750924708 -4.8677718732506076e-05
leaf_weight=37 27 468 69 29 28 37 39
leaf_count=37 27 468 69 29 28 37 39
internal_value=0.00013624 -0.00146593 0.00352761 -0.00378788 0.00850515 0.00995146 0.00657895
internal_weight=734 631 163 66 97 103 76
internal_count=734 631 163 66 97 103 76
is_linear=0
shrinkage=0.05


Tree=2
num_leaves=8
num_cat=0
split_feature=4 16 11 0 3 8 14
split_gain=3.43731 2.40203 1.79755 1.69397 1.65042 2.00275 1.88109
threshold=0.043058290272495088 -0.024955154163456002 0.00036209902272010824 0.037682817094585992 -0.0088047656560408232 -0.001648783284037558 -0.034895651013681799
decision_type=2 2 2 2 2 8 2
left_child=3 -2 -3 4 5 -1 -6
right_child=1 2 -4 -5 6 -7 -8
leaf_value=-5.637844558805229e-05 0.00050055673881433912 -4.2737614596262582e-05 0.00025826683721970767 0.00045387745357584213 9.2204753425903602e-05 0.0002546881375019439 -0.00017920899682212621
leaf_weight=36 29 34 71 25 141 42 371
leaf_count=36 29 34 71 25 141 42 371
internal_value=-0.000166889 0.00708955 0.00357143 -0.00174797 -0.00228814 0.00448718 -0.00332031
internal_weight=749 134 105 615 590 78 512
internal_count=749 134 105 615 590 78 512
is_linear=0
shrinkage=0.05


Tree=3
num_leaves=8
num_cat=0
split_feature=16 4 14 1 12 6 11
split_gain=3.11875 2.31883 2.078 2.24953 1.9103 1.88005 1.94065
threshold=-0.025663035668621766 0.043667653147322731 -0.067583665573298909 0.025939790391496412 -0.010634821304977891 0.071167684493179756 -0.007815536271506494
decision_type=2 2 2 2 2 2 2
left_child=1 4 3 -2 -1 -4 -7
right_child=2 -3 5 -5 -6 6 -8
leaf_value=-0.00013160082930698997 0.00033843424158985731 0.00043993751095840709 -0.0001354873323522043 -0.00014803959312848747 0.00043406598037690853 0.00072892933373805142 -2.239406364969907e-05
leaf_weight=37 51 29 386 30 31 27 152
leaf_count=37 51 29 386 30 31 27 152
internal_value=-0.000370121 0.00798969 -0.00162539 0.0058642 0.00294118 -0.00269912 0.00153631
internal_weight=743 97 646 81 68 565 179
internal_count=743 97 646 81 68 565 179
is_linear=0
shrinkage=0.05


Tree=4
num_leaves=8
num_cat=0
split_feature=5 16 1 15 14 2 12
split_gain=3.24325 1.92961 1.76315 1.72391 1.71237 1.56931 1.58678
threshold=0.024190711602164999 -0.018679399174593932 -0.038261039290899627 0.0039331537620213028 0.070306169308441371 0.0024633626668431057 0.035909029638549812
decision_type=2 2 2 2 2 2 2
left_child=2 -2 3 4 -1 -3 -7
right_child=1 5 -4 -5 -6 6 -8
leaf_value=0.00031066975988200282 0.00074271414679416927 0.00028743115069228227 -0.00010581318717479008 -0.00016327705120202157 -5.3567100739747303e-06 -0.00029979828277719212 0.0002332024840990198
leaf_weight=46 26 40 529 27 26 25 27
leaf_count=46 26 40 529 27 26 25 27
internal_value=-0.000402145 0.00720339 -0.00183121 0.00429293 0.00833333 0.00380435 -0.00192308
internal_weight=746 118 628 99 72 92 52
internal_count=746 118 628 99 72 92 52
is_linear=0
shrinkage=0.05


Tree=5
num_leaves=8
num_cat=0
split_feature=1 11 11 0 3 3 1
split_gain=2.21896 2.06952 2.63417 1.85238 1.71211 1.58452 1.57743
threshold=-0.08968391874817265 0.02306163879140322 0.01081338505568419 0.022910442491656528 0.0053157501403401372 0.007052558856420533 0.021073611510724625
decision_type=2 2 2 2 2 2 2
left_child=-1 2 3 4 -2 -3 -4
right_child=1 5 6 -5 -6 -7 -8
leaf_value=0.00032023720609941674 1.7313169186250823e-05 7.4592907263002376e-05 -7.2845991114430921e-05 0.00024614494464788005 -0.00017336436221753322 0.00066577937122085866 -0.00020174441381385261
leaf_weight=50 306 60 74 55 76 28 88
leaf_count=50 306 60 74 55 76 28 88
internal_value=-0.000169607 -0.000909753 -0.0019616 5.72082e-05 -0.00117801 0.00625 -0.00740741
internal_weight=737 687 599 437 382 88 162
internal_count=737 687 599 437 382 88 162
is_linear=0
shrinkage=0.05


Tree=6
num_leaves=8
num_cat=0
split_feature=13 8 9 9 15 9 0
split_gain=3.24184 2.10696 1.80393 1.75808 1.61873 1.57417 1.44438
threshold=16.164999961853031 -0.088981483448416485 0.13738179531287345 -0.072212528397538209 0.011972124907221106 0.049443298704373813 -0.003482700086456791
decision_type=2 8 10 10 2 8 2
left_child=6 3 4 -2 5 -3 -1
right_child=1 2 -4 -5 -6 -7 -8
leaf_value=4.6753117859619709e-06 0.0007081729851462535 1.8447066353764146e-05 0.00014557197294910216 0.00015957670103233947 0.00017014171805595035 -0.00017910117135099511 -0.00016962271012416097
leaf_weight=126 36 95 109 30 38 106 206
leaf_count=126 36 95 109 30 38 106 206
internal_value=-0.000536193 0.00241546 0.000862069 0.0106061 -0.00156904 -0.00335821 -0.00421687
internal_weight=746 414 348 66 239 201 332
internal_count=746 414 348 66 239 201 332
is_linear=0
shrinkage=0.05


Tree=7
num_leaves=8
num_cat=0
split_feature=5 3 11 11 12 12 7
split_gain=2.84082 1.78442 1.85272 2.3338 1.63975 1.38836 1.2032
threshold=0.024772252490924442 0.017434924843702241 0.011742947758078383 0.019179082572346465 0.033234518551448107 0.050860094870715973 -0.0039282610929688424
decision_type=2 2 2 2 2 2 2
left_child=1 2 5 6 -5 -1 -4
right_child=-2 -3 3 4 -6 -7 -8
leaf_value=-2.2889644318031726e-05 0.00018812119569501531 0.00014777121131039056 -4.7131902513877346e-05 -0.00010769895284468839 0.00030461213715213817 0.00025193119783637667 -0.0002229333604627802
leaf_weight=391 106 26 32 46 42 33 69
leaf_count=391 106 26 32 46 42 33 69
internal_value=-3.3557e-05 -0.00129108 -0.00183524 -0.00595238 0 0 -0.0111386
internal_weight=745 639 613 189 88 424 101
internal_count=745 639 613 189 88 424 101
is_linear=0
shrinkage=0.05


Tree=8
num_leaves=8
num_cat=0
split_feature=13 0 13 12 12 10 8
split_gain=2.19511 2.10306 1.81381 1.60371 2.26258 2.00414 2.67273
threshold=16.85000038146973 0.023200919210219054 24.630000114440922 0.021636066325832374 0.025891209658118756 0.0054892456255208897 -0.051626543467753798
decision_type=2 2 2 2 2 2 10
left_child=3 2 -2 -1 -5 6 -6
right_child=1 -3 -4 4 5 -7 -8
leaf_value=-0.00015846434561855134 -7.3810559123723562e-06 0.00047542291666719433 0.0005784097900892566 0.00024552372683302529 -0.00021280814077096738 0.00021916623204278705 -4.0632007768254742e-05
leaf_weight=153 263 56 42 29 33 56 132
leaf_count=153 263 56 42 29 33 56 132
internal_value=-0.00013089 0.00270083 0.00106557 -0.00266749 -0.0002 -0.00192308 -0.00469697
internal_weight=764 361 305 403 250 221 165
internal_count=764 361 305 403 250 221 165
is_linear=0
shrinkage=0.05


Tree=9
num_leaves=8
num_cat=0
split_feature=13 8 12 12 12 15 14
split_gain=2.69413 1.67848 1.61865 1.90014 1.84537 1.70534 1.65527
threshold=16.164999961853031 -0.077902358184302342 0.021636066325832374 0.025891209658118756 0.015576127060618618 0.0056666960618533277 0.0091478412114857095
decision_type=2 8 2 2 2 2 2
left_child=2 -2 4 -4 5 6 -1
right_child=1 -3 3 -5 -6 -7 -8
leaf_value=0.00010339900353414505 0.00046705534451327139 1.648003139611328e-05 0.00023443256062629422 -9.0109588685852223e-05 -0.00035396121540062769 -0.00019542548176170287 -0.00032000502351422783
leaf_weight=26 78 333 26 192 28 32 29
leaf_count=26 78 333 26 192 28 32 29
internal_value=-0.000336022 0.00237226 -0.00367868 -0.00114679 -0.00847826 -0.00488506 0.000454545
internal_weight=744 411 333 218 115 87 55
internal_count=744 411 333 218 115 87 55
is_linear=0
shrinkage=0.05


Tree=10
num_leaves=8
num_cat=0
split_feature=16 11 2 0 2 5 6
split_gain=2.04703 1.97145 1.4453 2.59308 1.64771 1.4652 1.27635
threshold=-0.023766570853827659 0.030456438390909838 0.089360705505669338 -0.003482700086456791 0.045767513874585448 0.017958562263404382 -0.020872553419565395
decision_type=2 2 2 2 2 2 2
left_child=-1 2 4 5 -2 -4 -3
right_child=1 6 3 -5 -6 -7 -8
leaf_value=0.00017991628271821268 -5.3095610433510826e-05 9.2381407221851612e-06 -6.9810077413415018e-05 -0.00020524961261693582 0.0001249057867989346 0.0001678882471399096 0.00087650844388426877
leaf_weight=102 328 28 26 123 88 28 26
leaf_count=102 328 28 26 123 88 28 26
internal_value=-0.000700935 -0.00173879 -0.00257167 -0.00635593 -0.000961538 0.00277778 0.00740741
internal_weight=749 647 593 177 416 54 54
internal_count=749 647 593 177 416 54 54
is_linear=0
shrinkage=0.05


Tree=11
num_leaves=8
num_cat=0
split_feature=5 11 11 0 0 4 7
split_gain=2.21907 1.50078 3.39477 1.8616 1.97887 1.8441 1.80449
threshold=0.024935200044661297 0.011258220737919157 0.021459782264152908 0.022910442491656528 -0.0027839811583807435 0.037952111582690441 -0.0053557881880560423
decision_type=2 2 2 2 2 2 2
left_child=1 3 6 4 -1 -4 -3
right_child=-2 2 5 -5 -6 -7 -8
leaf_value=4.3423620009585327e-05 0.00019445356426748837 -2.8706088431724921e-05 0.00024284657848262886 0.00026336489905412193 -0.00014588636483261761 -0.00011046058759884214 -0.00022406075543661273
leaf_weight=192 102 38 59 47 191 25 93
leaf_count=192 102 38 59 47 191 25 93
internal_value=-0.000970549 -0.00205426 -0.00546512 -0.000348837 -0.00150131 0.00238095 -0.0104962
internal_weight=747 645 215 430 383 84 131
internal_count=747 645 215 430 383 84 131
is_linear=0
shrinkage=0.05


Tree=12
num_leaves=8
num_cat=0
split_feature=13 12 0 8 6 0 0
split_gain=2.15255 2.16541 1.78506 1.68175 1.29261 1.52561 1.9601
threshold=16.164999961853031 0.021636066325832374 0.023200919210219054 -0.088981483448416485 0.071167684493179756 -0.0093271115609389037 -0.003482700086456791
decision_type=2 2 2 8 2 2 2
left_child=1 -1 3 -2 5 -3 -7
right_child=2 4 -4 -5 -6 6 -8
leaf_value=-0.00014519899066675596 0.00038843895122707206 -0.0001737912639343589 0.00043207674272488543 -2.4963662218663916e-05 0.0001212930675921895 0.00028977651138920957 -0.00011664896925395741
leaf_weight=113 54 25 56 299 75 25 87
leaf_count=113 54 25 56 299 75 25 87
internal_value=-0.000885559 -0.00392308 0.00152812 0.000212465 -0.000943396 -0.00383212 -0.00133929
internal_weight=734 325 409 353 212 137 112
internal_count=734 325 409 353 212 137 112
is_linear=0
shrinkage=0.05


Tree=13
num_leaves=8
num_cat=0
split_feature=13 14 12 6 13 10 5
split_gain=2.37925 1.82368 1.70523 1.68384 1.56738 1.44327 1.33333
threshold=15.654999732971193 -0.04578454363779693 0.021636066325832374 1.0000000180025095e-35 14.734999656677248 0.0054892456255208897 0.015334349079669098
decision_type=2 2 2 2 2 2 2
left_child=2 -2 4 5 -1 6 -4
right_child=1 -3 3 -5 -6 -7 -8
leaf_value=-0.0002522565233945011 0.00018994765752861848 -6.2277655682064545e-06 -1.0276655614094733e-06 0.00022416657637921967 -0.00011408392982663286 0.00010107750626074403 -0.00015265363309511948
leaf_weight=47 111 361 32 64 33 33 64
leaf_count=47 111 361 32 64 33 33 64
internal_value=-0.000771812 0.00137712 -0.00448718 -0.00194301 -0.010625 -0.00523256 -0.00833333
internal_weight=745 472 273 193 80 129 96
internal_count=745 472 273 193 80 129 96
is_linear=0
shrinkage=0.05


Tree=14
num_leaves=8
num_cat=0
split_feature=5 11 0 3 8 8 12
split_gain=3.05536 1.53139 1.89534 2.77723 2.01803 2.07377 1.63759
threshold=0.024935200044661297 0.01081338505568419 0.022910442491656528 -0.0026302741806078496 0.013202213397426889 -0.082407743409120479 0.056550523071576715
decision_type=2 2 2 2 10 10 2
left_child=1 2 3 4 5 -1 -3
right_child=-2 6 -4 -5 -6 -7 -8
leaf_value=0.0003321014099089339 0.00028866304675012638 -6.0775916752321517e-05 0.00024105531885406899 -0.00014434531169218594 0.00021803314221121792 -0.00014811020819089423 -0.0002460611537349486
leaf_weight=31 93 187 50 217 63 49 29
leaf_count=31 93 187 50 217 63 49 29
internal_value=-0.00066064 -0.00191693 -0.000121951 -0.00138889 0.00402098 -0.00125 -0.00532407
internal_weight=719 626 410 360 143 80 216
internal_count=719 626 410 360 143 80 216
is_linear=0
shrinkage=0.05


Tree=15
num_leaves=8
num_cat=0
split_feature=16 14 3 1 11 1 10
split_gain=1.44611 2.13086 1.75206 1.60436 1.49626 1.35044 1.34443
threshold=-0.023766570853827659 -0.067583665573298909 -0.0043136849896951981 0.025939790391496412 0.016655619585763119 0.034135688930704074 0.003711171639750988
decision_type=2 2 2 2 2 2 2
left_child=-1 3 6 -2 -4 -6 -3
right_child=1 2 4 -5 5 -7 -8
leaf_value=0.00010847059802591638 0.0003945798161346251 7.1846031674836774e-05 -0.00014074968021236527 -6.918582838517027e-05 0.00015109785299468551 -0.00011131330505900865 -0.00016749849697490164
leaf_weight=105 47 126 297 31 54 52 31
leaf_count=105 47 126 297 31 54 52 31
internal_value=-0.000437416 -0.00133229 -0.00241071 0.00641026 -0.00415633 0.000943396 0.00207006
internal_weight=743 638 560 78 403 106 157
internal_count=743 638 560 78 403 106 157
is_linear=0
shrinkage=0.05


Tree=16
num_leaves=8
num_cat=0
split_feature=13 2 7 3 8 0 15
split_gain=1.40207 1.97347 2.94704 2.73696 1.91932 1.85326 1.96113
threshold=15.654999732971193 0.044886968852938532 0.025486582159552577 7.5068193101213168e-05 -0.13020269200895038 0.0062970324216105053 0.0067847941330940751
decision_type=2 2 2 2 8 2 2
left_child=1 -1 -3 -4 -2 6 -6
right_child=4 2 3 -5 5 -7 -8
leaf_value=-0.00014244044952166371 0.00058388891813710602 0.00024902526034042749 5.1634600939763284e-05 -0.00015791504321738649 -7.5738575030091794e-06 9.1795914377639182e-05 -0.00015059824182447258
leaf_weight=122 38 29 66 74 225 160 43
leaf_count=122 38 29 66 74 225 160 43
internal_value=-0.000627477 -0.00335052 0.000147929 -0.00285714 0.00107296 0.000116822 -0.00242537
internal_weight=757 291 169 140 466 428 268
internal_count=757 291 169 140 466 428 268
is_linear=0
shrinkage=0.05


Tree=17
num_leaves=8
num_cat=0
split_feature=5 11 6 14 6 6 9
split_gain=2.12179 1.6682 1.52693 1.37957 1.17907 2.14712 0.939923
threshold=0.026675515444500645 -0.006050582259528702 0.088562984810540687 0.12307845124318741 0.071167684493179756 -0.55219067012938361 0.34556624230879668
decision_type=2 2 2 2 2 2 10
left_child=1 3 -2 4 5 -1 -3
right_child=2 6 -4 -5 -6 -7 -8
leaf_value=0.00032485617504453409 1.7718885536904644e-05 -3.5005479704679646e-05 0.00063224350045634986 -1.9998381569087806e-05 0.00051078772707089206 -0.00015537061579638941 -0.00016663391995803544
leaf_weight=40 45 438 29 26 50 49 69
leaf_count=40 45 438 29 26 50 49 69
internal_value=-0.000603217 -0.0014881 0.00743243 0.00287879 0.00485612 0.00140449 -0.00290927
internal_weight=746 672 74 165 139 89 507
internal_count=746 672 74 165 139 89 507
is_linear=0
shrinkage=0.05


Tree=18
num_leaves=8
num_cat=0
split_feature=14 16 4 4 16 1 15
split_gain=1.34875 1.48856 2.03192 2.27971 1.66426 1.92667 1.59872
threshold=-0.093449770795740669 -0.023766570853827659 0.026791474570891975 0.039430124831927198 -0.0020623974908921534 -0.043700928772590068 0.0031447373534688743
decision_type=2 2 2 2 2 2 2
left_child=-1 2 -2 -4 5 -3 -6
right_child=1 4 3 -5 6 -7 -8
leaf_value=0.00013849630275700552 0.00025219351208709181 0.00015298651114467425 -0.00017857252895045535 0.00050229835763184458 6.0283808425770424e-05 -0.00015135196426968174 -7.4366481897548097e-05
leaf_weight=51 25 25 30 39 208 161 214
leaf_count=51 25 25 30 39 208 161 214
internal_value=-0.000498008 -0.00106838 0.00478723 0.000362319 -0.00197368 -0.00591398 -0.000236967
internal_weight=753 702 94 69 608 186 422
internal_count=753 702 94 69 608 186 422
is_linear=0
shrinkage=0.05


Tree=19
num_leaves=8
num_cat=0
split_feature=13 12 12 2 9 12 14
split_gain=1.76226 1.25655 1.81 1.82994 1.6725 2.23276 1.97094
threshold=16.164999961853031 0.021636066325832374 0.015576127060618618 0.03273401346096539 0.33508866762781858 0.028151180192127593 0.021982133330242685
decision_type=2 2 2 2 10 2 2
left_child=1 2 3 -1 5 -3 -7
right_child=-2 4 -4 -5 -6 6 -8
leaf_value=-0.00018633630618938372 1.9223007770264191e-05 0.00019842493536550694 -0.0002869392062549105 7.4427070378964549e-05 -0.00015458389986525625 1.3664980804262411e-05 -0.00018628125296659762
leaf_weight=55 410 35 30 31 41 107 30
leaf_count=55 410 35 30 31 41 107 30
internal_value=-0.000845737 -0.00357143 -0.00775862 -0.00406977 -0.00129108 0.000872093 -0.0020073
internal_weight=739 329 116 86 213 172 137
internal_count=739 329 116 86 213 172 137
is_linear=0
shrinkage=0.05


Tree=20
num_leaves=8
num_cat=0
split_feature=9 1 11 9 9 0 9
split_gain=2.01049 2.1014 1.44873 1.57119 1.41492 1.67208 1.50113
threshold=0.33508866762781858 0.046531599090231864 0.019179082572346465 -0.08881046261895463 0.06066060568748833 0.023200919210219054 0.13738179531287345
decision_type=10 2 2 10 10 2 10
left_child=2 -2 4 -4 5 -1 -6
right_child=1 -3 3 -5 6 -7 -8
leaf_value=1.0122306847341023e-05 -6.301871448042102e-05 -0.00030884442045571014 -9.9487925527257716e-05 0.0002252906318735649 -9.9775315134530585e-05 0.00049884016810785995 -7.2217668229871036e-06
leaf_weight=283 49 30 31 85 86 32 155
leaf_count=283 49 30 31 85 86 32 155
internal_value=-0.000366178 -0.00791139 0.000520833 0.00560345 -0.000539568 0.00166667 -0.00342324
internal_weight=751 79 672 116 556 315 241
internal_count=751 79 672 116 556 315 241
is_linear=0
shrinkage=0.05


Tree=21
num_leaves=8
num_cat=0
split_feature=3 16 7 0 14 15 15
split_gain=1.29448 1.72817 1.53954 2.10481 1.67435 1.57213 1.74822
threshold=0.017434924843702241 0.050930025414572262 0.077629667277851491 -0.0011683008795067005 -0.067583665573298909 0.0031447373534688743 0.00045298903763002501
decision_type=2 2 2 2 2 2 2
left_child=1 2 4 -4 -1 6 -6
right_child=-2 -3 3 -5 5 -7 -8
leaf_value=0.00035722797650108388 0.00046115347729677215 -0.00028245839621664079 1.5140082400593673e-05 -0.00020605747930773982 4.2962794440160915e-07 -7.1730951143623815e-05 0.00035252257352474535
leaf_weight=65 37 26 28 45 300 189 58
leaf_count=65 37 26 28 45 300 189 58
internal_value=-0.000334225 -0.00080872 -0.000328467 -0.00719178 0.000490196 -0.000411335 0.00153631
internal_weight=748 711 685 73 612 547 358
internal_count=748 711 685 73 612 547 358
is_linear=0
shrinkage=0.05


Tree=22
num_leaves=8
num_cat=0
split_feature=11 14 11 7 12 15 0
split_gain=1.94799 1.86739 1.39022 1.56629 1.06467 1.70246 1.04339
threshold=0.021459782264152908 -0.093449770795740669 0.011742947758078383 -0.0053557881880560423 0.031326676992261111 0.0034063109472984858 0.020347470472753985
decision_type=2 2 2 2 2 2 2
left_child=1 -1 6 -4 5 -2 -3
right_child=4 2 3 -5 -6 -7 -8
leaf_value=0.00012931483789062285 0.00029682083943734249 -2.6076773140816178e-05 1.4395793217225964e-05 -0.00017560422566384934 0.00047557148939214242 -8.2044216512261071e-05 0.00011384848482391837
leaf_weight=39 30 413 37 82 49 28 64
leaf_count=39 30 413 37 82 49 28 64
internal_value=6.73854e-05 -0.000984252 -0.00167785 -0.00651261 0.00630841 0.00172414 -0.000471698
internal_weight=742 635 596 119 107 58 477
internal_count=742 635 596 119 107 58 477
is_linear=0
shrinkage=0.05


Tree=23
num_leaves=8
num_cat=0
split_feature=3 7 3 10 15 6 15
split_gain=1.40042 1.77335 2.29249 1.28917 2.51101 1.66344 1.76246
threshold=0.017434924843702241 0.073118982919327405 1.0000000180025095e-35 0.0055838034920830957 0.0078766133657585131 0.071167684493179756 -0.0064574994231447738
decision_type=2 2 2 2 2 2 2
left_child=1 3 -3 4 5 -1 -7
right_child=-2 2 -4 -5 -6 6 -8
leaf_value=-3.2532862962123336e-05 0.00053386634696817232 2.2628976147143732e-05 -0.00020457440597222547 6.190329466446761e-05 -0.00012672143116198637 -8.7715336026331261e-06 0.00032429483901428566
leaf_weight=291 36 45 53 152 43 64 67
leaf_count=291 36 45 53 152 43 64 67
internal_value=9.98668e-05 -0.000384615 -0.00663265 0.00060778 -0.000698925 0.000473934 0.00515267
internal_weight=751 715 98 617 465 422 131
internal_count=751 715 98 617 465 422 131
is_linear=0
shrinkage=0.05


Tree=24
num_leaves=8
num_cat=0
split_feature=3 10 11 3 3 13 15
split_gain=1.93554 2.16482 1.51547 1.41212 1.94918 1.9628 1.3783
threshold=-0.0088047656560408232 -0.011742886099156634 0.009090553623087862 -0.0073840323772442753 -0.0053733365643543465 16.164999961853031 -0.014480811817880189
decision_type=2 2 2 2 2 2 2
left_child=1 -1 -3 -2 -5 -6 -7
right_child=3 2 -4 4 5 6 -8
leaf_value=-6.4400185312682009e-05 -0.00012659238919561651 0.00041674037042234023 -1.155605330247435e-05 0.00014605951667726776 -8.1538627311409731e-05 0.00039738030993321919 -1.8551252944686622e-05
leaf_weight=26 26 57 32 36 270 31 271
leaf_count=26 26 57 32 36 270 31 271
internal_value=-0.000967957 0.005 0.00870787 -0.00205047 -0.0015625 -0.00227273 0.000496689
internal_weight=749 115 89 634 608 572 302
internal_count=749 115 89 634 608 572 302
is_linear=0
shrinkage=0.05


Tree=25
num_leaves=8
num_cat=0
split_feature=13 14 10 14 15 10 1
split_gain=1.18278 1.20496 2.29586 1.20378 1.58366 3.36788 2.86428
threshold=25.505000114440922 0.10157519013318318 -0.0074311148447236399 0.018846539562811352 0.0031447373534688743 0.0053455164524482965 0.02060666200706707
decision_type=2 2 2 2 2 2 2
left_child=1 2 -1 4 6 -6 -4
right_child=-2 -3 3 -5 5 -7 -8
leaf_value=0.00039475850565972746 0.00053182166796498056 -4.1511398464696029e-05 0.00018544438412027833 -0.00017846425840372716 -0.00014122237812500411 6.3674801697668867e-06 -8.4910573552192175e-05
leaf_weight=47 31 49 130 136 105 173 86
leaf_count=47 31 49 130 136 105 173 86
internal_value=-0.000693527 -0.00110193 -0.000553914 -0.00134921 -0.000202429 -0.00269784 0.00300926
internal_weight=757 726 677 630 494 278 216
internal_count=757 726 677 630 494 278 216
is_linear=0
shrinkage=0.05


Tree=26
num_leaves=8
num_cat=0
split_feature=5 14 8 5 3 1 4
split_gain=1.61346 1.30942 2.09304 2.12353 1.65279 2.29261 2.16004
threshold=0.027195235429291413 0.017639326626862298 0.017985330855349594 0.017591545877520067 0.0039807100691371397 0.0078041961446249095 0.025203236969421287
decision_type=2 2 10 2 2 2 2
left_child=1 4 3 -3 5 6 -1
right_child=-2 2 -4 -5 -6 -7 -8
leaf_value=0.00027039419740011934 0.00035886652181985339 -0.00029736831040744086 -8.8499687879304432e-06 -2.6223741871329867e-05 -5.9236389963380699e-05 -3.3042263574686348e-05 7.9836401425223587e-05
leaf_weight=38 65 45 125 51 182 138 93
leaf_count=38 65 45 125 51 182 138 93
internal_value=-0.000983718 -0.00171131 -0.00486425 -0.0104167 -0.000166297 0.00232342 0.00706107
internal_weight=737 672 221 96 451 269 131
internal_count=737 672 221 96 451 269 131
is_linear=0
shrinkage=0.05


Tree=27
num_leaves=8
num_cat=0
split_feature=1 14 1 10 0 16 3
split_gain=1.89524 1.77455 2.0091 1.21941 1.74675 1.61524 1.39472
threshold=-0.11331451341516212 -0.034895651013681799 0.068123869000720552 -0.015213589282174643 -0.0042990416488796193 -0.023766570853827659 -0.0088047656560408232
decision_type=2 2 2 2 2 2 2
left_child=-1 2 -2 -3 6 -6 -5
right_child=1 3 -4 4 5 -7 -8
leaf_value=0.00077533947403571161 0.00011637129983035327 -0.00014677236987010921 -0.00029580856691805872 0.00026715585927638376 3.774548547606765e-05 -0.00014096121951781394 -2.8140756313218675e-05
leaf_weight=32 173 32 27 62 29 240 154
leaf_count=32 173 32 27 62 29 240 154
internal_value=-0.000967957 -0.0014993 0.0025 -0.00304642 -0.00242268 -0.00511152 0.000925926
internal_weight=749 717 200 517 485 269 216
internal_count=749 717 200 517 485 269 216
is_linear=0
shrinkage=0.05


Tree=28
num_leaves=8
num_cat=0
split_feature=14 12 4 6 14 15 15
split_gain=1.29281 1.51392 1.35808 1.32077 1.98776 1.74671 1.91114
threshold=-0.067583665573298909 0.062788552899160646 0.023654050705450846 0.039571481125297465 0.10157519013318318 0.0040323286436609882 0.0097626048120071935
decision_type=2 2 2 2 2 2 2
left_child=-1 2 -2 -4 5 -5 -7
right_child=1 -3 3 4 -6 6 -8
leaf_value=0.0001334372888459238 -3.941880006683692e-05 -0.00016799389705811517 -1.9338042904871882e-05 0.00039523536601114958 -0.00017199086135148302 -0.00017007037853905709 0.00041200171267094586
leaf_weight=95 135 49 310 96 27 27 25
leaf_count=95 135 49 310 96 27 27 25
internal_value=-0.000458115 -0.00123318 -0.000564516 0.000670103 0.00414286 0.00641892 -0.000961538
internal_weight=764 669 620 485 175 148 52
internal_count=764 669 620 485 175 148 52
is_linear=0
shrinkage=0.05


Tree=29
num_leaves=8
num_cat=0
split_feature=3 3 8 3 15 7 3
split_gain=1.19635 1.49022 1.62367 1.77826 1.31726 1.17333 1.13761
threshold=0.01083314019236248 0.0092990336320003548 0.11871483720197519 -0.0031134937969830019 0.0017529955190052073 0.060049840017030516 -0.0010327454269316025
decision_type=2 2 10 2 2 2 2
left_child=1 2 6 -4 -5 -6 -1
right_child=-2 -3 3 4 5 -7 -8
leaf_value=-2.6568987134314516e-05 0.00011015020821354381 -0.00013577817934698521 0.00010093486538988129 -0.00030558504866779124 -0.00017594700324301133 3.2255981811395119e-05 3.035363225753012e-05
leaf_weight=254 74 32 27 38 25 30 252
leaf_count=254 74 32 27 38 25 30 252
internal_value=-0.00129781 -0.00197568 -0.0014377 -0.00666667 -0.00994624 -0.005 -0.000197628
internal_weight=732 658 626 120 93 55 506
internal_count=732 658 626 120 93 55 506
is_linear=0
shrinkage=0.05


Tree=30
num_leaves=8
num_cat=0
split_feature=9 11 9 2 1 16 11
split_gain=1.71861 2.06205 2.04483 1.62888 1.55066 1.60159 2.49455
threshold=0.06066060568748833 0.026483501755781628 0.12897247932082515 0.0035360843517965317 0.025939790391496412 -0.001588837975126933 -0.00043728349314975373
decision_type=10 2 10 2 2 2 2
left_child=-1 2 3 -2 5 6 -4
right_child=1 -3 4 -5 -6 -7 -8
leaf_value=2.8787053867834497e-05 -4.0028194075491901e-05 0.00032966064661979163 5.4751711503792886e-05 -0.00021430637740784523 -0.00013950879275940258 9.0888521379286493e-05 -0.00026101249694671726
leaf_weight=388 32 29 52 43 77 88 29
leaf_count=388 32 29 52 43 77 88 29
internal_value=-0.000745257 -0.00328571 -0.00443925 -0.0116667 -0.00223577 0.000443787 -0.00462963
internal_weight=738 350 321 75 246 169 81
internal_count=738 350 321 75 246 169 81
is_linear=0
shrinkage=0.05


Tree=31
num_leaves=8
num_cat=0
split_feature=13 10 15 15 2 12 16
split_gain=1.46251 1.03985 1.04611 1.36322 1.26224 2.1548 1.50687
threshold=25.505000114440922 -0.014256563971479506 -0.011342398795860907 -0.0091478309334055968 0.0024633626668431057 -0.0045413562786246189 -0.019408548726270233
decision_type=2 2 2 2 2 2 2
left_child=1 -1 -3 -4 6 -6 -5
right_child=-2 2 3 4 5 -7 -8
leaf_value=-8.8293227392740112e-05 0.00050358971988243809 0.0001360440973679136 -0.00023564143521634238 0.00038701562732038335 -0.00025346948237924195 -1.8392521570956884e-05 -6.7994908271341861e-08
leaf_weight=28 30 74 25 39 25 347 170
leaf_count=28 30 74 25 39 25 347 170
internal_value=-0.000813008 -0.00127119 -0.000882353 -0.00156766 -0.00107573 -0.00282258 0.00203349
internal_weight=738 708 680 606 581 372 209
internal_count=738 708 680 606 581 372 209
is_linear=0
shrinkage=0.05


Tree=32
num_leaves=8
num_cat=0
split_feature=3 7 0 16 2 10 16
split_gain=1.52027 1.36411 1.98715 1.39653 1.2544 0.950888 1.8516
threshold=0.017434924843702241 0.073118982919327405 0.0010829539171043347 0.038317139689859066 0.1343165669073704 0.0056232600765477878 -0.0057809946935236103
decision_type=2 2 2 2 2 2 2
left_child=1 3 -3 5 -4 -1 -7
right_child=-2 2 4 -5 -6 6 -8
leaf_value=-1.4421899120485018e-05 0.00044220001039199343 0.00011565107079504986 -0.00036381496402610445 -0.00028562194077131974 -0.00016046746869850977 -3.332190644637443e-05 0.00020363063374763835
leaf_weight=448 37 30 25 32 38 45 96
leaf_count=448 37 30 25 32 38 45 96
internal_value=-0.00109854 -0.00161064 -0.00725806 -0.000764895 -0.0123016 -0.000212224 0.00336879
internal_weight=751 714 93 621 63 589 141
internal_count=751 714 93 621 63 589 141
is_linear=0
shrinkage=0.05


Tree=33
num_leaves=8
num_cat=0
split_feature=9 1 13 1 14 11 12
split_gain=1.33057 1.96824 2.15309 1.57659 1.21372 1.53022 1.48447
threshold=0.050620763730576786 -0.011535131849452205 20.060000419616703 -0.054896983311249585 0.10157519013318318 -0.011940050299307501 0.022797255871279457
decision_type=8 2 2 2 2 2 2
left_child=1 2 -1 -2 5 -5 -7
right_child=3 -3 -4 4 -6 6 -8
leaf_value=-0.00012196248534427219 0.0001838026315093131 0.00021467902504000117 0.00023058803943905011 0.00037295026217720652 -8.3157471067078862e-05 -0.00012031596029703304 -6.1206708041651198e-06
leaf_weight=49 43 115 46 36 30 197 232
leaf_count=49 43 115 46 36 30 197 232
internal_value=-0.00147059 0.00190476 -0.00342105 -0.0027881 -0.00358586 -0.00295699 -0.00378788
internal_weight=748 210 95 538 495 465 429
internal_count=748 210 95 538 495 465 429
is_linear=0
shrinkage=0.05


Tree=34
num_leaves=8
num_cat=0
split_feature=13 14 14 14 1 5 12
split_gain=1.20924 1.20283 1.82018 1.47189 2.38946 1.63085 1.55556
threshold=25.505000114440922 0.10157519013318318 0.075303566395644742 0.035115678917499234 0.045370130509391322 0.013468960343623788 -0.013091202195066818
decision_type=2 2 2 2 2 2 2
left_child=1 2 3 4 5 -1 -7
right_child=-2 -3 -4 -5 -6 6 -8
leaf_value=-9.1784986372945359e-05 0.00041968206821039068 -4.7187627093746905e-05 0.00036496808130965483 -0.00020717185194388992 -0.00010791478713563811 -0.00012857468017559394 5.2564611950499911e-05
leaf_weight=33 30 51 31 83 130 68 323
leaf_count=33 30 51 31 83 130 68 323
internal_value=-0.001502 -0.00191238 -0.00134731 -0.00192308 -0.00099278 0.000825472 0.00172634
internal_weight=749 719 668 637 554 424 391
internal_count=749 719 668 637 554 424 391
is_linear=0
shrinkage=0.05


Tree=35
num_leaves=8
num_cat=0
split_feature=4 12 14 12 12 10 13
split_gain=0.912011 0.889121 2.80314 2.41406 1.60444 2.05951 1.52758
threshold=0.020167550593540234 0.020704073700370865 -0.04578454363779693 0.014938847679140889 0.066825641747697576 0.0055838034920830957 14.734999656677248
decision_type=2 2 2 2 2 2 2
left_child=-1 3 -3 6 5 -4 -2
right_child=1 2 4 -5 -6 -7 -8
leaf_value=-8.7195737054298055e-05 -0.00014713893154160546 0.00020016653114364319 -1.7459935828733523e-05 -0.0002235456712486159 -0.00013220282078695001 0.00023111382752449874 1.1565641261074029e-06
leaf_weight=27 30 55 202 52 38 49 300
leaf_count=27 30 55 202 52 38 49 300
internal_value=-0.00116202 -0.000826446 0.00101744 -0.00248691 -0.000951557 0.000498008 -0.000909091
internal_weight=753 726 344 382 289 251 330
internal_count=753 726 344 382 289 251 330
is_linear=0
shrinkage=0.05


Tree=36
num_leaves=8
num_cat=0
split_feature=9 11 7 0 9 9 10
split_gain=1.5014 1.95811 1.31455 1.42554 2.7681 1.2773 1.54321
threshold=0.06066060568748833 0.026483501755781628 0.073118982919327405 0.0075464600613672781 0.0085736283717984269 0.082931905570576628 0.0018426398432722648
decision_type=10 2 2 2 8 10 2
left_child=2 5 3 -1 -5 -2 -7
right_child=1 -3 -4 4 -6 6 -8
leaf_value=3.8930611460892725e-06 -9.3085808492789001e-05 0.00031336913505749408 -0.00011318605659282949 -1.1754743478238368e-05 0.00028249614656122998 1.4835582687114207e-06 -0.00011174474456067956
leaf_weight=252 28 29 28 40 76 163 134
leaf_count=252 28 29 28 40 76 163 134
internal_value=-0.0006 -0.0029661 0.00151515 0.00230978 0.00689655 -0.00407692 -0.00311448
internal_weight=750 354 396 368 116 325 297
internal_count=750 354 396 368 116 325 297
is_linear=0
shrinkage=0.05


Tree=37
num_leaves=8
num_cat=0
split_feature=15 9 13 1 1 15 10
split_gain=1.38082 1.83097 1.70126 1.79104 1.67994 2.33141 1.39674
threshold=0.0031447373534688743 0.050620763730576786 21.664999961853031 -0.00036680933415839107 0.027017149686945911 0.0012556142459068111 0.0010681623083543814
decision_type=2 8 2 2 2 2 2
left_child=1 2 3 -1 5 6 -3
right_child=-2 4 -4 -5 -6 -7 -8
leaf_value=-0.00010553050143986805 -1.8982886331697603e-05 -3.8602525442253856e-05 0.00083969883243058339 0.00036305369674112086 -0.00020217552482674459 0.00025867137431586626 0.00023956228976311375
leaf_weight=48 320 163 29 43 83 28 44
leaf_count=48 320 163 29 43 83 28 44
internal_value=-0.0012533 0.000570776 0.00583333 0.00247253 -0.00141509 0.000744681 -0.00108696
internal_weight=758 438 120 91 318 235 207
internal_count=758 438 120 91 318 235 207
is_linear=0
shrinkage=0.05


Tree=38
num_leaves=8
num_cat=0
split_feature=3 0 14 10 15 15 15
split_gain=1.55297 1.6618 1.9871 1.86539 2.08355 1.75208 1.8648
threshold=0.017434924843702241 -0.0042990416488796193 -0.034895651013681799 0.0032637883634802915 0.0011942674325640115 -0.00068146437775890012 -0.0073344914868663227
decision_type=2 2 2 2 2 2 2
left_child=1 3 -3 4 -1 6 -4
right_child=-2 2 5 -5 -6 -7 -8
leaf_value=9.6184357245116338e-06 0.00045767628237477212 1.6461916336044797e-05 -0.00015525621656703088 -7.1509102482828331e-05 0.00035473263573461156 -0.00014638750636804653 1.4083683943436153e-05
leaf_weight=187 37 155 45 62 37 157 68
leaf_count=187 37 155 45 62 37 157 68
internal_value=-0.00120321 -0.00172293 -0.00370588 0.00122378 0.00334821 -0.0062963 -0.00154867
internal_weight=748 711 425 286 224 270 113
internal_count=748 711 425 286 224 270 113
is_linear=0
shrinkage=0.05


Tree=39
num_leaves=8
num_cat=0
split_feature=11 8 3 8 8 2 11
split_gain=1.22408 1.22902 1.75887 0.958674 1.64918 2.05627 1.37499
threshold=-0.013447702851804742 0.03650397681847873 -0.0061576525666706119 0.011802587562186663 -0.075312318406439635 -0.15081235653541833 0.0023967132721236521
decision_type=2 8 2 8 10 2 2
left_child=1 2 -1 4 5 -2 -5
right_child=3 -3 -4 6 -6 -7 -8
leaf_value=-8.383990401294138e-06 -6.4418621608689861e-05 -1.9841317720958743e-05 0.00037135736868298079 0.00014074924354604492 -0.00011333229924156549 5.2721979996422749e-05 -1.1293844979902436e-05
leaf_weight=36 34 44 47 96 148 55 277
leaf_count=36 34 44 47 96 148 55 277
internal_value=-0.0011194 0.00334646 0.00692771 -0.00204918 -0.00453586 0.000842697 -0.000469169
internal_weight=737 127 83 610 237 89 373
internal_count=737 127 83 610 237 89 373
is_linear=0
shrinkage=0.05


Tree=40
num_leaves=8
num_cat=0
split_feature=13 1 1 9 14 15 5
split_gain=1.18372 1.06436 1.39776 1.41511 1.381 1.31868 1.16346
threshold=26.284999847412113 0.046987309454260669 0.10280611187201517 0.049443298704373813 -0.067583665573298909 0.0082376667797423603 0.021067832174078652
decision_type=2 2 2 8 2 2 2
left_child=1 4 3 -3 6 -5 -1
right_child=-2 2 -4 5 -6 -7 -8
leaf_value=7.8791402217997297e-05 0.00035772161102396322 0.00016992224964886197 0.00020098845658656362 -0.00020575984874596082 -1.0800596561338829e-05 -2.0447187973744168e-05 0.00058962325458122996
leaf_weight=40 26 27 40 35 527 30 25
leaf_count=40 26 27 40 35 527 30 25
internal_value=-0.000866667 -0.00124309 -0.00530303 -0.00869565 -0.000337838 -0.0126923 0.00653846
internal_weight=750 724 132 92 592 65 65
internal_count=750 724 132 92 592 65 65
is_linear=0
shrinkage=0.05


Tree=41
num_leaves=8
num_cat=0
split_feature=3 3 2 14 15 13 3
split_gain=1.01733 1.92583 1.76877 1.38409 1.59595 1.69149 1.36089
threshold=-0.0027675949310939636 -0.0010327454269316025 0.025378544086025249 0.12708615320093045 0.0051319048362638018 14.059999942779543 0.00062027055853142176
decision_type=2 2 2 2 2 2 2
left_child=3 2 -2 4 5 -1 -3
right_child=1 6 -4 -5 -6 -7 -8
leaf_value=-2.1070250037960592e-05 -0.000263333929891842 4.1114251740075657e-05 -5.8512516452076828e-05 -0.00012821534973613368 -9.813545926020576e-05 0.00018107427121715465 -1.6945211636586448e-05
leaf_weight=37 32 79 25 28 42 149 360
leaf_count=37 32 79 25 28 42 149 360
internal_value=-0.00099734 -0.00231855 -0.0109649 0.0015625 0.00285088 0.00483871 -0.0011959
internal_weight=752 496 57 256 228 186 439
internal_count=752 496 57 256 228 186 439
is_linear=0
shrinkage=0.05


Tree=42
num_leaves=8
num_cat=0
split_feature=15 15 13 9 7 4 5
split_gain=1.79548 1.44856 1.46187 1.16293 1.07593 1.51291 1.97502
threshold=0.022342594214869286 0.017605020646187856 25.960000038146976 -0.061509424770093295 -0.063785328442033815 0.047489336610474081 0.024935200044661297
decision_type=2 2 2 8 2 2 2
left_child=1 2 3 -1 -5 6 -6
right_child=-2 -3 -4 4 5 -7 -8
leaf_value=-6.63101483178356e-05 -0.00011257320651097128 9.4694501302994814e-05 0.00034857462863656152 0.00016663787419364824 -1.2258970470127064e-05 -0.00028590276467823657 0.00021547965376862298
leaf_weight=45 27 30 27 41 525 26 32
leaf_count=45 27 30 27 41 525 26 32
internal_value=-0.00122842 -0.000757576 -0.00122126 -0.00168161 -0.00112179 -0.00167238 -0.00112208
internal_weight=753 726 696 669 624 583 557
internal_count=753 726 696 669 624 583 557
is_linear=0
shrinkage=0.05


Tree=43
num_leaves=8
num_cat=0
split_feature=13 14 14 6 6 0 1
split_gain=0.892287 1.19497 1.80321 1.2785 1.22288 1.09736 1.11571
threshold=26.494999885559086 0.10157519013318318 0.075303566395644742 -1.1212873796540643 0.039571481125297465 0.0427949692572216 0.046987309454260669
decision_type=2 2 2 2 2 2 2
left_child=1 2 3 -1 -3 6 -5
right_child=-2 4 -4 5 -6 -7 -8
leaf_value=-0.00020282506170387246 0.00026186987081066687 -3.0716143050112199e-06 0.00033209148917368123 -3.8277888929500948e-06 -0.00024166395003949416 0.00041916579235473878 -9.0922091093592313e-05
leaf_weight=33 26 28 36 473 25 25 100
leaf_count=33 26 28 36 473 25 25 100
internal_value=-0.00140751 -0.00173611 -0.00116192 -0.00178288 -0.00896226 -0.00125418 -0.00170157
internal_weight=746 720 667 631 53 598 573
internal_count=746 720 667 631 53 598 573
is_linear=0
shrinkage=0.05


Tree=44
num_leaves=8
num_cat=0
split_feature=16 16 0 0 14 3 7
split_gain=1.36207 1.70899 1.38821 1.47456 2.62987 1.71429 1.32874
threshold=-0.014486586092854024 -0.0020623974908921534 0.0068024881514777711 -0.011530808173418559 0.10157519013318318 0.0015041505505555277 0.029237716667440575
decision_type=2 2 2 2 2 2 2
left_child=2 6 3 4 -1 -5 -2
right_child=1 -3 -4 5 -6 -7 -8
leaf_value=0.00071474359153187697 -2.5530550118009131e-05 -1.5047688614270444e-06 0.00029816160289843156 3.9862877121225795e-05 -1.0646804752669979e-05 -0.00014430971147458128 -0.00029206829232889436
leaf_weight=30 96 449 43 35 33 25 29
leaf_count=30 96 449 43 35 33 25 29
internal_value=-0.000675676 -0.00182927 0.00331325 0.000609756 0.00595238 -0.005 -0.007
internal_weight=740 574 166 123 63 60 125
internal_count=740 574 166 123 63 60 125
is_linear=0
shrinkage=0.05


Tree=45
num_leaves=8
num_cat=0
split_feature=3 14 12 9 13 14 1
split_gain=0.798235 0.658272 2.68325 2.00377 1.89545 1.25457 2.12089
threshold=0.019157463038895543 -0.04578454363779693 0.020229824127922073 0.14605623240513102 16.375000000000004 -0.018674174310541299 -0.054896983311249585
decision_type=2 2 2 8 2 2 2
left_child=1 2 4 -4 -1 -3 -7
right_child=-2 5 3 -5 -6 6 -8
leaf_value=-0.0001297565080829937 0.00035862206209304784 -9.1850537944895806e-05 -1.7417041605505107e-06 0.00036607410801493118 2.6897258955111423e-05 0.00016161881331444884 -1.3035266269207681e-05
leaf_weight=26 28 130 25 34 58 54 391
leaf_count=26 28 130 25 34 58 54 391
internal_value=-0.00113941 -0.0014624 0.00157343 0.00974576 -0.00416667 -0.00221739 -0.000955056
internal_weight=746 718 143 59 84 575 445
internal_count=746 718 143 59 84 575 445
is_linear=0
shrinkage=0.05


Tree=46
num_leaves=8
num_cat=0
split_feature=12 2 1 16 0 3 12
split_gain=1.1214 0.986729 1.30547 1.00114 1.21829 1.93106 1.29059
threshold=-0.049048436065559579 -0.15081235653541833 -0.054896983311249585 -0.0020623974908921534 0.0068024881514777711 -0.0031134937969830019 0.013329890655183642
decision_type=2 2 2 2 2 2 2
left_child=-1 -2 -3 4 5 6 -4
right_child=1 2 3 -5 -6 -7 -8
leaf_value=0.00032313208877132342 -6.4587485045711953e-05 0.00015046245353719236 -0.00023290566731178284 -1.6546189525229807e-06 3.326609857041323e-06 -0.00020824739367734832 6.975010251072719e-05
leaf_weight=39 36 49 34 415 70 77 28
leaf_count=39 36 49 34 415 70 77 28
internal_value=-0.00120321 -0.00165726 -0.00122585 -0.00184295 -0.00466507 -0.0073741 -0.000806452
internal_weight=748 709 673 624 209 139 62
internal_count=748 709 673 624 209 139 62
is_linear=0
shrinkage=0.05


Tree=47
num_leaves=8
num_cat=0
split_feature=11 10 14 14 5 0 6
split_gain=1.33364 1.11569 0.994813 1.31594 0.914298 0.858064 1.61534
threshold=-0.021243807178240256 -0.0024813117634456812 0.10157519013318318 0.075303566395644742 0.013522783435403907 -0.0011683008795067005 0.039571481125297465
decision_type=2 2 2 2 2 2 2
left_child=1 -1 3 4 -2 6 -6
right_child=2 -3 -4 -5 5 -7 -8
leaf_value=0.00029915735319535619 -5.6371139321503301e-05 -0.00012347195122997941 -7.33764196394403e-05 0.00028108081269186228 -1.1044751693077256e-05 -2.6487172104335424e-05 0.00013210851330845708
leaf_weight=44 46 25 39 33 154 323 75
leaf_count=44 46 25 39 33 154 323 75
internal_value=-0.00118403 0.00543478 -0.00186567 -0.00138669 -0.00192308 -0.0013587 0.000982533
internal_weight=739 69 670 631 598 552 229
internal_count=739 69 670 631 598 552 229
is_linear=0
shrinkage=0.05


Tree=48
num_leaves=8
num_cat=0
split_feature=13 14 10 14 13 3 10
split_gain=1.06129 1.15469 1.21794 1.03393 2.20049 1.79952 1.32529
threshold=25.960000038146976 0.10157519013318318 -0.0074311148447236399 0.018846539562811352 14.734999656677248 -0.0045289888633682765 -0.0034865672578678337
decision_type=2 2 2 2 2 2 2
left_child=1 2 -1 6 -5 -6 -4
right_child=-2 -3 3 4 5 -7 -8
leaf_value=0.00030682122259404512 0.0002537436918985497 -3.685722777377852e-05 0.00022830425743455615 -0.00038684193640825255 0.00021695369096467562 -0.00017669777931331022 -5.3619438111271634e-06
leaf_weight=45 30 49 25 40 31 65 455
leaf_count=45 30 49 25 40 31 65 455
internal_value=-0.000878378 -0.00126761 -0.000718608 -0.0012987 -0.00514706 -0.00104167 -0.000208333
internal_weight=740 710 661 616 136 96 480
internal_count=740 710 661 616 136 96 480
is_linear=0
shrinkage=0.05


Tree=49
num_leaves=8
num_cat=0
split_feature=4 4 7 8 12 11 8
split_gain=0.915435 1.29604 1.125 1.18193 1.02753 2.80384 1.84772
threshold=0.023654050705450846 0.022213688920181641 0.062464882298260867 0.10092347282492022 -0.0036881792371129536 -0.006050582259528702 -0.082407743409120479
decision_type=2 2 2 10 2 2 8
left_child=1 -1 4 -4 6 -6 -2
right_child=2 -3 3 -5 5 -7 -8
leaf_value=-2.5634947520464942e-06 0.00020106183327785329 -0.00012855087964990615 -0.00019193395414399892 -2.8197748232841169e-05 0.00028572728851710495 2.9286734958971617e-06 -7.232834779289472e-05
leaf_weight=88 50 49 26 91 69 254 106
leaf_count=88 50 49 26 91 69 254 106
internal_value=-0.000511596 -0.00419708 0.00033557 -0.00405983 0.00140919 0.00301858 -0.00192308
internal_weight=733 137 596 117 479 323 156
internal_count=733 137 596 117 479 323 156
is_linear=0
shrinkage=0.05


Tree=50
num_leaves=8
num_cat=0
split_feature=11 5 10 13 8 5 6
split_gain=1.60037 1.29471 1.06909 0.995698 0.966271 1.08928 1.02167
threshold=0.020527358618941841 0.016940901737448968 0.009588523086034308 26.284999847412113 -0.13020269200895038 0.026459184057473818 0.057053998022560816
decision_type=2 2 2 2 8 2 2
left_child=3 -2 -3 4 -1 6 -6
right_child=1 2 -4 -5 5 -7 -8
leaf_value=0.00020866056485084077 0.00016900083824751157 -1.4819770156875501e-05 0.00048079791827559492 0.00030118869354186085 -2.8837877850524093e-05 -9.2593257701612504e-05 7.1118393741578634e-06
leaf_weight=34 33 58 26 26 368 25 170
leaf_count=34 33 58 26 26 368 25 170
internal_value=-0.000878378 0.00448718 0.00119048 -0.00188604 -0.00230318 -0.00279751 -0.00232342
internal_weight=740 117 84 623 597 563 538
internal_count=740 117 84 623 597 563 538
is_linear=0
shrinkage=0.05


Tree=51
num_leaves=8
num_cat=0
split_feature=5 15 12 9 6 14 16
split_gain=1.10624 1.0943 0.982369 0.739333 1.68583 1.85001 1.75594
threshold=0.012677746810173772 0.022342594214869286 0.061412549385283739 0.04004347924503205 -0.35619645044210962 0.035942894407802857 0.014211788146832773
decision_type=2 2 2 8 2 2 2
left_child=-1 2 3 4 5 -2 -6
right_child=1 -3 -4 -5 6 -7 -8
leaf_value=-5.9399414701776478e-05 0.00017449280949841898 -6.37769641845518e-05 -0.0001223266111635063 -2.7280290789878909e-06 -0.00017952567758071499 -1.5973702730469157e-05 0.00044566443653157057
leaf_weight=25 62 27 47 496 53 27 25
leaf_count=25 62 27 47 496 53 27 25
internal_value=-0.000656168 -0.000305292 7.04225e-05 0.000565611 0.00344311 0.00814607 -0.00192308
internal_weight=762 737 710 663 167 89 78
internal_count=762 737 710 663 167 89 78
is_linear=0
shrinkage=0.05


Tree=52
num_leaves=8
num_cat=0
split_feature=9 12 15 14 16 1 6
split_gain=1.23432 1.29716 1.25454 1.66055 1.85183 1.64835 2.45599
threshold=0.06066060568748833 0.050860094870715973 0.0031447373534688743 -0.0080681674930397889 0.011584183211065359 -0.05721436213265451 -0.66225217770989986
decision_type=10 2 2 2 2 2 2
left_child=2 -2 3 -1 5 -5 -7
right_child=1 -3 -4 4 -6 6 -8
leaf_value=0.00014303843434951771 -3.3692945395324365e-05 6.5603372382808198e-05 -8.537954505141113e-06 0.00053302880016404489 -0.00025268995613310873 0.00041820733266947354 -8.4271127431494007e-05
leaf_weight=68 324 35 163 25 28 34 71
leaf_count=68 324 35 163 25 28 34 71
internal_value=-0.000601604 -0.00271588 0.00134961 0.00376106 0.000949367 0.00346154 0.000714286
internal_weight=748 359 389 226 158 130 105
internal_count=748 359 389 226 158 130 105
is_linear=0
shrinkage=0.05


Tree=53
num_leaves=8
num_cat=0
split_feature=15 10 1 10 14 12 2
split_gain=1.37123 0.958912 1.31084 1.01519 0.902219 1.73598 1.43575
threshold=0.022342594214869286 0.009588523086034308 -0.11331451341516212 -0.015213589282174643 -0.018674174310541299 0.044995709916922373 -0.11429693551435981
decision_type=2 2 2 2 2 2 2
left_child=1 2 -1 -4 5 -5 -6
right_child=-2 -3 3 4 6 -7 -8
leaf_value=0.00067432550974260645 -9.8349826884948713e-05 4.0503223952938295e-05 -7.5911732310182667e-05 -8.7928701203361138e-06 -5.5095832759936374e-05 -0.00018848856928788842 6.0757702275700964e-06
leaf_weight=31 27 70 31 159 28 36 361
leaf_count=31 27 70 31 159 28 36 361
internal_value=-0.000975774 -0.000558659 -0.00116099 -0.00166667 -0.00119863 -0.00397436 0.000192802
internal_weight=743 716 646 615 584 195 389
internal_count=743 716 646 615 584 195 389
is_linear=0
shrinkage=0.05


Tree=54
num_leaves=8
num_cat=0
split_feature=8 15 8 8 4 5 4
split_gain=1.12042 0.969063 0.882199 0.99959 1.63848 1.74418 1.11711
threshold=-0.13394211474261655 0.022342594214869286 -0.1129183486321476 -0.081411035459638167 0.047556412179040032 0.024935200044661297 0.041898824744415357
decision_type=8 2 8 8 2 2 2
left_child=-1 2 -2 -4 5 6 -5
right_child=1 -3 3 4 -6 -7 -8
leaf_value=0.00021756317620581067 -7.7302779421922416e-05 -0.00016235417812246456 0.00018988107116578031 1.7984139280965636e-06 -0.00027925665461236304 0.00019859332131240773 -0.00020402201704734928
leaf_weight=37 25 26 39 515 32 39 34
leaf_count=37 25 26 39 515 32 39 34
internal_value=0.000301205 -0.000140845 0.000219298 0.000569044 8.06452e-05 0.000680272 -4.55373e-05
internal_weight=747 710 684 659 620 588 549
internal_count=747 710 684 659 620 588 549
is_linear=0
shrinkage=0.05


Tree=55
num_leaves=8
num_cat=0
split_feature=0 14 9 9 6 14 9
split_gain=1.47552 1.75012 2.11982 1.77963 1.41582 1.33999 2.23663
threshold=-0.003482700086456791 -0.033094273980848292 0.29312162167705852 0.20714985330029614 -0.75792840274169027 -0.016284077904727075 0.17706046182246674
decision_type=2 2 10 10 2 2 10
left_child=-1 3 5 4 -2 -3 -7
right_child=1 2 -4 -5 -6 6 -8
leaf_value=1.6760125563840008e-05 0.00030484259586111944 -0.00022155818972965612 4.2880171842873613e-05 -7.7028182121533127e-05 1.4497032538023308e-05 -2.3495748672222769e-05 -0.00030617872433930245
leaf_weight=318 25 45 58 45 110 137 25
leaf_count=318 25 45 58 45 110 137 25
internal_value=-0.000557012 -0.00241573 -0.005 0.00138889 0.00425926 -0.00736715 -0.00524691
internal_weight=763 445 265 180 135 207 162
internal_count=763 445 265 180 135 207 162
is_linear=0
shrinkage=0.05


Tree=56
num_leaves=8
num_cat=0
split_feature=9 9 9 3 13 15 11
split_gain=1.14521 1.65983 1.52282 1.63934 1.8824 1.31775 1.29108
threshold=0.06066060568748833 0.13738179531287345 0.2007459150892941 -0.0031134937969830019 13.444999694824221 -0.0049911934294358242 0.010325604265528312
decision_type=10 10 10 2 2 2 2
left_child=-1 -2 6 -4 -5 -6 -3
right_child=1 2 3 4 5 -7 -8
leaf_value=4.3248132786923459e-06 -4.4108108459153637e-05 -6.7941920346184863e-06 8.7733610564207356e-05 0.00011804333995702696 5.2412631300069721e-05 -0.00013869213066070352 0.00025498619577132077
leaf_weight=384 95 44 47 32 25 85 27
leaf_count=384 95 44 47 32 25 85 27
internal_value=-0.000981055 -0.00302817 -0.000961538 -0.00330688 -0.00598592 -0.00909091 0.00528169
internal_weight=739 355 260 189 142 110 71
internal_count=739 355 260 189 142 110 71
is_linear=0
shrinkage=0.05


Tree=57
num_leaves=8
num_cat=0
split_feature=13 0 15 2 0 15 10
split_gain=1.27651 1.30458 1.241 1.18357 1.15686 1.76691 2.06648
threshold=21.664999961853031 0.040829033742151861 -0.0010931029184964578 -0.11429693551435981 -0.0023597249813895878 -0.00022277977144086189 0.0034564215919221657
decision_type=2 2 2 2 2 2 2
left_child=1 3 -2 -1 5 -5 -7
right_child=2 -3 -4 4 -6 6 -8
leaf_value=-8.0129326052089643e-05 0.0002838088026454986 0.00036333584356631945 -8.9100255139601934e-05 -2.527308713577035e-05 -3.205985345983648e-05 0.0002399317053669337 -9.4728808365700853e-06
leaf_weight=53 53 26 37 150 318 52 46
leaf_count=53 53 26 37 150 318 52 46
internal_value=-0.000578231 -0.00135659 0.005 -0.00181745 -0.00114841 0.00141129 0.00663265
internal_weight=735 645 90 619 566 248 98
internal_count=735 645 90 619 566 248 98
is_linear=0
shrinkage=0.05


Tree=58
num_leaves=8
num_cat=0
split_feature=11 11 12 9 1 9 11
split_gain=0.728138 1.36707 1.35769 1.47004 1.18587 1.54296 1.54194
threshold=0.021459782264152908 0.010571725721311933 0.0061045845958173093 0.19362954747278663 0.035595278728489339 -0.096014886949833664 0.00023769852102906167
decision_type=2 2 2 8 2 10 2
left_child=1 4 -2 -4 5 -1 -6
right_child=2 -3 3 -5 6 -7 -8
leaf_value=0.00011920034423892404 -2.07476358480496e-05 -6.3374390694976568e-05 0.00027851887819289341 -9.3347459371733943e-06 -0.00013015453145467649 -2.1884194275165453e-05 0.00026236312479870256
leaf_weight=121 33 156 45 37 31 284 43
leaf_count=121 33 156 45 37 31 284 43
internal_value=-0.0004 -0.00106299 0.00326087 0.00670732 0.00026096 -0.000802469 0.00608108
internal_weight=750 635 115 82 479 405 74
internal_count=750 635 115 82 479 405 74
is_linear=0
shrinkage=0.05


Tree=59
num_leaves=8
num_cat=0
split_feature=3 12 12 7 7 15 15
split_gain=1.12096 1.43058 1.77008 1.3354 1.04893 1.27446 2.69615
threshold=0.017434924843702241 0.061412549385283739 0.050860094870715973 0.078707049729156112 0.058297113015097775 0.0031447373534688743 0.0012556142459068111
decision_type=2 2 2 2 2 2 2
left_child=1 2 3 4 5 6 -1
right_child=-2 -3 -4 -5 -6 -7 -8
leaf_value=-9.6921789993578179e-06 0.00033724321566622699 -0.00010424195936101773 0.00022501413553285181 -0.00015434833211358827 0.00017978030909813881 -2.8837550987175985e-05 0.00026472901490555423
leaf_weight=291 37 44 41 61 48 201 35
leaf_count=291 37 44 41 61 48 201 35
internal_value=-0.00105541 -0.00149098 -0.000923191 -0.00157233 -0.000826087 -0.00147059 0.000460123
internal_weight=758 721 677 636 575 527 326
internal_count=758 721 677 636 575 527 326
is_linear=0
shrinkage=0.05


Tree=60
num_leaves=8
num_cat=0
split_feature=4 9 1 1 14 10 11
split_gain=0.902475 1.36308 0.884871 1.72034 1.40133 2.01816 1.06176
threshold=0.056748127496279867 -0.044683369877584027 0.062956527136466614 0.10280611187201517 -0.067583665573298909 0.010655378584307098 0.020527358618941841
decision_type=2 8 2 2 2 2 2
left_child=1 -1 4 -4 5 -3 -6
right_child=-2 2 3 -5 6 -7 -8
leaf_value=-5.8761586089676935e-05 0.00013450568425192426 0.00034156277314174719 -0.00019019896481340811 3.0010955105943572e-05 -1.3605272584345762e-05 -8.794894706518758e-06 0.00014262418486412989
leaf_weight=46 31 32 44 39 465 29 67
leaf_count=46 31 32 44 39 465 29 67
internal_value=-0.00109562 -0.00145429 -0.000887574 -0.00572289 -0.000210793 0.00696721 -0.00103383
internal_weight=753 722 676 83 593 61 532
internal_count=753 722 676 83 593 61 532
is_linear=0
shrinkage=0.05


Tree=61
num_leaves=8
num_cat=0
split_feature=0 0 9 5 16 5 14
split_gain=0.942269 1.40214 1.68813 2.21283 1.62648 1.21866 2.42366
threshold=-0.0027839811583807435 0.0037348758392415919 -0.107408756028098 0.022023224829958329 -0.019408548726270233 0.017357594048366651 0.12708615320093045
decision_type=2 2 10 2 2 2 2
left_child=5 2 -2 -4 -3 -1 -7
right_child=1 4 3 -5 -6 6 -8
leaf_value=-4.1198968012498651e-05 -0.00025628700503965457 0.00027925507960092579 3.196727001782314e-06 -0.00014246445610220212 -1.6306162180242895e-05 0.00011871118321013984 -0.00019494870529968846
leaf_weight=129 25 37 64 28 272 156 25
leaf_count=129 25 37 64 28 272 156 25
internal_value=-0.00129076 -0.0028169 -0.00747863 -0.00434783 -0.00105178 0.000806452 0.00345304
internal_weight=736 426 117 92 309 310 181
internal_count=736 426 117 92 309 310 181
is_linear=0
shrinkage=0.05


Tree=62
num_leaves=8
num_cat=0
split_feature=16 16 7 0 10 5 16
split_gain=1.00948 1.35494 1.71912 2.32773 1.71361 1.6502 1.34075
threshold=-0.023766570853827659 -0.0020623974908921534 -0.034551546176575847 0.0068024881514777711 -0.0038583192426028807 0.024935200044661297 -0.033348441004840627
decision_type=2 2 2 2 2 2 2
left_child=6 2 -2 4 -4 -3 -1
right_child=1 5 3 -5 -6 -7 -8
leaf_value=-2.0880224888236017e-05 1.7837194368852152e-05 -5.3989322750014166e-06 -1.042358593117479e-05 1.4502779006179446e-05 -0.00030389368333636754 0.00015298030517374198 0.00015362722828149729
leaf_weight=65 45 397 43 51 58 52 40
leaf_count=65 45 397 43 51 58 52 40
internal_value=-0.000499334 -0.00123839 -0.00469543 -0.00723684 -0.0116337 0.000278396 0.00404762
internal_weight=751 646 197 152 101 449 105
internal_count=751 646 197 152 101 449 105
is_linear=0
shrinkage=0.05


Tree=63
num_leaves=8
num_cat=0
split_feature=7 5 15 13 8 3 6
split_gain=1.2386 1.44425 1.17756 2.23269 1.90871 1.37988 2.2174
threshold=0.078707049729156112 0.033638751521034828 -0.0064574994231447738 18.595000267028812 -0.052987760437472491 0.0046612627404943882 0.93159121156520597
decision_type=2 2 2 2 10 2 2
left_child=1 2 3 4 -1 6 -4
right_child=-2 -3 5 -5 -6 -7 -8
leaf_value=-0.00019309078324218767 -8.3266761089761769e-05 0.00018928980448285789 2.2640814185050965e-06 3.0926940844994362e-05 -0.00010715638459977674 -1.4209643869736965e-05 0.00029843753761912232
leaf_weight=26 86 35 267 70 74 161 33
leaf_count=26 86 35 267 70 74 161 33
internal_value=-0.00132979 -0.000600601 -0.00114897 -0.00470588 -0.0095 0.00016269 0.00216667
internal_weight=752 666 631 170 100 461 300
internal_count=752 666 631 170 100 461 300
is_linear=0
shrinkage=0.05


Tree=64
num_leaves=8
num_cat=0
split_feature=12 14 0 5 5 8 15
split_gain=0.787043 0.889323 1.32505 1.50213 1.92302 1.8219 1.35171
threshold=-0.049048436065559579 0.10157519013318318 -0.0011683008795067005 0.017357594048366651 0.019931550474347321 -0.033687674422645968 -0.0027158110510418494
decision_type=2 2 2 2 2 10 2
left_child=-1 2 3 5 -5 -2 -6
right_child=1 -3 -4 4 6 -7 -8
leaf_value=0.0002701168338705144 -0.00014040778293737755 -4.5245729503019981e-05 -1.5841961294556228e-05 0.00028185230475517446 0.00022929045815016266 1.2864320814626662e-05 -6.0549142362047522e-06
leaf_weight=37 37 52 366 33 48 100 59
leaf_count=37 37 52 366 33 48 100 59
internal_value=-0.00102459 -0.00140288 -0.000894246 0.0017148 0.00535714 -0.0020073 0.0021028
internal_weight=732 695 643 277 140 137 107
internal_count=732 695 643 277 140 137 107
is_linear=0
shrinkage=0.05


Tree=65
num_leaves=8
num_cat=0
split_feature=8 8 4 0 4 3 1
split_gain=1.10004 2.33933 2.16205 1.81818 1.08333 1.24447 0.989033
threshold=0.11752294250719265 0.12776266901615244 0.031969416719823708 0.0030434255990254848 0.027929765367060488 0.00062027055853142176 0.012572972839760001
decision_type=8 8 2 2 2 2 2
left_child=6 -2 4 -4 5 -3 -1
right_child=1 2 3 -5 -6 -7 -8
leaf_value=1.3535177121841523e-05 -0.00024396872925867765 9.134864410432964e-05 -0.00016268330631738514 -1.140656257238564e-06 0.000253480888523475 -9.2809304776618221e-05 -1.2155945802622832e-05
leaf_weight=388 25 27 36 30 26 25 195
leaf_count=388 25 27 36 30 26 25 195
internal_value=-0.00132979 -0.00488166 -0.00243056 -0.00909091 0.00320513 -0.000961538 -0.000300172
internal_weight=752 169 144 66 78 52 583
internal_count=752 169 144 66 78 52 583
is_linear=0
shrinkage=0.05


Tree=66
num_leaves=8
num_cat=0
split_feature=13 14 10 6 6 6 7
split_gain=0.847218 1.41386 1.8786 1.5504 1.98346 1.68981 1.66976
threshold=26.494999885559086 0.10157519013318318 -0.0074311148447236399 0.039571481125297465 0.3989477536074616 -0.37385872261194414 -0.021568982725841731
decision_type=2 2 2 2 2 2 2
left_child=1 2 -1 5 -5 -4 -6
right_child=-2 -3 3 4 6 -7 -8
leaf_value=0.00028377987307216644 0.00018233274623719148 -5.9536185769061037e-05 -3.5207023233427977e-06 0.00031398032810210348 0.00022611769060108534 -9.0933208104549033e-05 -3.486924508509593e-05
leaf_weight=44 26 49 281 73 37 135 100
leaf_count=44 26 49 281 73 37 135 100
internal_value=-0.0011745 -0.00149513 -0.000895522 -0.00159744 0.00190476 -0.00336538 -0.00164234
internal_weight=745 719 670 626 210 416 137
internal_count=745 719 670 626 210 416 137
is_linear=0
shrinkage=0.05


Tree=67
num_leaves=8
num_cat=0
split_feature=15 12 7 14 12 11 7
split_gain=1.09225 0.909474 1.33715 1.33083 1.1636 1.73211 1.33811
threshold=0.022342594214869286 0.056550523071576715 0.078707049729156112 0.0066946732173895915 0.033074860381173139 0.019556764027941379 -0.051300408555587255
decision_type=2 2 2 2 2 2 2
left_child=1 2 4 -4 6 -6 -1
right_child=-2 -3 3 -5 5 -7 -8
leaf_value=0.00017413801328474942 -8.7227177309152221e-05 -6.0241984996196831e-05 -0.00013029644401896186 2.5992676450962723e-05 4.6952504545846355e-06 0.0004483344725074443 -1.0009762672611323e-05
leaf_weight=93 25 68 37 26 107 28 378
leaf_count=93 25 68 37 26 107 28 378
internal_value=-0.000721785 -0.000373134 0.000186846 -0.00674603 0.000907591 0.005 -0.000265393
internal_weight=762 737 669 63 606 135 471
internal_count=762 737 669 63 606 135 471
is_linear=0
shrinkage=0.05


Tree=68
num_leaves=8
num_cat=0
split_feature=0 0 6 5 5 14 7
split_gain=0.947838 1.89427 1.44766 1.22998 2.6511 1.19172 2.09712
threshold=-0.0011683008795067005 0.0050243521246500231 -0.67907035040756181 0.014807722316495802 0.016317231539267094 -0.022450840204273455 0.04189381930573944
decision_type=2 2 2 2 2 2 2
left_child=5 -2 -3 -4 -5 -1 -7
right_child=1 2 3 4 -6 6 -8
leaf_value=-4.4529058420005263e-05 -9.7951868771539203e-05 0.00017939165366592978 -0.00011898533460900198 0.00015576404277598292 -5.8958111033318452e-05 1.0134281683056838e-06 0.00016419917520761607
leaf_weight=74 98 48 43 51 158 224 57
leaf_count=74 98 48 43 51 158 224 57
internal_value=-0.000962815 -0.00263819 -0.000666667 -0.00218254 -0.000598086 0.000915493 0.00240214
internal_weight=753 398 300 252 209 355 281
internal_count=753 398 300 252 209 355 281
is_linear=0
shrinkage=0.05


Tree=69
num_leaves=8
num_cat=0
split_feature=7 1 13 15 8 13 9
split_gain=0.997784 1.69867 0.891133 1.81003 2.18408 2.08223 1.53545
threshold=0.077629667277851491 0.10280611187201517 19.115000724792484 -0.0064574994231447738 -0.059607457015262315 18.394999504089359 0.01152989856006559
decision_type=2 2 2 2 8 2 10
left_child=2 -2 3 4 -1 -5 -4
right_child=1 -3 6 5 -6 -7 -8
leaf_value=-9.1156346098300253e-05 -6.2671067315260649e-05 0.00012495514639389074 0.00026697353184634625 6.9479416804562115e-06 -8.5477324022901129e-05 -0.00027035021977059027 -7.1915275825267664e-06
leaf_weight=27 55 32 99 355 82 26 74
leaf_count=27 55 32 99 355 82 26 74
internal_value=-0.001 -0.00603448 -0.000339367 -0.00142857 -0.00711009 0.00019685 0.00274566
internal_weight=750 87 663 490 109 381 173
internal_count=750 87 663 490 109 381 173
is_linear=0
shrinkage=0.05


Tree=70
num_leaves=8
num_cat=0
split_feature=13 14 14 8 0 1 14
split_gain=1.179 0.964744 1.32591 1.28 1.13824 1.10667 1.92187
threshold=26.284999847412113 0.12708615320093045 0.075303566395644742 0.0013641268783450846 0.0427949692572216 0.012572972839760001 0.041854253665611248
decision_type=2 2 2 10 2 2 2
left_child=1 2 4 -4 5 6 -1
right_child=-2 -3 3 -5 -6 -7 -8
leaf_value=9.3543455947689081e-06 0.00024102395189141312 -3.5156434929426404e-05 -5.9668642695299458e-05 0.00023262131378468196 0.00035187420342217186 -2.8596729261154335e-05 -0.00017023069604333422
leaf_weight=299 26 30 25 25 25 268 43
leaf_count=299 26 30 25 25 25 268 43
internal_value=-0.000843455 -0.00122378 -0.000839416 0.007 -0.00145669 -0.00188525 0
internal_weight=741 715 685 50 635 610 342
internal_count=741 715 685 50 635 610 342
is_linear=0
shrinkage=0.05


Tree=71
num_leaves=8
num_cat=0
split_feature=8 3 3 14 12 11 11
split_gain=0.908281 2.79567 1.57956 1.90476 1.37279 1.28595 1.76938
threshold=0.11752294250719265 -0.0031134937969830019 0.0039807100691371397 -1.0000000180025095e-35 0.029126733628815019 0.020793253578218044 0.011258220737919157
decision_type=8 2 2 2 2 2 2
left_child=5 -2 3 -3 -4 6 -1
right_child=1 2 4 -5 -6 -7 -8
leaf_value=4.1275834271289542e-06 8.1867731093291694e-05 -0.00019487556083833937 0.0001046642871927541 -9.2868123818031951e-05 -0.00013952790924317386 8.7369782163531897e-05 -8.6315037489376108e-05
leaf_weight=400 46 40 27 30 26 86 92
leaf_count=400 46 40 27 30 26 86 92
internal_value=-0.000769746 -0.00399408 -0.00792683 -0.0128571 -0.00141509 0.00017301 -0.000813008
internal_weight=747 169 123 70 53 578 492
internal_count=747 169 123 70 53 578 492
is_linear=0
shrinkage=0.05


Tree=72
num_leaves=8
num_cat=0
split_feature=3 15 3 0 15 15 7
split_gain=0.791245 1.61161 1.75045 2.00516 1.26652 1.5819 1.48212
threshold=-0.0072311405952642507 -0.016818187782860091 -0.0088047656560408232 -0.0027839811583807435 -0.014480811817880189 -0.0089519670878866458 0.078707049729156112
decision_type=2 2 2 2 2 2 2
left_child=1 -1 3 -3 -2 -6 -7
right_child=4 2 -4 -5 5 6 -8
leaf_value=-8.2404339290930155e-05 0.00027926704868231445 0.00040862791724268524 -0.00016336896996971032 -0.00034188293429304343 -0.00013616922464663385 7.7495746564274288e-06 -4.8363899444522908e-05
leaf_weight=32 42 61 25 26 43 445 73
leaf_count=32 42 61 25 26 43 445 73
internal_value=-0.00083668 -0.00416667 -0.00133929 0.00201149 -4.14594e-05 -0.000668449 9.65251e-05
internal_weight=747 144 112 87 603 561 518
internal_count=747 144 112 87 603 561 518
is_linear=0
shrinkage=0.05


Tree=73
num_leaves=8
num_cat=0
split_feature=11 4 4 5 4 2 12
split_gain=0.945663 2.24214 1.85526 0.992833 2.30605 1.61856 0.95217
threshold=-0.015853229563171863 0.028136204537547675 0.039430124831927198 0.024935200044661297 0.047556412179040032 -0.14631600121704982 0.061412549385283739
decision_type=2 2 2 2 2 2 2
left_child=1 -1 -3 5 -5 -2 -7
right_child=3 2 -4 4 -6 6 -8
leaf_value=0.00026362472464283143 -0.00010035587820935357 -0.00018072241509894152 0.00025017229446474323 0.0001919064613012148 -0.00012935111998978342 -9.4633878859639801e-06 -0.00010563526487226208
leaf_weight=27 25 31 48 39 46 499 31
leaf_count=27 25 31 48 39 46 499 31
internal_value=-0.00107239 0.00330189 -0.000949367 -0.00179687 0.00323529 -0.00256757 -0.00198113
internal_weight=746 106 79 640 85 555 530
internal_count=746 106 79 640 85 555 530
is_linear=0
shrinkage=0.05


Tree=74
num_leaves=8
num_cat=0
split_feature=16 8 3 7 0 6 1
split_gain=0.9391 1.15353 1.22346 1.0981 1.36911 2.9756 1.52296
threshold=0.031544016565648099 0.031712165311669323 0.0016474550555957148 0.073118982919327405 0.0050243521246500231 -0.42987154403033168 0.015721436408646986
decision_type=2 8 2 2 2 2 2
left_child=3 -2 -3 4 -1 6 -6
right_child=1 2 -4 -5 5 -7 -8
leaf_value=-2.5409023430695427e-05 -1.9149870308215068e-05 0.00033282676859689131 2.3076421483415357e-06 -0.00013705476477634146 6.4563904055130452e-05 -1.1825219515113929e-05 0.00030362015202016186
leaf_weight=367 30 29 47 67 52 135 27
leaf_count=367 30 29 47 67 52 135 27
internal_value=-0.00106101 0.00330189 0.00657895 -0.00177469 -0.00107573 0.0021028 0.00981013
internal_weight=754 106 76 648 581 214 79
internal_count=754 106 76 648 581 214 79
is_linear=0
shrinkage=0.05


Tree=75
num_leaves=8
num_cat=0
split_feature=4 4 4 9 3 7 2
split_gain=0.921854 1.56316 1.37078 1.64189 2.41252 1.66855 1.20855
threshold=0.023654050705450846 0.022213688920181641 0.041898824744415357 -0.024630600124783072 -0.0055027432935402789 0.014101592878002835 -0.11597296391419297
decision_type=2 2 2 8 2 2 2
left_child=1 -1 6 -4 -5 -6 -2
right_child=2 -3 3 4 5 -7 -8
leaf_value=-9.7340269392866977e-07 -0.00017381917818238337 -0.00013419692615677082 5.0152113439832367e-05 -0.00025856344277477606 0.00013346503446360537 -0.00016560485716131574 1.1528145531564117e-05
leaf_weight=76 28 44 37 29 46 36 433
leaf_count=76 28 44 37 29 46 36 433
internal_value=-0.000994513 -0.005 -0.000205255 -0.00439189 -0.00743243 -0.00304878 0.00113883
internal_weight=729 120 609 148 111 82 461
internal_count=729 120 609 148 111 82 461
is_linear=0
shrinkage=0.05


Tree=76
num_leaves=8
num_cat=0
split_feature=1 11 6 6 11 7 16
split_gain=0.761122 0.765573 1.7131 1.46109 1.44727 1.29101 2.6016
threshold=0.10483676837680102 0.0026615433569360252 -0.66629615535870379 1.1308514479160541 0.00023769852102906167 0.0037034019120144594 -0.00093479693831888244
decision_type=2 2 2 2 2 2 2
left_child=1 2 -1 5 -4 -3 -7
right_child=-2 3 4 -5 -6 6 -8
leaf_value=0.00017670085425208447 0.00020135863787616986 2.9311858868573664e-05 -2.8746381497759231e-05 -0.00012475994132994485 0.00014270402528245886 -0.00020050902447338298 -4.6913037580452635e-06
leaf_weight=66 39 119 226 36 33 29 203
leaf_count=66 39 119 226 36 33 29 203
internal_value=-0.00103196 -0.00140449 0.000384615 -0.00290698 -0.00144788 -0.00192308 -0.00409483
internal_weight=751 712 325 387 259 351 232
internal_count=751 712 325 387 259 351 232
is_linear=0
shrinkage=0.05


Tree=77
num_leaves=8
num_cat=0
split_feature=5 4 2 8 8 4 9
split_gain=0.823242 1.41652 1.31048 1.30645 0.892752 2.45467 0.837801
threshold=0.024935200044661297 0.047556412179040032 -0.15081235653541833 -0.083927879029074268 -0.077902358184302342 0.041898824744415357 0.050620763730576786
decision_type=2 2 2 10 8 2 10
left_child=2 -2 -1 -3 -4 6 -6
right_child=1 3 4 -5 5 -7 -8
leaf_value=-9.8040831742771475e-05 0.00017544274474107989 5.9282254454196862e-05 4.9387583017338793e-05 -6.6494649348549165e-05 1.2389057329873985e-05 -0.00019427848461418592 -1.5831298407617547e-05
leaf_weight=33 41 31 57 31 223 37 299
leaf_count=33 41 31 57 31 223 37 299
internal_value=-0.00099734 0.00315534 -0.00165639 -0.0016129 -0.00113636 -0.00174419 -0.000862069
internal_weight=752 103 649 62 616 559 522
internal_count=752 103 649 62 616 559 522
is_linear=0
shrinkage=0.05


Tree=78
num_leaves=8
num_cat=0
split_feature=13 3 15 14 9 3 9
split_gain=1.11218 0.803345 2.50769 1.36569 1.28663 0.872971 0.973882
threshold=26.284999847412113 0.0088921083109245753 0.014037039244027329 -0.067583665573298909 0.28748687398332523 -0.016626258207908359 0.41246056207323573
decision_type=2 2 2 2 8 2 8
left_child=1 3 4 -1 -3 -5 -7
right_child=-2 2 -4 5 -6 6 -8
leaf_value=4.3174726548550134e-05 0.00021057593394475176 -0.00019005965053411797 0.00021794312428412331 1.6395690460799512e-05 -0.00010444187947332976 -9.1810438242467824e-07 -7.0333914120422185e-05
leaf_weight=47 26 34 40 31 33 394 133
leaf_count=47 26 34 40 31 33 394 133
internal_value=-0.000542005 -0.000912921 -0.00490654 -0.000206612 -0.0108209 -0.000896057 -0.00137571
internal_weight=738 712 107 605 67 558 527
internal_count=738 712 107 605 67 558 527
is_linear=0
shrinkage=0.05


Tree=79
num_leaves=8
num_cat=0
split_feature=11 16 16 15 14 14 11
split_gain=0.894382 0.990859 1.12611 0.926085 1.20431 1.7805 1.68778
threshold=0.022655260909184464 -0.024955154163456002 -0.047035713799129346 0.017801485800590825 -0.04578454363779693 -0.05546753287916955 -0.015853229563171863
decision_type=2 2 2 2 2 2 2
left_child=1 2 -1 4 5 -3 -6
right_child=-2 3 -4 -5 6 -7 -8
leaf_value=-7.853712154050216e-05 2.871754886299826e-05 -4.1356392448014876e-05 9.6118239396863786e-05 -2.0319699213939203e-05 0.00042056578723414351 0.00036689001087388776 -4.9510862324499274e-05
leaf_weight=30 101 62 73 39 26 25 396
leaf_count=30 101 62 73 39 26 25 396
internal_value=-0.000664894 -0.00134409 0.00315534 -0.00218978 -0.00162083 0.00373563 -0.00272512
internal_weight=752 651 103 548 509 87 422
internal_count=752 651 103 548 509 87 422
is_linear=0
shrinkage=0.05


end of trees

feature_importances:
vix_chg_1d=53
sector_ret_1d=44
overnight_gap=41
spy_ret_5d=40
spy_ret_20d=40
ret_1d=37
dist_ma200=37
ret_5d=35
vix_level=33
dist_ma50=29
parkinson_20=28
dist_ma20=27
atr_pct=26
sector_ret_5d=26
dvol_z_20=24
spy_ret_1d=24
ret_20d=16

parameters:
[boosting: gbdt]
[objective: quantile]
[metric: quantile]
[tree_learner: serial]
[device_type: cpu]
[data_sample_strategy: bagging]
[data: ]
[valid: ]
[num_iterations: 80]
[learning_rate: 0.05]
[num_leaves: 8]
[num_threads: 1]
[seed: 0]
[deterministic: 0]
[force_col_wise: 1]
[force_row_wise: 0]
[histogram_pool_size: -1]
[max_depth: -1]
[min_data_in_leaf: 25]
[min_sum_hessian_in_leaf: 0.001]
[bagging_fraction: 0.9]
[pos_bagging_fraction: 1]
[neg_bagging_fraction: 1]
[bagging_freq: 1]
[bagging_seed: 3]
[bagging_by_query: 0]
[feature_fraction: 0.9]
[feature_fraction_bynode: 1]
[feature_fraction_seed: 2]
[extra_trees: 0]
[extra_seed: 6]
[early_stopping_round: 0]
[early_stopping_min_delta: 0]
[first_metric_only: 0]
[max_delta_step: 0]
[lambda_l1: 0]
[lambda_l2: 0]
[linear_lambda: 0]
[min_gain_to_split: 0]
[drop_rate: 0.1]
[max_drop: 50]
[skip_drop: 0.5]
[xgboost_dart_mode: 0]
[uniform_drop: 0]
[drop_seed: 4]
[top_rate: 0.2]
[other_rate: 0.1]
[min_data_per_group: 100]
[max_cat_threshold: 32]
[cat_l2: 10]
[cat_smooth: 10]
[max_cat_to_onehot: 4]
[top_k: 20]
[monotone_constraints: ]
[monotone_constraints_method: basic]
[monotone_penalty: 0]
[feature_contri: ]
[forcedsplits_filename: ]
[refit_decay_rate: 0.9]
[cegb_tradeoff: 1]
[cegb_penalty_split: 0]
[cegb_penalty_feature_lazy: ]
[cegb_penalty_feature_coupled: ]
[path_smooth: 0]
[interaction_constraints: ]
[verbosity: -1]
[saved_feature_importance_type: 0]
[use_quantized_grad: 0]
[num_grad_quant_bins: 4]
[quant_train_renew_leaf: 0]
[stochastic_rounding: 1]
[linear_tree: 0]
[max_bin: 255]
[max_bin_by_feature: ]
[min_data_in_bin: 3]
[bin_construct_sample_cnt: 200000]
[data_random_seed: 1]
[is_enable_sparse: 1]
[enable_bundle: 1]
[use_missing: 1]
[zero_as_missing: 0]
[feature_pre_filter: 1]
[pre_partition: 0]
[two_round: 0]
[header: 0]
[label_column: ]
[weight_column: ]
[group_column: ]
[ignore_column: ]
[categorical_feature: ]
[forcedbins_filename: ]
[precise_float_parser: 0]
[parser_config_file: ]
[objective_seed: 5]
[num_class: 1]
[is_unbalance: 0]
[scale_pos_weight: 1]
[sigmoid: 1]
[boost_from_average: 1]
[reg_sqrt: 0]
[alpha: 0.5]
[fair_c: 1]
[poisson_max_delta_step: 0.7]
[tweedie_variance_power: 1.5]
[lambdarank_truncation_level: 30]
[lambdarank_norm: 1]
[label_gain: ]
[lambdarank_position_bias_regularization: 0]
[eval_at: ]
[multi_error_top_k: 1]
[auc_mu_weights: ]
[num_machines: 1]
[local_listen_port: 12400]
[time_out: 120]
[machine_list_filename: ]
[machines: ]
[gpu_platform_id: -1]
[gpu_device_id: -1]
[gpu_device_id_list: ]
[gpu_use_dp: 0]
[num_gpu: 1]

end of parameters

pandas_categorical:[]
