tree
version=v4
num_class=1
num_tree_per_iteration=1
label_index=0
max_feature_idx=16
objective=quantile
feature_names=ret_1d ret_5d ret_20d overnight_gap atr_pct parkinson_20 dvol_z_20 dist_ma20 dist_ma50 dist_ma200 spy_ret_1d spy_ret_5d spy_ret_20d vix_level vix_chg_1d sector_ret_1d sector_ret_5d
feature_infos=[-0.17271719917675077:0.14156603885353425] [-0.24562833305913834:0.20542155680886265] [-0.27235661143188483:0.34122946737721804] [-0.20437715589363559:0.16293075108292077] [0.015792487678738604:0.08293925316793338] [0.00950043284054586:0.043673640340742462] [-2.4446134103697617:4.2530525795644785] [-0.21681965791273061:0.21701817050147221] [-0.31396387714045815:0.23897642320325385] [-0.39073939383374767:0.27717971722183843] [-0.058542971330535654:0.10501930183911301] [-0.11496151859245618:0.082843162776128354] [-0.1226559005192206:0.15756591020035837] [11.859999656677246:52.330001831054688] [-0.35753873962348437:0.74039073966007019] [-0.068247998544687438:0.13425697132599002] [-0.13587196028298487:0.11773217696052685]
tree_sizes=848 857 856 858 857 850 846 862 846 850 853

Tree=0
num_leaves=8
num_cat=0
split_feature=8 1 16 14 6 13 14
split_gain=5.14888 2.68457 2.01554 1.81361 1.6436 1.37149 1.59796
threshold=-0.084954530377989765 0.079131908438150225 0.045745749864412828 -0.086337752297859935 -0.16647831642748734 14.175000190734865 0.070306169308441371
decision_type=10 2 2 2 2 2 2
left_child=-1 2 3 -2 5 -5 -7
right_child=1 -3 -4 4 -6 6 -8
leaf_value=-0.011229695472866296 -0.010700104176066816 -0.011368446610867977 -0.010757719178218394 -0.010657846741378308 -0.010995895555242895 -0.010952231637202204 -0.010642211814410985
leaf_weight=180 34 31 46 85 201 144 25
leaf_count=180 34 31 46 85 201 144 25
internal_value=-0.0110608 -0.00871832 -0.00788941 -0.00883068 -0.00966306 -0.00698979 -0.00959544
internal_weight=746 566 535 489 455 254 169
internal_count=746 566 535 489 455 254 169
is_linear=0
shrinkage=1


Tree=1
num_leaves=8
num_cat=0
split_feature=8 1 11 11 12 5 3
split_gain=3.98877 2.51979 2.30484 1.32969 1.29768 1.10079 1.59128
threshold=-0.10498812221867708 0.085379702079970712 0.029305093404121577 0.019556764027941379 -0.050232690438178178 0.020005439841981162 0.00033012974913315679
decision_type=10 2 2 2 2 2 2
left_child=4 2 3 -2 -1 -6 -7
right_child=1 -3 -4 -5 5 6 -8
leaf_value=4.7888685949146713e-05 6.3598076812922989e-05 -0.00044859449379146103 0.00027866319200256837 -0.00027874209103174503 -0.00034005629364401106 -0.00046189764048904186 2.9416368342936004e-05
leaf_weight=28 470 29 40 51 42 44 29
leaf_count=28 470 29 40 51 42 44 29
internal_value=-0.000375171 0.00144068 0.0021836 0.00129559 -0.00786713 -0.0102174 -0.00650685
internal_weight=733 590 561 521 143 115 73
internal_count=733 590 561 521 143 115 73
is_linear=0
shrinkage=0.05


Tree=2
num_leaves=8
num_cat=0
split_feature=8 4 14 13 3 3 0
split_gain=3.00381 2.20476 1.73691 1.91795 1.40257 2.212 1.98837
threshold=-0.084954530377989765 0.042370271027944682 -0.086337752297859935 19.814999580383304 -0.0057063064856388004 -0.0096509360601917931 0.025066456636069549
decision_type=10 2 2 2 2 2 2
left_child=-1 2 -2 4 5 -4 -6
right_child=1 -3 3 -5 6 -7 -8
leaf_value=-0.00028222980943974114 0.00019460306316614157 -0.00040591073851101102 8.2073548575863255e-05 0.00031913236645050359 6.3718272103869847e-05 -0.00033265707871760246 -0.00030868656653910872
leaf_weight=174 36 28 37 46 342 46 36
leaf_count=174 36 28 37 46 342 46 36
internal_value=-0.00057047 0.00118214 0.00188766 0.00113412 0.00016269 -0.00572289 0.00145503
internal_weight=745 571 543 507 461 83 378
internal_count=745 571 543 507 461 83 378
is_linear=0
shrinkage=0.05


Tree=3
num_leaves=8
num_cat=0
split_feature=0 8 4 8 9 14 10
split_gain=2.84118 1.36483 2.52748 1.80407 2.27368 1.748 1.73572
threshold=-0.025771245006439566 -0.084954530377989765 0.04185508393818349 0.08562819493588493 -0.036537576758516425 -0.086337752297859935 -0.0045587761694280129
decision_type=2 10 2 10 10 2 2
left_child=-1 6 3 5 -5 -3 -2
right_child=1 2 -4 4 -6 -7 -8
leaf_value=-0.0002753082390678174 0.00019686224709148512 0.00023393934881314637 -0.00039438770167762405 0.00010435859608878682 -0.00014510918655432766 9.5861524840074703e-05 -0.00026811831896775409
leaf_weight=82 29 26 25 38 57 372 108
leaf_count=82 29 26 25 38 57 372 108
internal_value=0.000237449 0.00133588 0.00250965 0.00329615 -0.00289474 0.00477387 -0.00310219
internal_weight=737 655 518 493 95 398 137
internal_count=737 655 518 493 95 398 137
is_linear=0
shrinkage=0.05


Tree=4
num_leaves=8
num_cat=0
split_feature=0 16 5 6 5 14 4
split_gain=2.1915 1.45403 1.45373 2.17382 1.7895 1.74927 1.68923
threshold=-0.025771245006439566 -0.043074199358928138 0.015234378090782692 -0.60315399433802097 0.019121452715351078 -0.00064785032559577782 0.025479777444328378
decision_type=2 2 2 2 2 2 2
left_child=-1 -2 6 4 5 -4 -3
right_child=1 2 3 -5 -6 -7 -8
leaf_value=-0.0002213786492983854 0.00028994125117342266 0.00017764048142488722 -0.00027641046094076954 -0.00011871852613739068 0.00022092839971910516 8.6413770127637742e-05 -0.0003024516326721823
leaf_weight=75 28 186 33 290 77 28 26
leaf_count=75 28 186 33 290 77 28 26
internal_value=0.000437416 0.00134731 0.000859375 -0.000817757 0.00434783 -0.00204918 0.00424528
internal_weight=743 668 640 428 138 61 212
internal_count=743 668 640 428 138 61 212
is_linear=0
shrinkage=0.05


Tree=5
num_leaves=8
num_cat=0
split_feature=4 8 15 7 6 9 10
split_gain=2.89585 1.85669 1.98263 1.52913 1.28 1.23668 1.68022
threshold=0.048673462632161997 -0.10498812221867708 0.0057215604029519094 -0.053137879978104534 -0.24481293301415777 -0.13985197855391898 0.0004408774644957259
decision_type=2 10 2 2 2 8 2
left_child=1 2 3 -1 -2 -3 -7
right_child=4 5 -4 -5 -6 6 -8
leaf_value=7.8106576150572401e-05 -0.00017194322246546603 0.00010953770493069416 -0.00053648692718573832 -0.00029639062065076846 -0.00063264882856881195 -3.7098976468654628e-05 0.00010950218790924238
leaf_weight=53 25 66 39 26 25 217 281
leaf_count=53 25 66 39 26 25 217 281
internal_value=0.000614754 0.00146628 -0.00423729 0.000316456 -0.011 0.00265957 0.00180723
internal_weight=732 682 118 79 50 564 498
internal_count=732 682 118 79 50 564 498
is_linear=0
shrinkage=0.05


Tree=6
num_leaves=8
num_cat=0
split_feature=4 14 15 8 15 7 8
split_gain=1.72862 1.65205 1.92308 1.33208 2.13529 2.1343 1.99781
threshold=0.048673462632161997 -0.086337752297859935 0.015596534826129329 -0.083085537569158083 0.0056427515142557514 -0.053137879978104534 -0.054765160855519683
decision_type=2 2 2 10 2 2 10
left_child=1 2 -1 4 5 -3 -5
right_child=-2 3 -4 6 -6 -7 -8
leaf_value=0.00040243002336965995 -0.00038089924207690439 8.0000031600982945e-05 -7.1056815984335987e-06 0.00016890975958049376 -0.00044757696504165481 -0.0002492430592647015 2.5045780666540542e-05
leaf_weight=26 49 58 26 34 40 38 473
leaf_count=26 49 58 26 34 40 38 473
internal_value=0.000403226 0.00104317 0.00961538 0.000349922 -0.00404412 0 0.0015286
internal_weight=744 695 52 643 136 96 507
internal_count=744 695 52 643 136 96 507
is_linear=0
shrinkage=0.05


Tree=7
num_leaves=8
num_cat=0
split_feature=0 0 11 9 10 3 12
split_gain=2.0273 1.33788 1.84605 1.65674 1.46377 1.43576 2.02543
threshold=-0.025771245006439566 -0.0048018931532720069 -0.017414661079240442 0.06740618512612874 -0.0019060348460245289 1.0000000180025095e-35 0.046585170844293929
decision_type=2 2 2 8 2 2 2
left_child=-1 2 -2 -4 -5 6 -3
right_child=1 5 3 4 -6 -7 -8
leaf_value=-0.00024685771647221306 0.00031696904078056703 -0.00021570328488691926 -0.00015021131372754118 -2.5194228826675577e-07 0.00026417340410606548 4.5555915603230983e-05 6.4897482014124848e-05
leaf_weight=75 36 132 90 43 50 288 26
leaf_count=75 36 132 90 43 50 288 26
internal_value=-0.000540541 0.000338346 0.00353881 0.00150273 0.0061828 -0.00123318 -0.00506329
internal_weight=740 665 219 183 93 446 158
internal_count=740 665 219 183 93 446 158
is_linear=0
shrinkage=0.05


Tree=8
num_leaves=8
num_cat=0
split_feature=4 1 1 9 15 8 13
split_gain=2.2691 1.3339 1.76974 2.02795 1.71258 1.45123 1.37997
threshold=0.048673462632161997 0.085379702079970712 0.052164013017156348 0.0069152501088614047 0.014842591759516634 0.0006192226062136098 20.060000419616703
decision_type=2 2 2 8 2 8 2
left_child=1 2 4 -4 6 -6 -1
right_child=-2 -3 3 -5 5 -7 -8
leaf_value=1.1168431253621124e-05 -0.00035937317694974204 -0.0003955848177113042 0.00029234695359000272 6.8416462512531153e-05 8.8515754431687819e-05 -0.00026930439443738656 0.00014706981791792523
leaf_weight=452 50 29 31 38 30 41 90
leaf_count=452 50 29 31 38 30 41 90
internal_value=0.000295664 0.00101969 0.00146628 0.00905797 0.000611746 -0.00669014 0.00156827
internal_weight=761 711 682 69 613 71 542
internal_count=761 711 682 69 613 71 542
is_linear=0
shrinkage=0.05


Tree=9
num_leaves=8
num_cat=0
split_feature=4 13 8 7 13 12 11
split_gain=2.08467 1.21838 1.77279 1.80845 1.45178 2.40227 1.2455
threshold=0.048673462632161997 13.59500026702881 0.092752714193640076 0.0052893007869738726 20.060000419616703 -0.028469935291830225 0.029305093404121577
decision_type=2 2 10 2 2 2 2
left_child=1 2 3 -1 6 -6 -3
right_child=-2 4 -4 -5 5 -7 -8
leaf_value=4.5160061072498792e-05 -0.0004785899309266066 -3.8241618763237102e-05 -7.152607821932756e-05 0.00028764265113914012 -0.00030832328770033046 0.00029660516489300921 5.3805811941041789e-05
leaf_weight=37 49 420 26 51 43 68 44
leaf_count=37 49 420 26 51 43 68 44
internal_value=0.000271003 0.000979681 0.00570175 0.00909091 4.34783e-05 0.00518018 -0.00118534
internal_weight=738 689 114 88 575 111 464
internal_count=738 689 114 88 575 111 464
is_linear=0
shrinkage=0.05


Tree=10
num_leaves=8
num_cat=0
split_feature=4 5 9 7 8 0 0
split_gain=2.35793 2.5719 2.29098 2.54237 2.55898 1.56001 2.30841
threshold=0.025460947919454063 0.015706751894335385 -0.038798353012020829 0.02770813165039621 0.017433651471224113 -0.019053882667218743 -0.010407333332363487
decision_type=2 2 8 2 10 2 2
left_child=1 2 -1 4 -4 -2 -7
right_child=5 -3 3 -5 -6 6 -8
leaf_value=0.000287387326288353 -0.00027021956344968728 -0.00020953783103940145 6.7114221428158085e-05 -5.9765557913690589e-05 0.00031397326477494144 0.00014063175446967034 -4.8724095296573404e-05
leaf_weight=31 96 34 66 59 52 69 341
leaf_count=31 96 34 66 59 52 69 341
internal_value=-0.00013369 0.00392562 0.00600962 0.00381356 0.00805085 -0.0020751 -0.000731707
internal_weight=748 242 208 177 118 506 410
internal_count=748 242 208 177 118 506 410
is_linear=0
shrinkage=0.05


end of trees

feature_importances:
dist_ma50=11
atr_pct=8
ret_1d=7
vix_chg_1d=6
dist_ma200=5
vix_level=5
ret_5d=4
overnight_gap=4
parkinson_20=4
dist_ma20=4
spy_ret_5d=4
sector_ret_1d=4
dvol_z_20=3
spy_ret_1d=3
spy_ret_20d=3
sector_ret_5d=2

parameters:
[boosting: gbdt]
[objective: quantile]
[metric: quantile]
[tree_learner: serial]
[device_type: cpu]
[data_sample_strategy: bagging]
[data: ]
[valid: ]
[num_iterations: 80]
[learning_rate: 0.05]
[num_leaves: 8]
[num_threads: 1]
[seed: 0]
[deterministic: 0]
[force_col_wise: 1]
[force_row_wise: 0]
[histogram_pool_size: -1]
[max_depth: -1]
[min_data_in_leaf: 25]
[min_sum_hessian_in_leaf: 0.001]
[bagging_fraction: 0.9]
[pos_bagging_fraction: 1]
[neg_bagging_fraction: 1]
[bagging_freq: 1]
[bagging_seed: 3]
[bagging_by_query: 0]
[feature_fraction: 0.9]
[feature_fraction_bynode: 1]
[feature_fraction_seed: 2]
[extra_trees: 0]
[extra_seed: 6]
[early_stopping_round: 0]
[early_stopping_min_delta: 0]
[first_metric_only: 0]
[max_delta_step: 0]
[lambda_l1: 0]
[lambda_l2: 0]
[linear_lambda: 0]
[min_gain_to_split: 0]
[drop_rate: 0.1]
[max_drop: 50]
[skip_drop: 0.5]
[xgboost_dart_mode: 0]
[uniform_drop: 0]
[drop_seed: 4]
[top_rate: 0.2]
[other_rate: 0.1]
[min_data_per_group: 100]
[max_cat_threshold: 32]
[cat_l2: 10]
[cat_smooth: 10]
[max_cat_to_onehot: 4]
[top_k: 20]
[monotone_constraints: ]
[monotone_constraints_method: basic]
[monotone_penalty: 0]
[feature_contri: ]
[forcedsplits_filename: ]
[refit_decay_rate: 0.9]
[cegb_tradeoff: 1]
[cegb_penalty_split: 0]
[cegb_penalty_feature_lazy: ]
[cegb_penalty_feature_coupled: ]
[path_smooth: 0]
[interaction_constraints: ]
[verbosity: -1]
[saved_feature_importance_type: 0]
[use_quantized_grad: 0]
[num_grad_quant_bins: 4]
[quant_train_renew_leaf: 0]
[stochastic_rounding: 1]
[linear_tree: 0]
[max_bin: 255]
[max_bin_by_feature: ]
[min_data_in_bin: 3]
[bin_construct_sample_cnt: 200000]
[data_random_seed: 1]
[is_enable_sparse: 1]
[enable_bundle: 1]
[use_missing: 1]
[zero_as_missing: 0]
[feature_pre_filter: 1]
[pre_partition: 0]
[two_round: 0]
[header: 0]
[label_column: ]
[weight_column: ]
[group_column: ]
[ignore_column: ]
[categorical_feature: ]
[forcedbins_filename: ]
[precise_float_parser: 0]
[parser_config_file: ]
[objective_seed: 5]
[num_class: 1]
[is_unbalance: 0]
[scale_pos_weight: 1]
[sigmoid: 1]
[boost_from_average: 1]
[reg_sqrt: 0]
[alpha: 0.5]
[fair_c: 1]
[poisson_max_delta_step: 0.7]
[tweedie_variance_power: 1.5]
[lambdarank_truncation_level: 30]
[lambdarank_norm: 1]
[label_gain: ]
[lambdarank_position_bias_regularization: 0]
[eval_at: ]
[multi_error_top_k: 1]
[auc_mu_weights: ]
[num_machines: 1]
[local_listen_port: 12400]
[time_out: 120]
[machine_list_filename: ]
[machines: ]
[gpu_platform_id: -1]
[gpu_device_id: -1]
[gpu_device_id_list: ]
[gpu_use_dp: 0]
[num_gpu: 1]

end of parameters

pandas_categorical:[]
