tree
version=v4
num_class=1
num_tree_per_iteration=1
label_index=0
max_feature_idx=16
objective=quantile
feature_names=ret_1d ret_5d ret_20d overnight_gap atr_pct parkinson_20 dvol_z_20 dist_ma20 dist_ma50 dist_ma200 spy_ret_1d spy_ret_5d spy_ret_20d vix_level vix_chg_1d sector_ret_1d sector_ret_5d
feature_infos=[-0.077008628405865975:0.061250345408062845] [-0.11635307204588674:0.1100694500093844] [-0.10904002706669436:0.16894011859318669] [-0.068946329109628279:0.032688057098184897] [0.012986649225289396:0.037250160810393527] [0.0085692773785220073:0.024090429492514279] [-2.6802076458772941:4.1897831416319891] [-0.092611288217061105:0.081203380258286995] [-0.12101866411414042:0.10911504398086591] [-0.16888064407020809:0.079537320498624497] [-0.058542971330535654:0.10501930183911301] [-0.11496151859245618:0.082843162776128354] [-0.1226559005192206:0.15756591020035837] [11.859999656677246:52.330001831054688] [-0.35753873962348437:0.74039073966007019] [-0.045565914362008186:0.057443288787383029] [-0.11461315937536976:0.085316917045247465]
tree_sizes=856 863 853 864 850 861 862 866 856 860 862 850 865 849

Tree=0
num_leaves=8
num_cat=0
split_feature=10 15 9 10 16 2 8
split_gain=2.02602 3 1.80156 2.59055 2.16482 1.84915 2.20543
threshold=0.0042845596589152777 0.0026839152717136332 -0.090308146130748598 -0.0086987636486000035 0.0046724448018161677 -0.026553457083676343 -0.023092022739492731
decision_type=2 2 10 2 2 2 10
left_child=1 2 5 -4 -5 -1 -7
right_child=-2 -3 3 4 -6 6 -8
leaf_value=-0.0077885235194116833 -0.007822302263230085 -0.0080032035242766138 -0.0080889041535556309 -0.0077298297546803951 -0.0079040350858122117 -0.0082494038157165054 -0.0079324837308377034
leaf_weight=64 239 156 38 103 55 28 63
leaf_count=64 239 156 38 103 55 28 63
internal_value=-0.00800646 -0.00979549 -0.00723139 -0.00404588 -0.00122684 -0.0112595 -0.0158394
internal_weight=746 507 351 196 158 155 91
internal_count=746 507 351 196 158 155 91
is_linear=0
shrinkage=1


Tree=1
num_leaves=8
num_cat=0
split_feature=8 11 8 10 1 16 3
split_gain=2.22098 1.76502 2.18886 1.54898 1.31017 2.12158 2.1679
threshold=0.061836331957767283 0.030456438390909838 -0.057081201042390665 0.0023061717874046654 0.016421842394425571 -0.014668451444485307 -0.0018091316998660731
decision_type=8 2 10 2 2 2 2
left_child=1 2 -1 -2 5 6 -4
right_child=3 -3 4 -5 -6 -7 -8
leaf_value=0.00013844322063960135 -0.00023207860998809338 0.00018763638101518154 -0.0001801779703237116 -9.0780057944357423e-05 -9.062069701030853e-05 4.5248335227370248e-05 3.2695364207029327e-05
leaf_weight=54 32 51 57 27 134 327 51
leaf_count=54 32 51 57 27 134 327 51
internal_value=-0.000443383 0.00037092 -0.000361156 -0.00974576 -0.00127417 5.74713e-05 -0.00601852
internal_weight=733 674 623 59 569 435 108
internal_count=733 674 623 59 569 435 108
is_linear=0
shrinkage=0.05


Tree=2
num_leaves=8
num_cat=0
split_feature=8 6 16 9 2 4 1
split_gain=2.21249 2.33909 1.91248 2.09937 1.71792 1.57844 1.4274
threshold=-0.057081201042390665 0.22231202402780662 0.01608961461062464 -0.09138142675510412 0.0082165092023529524 0.021243432473804939 0.019853341143630358
decision_type=8 2 2 10 2 2 2
left_child=-1 6 3 5 -5 -3 -2
right_child=1 2 -4 4 -6 -7 -8
leaf_value=0.00016716280131367966 5.1094732247293063e-05 -9.7850788384675977e-05 4.3487028218805763e-05 4.6849086415022604e-05 -0.00021269488986581559 -0.0004987395172938705 -8.0631548422388687e-05
leaf_weight=61 367 47 46 61 41 27 95
leaf_count=61 367 47 46 61 41 27 95
internal_value=0.000302013 -0.000511696 -0.00472973 -0.00710227 -0.00245098 -0.0135135 0.00151515
internal_weight=745 684 222 176 102 74 462
internal_count=745 684 222 176 102 74 462
is_linear=0
shrinkage=0.05


Tree=3
num_leaves=8
num_cat=0
split_feature=10 0 11 13 2 14 9
split_gain=1.93197 2.11768 2.64992 2.35463 2.00879 2.92004 1.93218
threshold=0.006337694363773628 0.00030630469115944253 0.0019507060207528684 13.824999809265138 0.006283382719972753 -0.02368562203831703 -0.10470013183043818
decision_type=2 2 2 2 2 2 8
left_child=1 2 6 -4 -3 -6 -1
right_child=-2 4 3 -5 5 -7 -8
leaf_value=0.00015939848881971557 8.5001905402168611e-05 -2.0393911428982693e-06 9.8631580779328951e-05 6.4562639806536008e-05 0.00011493800063617525 -0.00027948787813074892 -6.7428438970819091e-05
leaf_weight=29 169 128 39 119 29 79 145
leaf_count=29 169 128 39 119 29 79 145
internal_value=0.00078019 -0.000616197 0.00195783 0.00664557 -0.00423729 -0.00925926 -0.00229885
internal_weight=737 568 332 158 236 108 174
internal_count=737 568 332 158 236 108 174
is_linear=0
shrinkage=0.05


Tree=4
num_leaves=8
num_cat=0
split_feature=8 6 16 6 8 5 2
split_gain=2.28591 2.08147 2.1066 2.05676 2.04741 1.43451 1.34459
threshold=-0.057081201042390665 0.22231202402780662 0.013269634956962208 0.54451901570406847 0.02359794009567984 0.010206244407947273 0.053066659772720633
decision_type=8 2 2 2 8 2 2
left_child=-1 6 3 -3 -4 -5 -2
right_child=1 2 4 5 -6 -7 -8
leaf_value=0.00015087666537670887 3.6676690471358286e-06 -0.00040283728900598366 0.00011964437205111613 0.00014735112039139487 -0.00015784541660454125 -0.00012939927188912407 7.8668674363289006e-05
leaf_weight=59 395 49 27 27 26 95 65
leaf_count=59 395 49 27 27 26 95 65
internal_value=0.000302826 -0.000511696 -0.00446429 -0.00716374 0.00424528 -0.00368852 0.00141304
internal_weight=743 684 224 171 53 122 460
internal_count=743 684 224 171 53 122 460
is_linear=0
shrinkage=0.05


Tree=5
num_leaves=8
num_cat=0
split_feature=8 11 6 6 1 10 7
split_gain=2.49897 2.74437 2.34509 2.12231 2.07836 1.87333 2.17143
threshold=-0.057081201042390665 0.030456438390909838 0.15023623307216608 0.54451901570406847 0.01617497097591836 -0.0080075928939195556 -0.01405164477861187
decision_type=8 2 2 2 2 2 2
left_child=-1 2 4 -4 5 -2 -7
right_child=1 -3 3 -5 -6 6 -8
leaf_value=0.00014701073270905179 -0.00011493668376246933 0.00018276073211304902 -0.00031152521802873531 -3.4651230504503462e-05 -7.7875297548787823e-05 -3.5750014316407063e-05 9.7590685382412654e-05
leaf_weight=55 33 54 70 157 102 91 170
leaf_count=55 33 54 70 157 102 91 170
internal_value=0.000204918 -0.00062777 -0.00156501 -0.00561674 0.000757576 0.00289116 0.00431034
internal_weight=732 677 623 227 396 294 261
internal_count=732 677 623 227 396 294 261
is_linear=0
shrinkage=0.05


Tree=6
num_leaves=8
num_cat=0
split_feature=8 8 15 0 9 6 10
split_gain=2.11811 2.14678 1.44003 3.39995 3.15852 1.99193 1.88406
threshold=-0.057081201042390665 -0.054152739460701531 0.0026839152717136332 -0.0098613164958836746 -0.090308146130748598 -0.10902618197382712 0.0042215296189946913
decision_type=8 10 2 2 8 2 2
left_child=-1 -2 3 5 -5 -3 -4
right_child=1 2 6 4 -6 -7 -8
leaf_value=0.00014272227992514526 -0.00017020958632473198 6.5833430218956331e-05 -9.906131906740087e-05 -0.00023976750420437893 8.6917185711829305e-05 -0.00020555568070655282 3.3647582574016627e-05
leaf_weight=56 38 54 140 38 228 56 134
leaf_count=56 38 54 140 38 228 56 134
internal_value=0.00047043 -0.000290698 0.000384615 0.00239362 0.00545113 -0.005 -0.00237226
internal_weight=744 688 650 376 266 110 274
internal_count=744 688 650 376 266 110 274
is_linear=0
shrinkage=0.05


Tree=7
num_leaves=8
num_cat=0
split_feature=8 8 6 6 15 3 9
split_gain=1.52561 1.87155 1.52975 1.56307 1.44283 1.87167 2.24778
threshold=-0.057081201042390665 -0.055433217991717014 0.2559168631116378 0.54451901570406847 0.00037071655999265657 -0.0023046673765218513 -0.096323810261312745
decision_type=8 10 2 2 2 2 10
left_child=-1 -2 4 -4 -3 -6 -7
right_child=1 2 3 -5 5 6 -8
leaf_value=0.00012884618147616356 -0.00021505854238475548 6.9672068113901285e-05 -0.00036243910394438239 -1.3415803541658342e-05 -0.00017292999663749828 0.0001752265561862625 -4.800369052625033e-05
leaf_weight=59 34 218 50 153 51 63 112
leaf_count=59 34 218 50 153 51 63 112
internal_value=0.000337838 -0.000330396 0.000270479 -0.00332512 0.00191441 -0.000884956 0.00157143
internal_weight=740 681 647 203 444 226 175
internal_count=740 681 647 203 444 226 175
is_linear=0
shrinkage=0.05


Tree=8
num_leaves=8
num_cat=0
split_feature=8 11 6 1 4 4 4
split_gain=2.01715 2.31374 1.67419 1.7155 1.60192 1.598 1.59135
threshold=-0.057081201042390665 0.030456438390909838 -0.10276002951248249 0.016421842394425571 0.022685233815876723 0.01779409870780423 0.015911373852421917
decision_type=8 2 2 2 2 2 2
left_child=-1 2 3 -2 5 6 -4
right_child=1 -3 4 -5 -6 -7 -8
leaf_value=0.00012267982190336586 4.5788749239350787e-05 0.00016579323281611005 2.4316509684605382e-05 -8.5312711811503863e-05 -0.00027454459683060229 1.4948870298592439e-05 -0.00012220833572106058
leaf_weight=64 256 54 38 86 54 136 73
leaf_count=64 256 54 38 86 54 136 73
internal_value=9.85545e-05 -0.000681492 -0.00151633 0.000877193 -0.00423588 -0.00253036 -0.00698198
internal_weight=761 697 643 342 301 247 111
internal_count=761 697 643 342 301 247 111
is_linear=0
shrinkage=0.05


Tree=9
num_leaves=8
num_cat=0
split_feature=8 6 15 9 3 11 13
split_gain=2.17737 1.82609 1.88275 1.71681 1.67056 3.49361 1.63931
threshold=-0.069145075802190356 -0.10902618197382712 0.0039775157955374016 0.033200704141777788 0.00028681410209119301 0.012360939559302066 19.159999847412113
decision_type=8 2 2 8 2 2 2
left_child=-1 2 6 -4 5 -3 -2
right_child=1 4 3 -5 -6 -7 -8
leaf_value=0.00012300986575991153 8.6208205981393914e-05 -0.00018441985678281414 -0.00012714822669261818 4.5157871617973342e-05 4.2301074508194553e-06 5.5986067241972118e-05 -4.2387784805892649e-05
leaf_weight=28 200 99 74 47 193 41 56
leaf_count=28 200 99 74 47 193 41 56
internal_value=0.000609756 7.04225e-05 0.00245358 -0.00268595 -0.00262763 -0.00678571 0.00488281
internal_weight=738 710 377 121 333 140 256
internal_count=738 710 377 121 333 140 256
is_linear=0
shrinkage=0.05


Tree=10
num_leaves=8
num_cat=0
split_feature=2 8 2 1 2 3 3
split_gain=1.58356 2.23346 1.82655 1.29159 2.19687 1.52049 1.96085
threshold=-0.057297476186073275 -0.046798324160157383 -0.075534330318517681 -0.0069263616191206903 0.032049586832356043 0.00028681410209119301 0.002391999889740593
decision_type=2 10 2 2 2 2 2
left_child=2 -2 -1 4 -3 -5 -7
right_child=1 3 -4 5 -6 6 -8
leaf_value=-0.00011326581357962422 -0.0002542850864614492 1.6851193103115809e-05 0.00014291686204958434 -6.8833621233963058e-05 0.00014569573810495294 0.0001108793957822351 -5.3869046371294705e-05
leaf_weight=25 62 159 64 180 29 92 137
leaf_count=25 62 159 64 180 29 92 137
internal_value=0.000200535 -0.000644917 0.00646067 0.000293132 0.0037234 -0.00128362 0.00141921
internal_weight=748 659 89 597 188 409 229
internal_count=748 659 89 597 188 409 229
is_linear=0
shrinkage=0.05


Tree=11
num_leaves=8
num_cat=0
split_feature=2 8 0 15 4 4 9
split_gain=1.69391 1.24917 1.29152 1.7008 2.37464 2.05545 1.86343
threshold=-0.057297476186073275 -0.046269941837921873 0.0051933999646812676 -0.010227914756393229 0.01515866617596871 0.015911373852421917 -0.089147727417166187
decision_type=2 10 2 2 2 2 10
left_child=-1 -2 3 -3 -5 -6 -7
right_child=1 2 -4 4 5 6 -8
leaf_value=0.00010805793867603928 -0.00022138519333518754 -9.5223379712223923e-05 -3.2001725992073479e-05 -7.8373365848779253e-05 0.00014972066454320117 -2.1194250460945743e-05 6.8151991517587956e-05
leaf_weight=88 56 63 211 25 35 94 174
leaf_count=88 56 63 211 25 35 94 174
internal_value=0.000871314 0 0.000664452 0.00236573 0.00381098 0.005033 0.00354478
internal_weight=746 658 602 391 328 303 268
internal_count=746 658 602 391 328 303 268
is_linear=0
shrinkage=0.05


Tree=12
num_leaves=8
num_cat=0
split_feature=10 15 5 9 0 12 16
split_gain=1.76463 2.15557 3.1025 2.51139 3.68432 2.18763 1.76003
threshold=0.0091813381816910917 0.0030862552647784596 0.012393180352995361 -0.097845494042450173 -0.0098613164958836746 0.031286633707519725 0.0071606546783822287
decision_type=2 2 2 10 2 2 2
left_child=1 3 -3 5 -5 -1 -6
right_child=-2 2 -4 4 6 -7 -8
leaf_value=-3.9461351689567414e-06 5.6376169728145557e-05 -0.0001624658917405347 5.0985740399204349e-05 -8.8979611570086758e-05 0.00011611196538197809 -0.00026763975726114861 3.5633435123883995e-05
leaf_weight=149 102 132 68 76 108 28 63
leaf_count=149 102 132 68 76 108 28 63
internal_value=0.000275482 -0.000721154 -0.005 0.00129717 0.00455466 -0.00324859 0.00862573
internal_weight=726 624 200 424 247 177 171
internal_count=726 624 200 424 247 177 171
is_linear=0
shrinkage=0.05


Tree=13
num_leaves=8
num_cat=0
split_feature=4 6 16 1 1 13 15
split_gain=1.26405 1.60439 1.76388 1.60409 1.59754 2.05826 1.72987
threshold=0.01515866617596871 -0.10902618197382712 0.013269634956962208 0.016764255185666047 0.016421842394425571 18.974999427795414 -0.010227914756393229
decision_type=2 2 2 2 2 2 2
left_child=-1 4 -3 -4 6 -6 -2
right_child=1 2 3 -5 5 -7 -8
leaf_value=-7.2693893266371438e-05 -5.0383002016506654e-05 -3.1367027923386374e-05 0.00010100111567424593 -0.00013799485404389694 -9.1303541833722031e-05 0.00016224706254122374 0.00011152704668690684
leaf_weight=41 35 247 34 46 73 31 235
leaf_count=41 35 247 34 46 73 31 235
internal_value=0.000606469 0.00110556 -0.0014526 0.005 0.00334225 -0.00192308 0.00537037
internal_weight=742 701 327 80 374 104 270
internal_count=742 701 327 80 374 104 270
is_linear=0
shrinkage=0.05


end of trees

feature_importances:
dist_ma50=15
dvol_z_20=11
ret_20d=8
dist_ma200=8
ret_5d=7
atr_pct=7
spy_ret_1d=7
sector_ret_1d=7
sector_ret_5d=6
overnight_gap=5
spy_ret_5d=5
ret_1d=4
vix_level=3
parkinson_20=2
dist_ma20=1
spy_ret_20d=1
vix_chg_1d=1

parameters:
[boosting: gbdt]
[objective: quantile]
[metric: quantile]
[tree_learner: serial]
[device_type: cpu]
[data_sample_strategy: bagging]
[data: ]
[valid: ]
[num_iterations: 80]
[learning_rate: 0.05]
[num_leaves: 8]
[num_threads: 1]
[seed: 0]
[deterministic: 0]
[force_col_wise: 1]
[force_row_wise: 0]
[histogram_pool_size: -1]
[max_depth: -1]
[min_data_in_leaf: 25]
[min_sum_hessian_in_leaf: 0.001]
[bagging_fraction: 0.9]
[pos_bagging_fraction: 1]
[neg_bagging_fraction: 1]
[bagging_freq: 1]
[bagging_seed: 3]
[bagging_by_query: 0]
[feature_fraction: 0.9]
[feature_fraction_bynode: 1]
[feature_fraction_seed: 2]
[extra_trees: 0]
[extra_seed: 6]
[early_stopping_round: 0]
[early_stopping_min_delta: 0]
[first_metric_only: 0]
[max_delta_step: 0]
[lambda_l1: 0]
[lambda_l2: 0]
[linear_lambda: 0]
[min_gain_to_split: 0]
[drop_rate: 0.1]
[max_drop: 50]
[skip_drop: 0.5]
[xgboost_dart_mode: 0]
[uniform_drop: 0]
[drop_seed: 4]
[top_rate: 0.2]
[other_rate: 0.1]
[min_data_per_group: 100]
[max_cat_threshold: 32]
[cat_l2: 10]
[cat_smooth: 10]
[max_cat_to_onehot: 4]
[top_k: 20]
[monotone_constraints: ]
[monotone_constraints_method: basic]
[monotone_penalty: 0]
[feature_contri: ]
[forcedsplits_filename: ]
[refit_decay_rate: 0.9]
[cegb_tradeoff: 1]
[cegb_penalty_split: 0]
[cegb_penalty_feature_lazy: ]
[cegb_penalty_feature_coupled: ]
[path_smooth: 0]
[interaction_constraints: ]
[verbosity: -1]
[saved_feature_importance_type: 0]
[use_quantized_grad: 0]
[num_grad_quant_bins: 4]
[quant_train_renew_leaf: 0]
[stochastic_rounding: 1]
[linear_tree: 0]
[max_bin: 255]
[max_bin_by_feature: ]
[min_data_in_bin: 3]
[bin_construct_sample_cnt: 200000]
[data_random_seed: 1]
[is_enable_sparse: 1]
[enable_bundle: 1]
[use_missing: 1]
[zero_as_missing: 0]
[feature_pre_filter: 1]
[pre_partition: 0]
[two_round: 0]
[header: 0]
[label_column: ]
[weight_column: ]
[group_column: ]
[ignore_column: ]
[categorical_feature: ]
[forcedbins_filename: ]
[precise_float_parser: 0]
[parser_config_file: ]
[objective_seed: 5]
[num_class: 1]
[is_unbalance: 0]
[scale_pos_weight: 1]
[sigmoid: 1]
[boost_from_average: 1]
[reg_sqrt: 0]
[alpha: 0.5]
[fair_c: 1]
[poisson_max_delta_step: 0.7]
[tweedie_variance_power: 1.5]
[lambdarank_truncation_level: 30]
[lambdarank_norm: 1]
[label_gain: ]
[lambdarank_position_bias_regularization: 0]
[eval_at: ]
[multi_error_top_k: 1]
[auc_mu_weights: ]
[num_machines: 1]
[local_listen_port: 12400]
[time_out: 120]
[machine_list_filename: ]
[machines: ]
[gpu_platform_id: -1]
[gpu_device_id: -1]
[gpu_device_id_list: ]
[gpu_use_dp: 0]
[num_gpu: 1]

end of parameters

pandas_categorical:[]
