tree
version=v4
num_class=1
num_tree_per_iteration=1
label_index=0
max_feature_idx=16
objective=quantile
feature_names=ret_1d ret_5d ret_20d overnight_gap atr_pct parkinson_20 dvol_z_20 dist_ma20 dist_ma50 dist_ma200 spy_ret_1d spy_ret_5d spy_ret_20d vix_level vix_chg_1d sector_ret_1d sector_ret_5d
feature_infos=[-0.08971896155538972:0.069875746159443253] [-0.22706387161177766:0.11024845214883627] [-0.26965792112609099:0.22236624370103542] [-0.055308307561695025:0.056676982589298319] [0.01371291264088542:0.056786582271884933] [0.0084688211588895487:0.030742405097130433] [-2.1950544408898112:3.9342803192246758] [-0.21406262140993992:0.11796947274953395] [-0.2542670250499095:0.18858469666141131] [-0.28479558300502028:0.29510591216265447] [-0.058542971330535654:0.10501930183911301] [-0.11496151859245618:0.082843162776128354] [-0.1226559005192206:0.15756591020035837] [11.859999656677246:52.330001831054688] [-0.35753873962348437:0.74039073966007019] [-0.055625943886246643:0.039932904849798945] [-0.11091775398112247:0.072664397618361631]
tree_sizes=841 874 869 865 867 863 859 852 864 860 865 869

Tree=0
num_leaves=8
num_cat=0
split_feature=10 6 9 12 12 3 6
split_gain=1.27682 1.68962 0.524901 0.872303 0.709596 1.00664 0.568191
threshold=-0.011742886099156634 0.30212021227624392 0.13603679958203421 -0.038043904409190692 0.0037862010061723299 -0.00051294758896053272 -0.058745984573633919
decision_type=2 2 10 2 2 2 2
left_child=1 -1 3 -2 -4 -6 -7
right_child=2 -3 4 -5 5 6 -8
leaf_value=-0.016631651891142112 -0.016992213238693241 -0.01819295780390685 -0.016402889740170769 -0.016544075556087397 -0.017011987565195376 -0.016513278055281036 -0.017247443284063566
leaf_weight=38 29 25 61 478 38 45 32
leaf_count=38 29 25 61 478 38 45 32
internal_value=-0.0167484 -0.0235594 -0.0161202 -0.0153035 -0.0184728 -0.020785 -0.0174987
internal_weight=746 63 683 507 176 115 77
internal_count=746 63 683 507 176 115 77
is_linear=0
shrinkage=1


Tree=1
num_leaves=8
num_cat=0
split_feature=10 0 16 8 12 8 11
split_gain=1.26944 0.871915 0.861634 0.541307 0.914847 0.524437 0.479113
threshold=-0.011742886099156634 -0.0052591164291017059 0.037177448016826771 -0.0007977736146536073 -0.014960350168733092 0.015279892529643237 0.020527358618941841
decision_type=2 2 2 8 2 8 2
left_child=1 -1 3 4 -2 -5 -7
right_child=2 -3 -4 5 -6 6 -8
leaf_value=-0.0010315101635907495 -0.00031339783445878591 -0.00090892035232018834 -0.00083828708708834831 -0.00048087571097413348 0.00018833563237144227 9.1464924648775872e-05 -0.00020355731041403447
leaf_weight=35 50 26 31 47 251 246 47
leaf_count=35 50 26 31 47 251 246 47
internal_value=-0.000388813 -0.00729508 0.000238095 0.000631825 0.00217608 -0.000735294 5.11947e-05
internal_weight=733 61 672 641 301 340 293
internal_count=733 61 672 641 301 340 293
is_linear=0
shrinkage=0.05


Tree=2
num_leaves=8
num_cat=0
split_feature=12 5 1 1 3 12 11
split_gain=1.0719 1.01067 0.600634 0.707487 0.502762 0.614603 0.479294
threshold=-0.034828252855943369 0.015469304971874402 -0.0092108534029878824 -0.0049069960410129112 -0.0045166681937807143 0.018300587263459293 -0.0019949818348388155
decision_type=2 2 2 2 2 2 2
left_child=1 -1 4 -4 5 -2 -5
right_child=2 -3 3 6 -6 -7 -8
leaf_value=0.00026329849851101521 -0.0012356752766247818 -0.00063581310503409638 -0.001012765799921551 0.00027772081440308053 0.00024527975570720742 0.00018149105694283032 -5.9051590065806154e-05
leaf_weight=35 25 41 32 106 159 45 302
leaf_count=35 25 41 32 106 159 45 302
internal_value=0.000100671 -0.00552632 0.00073991 -0.000340909 0.00281659 -0.000714286 0.000220588
internal_weight=745 76 669 440 229 70 408
internal_count=745 76 669 440 229 70 408
is_linear=0
shrinkage=0.05


Tree=3
num_leaves=8
num_cat=0
split_feature=14 16 2 8 7 4 9
split_gain=1.21888 0.685632 0.538962 0.503039 0.733739 1.11439 0.51017
threshold=0.11927434384443127 0.037177448016826771 -0.10798923630545969 -0.0007977736146536073 0.0092152202383595245 0.021682740685727144 -0.115463733714383
decision_type=2 2 2 10 2 2 8
left_child=1 2 -1 6 5 -5 -4
right_child=-2 -3 3 4 -6 -7 -8
leaf_value=-0.00030293962976125503 -0.00087721591547553184 -0.00078795293269057838 -0.00028914844321778011 -0.00080261842880093622 0.00011964294597542201 -2.4184825668627433e-05 0.00018185235470475817
leaf_weight=26 45 34 46 33 225 65 263
leaf_count=26 45 34 46 33 225 65 263
internal_value=-0.000359566 0.00015896 0.000516717 0.000806962 -0.000572755 -0.00418367 0.00224919
internal_weight=737 692 658 632 323 98 309
internal_count=737 692 658 632 323 98 309
is_linear=0
shrinkage=0.05


Tree=4
num_leaves=8
num_cat=0
split_feature=12 5 8 8 16 1 7
split_gain=1.08936 1.27101 0.874832 1.2733 0.922094 0.382024 0.495685
threshold=-0.034828252855943369 0.015511077465326572 -0.0007977736146536073 0.017057360744389686 0.0011679798054425874 -0.0097534381605041114 0.0055154406001384224
decision_type=2 2 10 10 2 2 2
left_child=1 -1 -2 4 -4 -5 -7
right_child=2 -3 3 5 -6 6 -8
leaf_value=0.00016818899194581878 0.00017276688952913151 -0.00055112745702461173 -0.0011050199416764116 0.00023583826596215975 -0.00014006636784797704 -0.00077503512311644595 7.487837329829398e-05
leaf_weight=36 326 34 25 39 29 25 229
leaf_count=36 326 34 25 39 29 25 229
internal_value=0.000222073 -0.00571429 0.000839525 -0.000907781 -0.00796296 0.000392492 -0.00031496
internal_weight=743 70 673 347 54 293 254
internal_count=743 70 673 347 54 293 254
is_linear=0
shrinkage=0.05


Tree=5
num_leaves=8
num_cat=0
split_feature=14 9 4 4 3 6 1
split_gain=1.06713 0.389572 0.475215 2.47749 1.65027 0.460186 0.700617
threshold=0.14228104891203866 -0.11673173292713733 0.020205246358108966 0.020658601672124112 -0.0048527440867952012 0.96281802697830854 0.040497156957329812
decision_type=2 8 2 2 2 2 2
left_child=1 -1 4 -4 -3 6 -5
right_child=-2 2 3 5 -6 -7 -8
leaf_value=0.00037497603369258004 -0.00072410385330578218 -0.00097432027763993544 -0.00059240466267777023 3.6832738633528658e-05 0.00026002603871320355 0.00023550844473760546 -0.00056651872474376816
leaf_weight=68 28 35 27 282 191 63 38
leaf_count=68 28 35 27 282 191 63 38
internal_value=0.000286885 0.000667614 0.000283019 -0.000731707 0.00212389 0.000300261 -0.00046875
internal_weight=732 704 636 410 226 383 320
internal_count=732 704 636 410 226 383 320
is_linear=0
shrinkage=0.05


Tree=6
num_leaves=8
num_cat=0
split_feature=14 13 11 6 11 3 6
split_gain=1.17835 0.774243 0.590975 0.796426 1.58213 0.771937 0.748229
threshold=0.13518549268873961 17.250000000000004 -0.011576467999656779 -0.51395451869536501 0.013766763160974362 0.00049087911837375497 -0.92404931335505858
decision_type=2 2 2 2 2 2 2
left_child=1 -1 -3 6 5 -5 -4
right_child=-2 2 3 4 -6 -7 -8
leaf_value=0.00013728917796132031 -0.00049640008556366946 0.00013801944521436456 -0.00015604266740590415 -0.0009110436071394965 0.00014130145725191443 -0.00031518169671758569 0.0001209298022373327
leaf_weight=433 31 91 29 45 33 38 44
leaf_count=433 31 91 29 45 33 38 44
internal_value=2.68819e-05 0.000441795 -0.00160714 -0.00320106 -0.00577586 -0.00945783 0.000890411
internal_weight=744 713 280 189 116 83 73
internal_count=744 713 280 189 116 83 73
is_linear=0
shrinkage=0.05


Tree=7
num_leaves=8
num_cat=0
split_feature=12 5 5 4 5 0 15
split_gain=1.0977 0.973324 0.458036 0.614268 1.17786 2.54596 1.03765
threshold=-0.036045899235514094 0.015469304971874402 0.018180301033296896 0.01979246722289096 0.012970730533904549 -0.0054446271481135558 -0.01247086729860025
decision_type=2 2 2 2 2 2 2
left_child=1 -1 3 -2 5 -5 -6
right_child=2 -3 -4 4 6 -7 -8
leaf_value=0.00046501030355033609 0.00016266702174149849 -0.0004715800859639208 7.7674631528709917e-05 0.00019916202891069975 -0.0010279634343714288 -0.00053198395122659975 0.0001027883869484094
leaf_weight=34 204 41 57 36 30 44 294
leaf_count=34 204 41 57 36 30 44 294
internal_value=6.75678e-05 -0.00566667 0.000714286 0.0003125 -0.000816831 -0.00625 0.000524692
internal_weight=740 75 665 608 404 80 324
internal_count=740 75 665 608 404 80 324
is_linear=0
shrinkage=0.05


Tree=8
num_leaves=8
num_cat=0
split_feature=12 8 8 4 11 13 12
split_gain=0.94599 0.558539 1.09145 0.50088 0.489898 0.451125 0.723832
threshold=-0.036045899235514094 -1.0000000180025095e-35 0.017057360744389686 0.02342542540167673 0.022655260909184464 17.494999885559086 0.013329890655183642
decision_type=2 8 8 2 2 2 2
left_child=3 -2 -3 -1 5 -4 -7
right_child=1 2 4 -5 -6 6 -8
leaf_value=0.00020386710401389184 0.00011614030347046371 -0.00046924637783894268 0.0001517487080330188 -0.00042491493867335972 -0.00010250651243922907 7.6669496994389498e-05 -0.00061304777437182949
leaf_weight=29 324 53 154 44 42 62 53
leaf_count=29 324 53 154 44 42 62 53
internal_value=0.000137977 0.000712209 -0.000631868 -0.00527397 0.000498392 0.00128253 -0.00108696
internal_weight=761 688 364 73 311 269 115
internal_count=761 688 364 73 311 269 115
is_linear=0
shrinkage=0.05


Tree=9
num_leaves=8
num_cat=0
split_feature=12 7 8 8 16 12 13
split_gain=0.978693 0.946626 0.605062 1.14908 0.517207 0.525611 0.455195
threshold=-0.038043904409190692 -0.012681145699881878 -0.0007977736146536073 0.015279892529643237 0.024638418140130573 0.02867505219605682 17.250000000000004
decision_type=2 2 8 8 2 2 2
left_child=1 -1 -2 -4 6 -6 -5
right_child=2 -3 3 4 5 -7 -8
leaf_value=-0.0012467154640888765 0.00013761179244225 -7.9051478512075086e-06 -0.0004989777816788788 0.00020675758736265701 0.0001444034551383941 -0.0016076808111234559 -4.0076089718596012e-06
leaf_weight=25 307 37 48 143 26 25 127
leaf_count=25 307 37 48 143 26 25 127
internal_value=0.000528455 -0.00548387 0.00107988 -0.000284553 0.000794393 -0.00382353 0.00166667
internal_weight=738 62 676 369 321 51 270
internal_count=738 62 676 369 321 51 270
is_linear=0
shrinkage=0.05


Tree=10
num_leaves=8
num_cat=0
split_feature=14 16 2 3 10 8 11
split_gain=1.17738 0.687135 0.381646 0.33325 0.454034 0.669259 0.462549
threshold=0.13518549268873961 0.037177448016826771 -0.10798923630545969 0.0015101676431489299 0.007852611946651546 -0.0076119315479187257 0.013148939613643941
decision_type=2 2 2 2 2 10 2
left_child=1 2 -1 4 6 -6 -4
right_child=-2 -3 3 -5 5 -7 -8
leaf_value=-0.0001668136060445812 -0.0004198819632227735 -0.00074545140580866407 8.1924467662735127e-05 0.00013661173542815861 3.7863132325203183e-05 -0.00047362214911181484 -4.5700294600072933e-05
leaf_weight=25 32 30 246 274 29 28 84
leaf_count=25 32 30 246 274 29 28 84
internal_value=0.000320856 0.000740224 0.00106414 0.00129349 0.000348837 -0.00377193 0.00106061
internal_weight=748 716 686 661 387 57 330
internal_count=748 716 686 661 387 57 330
is_linear=0
shrinkage=0.05


Tree=11
num_leaves=8
num_cat=0
split_feature=14 0 0 11 12 8 15
split_gain=1.21489 0.364003 1.03661 0.574732 0.450966 0.474806 1.01602
threshold=0.13518549268873961 0.023544656303473136 0.017135379016800182 0.032599059043066377 -0.046451976604296834 -0.0007977736146536073 -0.0088808961164301686
decision_type=2 2 2 2 2 8 2
left_child=1 2 3 4 -1 -6 -7
right_child=-2 -3 -4 -5 5 6 -8
leaf_value=-0.00017574117942282136 -0.00040536597659336583 0.00034568456816637773 -0.00094220759214888117 -6.3829056578613215e-05 0.0001079488332593655 -0.00020647173232379788 0.00011164572038384045
leaf_weight=31 31 44 40 40 275 41 244
leaf_count=31 31 44 40 40 275 41 244
internal_value=0.000174263 0.000594406 0.000305514 0.000800317 0.00119289 0.00151786 8.77195e-05
internal_weight=746 715 671 631 591 560 285
internal_count=746 715 671 631 591 560 285
is_linear=0
shrinkage=0.05


end of trees

feature_importances:
spy_ret_20d=12
dist_ma50=11
spy_ret_5d=7
overnight_gap=5
atr_pct=5
parkinson_20=5
dvol_z_20=5
vix_chg_1d=5
sector_ret_5d=5
ret_1d=4
ret_5d=4
dist_ma20=3
dist_ma200=3
spy_ret_1d=3
vix_level=3
ret_20d=2
sector_ret_1d=2

parameters:
[boosting: gbdt]
[objective: quantile]
[metric: quantile]
[tree_learner: serial]
[device_type: cpu]
[data_sample_strategy: bagging]
[data: ]
[valid: ]
[num_iterations: 80]
[learning_rate: 0.05]
[num_leaves: 8]
[num_threads: 1]
[seed: 0]
[deterministic: 0]
[force_col_wise: 1]
[force_row_wise: 0]
[histogram_pool_size: -1]
[max_depth: -1]
[min_data_in_leaf: 25]
[min_sum_hessian_in_leaf: 0.001]
[bagging_fraction: 0.9]
[pos_bagging_fraction: 1]
[neg_bagging_fraction: 1]
[bagging_freq: 1]
[bagging_seed: 3]
[bagging_by_query: 0]
[feature_fraction: 0.9]
[feature_fraction_bynode: 1]
[feature_fraction_seed: 2]
[extra_trees: 0]
[extra_seed: 6]
[early_stopping_round: 0]
[early_stopping_min_delta: 0]
[first_metric_only: 0]
[max_delta_step: 0]
[lambda_l1: 0]
[lambda_l2: 0]
[linear_lambda: 0]
[min_gain_to_split: 0]
[drop_rate: 0.1]
[max_drop: 50]
[skip_drop: 0.5]
[xgboost_dart_mode: 0]
[uniform_drop: 0]
[drop_seed: 4]
[top_rate: 0.2]
[other_rate: 0.1]
[min_data_per_group: 100]
[max_cat_threshold: 32]
[cat_l2: 10]
[cat_smooth: 10]
[max_cat_to_onehot: 4]
[top_k: 20]
[monotone_constraints: ]
[monotone_constraints_method: basic]
[monotone_penalty: 0]
[feature_contri: ]
[forcedsplits_filename: ]
[refit_decay_rate: 0.9]
[cegb_tradeoff: 1]
[cegb_penalty_split: 0]
[cegb_penalty_feature_lazy: ]
[cegb_penalty_feature_coupled: ]
[path_smooth: 0]
[interaction_constraints: ]
[verbosity: -1]
[saved_feature_importance_type: 0]
[use_quantized_grad: 0]
[num_grad_quant_bins: 4]
[quant_train_renew_leaf: 0]
[stochastic_rounding: 1]
[linear_tree: 0]
[max_bin: 255]
[max_bin_by_feature: ]
[min_data_in_bin: 3]
[bin_construct_sample_cnt: 200000]
[data_random_seed: 1]
[is_enable_sparse: 1]
[enable_bundle: 1]
[use_missing: 1]
[zero_as_missing: 0]
[feature_pre_filter: 1]
[pre_partition: 0]
[two_round: 0]
[header: 0]
[label_column: ]
[weight_column: ]
[group_column: ]
[ignore_column: ]
[categorical_feature: ]
[forcedbins_filename: ]
[precise_float_parser: 0]
[parser_config_file: ]
[objective_seed: 5]
[num_class: 1]
[is_unbalance: 0]
[scale_pos_weight: 1]
[sigmoid: 1]
[boost_from_average: 1]
[reg_sqrt: 0]
[alpha: 0.1]
[fair_c: 1]
[poisson_max_delta_step: 0.7]
[tweedie_variance_power: 1.5]
[lambdarank_truncation_level: 30]
[lambdarank_norm: 1]
[label_gain: ]
[lambdarank_position_bias_regularization: 0]
[eval_at: ]
[multi_error_top_k: 1]
[auc_mu_weights: ]
[num_machines: 1]
[local_listen_port: 12400]
[time_out: 120]
[machine_list_filename: ]
[machines: ]
[gpu_platform_id: -1]
[gpu_device_id: -1]
[gpu_device_id_list: ]
[gpu_use_dp: 0]
[num_gpu: 1]

end of parameters

pandas_categorical:[]
