tree
version=v4
num_class=1
num_tree_per_iteration=1
label_index=0
max_feature_idx=16
objective=quantile
feature_names=ret_1d ret_5d ret_20d overnight_gap atr_pct parkinson_20 dvol_z_20 dist_ma20 dist_ma50 dist_ma200 spy_ret_1d spy_ret_5d spy_ret_20d vix_level vix_chg_1d sector_ret_1d sector_ret_5d
feature_infos=[-0.14541844234446433:0.19709382468409187] [-0.15439482802175197:0.23498923817994455] [-0.17778030933154754:0.31141828527934723] [-0.078011628544189193:0.15636106789347104] [0.015683814211247558:0.057783889554510255] [0.010013273314600503:0.045156831497995986] [-2.0238691096568466:4.2536591347767256] [-0.1444983060230085:0.19078468876580312] [-0.13690454763434556:0.20359107305395185] [-0.20468849377634724:0.5622238203584724] [-0.058542971330535654:0.10501930183911301] [-0.11496151859245618:0.082843162776128354] [-0.1226559005192206:0.15756591020035837] [11.859999656677246:52.330001831054688] [-0.35753873962348437:0.74039073966007019] [-0.062852571542473257:0.088816390052506744] [-0.11675896877857916:0.085294626879873769]
tree_sizes=857 864 856 865 856 856 859 863 861 858 864

Tree=0
num_leaves=8
num_cat=0
split_feature=3 3 15 8 4 10 7
split_gain=2.47948 1.66425 3.28702 1.96065 1.89994 1.8542 1.66889
threshold=-0.011820258703758356 0.0016601547596452051 0.00016243419886563529 0.090058339737002627 0.023688253303667636 0.0073562807386337034 0.040461305190636516
decision_type=2 2 2 10 2 2 2
left_child=-1 2 3 4 -2 -4 -3
right_child=1 6 5 -5 -6 -7 -8
leaf_value=-0.0095358438789844516 -0.009112910530529917 -0.0091178052593022581 -0.0093718843301758177 -0.0090947070741094656 -0.0093396185897290703 -0.0092232918599620458 -0.0093796532135456794
leaf_weight=31 103 227 150 44 74 62 55
leaf_count=31 103 227 150 44 74 62 55
internal_value=-0.00909671 -0.00849649 -0.0104432 -0.00617646 -0.00852454 -0.0148911 -0.00550735
internal_weight=746 715 433 221 177 212 282
internal_count=746 715 433 221 177 212 282
is_linear=0
shrinkage=1


Tree=1
num_leaves=8
num_cat=0
split_feature=5 1 0 0 0 10 8
split_gain=2.5855 3.05584 2.22257 2.43903 1.94413 1.99598 2.01649
threshold=0.021647931519037229 -0.0051405140363477422 -0.022575143165320385 0.021972955809368314 0.0086659973085566628 0.0025856466909506275 -0.023350435054735105
decision_type=2 2 2 2 2 2 10
left_child=2 -2 -1 4 5 -4 -7
right_child=1 -3 3 -5 -6 6 -8
leaf_value=-0.00028983506374061105 -7.6076941331848419e-06 -0.00060990386758930982 8.0240101669915031e-05 -0.00016978154075331984 0.00012414254539180552 0.00010143768042325973 -0.00013934061047621068
leaf_weight=31 38 29 290 43 131 54 117
leaf_count=31 38 29 290 43 131 54 117
internal_value=3.41064e-05 -0.00932836 0.000975976 0.00161417 0.00244932 0.000921909 -0.00336257
internal_weight=733 67 666 635 592 461 171
internal_count=733 67 666 635 592 461 171
is_linear=0
shrinkage=0.05


Tree=2
num_leaves=8
num_cat=0
split_feature=5 1 0 0 0 2 14
split_gain=3.05332 3.03557 1.81883 2.0281 3.15576 1.922 1.89479
threshold=0.020043778559091483 -0.0073365377257679212 -0.022575143165320385 0.021972955809368314 0.0086659973085566628 -0.026507708922973768 -0.019792958121071843
decision_type=2 2 2 2 2 2 2
left_child=2 -2 -1 4 6 -6 -4
right_child=1 -3 3 -5 5 -7 -8
leaf_value=-0.00026321786490734669 -7.2273094265256063e-06 -0.0005316029006353347 -7.5562206562608536e-05 -0.00016129246371565385 -4.0632058779010562e-05 0.00019302046831580811 6.3931532058632024e-05
leaf_weight=29 48 44 149 41 25 100 309
leaf_count=29 48 44 149 41 25 100 309
internal_value=-0.000167785 -0.00869565 0.00103369 0.00160256 0.00235849 0.0094 0.000436681
internal_weight=745 92 653 624 583 125 458
internal_count=745 92 653 624 583 125 458
is_linear=0
shrinkage=0.05


Tree=3
num_leaves=8
num_cat=0
split_feature=0 0 0 2 1 8 10
split_gain=2.91013 2.15126 2.43749 2.2996 2.06291 2.06556 1.69699
threshold=-0.02345778296692996 0.021972955809368314 0.0086659973085566628 -0.027267697165586798 -0.0041028636084641237 -0.037111179973615009 0.0025856466909506275
decision_type=2 2 2 2 2 8 2
left_child=-1 2 4 -4 6 -6 -2
right_child=1 -3 3 -5 5 -7 -8
leaf_value=-0.00041604586130124526 9.3259087276237638e-05 -0.00012490023135032979 -0.00023919931565033042 0.00013375520768604474 -0.00020110737592767686 -2.2846420198766256e-05 -5.0010663040302469e-05
leaf_weight=39 146 51 30 108 37 236 90
leaf_count=39 146 51 30 108 37 236 90
internal_value=-0.000169607 0.000573066 0.0013524 0.00724638 -0.00024558 -0.00320513 0.00317797
internal_weight=737 698 647 138 509 273 236
internal_count=737 698 647 138 509 273 236
is_linear=0
shrinkage=0.05


Tree=4
num_leaves=8
num_cat=0
split_feature=3 2 15 0 7 16 2
split_gain=3.21404 3.85 3.21135 2.41097 2.24826 1.8998 1.91487
threshold=0.0016601547596452051 0.17754178415785485 -0.00072529449070785057 -0.022575143165320385 -0.022995987075135445 0.014661371894583166 0.012798467549880789
decision_type=2 2 2 2 2 2 2
left_child=1 2 3 -1 -2 6 -6
right_child=4 -3 -4 -5 5 -7 -8
leaf_value=-0.00049584688753326193 0.0001442470269230398 0.00017851718766412895 -0.00014105267741744678 7.0739272262653708e-05 -0.00010623778011982721 0.00014220258988878413 2.6005231611707111e-05
leaf_weight=26 59 30 218 189 48 76 97
leaf_count=26 59 30 218 189 48 76 97
internal_value=0.000235532 -0.00232181 -0.00352194 0.000813953 0.00446429 0.00214932 -0.0012069
internal_weight=743 463 433 215 280 221 145
internal_count=743 463 433 215 280 221 145
is_linear=0
shrinkage=0.05


Tree=5
num_leaves=8
num_cat=0
split_feature=0 15 3 0 8 8 6
split_gain=2.56929 1.8397 2.52023 3.43341 2.55743 1.83557 1.57122
threshold=0.021972955809368314 -0.00072529449070785057 0.0016601547596452051 0.0086659973085566628 0.030093255268053957 0.075965528704920363 -0.94158992089988824
decision_type=2 2 2 2 8 10 2
left_child=1 6 3 -3 -4 -6 -1
right_child=-2 2 4 -5 5 -7 -8
leaf_value=-8.1002223828818403e-05 -0.00015667407493388238 -0.00020631741111555037 0.00011853279506192847 6.9106715240151081e-05 -0.00021406928449600764 6.6761267982031781e-05 7.0862187713300985e-05
leaf_weight=25 54 144 89 60 31 40 289
leaf_count=25 54 144 89 60 31 40 289
internal_value=-0.000614754 0.000221239 -0.0021978 -0.00588235 0.0025 -0.00457746 0.00302548
internal_weight=732 678 364 204 160 71 314
internal_count=732 678 364 204 160 71 314
is_linear=0
shrinkage=0.05


Tree=6
num_leaves=8
num_cat=0
split_feature=15 0 4 7 10 12 12
split_gain=1.63561 1.6567 1.51215 1.7638 1.50334 2.18687 2.01046
threshold=-0.0023125773011111734 -0.0092306637173068511 0.03542030788340117 0.060140832510711568 0.009431747271499093 0.035955415841074874 -0.0045413562786246189
decision_type=2 2 2 2 2 2 2
left_child=2 -2 3 -1 6 -6 -3
right_child=1 4 -4 -5 5 -7 -8
leaf_value=7.1252419840961951e-05 -0.00019357541925592365 -0.00016405593265170779 -0.0002455774686234536 0.00017742323310937047 0.00013175439699524336 -5.5337104304580519e-05 3.8313638634149794e-06
leaf_weight=231 54 57 26 26 68 25 257
leaf_count=231 54 57 26 26 68 25 257
internal_value=0.000806452 -0.00103037 0.00379859 0.00496109 6.14251e-05 0.00564516 -0.00159236
internal_weight=744 461 283 257 407 93 314
internal_count=744 461 283 257 407 93 314
is_linear=0
shrinkage=0.05


Tree=7
num_leaves=8
num_cat=0
split_feature=0 1 5 11 14 10 8
split_gain=1.70849 1.87038 2.88333 2.64008 2.24399 4.39229 1.27397
threshold=-0.022575143165320385 -0.0061327759310419996 0.021571206477029346 0.013766763160974362 -0.017044659763988276 0.0094914683342374202 0.067970582314812247
decision_type=2 2 2 2 2 2 8
left_child=-1 4 3 -3 5 -2 -5
right_child=1 2 -4 6 -6 -7 -8
leaf_value=-0.00036045160163805916 -0.00014689264361202991 -3.5827139618563145e-05 -0.00051589203571033963 4.6188366960281483e-05 0.00011604332650767451 0.00013660208073214687 0.0001340267512464216
leaf_weight=42 74 281 29 87 156 32 39
leaf_count=42 74 281 29 87 156 32 39
internal_value=0.00027027 0.000859599 -0.00114679 -6.14251e-05 0.00419847 -0.00141509 0.00595238
internal_weight=740 698 436 407 262 106 126
internal_count=740 698 436 407 262 106 126
is_linear=0
shrinkage=0.05


Tree=8
num_leaves=8
num_cat=0
split_feature=8 3 4 4 15 7 8
split_gain=1.88562 2.6151 1.93828 2.10892 2.901 1.75934 1.68618
threshold=0.085067185246288549 0.0016601547596452051 0.024565454603894286 0.022702508820363707 -0.0066332474188683368 -0.032526158052988634 0.056498269314061107
decision_type=10 2 2 2 2 2 8
left_child=1 2 3 4 -1 -4 -3
right_child=-2 6 5 -5 -6 -7 -8
leaf_value=0.00018249485660390896 9.225257187635188e-05 6.1261486106066473e-05 -1.3696961934354415e-05 4.292982770168039e-05 -0.00014950823910705511 -0.00031891003631394279 -0.00020564081169535762
leaf_weight=41 149 207 53 40 149 95 27
leaf_count=41 149 207 53 40 149 95 27
internal_value=0.000492773 -0.000735294 -0.00330688 -0.000434783 -0.00263158 -0.00777027 0.0034188
internal_weight=761 612 378 230 190 148 234
internal_count=761 612 378 230 190 148 234
is_linear=0
shrinkage=0.05


Tree=9
num_leaves=8
num_cat=0
split_feature=5 7 11 10 10 3 8
split_gain=1.88709 2.24972 1.43877 2.4132 2.56362 2.56764 2.14298
threshold=0.021571206477029346 -0.036898265824151281 0.023193318891049478 0.0027596163700298608 0.0089823327220962552 -0.0029752980674330183 -0.028544061824901875
decision_type=2 2 2 2 2 2 10
left_child=2 -2 3 -1 5 -5 -4
right_child=1 -3 6 4 -6 -7 -8
leaf_value=5.6412733165729911e-05 5.7626961236808412e-05 -0.0004198441353438165 -9.0340342728823057e-05 0.00010545378242447545 6.7601850755003682e-05 -0.00016626325181647792 0.00022732654999216327
leaf_weight=377 35 37 26 27 68 115 53
leaf_count=377 35 37 26 27 68 115 53
internal_value=0.000745257 -0.00694444 0.00157658 0.00072402 -0.00357143 -0.00739437 0.00791139
internal_weight=738 72 666 587 210 142 79
internal_count=738 72 666 587 210 142 79
is_linear=0
shrinkage=0.05


Tree=10
num_leaves=8
num_cat=0
split_feature=5 0 10 10 1 11 11
split_gain=2.15235 1.5366 1.42509 1.65885 1.85611 2.10525 1.49459
threshold=0.022277759247290439 -0.02345778296692996 0.0025856466909506275 0.0010681623083543814 -0.0098791286929485449 0.013766763160974362 0.023193318891049478
decision_type=2 2 2 2 2 2 2
left_child=1 -1 3 4 -3 -6 -4
right_child=-2 2 6 -5 5 -7 -8
leaf_value=-0.00033835015299913621 -0.00027054481254493358 9.9353952812523619e-05 -4.7867690109582552e-05 0.00012573623579476172 -4.960618700319735e-05 7.4115266694871256e-05 0.0001233228209825861
leaf_weight=32 51 112 224 62 175 40 52
leaf_count=32 51 112 224 62 175 40 52
internal_value=0.000601604 0.00132712 0.00184211 0.00379177 0.00237003 -0.000348837 -0.000905797
internal_weight=748 697 665 389 327 215 276
internal_count=748 697 665 389 327 215 276
is_linear=0
shrinkage=0.05


end of trees

feature_importances:
ret_1d=15
dist_ma50=9
spy_ret_1d=9
overnight_gap=6
ret_5d=5
parkinson_20=5
dist_ma20=5
sector_ret_1d=5
ret_20d=4
atr_pct=4
spy_ret_5d=4
spy_ret_20d=2
vix_chg_1d=2
dvol_z_20=1
sector_ret_5d=1

parameters:
[boosting: gbdt]
[objective: quantile]
[metric: quantile]
[tree_learner: serial]
[device_type: cpu]
[data_sample_strategy: bagging]
[data: ]
[valid: ]
[num_iterations: 80]
[learning_rate: 0.05]
[num_leaves: 8]
[num_threads: 1]
[seed: 0]
[deterministic: 0]
[force_col_wise: 1]
[force_row_wise: 0]
[histogram_pool_size: -1]
[max_depth: -1]
[min_data_in_leaf: 25]
[min_sum_hessian_in_leaf: 0.001]
[bagging_fraction: 0.9]
[pos_bagging_fraction: 1]
[neg_bagging_fraction: 1]
[bagging_freq: 1]
[bagging_seed: 3]
[bagging_by_query: 0]
[feature_fraction: 0.9]
[feature_fraction_bynode: 1]
[feature_fraction_seed: 2]
[extra_trees: 0]
[extra_seed: 6]
[early_stopping_round: 0]
[early_stopping_min_delta: 0]
[first_metric_only: 0]
[max_delta_step: 0]
[lambda_l1: 0]
[lambda_l2: 0]
[linear_lambda: 0]
[min_gain_to_split: 0]
[drop_rate: 0.1]
[max_drop: 50]
[skip_drop: 0.5]
[xgboost_dart_mode: 0]
[uniform_drop: 0]
[drop_seed: 4]
[top_rate: 0.2]
[other_rate: 0.1]
[min_data_per_group: 100]
[max_cat_threshold: 32]
[cat_l2: 10]
[cat_smooth: 10]
[max_cat_to_onehot: 4]
[top_k: 20]
[monotone_constraints: ]
[monotone_constraints_method: basic]
[monotone_penalty: 0]
[feature_contri: ]
[forcedsplits_filename: ]
[refit_decay_rate: 0.9]
[cegb_tradeoff: 1]
[cegb_penalty_split: 0]
[cegb_penalty_feature_lazy: ]
[cegb_penalty_feature_coupled: ]
[path_smooth: 0]
[interaction_constraints: ]
[verbosity: -1]
[saved_feature_importance_type: 0]
[use_quantized_grad: 0]
[num_grad_quant_bins: 4]
[quant_train_renew_leaf: 0]
[stochastic_rounding: 1]
[linear_tree: 0]
[max_bin: 255]
[max_bin_by_feature: ]
[min_data_in_bin: 3]
[bin_construct_sample_cnt: 200000]
[data_random_seed: 1]
[is_enable_sparse: 1]
[enable_bundle: 1]
[use_missing: 1]
[zero_as_missing: 0]
[feature_pre_filter: 1]
[pre_partition: 0]
[two_round: 0]
[header: 0]
[label_column: ]
[weight_column: ]
[group_column: ]
[ignore_column: ]
[categorical_feature: ]
[forcedbins_filename: ]
[precise_float_parser: 0]
[parser_config_file: ]
[objective_seed: 5]
[num_class: 1]
[is_unbalance: 0]
[scale_pos_weight: 1]
[sigmoid: 1]
[boost_from_average: 1]
[reg_sqrt: 0]
[alpha: 0.5]
[fair_c: 1]
[poisson_max_delta_step: 0.7]
[tweedie_variance_power: 1.5]
[lambdarank_truncation_level: 30]
[lambdarank_norm: 1]
[label_gain: ]
[lambdarank_position_bias_regularization: 0]
[eval_at: ]
[multi_error_top_k: 1]
[auc_mu_weights: ]
[num_machines: 1]
[local_listen_port: 12400]
[time_out: 120]
[machine_list_filename: ]
[machines: ]
[gpu_platform_id: -1]
[gpu_device_id: -1]
[gpu_device_id_list: ]
[gpu_use_dp: 0]
[num_gpu: 1]

end of parameters

pandas_categorical:[]
