tree
version=v4
num_class=1
num_tree_per_iteration=1
label_index=0
max_feature_idx=16
objective=quantile
feature_names=ret_1d ret_5d ret_20d overnight_gap atr_pct parkinson_20 dvol_z_20 dist_ma20 dist_ma50 dist_ma200 spy_ret_1d spy_ret_5d spy_ret_20d vix_level vix_chg_1d sector_ret_1d sector_ret_5d
feature_infos=[-0.10966439897494962:0.08715276211009626] [-0.12096855508086701:0.11076131123977517] [-0.20278580557188719:0.20107592434586641] [-0.095727077257660054:0.050985492290089862] [0.012583748670942923:0.050815846260890633] [0.0080435770532002477:0.029240859759430297] [-2.8610243775317934:4.0630841844340413] [-0.10992065728330525:0.098585173168215023] [-0.16046895334752587:0.15930413757228545] [-0.16826226019694901:0.35470163841361835] [-0.058542971330535654:0.10501930183911301] [-0.11496151859245618:0.082843162776128354] [-0.1226559005192206:0.15756591020035837] [11.859999656677246:52.330001831054688] [-0.35753873962348437:0.74039073966007019] [-0.062852571542473257:0.088816390052506744] [-0.11675896877857916:0.085294626879873769]
tree_sizes=842 866 871 863 878 870 869 872 875 872 867 860 862 868 860 864 870 868 863 869 873 873 864 870 871 871 870 873 875 871 867 874 871 870 867 864 866 859 865 874 855 871 865 868 864 868 870 865 872 860 858 869

Tree=0
num_leaves=8
num_cat=0
split_feature=15 6 16 9 9 5 8
split_gain=1.22652 0.708866 1.15297 0.757001 1.28571 0.566855 0.772496
threshold=-0.014149651100142878 -0.15953659832885178 -0.023441247901116399 0.096070460625735779 0.021807036699311281 0.016832125746682181 -0.05882315674984278
decision_type=2 2 2 8 8 2 8
left_child=-1 5 -3 4 -4 -2 -7
right_child=1 2 3 -5 -6 6 -8
leaf_value=-0.017938246434835659 -0.017310309149020504 -0.017917162485896091 -0.017475105374241445 -0.017305163639796051 -0.017876729245999329 -0.017272576535812611 -0.017822255687232728
leaf_weight=46 333 28 84 159 42 28 30
leaf_count=46 333 28 84 159 42 28 30
internal_value=-0.0176333 -0.0171164 -0.0188897 -0.0179385 -0.0208333 -0.0156969 -0.0202586
internal_weight=750 704 313 285 126 391 58
internal_count=750 704 313 285 126 391 58
is_linear=0
shrinkage=1


Tree=1
num_leaves=8
num_cat=0
split_feature=8 5 9 8 3 16 16
split_gain=1.27564 0.899599 0.7684 0.47735 0.468899 0.400275 1.15043
threshold=0.037027903827824622 0.016291564938222477 -0.032448855251606505 0.030508839745789777 -0.0029187183734513118 0.0085481557435379569 0.013595637837168663
decision_type=10 2 10 8 2 2 2
left_child=1 3 4 5 -3 -1 -7
right_child=-2 2 -4 -5 -6 6 -8
leaf_value=0.00010162053225861424 0.00027979374062605172 -0.00037496256684775337 -0.00031179575631584818 -0.00037136052988099189 9.5525084418883238e-05 -0.0004457342122902908 0.00033612376946996292
leaf_weight=246 250 32 25 32 44 34 71
leaf_count=246 250 32 25 32 44 34 71
internal_value=0.000299728 -0.00119835 -0.00539604 -9.13836e-05 -0.00289474 0.000441596 -0.00214286
internal_weight=734 484 101 383 76 351 105
internal_count=734 484 101 383 76 351 105
is_linear=0
shrinkage=0.05


Tree=2
num_leaves=8
num_cat=0
split_feature=2 1 12 16 9 9 6
split_gain=0.991198 1.15513 1.32139 0.817415 0.687541 0.684342 0.955242
threshold=-0.037080255714606873 -0.014632823378774527 -0.023938025174318197 -0.023739358925644768 0.096070460625735779 -0.006164647473745565 1.0910760927308825
decision_type=2 2 2 2 10 10 2
left_child=1 3 -3 -1 5 -2 -7
right_child=4 2 -4 -5 -6 6 -8
leaf_value=-0.00039394747275904883 5.2185918443993529e-05 -0.00018056640629062588 -0.00046192712316448506 0.00037118670139236706 0.00020251027382362448 -7.6513319826648188e-05 -0.00039852133787751046
leaf_weight=30 270 33 38 62 183 106 27
leaf_count=30 270 33 38 62 183 106 27
internal_value=-0.000140187 -0.00358896 -0.00838028 0.000108696 0.000819113 -0.000334987 -0.00327068
internal_weight=749 163 71 92 586 403 133
internal_count=749 163 71 92 586 403 133
is_linear=0
shrinkage=0.05


Tree=3
num_leaves=8
num_cat=0
split_feature=13 6 0 7 0 6 14
split_gain=0.930813 0.886888 0.577541 1.06787 0.881237 0.364284 0.407557
threshold=22.429999351501468 -0.15953659832885178 0.0041492829250968652 -0.024605751466324984 0.005595732203839133 -0.10794725830279871 -0.051474636784154308
decision_type=2 2 2 2 2 2 2
left_child=2 -2 -1 -4 -5 -6 -7
right_child=1 -3 3 4 5 6 -8
leaf_value=0.00016368716597310975 1.8840088122015669e-05 -0.00051150382537968762 -0.00019091362709248197 -0.00024596643947623928 0.00020556184437012169 -9.5274772344272545e-05 6.41968413151756e-05
leaf_weight=411 39 34 25 25 90 33 86
leaf_count=411 39 34 25 25 90 33 86
internal_value=8.74834e-05 -0.00527397 0.000671642 -0.00117761 -0.000128205 0.000933015 -0.000882353
internal_weight=743 73 670 259 234 209 119
internal_count=743 73 670 259 234 209 119
is_linear=0
shrinkage=0.05


Tree=4
num_leaves=8
num_cat=0
split_feature=15 8 1 1 16 2 3
split_gain=1.57762 0.614751 0.528953 0.733919 0.605216 0.558298 0.796888
threshold=-0.014149651100142878 0.037027903827824622 -0.014978565155877864 -0.010895775808581918 -0.023739358925644768 -0.035307771115474999 -0.0029082639931091721
decision_type=2 10 2 2 2 2 2
left_child=-1 2 4 -4 -2 -5 -7
right_child=1 -3 3 5 -6 6 -8
leaf_value=-0.00038262274019798119 -8.2232680255623418e-05 0.00017967471604972014 -0.00013872998854185689 -0.00029935570322516962 0.00016845608216994016 -0.00017832458831532131 9.1219479493128317e-05
leaf_weight=46 31 251 27 57 131 40 163
leaf_count=46 31 251 27 57 131 40 163
internal_value=-0.000160858 0.000428572 -0.000679287 -0.00196864 0.00160494 -0.00115385 7.38918e-05
internal_weight=746 700 449 287 162 260 203
internal_count=746 700 449 287 162 260 203
is_linear=0
shrinkage=0.05


Tree=5
num_leaves=8
num_cat=0
split_feature=5 6 6 14 14 12 0
split_gain=0.905917 1.00904 0.555093 0.659396 0.480481 0.539135 0.471044
threshold=0.016832125746682181 -0.38340182484337976 -0.15953659832885178 -0.081825770158787711 0.079615825148664734 0.048426875368409401 0.0041492829250968652
decision_type=2 2 2 2 2 2 2
left_child=2 -2 -1 -4 5 6 -5
right_child=1 -3 3 4 -6 -7 -8
leaf_value=0.00012551847416667852 0.00015940819615364927 -0.00030731504120186365 -0.0004496057092457208 0.00016989180062036032 -0.00029861096198178214 -0.00028773237074325404 -1.0137041108614285e-05
leaf_weight=337 52 51 25 106 37 33 96
leaf_count=337 52 51 25 106 37 33 96
internal_value=-0.000359566 -0.00470874 0.000347003 -0.00122896 -0.000514706 0.000319149 0.00128713
internal_weight=737 103 634 297 272 235 202
internal_count=737 103 634 297 272 235 202
is_linear=0
shrinkage=0.05


Tree=6
num_leaves=8
num_cat=0
split_feature=15 2 0 3 6 9 8
split_gain=0.993833 0.536147 0.672945 0.619684 0.561992 1.59663 0.692308
threshold=-0.014149651100142878 0.053115878727378003 -0.0027614322380326568 0.0087751137228200288 -0.22999272284392711 0.087790562260370311 -0.010707031182107028
decision_type=2 2 2 2 2 8 10
left_child=-1 2 -2 4 -4 6 -6
right_child=1 -3 3 -5 5 -7 -8
leaf_value=-0.00034310821549207325 0.00012722782427997676 0.00016275195627987518 -8.0496404661368226e-05 0.00040539595657162922 -6.1878465529950112e-05 3.0017694345636181e-05 -0.00028268693020864734
leaf_weight=49 204 226 134 36 26 45 26
leaf_count=49 204 226 134 36 26 45 26
internal_value=-0.00036193 0.000121951 -0.000838641 -0.00249064 -0.00344156 -0.00634021 -0.0123077
internal_weight=746 697 471 267 231 97 52
internal_count=746 697 471 267 231 97 52
is_linear=0
shrinkage=0.05


Tree=7
num_leaves=8
num_cat=0
split_feature=15 0 7 15 15 12 3
split_gain=1.155 0.607908 0.7376 0.62908 0.910664 0.574691 0.569702
threshold=-0.014149651100142878 -0.0047958915325890241 -0.036926979331974467 0.0069209055601037192 0.0052165560670962572 -0.017557998492747081 0.00211222869387151
decision_type=2 2 2 2 2 2 2
left_child=-1 -2 -3 4 6 -5 -4
right_child=1 2 3 5 -6 -7 -8
leaf_value=-0.00035261211612181239 0.00014786760593123323 -9.663445755954987e-05 -8.3307885424962401e-05 -0.00039526728432779225 -0.00031963010724086463 0.00034269133584143344 0.0001774677421446894
leaf_weight=46 222 35 162 26 35 134 85
leaf_count=46 222 35 162 26 35 134 85
internal_value=-0.000369127 0.000135909 -0.000870021 -0.000316742 -0.00173759 0.0021875 -0.000668016
internal_weight=745 699 477 442 282 160 247
internal_count=745 699 477 442 282 160 247
is_linear=0
shrinkage=0.05


Tree=8
num_leaves=8
num_cat=0
split_feature=15 13 10 3 9 9 4
split_gain=0.950342 0.560789 0.683149 0.733245 0.832033 1.78363 0.875232
threshold=-0.014149651100142878 15.654999732971193 -0.0077272897241722474 -0.0055954705365982562 0.004997630284947486 0.029286284643641362 0.021273466822947267
decision_type=2 2 2 2 8 8 2
left_child=-1 -2 -3 -4 -5 -6 -7
right_child=1 2 3 4 5 6 -8
leaf_value=-0.00028060635499193567 0.00016125692530072298 0.00032519869857972983 -0.00047752145884272565 6.6740245216205646e-05 -6.4634738521601056e-05 -0.00071224619958510846 2.5562890266547579e-05
leaf_weight=44 282 56 53 127 32 29 141
leaf_count=44 282 56 53 127 32 29 141
internal_value=-0.000366492 6.94446e-05 -0.00105023 -0.00180628 -0.000927051 -0.00292079 -0.000882353
internal_weight=764 720 438 382 329 202 170
internal_count=764 720 438 382 329 202 170
is_linear=0
shrinkage=0.05


Tree=9
num_leaves=8
num_cat=0
split_feature=15 10 3 4 7 9 6
split_gain=0.824858 0.463542 0.453283 0.408371 1.32465 0.644623 0.830135
threshold=-0.014149651100142878 0.012161923601447857 0.0081165973474247605 0.022999010985480857 -0.026873377824348951 0.054072122140014896 -0.63030245146248165
decision_type=2 2 2 2 2 10 2
left_child=-1 2 3 4 -2 6 -6
right_child=1 -3 -4 -5 5 -7 -8
leaf_value=-0.00026989036200743944 -0.00032378410466423673 -0.00017606340838632534 0.00037184847505690477 6.6666200256495592e-05 -0.00028645346450835842 0.00019165522901875973 4.6557937814521998e-05
leaf_weight=43 28 49 60 237 49 139 139
leaf_count=43 28 49 60 237 49 139 139
internal_value=9.40862e-05 0.00050642 0.000858896 0.000439189 -0.000633803 0.000259939 -0.00164894
internal_weight=744 701 652 592 355 327 188
internal_count=744 701 652 592 355 327 188
is_linear=0
shrinkage=0.05


Tree=10
num_leaves=8
num_cat=0
split_feature=12 0 9 6 9 1 14
split_gain=0.693572 1.24684 0.654084 1.06837 0.890151 0.650583 0.533605
threshold=-0.029032351633034689 -0.013551752577874774 0.096070460625735779 -0.15953659832885178 0.021807036699311281 0.0076917930292842449 -0.0078563959177023728
decision_type=2 2 8 2 10 2 2
left_child=1 -1 3 -2 5 6 -5
right_child=2 -3 -4 4 -6 -7 -8
leaf_value=-0.00039102952515976782 0.00010944336181451506 -0.00012495054653504617 9.2493926080614982e-05 -0.00018355276051103465 -0.00040475267482750245 0.00038862780458073673 6.2265406926536373e-05
leaf_weight=27 188 62 334 25 45 42 26
leaf_count=27 188 62 334 25 45 42 26
internal_value=-0.000407209 -0.00455056 0.000151515 -0.00144172 -0.00478261 -0.00198925 -0.00578431
internal_weight=749 89 660 326 138 93 51
internal_count=749 89 660 326 138 93 51
is_linear=0
shrinkage=0.05


Tree=11
num_leaves=8
num_cat=0
split_feature=15 2 4 11 6 1 6
split_gain=1.41007 0.570507 1.22166 0.475157 0.38829 1.08826 0.550817
threshold=-0.014149651100142878 -0.035307771115474999 0.023080145687506885 0.022655260909184464 0.40203937958645014 -0.0020967560847253148 0.68424721374841557
decision_type=2 2 2 2 2 2 2
left_child=-1 2 -2 -4 -3 -6 -7
right_child=1 4 3 -5 5 6 -8
leaf_value=-0.0003131851673853307 -0.00025969651765820982 0.00012801840268700202 0.00012925332886825234 -6.9346121871488104e-05 -0.00035431233412260796 -6.1317722969723553e-05 0.00024580762835772887
leaf_weight=44 47 402 74 25 38 25 92
leaf_count=44 47 402 74 25 38 25 92
internal_value=4.68543e-05 0.000590327 -0.00219178 0.000959596 0.00131957 -0.000806451 0.0015812
internal_weight=747 703 146 99 557 155 117
internal_count=747 703 146 99 557 155 117
is_linear=0
shrinkage=0.05


Tree=12
num_leaves=8
num_cat=0
split_feature=15 13 0 3 5 4 12
split_gain=1.0608 0.60942 0.704367 1.29609 1.10934 0.98403 0.75062
threshold=-0.014149651100142878 15.050000190734865 -0.005979820152999026 0.0013911766458413191 0.016291564938222477 0.021439384013258383 0.015760986994464269
decision_type=2 2 2 2 2 2 2
left_child=-1 -2 -3 5 -5 -4 -7
right_child=1 2 3 4 -6 6 -8
leaf_value=-0.00028625909502155489 0.00021831930230755434 9.6603014879674461e-05 -0.00061507166848887007 0.00017141285164283139 -0.00027054686744258188 0.00015845848338520301 -0.00016474357509638812
leaf_weight=44 230 148 46 126 34 56 50
leaf_count=44 230 148 46 126 34 56 50
internal_value=2.72481e-05 0.000507247 -0.000543478 -0.00189103 0.00125 -0.00519737 -0.00254717
internal_weight=734 690 460 312 160 152 106
internal_count=734 690 460 312 160 152 106
is_linear=0
shrinkage=0.05


Tree=13
num_leaves=8
num_cat=0
split_feature=15 0 13 3 1 4 2
split_gain=0.821929 0.652666 0.736806 0.896342 1.13622 0.775641 0.558407
threshold=-0.014149651100142878 -0.005979820152999026 15.694999694824221 -0.0016273804872548034 0.013029705517126901 0.02367218222969299 -0.0041370514084413937
decision_type=2 2 2 2 2 2 2
left_child=-1 -2 6 4 5 -4 -3
right_child=1 2 3 -5 -6 -7 -8
leaf_value=-0.00021599082463263737 0.00011455146190942473 -0.00019526974218982314 -0.00082541336309699571 -5.8817151670420217e-06 9.2537686220487103e-05 -0.00042973967912048207 0.00023365719090175137
leaf_weight=47 202 58 27 208 27 25 151
leaf_count=47 202 58 27 208 27 25 151
internal_value=-0.000302013 0.00012894 -0.000846774 -0.00249129 -0.00702532 -0.0113462 0.00141148
internal_weight=745 698 496 287 79 52 209
internal_count=745 698 496 287 79 52 209
is_linear=0
shrinkage=0.05


Tree=14
num_leaves=8
num_cat=0
split_feature=8 4 2 8 12 13 2
split_gain=0.78559 1.09902 1.14286 1.0654 0.455483 0.404153 0.463831
threshold=0.010858366606982474 0.022963924959243005 -0.037080255714606873 0.0033778328280260621 0.043947966856704664 22.930000305175785 -0.082146556744553553
decision_type=10 2 2 8 2 2 2
left_child=1 2 -1 -4 5 -3 -7
right_child=-2 4 3 -5 -6 6 -8
leaf_value=-0.00060133291075136711 0.00012105062900858249 0.00017706430182581578 2.852623112478385e-05 -0.0003261193455607438 -9.0152559229646708e-05 6.0814695103727321e-05 -0.00034095093351303046
leaf_weight=42 343 126 92 34 31 25 26
leaf_count=42 343 126 92 34 31 25 26
internal_value=6.25871e-05 -0.00151596 -0.00452381 -0.00214286 0.000913462 0.00189266 -0.00186274
internal_weight=719 376 168 126 208 177 51
internal_count=719 376 168 126 208 177 51
is_linear=0
shrinkage=0.05


Tree=15
num_leaves=8
num_cat=0
split_feature=13 2 1 2 9 5 15
split_gain=1.17009 0.780478 0.386728 0.521968 1.23077 0.472381 0.621216
threshold=22.730000495910648 -0.058631067948848807 -0.014978565155877864 -0.037080255714606873 0.020510429464564054 0.014596833137600339 0.0030933442137744964
decision_type=2 2 2 2 8 2 2
left_child=2 -2 -1 4 -4 -5 -7
right_child=1 -3 3 5 -6 6 -8
leaf_value=0.00011824381113209099 -1.7020176266345859e-05 -0.00051067562783317828 3.9487717744078503e-05 9.1036574256770717e-05 -0.00057791299759867455 6.8343869010059882e-05 -0.00028548901789931413
leaf_weight=183 39 29 26 337 26 48 55
leaf_count=183 39 29 26 337 26 48 55
internal_value=0.000222073 -0.00602941 0.000851852 0.000121951 -0.00461538 0.000681818 -0.00228155
internal_weight=743 68 675 492 52 440 103
internal_count=743 68 675 492 52 440 103
is_linear=0
shrinkage=0.05


Tree=16
num_leaves=8
num_cat=0
split_feature=15 14 3 15 16 14 15
split_gain=0.693659 0.681031 0.439347 0.613298 0.398103 0.653069 0.427523
threshold=-0.014149651100142878 -0.096084571305829466 -0.0055954705365982562 -0.0012973309140277831 0.029483624223408004 -0.011298954547856009 0.0067316332476348171
decision_type=2 2 2 2 2 2 2
left_child=-1 -2 3 -3 6 -6 -4
right_child=1 2 4 -5 5 -7 -8
leaf_value=-0.00021783841711310993 -0.00042017065830859273 0.00011751358925370418 2.7309697082512433e-05 -0.00037689336486382416 0.0001484312876473985 -5.2576039224970412e-05 0.00025064950637798743
leaf_weight=47 43 53 382 37 39 33 123
leaf_count=47 43 53 382 37 39 33 123
internal_value=0.000244386 0.000633803 0.00102699 -0.00222222 0.0015338 -0.00194444 0.0020297
internal_weight=757 710 667 90 577 72 505
internal_count=757 710 667 90 577 72 505
is_linear=0
shrinkage=0.05


Tree=17
num_leaves=8
num_cat=0
split_feature=15 12 4 4 3 11 12
split_gain=0.693606 0.406939 0.540881 0.533605 0.412113 0.332676 0.533693
threshold=-0.014149651100142878 0.054230156972347017 0.021352641843105046 0.026940050810649891 0.0087751137228200288 -0.0073194397976522043 0.017736391476984806
decision_type=2 2 2 2 2 2 2
left_child=-1 4 -3 -4 5 -2 -7
right_child=1 2 3 -5 -6 6 -8
leaf_value=-0.00020694649625745446 0.00010143919127505476 0.00045577850349691614 -0.00015856938961887292 9.8429732351444607e-06 0.00032625682450830666 -0.0001683706140356924 1.1296933748599889e-05
leaf_weight=47 122 26 25 26 60 175 265
leaf_count=47 122 26 25 26 60 175 265
internal_value=0.000241287 0.000636624 -0.00279221 -0.00578431 0.00106109 0.00064057 1.86265e-10
internal_weight=746 699 77 51 622 562 440
internal_count=746 699 77 51 622 562 440
is_linear=0
shrinkage=0.05


Tree=18
num_leaves=8
num_cat=0
split_feature=15 8 3 15 13 16 14
split_gain=0.751129 0.457723 0.446434 0.730536 0.495593 0.705844 0.629054
threshold=-0.014149651100142878 -0.11810163508622339 -0.0055954705365982562 -0.0012973309140277831 18.94999980926514 0.029483624223408004 -0.011298954547856009
decision_type=2 10 2 2 2 2 2
left_child=-1 -2 3 -3 5 -4 -7
right_child=1 2 4 -5 -6 6 -8
leaf_value=-0.00022862135764782667 -0.000179487658899596 0.0001584572646218752 2.7104506316091599e-05 -0.00043903419046665675 0.00016050154875025776 2.1066448851561148e-05 -0.000207805679867189
leaf_weight=45 28 46 417 40 120 31 26
leaf_count=45 28 46 417 40 120 31 26
internal_value=0.000152723 0.000550848 0.000808824 -0.00255814 0.0012963 0.00056962 -0.00464912
internal_weight=753 708 680 86 594 474 57
internal_count=753 708 680 86 594 474 57
is_linear=0
shrinkage=0.05


Tree=19
num_leaves=8
num_cat=0
split_feature=13 11 13 9 14 9 15
split_gain=0.54754 0.560107 0.721167 0.704292 0.71366 1.27422 0.800433
threshold=15.654999732971193 -0.0036909046216437309 21.295000076293949 0.0029231612083636675 -0.037374592254897913 0.062217930405332529 -0.0015969843771195256
decision_type=2 2 2 8 2 8 2
left_child=-1 2 -2 -3 -5 -6 -7
right_child=1 3 -4 4 5 6 -8
leaf_value=0.00013301648844034437 0.00012068302594508517 1.1768341432976408e-05 -0.00026762822888783832 2.5992803340097024e-05 -0.00014306055161839739 0.00025722009720305876 -0.00060453033553880577
leaf_weight=277 121 112 68 52 32 35 42
leaf_count=277 121 112 68 52 32 35 42
internal_value=-6.76571e-06 -0.00106061 0.00103175 -0.00250916 -0.00462733 -0.00692661 -0.00344156
internal_weight=739 462 189 273 161 109 77
internal_count=739 462 189 273 161 109 77
is_linear=0
shrinkage=0.05


Tree=20
num_leaves=8
num_cat=0
split_feature=15 1 0 3 12 9 9
split_gain=0.870335 1.07609 0.435355 0.536114 0.392803 0.368394 0.910433
threshold=-0.012116496800965102 -0.014632823378774527 -0.005979820152999026 -0.0055954705365982562 -0.027973012120020454 0.021807036699311281 0.062217930405332529
decision_type=2 2 2 2 2 8 8
left_child=1 -1 4 -4 -2 -5 -7
right_child=2 -3 3 5 -6 6 -8
leaf_value=0.00036022342955673091 -1.8199523130448519e-05 -0.0002767040899098348 -0.00034514390911928334 0.00015468678190626051 0.00017555979824605158 -0.00025892677337435445 5.7716998597203789e-05
leaf_weight=36 25 33 37 143 159 34 284
leaf_count=36 25 33 37 143 159 34 284
internal_value=0.000206392 -0.00514493 0.000747801 -2.00801e-05 0.00282609 0.000444686 -0.000503144
internal_weight=751 69 682 498 184 461 318
internal_count=751 69 682 498 184 461 318
is_linear=0
shrinkage=0.05


Tree=21
num_leaves=8
num_cat=0
split_feature=15 10 3 8 8 13 13
split_gain=0.927028 0.654763 0.451568 0.393034 0.555596 0.547791 0.538443
threshold=-0.014149651100142878 0.012161923601447857 0.0081165973474247605 -0.057068951136182593 -0.044685294996550599 14.570000171661379 19.440000534057621
decision_type=2 2 2 8 8 2 2
left_child=-1 2 3 -2 -5 -6 -7
right_child=1 -3 -4 4 5 6 -8
leaf_value=-0.00020863225208481696 0.00014384668721158155 -0.00020484455032965853 0.00031285394124882805 -0.00016311705420218102 0.00019452355983448291 -2.9355816257262444e-05 0.00020009450916006659
leaf_weight=46 61 49 58 30 145 283 76
leaf_count=46 61 49 58 30 145 283 76
internal_value=-8.02137e-05 0.000370371 0.000788668 0.000378151 -5.61796e-05 0.000337302 -0.000710306
internal_weight=748 702 653 595 534 504 359
internal_count=748 702 653 595 534 504 359
is_linear=0
shrinkage=0.05


Tree=22
num_leaves=8
num_cat=0
split_feature=9 8 14 8 15 15 7
split_gain=0.605682 0.700957 0.566798 0.759796 0.47138 0.394645 0.268942
threshold=0.21469980982027395 0.10709418190821408 0.072802606011034846 -0.00044970648540698649 -0.012116496800965102 0.002104309979373276 0.015910600847130588
decision_type=10 8 2 10 2 2 2
left_child=1 2 6 4 -4 -3 -1
right_child=-2 5 3 -5 -6 -7 -8
leaf_value=3.491524780233663e-06 0.00030833208936130831 0.00018044128743743235 -0.00018208313799713402 -0.00029356452556219951 0.00026316920746326467 -0.00027498634267831374 0.00013523145411352113
leaf_weight=344 64 26 27 36 28 32 185
leaf_count=344 64 26 27 36 28 32 185
internal_value=0.000350404 -8.84954e-05 0.000403226 -0.00324176 0.000454546 -0.00534483 0.00103025
internal_weight=742 678 620 91 55 58 529
internal_count=742 678 620 91 55 58 529
is_linear=0
shrinkage=0.05


Tree=23
num_leaves=8
num_cat=0
split_feature=15 1 10 3 16 16 11
split_gain=0.631996 0.749044 0.435693 0.375545 0.486486 0.285581 0.427817
threshold=-0.012116496800965102 -0.014632823378774527 -0.0077272897241722474 -0.0055954705365982562 0.00097369828859239515 0.029483624223408004 0.037714619913018062
decision_type=2 2 2 2 2 2 2
left_child=1 -1 -2 4 -4 -5 -7
right_child=2 -3 3 5 -6 6 -8
leaf_value=0.00036165041277871966 0.00028043112067747456 -0.00024499597476664367 -0.00033392665412916388 2.4731875785890915e-05 1.7891915117776565e-05 -0.00012825961538319769 1.5162659742007078e-05
leaf_weight=35 52 34 37 479 37 51 26
leaf_count=35 52 34 37 479 37 51 26
internal_value=0.000139814 -0.00442029 0.000601173 0.000238095 -0.00310811 0.000683453 -0.00214286
internal_weight=751 69 682 630 74 556 77
internal_count=751 69 682 630 74 556 77
is_linear=0
shrinkage=0.05


Tree=24
num_leaves=8
num_cat=0
split_feature=10 10 15 15 1 13 3
split_gain=0.472876 0.468479 0.37298 0.449346 0.323127 0.449964 0.534025
threshold=-0.015857538372193832 0.012727043065882683 0.0069209055601037192 0.0052165560670962572 -0.032715983009702625 15.105000019073488 0.0058321940864831676
decision_type=2 2 2 2 2 2 2
left_child=-1 2 3 4 -2 -6 -7
right_child=1 -3 -4 -5 5 6 -8
leaf_value=-0.00025301961274108351 9.9428975506760315e-05 -0.0002326013554572109 0.00020980245168428693 -0.00010681061701959564 0.00015581672249976349 -2.4364655410743367e-05 0.00026478137448255056
leaf_weight=28 67 44 155 43 151 226 35
leaf_count=28 67 44 155 43 151 226 35
internal_value=0.000660881 0.000908461 0.00123338 0.00059387 0.0010334 0.000509709 -0.000747126
internal_weight=749 721 677 522 479 412 261
internal_count=749 721 677 522 479 412 261
is_linear=0
shrinkage=0.05


Tree=25
num_leaves=8
num_cat=0
split_feature=14 5 12 9 15 16 0
split_gain=0.50387 0.390361 0.717309 1.17556 0.714706 0.896412 0.571667
threshold=0.14228104891203866 0.014143685208168002 0.018300587263459293 0.0029231612083636675 0.0038050784363665717 -0.001374406752314705 -0.00062802347650048318
decision_type=2 2 2 10 2 2 2
left_child=1 -1 4 6 -3 -6 -4
right_child=-2 2 3 -5 5 -7 -8
leaf_value=2.7850410651397719e-05 -0.00028712303201234207 0.00010275688189154483 -0.00019144420049392022 -7.3910025055647311e-05 -0.00065071332754375463 0.00012744430051897165 0.00026456246927090082
leaf_weight=442 25 102 35 45 26 42 40
leaf_count=442 25 102 35 45 26 42 40
internal_value=-1.98149e-05 0.000218579 -0.0012069 -0.00416667 0.000882353 -0.00308824 -0.000333333
internal_weight=757 732 290 120 170 68 75
internal_count=757 732 290 120 170 68 75
is_linear=0
shrinkage=0.05


Tree=26
num_leaves=8
num_cat=0
split_feature=8 8 7 8 8 3 2
split_gain=0.537537 0.9347 1.64177 0.724966 1.20046 0.350552 0.457435
threshold=0.037027903827824622 0.023488604353326784 0.027328914377438788 0.010858366606982474 0.0012497442741425948 0.0067515768441298593 -0.047761766126156284
decision_type=10 8 2 10 10 2 2
left_child=1 3 -3 4 5 6 -1
right_child=-2 2 -4 -5 -6 -7 -8
leaf_value=-9.5316805020876817e-05 0.00013109576243073686 2.6148910842403269e-05 -0.00041703566840487789 0.00014309077896143825 -0.00034048836833993972 0.00012265563135407072 0.00010113134268206829
leaf_weight=108 250 46 26 63 50 53 141
leaf_count=108 250 46 26 63 50 53 141
internal_value=0.000115333 -0.000852156 -0.00611111 6.02411e-05 -0.000823863 0.000364239 -0.000421687
internal_weight=737 487 72 415 352 302 249
internal_count=737 487 72 415 352 302 249
is_linear=0
shrinkage=0.05


Tree=27
num_leaves=8
num_cat=0
split_feature=14 10 15 3 16 6 5
split_gain=0.488283 0.42659 0.522475 0.59262 0.74652 0.425214 0.472832
threshold=0.15436855290822041 -0.0065884615881859334 -0.0082312374601999343 -0.0055954705365982562 0.00097369828859239515 -0.77567007464031945 0.014701944402118033
decision_type=2 2 2 2 2 2 2
left_child=1 -1 -3 4 -4 -5 -7
right_child=-2 2 3 5 -6 6 -8
leaf_value=0.00019283775304393261 -0.00025545288331407307 -0.00022476552663942915 -0.0010507535085028784 0.00020574548903049317 4.0886463201629814e-06 3.5044647881793812e-05 -3.0624705299331129e-05
leaf_weight=99 26 37 25 109 33 318 102
leaf_count=99 26 37 25 109 33 318 102
internal_value=0.000193592 0.000435685 -4.80767e-05 0.000315162 -0.00448276 0.00084121 0.000119048
internal_weight=749 723 624 587 58 529 420
internal_count=749 723 624 587 58 529 420
is_linear=0
shrinkage=0.05


Tree=28
num_leaves=8
num_cat=0
split_feature=14 0 3 3 2 2 5
split_gain=0.530989 0.439005 0.458356 0.360311 0.341504 0.507438 0.28001
threshold=0.15436855290822041 -0.0070633625636884459 -0.0055954705365982562 0.0095019991557516743 -0.083754029396259352 -0.041099187165945621 0.016789661532397481
decision_type=2 2 2 2 2 2 2
left_child=1 -1 -3 4 -4 -6 -7
right_child=-2 2 3 -5 5 6 -8
leaf_value=8.1136799567691262e-05 -0.00024268023914836932 -0.00025258093986961337 0.00031074736510356988 0.00020822136482724388 -0.00016844244448841156 1.4547212449470186e-05 -0.00020112026615617964
leaf_weight=199 26 46 31 58 36 343 25
leaf_count=199 26 46 31 58 36 343 25
internal_value=0.000484293 0.000731707 -9.27625e-06 0.000436106 -5.74711e-05 -0.000445544 0.000108696
internal_weight=764 738 539 493 435 404 368
internal_count=764 738 539 493 435 404 368
is_linear=0
shrinkage=0.05


Tree=29
num_leaves=8
num_cat=0
split_feature=14 14 11 14 13 14 14
split_gain=0.529343 0.561205 0.449226 0.681413 0.571088 0.895887 1.26972
threshold=0.15436855290822041 -0.096084571305829466 -0.0073194397976522043 0.078404529959544514 17.250000000000004 0.020125848996620292 -0.040011250304013861
decision_type=2 2 2 2 2 2 2
left_child=1 -1 -3 4 -4 6 -6
right_child=-2 2 3 -5 5 -7 -8
leaf_value=-0.00023659372985422795 -0.0002455236985720221 0.00010000972850454643 6.773058850200531e-05 -0.00028595103915610761 0.00028407315140047097 0.00016584400916058083 -0.00024190844938479892
leaf_weight=45 25 143 352 28 34 33 72
leaf_count=45 25 143 352 28 34 33 72
internal_value=0.000150273 0.000403112 0.000770393 8.67054e-05 0.000519348 -0.00219424 -0.00443396
internal_weight=732 707 662 519 491 139 106
internal_count=732 707 662 519 491 139 106
is_linear=0
shrinkage=0.05


Tree=30
num_leaves=8
num_cat=0
split_feature=9 8 4 16 5 4 6
split_gain=0.433705 0.606874 0.59969 0.488432 0.475093 0.842002 0.353922
threshold=0.10348254425617955 0.093589024746548413 0.018530037762645647 0.023268696018404315 0.013112977039221934 0.021759379640794902 0.86553271885632654
decision_type=10 10 2 2 2 2 2
left_child=1 2 -1 -2 -4 -6 -7
right_child=3 -3 4 -5 5 6 -8
leaf_value=-0.00022407900962403919 0.00018037048106197211 -0.00026721193304101695 0.00014777823765195131 -6.2195942358485363e-05 -0.00012892145187651583 2.6674845310971386e-05 -0.00024814552153337808
leaf_weight=49 154 28 105 40 42 272 48
leaf_count=49 154 28 105 40 42 272 48
internal_value=0.000392954 -0.000330882 5.81397e-05 0.00242268 0.000610279 -0.000248619 0.000625
internal_weight=738 544 516 194 467 362 320
internal_count=738 544 516 194 467 362 320
is_linear=0
shrinkage=0.05


Tree=31
num_leaves=8
num_cat=0
split_feature=6 10 15 2 7 16 0
split_gain=0.373826 0.946179 0.485627 0.590407 0.982759 0.548639 0.438505
threshold=1.5638302428771786 0.0015949691897426679 0.0069209055601037192 -0.035307771115474999 -0.019915928143822866 -0.023148465593568753 -0.00023125875031304585
decision_type=2 2 2 2 2 2 2
left_child=2 -2 3 4 5 -1 -5
right_child=1 -3 -4 6 -6 -7 -8
leaf_value=-0.00014314082317849319 0.00020308019820709157 -0.0010395239707010181 0.00016195942736984672 6.5885160889620051e-05 -0.00042195911525536235 5.9002479411171367e-05 -1.9333429127260835e-05
leaf_weight=25 41 25 169 229 27 62 160
leaf_count=25 41 25 169 229 27 62 160
internal_value=0.000257453 -0.00333333 0.000610119 -0.000168986 -0.00333333 -0.000747126 0.000758355
internal_weight=738 66 672 503 114 87 389
internal_count=738 66 672 503 114 87 389
is_linear=0
shrinkage=0.05


Tree=32
num_leaves=8
num_cat=0
split_feature=9 8 16 9 3 13 4
split_gain=0.639439 0.770482 0.692308 0.477262 0.598007 0.517029 0.728905
threshold=0.096070460625735779 0.093589024746548413 0.010557269196267096 -0.032448855251606505 -0.0041730880656991589 14.904999732971193 0.022124163520746611
decision_type=10 8 2 8 2 2 2
left_child=1 3 -3 4 -1 -5 -7
right_child=-2 2 -4 5 -6 6 -8
leaf_value=-0.00019345810622132769 5.4609058676235127e-05 -0.00020882231176986069 4.8278230206732272e-05 0.00014304913027414381 0.00014533054060919038 -8.9531440788832023e-05 -5.1265393029140523e-06
leaf_weight=36 203 26 26 98 110 68 184
leaf_count=36 203 26 26 98 110 68 184
internal_value=0.000139814 -0.000748175 -0.00653846 -0.000141129 0.00226027 -0.00114286 -0.00234127
internal_weight=751 548 52 496 146 350 252
internal_count=751 548 52 496 146 350 252
is_linear=0
shrinkage=0.05


Tree=33
num_leaves=8
num_cat=0
split_feature=14 10 4 2 9 1 4
split_gain=0.497111 0.512129 0.324849 1.66418 0.548618 0.497478 0.395258
threshold=0.15436855290822041 0.012727043065882683 0.022999010985480857 -0.037080255714606873 0.086238755295694039 0.036872421884166735 0.024048107431956903
decision_type=2 2 2 2 10 2 2
left_child=1 2 3 -1 5 -5 -4
right_child=-2 -3 6 4 -6 -7 -8
leaf_value=-0.00044341400648913003 -0.00019685496650289621 -0.00011953248765186429 0.00019307879611525205 7.3781916106284669e-06 0.0001556280960796052 -0.00010428540301037537 2.6393676286985058e-05
leaf_weight=41 26 40 84 190 135 37 195
leaf_count=41 26 40 84 190 135 37 195
internal_value=0.000254011 0.000498615 0.000821115 -8.68484e-05 0.000994475 -0.000506608 0.00213262
internal_weight=748 722 682 403 362 227 279
internal_count=748 722 682 403 362 227 279
is_linear=0
shrinkage=0.05


Tree=34
num_leaves=8
num_cat=0
split_feature=3 12 2 15 15 1 8
split_gain=0.558841 0.51978 1.24852 0.39586 0.551302 0.628198 0.457938
threshold=0.0081165973474247605 -0.031709461576504387 -0.083754029396259352 0.0070853707220388537 0.0045364150144413537 0.015545879306161582 -0.057068951136182593
decision_type=2 2 2 2 2 2 10
left_child=1 2 -1 4 6 -6 -3
right_child=-2 3 -4 -5 5 -7 -8
leaf_value=0.00035701871637981307 0.0001888760494654383 0.00021991222884108652 -0.0002164113316253423 0.00017619069779855115 -0.00039680802868125617 9.5782244731440305e-06 3.4184335362191656e-07
leaf_weight=25 81 50 47 124 36 34 352
leaf_count=25 81 50 47 124 36 34 352
internal_value=0.000460614 -1.49699e-05 -0.00402778 0.000469799 -0.000190678 -0.00428571 0.000522388
internal_weight=749 668 72 596 472 70 402
internal_count=749 668 72 596 472 70 402
is_linear=0
shrinkage=0.05


Tree=35
num_leaves=8
num_cat=0
split_feature=14 14 8 15 15 13 2
split_gain=0.5894 0.492997 0.413868 0.525162 0.476491 0.607791 1
threshold=-0.096084571305829466 -0.05241984422658668 -0.057068951136182593 -0.012116496800965102 -0.0039977615180031836 17.369999885559086 0.029081783711721324
decision_type=2 2 8 2 2 2 2
left_child=-1 -2 -3 -4 -5 -6 -7
right_child=1 2 3 4 5 6 -8
leaf_value=-0.00023501262470756133 9.1230131836338496e-05 5.6976482948236908e-05 -0.00017387478037053032 0.00013256341829594444 7.7369990679314185e-06 5.6979798518749183e-06 -0.00020822723930655096
leaf_weight=43 94 72 48 129 255 63 49
leaf_count=43 94 72 48 129 255 63 49
internal_value=0.000219124 0.00056338 4.87015e-05 -0.000422794 6.04841e-05 -0.00085831 -0.00392857
internal_weight=753 710 616 544 496 367 112
internal_count=753 710 616 544 496 367 112
is_linear=0
shrinkage=0.05


Tree=36
num_leaves=8
num_cat=0
split_feature=6 6 9 8 11 11 6
split_gain=0.339403 0.521534 0.383736 0.894246 0.327663 0.603917 0.703994
threshold=1.5638302428771786 2.6543953119499291 0.10002781213127966 0.093589024746548413 -0.0071962553700703471 0.011695310622020451 -0.58375128153418276
decision_type=2 2 10 10 2 2 2
left_child=2 -2 3 4 -1 6 -6
right_child=1 -3 -4 -5 5 -7 -8
leaf_value=7.0334230514831786e-05 -0.00060010223447504521 0.00015844298295479567 8.5520554174357277e-05 -0.00015497749326877789 -0.00019881924887231542 2.3466507543608956e-05 3.2591342895624672e-06
leaf_weight=135 41 26 175 26 64 160 123
leaf_count=135 41 26 175 26 64 160 123
internal_value=0.000933333 -0.00246269 0.00126647 0.000570866 0.00105809 0.000244957 -0.00168449
internal_weight=750 67 683 508 482 347 187
internal_count=750 67 683 508 482 347 187
is_linear=0
shrinkage=0.05


Tree=37
num_leaves=8
num_cat=0
split_feature=3 11 9 11 11 0 3
split_gain=0.3594 0.416941 0.634811 1.15508 0.555015 0.784457 1.16592
threshold=0.0081165973474247605 0.013148939613643941 0.16484394605814937 0.019998306186617913 0.0083592080830587907 -0.0070633625636884459 0.0013911766458413191
decision_type=2 2 8 2 2 2 2
left_child=1 4 -3 -4 -1 -6 -7
right_child=-2 2 3 -5 5 6 -8
leaf_value=2.1311587555166113e-06 0.00015630998743682318 0.00014404147651196484 0.00044271547228942994 -0.00025266713417194405 0.00013901503651437844 -0.00013888512504014235 0.00028830764754530803
leaf_weight=397 80 128 32 34 26 36 25
leaf_count=397 80 128 32 34 26 36 25
internal_value=0.000580475 0.00020649 0.00216495 -0.00181818 -0.000578512 -0.0041954 -0.00729508
internal_weight=758 678 194 66 484 87 61
internal_count=758 678 194 66 484 87 61
is_linear=0
shrinkage=0.05


Tree=38
num_leaves=8
num_cat=0
split_feature=0 9 9 6 0 11 11
split_gain=0.297428 0.50779 0.843134 0.983331 0.442157 0.677824 1.01925
threshold=-0.0064569760157839875 0.10348254425617955 0.02476296515845389 -0.067118687518238782 0.005595732203839133 0.011634052199270497 0.0069117178035681412
decision_type=2 10 10 2 2 2 2
left_child=-1 2 4 -4 5 6 -2
right_child=1 -3 3 -5 -6 -7 -8
leaf_value=4.6548863748121931e-05 -5.5758821230726719e-06 6.6612940339561756e-05 4.368586551936916e-05 -0.00049627731991775585 4.1310035082289723e-05 1.5667945279230787e-05 -0.00017924129716820388
leaf_weight=218 70 153 47 37 143 54 26
leaf_count=218 70 153 47 37 143 54 26
internal_value=0.00092246 0.000283019 -0.000702918 -0.00511905 0.00056314 -0.00133333 -0.00385417
internal_weight=748 530 377 84 293 150 96
internal_count=748 530 377 84 293 150 96
is_linear=0
shrinkage=0.05


Tree=39
num_leaves=8
num_cat=0
split_feature=10 3 11 7 8 9 0
split_gain=0.353472 0.393985 0.46344 0.568563 0.908184 0.873352 0.755494
threshold=0.013109339753378581 0.0057297905644495559 0.012464191506580515 -0.00027316039736002823 0.069103696334426604 0.0060951529676860359 -0.0058986320787079429
decision_type=2 2 2 2 10 10 2
left_child=1 2 3 -1 5 6 -5
right_child=-2 -3 -4 4 -6 -7 -8
leaf_value=3.2729112890816674e-05 -0.00022039083491159607 0.00010904807394423293 2.2572039843516703e-05 0.00014265332075359772 4.8500368270879029e-05 -0.00019457219088078157 -0.0001253477764185745
leaf_weight=216 39 111 168 25 86 40 52
leaf_count=216 39 111 168 25 86 40 52
internal_value=0.000658073 0.000916906 0.000400341 -0.00048926 -0.00238916 -0.00525641 -0.00214286
internal_weight=737 698 587 419 203 117 77
internal_count=737 698 587 419 203 117 77
is_linear=0
shrinkage=0.05


Tree=40
num_leaves=8
num_cat=0
split_feature=5 8 1 15 8 2 12
split_gain=0.404507 0.456518 1.12882 0.357637 0.339523 0.327015 1.44093
threshold=0.016063871601751576 -0.05882315674984278 0.0073386673675306388 0.011722306013954078 -0.095828837437609712 -0.037080255714606873 0.011040694977268452
decision_type=2 10 2 2 10 2 2
left_child=3 4 -3 5 -2 6 -1
right_child=1 2 -4 -5 -6 -7 -8
leaf_value=2.6742794478549794e-05 -0.00010522923983951547 -0.00013704830215569569 9.2347410012776825e-05 0.00033522031731062385 0.00015621204288191804 1.9420513285866369e-05 -0.00026537378581815681
leaf_weight=67 26 39 42 55 32 462 27
leaf_count=67 26 39 42 55 32 462 27
internal_value=0.0006 -0.00183453 -0.00425926 0.00115385 0.00155172 0.000773381 -0.00191489
internal_weight=750 139 81 611 58 556 94
internal_count=750 139 81 611 58 556 94
is_linear=0
shrinkage=0.05


Tree=41
num_leaves=8
num_cat=0
split_feature=9 8 5 13 9 14 15
split_gain=0.376547 0.779789 0.631554 0.381663 0.604974 0.460841 0.571501
threshold=0.096070460625735779 0.093589024746548413 0.010975341093081499 22.429999351501468 -0.095987196724624843 -0.03286597934359297 1.0000000180025095e-35
decision_type=10 10 2 2 8 2 2
left_child=1 2 -1 5 -5 -4 -7
right_child=-2 -3 3 4 -6 6 -8
leaf_value=-0.00034817749134393242 3.4144578972610147e-05 -0.00022724371282459383 0.00010002525040037519 0.00025697544267626207 -0.00033067201568023934 8.2461280015382052e-05 -1.0283669604686356e-05
leaf_weight=25 207 27 126 26 33 198 110
leaf_count=25 207 27 126 26 33 198 110
internal_value=0.00101064 0.000321101 0.000752896 0.00114604 -0.00262712 0.00165899 0.000616883
internal_weight=752 545 518 493 59 434 308
internal_count=752 545 518 493 59 434 308
is_linear=0
shrinkage=0.05


Tree=42
num_leaves=8
num_cat=0
split_feature=10 10 9 4 6 2 6
split_gain=0.496085 0.379552 0.50274 0.624781 0.847412 0.733741 0.656274
threshold=0.013109339753378581 0.0079281319106555576 0.054072122140014896 0.02277004733354494 -0.61688234737129921 0.045274823010800887 0.84791472758618747
decision_type=2 2 10 2 2 2 2
left_child=1 2 3 4 -1 -6 -5
right_child=-2 -3 -4 6 5 -7 -8
leaf_value=-0.00039600759909460236 -0.00020695759934253482 5.5655332735726689e-05 2.7991375646516141e-05 8.6182442553611117e-05 1.0520990214396544e-05 -0.00010344593958702218 -0.00013734575106020774
leaf_weight=48 40 86 229 163 108 44 35
leaf_count=48 40 86 229 163 108 44 35
internal_value=0.000418327 0.0007223 0.000295056 -0.000778894 -0.00275 -0.000921052 0.00121212
internal_weight=753 713 627 398 200 152 198
internal_count=753 713 627 398 200 152 198
is_linear=0
shrinkage=0.05


Tree=43
num_leaves=8
num_cat=0
split_feature=5 0 9 12 10 9 8
split_gain=0.392738 0.413793 0.499507 0.367294 0.390482 0.343668 0.573241
threshold=0.015342758043771601 0.0045106557157389435 0.0060951529676860359 0.020229824127922073 -0.0065884615881859334 -0.078947428152204555 0.093589024746548413
decision_type=2 2 8 2 2 10 8
left_child=5 3 -3 4 -2 6 -1
right_child=1 2 -4 -5 -6 -7 -8
leaf_value=1.1054004443540502e-05 9.105504121144451e-05 -2.4266984384657217e-05 -0.00018359950108174861 0.00016247289861126657 -8.2151890284205657e-05 3.3965848565795102e-05 -5.9223172683378615e-05
leaf_weight=156 26 30 28 49 41 385 31
leaf_count=156 26 30 28 49 41 385 31
internal_value=0.00104558 -0.00103448 -0.00448276 0.000689655 -0.00171642 0.00167832 -8.02137e-05
internal_weight=746 174 58 116 67 572 187
internal_count=746 174 58 116 67 572 187
is_linear=0
shrinkage=0.05


Tree=44
num_leaves=8
num_cat=0
split_feature=15 10 16 3 11 7 13
split_gain=0.398439 0.562977 0.600337 0.533185 1.08536 1.00185 0.936717
threshold=-0.014149651100142878 -0.0060493292963074699 -0.025601242557224176 -0.00073028937881441925 0.013148939613643941 -0.01692104086934659 17.445000648498539
decision_type=2 2 2 2 2 2 2
left_child=-1 -2 -3 4 5 -4 -7
right_child=1 2 3 -5 -6 6 -8
leaf_value=-0.00015988584156175598 0.00015994902378580359 -0.0003269816100795811 0.00017638865046891512 4.0915269875498458e-05 0.00016826510761689732 -2.4628607934766806e-05 -0.0005716738527222798
leaf_weight=46 82 25 34 395 62 67 29
leaf_count=46 82 25 34 395 62 67 29
internal_value=0.000810811 0.00110951 0.000588235 0.000911414 -0.00125 -0.00384615 -0.00645833
internal_weight=740 694 612 587 192 130 96
internal_count=740 694 612 587 192 130 96
is_linear=0
shrinkage=0.05


Tree=45
num_leaves=8
num_cat=0
split_feature=3 12 3 0 13 11 15
split_gain=0.64813 0.588891 0.978547 0.554761 0.872921 1.124 0.990042
threshold=0.0087751137228200288 -0.029032351633034689 -0.0010134405796479171 -0.0065360351681852382 15.694999694824221 -0.0019312453480846423 0.0069857508012245448
decision_type=2 2 2 2 2 2 2
left_child=1 2 -1 -3 -5 -6 -7
right_child=-2 3 -4 4 5 6 -8
leaf_value=2.6670713912997878e-05 0.0001564661741911456 9.3502005323101254e-05 -0.00025167200861411602 3.9323942562986933e-05 5.5506970736216576e-05 -0.00016988592223884729 1.746095164602569e-05
leaf_weight=39 67 176 36 211 80 98 39
leaf_count=39 67 176 36 211 80 98 39
internal_value=0.000308311 -0.000154639 -0.00433333 0.000364239 -0.000607476 -0.0028341 -0.00558394
internal_weight=746 679 75 604 428 217 137
internal_count=746 679 75 604 428 217 137
is_linear=0
shrinkage=0.05


Tree=46
num_leaves=8
num_cat=0
split_feature=14 15 7 15 9 16 2
split_gain=0.431122 0.401205 0.390636 0.724654 0.317966 0.701133 0.63375
threshold=-0.096084571305829466 0.011722306013954078 -0.012565918132229624 -0.012116496800965102 0.16701476573197585 0.025839472679907608 0.0074331051174100224
decision_type=2 2 2 2 8 2 2
left_child=-1 2 -2 -4 -5 6 -6
right_child=1 -3 3 4 5 -7 -8
leaf_value=-0.00019233911491275523 5.9097681057413245e-05 7.9631279991631046e-05 -0.00022612583889637276 2.562029413198859e-05 -0.00035338316442862482 -0.00011990661031919126 6.249041715324781e-05
leaf_weight=45 193 62 27 230 25 31 135
leaf_count=45 193 62 27 230 25 31 135
internal_value=0.000855615 0.00115932 0.000787832 -2.23212e-05 0.000486936 -0.00102094 0.0003125
internal_weight=748 703 641 448 421 191 160
internal_count=748 703 641 448 421 191 160
is_linear=0
shrinkage=0.05


Tree=47
num_leaves=8
num_cat=0
split_feature=8 10 14 16 8 5 3
split_gain=0.685693 0.43639 0.714168 0.33883 0.314265 0.392746 0.33128
threshold=-0.11810163508622339 -0.0077272897241722474 0.078404529959544514 -0.02473340800841017 0.10709418190821408 0.012552850591449354 -0.0029187183734513118
decision_type=10 2 2 2 10 2 2
left_child=-1 -2 3 -3 6 -6 -5
right_child=1 2 -4 4 5 -7 -8
leaf_value=-7.5691092841978481e-05 0.00013958398467558844 -0.00028561427310046515 -0.00019624829731905013 -4.4245138209231095e-06 0.00011800962288694974 -0.00022880508641029735 3.55638715345567e-05
leaf_weight=30 85 26 29 112 29 25 403
leaf_count=30 85 26 29 112 29 25 403
internal_value=0.000737483 0.00105078 0.000592949 0.000966387 0.00122144 -0.00240741 0.00160194
internal_weight=739 709 624 595 569 54 515
internal_count=739 709 624 595 569 54 515
is_linear=0
shrinkage=0.05


Tree=48
num_leaves=8
num_cat=0
split_feature=10 9 11 7 3 0 11
split_gain=0.369052 0.396694 0.979467 0.830178 0.891117 0.697443 0.787953
threshold=-0.0077272897241722474 0.096070460625735779 0.010968316355360443 -0.037918105713561627 -0.0036335488422559732 -0.0038076179306689713 0.0026615433569360252
decision_type=2 8 2 2 2 2 2
left_child=-1 2 3 -2 -5 6 -6
right_child=1 -3 -4 4 5 -7 -8
leaf_value=0.00011313764740944541 0.00020877737966442023 2.1698000091382849e-05 4.974187517646538e-05 -0.00039976117137433545 -0.00029348611865248413 1.1212666239128411e-05 -3.5717150443838719e-05
leaf_weight=99 28 326 132 25 28 76 26
leaf_count=99 28 326 132 25 28 76 26
internal_value=0.00114865 0.000709829 -0.000555555 -0.0029235 -0.00435484 -0.00269231 -0.00703704
internal_weight=740 641 315 183 155 130 54
internal_count=740 641 315 183 155 130 54
is_linear=0
shrinkage=0.05


Tree=49
num_leaves=8
num_cat=0
split_feature=2 7 11 2 7 16 5
split_gain=0.281453 0.524234 0.759926 0.290072 0.675704 0.608046 0.278895
threshold=0.091886991920883246 0.042799032608322081 0.01081338505568419 -0.035307771115474999 -0.01692104086934659 -0.02473340800841017 0.010778626748790897
decision_type=2 2 2 2 2 2 2
left_child=1 3 -3 4 5 -1 -5
right_child=-2 2 -4 6 -6 -7 -8
leaf_value=-0.00018263510240238497 0.00014230245904203512 -0.00047110198241362259 4.5219330539346452e-05 -0.00021228649978046832 -0.00033263554391178249 2.6397954957203841e-05 3.3274930873288547e-05
leaf_weight=29 112 26 36 42 39 96 353
leaf_count=29 112 26 36 42 39 96 353
internal_value=0.000907231 0.000491143 -0.00387097 0.000974955 -0.000792683 0.001 0.00170886
internal_weight=733 621 62 559 164 125 395
internal_count=733 621 62 559 164 125 395
is_linear=0
shrinkage=0.05


Tree=50
num_leaves=8
num_cat=0
split_feature=5 5 0 11 9 3 11
split_gain=0.619191 0.729413 0.662201 0.613771 0.517677 0.338865 0.662083
threshold=0.016291564938222477 0.018696226495405054 0.0045106557157389435 0.032599059043066377 -0.018968950310001783 -0.0060190016285475148 -0.0034482650078786477
decision_type=2 2 2 2 10 2 2
left_child=3 2 4 5 -2 6 -1
right_child=1 -3 -4 -5 -6 -7 -8
leaf_value=0.00037476887630002813 -4.1921577634700997e-05 5.8479733083405829e-05 -0.00019753353836076001 -9.854162931064803e-05 6.640888062297407e-05 2.108491009467603e-05 -0.00014707106937880026
leaf_weight=26 25 43 31 27 26 511 51
leaf_count=26 25 43 31 27 26 511 51
internal_value=0.000608108 -0.0026 -0.00536585 0.00126016 -0.00186274 0.00159864 -0.00149351
internal_weight=740 125 82 615 51 588 77
internal_count=740 125 82 615 51 588 77
is_linear=0
shrinkage=0.05


Tree=51
num_leaves=8
num_cat=0
split_feature=10 15 12 0 3 12 13
split_gain=0.349216 0.353416 0.287889 0.440189 0.451417 0.599103 1.03545
threshold=0.015605159278572868 0.0067316332476348171 -0.038043904409190692 -0.005979820152999026 0.0013201802198435921 -0.005215251084133842 15.105000019073488
decision_type=2 2 2 2 2 2 2
left_child=1 2 -1 -4 5 -5 -7
right_child=-2 -3 3 4 -6 6 -8
leaf_value=-0.00012460319030902813 -0.00019107254303566174 6.8835745611595036e-05 2.9573888908326893e-05 9.2321090262320539e-05 7.946731260854745e-05 0.00011468817580596473 -0.00016661578425074459
leaf_weight=44 27 170 191 31 134 76 89
leaf_count=44 27 170 191 31 134 76 89
internal_value=0.00132546 0.00153061 0.000929204 0.0012572 0.000151515 -0.00137755 -0.00257576
internal_weight=762 735 565 521 330 196 165
internal_count=762 735 565 521 330 196 165
is_linear=0
shrinkage=0.05


end of trees

feature_importances:
sector_ret_1d=40
dist_ma200=35
overnight_gap=31
dist_ma50=28
vix_chg_1d=23
ret_1d=21
ret_20d=21
dvol_z_20=20
spy_ret_5d=20
vix_level=19
sector_ret_5d=18
spy_ret_1d=17
parkinson_20=16
spy_ret_20d=16
atr_pct=14
ret_5d=13
dist_ma20=12

parameters:
[boosting: gbdt]
[objective: quantile]
[metric: quantile]
[tree_learner: serial]
[device_type: cpu]
[data_sample_strategy: bagging]
[data: ]
[valid: ]
[num_iterations: 80]
[learning_rate: 0.05]
[num_leaves: 8]
[num_threads: 1]
[seed: 0]
[deterministic: 0]
[force_col_wise: 1]
[force_row_wise: 0]
[histogram_pool_size: -1]
[max_depth: -1]
[min_data_in_leaf: 25]
[min_sum_hessian_in_leaf: 0.001]
[bagging_fraction: 0.9]
[pos_bagging_fraction: 1]
[neg_bagging_fraction: 1]
[bagging_freq: 1]
[bagging_seed: 3]
[bagging_by_query: 0]
[feature_fraction: 0.9]
[feature_fraction_bynode: 1]
[feature_fraction_seed: 2]
[extra_trees: 0]
[extra_seed: 6]
[early_stopping_round: 0]
[early_stopping_min_delta: 0]
[first_metric_only: 0]
[max_delta_step: 0]
[lambda_l1: 0]
[lambda_l2: 0]
[linear_lambda: 0]
[min_gain_to_split: 0]
[drop_rate: 0.1]
[max_drop: 50]
[skip_drop: 0.5]
[xgboost_dart_mode: 0]
[uniform_drop: 0]
[drop_seed: 4]
[top_rate: 0.2]
[other_rate: 0.1]
[min_data_per_group: 100]
[max_cat_threshold: 32]
[cat_l2: 10]
[cat_smooth: 10]
[max_cat_to_onehot: 4]
[top_k: 20]
[monotone_constraints: ]
[monotone_constraints_method: basic]
[monotone_penalty: 0]
[feature_contri: ]
[forcedsplits_filename: ]
[refit_decay_rate: 0.9]
[cegb_tradeoff: 1]
[cegb_penalty_split: 0]
[cegb_penalty_feature_lazy: ]
[cegb_penalty_feature_coupled: ]
[path_smooth: 0]
[interaction_constraints: ]
[verbosity: -1]
[saved_feature_importance_type: 0]
[use_quantized_grad: 0]
[num_grad_quant_bins: 4]
[quant_train_renew_leaf: 0]
[stochastic_rounding: 1]
[linear_tree: 0]
[max_bin: 255]
[max_bin_by_feature: ]
[min_data_in_bin: 3]
[bin_construct_sample_cnt: 200000]
[data_random_seed: 1]
[is_enable_sparse: 1]
[enable_bundle: 1]
[use_missing: 1]
[zero_as_missing: 0]
[feature_pre_filter: 1]
[pre_partition: 0]
[two_round: 0]
[header: 0]
[label_column: ]
[weight_column: ]
[group_column: ]
[ignore_column: ]
[categorical_feature: ]
[forcedbins_filename: ]
[precise_float_parser: 0]
[parser_config_file: ]
[objective_seed: 5]
[num_class: 1]
[is_unbalance: 0]
[scale_pos_weight: 1]
[sigmoid: 1]
[boost_from_average: 1]
[reg_sqrt: 0]
[alpha: 0.1]
[fair_c: 1]
[poisson_max_delta_step: 0.7]
[tweedie_variance_power: 1.5]
[lambdarank_truncation_level: 30]
[lambdarank_norm: 1]
[label_gain: ]
[lambdarank_position_bias_regularization: 0]
[eval_at: ]
[multi_error_top_k: 1]
[auc_mu_weights: ]
[num_machines: 1]
[local_listen_port: 12400]
[time_out: 120]
[machine_list_filename: ]
[machines: ]
[gpu_platform_id: -1]
[gpu_device_id: -1]
[gpu_device_id_list: ]
[gpu_use_dp: 0]
[num_gpu: 1]

end of parameters

pandas_categorical:[]
