tree
version=v4
num_class=1
num_tree_per_iteration=1
label_index=0
max_feature_idx=16
objective=quantile
feature_names=ret_1d ret_5d ret_20d overnight_gap atr_pct parkinson_20 dvol_z_20 dist_ma20 dist_ma50 dist_ma200 spy_ret_1d spy_ret_5d spy_ret_20d vix_level vix_chg_1d sector_ret_1d sector_ret_5d
feature_infos=[-0.12321721770772287:0.13409242823617351] [-0.13932039994570533:0.25358066610836993] [-0.14701279188415683:0.37055071402287143] [-0.11017265514964092:0.15392166371274474] [0.0098329795980349813:0.044169385564555345] [0.0062714379651900749:0.024637564586191638] [-1.6416548756658453:4.1854407877843807] [-0.10953746164858746:0.24840924523868968] [-0.13625957945497613:0.375856336653968] [-0.095519812704486617:0.54582735071365351] [-0.058542971330535654:0.10501930183911301] [-0.11496151859245618:0.082843162776128354] [-0.1226559005192206:0.15756591020035837] [11.859999656677246:52.330001831054688] [-0.35753873962348437:0.74039073966007019] [-0.068247998544687438:0.13425697132599002] [-0.13587196028298487:0.11773217696052685]
tree_sizes=838 857 867 865 867 856 863 872 864 875 864 872 872 867 859 856 866 860 870 865 862 861 858 859 865 874 866 864 869 862 870

Tree=0
num_leaves=8
num_cat=0
split_feature=13 1 2 8 12 2 4
split_gain=1.28225 0.919742 0.503203 0.723858 0.980438 0.585526 1.15436
threshold=26.494999885559086 0.053692725550215432 0.061497649400275252 -0.010029908042723244 0.050860094870715973 0.0015007605742686227 0.01577135644483969
decision_type=2 2 2 8 2 2 2
left_child=1 2 3 -1 5 6 -5
right_child=-2 -3 -4 4 -6 -7 -8
leaf_value=-0.013192547719395745 -0.014103656540176424 -0.013863321220215077 -0.013150276726966868 -0.013616807851698004 -0.013907424635315691 -0.013348802987674257 -0.013298797420133226
leaf_weight=198 25 37 125 25 26 270 44
leaf_count=198 25 37 125 25 26 270 44
internal_value=-0.0132939 -0.01291 -0.012497 -0.0131342 -0.0144547 -0.013737 -0.0178475
internal_weight=750 725 688 563 365 339 69
internal_count=750 725 688 563 365 339 69
is_linear=0
shrinkage=1


Tree=1
num_leaves=8
num_cat=0
split_feature=13 2 2 2 3 1 0
split_gain=1.24337 0.487321 0.708 1.1695 1.37143 0.65691 1.17734
threshold=26.85000038146973 -0.045349267179417334 0.0015007605742686227 -0.015446513328828957 0.0013070194180011543 0.0023789219668506338 -0.0030091824711089839
decision_type=2 2 2 2 2 2 2
left_child=1 -1 3 -3 -5 -4 -7
right_child=-2 2 5 4 -6 6 -8
leaf_value=0.00022183849860874907 -0.0007516736133124758 4.8840619225434024e-05 0.00015760933699838126 -0.00017524004362331412 -0.0013033222649454855 -0.000228585106118264 0.00011576607109117033
leaf_weight=87 25 93 146 42 28 66 247
leaf_count=87 25 93 146 42 28 66 247
internal_value=-4.08717e-05 0.000345557 -0.000144694 -0.00297546 -0.00785714 0.000860567 -0.00043131
internal_weight=734 709 622 163 70 459 313
internal_count=734 709 622 163 70 459 313
is_linear=0
shrinkage=0.05


Tree=2
num_leaves=8
num_cat=0
split_feature=13 1 2 8 12 2 4
split_gain=1.57762 0.697871 0.692434 0.785788 1.27771 0.599369 1.02291
threshold=26.85000038146973 0.053692725550215432 0.058302105440512071 -0.010973380200909598 0.050860094870715973 0.0015007605742686227 0.015760893861891802
decision_type=2 2 2 8 2 2 2
left_child=1 2 3 -1 5 6 -5
right_child=-2 -3 -4 4 -6 -7 -8
leaf_value=0.00023173109320768722 -0.00071133973819277835 -0.00065184085667603143 0.00018402549321120404 -0.00025369631659997392 -0.00046009395664144853 2.3137962449313435e-05 -6.5436794012511002e-06
leaf_weight=189 26 34 146 25 26 257 46
leaf_count=189 26 34 146 25 26 257 46
internal_value=-0.000206942 0.000228216 0.000573295 -0.000248619 -0.00163842 -0.000792683 -0.00485915
internal_weight=749 723 689 543 354 328 71
internal_count=749 723 689 543 354 328 71
is_linear=0
shrinkage=0.05


Tree=3
num_leaves=8
num_cat=0
split_feature=13 14 0 1 2 6 1
split_gain=1.79074 0.666734 1.34363 2.57377 0.771598 0.449918 0.41744
threshold=26.85000038146973 -0.0070547548707520216 1.0000000180025095e-35 0.0022141831392141769 -0.027454806664954864 -0.38352402841665517 0.048578810555599546
decision_type=2 2 2 2 2 2 2
left_child=1 2 3 4 -1 -3 -4
right_child=-2 5 6 -5 -6 -7 -8
leaf_value=-0.00012917892654191898 -0.00069395458964925812 0.00024564167534049832 0.00014013628991906194 -0.00042656518578252788 0.00038561283484299494 8.0098746024330315e-05 -0.00049495338895030546
leaf_weight=25 25 143 220 38 46 221 25
leaf_count=25 25 143 220 38 46 221 25
internal_value=0.000154778 0.000612814 -0.000932203 -0.00555046 7.04227e-05 0.00211538 0.00112245
internal_weight=743 718 354 109 71 364 245
internal_count=743 718 354 109 71 364 245
is_linear=0
shrinkage=0.05


Tree=4
num_leaves=8
num_cat=0
split_feature=12 1 2 6 2 0 1
split_gain=0.89074 0.61387 0.519105 0.623417 0.591745 0.537023 1.73844
threshold=-0.052281358654850445 0.053692725550215432 0.056477321939879761 2.2618969632744039 -0.045349267179417334 0.0003342320040121694 0.010473546384221157
decision_type=2 2 2 2 2 2 2
left_child=-1 2 3 4 -2 6 -6
right_child=1 -3 -4 -5 5 -7 -8
leaf_value=-0.00044505986858442149 0.00030280377371719039 -0.00054057707965270716 0.00016225956243183816 -0.00068183450288471909 1.5051156062180928e-05 0.00010899266002332026 -0.00022071475592254152
leaf_weight=30 81 37 153 29 164 203 49
leaf_count=30 81 37 153 29 164 203 49
internal_value=0.000107239 0.000460894 0.000802651 5.70344e-05 0.000472837 -0.000288461 -0.00204225
internal_weight=746 716 679 526 497 416 213
internal_count=746 716 679 526 497 416 213
is_linear=0
shrinkage=0.05


Tree=5
num_leaves=8
num_cat=0
split_feature=5 11 1 11 3 0 5
split_gain=0.944624 0.897917 0.834972 1.11853 1.00474 0.403826 0.704766
threshold=0.011931668871796199 0.0091429221400685119 0.0060938766876924575 0.00081108963534770606 -0.00079017231909933583 -0.011092474637533099 0.0097738814456533717
decision_type=2 2 2 2 2 2 2
left_child=5 2 4 -4 -2 6 -1
right_child=1 -3 3 -5 -6 -7 -8
leaf_value=0.00021789429793265755 -0.00058174647971539768 0.0001063478698747427 -0.00074142940945171 -0.00014352196504867329 0.00017666109557248408 0.0001265515479520081 -0.00024258927360071883
leaf_weight=34 28 74 27 26 45 478 25
leaf_count=34 28 74 27 26 45 478 25
internal_value=0.000183175 -0.00275 -0.00531746 -0.0100943 -0.00184931 0.00127561 -0.00262712
internal_weight=737 200 126 53 73 537 59
internal_count=737 200 126 53 73 537 59
is_linear=0
shrinkage=0.05


Tree=6
num_leaves=8
num_cat=0
split_feature=13 2 2 3 6 8 8
split_gain=1.77757 0.804969 1.15633 0.641981 0.517677 0.494261 0.645355
threshold=27.070000648498539 -0.019514578320060757 0.0015007605742686227 0.0018494021440541577 -0.045521822957604534 0.004953931512901689 0.022541285855797514
decision_type=2 2 2 2 2 8 10
left_child=1 -1 3 4 -3 -4 -7
right_child=-2 2 5 -5 -6 6 -8
leaf_value=0.00020054123352098997 -0.00061852621378819818 0.00019757551583175304 0.00028992791062109024 -0.00064905080692950843 -0.00018203311666873054 -7.6624519102816034e-05 8.4455282065704903e-05
leaf_weight=172 25 26 57 39 25 77 325
leaf_count=172 25 26 57 39 25 77 325
internal_value=0.000107239 0.00056172 -0.000373406 -0.00555556 -0.00186274 0.000642702 2.48758e-05
internal_weight=746 721 549 90 51 459 402
internal_count=746 721 549 90 51 459 402
is_linear=0
shrinkage=0.05


Tree=7
num_leaves=8
num_cat=0
split_feature=1 2 3 12 4 10 4
split_gain=0.653388 0.747627 0.668272 0.775378 0.573146 0.735075 0.418767
threshold=0.053692725550215432 0.062488025305226021 -0.0089430911998476508 0.051846022032751578 0.013126607789822359 -0.00032910351187348525 0.014919266992318717
decision_type=2 2 2 2 2 2 2
left_child=1 2 -1 4 5 -4 -6
right_child=-2 -3 3 -5 6 -7 -8
leaf_value=-0.00058716250536011835 -0.0004223885550534921 0.00023519127097581104 -0.00060667696084674549 -0.00036063908948289532 0.00024083974803281884 0.00012689328079306064 8.7992410637009256e-06
leaf_weight=44 40 126 26 32 100 35 342
leaf_count=44 40 126 26 32 100 35 342
internal_value=-3.35569e-05 0.000319149 -0.000440414 4.67292e-05 0.000526839 -0.00401639 0.00115385
internal_weight=745 705 579 535 503 61 442
internal_count=745 705 579 535 503 61 442
is_linear=0
shrinkage=0.05


Tree=8
num_leaves=8
num_cat=0
split_feature=13 9 15 15 0 7 2
split_gain=1.22633 0.686103 0.394022 0.648757 0.900539 1.05502 0.547348
threshold=26.85000038146973 0.18911016324007493 0.010736878536835583 -0.0030821786331124419 -0.0051727714297649654 -0.0013391266654530496 1.0000000180025095e-35
decision_type=2 10 2 2 2 2 2
left_child=1 2 3 -1 5 -5 -6
right_child=-2 -3 -4 4 6 -7 -8
leaf_value=0.00014786623043619912 -0.00055041384760264945 -0.00057689097453537247 0.00019735137080008751 5.5244844882797826e-05 -0.00018941732380624093 -0.0002571281959999762 0.00012593892765926969
leaf_weight=221 26 43 149 26 88 35 176
leaf_count=221 26 43 149 26 88 35 176
internal_value=0.000287958 0.000663957 0.00104317 0.000421246 -0.001 -0.00647541 0.000265152
internal_weight=764 738 695 546 325 61 264
internal_count=764 738 695 546 325 61 264
is_linear=0
shrinkage=0.05


Tree=9
num_leaves=8
num_cat=0
split_feature=6 6 11 15 14 11 11
split_gain=0.568053 0.45882 0.506073 0.450022 0.912622 0.445355 0.850567
threshold=-1.0852951430088573 2.2618969632744039 -0.029337474403061222 0.0081649469345911347 -0.056340529311790281 0.0035059532242039952 -0.0036909046216437309
decision_type=2 2 2 2 2 2 2
left_child=-1 2 -2 4 -4 6 -6
right_child=1 -3 3 -5 5 -7 -8
leaf_value=-0.00026069465253971894 -0.00021645141330559677 -0.00034553402144379053 -0.00012940713122256293 0.00016258195924079264 0.00012541834198762867 0.00018243211745461022 -0.00020241139295410556
leaf_weight=37 28 42 25 192 136 202 82
leaf_count=37 28 42 25 192 136 202 82
internal_value=0.000228495 0.000544555 0.000864662 0.00115385 0.000280899 0.000833334 -0.000733945
internal_weight=744 707 665 637 445 420 218
internal_count=744 707 665 637 445 420 218
is_linear=0
shrinkage=0.05


Tree=10
num_leaves=8
num_cat=0
split_feature=9 8 8 4 6 9 0
split_gain=0.580897 0.439161 0.609921 0.967699 0.566513 0.505789 0.417027
threshold=0.18911016324007493 0.049962569564357857 0.0099567977478346465 0.022406297283523769 1.1604056431267304 0.026327037425769143 0.013938161893677916
decision_type=10 10 8 2 2 8 2
left_child=1 2 4 5 -1 -4 -3
right_child=-2 6 3 -5 -6 -7 -8
leaf_value=0.00014736023225899312 -0.00045762420111467733 0.0001838963356735325 -0.00030931039815027624 -0.00036622016744005591 -0.00043807109653712221 2.0966836328174143e-05 -0.000206990671372607
leaf_weight=292 46 126 25 30 31 171 28
leaf_count=292 46 126 25 30 31 171 28
internal_value=0.000660881 0.00101707 0.000355191 -0.00163717 0.00174923 -0.000357143 0.00337662
internal_weight=749 703 549 226 323 196 154
internal_count=749 703 549 226 323 196 154
is_linear=0
shrinkage=0.05


Tree=11
num_leaves=8
num_cat=0
split_feature=11 15 15 11 1 0 6
split_gain=0.623012 0.518217 0.651293 1.02934 2.05967 1.40895 0.476641
threshold=-0.029337474403061222 0.010736878536835583 0.0017888909441960978 0.0019507060207528684 1.0000000180025095e-35 -0.0012670134129047492 0.1621412463919594
decision_type=2 2 2 2 2 2 2
left_child=-1 2 6 4 -4 -5 -2
right_child=1 -3 3 5 -6 -7 -8
leaf_value=-0.00025719829183130921 0.00016487785053394093 0.00015319917852772794 1.0604190170679055e-05 -0.00018816934486237183 -0.00072603386273302928 0.0001515942554763497 -7.3899489775366631e-05
leaf_weight=31 221 161 40 39 26 112 117
leaf_count=31 221 161 40 39 26 112 117
internal_value=0.000649264 0.000949721 0.000225225 -0.00191244 -0.00712121 0.000364239 0.00159763
internal_weight=747 716 555 217 66 151 338
internal_count=747 716 555 217 66 151 338
is_linear=0
shrinkage=0.05


Tree=12
num_leaves=8
num_cat=0
split_feature=13 9 5 15 0 4 1
split_gain=0.92177 0.516396 0.33869 0.548577 0.707706 0.496344 0.53836
threshold=26.494999885559086 0.18911016324007493 0.0090941367504359192 -0.0030821786331124419 -0.0083975062242001002 0.01841364877232789 -0.0077305273280630074
decision_type=2 10 2 2 2 2 2
left_child=1 2 -1 -4 -5 6 -6
right_child=-2 -3 3 4 5 -7 -8
leaf_value=7.4877309670435191e-05 -0.0004211362078233987 -0.00035677990432862115 0.00017438917513545093 -0.00022492860935428174 0.0003482943654887362 6.4560959358668534e-05 -0.00033051283027317105
leaf_weight=235 25 49 140 25 32 122 106
leaf_count=235 25 49 140 25 32 122 106
internal_value=0.000435967 0.000768688 0.00113636 0.000294118 -0.000964912 -0.000192308 -0.00224638
internal_weight=734 709 660 425 285 260 138
internal_count=734 709 660 425 285 260 138
is_linear=0
shrinkage=0.05


Tree=13
num_leaves=8
num_cat=0
split_feature=13 6 6 2 2 0 3
split_gain=1.8494 0.50073 0.413538 0.349534 1.25252 0.499938 0.89335
threshold=26.85000038146973 -1.0852951430088573 -0.62256996351557448 -0.015446513328828957 -0.0096289298019914243 -0.0035088927252674425 -0.0027406454726930925
decision_type=2 2 2 2 2 2 2
left_child=1 -1 -3 -4 -5 6 -6
right_child=-2 2 3 4 5 -7 -8
leaf_value=-0.00016121326291233977 -0.00053111047015149619 0.00018921853238571486 0.00019236220531689189 -0.00027589989407644181 3.2605673237316302e-05 5.6319688698335937e-05 -0.00030166648072009944
leaf_weight=35 25 122 135 25 49 285 69
leaf_count=35 25 122 135 25 49 285 69
internal_value=0.000369128 0.000833334 0.00113139 0.000559503 -0.000140187 0.000533499 -0.00220339
internal_weight=745 720 685 563 428 403 118
internal_count=745 720 685 563 428 403 118
is_linear=0
shrinkage=0.05


Tree=14
num_leaves=8
num_cat=0
split_feature=13 8 5 2 12 0 1
split_gain=1.34885 0.440761 0.843813 0.424597 0.523296 0.544637 0.715188
threshold=26.284999847412113 0.07902790045552556 0.010071181225037232 0.061497649400275252 0.051846022032751578 0.0003342320040121694 0.017507132778786575
decision_type=2 10 2 2 2 2 2
left_child=1 3 -3 4 5 6 -1
right_child=-2 2 -4 -5 -6 -7 -8
leaf_value=1.7194239038729909e-05 -0.00050455494664392139 0.00014690010483701146 -0.0005484135559068636 0.00020910913460939806 -0.00028302746479470315 0.00011604266149874295 -0.00041240463746152075
leaf_weight=222 25 30 39 89 34 248 32
leaf_count=222 25 30 39 89 34 248 32
internal_value=0.000410292 0.000821326 -0.00297101 0.00124 0.000708955 0.00111554 -0.000511811
internal_weight=719 694 69 625 536 502 254
internal_count=719 694 69 625 536 502 254
is_linear=0
shrinkage=0.05


Tree=15
num_leaves=8
num_cat=0
split_feature=13 9 13 8 8 12 9
split_gain=1.86477 0.465406 0.372518 0.627934 0.794282 0.698192 0.66
threshold=27.070000648498539 0.18911016324007493 14.175000190734865 0.022541285855797514 0.013279403262777991 0.024150461568972496 0.081278270961489554
decision_type=2 10 2 10 10 2 8
left_child=1 2 -1 4 5 -4 -7
right_child=-2 -3 3 -5 -6 6 -8
leaf_value=0.00014502041814983444 -0.00047932719931172537 -0.00027276301462205533 4.2687176440617128e-05 7.4250736699928548e-05 -0.00026595558722185248 0.00026928013413199256 -0.00026760837473182122
leaf_weight=154 25 44 182 249 34 30 25
leaf_count=154 25 44 182 249 34 30 25
internal_value=0.000423957 0.000891365 0.00121662 0.000576923 -0.00108856 -6.3291e-05 -0.005
internal_weight=743 718 674 520 271 237 55
internal_count=743 718 674 520 271 237 55
is_linear=0
shrinkage=0.05


Tree=16
num_leaves=8
num_cat=0
split_feature=13 1 0 14 16 3 16
split_gain=1.40134 0.774103 0.498238 1.36555 1.16346 0.408974 0.977413
threshold=26.494999885559086 0.053692725550215432 -0.0007938427329517993 -0.021011062487688355 0.012751938088195082 -0.0020576360656988642 -0.0029957964475908479
decision_type=2 2 2 2 2 2 2
left_child=1 2 3 4 -1 -5 -7
right_child=-2 -3 -4 5 -6 6 -8
leaf_value=-7.79320532238103e-06 -0.00032432976662687162 -0.000375205323956319 0.00011490315698668664 0.00020714532972116806 -0.00030111249727473905 -0.00017632937210848712 3.4945291217180326e-05
leaf_weight=40 25 36 393 118 25 52 68
leaf_count=40 25 36 393 118 25 52 68
internal_value=0.000640687 0.00103825 0.00140805 -0.000115511 -0.00653846 0.00163866 -0.000416666
internal_weight=757 732 696 303 65 238 120
internal_count=757 732 696 303 65 238 120
is_linear=0
shrinkage=0.05


Tree=17
num_leaves=8
num_cat=0
split_feature=5 3 4 6 6 8 12
split_gain=0.651894 0.887071 1.26355 0.515008 0.452257 0.378575 0.396755
threshold=0.012763091563191798 -0.0016539246799605054 0.02450173947923058 -0.81597684763784761 2.2618969632744039 0.060149001319957048 0.051846022032751578
decision_type=2 2 2 2 2 10 2
left_child=4 2 -2 -3 5 6 -1
right_child=1 3 -4 -5 -6 -7 -8
leaf_value=7.5402749372007583e-05 -0.00061666984555380604 -0.00024239733951044994 0.00011007103142165195 0.00013832944447322846 -0.00041334379178583854 0.00013451246929845748 -4.4626875067030233e-05
leaf_weight=406 27 28 34 86 38 88 39
leaf_count=406 27 28 34 86 38 88 39
internal_value=0.000241287 -0.00242857 -0.00729508 0.000175439 0.00105954 0.00143527 0.000842697
internal_weight=746 175 61 114 571 533 445
internal_count=746 175 61 114 571 533 445
is_linear=0
shrinkage=0.05


Tree=18
num_leaves=8
num_cat=0
split_feature=13 9 12 15 15 0 15
split_gain=1.69034 0.616238 0.329857 0.570787 0.852653 0.797437 0.700083
threshold=26.85000038146973 0.18911016324007493 0.016494776846734397 0.0041534277594379452 0.0020880976128720978 -0.0007938427329517993 -0.0030821786331124419
decision_type=2 10 2 2 2 2 2
left_child=1 2 -1 4 5 6 -4
right_child=-2 -3 3 -5 -6 -7 -8
leaf_value=0.0001137759261251085 -0.00040508941730232049 -0.00038296862367383433 8.9381579688760051e-06 6.3750479795934094e-05 -0.00042004629766247354 0.00010785714636818997 -0.00039236078260956322
leaf_weight=309 26 45 65 153 37 87 31
leaf_count=309 26 45 65 153 37 87 31
internal_value=0.000219124 0.000667125 0.00104106 4.02147e-05 -0.00159091 -0.000191257 -0.00333333
internal_weight=753 727 682 373 220 183 96
internal_count=753 727 682 373 220 183 96
is_linear=0
shrinkage=0.05


Tree=19
num_leaves=8
num_cat=0
split_feature=13 1 2 8 5 13 9
split_gain=0.954299 0.48591 0.360993 0.433336 0.337712 1.06668 0.412587
threshold=26.494999885559086 0.053692725550215432 0.062488025305226021 -0.023231565252802396 0.0091429938597478791 14.960000038146974 0.010454837329872515
decision_type=2 2 2 10 2 2 8
left_child=1 2 3 -1 6 -6 -5
right_child=-2 -3 -4 4 5 -7 -8
leaf_value=0.00017642377254719721 -0.00040259120671101229 -0.0003209030978466264 0.00017545151633876528 0.00018077877971535059 -0.00023453507979228797 9.8040897532276463e-06 7.1272900568068318e-06
leaf_weight=136 25 36 119 59 40 207 117
leaf_count=136 25 36 119 59 40 207 117
internal_value=0.000602165 0.000938376 0.00123894 0.000706619 -8.27421e-05 -0.0012753 0.00159091
internal_weight=739 714 678 559 423 247 176
internal_count=739 714 678 559 423 247 176
is_linear=0
shrinkage=0.05


Tree=20
num_leaves=8
num_cat=0
split_feature=5 14 10 4 11 2 12
split_gain=0.611231 1.10194 1.92748 0.54174 0.961649 0.380367 0.513411
threshold=0.012097530486494895 -0.033094273980848292 0.0087442389326247722 0.023652089814856326 0.00036209902272010824 0.062488025305226021 0.051846022032751578
decision_type=2 2 2 2 2 2 2
left_child=5 2 -2 4 -3 6 -1
right_child=1 3 -4 -5 -6 -7 -8
leaf_value=2.757956936265218e-05 -0.00032017530223945906 -0.00039862330961499274 0.00023920473984499454 0.00048757352217767012 0.00026639809799371416 0.00017971749683787268 -0.00027163185986497581
leaf_weight=432 39 34 27 62 35 87 35
leaf_count=432 39 34 27 62 35 87 35
internal_value=0.000539281 -0.00185279 -0.00712121 0.000801527 -0.00224638 0.00138989 0.000824411
internal_weight=751 197 66 131 69 554 467
internal_count=751 197 66 131 69 554 467
is_linear=0
shrinkage=0.05


Tree=21
num_leaves=8
num_cat=0
split_feature=13 1 13 13 7 0 7
split_gain=0.537018 0.4581 0.313864 0.555265 0.550974 0.437241 0.418639
threshold=26.494999885559086 0.053692725550215432 14.00500011444092 14.870000362396242 1.0000000180025095e-35 0.0085136162062002824 0.0095079960238569922
decision_type=2 2 2 2 2 2 2
left_child=1 2 5 4 -4 -1 -5
right_child=-2 -3 3 6 -6 -7 -8
leaf_value=0.00016917280568122184 -0.00036071992304545101 -0.0002868879774533645 6.4579734441977988e-06 -4.9547471349837672e-06 -0.00026318470578425246 -0.00040981697485839049 9.0598299821037384e-05
leaf_weight=129 26 36 29 232 40 25 231
leaf_count=129 26 36 29 232 40 25 231
internal_value=0.000521391 0.000775623 0.00106414 0.000488722 -0.00369565 0.00305195 0.00111231
internal_weight=748 722 686 532 69 154 463
internal_count=748 722 686 532 69 154 463
is_linear=0
shrinkage=0.05


Tree=22
num_leaves=8
num_cat=0
split_feature=13 0 13 0 13 9 14
split_gain=0.590301 0.322879 0.654562 0.586859 0.430803 0.331834 0.756764
threshold=26.494999885559086 0.01241148439942519 18.214999198913578 0.018826187440509793 13.869999885559084 0.18007646700370275 -0.0070547548707520216
decision_type=2 2 2 2 2 8 2
left_child=1 4 3 -3 -1 -6 -7
right_child=-2 2 -4 -5 5 6 -8
leaf_value=0.00015707493557803745 -0.00035725104687216457 -0.00052520899607560697 0.00023193272938539747 1.6007184682096799e-05 2.2065969224852743e-05 -0.00026361446169590505 4.8184082899959573e-05
leaf_weight=129 25 35 47 31 326 61 88
leaf_count=129 25 35 47 31 326 61 88
internal_value=0.000552561 0.0008159 -0.00163717 -0.00484848 0.00127483 0.000578948 -0.00137584
internal_weight=742 717 113 66 604 475 149
internal_count=742 717 113 66 604 475 149
is_linear=0
shrinkage=0.05


Tree=23
num_leaves=8
num_cat=0
split_feature=13 11 1 4 12 13 11
split_gain=0.630253 0.298444 0.530304 0.412215 0.755882 0.382451 0.357332
threshold=26.85000038146973 0.028626427066600128 0.053692725550215432 0.019541484637169825 0.051846022032751578 13.13000011444092 0.017632958734851271
decision_type=2 2 2 2 2 2 2
left_child=1 2 3 4 5 -1 -7
right_child=-2 -3 -4 -5 -6 6 -8
leaf_value=0.00015405876566389453 -0.0003245058067060559 0.00023044487681618626 -0.00023571178563759336 0.00014611317568233342 -0.00025195484344138578 1.9121580903627117e-05 -0.00043010212484553226
leaf_weight=51 25 67 27 150 40 353 38
leaf_count=51 25 67 27 150 40 353 38
internal_value=0.000805593 0.00107438 0.000751138 0.0010443 0.00033195 0.000927602 0.00039642
internal_weight=751 726 659 632 482 442 391
internal_count=751 726 659 632 482 442 391
is_linear=0
shrinkage=0.05


Tree=24
num_leaves=8
num_cat=0
split_feature=6 6 16 16 13 4 0
split_gain=0.516608 0.6178 0.521198 0.633913 0.552616 0.364446 0.335462
threshold=-1.0852951430088573 -0.41394018705834379 0.038254741483967243 0.028835116586018342 23.265000343322757 0.013681191078712436 0.0056394872342120381
decision_type=2 2 2 2 2 2 2
left_child=-1 5 3 4 6 -2 -3
right_child=1 2 -4 -5 -6 -7 -8
leaf_value=-0.00012957507619267258 -4.9759747019061778e-06 1.9840477165645951e-05 0.00013029640565613703 -0.00037164838640637785 -0.00077003892533572679 0.00014082910556652227 -2.9190546327315144e-05
leaf_weight=34 40 219 78 32 30 197 119
leaf_count=34 40 219 78 32 30 197 119
internal_value=0.000727637 0.00101399 -2.09203e-05 -0.00075 -0.000163043 0.00310127 0.000414201
internal_weight=749 715 478 400 368 237 338
internal_count=749 715 478 400 368 237 338
is_linear=0
shrinkage=0.05


Tree=25
num_leaves=8
num_cat=0
split_feature=1 2 12 1 8 1 2
split_gain=0.534177 0.391056 0.444533 0.414815 0.68881 0.584068 0.907635
threshold=0.053692725550215432 0.056477321939879761 0.05549664954164369 -0.041295550733304091 -0.012838239794870086 -0.012733201651452196 -0.011346117155968725
decision_type=2 2 2 2 10 2 2
left_child=1 2 3 -1 -5 -6 -7
right_child=-2 -3 -4 4 5 6 -8
leaf_value=-0.00014962966075111374 -0.00020463947624172805 0.00012006984321641721 -0.00022533798408641621 0.00016764933369309515 0.00023238354377064574 -0.00034538452094607221 -5.5680316962181132e-06
leaf_weight=36 39 151 27 179 56 26 243
leaf_count=36 39 151 27 179 56 26 243
internal_value=0.000442537 0.000752089 0.000149912 0.000462963 0.000833334 -0.000538461 -0.00150558
internal_weight=757 718 567 540 504 325 269
internal_count=757 718 567 540 504 325 269
is_linear=0
shrinkage=0.05


Tree=26
num_leaves=8
num_cat=0
split_feature=9 13 2 9 14 14 7
split_gain=0.547915 0.587713 0.468323 0.914613 0.955114 0.875758 0.404069
threshold=0.18911016324007493 26.85000038146973 -0.019514578320060757 0.04421468827598974 -0.01909405816599757 0.028010740507291913 -0.0042791127713019952
decision_type=10 2 2 8 2 2 2
left_child=1 2 -1 4 -4 -6 -5
right_child=-2 -3 3 6 5 -7 -8
leaf_value=0.00016114966126221656 -0.00030406097945912447 -0.00029863316873140827 -0.00025397082332212289 -8.5279322707422926e-05 0.00014261765333455683 -8.1994444708618564e-05 6.8114237177775052e-05
leaf_weight=162 44 25 40 51 55 33 327
leaf_count=162 44 25 40 51 55 33 327
internal_value=0.000183175 0.000526696 0.000808383 5.92887e-05 -0.00359375 -0.000681818 0.0012963
internal_weight=737 693 668 506 128 88 378
internal_count=737 693 668 506 128 88 378
is_linear=0
shrinkage=0.05


Tree=27
num_leaves=8
num_cat=0
split_feature=13 3 0 14 5 0 0
split_gain=0.870544 0.377881 0.610408 1.06572 1.35641 0.474062 0.815317
threshold=26.85000038146973 -0.0028580370763709446 -0.0007938427329517993 -0.0070547548707520216 0.010786652893672696 0.012794604820841606 0.02084770274889958
decision_type=2 2 2 2 2 2 2
left_child=1 -1 3 4 -3 -4 -7
right_child=-2 2 5 -5 -6 6 -8
leaf_value=0.00018458454109095457 -0.00026555882440903523 -2.1372341100297084e-05 0.00010893101787545908 5.1390437598931423e-06 -0.00017092546029814465 -0.00030172307487959498 0.00011571803884376786
leaf_weight=183 26 39 260 116 26 67 32
leaf_count=183 26 39 260 116 26 67 32
internal_value=0.00052737 0.000850623 0.000185185 -0.00218232 -0.00730769 0.00137883 -0.00156566
internal_weight=749 723 540 181 65 359 99
internal_count=749 723 540 181 65 359 99
is_linear=0
shrinkage=0.05


Tree=28
num_leaves=8
num_cat=0
split_feature=13 11 7 0 15 13 14
split_gain=0.811924 0.417362 0.420426 0.466646 0.825397 0.363834 0.568437
threshold=26.85000038146973 -0.025492153007652226 -0.017143852137950274 -0.0086784077975622358 -0.0090745535842546837 14.920000076293947 -0.011298954547856009
decision_type=2 2 2 2 2 2 2
left_child=1 -1 -3 4 -4 6 -5
right_child=-2 2 3 5 -6 -7 -8
leaf_value=-6.0549491159577723e-05 -0.00025228088318858337 0.00015638330003810228 0.00011942022024710974 -0.00017768810207310394 -6.064960556763008e-05 2.9013656714633792e-05 9.1665599243866941e-05
leaf_weight=36 26 110 36 75 42 351 88
leaf_count=36 26 110 36 75 42 351 88
internal_value=0.000222513 0.000528455 0.000797721 0.00027027 -0.00333333 0.000817121 -0.00113497
internal_weight=764 738 702 592 78 514 163
internal_count=764 738 702 592 78 514 163
is_linear=0
shrinkage=0.05


Tree=29
num_leaves=8
num_cat=0
split_feature=13 0 3 3 9 13 9
split_gain=0.591763 0.391826 0.691026 0.670439 0.534421 0.441441 0.63074
threshold=26.494999885559086 -0.0007938427329517993 -0.0028580370763709446 -0.001410205603586123 0.19300861699444707 14.404999732971193 0.036461371411729122
decision_type=2 2 2 2 10 2 10
left_child=1 2 -1 -4 -3 -5 -7
right_child=-2 4 3 5 -6 6 -8
leaf_value=0.00021910604901498261 -0.000257809524914957 8.0012303981224109e-05 -0.00013676193087572001 0.00024452034193072475 -0.00030846382717142915 -0.00018375835557116898 2.0564865124223238e-06
leaf_weight=117 25 378 32 37 32 45 66
leaf_count=117 25 378 32 37 32 45 66
internal_value=0.000560109 0.00082744 -0.000555555 -0.0025 0.00182927 -0.00108108 -0.00265766
internal_weight=732 707 297 180 410 148 111
internal_count=732 707 297 180 410 148 111
is_linear=0
shrinkage=0.05


Tree=30
num_leaves=8
num_cat=0
split_feature=13 16 1 8 15 13 9
split_gain=0.586649 0.397205 0.578612 0.478883 0.613455 0.846755 1.23715
threshold=26.85000038146973 0.051403326628023834 0.052456564758651132 0.060869850078540851 -0.0030821786331124419 14.175000190734865 0.041373820181636718
decision_type=2 2 2 8 2 2 8
left_child=1 2 3 4 -1 -6 -7
right_child=-2 -3 -4 -5 5 6 -8
leaf_value=8.8519374488891446e-05 -0.00024491904866920914 0.00036115667804573898 -0.00035520033639188197 7.0547702733193794e-05 0.00012881576265969679 -0.00014619469210616073 -1.1520195025364801e-05
leaf_weight=176 25 52 25 130 112 41 177
leaf_count=176 25 52 25 130 112 41 177
internal_value=0.000528455 0.000792427 0.000461422 0.000754717 5.92887e-05 -0.00121212 -0.00302752
internal_weight=738 713 661 636 506 330 218
internal_count=738 713 661 636 506 330 218
is_linear=0
shrinkage=0.05


end of trees

feature_importances:
vix_level=32
ret_20d=22
ret_1d=21
ret_5d=20
dist_ma200=14
dvol_z_20=13
dist_ma50=13
spy_ret_5d=11
spy_ret_20d=11
sector_ret_1d=11
overnight_gap=10
atr_pct=10
vix_chg_1d=9
parkinson_20=8
dist_ma20=5
sector_ret_5d=5
spy_ret_1d=2

parameters:
[boosting: gbdt]
[objective: quantile]
[metric: quantile]
[tree_learner: serial]
[device_type: cpu]
[data_sample_strategy: bagging]
[data: ]
[valid: ]
[num_iterations: 80]
[learning_rate: 0.05]
[num_leaves: 8]
[num_threads: 1]
[seed: 0]
[deterministic: 0]
[force_col_wise: 1]
[force_row_wise: 0]
[histogram_pool_size: -1]
[max_depth: -1]
[min_data_in_leaf: 25]
[min_sum_hessian_in_leaf: 0.001]
[bagging_fraction: 0.9]
[pos_bagging_fraction: 1]
[neg_bagging_fraction: 1]
[bagging_freq: 1]
[bagging_seed: 3]
[bagging_by_query: 0]
[feature_fraction: 0.9]
[feature_fraction_bynode: 1]
[feature_fraction_seed: 2]
[extra_trees: 0]
[extra_seed: 6]
[early_stopping_round: 0]
[early_stopping_min_delta: 0]
[first_metric_only: 0]
[max_delta_step: 0]
[lambda_l1: 0]
[lambda_l2: 0]
[linear_lambda: 0]
[min_gain_to_split: 0]
[drop_rate: 0.1]
[max_drop: 50]
[skip_drop: 0.5]
[xgboost_dart_mode: 0]
[uniform_drop: 0]
[drop_seed: 4]
[top_rate: 0.2]
[other_rate: 0.1]
[min_data_per_group: 100]
[max_cat_threshold: 32]
[cat_l2: 10]
[cat_smooth: 10]
[max_cat_to_onehot: 4]
[top_k: 20]
[monotone_constraints: ]
[monotone_constraints_method: basic]
[monotone_penalty: 0]
[feature_contri: ]
[forcedsplits_filename: ]
[refit_decay_rate: 0.9]
[cegb_tradeoff: 1]
[cegb_penalty_split: 0]
[cegb_penalty_feature_lazy: ]
[cegb_penalty_feature_coupled: ]
[path_smooth: 0]
[interaction_constraints: ]
[verbosity: -1]
[saved_feature_importance_type: 0]
[use_quantized_grad: 0]
[num_grad_quant_bins: 4]
[quant_train_renew_leaf: 0]
[stochastic_rounding: 1]
[linear_tree: 0]
[max_bin: 255]
[max_bin_by_feature: ]
[min_data_in_bin: 3]
[bin_construct_sample_cnt: 200000]
[data_random_seed: 1]
[is_enable_sparse: 1]
[enable_bundle: 1]
[use_missing: 1]
[zero_as_missing: 0]
[feature_pre_filter: 1]
[pre_partition: 0]
[two_round: 0]
[header: 0]
[label_column: ]
[weight_column: ]
[group_column: ]
[ignore_column: ]
[categorical_feature: ]
[forcedbins_filename: ]
[precise_float_parser: 0]
[parser_config_file: ]
[objective_seed: 5]
[num_class: 1]
[is_unbalance: 0]
[scale_pos_weight: 1]
[sigmoid: 1]
[boost_from_average: 1]
[reg_sqrt: 0]
[alpha: 0.1]
[fair_c: 1]
[poisson_max_delta_step: 0.7]
[tweedie_variance_power: 1.5]
[lambdarank_truncation_level: 30]
[lambdarank_norm: 1]
[label_gain: ]
[lambdarank_position_bias_regularization: 0]
[eval_at: ]
[multi_error_top_k: 1]
[auc_mu_weights: ]
[num_machines: 1]
[local_listen_port: 12400]
[time_out: 120]
[machine_list_filename: ]
[machines: ]
[gpu_platform_id: -1]
[gpu_device_id: -1]
[gpu_device_id_list: ]
[gpu_use_dp: 0]
[num_gpu: 1]

end of parameters

pandas_categorical:[]
