tree
version=v4
num_class=1
num_tree_per_iteration=1
label_index=0
max_feature_idx=16
objective=quantile
feature_names=ret_1d ret_5d ret_20d overnight_gap atr_pct parkinson_20 dvol_z_20 dist_ma20 dist_ma50 dist_ma200 spy_ret_1d spy_ret_5d spy_ret_20d vix_level vix_chg_1d sector_ret_1d sector_ret_5d
feature_infos=[-0.071158206139323554:0.057027472057600059] [-0.12623031185025457:0.087901487691066649] [-0.16447868399373444:0.14309822598766275] [-0.05181794587234867:0.034737473551359477] [0.013937704547040903:0.041780993047607712] [0.0089063583889917586:0.024136476924260339] [-1.8650005374035119:4.1713597810741758] [-0.10708016750289373:0.10897681430124484] [-0.15491310300941097:0.11183086611637361] [-0.22018417856492489:0.2338086787572955] [-0.058542971330535654:0.10501930183911301] [-0.11496151859245618:0.082843162776128354] [-0.1226559005192206:0.15756591020035837] [11.859999656677246:52.330001831054688] [-0.35753873962348437:0.74039073966007019] [-0.045565914362008186:0.057443288787383029] [-0.11461315937536976:0.085316917045247465]
tree_sizes=861 863 851 860 859 842 856 862 862 862 859 848 860

Tree=0
num_leaves=8
num_cat=0
split_feature=10 9 12 10 9 9 7
split_gain=2.16614 2.07308 2.46305 1.67436 1.59192 2.1548 1.7356
threshold=0.0089823327220962552 0.12423988252236175 -0.023938025174318197 0.010824112764753148 0.088578102987302856 -0.015190478367627545 -0.0080752543877160559
decision_type=2 8 2 2 10 10 2
left_child=1 4 -3 -2 5 6 -1
right_child=3 2 -4 -5 -6 -7 -8
leaf_value=-0.0086159749422222379 -0.0083474142651539292 -0.0085239044623449441 -0.0087184022646397356 -0.0085881186183542017 -0.0084424024447798725 -0.0086869560182094574 -0.0084939268184825775
leaf_weight=128 42 33 155 66 55 134 133
leaf_count=128 42 33 155 66 55 134 133
internal_value=-0.00865764 -0.00976616 -0.0141757 -0.00210913 -0.00792395 -0.00903365 -0.00638755
internal_weight=746 638 188 108 450 395 261
internal_count=746 638 188 108 450 395 261
is_linear=0
shrinkage=1


Tree=1
num_leaves=8
num_cat=0
split_feature=10 16 1 9 12 7 12
split_gain=2.93573 2.01537 2.53994 1.88579 2.45385 1.99397 2.19521
threshold=0.0079905561282167543 0.00078889822733696502 0.0034949718583682237 -0.019519952918184088 0.040929519425786161 -0.041604095148448088 0.017951128324421587
decision_type=2 2 2 8 2 2 2
left_child=3 -2 -3 5 -5 -1 -7
right_child=1 2 -4 4 -6 6 -8
leaf_value=-0.00026627983199432491 -0.00012905212031910198 0.00034841239685192706 7.7871368266642116e-05 -3.3316754270344958e-05 -0.00014326235745102167 0.00017902024439536034 -5.0617544911801645e-06
leaf_weight=28 47 29 52 302 68 75 132
leaf_count=28 47 29 52 302 68 75 132
internal_value=-0.000238745 0.00664063 0.0114198 -0.00169421 -0.00391892 0.00180851 0.00350242
internal_weight=733 128 81 605 370 235 207
internal_count=733 128 81 605 370 235 207
is_linear=0
shrinkage=0.05


Tree=2
num_leaves=8
num_cat=0
split_feature=14 3 4 11 11 0 1
split_gain=1.84978 1.97112 2.05408 1.65213 1.8875 1.3447 1.94885
threshold=-0.036625775253692865 -0.004630914347040326 0.021636566073173397 -0.0071962553700703471 0.00066761306825102739 0.0080840022382255867 0.0098948795115099148
decision_type=2 2 2 2 2 2 2
left_child=3 2 -2 -1 -5 -3 -7
right_child=1 5 -4 4 -6 6 -8
leaf_value=-0.00011242090327868941 -0.00020268737606238577 1.8114975595381109e-05 3.2652556663379094e-05 0.00021187246742192654 0.00011952693812781945 7.6849320554174454e-05 -0.00019957134302239868
leaf_weight=42 75 330 46 25 131 34 62
leaf_count=42 75 330 46 25 131 34 62
internal_value=-0.000100671 -0.00159963 -0.0072314 0.0040404 0.00641026 0 -0.00520833
internal_weight=745 547 121 198 156 426 96
internal_count=745 547 121 198 156 426 96
is_linear=0
shrinkage=0.05


Tree=3
num_leaves=8
num_cat=0
split_feature=14 6 4 4 16 0 4
split_gain=2.66099 1.72556 2.26043 2.70226 2.70083 1.79327 1.66896
threshold=-0.054805799949304061 -0.24108017001899265 0.021511481854449083 0.016575671992518724 0.00792927242236874 -1.0000000180025095e-35 0.015913568311992456
decision_type=2 2 2 2 2 2 2
left_child=-1 2 3 6 -5 -4 -2
right_child=1 -3 5 4 -6 -7 -8
leaf_value=0.00015154017505410595 -2.3604155794600733e-06 -9.6621247090297396e-05 0.00015831476961902804 -7.7768328803359304e-06 -0.00015766186974651647 1.5683127118973092e-05 0.00027893278642732183
leaf_weight=127 30 295 54 107 51 47 26
leaf_count=127 30 295 54 107 51 47 26
internal_value=0.000305292 -0.00106557 0.00150794 -0.00140187 -0.00474684 0.00767327 0.00803571
internal_weight=737 610 315 214 158 101 56
internal_count=737 610 315 214 158 101 56
is_linear=0
shrinkage=0.05


Tree=4
num_leaves=8
num_cat=0
split_feature=14 3 0 7 4 16 6
split_gain=2.3151 1.7366 1.50374 1.97461 1.40253 1.2642 1.15317
threshold=-0.036625775253692865 -0.0047880909256357565 0.0080840022382255867 0.027087288717561501 0.021636566073173397 -0.0018209062022097042 -0.11137115026263296
decision_type=2 2 2 2 2 2 2
left_child=6 4 3 -3 5 -2 -1
right_child=1 2 -4 -5 -6 -7 -8
leaf_value=0.00015302188933841548 -0.0001160356231920014 -4.5869401818891127e-06 -0.00015278753608420625 0.00013715373236689623 -2.4627397813155796e-05 -0.00017132974472048774 3.2948378615737988e-05
leaf_weight=107 45 275 98 54 44 28 92
leaf_count=107 45 275 98 54 44 28 92
internal_value=3.36474e-05 -0.00165441 -0.000175644 0.00144377 -0.00705128 -0.0113014 0.00464824
internal_weight=743 544 427 329 117 73 199
internal_count=743 544 427 329 117 73 199
is_linear=0
shrinkage=0.05


Tree=5
num_leaves=8
num_cat=0
split_feature=9 10 16 6 6 9 9
split_gain=1.28434 2.65594 2.32789 1.4607 2.2756 1.47981 1.44895
threshold=0.20395956840669552 0.0057742598660092135 -0.011641199305505832 -1.1747629765653469 -0.55585812400810364 0.10855755015959324 -0.014339243931119737
decision_type=8 2 2 2 2 10 10
left_child=3 2 -2 -1 6 -6 -5
right_child=1 -3 -4 4 5 -7 -8
leaf_value=-0.00012146414671201003 6.0866341550126426e-06 0.0001069071706343809 -0.00013179820614089255 0.00013631207183447994 -2.6056176662915934e-05 0.000250087676456334 5.3044149555758845e-05
leaf_weight=27 50 44 78 73 334 47 79
leaf_count=27 50 44 78 73 334 47 79
internal_value=0 -0.00377907 -0.00742188 0.00116071 0.00173546 -0.000328084 0.00690789
internal_weight=732 172 128 560 533 381 152
internal_count=732 172 128 560 533 381 152
is_linear=0
shrinkage=0.05


Tree=6
num_leaves=8
num_cat=0
split_feature=6 3 6 4 14 14 12
split_gain=1.67859 1.63258 1.67777 2.02554 2.07951 1.58321 1.44557
threshold=-1.2380122157969702 -0.0085631354215564542 -0.24108017001899265 0.023364848209292625 0.01595765242020886 0.047546513885702975 0.033859916134082464
decision_type=2 2 2 2 2 2 2
left_child=-1 -2 -3 4 6 -6 -4
right_child=1 2 3 -5 5 -7 -8
leaf_value=-0.00019477981514097136 -0.00015444116898182978 5.4694763640865225e-05 0.0002036357883282181 -0.00021500926646268034 -0.00020778582171423479 3.0928449147017965e-05 -9.5143391041689705e-06
leaf_weight=27 57 325 119 51 49 48 68
leaf_count=27 57 325 119 51 49 48 68
internal_value=0.000201613 0.000662483 0.00136364 -0.0011194 0.000528169 -0.00541237 0.00360963
internal_weight=744 717 660 335 284 97 187
internal_count=744 717 660 335 284 97 187
is_linear=0
shrinkage=0.05


Tree=7
num_leaves=8
num_cat=0
split_feature=9 6 3 6 9 9 9
split_gain=1.73732 2.80583 2.07208 1.48938 2.57582 1.62938 1.11484
threshold=-0.11106202090914989 -1.1747629765653469 -0.004987341726261584 -0.7564427737065581 -0.0096893691687244248 -0.085982987788734075 -0.062877119752260055
decision_type=10 2 2 2 10 10 10
left_child=2 -2 -1 4 -3 -5 -7
right_child=1 3 -4 5 -6 6 -8
leaf_value=-0.00023397571684155368 -0.00018331621861794188 0.00013594353411233527 -2.3022137127314296e-05 0.00011787379601863771 -9.2585670933034467e-06 -0.000135987568594557 7.7675288483033612e-07
leaf_weight=46 26 47 150 42 48 40 341
leaf_count=46 26 47 150 42 48 40 341
internal_value=-0.000810811 0.000643382 -0.00484694 0.00144788 0.00710526 0.000177305 -0.000853018
internal_weight=740 544 196 518 95 423 381
internal_count=740 544 196 518 95 423 381
is_linear=0
shrinkage=0.05


Tree=8
num_leaves=8
num_cat=0
split_feature=9 6 9 10 11 4 10
split_gain=1.77125 2.46722 1.86429 2.27547 1.9238 1.61436 1.56665
threshold=-0.0091975544755435994 -0.74381315642704693 0.022395995964882735 0.0057742598660092135 0.0036681526021306037 0.020064832563000078 0.0034432931761126944
decision_type=8 2 10 2 2 2 2
left_child=1 -1 3 6 5 -4 -2
right_child=2 -3 4 -5 -6 -7 -8
leaf_value=0.00011222212438860751 -0.00010409927540205857 7.1393584614314318e-06 -0.00016084601087029525 7.1651728098484765e-05 0.00016343899409735033 0.00022381394626113548 -0.00022015312882956605
leaf_weight=58 155 276 60 62 95 29 26
leaf_count=58 155 276 60 62 95 29 26
internal_value=-3.28515e-05 0.00269461 -0.00216628 -0.00504115 0.00163043 -0.00365169 -0.00787293
internal_weight=761 334 427 243 184 89 181
internal_count=761 334 427 243 184 89 181
is_linear=0
shrinkage=0.05


Tree=9
num_leaves=8
num_cat=0
split_feature=4 5 16 8 7 13 8
split_gain=2.19131 1.37756 1.76799 2.32205 2.48931 2.04412 1.65638
threshold=0.02927897566864061 0.0096677621564633977 -0.013391853433803889 0.083437475919862961 0.027087288717561501 12.994999885559084 0.018025202842679281
decision_type=2 2 2 8 2 2 10
left_child=1 -1 -3 4 5 -4 -7
right_child=-2 2 3 -5 -6 6 -8
leaf_value=-9.4190217853000211e-05 -0.00028357080672888457 8.1428278154458905e-05 9.9353570325955417e-05 -0.00037753152626488384 0.00010745515309104381 -4.9332001576690189e-06 -0.00011011960964195196
leaf_weight=53 35 155 29 25 121 237 83
leaf_count=53 35 155 29 25 121 237 83
internal_value=6.77507e-05 0.000675676 0.00130769 -0.000151515 0.000638298 -0.0015043 -0.00265625
internal_weight=738 703 650 495 470 349 320
internal_count=738 703 650 495 470 349 320
is_linear=0
shrinkage=0.05


Tree=10
num_leaves=8
num_cat=0
split_feature=9 10 5 11 9 6 6
split_gain=1.67282 1.85606 1.54021 2.3778 1.30588 1.48919 2.53134
threshold=0.12423988252236175 0.0057742598660092135 0.012154470366785358 -0.0076796209830086162 0.1055967311849292 -0.22492281080343746 -0.087372146862124148
decision_type=8 2 2 2 8 2 2
left_child=4 2 -2 -4 5 -1 -7
right_child=1 -3 3 -5 -6 6 -8
leaf_value=4.9965527854365944e-05 -0.00019288750231362677 7.7961599547497594e-05 7.7716755798335361e-05 -9.9072983056633157e-05 0.00029648183308951726 -0.00019711496484276357 -2.4683242449412713e-06
leaf_weight=257 70 55 27 68 27 34 210
leaf_count=257 70 55 27 68 27 34 210
internal_value=-0.000200535 -0.00386364 -0.00651515 -0.00236842 0.00132576 0.000748503 -0.00204918
internal_weight=748 220 165 95 528 501 244
internal_count=748 220 165 95 528 501 244
is_linear=0
shrinkage=0.05


Tree=11
num_leaves=8
num_cat=0
split_feature=14 15 5 11 16 6 9
split_gain=1.80796 2.13432 2.39233 2.10012 1.51211 2 1.26414
threshold=-0.036625775253692865 0.0061800904233142448 0.0096677621564633977 -0.0081164241286432719 0.021723995626602547 -0.13980350016504595 0.15067896518515081
decision_type=2 2 2 2 2 2 8
left_child=3 2 -2 -1 -4 -6 -3
right_child=1 6 4 -5 5 -7 -8
leaf_value=-7.2046850495119394e-05 -0.00022249874766917281 -6.3810470028305164e-05 2.2359801539260841e-05 0.00014217147324035388 -0.00020001121456391519 9.9393116229198631e-05 -0.00020430218523328765
leaf_weight=38 33 89 348 162 25 25 26
leaf_count=38 33 89 348 162 25 25 26
internal_value=-6.70241e-05 -0.00155678 5.80046e-05 0.004 0.00113065 -0.007 -0.0076087
internal_weight=746 546 431 200 398 50 115
internal_count=746 546 431 200 398 50 115
is_linear=0
shrinkage=0.05


Tree=12
num_leaves=8
num_cat=0
split_feature=6 16 0 6 4 5 15
split_gain=1.88463 2.10333 2.74362 2.36062 1.9367 2.36502 2.03789
threshold=-0.24108017001899265 -0.0102804034627455 0.0020267648370789764 -1.1747629765653469 0.023499481328266538 0.013436589439121616 0.0020489327332723355
decision_type=2 2 2 2 2 2 2
left_child=1 2 -1 -3 5 6 -2
right_child=4 3 -4 -5 -6 -7 -8
leaf_value=6.4088995055807107e-05 8.3626570371794993e-06 -0.00018396735808772925 0.00023943318431441591 1.4326004479506099e-05 -0.00026555660731657172 0.00021918640262208312 -0.00012863596542673494
leaf_weight=82 148 27 29 230 57 36 117
leaf_count=82 148 27 29 230 57 36 117
internal_value=6.88705e-05 0.00258152 0.00833333 9.72763e-05 -0.00251397 -0.000913621 -0.00254717
internal_weight=726 368 111 257 358 301 265
internal_count=726 368 111 257 358 301 265
is_linear=0
shrinkage=0.05


end of trees

feature_importances:
dist_ma200=16
dvol_z_20=14
atr_pct=9
spy_ret_1d=7
sector_ret_5d=7
vix_chg_1d=6
spy_ret_5d=5
ret_1d=4
overnight_gap=4
parkinson_20=4
dist_ma20=4
spy_ret_20d=4
ret_5d=2
dist_ma50=2
sector_ret_1d=2
vix_level=1

parameters:
[boosting: gbdt]
[objective: quantile]
[metric: quantile]
[tree_learner: serial]
[device_type: cpu]
[data_sample_strategy: bagging]
[data: ]
[valid: ]
[num_iterations: 80]
[learning_rate: 0.05]
[num_leaves: 8]
[num_threads: 1]
[seed: 0]
[deterministic: 0]
[force_col_wise: 1]
[force_row_wise: 0]
[histogram_pool_size: -1]
[max_depth: -1]
[min_data_in_leaf: 25]
[min_sum_hessian_in_leaf: 0.001]
[bagging_fraction: 0.9]
[pos_bagging_fraction: 1]
[neg_bagging_fraction: 1]
[bagging_freq: 1]
[bagging_seed: 3]
[bagging_by_query: 0]
[feature_fraction: 0.9]
[feature_fraction_bynode: 1]
[feature_fraction_seed: 2]
[extra_trees: 0]
[extra_seed: 6]
[early_stopping_round: 0]
[early_stopping_min_delta: 0]
[first_metric_only: 0]
[max_delta_step: 0]
[lambda_l1: 0]
[lambda_l2: 0]
[linear_lambda: 0]
[min_gain_to_split: 0]
[drop_rate: 0.1]
[max_drop: 50]
[skip_drop: 0.5]
[xgboost_dart_mode: 0]
[uniform_drop: 0]
[drop_seed: 4]
[top_rate: 0.2]
[other_rate: 0.1]
[min_data_per_group: 100]
[max_cat_threshold: 32]
[cat_l2: 10]
[cat_smooth: 10]
[max_cat_to_onehot: 4]
[top_k: 20]
[monotone_constraints: ]
[monotone_constraints_method: basic]
[monotone_penalty: 0]
[feature_contri: ]
[forcedsplits_filename: ]
[refit_decay_rate: 0.9]
[cegb_tradeoff: 1]
[cegb_penalty_split: 0]
[cegb_penalty_feature_lazy: ]
[cegb_penalty_feature_coupled: ]
[path_smooth: 0]
[interaction_constraints: ]
[verbosity: -1]
[saved_feature_importance_type: 0]
[use_quantized_grad: 0]
[num_grad_quant_bins: 4]
[quant_train_renew_leaf: 0]
[stochastic_rounding: 1]
[linear_tree: 0]
[max_bin: 255]
[max_bin_by_feature: ]
[min_data_in_bin: 3]
[bin_construct_sample_cnt: 200000]
[data_random_seed: 1]
[is_enable_sparse: 1]
[enable_bundle: 1]
[use_missing: 1]
[zero_as_missing: 0]
[feature_pre_filter: 1]
[pre_partition: 0]
[two_round: 0]
[header: 0]
[label_column: ]
[weight_column: ]
[group_column: ]
[ignore_column: ]
[categorical_feature: ]
[forcedbins_filename: ]
[precise_float_parser: 0]
[parser_config_file: ]
[objective_seed: 5]
[num_class: 1]
[is_unbalance: 0]
[scale_pos_weight: 1]
[sigmoid: 1]
[boost_from_average: 1]
[reg_sqrt: 0]
[alpha: 0.5]
[fair_c: 1]
[poisson_max_delta_step: 0.7]
[tweedie_variance_power: 1.5]
[lambdarank_truncation_level: 30]
[lambdarank_norm: 1]
[label_gain: ]
[lambdarank_position_bias_regularization: 0]
[eval_at: ]
[multi_error_top_k: 1]
[auc_mu_weights: ]
[num_machines: 1]
[local_listen_port: 12400]
[time_out: 120]
[machine_list_filename: ]
[machines: ]
[gpu_platform_id: -1]
[gpu_device_id: -1]
[gpu_device_id_list: ]
[gpu_use_dp: 0]
[num_gpu: 1]

end of parameters

pandas_categorical:[]
