tree
version=v4
num_class=1
num_tree_per_iteration=1
label_index=0
max_feature_idx=16
objective=quantile
feature_names=ret_1d ret_5d ret_20d overnight_gap atr_pct parkinson_20 dvol_z_20 dist_ma20 dist_ma50 dist_ma200 spy_ret_1d spy_ret_5d spy_ret_20d vix_level vix_chg_1d sector_ret_1d sector_ret_5d
feature_infos=[-0.070608621937756189:0.060106267154986792] [-0.10089776676297735:0.095019131766790332] [-0.16088947024198819:0.15666332396770244] [-0.050414735788928744:0.045456038056743253] [0.011666759600668765:0.041141951380418679] [0.007685779104791091:0.023283303686400553] [-2.1810372884931932:4.0964358397914999] [-0.10093712511599784:0.099141765156968376] [-0.14096424123816886:0.16493813114031597] [-0.19112653527418788:0.20517387035351664] [-0.058542971330535654:0.10501930183911301] [-0.11496151859245618:0.082843162776128354] [-0.1226559005192206:0.15756591020035837] [11.859999656677246:52.330001831054688] [-0.35753873962348437:0.74039073966007019] [-0.060400368534546778:0.10888055657805773] [-0.11617886647053255:0.1006018727753657]
tree_sizes=843 856 860 868 857 871 869 879 860 861 858 864 862 859 864 868 865 851 865 871 864 870 860 864 864 874 866 872 861 857 870 873 880 868 866 856 859 871 864 866 860 868

Tree=0
num_leaves=8
num_cat=0
split_feature=7 9 13 7 1 13 12
split_gain=0.585157 0.793245 0.559877 1.02378 1.07143 0.935069 0.53902
threshold=-0.0162155897222751 -0.08573737623746007 15.97499990463257 0.0084326296881480651 -0.0024511234767101704 15.234999656677248 0.046585170844293929
decision_type=2 8 2 2 2 2 2
left_child=1 -1 3 4 -2 6 -5
right_child=2 -3 -4 5 -6 -7 -8
leaf_value=0.0017638411354635563 0.0016009559955402152 0.0014094269815439846 0.0015035202489458051 0.0015065569957055768 0.0019219907975740913 0.0017073914759815679 0.0016176870912796848
leaf_weight=44 40 185 242 121 30 39 45
leaf_count=44 40 185 242 121 30 39 45
internal_value=0.00169361 -0.000410482 0.00262559 0.00416911 0.00938989 0.00238641 0.000749617
internal_weight=746 229 517 275 70 205 166
internal_count=746 229 517 275 70 205 166
is_linear=0
shrinkage=1


Tree=1
num_leaves=8
num_cat=0
split_feature=16 5 2 9 0 0 9
split_gain=0.634772 0.996067 0.93387 1.9167 1.0205 1.05631 0.555635
threshold=0.0044768635023456635 0.009168420493852544 0.053369449794133279 0.058520250168348283 0.0066779378856615121 0.012263053118185764 -0.095315900622116465
decision_type=2 2 2 10 2 2 8
left_child=6 -2 3 4 -3 -6 -1
right_child=1 2 -4 -5 5 -7 -8
leaf_value=0.00017038451473693844 0.00030675234341580315 -7.4841568993514696e-05 -0.00011730704609136812 0.00031682651452996305 0.00056189394932283686 2.6813016588334672e-06 -3.850054701114998e-05
leaf_weight=29 29 125 93 40 28 39 350
leaf_count=29 29 125 93 40 28 39 350
internal_value=0.000115961 0.00163842 0.000846153 0.0025431 0.000468749 0.00544776 -0.00130607
internal_weight=733 354 325 232 192 67 379
internal_count=733 354 325 232 192 67 379
is_linear=0
shrinkage=0.05


Tree=2
num_leaves=8
num_cat=0
split_feature=6 6 4 1 16 1 4
split_gain=0.560963 0.975662 0.86062 1.05796 1.02729 0.957219 0.854256
threshold=0.98245338118606396 0.17507168562657052 0.01759100795141199 -0.0063711414018833281 -0.025568375282220609 0.017772205591940263 0.021148466243818685
decision_type=2 2 2 2 2 2 2
left_child=1 2 3 -1 -4 -5 -2
right_child=6 -3 4 5 -6 -7 -8
leaf_value=-4.2423606339289423e-05 -1.0093936511040858e-05 -0.00015241950446027584 0.00014500191290332538 0.00026564946622369931 -3.7906497464377572e-05 1.7771879414525372e-05 0.00037347777038153839
leaf_weight=73 56 161 40 53 264 59 39
leaf_count=73 56 161 40 53 264 59 39
internal_value=-0.000167786 -0.000692309 0.000419222 0.00310811 -0.00121711 0.00616071 0.00342105
internal_weight=745 650 489 185 304 112 95
internal_count=745 650 489 185 304 112 95
is_linear=0
shrinkage=0.05


Tree=3
num_leaves=8
num_cat=0
split_feature=9 7 13 11 7 13 16
split_gain=0.586352 0.57789 0.420294 0.878883 1.46407 1.13889 0.621085
threshold=-0.096595874805361068 -0.014682888596886877 15.905000209808351 0.0021655694557776166 0.0081502534166350022 15.085000038146974 -0.022511525470184476
decision_type=8 2 2 2 2 2 2
left_child=-1 -2 3 -3 -5 -6 -4
right_child=1 2 6 4 5 -7 -8
leaf_value=0.00029470724673855467 -0.0001453035445912313 -5.8420308977810114e-05 0.00010761643124151096 0.00032788971727079727 -1.2444861086715499e-05 0.00018828265382840983 -5.6021599740032767e-05
leaf_weight=38 207 67 29 43 128 26 199
leaf_count=38 207 67 29 43 128 26 199
internal_value=-0.000522389 -0.000851217 8.12996e-05 0.00143939 0.00312183 0.000844155 -0.00149123
internal_weight=737 699 492 264 197 154 228
internal_count=737 699 492 264 197 154 228
is_linear=0
shrinkage=0.05


Tree=4
num_leaves=8
num_cat=0
split_feature=6 0 5 15 15 1 13
split_gain=0.898496 0.844447 0.57354 0.680979 0.879034 1.02324 0.816432
threshold=1.6999990448117359 -0.0054332477897537359 0.015975484956251639 0.0070704674626247419 0.019067953664118401 0.0083263587630085806 16.035000801086429
decision_type=2 2 2 2 2 2 2
left_child=2 -2 3 -1 5 -5 -7
right_child=1 -3 -4 4 -6 6 -8
leaf_value=-3.1966369917825882e-05 0.00068064264492190805 0.00013375358703259191 0.00030240940568946516 -6.2139737320150697e-06 -0.00020514437785188125 0.00030543085318573618 2.1576756097523114e-06
leaf_weight=474 25 28 25 78 38 44 31
leaf_count=474 25 28 25 78 38 44 31
internal_value=4.71051e-05 0.00632075 -0.000434784 -0.000714287 0.00180628 0.00349673 0.00766667
internal_weight=743 53 690 665 191 153 75
internal_count=743 53 690 665 191 153 75
is_linear=0
shrinkage=0.05


Tree=5
num_leaves=8
num_cat=0
split_feature=9 7 4 8 10 15 3
split_gain=0.612974 0.660363 0.436691 0.546985 0.598847 0.785571 1.11171
threshold=-0.09157030391791636 -0.0090965893747150788 0.014244811820391992 0.081549647269931538 0.010824112764753148 0.0039331537620213028 -0.0033727306851708545
decision_type=8 2 2 10 2 2 2
left_child=-1 -2 -3 4 5 -4 -7
right_child=1 2 3 -5 -6 6 -8
leaf_value=0.00035955301996048886 -8.986550056777383e-05 5.1453567535117484e-05 -7.7632772845353833e-06 -0.00011878052025663692 -0.00011735975438664152 0.00064070246378694498 7.8267626257738513e-05
leaf_weight=42 235 37 200 46 40 27 105
leaf_count=42 235 37 200 46 40 27 105
internal_value=-0.000150274 -0.000507248 0.000604394 0.000143539 0.000779569 0.0014759 0.0044697
internal_weight=732 690 455 418 372 332 132
internal_count=732 690 455 418 372 332 132
is_linear=0
shrinkage=0.05


Tree=6
num_leaves=8
num_cat=0
split_feature=6 7 10 14 6 16 4
split_gain=0.570105 0.729349 0.696472 0.889241 0.539577 0.567365 0.698702
threshold=2.2798321996076534 -0.030227036037810847 0.010824112764753148 -0.062752290881895975 0.2190249230340057 -0.022511525470184476 0.01759100795141199
decision_type=2 2 2 2 2 2 2
left_child=1 -1 3 -3 5 -5 -7
right_child=-2 2 -4 4 -6 6 -8
leaf_value=-0.0001498413198447925 0.00046605896955585952 0.00024740627272810695 -0.00011423193117073261 0.00022504655985777745 -0.00010821420273236702 5.5610421007725418e-05 -2.5277389732854176e-05
leaf_weight=140 36 48 53 26 121 127 193
leaf_count=140 36 48 53 26 121 127 193
internal_value=-2.68829e-05 -0.000338984 0.000457745 0.00101942 0.000353318 0.00135838 0.000781249
internal_weight=744 708 568 515 467 346 320
internal_count=744 708 568 515 467 346 320
is_linear=0
shrinkage=0.05


Tree=7
num_leaves=8
num_cat=0
split_feature=9 15 15 11 9 10 3
split_gain=0.539197 0.472831 0.895629 0.723337 0.599525 0.613877 0.690677
threshold=-0.09157030391791636 -0.0039767304587703381 -0.0025041338198233394 0.0019507060207528684 0.03027771173419103 0.0077210004774342931 -0.00052086031562442725
decision_type=8 2 2 2 10 2 2
left_child=-1 -2 -3 -4 -5 6 -6
right_child=1 2 3 4 5 -7 -8
leaf_value=0.00027165319184329251 -7.4049517368658191e-05 0.00010605538995777373 -6.3373711805754439e-05 -2.0361051111416434e-05 0.00013905294447244651 0.0002459381248578791 -7.0054105746251725e-05
leaf_weight=47 215 36 144 180 27 31 60
leaf_count=47 215 36 144 180 27 31 60
internal_value=-0.000608109 -0.000959597 -8.36832e-05 -0.000701359 0.000704697 0.00347458 0.00132184
internal_weight=740 693 478 442 298 118 87
internal_count=740 693 478 442 298 118 87
is_linear=0
shrinkage=0.05


Tree=8
num_leaves=8
num_cat=0
split_feature=11 9 15 1 9 6 4
split_gain=0.559402 0.75894 1.2982 0.652778 0.442219 0.646024 0.749616
threshold=0.016655619585763119 0.025874635816086514 0.0086123870550640653 0.0070777837879953962 0.14610002481016129 1.6999990448117359 0.017218864197990642
decision_type=2 8 2 2 8 2 2
left_child=4 3 -3 -2 5 6 -1
right_child=1 2 -4 -5 -6 -7 -8
leaf_value=9.9128447889311946e-05 0.00037328625509360381 -4.7671835216602737e-06 0.00026361293829808141 -0.00016047405937023732 -2.0743106544415923e-05 0.00059915344673772651 -7.2823849590297694e-05
leaf_weight=81 25 55 37 47 165 29 322
leaf_count=81 25 55 37 47 165 29 322
internal_value=-0.000269384 0.00231707 0.00532609 -0.00152778 -0.000979901 -0.00013889 -0.000657569
internal_weight=761 164 92 72 597 432 403
internal_count=761 164 92 72 597 432 403
is_linear=0
shrinkage=0.05


Tree=9
num_leaves=8
num_cat=0
split_feature=6 15 11 9 0 15 8
split_gain=0.797492 0.629654 1.21289 0.659706 0.647326 0.841858 0.820145
threshold=1.6999990448117359 0.0080659200391135517 -0.0032135973316774753 -0.09157030391791636 -0.0018903740984813064 0.014980366546822001 0.014682486910790995
decision_type=2 2 2 8 2 2 8
left_child=1 3 -3 -1 -4 6 -6
right_child=-2 2 4 -5 5 -7 -8
leaf_value=0.00021997624177444685 0.00042743976487324352 -7.0588426374723542e-05 -0.00013042787764784542 -2.4526065635335141e-05 0.00027812165850654697 1.633088803564128e-05 0.0001402032110134887
leaf_weight=28 52 49 25 479 29 39 37
leaf_count=28 52 49 25 479 29 39 37
internal_value=-0.000392955 -0.000845482 0.00170391 -0.00174556 0.00423077 0.00595238 0.00939394
internal_weight=738 686 179 507 130 105 66
internal_count=738 686 179 507 130 105 66
is_linear=0
shrinkage=0.05


Tree=10
num_leaves=8
num_cat=0
split_feature=6 0 8 11 2 2 3
split_gain=0.723916 0.66 0.529567 0.663001 1.94659 0.534458 0.89833
threshold=1.6999990448117359 -0.0054332477897537359 -0.016023547619007258 0.018027346802980907 0.035610045379504081 0.012311206389912123 -0.0002619186652031979
decision_type=2 2 10 2 2 2 2
left_child=2 -2 -1 5 -5 -4 -7
right_child=1 -3 3 4 -6 6 -8
leaf_value=-8.6559023572598933e-05 0.00058057722734145684 -6.2206389913048877e-06 -0.00010503069683580038 0.00019413700450382401 -0.00010163971781002117 7.6212637185068429e-05 -1.8002233304080744e-05
leaf_weight=277 25 30 95 32 42 98 149
leaf_count=277 25 30 95 32 42 98 149
internal_value=-0.000521392 0.005 -0.000959597 0.000168268 0.00445946 -0.000760235 0.000465586
internal_weight=748 55 693 416 74 342 247
internal_count=748 55 693 416 74 342 247
is_linear=0
shrinkage=0.05


Tree=11
num_leaves=8
num_cat=0
split_feature=9 7 2 0 2 7 11
split_gain=0.631426 0.695655 0.879065 0.8745 0.401231 0.303135 0.313494
threshold=-0.09157030391791636 -0.014682888596886877 -0.015244766342049852 0.0066779378856615121 0.014239229260425536 0.048975278564420195 0.012763459668046597
decision_type=8 2 2 2 2 2 2
left_child=-1 -2 3 -3 -4 6 -6
right_child=1 2 4 -5 5 -7 -8
leaf_value=0.00031733720839169073 -7.6082271467751267e-05 1.4029198866282835e-07 -0.0001166973599911818 0.0004733388974492858 7.2719413980938362e-05 -0.00011529534439287267 -3.2972086246783056e-06
leaf_weight=42 205 42 92 29 197 53 86
leaf_count=42 205 42 92 29 197 53 86
internal_value=-0.000241288 -0.000596592 0.00041082 0.00556338 -0.000443926 0.000357142 0.00100707
internal_weight=746 704 499 71 428 336 283
internal_count=746 704 499 71 428 336 283
is_linear=0
shrinkage=0.05


Tree=12
num_leaves=8
num_cat=0
split_feature=15 3 6 4 1 9 5
split_gain=0.473066 1.09204 1.19318 0.748252 0.737302 0.899419 0.465661
threshold=0.0017529955190052073 -0.0032423727066747117 -0.04868964019098497 0.017549704521268267 -0.0024511234767101704 0.13920343976982133 0.01523618709536732
decision_type=2 2 2 2 2 8 2
left_child=6 2 -2 4 -3 -6 -1
right_child=1 3 -4 -5 5 -7 -8
leaf_value=-6.6285639096689205e-05 -1.2756804599351207e-05 -0.00022090495469967821 0.00030414618640879919 -2.6936436139383534e-05 0.00023843500850888289 1.4453286815488263e-07 0.00018066011339340948
leaf_weight=357 29 33 28 172 42 40 25
leaf_count=357 29 33 28 172 42 40 25
internal_value=-0.000385676 0.000959301 0.0072807 -0.000296168 0.00282609 0.00536585 -0.00159686
internal_weight=726 344 57 287 115 82 382
internal_count=726 344 57 287 115 82 382
is_linear=0
shrinkage=0.05


Tree=13
num_leaves=8
num_cat=0
split_feature=6 16 6 2 10 3 5
split_gain=0.555529 0.560224 0.48857 0.552614 0.73042 0.846731 0.586039
threshold=0.98245338118606396 0.019500585834272725 0.24374996347198688 0.012311206389912123 0.0024569690177319585 -0.0021471616805593392 0.011384326323338296
decision_type=2 2 2 2 2 2 2
left_child=2 -2 3 -1 5 -5 -6
right_child=1 -3 -4 4 6 -7 -8
leaf_value=-3.535350747345723e-05 0.00015104731470066089 0.00033022060585724371 -0.00013829969809917603 7.7008879918225419e-05 0.00012000250205987216 -1.8632595486156503e-05 7.4497882849741102e-07
leaf_weight=263 68 28 146 45 56 92 44
leaf_count=263 68 28 146 45 56 92 44
internal_value=-0.000215635 0.00333333 -0.000743035 -1.19209e-09 0.00175105 -0.000620439 0.005
internal_weight=742 96 646 500 237 137 100
internal_count=742 96 646 500 237 137 100
is_linear=0
shrinkage=0.05


Tree=14
num_leaves=8
num_cat=0
split_feature=11 1 8 2 8 15 8
split_gain=0.622162 1.1638 0.753593 0.759926 0.467838 0.643913 0.639323
threshold=0.018027346802980907 0.0056244852421690758 0.0073210944288520938 0.039899466018674896 -0.06269787145544907 0.0029344445929920808 0.019983134236660986
decision_type=2 2 8 2 8 2 10
left_child=4 -2 -3 -4 5 -1 -6
right_child=1 2 3 -5 6 -7 -8
leaf_value=-5.9279126217381401e-05 0.00019684210954424956 -0.00018770163292780847 0.00020093055387090779 -9.8323172506241375e-05 -7.4693204871401796e-05 0.0002149631289553312 9.5528645881495813e-06
leaf_weight=58 26 39 26 36 262 30 247
leaf_count=58 26 39 26 36 262 30 247
internal_value=-0.000303869 0.00287401 0.000445543 0.00387097 -0.000979901 0.00238636 -0.00156189
internal_weight=724 127 101 62 597 88 509
internal_count=724 127 101 62 597 88 509
is_linear=0
shrinkage=0.05


Tree=15
num_leaves=8
num_cat=0
split_feature=9 11 2 9 4 7 11
split_gain=0.541506 0.564202 0.631171 1.09476 0.704003 1.10508 0.39471
threshold=-0.09157030391791636 -0.0043088808342565113 0.064450280864131751 0.040331047610743471 0.017101278664785915 0.022441615452047817 0.0021655694557776166
decision_type=8 2 2 10 2 2 2
left_child=-1 -2 3 6 -5 -6 -3
right_child=1 2 -4 4 5 -7 -8
leaf_value=0.00027203354610356491 -5.0459802636561828e-05 4.9026242969397248e-05 -0.00010935111548276936 6.2758436713255739e-06 4.1856773700486166e-05 0.00022452507016519532 -2.0665342683930433e-05
leaf_weight=44 199 45 103 45 45 25 226
leaf_count=44 199 45 103 45 45 25 226
internal_value=-0.000150274 -0.000494187 0.000419222 0.00134715 0.00543478 0.00857143 -0.000387455
internal_weight=732 688 489 386 115 70 271
internal_count=732 688 489 386 115 70 271
is_linear=0
shrinkage=0.05


Tree=16
num_leaves=8
num_cat=0
split_feature=6 4 6 7 16 15 8
split_gain=0.490538 0.637793 0.419491 0.340784 0.496919 0.51901 0.633015
threshold=0.98245338118606396 0.021204483704776532 -1.3194952120023029 -0.029226551574538403 -0.02816411013185471 0.0080659200391135517 0.011505723812330062
decision_type=2 2 2 2 2 2 10
left_child=2 -2 -1 -4 -5 -6 -7
right_child=1 -3 3 4 5 6 -8
leaf_value=0.00018259879601068875 -6.3263316467714997e-05 0.00032168773276714489 -0.00013126439273526276 0.00013374705672038152 -2.2265475740097833e-05 0.00010565805402701135 -9.5235683876226026e-06
leaf_weight=25 58 35 132 29 346 52 74
leaf_count=25 58 35 132 29 346 52 74
internal_value=-0.000872172 0.00252688 -0.00135258 -0.00160348 -0.00100799 -0.00139831 0.00134921
internal_weight=751 93 658 633 501 472 126
internal_count=751 93 658 633 501 472 126
is_linear=0
shrinkage=0.05


Tree=17
num_leaves=8
num_cat=0
split_feature=6 9 4 6 4 16 4
split_gain=0.548756 0.771582 0.72 0.521479 0.465982 0.685363 1.07278
threshold=0.98245338118606396 1.0000000180025095e-35 0.018947760242862977 0.24374996347198688 0.01759100795141199 0.0017152564750216872 0.016594460444469893
decision_type=2 10 2 2 2 2 2
left_child=3 -2 -3 4 5 -1 -7
right_child=1 2 -4 -5 -6 6 -8
leaf_value=-2.1730860563244973e-05 -6.2305239514363753e-05 9.685883756459266e-05 0.00030681699435930503 -0.00015844298332728016 -1.426653207788943e-05 -5.5072977726397536e-06 0.00023616876473161823
leaf_weight=73 48 25 25 147 321 62 43
leaf_count=73 48 25 25 147 321 62 43
internal_value=-0.000833335 0.00265306 0.007 -0.00136223 -0.000591184 0.00146067 0.00404762
internal_weight=744 98 50 646 499 178 105
internal_count=744 98 50 646 499 178 105
is_linear=0
shrinkage=0.05


Tree=18
num_leaves=8
num_cat=0
split_feature=6 0 15 15 1 4 0
split_gain=0.708844 0.629604 0.329344 0.902374 1.06479 0.324499 0.534726
threshold=1.6999990448117359 -0.0054677146119095346 0.019067953664118401 0.012203955331967721 0.0083263587630085806 0.027995712685731419 -0.010822256678254981
decision_type=2 2 2 2 2 2 2
left_child=2 -2 3 5 -5 6 -1
right_child=1 -3 -4 4 -6 -7 -8
leaf_value=-0.00012480827683942266 0.00051058340318761622 1.4495275305277754e-05 -0.00016363722339441449 -2.9917984967637083e-05 0.00035660981423681217 0.00012919246707989148 -4.6658718269475679e-06
leaf_weight=107 25 29 43 35 29 27 455
leaf_count=107 25 29 43 35 29 27 455
internal_value=-0.000333335 0.00518518 -0.000761495 -0.00048239 0.00515625 -0.00109508 -0.00135231
internal_weight=750 54 696 653 64 589 562
internal_count=750 54 696 653 64 589 562
is_linear=0
shrinkage=0.05


Tree=19
num_leaves=8
num_cat=0
split_feature=11 9 8 2 7 9 3
split_gain=0.468511 1.22627 0.367543 0.766302 0.636607 0.468133 0.614718
threshold=0.02573480883905466 0.017935223767894141 -0.06269787145544907 -0.063006122588548971 -0.01520637555761317 0.14610002481016129 -0.00049813239455881442
decision_type=2 8 8 2 2 8 2
left_child=2 -2 3 -1 -4 6 -6
right_child=1 -3 4 -5 5 -7 -8
leaf_value=-4.2535472788526731e-05 -9.8078338489559642e-05 0.00013683889602339556 -0.00016725382634854107 0.00028757031864663448 0.00010400815958744096 -1.1691252176137352e-05 -9.9715308060036925e-06
leaf_weight=72 42 37 139 29 125 136 161
leaf_count=72 42 37 139 29 125 136 161
internal_value=-0.000411607 0.00322785 -0.000845923 0.00193069 -0.00134581 -0.000379148 0.00076923
internal_weight=741 79 662 101 561 422 286
internal_count=741 79 662 101 561 422 286
is_linear=0
shrinkage=0.05


Tree=20
num_leaves=8
num_cat=0
split_feature=9 13 3 13 9 13 12
split_gain=0.766795 0.571022 0.550257 0.624486 0.939984 0.636903 0.404579
threshold=-0.09157030391791636 15.97499990463257 0.0084745235341282549 15.194999694824221 0.07043172438159552 13.59500026702881 0.0027925929369287954
decision_type=8 2 2 2 8 2 2
left_child=-1 2 3 5 -5 -2 -3
right_child=1 6 -4 4 -6 -7 -8
leaf_value=0.00026711200030101189 4.417261645869989e-06 -1.0316676524910632e-05 0.00020476877465030769 -8.0738045838882628e-05 4.6455431981487231e-05 -5.5618290349269098e-05 -6.929592400331648e-05
leaf_weight=41 108 168 29 30 28 123 212
leaf_count=41 108 168 29 30 28 123 212
internal_value=-0.000669825 -0.00106017 0.000503143 -0.000155711 0.00448276 -0.00132035 -0.00236842
internal_weight=739 698 318 289 58 231 380
internal_count=739 698 318 289 58 231 380
is_linear=0
shrinkage=0.05


Tree=21
num_leaves=8
num_cat=0
split_feature=3 6 0 10 15 1 0
split_gain=0.304723 0.369327 0.335685 0.529901 0.724824 1.32234 0.488979
threshold=0.010795785475540722 1.6999990448117359 -0.0061550140107198273 0.010824112764753148 0.011794485361508735 0.0083263587630085806 0.010926469716156408
decision_type=2 2 2 2 2 2 2
left_child=1 2 -1 4 6 -6 -4
right_child=-2 -3 3 -5 5 -7 -8
leaf_value=-5.2171586497617019e-05 -0.00014222425539048891 0.00038877007678210854 3.6379769805267334e-06 -0.00011463431369581684 -0.00015615857756404077 0.00034679044809481698 -5.2615797366260011e-05
leaf_weight=218 37 44 287 45 28 26 61
leaf_count=218 37 44 287 45 28 26 61
internal_value=-0.000576409 -0.000345558 -0.000639099 0.000145413 0.000721392 0.00611111 -0.000114944
internal_weight=746 709 665 447 402 54 348
internal_count=746 709 665 447 402 54 348
is_linear=0
shrinkage=0.05


Tree=22
num_leaves=8
num_cat=0
split_feature=5 15 15 15 1 15 7
split_gain=0.536929 0.408087 0.52421 0.750304 0.957635 0.555931 0.72
threshold=0.015975484956251639 -0.0039767304587703381 0.019067953664118401 0.012203955331967721 0.0083263587630085806 -0.001900329552557811 0.0094625477662836372
decision_type=2 2 2 2 2 2 2
left_child=1 -1 3 5 -5 6 -3
right_child=-2 2 -4 4 -6 -7 -8
leaf_value=-4.3614131405533189e-05 0.00020422675004660198 0.00032459054585042848 -0.00013612229323313297 -1.4191653692066494e-05 0.00037244793524648061 -5.1435109467334175e-06 -0.0001380421047672551
leaf_weight=243 25 25 41 30 28 323 25
leaf_count=243 25 25 41 30 28 323 25
internal_value=-0.000202704 -0.000454547 0.000402541 0.000916472 0.0062069 9.38326e-05 0.005
internal_weight=740 715 472 431 58 373 50
internal_count=740 715 472 431 58 373 50
is_linear=0
shrinkage=0.05


Tree=23
num_leaves=8
num_cat=0
split_feature=6 9 6 7 2 7 6
split_gain=0.464637 0.45638 0.355465 0.274694 0.450557 0.562982 0.408204
threshold=1.6999990448117359 0.031166232056061619 -1.3011840898399361 -0.01520637555761317 0.064450280864131751 0.036621291230195537 -0.74280798808912574
decision_type=2 8 2 2 2 2 2
left_child=2 -2 -1 -4 5 6 -5
right_child=1 -3 3 4 -6 -7 -8
leaf_value=0.00015055775383079111 0.00045548855518961009 -0.00013975547094768103 -9.0431861508352262e-05 -8.0228957455138449e-06 -7.7439771154988311e-05 6.7736927170316126e-05 2.3331507870896994e-06
leaf_weight=26 26 25 209 76 104 36 245
leaf_count=26 26 25 209 76 104 36 245
internal_value=-0.000783134 0.00382353 -0.00112069 -0.00134328 -0.000661606 0.000182072 -0.000482867
internal_weight=747 51 696 670 461 357 321
internal_count=747 51 696 670 461 357 321
is_linear=0
shrinkage=0.05


Tree=24
num_leaves=8
num_cat=0
split_feature=15 15 15 6 11 14 3
split_gain=0.400872 0.656171 0.63563 0.593892 0.5 0.368342 0.812633
threshold=0.019067953664118401 0.012203955331967721 0.014980366546822001 0.98245338118606396 0.00081108963534770606 -0.026106823606350468 0.0064511750646083508
decision_type=2 2 2 2 2 2 2
left_child=1 3 -3 5 -5 -1 -7
right_child=-2 2 -4 4 -6 6 -8
leaf_value=-6.5189897108351393e-05 -0.00011958424324433675 0.00029322404456182013 -3.0371813183355855e-05 -7.6313361273293412e-05 0.00031947168101539186 -9.6522030433476636e-06 5.9024292625802478e-05
leaf_weight=147 52 31 33 36 36 381 28
leaf_count=147 52 31 33 36 36 381 28
internal_value=-0.00076613 -0.000447978 0.004375 -0.000939492 0.00333333 -0.00149281 -0.000721273
internal_weight=744 692 64 628 72 556 409
internal_count=744 692 64 628 72 556 409
is_linear=0
shrinkage=0.05


Tree=25
num_leaves=8
num_cat=0
split_feature=9 7 10 10 6 8 16
split_gain=0.517484 0.59502 0.487423 0.906675 0.607953 0.339406 0.763093
threshold=-0.09157030391791636 -0.01520637555761317 0.010824112764753148 0.0091813381816910917 1.0846356916414088 0.033888881462235239 -0.012935239020050058
decision_type=8 2 2 2 2 8 2
left_child=-1 -2 3 4 5 6 -3
right_child=1 2 -4 -5 -6 -7 -8
leaf_value=0.00017881551054114037 -8.8236957570580148e-05 0.00010957270385295574 -0.00013082587522237455 0.00028905554124516151 0.00028348914060735112 -6.9999226422737571e-06 -1.5843804631110399e-06
leaf_weight=40 209 25 43 28 42 191 172
leaf_count=40 209 25 43 28 42 191 172
internal_value=-0.000533335 -0.000845072 8.98192e-05 0.000567684 -1.19209e-09 -0.000618558 0.000837562
internal_weight=750 710 501 458 430 388 197
internal_count=750 710 501 458 430 388 197
is_linear=0
shrinkage=0.05


Tree=26
num_leaves=8
num_cat=0
split_feature=5 6 2 2 11 7 4
split_gain=0.623212 0.470327 0.290306 0.514693 0.422356 0.411715 0.528018
threshold=0.016074543825492921 2.2798321996076534 0.066944884214058656 0.012311206389912123 0.02573480883905466 -0.0051625610953350822 0.022441265816072125
decision_type=2 2 2 2 2 2 2
left_child=1 2 3 4 -1 -5 -7
right_child=-2 -3 -4 5 -6 6 -8
leaf_value=-7.0545807091703226e-05 0.00017954757465131726 0.00025382730970278575 -7.2627263617566572e-05 1.2962677093807433e-05 5.159131499355253e-05 -8.5587187501331099e-07 0.00017317991453622049
leaf_weight=323 25 37 93 25 38 177 25
leaf_count=323 25 37 93 25 38 177 25
internal_value=-0.000760432 -0.00103064 -0.00132893 -0.000918369 -0.00209141 0.000947135 0.000198019
internal_weight=743 718 681 588 361 227 202
internal_count=743 718 681 588 361 227 202
is_linear=0
shrinkage=0.05


Tree=27
num_leaves=8
num_cat=0
split_feature=15 10 15 6 9 3 14
split_gain=0.401961 1.18989 0.439894 0.523908 0.412272 0.685714 0.955473
threshold=0.0025779381079912293 0.00021013037674633142 0.019067953664118401 -0.38336679286011904 0.097640682118251845 0.0036630876311422038 -0.048915299030690522
decision_type=2 2 2 2 10 2 2
left_child=-1 -2 3 -3 5 6 -5
right_child=1 2 -4 4 -6 -7 -8
leaf_value=-3.8301318216248888e-05 8.2136442596959829e-05 -4.1023903470613935e-06 -0.00010288679784214834 0.00023504075186991089 0.0001843741668996384 -0.0001763663661296411 -0.00016118887663186949
leaf_weight=404 41 113 49 29 33 35 41
leaf_count=404 41 113 49 29 33 35 41
internal_value=-0.000838927 0.000425219 -0.000666668 0.000179282 0.00224638 0.000714285 0.00357143
internal_weight=745 341 300 251 138 105 70
internal_count=745 341 300 251 138 105 70
is_linear=0
shrinkage=0.05


Tree=28
num_leaves=8
num_cat=0
split_feature=7 2 3 2 2 4 5
split_gain=0.443613 0.529516 0.645134 0.664503 0.677593 0.711154 0.666667
threshold=-0.01520637555761317 -0.015244766342049852 -0.00139608766512872 0.011428995178880854 0.041556844765565211 0.018775157927815155 0.011712084292592238
decision_type=2 2 2 2 2 2 2
left_child=-1 -2 3 -3 6 -6 -5
right_child=1 2 -4 4 5 -7 -8
leaf_value=-4.5452993810573824e-05 0.00022560069533821261 -0.00017841856969464341 -6.1919301543083275e-06 0.00017935893106664743 -3.6826188076277896e-05 0.00010805210542135315 2.1742489784625712e-05
leaf_weight=237 71 26 299 27 40 25 27
leaf_count=237 71 26 299 27 40 25 27
internal_value=-0.000678193 0.00014563 -0.000495497 0.00224138 0.00382353 0.000384614 0.00796296
internal_weight=752 515 444 145 119 65 54
internal_count=752 515 444 145 119 65 54
is_linear=0
shrinkage=0.05


Tree=29
num_leaves=8
num_cat=0
split_feature=6 0 9 0 13 4 5
split_gain=0.471249 0.510554 0.5 0.487552 0.484323 0.420736 0.381777
threshold=1.6999990448117359 -0.0061550140107198273 0.063231079327561349 -0.0050784969764158796 13.13000011444092 0.027036689548000498 0.0098032904625572469
decision_type=2 2 8 2 2 2 2
left_child=1 5 -2 -3 -5 -1 -6
right_child=2 3 -4 4 6 -7 -8
leaf_value=-7.8420765333180319e-05 0.00040453241246167439 0.00022054207503407336 -0.00013153240211357701 4.2171892375612823e-05 -2.5201941173196031e-05 0.00012479891574862842 -1.8771893400878584e-06
leaf_weight=184 25 26 25 49 74 25 322
leaf_count=184 25 26 25 49 74 25 322
internal_value=-0.000684933 -0.00102941 0.004 -0.000116774 -0.000505619 -0.00308613 -0.00108586
internal_weight=730 680 50 471 445 209 396
internal_count=730 680 50 471 445 209 396
is_linear=0
shrinkage=0.05


Tree=30
num_leaves=8
num_cat=0
split_feature=8 16 14 14 14 15 11
split_gain=0.635042 0.565142 0.631317 0.526201 0.372541 0.543311 0.797239
threshold=-0.072933286945869966 0.0095285535836174846 -0.069744182185856193 -0.023978062109039463 -0.017376391061688031 0.0033171724365951287 0.021590279744903355
decision_type=8 2 2 2 2 2 2
left_child=3 -2 -3 -1 -4 -6 -7
right_child=1 2 4 -5 5 6 -8
leaf_value=8.740299100667577e-05 -2.6206707537012627e-05 0.00019625642381098556 -6.5962940919956264e-05 1.9631252737606626e-05 -1.8682447540771676e-05 8.4889929528352326e-05 -6.8818233300271846e-05
leaf_weight=28 383 27 99 45 82 43 30
leaf_count=28 383 27 99 45 82 43 30
internal_value=-0.000522389 -0.00100904 0.000693949 0.00390411 -7.87413e-05 0.00145161 0.00458904
internal_weight=737 664 281 73 254 155 73
internal_count=737 664 281 73 254 155 73
is_linear=0
shrinkage=0.05


Tree=31
num_leaves=8
num_cat=0
split_feature=9 10 0 7 9 1 8
split_gain=0.610092 0.335511 0.431488 0.461989 0.574581 0.504211 0.570959
threshold=-0.09157030391791636 0.010824112764753148 -0.0016167439201647536 0.048147288361904191 -1.0000000180025095e-35 0.0083263587630085806 0.044482304441656247
decision_type=8 2 2 2 8 2 10
left_child=-1 2 -2 4 -4 -6 -7
right_child=1 -3 3 -5 5 6 -8
leaf_value=0.00017051757324663597 -4.9496700311909891e-05 -8.1060901414756192e-05 -0.00014099145442813066 -0.00024277237808000474 -5.4885009106346422e-07 0.00019554687679099894 1.1777073677498245e-05
leaf_weight=41 290 63 76 40 116 48 57
leaf_count=41 290 63 76 40 116 48 57
internal_value=-0.00116963 -0.00152174 -0.00117225 4.45092e-05 0.000723905 0.00201357 0.00452381
internal_weight=731 690 627 337 297 221 105
internal_count=731 690 627 337 297 221 105
is_linear=0
shrinkage=0.05


Tree=32
num_leaves=8
num_cat=0
split_feature=14 7 8 8 4 9 9
split_gain=0.417598 0.335415 0.857442 0.325987 0.306982 0.642709 0.448591
threshold=-0.093449770795740669 -0.030227036037810847 -0.067424986317583688 -0.10605883033418022 0.0256068994453434 -0.058336564770275316 -0.0072541090919498999
decision_type=2 2 8 10 2 8 10
left_child=-1 3 -3 -2 5 -4 -7
right_child=1 2 4 -5 -6 6 -8
leaf_value=9.7238847705442727e-06 6.9760665060442179e-05 0.00015769018416503483 0.00025197809118998756 -0.00014510946590382497 -0.00021204068053686209 -2.5235408894492506e-05 1.1953735961857464e-06
leaf_weight=49 29 25 29 108 35 183 294
leaf_count=49 29 25 29 108 35 183 294
internal_value=-0.000279257 -0.000590328 -5.30047e-05 -0.00281022 -0.000471351 -0.000158104 -0.000597485
internal_weight=752 703 566 137 541 506 477
internal_count=752 703 566 137 541 506 477
is_linear=0
shrinkage=0.05


Tree=33
num_leaves=8
num_cat=0
split_feature=14 3 13 4 5 16 6
split_gain=0.380333 0.420994 1.32773 0.527891 1.12597 0.414012 0.462963
threshold=-0.093449770795740669 -9.4645686470995458e-05 13.444999694824221 0.017132166489719231 0.010145927646080225 -0.022622509392724695 0.079465878905817591
decision_type=2 2 2 2 2 2 2
left_child=-1 2 -2 4 -3 6 -4
right_child=1 3 5 -5 -6 -7 -8
leaf_value=6.009493644720416e-06 0.00011367715432059607 -5.3328027978600009e-06 9.6003863537330559e-05 -7.5557095681124504e-05 0.00026075778265075548 -2.5840359033533914e-05 -1.9738544183615938e-05
leaf_weight=44 44 77 27 234 33 256 27
leaf_count=44 44 77 27 234 33 256 27
internal_value=-0.000417791 -0.000702007 0.000508473 -0.00194768 0.00090909 -0.000645162 0.00333333
internal_weight=742 698 354 344 110 310 54
internal_count=742 698 354 344 110 310 54
is_linear=0
shrinkage=0.05


Tree=34
num_leaves=8
num_cat=0
split_feature=6 11 6 3 5 7 16
split_gain=0.518648 0.441818 0.387349 0.388565 0.488526 0.429356 0.606416
threshold=1.6999990448117359 0.006555889816587058 0.24374996347198688 0.006146368987257512 0.01168466370011702 -0.040864336519009219 -0.025568375282220609
decision_type=2 2 2 2 2 2 2
left_child=2 -2 3 5 -5 -1 -7
right_child=1 -3 -4 4 -6 6 -8
leaf_value=-0.00017636072438529673 -4.4209703051216551e-05 0.00035720242351253823 -7.8346462979587216e-05 9.4748422973033817e-05 -3.4846068648034209e-05 4.8853651453922248e-05 -6.9735020519569695e-06
leaf_weight=52 30 25 189 31 27 30 363
leaf_count=52 30 25 189 31 27 30 363
internal_value=-0.000582331 0.00409091 -0.000953758 -0.000228629 0.00362069 -0.000730338 -0.000165396
internal_weight=747 55 692 503 58 445 393
internal_count=747 55 692 503 58 445 393
is_linear=0
shrinkage=0.05


Tree=35
num_leaves=8
num_cat=0
split_feature=8 2 7 3 6 8 2
split_gain=0.563378 0.853333 0.509156 0.623399 0.766527 1.07321 0.549918
threshold=-0.065357694978555356 -0.063446987811634811 -0.01520637555761317 -0.00139608766512872 -0.10572620266425922 0.02179660402692685 0.014864262282465958
decision_type=8 2 2 2 2 8 2
left_child=1 -1 -2 4 6 -6 -4
right_child=2 -3 3 -5 5 -7 -8
leaf_value=-1.7380796527276225e-06 -0.00010668664166662829 0.00011035502209399372 -0.00013238105435010674 -6.7230453002890562e-06 0.0002392256364692314 1.5883721836112608e-06 2.2772382396438995e-05
leaf_weight=75 146 25 42 331 26 46 52
leaf_count=75 146 25 42 331 26 46 52
internal_value=-0.000491253 0.003 -0.00103422 -0.000271631 0.00222891 0.00611111 -0.000744682
internal_weight=743 100 643 497 166 72 94
internal_count=743 100 643 497 166 72 94
is_linear=0
shrinkage=0.05


Tree=36
num_leaves=8
num_cat=0
split_feature=9 12 0 6 3 6 13
split_gain=0.471549 0.887835 0.376072 0.34109 0.500458 0.433606 0.314
threshold=-0.082156765545317131 -0.021564591208677316 -0.016432296323997172 0.98245338118606396 0.0054095032298223664 0.16921477956865788 13.13000011444092
decision_type=8 2 2 2 2 2 2
left_child=1 -1 -2 5 -5 6 -4
right_child=2 -3 3 4 -6 -7 -8
leaf_value=0.00017303161752144194 -6.5773546904635533e-05 -0.00023264946962094166 2.4259166849755769e-05 0.00028068467464347624 -0.00022205733576888753 -9.80151552970548e-05 -5.0020954546130847e-06
leaf_weight=26 59 33 48 41 25 126 395
leaf_count=26 59 33 48 41 25 126 395
internal_value=-0.000816734 0.00347458 -0.00118156 -0.000826773 0.00257576 -0.00122144 -0.000485329
internal_weight=753 59 694 635 66 569 443
internal_count=753 59 694 635 66 569 443
is_linear=0
shrinkage=0.05


Tree=37
num_leaves=8
num_cat=0
split_feature=15 14 11 16 2 14 1
split_gain=0.420179 0.782375 0.395432 0.846135 0.437618 0.348483 0.392746
threshold=0.018618778521928062 -0.093449770795740669 0.012763459668046597 0.022878826318421201 0.020274080354707128 -0.017376391061688031 0.0077598222405542714
decision_type=2 2 2 2 2 2 2
left_child=1 -1 3 -3 5 -4 -7
right_child=-2 2 4 -5 -6 6 -8
leaf_value=6.8537844173469041e-05 -9.7818683469529566e-05 -3.941007404348179e-06 -4.0371263960121701e-05 6.1311278158122711e-05 -3.9304506480524508e-05 0.00018095348843010184 -0.00012263660643403591
leaf_weight=27 53 461 40 25 97 25 29
leaf_count=27 53 461 40 25 97 25 29
internal_value=-0.000706738 -0.000383524 -0.000716397 4.11511e-05 -0.00264398 -0.000212767 0.00240741
internal_weight=757 704 677 486 191 94 54
internal_count=757 704 677 486 191 94 54
is_linear=0
shrinkage=0.05


Tree=38
num_leaves=8
num_cat=0
split_feature=3 13 4 2 3 7 12
split_gain=0.352502 1.25754 0.648278 0.886415 0.711362 0.379206 0.317996
threshold=-0.00139608766512872 13.444999694824221 0.018947760242862977 0.036214760171835232 -0.0035788434895173689 -0.054977337214701431 -0.027973012120020454
decision_type=2 2 2 2 2 2 2
left_child=1 -1 -3 4 6 -2 -4
right_child=5 2 3 -5 -6 -7 -8
leaf_value=0.00010912868609958924 2.0039603038966435e-05 -2.989297644771954e-05 3.5205325932657016e-05 7.515545494655388e-05 1.5843324823445418e-05 -2.0455461988414514e-05 -0.0001443814630676524
leaf_weight=28 26 106 28 31 43 413 65
leaf_count=28 26 106 28 31 43 413 65
internal_value=-0.000337839 0.000980065 -5.49462e-05 0.00188623 0.000147058 -0.00124146 -0.00231183
internal_weight=740 301 273 167 136 439 93
internal_count=740 301 273 167 136 439 93
is_linear=0
shrinkage=0.05


Tree=39
num_leaves=8
num_cat=0
split_feature=5 10 15 2 8 13 7
split_gain=0.424511 0.368587 0.977964 0.607981 0.890244 0.611989 0.375194
threshold=0.015975484956251639 0.0091813381816910917 0.015158674045677169 0.012311206389912123 0.010060626947293485 18.675000190734867 0.048975278564420195
decision_type=2 2 2 2 8 2 2
left_child=1 3 -3 5 -5 -1 -6
right_child=-2 2 -4 4 6 -7 -8
leaf_value=-0.00011599466441176304 6.0742146251372302e-05 0.00017848636413809066 -8.557279824791689e-05 7.1397676847425107e-05 -4.375304533458769e-09 -2.440089938068795e-06 -0.00021727353844213046
leaf_weight=198 29 44 47 41 215 119 43
leaf_count=198 29 44 47 41 215 119 43
internal_value=-0.00058424 -0.000827441 0.00214286 -0.00126623 0.000351169 -0.0027918 -0.000736435
internal_weight=736 707 91 616 299 317 258
internal_count=736 707 91 616 299 317 258
is_linear=0
shrinkage=0.05


Tree=40
num_leaves=8
num_cat=0
split_feature=6 2 10 11 14 7 7
split_gain=0.631061 0.561396 0.919004 0.84029 0.46646 0.56448 0.4329
threshold=2.2798321996076534 0.03302293954994729 0.00097851086285993837 0.0057915448439024306 0.083142255535003332 -0.033883660762968219 0.027624856053133477
decision_type=2 2 2 2 2 2 2
left_child=1 4 3 6 -1 -6 -3
right_child=-2 2 -4 -5 5 -7 -8
leaf_value=-2.3854531740164496e-05 0.00021772351557590051 6.1093667189436043e-05 -6.6071744034480807e-05 5.592843164968744e-05 -4.6222663535065196e-05 0.00019644202654071197 -6.2141556525632517e-05
leaf_weight=402 31 44 133 45 26 29 33
leaf_count=402 31 44 133 45 26 29 33
internal_value=-0.000693137 -0.000997192 0.000882352 0.00401639 -0.00204595 0.00227273 0.000844155
internal_weight=743 712 255 122 457 55 77
internal_count=743 712 255 122 457 55 77
is_linear=0
shrinkage=0.05


Tree=41
num_leaves=8
num_cat=0
split_feature=9 5 7 2 2 0 3
split_gain=0.279779 0.681925 0.498758 0.418384 0.521781 0.51994 0.511488
threshold=-0.082156765545317131 0.013876142387152138 -0.01554993692401546 -0.015244766342049852 0.0010612937510470213 0.0066779378856615121 -0.00139608766512872
decision_type=8 2 2 2 2 2 2
left_child=1 -1 -2 5 -5 -4 -6
right_child=2 -3 3 4 6 -7 -8
leaf_value=-0.00011577622707073744 -5.3580929361414545e-05 0.00018122090388120356 7.2891682017781291e-06 -0.00014580791628283717 1.9225338298329528e-05 0.00026185753844434141 -7.0933782812636212e-06
leaf_weight=26 192 31 40 56 121 29 256
leaf_count=26 192 31 40 56 121 29 256
internal_value=-0.000472704 0.00289474 -0.000749281 7.96801e-05 -0.000496537 0.00369565 0.000172413
internal_weight=751 57 694 502 433 69 377
internal_count=751 57 694 502 433 69 377
is_linear=0
shrinkage=0.05


end of trees

feature_importances:
dvol_z_20=32
dist_ma200=29
dist_ma20=26
sector_ret_1d=26
ret_20d=23
overnight_gap=18
atr_pct=18
dist_ma50=16
spy_ret_5d=16
ret_1d=15
vix_level=13
ret_5d=12
parkinson_20=12
sector_ret_5d=12
spy_ret_1d=11
vix_chg_1d=11
spy_ret_20d=4

parameters:
[boosting: gbdt]
[objective: quantile]
[metric: quantile]
[tree_learner: serial]
[device_type: cpu]
[data_sample_strategy: bagging]
[data: ]
[valid: ]
[num_iterations: 80]
[learning_rate: 0.05]
[num_leaves: 8]
[num_threads: 1]
[seed: 0]
[deterministic: 0]
[force_col_wise: 1]
[force_row_wise: 0]
[histogram_pool_size: -1]
[max_depth: -1]
[min_data_in_leaf: 25]
[min_sum_hessian_in_leaf: 0.001]
[bagging_fraction: 0.9]
[pos_bagging_fraction: 1]
[neg_bagging_fraction: 1]
[bagging_freq: 1]
[bagging_seed: 3]
[bagging_by_query: 0]
[feature_fraction: 0.9]
[feature_fraction_bynode: 1]
[feature_fraction_seed: 2]
[extra_trees: 0]
[extra_seed: 6]
[early_stopping_round: 0]
[early_stopping_min_delta: 0]
[first_metric_only: 0]
[max_delta_step: 0]
[lambda_l1: 0]
[lambda_l2: 0]
[linear_lambda: 0]
[min_gain_to_split: 0]
[drop_rate: 0.1]
[max_drop: 50]
[skip_drop: 0.5]
[xgboost_dart_mode: 0]
[uniform_drop: 0]
[drop_seed: 4]
[top_rate: 0.2]
[other_rate: 0.1]
[min_data_per_group: 100]
[max_cat_threshold: 32]
[cat_l2: 10]
[cat_smooth: 10]
[max_cat_to_onehot: 4]
[top_k: 20]
[monotone_constraints: ]
[monotone_constraints_method: basic]
[monotone_penalty: 0]
[feature_contri: ]
[forcedsplits_filename: ]
[refit_decay_rate: 0.9]
[cegb_tradeoff: 1]
[cegb_penalty_split: 0]
[cegb_penalty_feature_lazy: ]
[cegb_penalty_feature_coupled: ]
[path_smooth: 0]
[interaction_constraints: ]
[verbosity: -1]
[saved_feature_importance_type: 0]
[use_quantized_grad: 0]
[num_grad_quant_bins: 4]
[quant_train_renew_leaf: 0]
[stochastic_rounding: 1]
[linear_tree: 0]
[max_bin: 255]
[max_bin_by_feature: ]
[min_data_in_bin: 3]
[bin_construct_sample_cnt: 200000]
[data_random_seed: 1]
[is_enable_sparse: 1]
[enable_bundle: 1]
[use_missing: 1]
[zero_as_missing: 0]
[feature_pre_filter: 1]
[pre_partition: 0]
[two_round: 0]
[header: 0]
[label_column: ]
[weight_column: ]
[group_column: ]
[ignore_column: ]
[categorical_feature: ]
[forcedbins_filename: ]
[precise_float_parser: 0]
[parser_config_file: ]
[objective_seed: 5]
[num_class: 1]
[is_unbalance: 0]
[scale_pos_weight: 1]
[sigmoid: 1]
[boost_from_average: 1]
[reg_sqrt: 0]
[alpha: 0.9]
[fair_c: 1]
[poisson_max_delta_step: 0.7]
[tweedie_variance_power: 1.5]
[lambdarank_truncation_level: 30]
[lambdarank_norm: 1]
[label_gain: ]
[lambdarank_position_bias_regularization: 0]
[eval_at: ]
[multi_error_top_k: 1]
[auc_mu_weights: ]
[num_machines: 1]
[local_listen_port: 12400]
[time_out: 120]
[machine_list_filename: ]
[machines: ]
[gpu_platform_id: -1]
[gpu_device_id: -1]
[gpu_device_id_list: ]
[gpu_use_dp: 0]
[num_gpu: 1]

end of parameters

pandas_categorical:[]
