tree
version=v4
num_class=1
num_tree_per_iteration=1
label_index=0
max_feature_idx=16
objective=quantile
feature_names=ret_1d ret_5d ret_20d overnight_gap atr_pct parkinson_20 dvol_z_20 dist_ma20 dist_ma50 dist_ma200 spy_ret_1d spy_ret_5d spy_ret_20d vix_level vix_chg_1d sector_ret_1d sector_ret_5d
feature_infos=[-0.073915221012712529:0.10094231299841194] [-0.13618113984530644:0.16386409380317857] [-0.20914340699555356:0.23048831117527246] [-0.070612018053997194:0.050221104240398606] [0.014736934837571563:0.05066402198414615] [0.0088468765975836788:0.027209756637340658] [-2.0022386281413809:4.2203113369133023] [-0.16107627114660983:0.13557721134575007] [-0.18314695248488366:0.19494967994192391] [-0.3458676502289415:0.36492322565796553] [-0.058542971330535654:0.10501930183911301] [-0.11496151859245618:0.082843162776128354] [-0.1226559005192206:0.15756591020035837] [11.859999656677246:52.330001831054688] [-0.35753873962348437:0.74039073966007019] [-0.05484528635308028:0.043465174951121455] [-0.079035639478724384:0.068782341876153064]
tree_sizes=844 869 869 871 862 860 864 864 877 874 865 872 863 869 865 873

Tree=0
num_leaves=8
num_cat=0
split_feature=6 7 7 10 9 14 13
split_gain=1.69203 0.982085 1.25059 0.643548 0.558755 0.630278 0.5673
threshold=0.46793888394938904 -0.047870281638823668 0.067170058745271169 0.0079281319106555576 -0.26014933272548307 -0.048564324883399894 22.270000457763675
decision_type=2 2 2 2 10 2 2
left_child=3 -2 -3 4 -1 -6 -7
right_child=1 2 -4 -5 5 6 -8
leaf_value=-0.020854283456828254 -0.021764579145435007 -0.021289263539423054 -0.021910367452171897 -0.020855680219739207 -0.021348676902348283 -0.021148788651241548 -0.021875267833182645
leaf_weight=123 28 137 25 95 39 278 25
leaf_count=123 28 137 25 95 39 278 25
internal_value=-0.0213499 -0.0254271 -0.0239326 -0.0199665 -0.0207327 -0.0217721 -0.021002
internal_weight=750 190 162 560 465 342 303
internal_count=750 190 162 560 465 342 303
is_linear=0
shrinkage=1


Tree=1
num_leaves=8
num_cat=0
split_feature=0 1 9 12 3 3 4
split_gain=1.24073 1.11647 0.598524 0.606385 0.963993 0.650743 0.835011
threshold=-0.03072504952318594 0.054127164701608062 -0.2713852137750426 0.019854443093846989 0.0058966624451873848 0.0010240327817494512 0.031344306096908782
decision_type=2 2 10 2 2 2 2
left_child=-1 2 -2 4 5 6 -4
right_child=1 -3 3 -5 -6 -7 -8
leaf_value=-0.00043536995865449109 0.00030814998590460217 -0.00040562712732450661 -0.00030293264552707158 6.2498704242095612e-05 -0.00058983752762657357 0.00041040374390717945 0.00022889089810596962
leaf_weight=29 179 49 91 257 33 50 46
leaf_count=29 179 49 91 257 33 50 46
internal_value=-0.000381471 3.54612e-05 0.000579268 -0.000345912 -0.00227273 -0.000882353 -0.00266423
internal_weight=734 705 656 477 220 187 137
internal_count=734 705 656 477 220 187 137
is_linear=0
shrinkage=0.05


Tree=2
num_leaves=8
num_cat=0
split_feature=1 0 16 6 16 12 11
split_gain=1.66048 1.09241 0.823112 0.584385 0.556661 0.859013 0.402771
threshold=0.054127164701608062 -0.03072504952318594 0.014942180246849903 -0.58023004130970113 -0.024044336416101871 -0.039191714476565991 -0.0061808553148448566
decision_type=2 2 2 2 2 2 2
left_child=1 -1 -2 -3 -5 -6 -7
right_child=2 3 -4 4 5 6 -8
leaf_value=-0.0004157642618557986 -8.3450291970520117e-05 0.00028267425669266735 -0.0005785579940656314 -0.00024089745768065071 -0.00072651743600742698 0.0003568714097064699 1.7890758579101608e-06
leaf_weight=28 27 217 28 42 26 89 292
leaf_count=28 27 217 28 42 26 89 292
internal_value=-0.000273698 0.000389049 -0.00863636 0.000795796 -0.000233853 0.000331696 0.000931759
internal_weight=749 694 55 666 449 407 381
internal_count=749 694 55 666 449 407 381
is_linear=0
shrinkage=0.05


Tree=3
num_leaves=8
num_cat=0
split_feature=0 7 6 10 10 13 11
split_gain=1.43183 1.03396 0.525589 0.666916 0.894938 0.429554 0.678009
threshold=-0.03072504952318594 0.071317451261141987 -0.549677729082234 0.0079281319106555576 0.0060647268719028488 18.444999694824222 0.0039565944761287284
decision_type=2 2 2 2 2 2 2
left_child=-1 2 -2 4 5 6 -4
right_child=1 -3 3 -5 -6 -7 -8
leaf_value=-0.00039497604876300861 0.00018282986641250792 -0.00053121792129364506 0.00028895304504632778 0.00038013471167145133 -0.00046763940247805999 -0.00011967669945688337 -9.3659030349528425e-05
leaf_weight=28 228 29 111 86 27 98 136
leaf_count=28 228 29 111 86 27 98 136
internal_value=2.01886e-05 0.000454546 0.000845481 -0.000131004 -0.00104839 -0.000362319 0.000748988
internal_weight=743 715 686 458 372 345 247
internal_count=743 715 686 458 372 345 247
is_linear=0
shrinkage=0.05


Tree=4
num_leaves=8
num_cat=0
split_feature=7 15 7 3 14 16 6
split_gain=1.01454 0.908381 0.948301 0.760525 0.566314 0.66 0.400345
threshold=0.071317451261141987 -0.00087888844650640941 -0.064574612268146966 -0.0052592508496531734 -0.026973540467474796 -0.014631433288052607 -0.95396407282522788
decision_type=2 2 2 2 2 2 2
left_child=1 2 -1 -3 5 -4 -6
right_child=-2 3 4 -5 6 -7 -8
leaf_value=-0.00049890880150624207 -0.00050465702522896273 -0.00019040779017516965 0.00013331237723331768 0.00027151545939641989 -0.00062410590884386715 -0.00015238803649439276 0.00017199920696827281
leaf_weight=26 29 46 25 350 31 30 209
leaf_count=26 29 46 25 350 31 30 209
internal_value=0.000375335 0.000746165 -0.00123053 0.00234848 -0.000423729 -0.005 0.000625
internal_weight=746 717 321 396 295 55 240
internal_count=746 717 321 396 295 55 240
is_linear=0
shrinkage=0.05


Tree=5
num_leaves=8
num_cat=0
split_feature=6 7 7 16 0 10 9
split_gain=1.63564 1.06469 1.25213 0.53577 0.564704 0.796088 0.479823
threshold=0.46793888394938904 -0.047870281638823668 0.060410275107752105 -0.0077395737033691394 0.008669166940600383 -0.0016165768674121226 -0.26014933272548307
decision_type=2 2 2 2 2 2 10
left_child=6 -2 3 -3 5 -5 -1
right_child=1 2 -4 4 -6 -7 -8
leaf_value=0.00032995280992146437 -0.00043054657890972915 0.0002722909352398598 -0.00063094604288811565 0.00028472093596003373 0.00043187162566464413 -0.00076318210789653995 2.136184800855896e-05
leaf_weight=148 28 35 26 26 39 32 403
leaf_count=148 28 35 26 26 39 32 403
internal_value=0.000183175 -0.00387097 -0.00227848 -0.00030303 -0.00221649 -0.00534483 0.00155172
internal_weight=737 186 158 132 97 58 551
internal_count=737 186 158 132 97 58 551
is_linear=0
shrinkage=0.05


Tree=6
num_leaves=8
num_cat=0
split_feature=0 7 14 6 9 7 7
split_gain=1.165 0.91262 0.53388 0.762932 1.08314 0.689608 0.483155
threshold=-0.03072504952318594 0.072021540635069173 0.018287022450050875 1.0000000180025095e-35 -0.014656096464071842 0.021305580868754229 -0.0089329995345859819
decision_type=2 2 2 2 8 2 2
left_child=-1 2 6 5 -5 -4 -2
right_child=1 -3 3 4 -6 -7 -8
leaf_value=-0.00032226607106491077 0.00028072611504934529 -0.00052152556409792788 0.00022592793867750222 -0.00060355220849078706 0.0002980885528474473 -0.00065933912516364691 2.3014796189451358e-06
leaf_weight=31 235 25 122 41 37 33 222
leaf_count=31 235 25 122 41 37 33 222
internal_value=-2.68095e-05 0.000384616 0.000724638 -0.00122318 -0.00525641 0.000806452 0.00171772
internal_weight=746 715 690 233 78 155 457
internal_count=746 715 690 233 78 155 457
is_linear=0
shrinkage=0.05


Tree=7
num_leaves=8
num_cat=0
split_feature=15 6 3 4 1 12 3
split_gain=1.17339 1.27946 1.05517 1.25012 1.04915 0.786282 0.768237
threshold=-0.0018013450031426068 -0.30204432393148789 0.0050135470859831175 0.029983773626138441 0.054127164701608062 0.032469113334652529 -0.0052592508496531734
decision_type=2 2 2 2 2 2 2
left_child=1 -1 3 5 6 -3 -2
right_child=4 2 -4 -5 -6 -7 -8
leaf_value=0.0001282820281209429 -0.00029800424144336317 0.00021475256170219064 -0.0007365044422157958 -0.00031017064846772729 -0.00035082308655023161 -0.00017421106984143208 0.00024907057400576463
leaf_weight=129 54 69 25 40 40 27 361
leaf_count=129 54 69 25 40 40 27 361
internal_value=-0.000100671 -0.00258621 -0.00555901 -0.00382353 0.00148352 -0.000729166 0.00222892
internal_weight=745 290 161 136 455 96 415
internal_count=745 290 161 136 455 96 415
is_linear=0
shrinkage=0.05


Tree=8
num_leaves=8
num_cat=0
split_feature=6 0 6 7 10 10 0
split_gain=0.922919 0.710979 0.653292 0.728283 0.566806 0.892236 0.41068
threshold=-0.58023004130970113 -0.03072504952318594 -0.51995231182229673 0.070463099535403653 0.0079281319106555576 0.0060647268719028488 -0.0025469802021807482
decision_type=2 2 2 2 2 2 2
left_child=-1 -2 -3 4 5 6 -4
right_child=1 2 3 -5 -6 -7 -8
leaf_value=0.00023116387727444227 -0.00031353905966706713 -0.00017515883702358558 -0.00011211889043202632 -0.00044985392388678858 0.00036075022433025751 -0.00041386305989717282 5.9094612103166785e-05
leaf_weight=230 29 26 161 26 85 28 179
leaf_count=230 29 26 161 26 85 28 179
internal_value=-3.92668e-05 -0.00117978 -0.000742574 -0.000323591 0.000143488 -0.000706522 1.86265e-10
internal_weight=764 534 505 479 453 368 340
internal_count=764 534 505 479 453 368 340
is_linear=0
shrinkage=0.05


Tree=9
num_leaves=8
num_cat=0
split_feature=6 14 12 10 11 10 12
split_gain=1.1876 0.820964 0.920299 1.16548 0.649015 0.721124 0.530712
threshold=0.46793888394938904 -0.044623986751606441 -0.011548252560612314 -0.00018001810557455308 -0.0019312453480846423 0.0079281319106555576 -0.008121323465966555
decision_type=2 2 2 2 2 2 2
left_child=4 -2 -3 -4 -1 6 -6
right_child=1 2 3 -5 5 -7 -8
leaf_value=0.00024991306032215075 0.00027370939019896138 -0.00071280791937071474 0.00019868916644804306 -0.00054872348919071082 0.00025884511590774814 0.00018959386672061311 -6.1377881503668174e-05
leaf_weight=186 43 27 65 50 32 77 264
leaf_count=186 43 27 65 50 32 77 264
internal_value=9.40862e-05 -0.00337838 -0.00521127 -0.00326087 0.00124329 4.02147e-05 -0.00108108
internal_weight=744 185 142 115 559 373 296
internal_count=744 185 142 115 559 373 296
is_linear=0
shrinkage=0.05


Tree=10
num_leaves=8
num_cat=0
split_feature=0 7 3 8 14 9 14
split_gain=1.35877 1.04965 0.409077 0.799504 0.506391 0.432456 0.425133
threshold=-0.02845278478358448 0.071317451261141987 -0.001434470967087653 0.069955286452762291 0.083142255535003332 0.22968185347550332 0.082777995482000835
decision_type=2 2 2 8 2 8 2
left_child=-1 2 3 5 -4 6 -2
right_child=1 -3 4 -5 -6 -7 -8
leaf_value=-0.00027113169037367113 -7.8596716967763836e-05 -0.0003389033136056093 0.00018328930320830392 -0.0002218027939242526 -0.00044791824191629353 0.00024938778395118126 0.0005936277062622595
leaf_weight=34 157 29 397 30 33 41 28
leaf_count=34 157 29 397 30 33 41 28
internal_value=6.00803e-05 0.000524476 0.000918368 -0.000664062 0.00186047 0.000353982 -0.000675675
internal_weight=749 715 686 256 430 226 185
internal_count=749 715 686 256 430 226 185
is_linear=0
shrinkage=0.05


Tree=11
num_leaves=8
num_cat=0
split_feature=11 11 6 9 15 8 1
split_gain=0.695047 0.622755 0.83991 0.654071 0.604997 0.965375 0.60907
threshold=-0.025492153007652226 -0.0043480620197820499 2.2491637472455026 0.15544314561469078 -0.00019836186307636836 -0.030352180337098852 -0.021038842292736334
decision_type=2 2 2 10 2 8 2
left_child=-1 -2 3 4 5 6 -3
right_child=1 2 -4 -5 -6 -7 -8
leaf_value=-0.00068930762666168804 0.00024750609215783473 0.00024475917456266385 -0.00028245970840093306 -0.00030347480086101181 0.00013462781567106881 8.1290543047225924e-05 -0.00022924042614615441
leaf_weight=47 172 31 30 49 268 99 51
leaf_count=47 172 31 30 49 268 99 51
internal_value=0.000247657 0.000642857 -0.000208333 0.000281125 0.000879733 -0.00135359 -0.00536585
internal_weight=747 700 528 498 449 181 82
internal_count=747 700 528 498 449 181 82
is_linear=0
shrinkage=0.05


Tree=12
num_leaves=8
num_cat=0
split_feature=3 9 4 4 9 10 1
split_gain=0.655612 0.526267 0.87626 0.328869 0.43707 0.651856 0.585424
threshold=-0.011013284092852736 0.1762882921903525 0.029379318852091382 0.030049551401895334 -0.11536143472157877 0.0042053474893619667 -0.036616430243850577
decision_type=2 10 2 2 8 2 2
left_child=-1 3 -3 4 5 6 -2
right_child=1 2 -4 -5 -6 -7 -8
leaf_value=-0.00021593954860028671 0.00033753662972938885 -0.00073110799057471822 7.2162850534318896e-05 0.00015018559321341727 0.00015791720826739157 0.00020971205083028266 -0.00024214718082745569
leaf_weight=30 27 31 43 118 324 68 93
leaf_count=30 27 31 43 118 324 68 93
internal_value=0.000572207 0.000880682 -0.00310811 0.00134921 0.000800781 -0.00111702 -0.00333333
internal_weight=734 704 74 630 512 188 120
internal_count=734 704 74 630 512 188 120
is_linear=0
shrinkage=0.05


Tree=13
num_leaves=8
num_cat=0
split_feature=7 3 6 16 12 16 16
split_gain=0.554835 0.580068 0.498358 0.430032 0.442955 0.368534 0.783328
threshold=0.071317451261141987 -0.011544313016056794 -1.2047591454973767 -0.024364193205217041 -0.039191714476565991 -0.006659665163235017 -0.0032412785314394617
decision_type=2 2 2 2 2 2 2
left_child=1 -1 -3 -4 -5 -6 -7
right_child=-2 2 3 4 5 6 -8
leaf_value=-0.00018716079036762873 -0.00026551469532703966 -3.1010096977581181e-05 -0.00015798687755440831 -0.00054904003925242996 0.00026910314444155727 -0.00019046860448145595 9.1418056292699341e-05
leaf_weight=26 32 29 58 43 144 46 367
leaf_count=26 32 29 58 43 144 46 367
internal_value=0.000503356 0.000792427 0.00106987 0.00135258 0.00175 0.00212747 0.00136804
internal_weight=745 713 687 658 600 557 413
internal_count=745 713 687 658 600 557 413
is_linear=0
shrinkage=0.05


Tree=14
num_leaves=8
num_cat=0
split_feature=0 3 7 7 8 8 6
split_gain=0.54452 0.861546 0.585408 1.12934 0.719636 1.01415 0.705929
threshold=-0.0031096052103212197 0.0048742334179650024 0.012475966359231984 0.032482806706673702 -0.027608371744507362 -0.049213232857560955 0.64342568892493046
decision_type=2 2 2 2 10 10 2
left_child=1 2 4 -4 5 6 -1
right_child=-2 -3 3 -5 -6 -7 -8
leaf_value=0.00026084969960434549 5.8766985281945414e-05 -0.00053520457748921222 -0.00066971573866227759 0.00011368826431889112 0.00029128139418343541 -0.00012889703383769526 -0.00049176557417646518
leaf_weight=97 400 27 25 36 83 26 25
leaf_count=97 400 27 25 36 83 26 25
internal_value=0.00027121 -0.00126959 -0.000479452 -0.00483607 0.000670996 -0.00141892 0.000491803
internal_weight=719 319 292 61 231 148 122
internal_count=719 319 292 61 231 148 122
is_linear=0
shrinkage=0.05


Tree=15
num_leaves=8
num_cat=0
split_feature=1 1 12 12 15 3 8
split_gain=0.702287 0.50971 0.360352 0.586312 0.428933 1.01299 0.396065
threshold=-0.066942407052674388 0.054127164701608062 0.057873618969341407 0.048426875368409401 -0.00019836186307636836 0.0051627216868979095 -0.091830541964421128
decision_type=2 2 2 2 2 2 8
left_child=-1 2 3 4 5 6 -2
right_child=1 -3 -4 -5 -6 -7 -8
leaf_value=-0.00029637348199961329 -0.00023867721693344304 -0.00027226283121950751 0.00024530978012438992 -0.00029926101051306735 0.00021977797382725846 -0.00038734475094122492 8.0134733076620799e-05
leaf_weight=29 25 50 58 33 291 34 223
leaf_count=29 25 50 58 33 291 34 223
internal_value=0.000558547 0.000868348 0.00123494 0.000874588 0.00124782 -0.000141844 0.000967742
internal_weight=743 714 664 606 573 282 248
internal_count=743 714 664 606 573 282 248
is_linear=0
shrinkage=0.05


end of trees

feature_importances:
dist_ma20=15
dvol_z_20=13
overnight_gap=10
ret_1d=9
spy_ret_1d=9
dist_ma200=8
spy_ret_20d=8
ret_5d=7
sector_ret_5d=7
vix_chg_1d=6
dist_ma50=5
spy_ret_5d=5
atr_pct=4
sector_ret_1d=4
vix_level=2

parameters:
[boosting: gbdt]
[objective: quantile]
[metric: quantile]
[tree_learner: serial]
[device_type: cpu]
[data_sample_strategy: bagging]
[data: ]
[valid: ]
[num_iterations: 80]
[learning_rate: 0.05]
[num_leaves: 8]
[num_threads: 1]
[seed: 0]
[deterministic: 0]
[force_col_wise: 1]
[force_row_wise: 0]
[histogram_pool_size: -1]
[max_depth: -1]
[min_data_in_leaf: 25]
[min_sum_hessian_in_leaf: 0.001]
[bagging_fraction: 0.9]
[pos_bagging_fraction: 1]
[neg_bagging_fraction: 1]
[bagging_freq: 1]
[bagging_seed: 3]
[bagging_by_query: 0]
[feature_fraction: 0.9]
[feature_fraction_bynode: 1]
[feature_fraction_seed: 2]
[extra_trees: 0]
[extra_seed: 6]
[early_stopping_round: 0]
[early_stopping_min_delta: 0]
[first_metric_only: 0]
[max_delta_step: 0]
[lambda_l1: 0]
[lambda_l2: 0]
[linear_lambda: 0]
[min_gain_to_split: 0]
[drop_rate: 0.1]
[max_drop: 50]
[skip_drop: 0.5]
[xgboost_dart_mode: 0]
[uniform_drop: 0]
[drop_seed: 4]
[top_rate: 0.2]
[other_rate: 0.1]
[min_data_per_group: 100]
[max_cat_threshold: 32]
[cat_l2: 10]
[cat_smooth: 10]
[max_cat_to_onehot: 4]
[top_k: 20]
[monotone_constraints: ]
[monotone_constraints_method: basic]
[monotone_penalty: 0]
[feature_contri: ]
[forcedsplits_filename: ]
[refit_decay_rate: 0.9]
[cegb_tradeoff: 1]
[cegb_penalty_split: 0]
[cegb_penalty_feature_lazy: ]
[cegb_penalty_feature_coupled: ]
[path_smooth: 0]
[interaction_constraints: ]
[verbosity: -1]
[saved_feature_importance_type: 0]
[use_quantized_grad: 0]
[num_grad_quant_bins: 4]
[quant_train_renew_leaf: 0]
[stochastic_rounding: 1]
[linear_tree: 0]
[max_bin: 255]
[max_bin_by_feature: ]
[min_data_in_bin: 3]
[bin_construct_sample_cnt: 200000]
[data_random_seed: 1]
[is_enable_sparse: 1]
[enable_bundle: 1]
[use_missing: 1]
[zero_as_missing: 0]
[feature_pre_filter: 1]
[pre_partition: 0]
[two_round: 0]
[header: 0]
[label_column: ]
[weight_column: ]
[group_column: ]
[ignore_column: ]
[categorical_feature: ]
[forcedbins_filename: ]
[precise_float_parser: 0]
[parser_config_file: ]
[objective_seed: 5]
[num_class: 1]
[is_unbalance: 0]
[scale_pos_weight: 1]
[sigmoid: 1]
[boost_from_average: 1]
[reg_sqrt: 0]
[alpha: 0.1]
[fair_c: 1]
[poisson_max_delta_step: 0.7]
[tweedie_variance_power: 1.5]
[lambdarank_truncation_level: 30]
[lambdarank_norm: 1]
[label_gain: ]
[lambdarank_position_bias_regularization: 0]
[eval_at: ]
[multi_error_top_k: 1]
[auc_mu_weights: ]
[num_machines: 1]
[local_listen_port: 12400]
[time_out: 120]
[machine_list_filename: ]
[machines: ]
[gpu_platform_id: -1]
[gpu_device_id: -1]
[gpu_device_id_list: ]
[gpu_use_dp: 0]
[num_gpu: 1]

end of parameters

pandas_categorical:[]
