tree
version=v4
num_class=1
num_tree_per_iteration=1
label_index=0
max_feature_idx=16
objective=quantile
feature_names=ret_1d ret_5d ret_20d overnight_gap atr_pct parkinson_20 dvol_z_20 dist_ma20 dist_ma50 dist_ma200 spy_ret_1d spy_ret_5d spy_ret_20d vix_level vix_chg_1d sector_ret_1d sector_ret_5d
feature_infos=[-0.16968165598629859:0.24369635894280006] [-0.17217461762938369:0.30231188416601462] [-0.26684455579857724:0.4791447510442115] [-0.14179173637044928:0.2614774600522014] [0.021298815916188683:0.090643736788833987] [0.012497815779332903:0.045471380444519767] [-2.3306928873005588:4.0279440203215646] [-0.16519878557878509:0.30124055812081196] [-0.22253952937491372:0.41910926883317456] [-0.25779636282301233:0.97618652546517937] [-0.058542971330535654:0.10501930183911301] [-0.11496151859245618:0.082843162776128354] [-0.1226559005192206:0.15756591020035837] [11.859999656677246:52.330001831054688] [-0.35753873962348437:0.74039073966007019] [-0.068247998544687438:0.13425697132599002] [-0.13587196028298487:0.11773217696052685]
tree_sizes=834 863 855 856 865 861 862 854 868 862 863 865 857 847 863 860 863 865 844 860 866

Tree=0
num_leaves=8
num_cat=0
split_feature=12 7 15 13 9 6 6
split_gain=0.729815 0.549073 0.778159 0.645787 0.453782 0.661926 0.531868
threshold=-0.046451976604296834 0.11798142735616703 0.0079064743279586586 16.125000000000004 0.21581221367156914 0.56454964717536849 -0.74067473930657568
decision_type=2 2 2 2 10 2 2
left_child=-1 3 -3 -2 -5 6 -6
right_child=1 2 -4 4 5 -7 -8
leaf_value=0.0094341532097604215 0.0089778535438192579 0.0091233472603331252 0.0095024390932586973 0.0090773259314879205 0.0093180675726705301 0.0097140996933860017 0.0089216868172366411
leaf_weight=41 275 41 32 238 26 28 65
leaf_count=41 275 41 32 238 26 28 65
internal_value=0.0086626 0.00828546 0.0123912 0.00781123 0.009214 0.011735 0.00966649
internal_weight=746 705 73 632 357 119 91
internal_count=746 705 73 632 357 119 91
is_linear=0
shrinkage=1


Tree=1
num_leaves=8
num_cat=0
split_feature=12 9 13 9 9 3 1
split_gain=1.06967 0.545897 0.811716 0.689762 0.711596 0.530407 0.554649
threshold=-0.052281358654850445 0.42998573152344793 14.920000076293947 0.5338966817060804 0.68326129198179608 -0.0170819548834335 -0.014201501375261048
decision_type=2 10 2 10 10 2 2
left_child=-1 2 -2 -3 -5 -4 -7
right_child=1 3 5 4 -6 6 -8
leaf_value=0.00061830698706531793 -0.00033348345212891924 0.0003095327714088771 -0.00034260718559212477 -0.00047772929796816163 0.00017810367524538921 0.00023829276952274178 -5.8594077251848204e-05
leaf_weight=27 139 32 46 35 48 109 297
leaf_count=27 139 32 46 35 48 109 297
internal_value=4.77478e-05 -0.00032578 -0.000939087 0.00282609 0.000421686 8.84944e-05 0.000665023
internal_weight=733 706 591 115 83 452 406
internal_count=733 706 591 115 83 452 406
is_linear=0
shrinkage=0.05


Tree=2
num_leaves=8
num_cat=0
split_feature=11 16 3 12 12 5 11
split_gain=1.19356 0.60176 0.798535 0.483875 0.963791 0.501679 0.47611
threshold=-0.018274722368059434 -0.029864869151533021 -0.0063343189085015563 0.029085927178424512 0.032286287605225568 0.031192440399071857 0.017027234780288007
decision_type=2 2 2 2 2 2 2
left_child=1 2 -1 5 -5 -2 -6
right_child=3 -3 -4 4 6 -7 -8
leaf_value=0.00010381142927859235 -0.00020064319439394107 -8.468389168028577e-06 0.00079747300479250226 8.5612086222615263e-05 5.5849711662050735e-05 0.00029737139970154887 -0.00022391619011079557
leaf_weight=25 349 33 37 33 170 35 63
leaf_count=25 349 33 37 33 170 35 63
internal_value=-0.000234901 0.005 0.00790322 -0.001 0.000639097 -0.00213542 -0.000493563
internal_weight=745 95 62 650 266 384 233
internal_count=745 95 62 650 266 384 233
is_linear=0
shrinkage=0.05


Tree=3
num_leaves=8
num_cat=0
split_feature=16 12 7 1 9 7 6
split_gain=0.662889 0.518054 0.51693 0.698142 0.687951 0.7875 0.761905
threshold=0.0052005771403388365 -0.052281358654850445 -0.037282219391719267 -0.051095382178351516 0.50221759124221022 0.054124703637885581 -0.3886511116776879
decision_type=2 2 2 2 8 2 2
left_child=1 -1 -3 -4 5 6 -5
right_child=-2 2 3 4 -6 -7 -8
leaf_value=0.00056848775763131707 -0.0001007743259939455 -0.00019888414540293609 0.00064247592686044169 0.0001320828708258926 -8.6702463877470789e-05 0.00068948030872320164 -0.00013925429146610248
leaf_weight=26 369 78 27 48 97 28 64
leaf_count=26 369 78 27 48 97 28 64
internal_value=0.000156037 0.00165761 0.00114035 0.00219697 0.00132911 0.00357143 0.00169643
internal_weight=737 368 342 264 237 140 112
internal_count=737 368 342 264 237 140 112
is_linear=0
shrinkage=0.05


Tree=4
num_leaves=8
num_cat=0
split_feature=12 1 12 5 4 5 15
split_gain=0.964644 0.634412 0.429892 0.688955 1.01859 1.20451 0.741791
threshold=-0.050232690438178178 -0.07754963718147527 0.019191673463848761 0.026952570235670475 0.030134923856589311 0.01944380120363658 0.0096674812609049993
decision_type=2 2 2 2 2 2 2
left_child=-1 -2 -3 4 6 -6 -4
right_child=1 2 3 -5 5 -7 -8
leaf_value=0.0005872512431576738 0.00032927105684632985 -0.00012525562527988785 -0.00022617293494377731 -0.0004245193607760529 0.00037763869824807738 0.00014237805418327643 3.8842162873391483e-05
leaf_weight=28 29 316 106 61 38 129 36
leaf_count=28 29 316 106 61 38 129 36
internal_value=0.000181695 -0.000174826 -0.000481051 0.000675674 0.0016343 0.00428144 -0.00147887
internal_weight=743 715 686 370 309 167 142
internal_count=743 715 686 370 309 167 142
is_linear=0
shrinkage=0.05


Tree=5
num_leaves=8
num_cat=0
split_feature=11 3 3 9 5 4 9
split_gain=0.630221 0.591053 0.768254 0.492962 0.937484 0.356506 0.302631
threshold=-0.015548352361618832 -0.0093217973355345634 0.013299576204039211 0.42998573152344793 0.023793002506613075 0.046709288537503134 -1.0000000180025095e-35
decision_type=2 2 2 10 2 2 8
left_child=1 -1 -3 6 -5 -6 -2
right_child=3 2 -4 4 5 -7 -8
leaf_value=-7.8239794289561743e-05 0.00024639875074387841 0.00049165636354697988 -2.7546879368051886e-06 0.00029385036386830616 -0.0004757619207931151 1.9856611846143146e-06 -0.00010182512879832379
leaf_weight=33 37 42 30 41 32 34 483
leaf_count=33 37 42 30 41 32 34 483
internal_value=-1.36624e-05 0.00357143 0.00611111 -0.000614036 0.00247663 -0.00121212 -0.00125
internal_weight=732 105 72 627 107 66 520
internal_count=732 105 72 627 107 66 520
is_linear=0
shrinkage=0.05


Tree=6
num_leaves=8
num_cat=0
split_feature=11 2 12 7 2 12 9
split_gain=0.693454 0.935572 0.82858 0.786764 0.731082 0.71948 0.554669
threshold=0.0069842899086436381 0.065665108794408136 0.029654960476763418 -0.012728233399649456 -0.11500976509992804 0.049504532457416379 0.28714990931724377
decision_type=2 2 2 2 2 2 10
left_child=1 4 6 -2 -1 -4 -3
right_child=3 2 5 -5 -6 -7 -8
leaf_value=0.00040912846535953555 0.00049163209229274299 0.00041710861546288922 0.00031868772341057548 -0.00017129745093055049 -9.6897904451873819e-05 0.00013966368147323344 -0.00025280123501080431
leaf_weight=29 26 34 43 303 245 28 36
leaf_count=29 26 34 43 303 245 28 36
internal_value=-9.40872e-05 0.00126506 0.00457447 -0.00180851 -0.000437957 0.00838028 0.000714285
internal_weight=744 415 141 329 274 71 70
internal_count=744 415 141 329 274 71 70
is_linear=0
shrinkage=0.05


Tree=7
num_leaves=8
num_cat=0
split_feature=11 8 3 9 6 9 10
split_gain=0.655411 0.540413 0.532376 0.550456 0.427062 0.74144 1.025
threshold=-0.015548352361618832 -0.010578017086040557 -0.0093217973355345634 0.12709380882709989 -0.78121683019051946 0.24346938363149032 0.0019017631763441625
decision_type=2 10 2 8 2 10 2
left_child=1 2 -1 -4 5 -2 -7
right_child=4 -3 3 -5 -6 6 -8
leaf_value=-0.00028785057480800667 -9.6616155247496944e-05 0.0002708875340743642 0.00020950135159159022 -0.00022617293747446239 -0.00011191138627266074 -0.0001303882478000637 0.00023101845686397638
leaf_weight=27 89 34 25 27 482 27 29
leaf_count=27 89 34 25 27 482 27 29
internal_value=-0.000540542 0.0029646 0.000696201 0.00365384 -0.00117225 0.0012069 0.00571428
internal_weight=740 113 79 52 627 145 56
internal_count=740 113 79 52 627 145 56
is_linear=0
shrinkage=0.05


Tree=8
num_leaves=8
num_cat=0
split_feature=11 10 9 2 14 14 6
split_gain=1.13931 0.550533 0.394733 0.448131 0.833758 1.51371 0.744365
threshold=-0.018274722368059434 -0.0045587761694280129 -1.0000000180025095e-35 0.02699729996081646 0.027028120883943799 0.050179471356022971 -0.87544208189311823
decision_type=2 2 8 2 2 2 2
left_child=1 -1 -2 -4 6 -6 -5
right_child=2 -3 3 4 5 -7 -8
leaf_value=0.00025729331847294503 0.00021844136353985313 6.3640892556758877e-07 -0.00013519313636214608 0.00011990769765859565 0.00039849491887140724 -4.2659651110282057e-05 -0.00017076237174647884
leaf_weight=47 39 42 225 49 35 61 263
leaf_count=47 39 42 225 49 35 61 263
internal_value=-0.000203681 0.00511236 -0.000907739 -0.00120853 -0.000220589 0.00385417 -0.00147436
internal_weight=761 89 672 633 408 96 312
internal_count=761 89 672 633 408 96 312
is_linear=0
shrinkage=0.05


Tree=9
num_leaves=8
num_cat=0
split_feature=13 5 12 11 10 11 0
split_gain=0.720192 0.853074 1.06638 0.929575 0.756549 0.826046 0.969697
threshold=17.195000648498539 0.033907815456494551 0.016494776846734397 0.0072949527951166057 0.0050045154394297029 0.012589195808640931 0.018587992570969662
decision_type=2 2 2 2 2 2 2
left_child=4 2 -2 -4 -1 6 -6
right_child=1 -3 3 -5 5 -7 -8
leaf_value=-0.00018440096641097019 -8.2944415361461301e-05 0.00054314185217521442 0.00048030885800885394 6.1180271455796088e-06 -0.0001023111849529439 -0.00012910255204937092 0.0002930528392147601
leaf_weight=304 169 36 47 56 33 60 33
leaf_count=304 169 36 47 56 33 60 33
internal_value=-0.000189703 0.00165584 0.000698528 0.00470874 -0.00151163 0.00174603 0.00560606
internal_weight=738 308 272 103 430 126 66
internal_count=738 308 272 103 430 126 66
is_linear=0
shrinkage=0.05


Tree=10
num_leaves=8
num_cat=0
split_feature=5 2 9 7 9 5 14
split_gain=0.673363 0.493023 0.931293 0.71243 0.710842 0.705128 0.461762
threshold=0.033907815456494551 0.02699729996081646 0.10222117945536525 0.023616484771632921 0.49877826771867734 0.023793002506613075 0.031250907350716124
decision_type=2 2 8 2 10 2 2
left_child=1 -1 -3 -4 6 -6 -5
right_child=-2 2 3 4 5 -7 -8
leaf_value=-9.1985847099617496e-05 0.00041596413499822625 0.00022571307241630613 0.00020432677873997364 -0.00018619215721770409 0.00029643603744114455 -0.00033646727553320293 2.9259239127005732e-05
leaf_weight=287 41 28 84 189 40 26 53
leaf_count=287 41 28 84 189 40 26 53
internal_value=-0.000254012 -0.000615277 0.000476189 -0.000153062 -0.00126623 0.00333333 -0.00252066
internal_weight=748 707 420 392 308 66 242
internal_count=748 707 420 392 308 66 242
is_linear=0
shrinkage=0.05


Tree=11
num_leaves=8
num_cat=0
split_feature=9 12 9 0 6 16 16
split_gain=0.629987 1.0217 0.402905 0.785166 0.913953 0.584456 0.577373
threshold=0.041649424323838009 -0.017557998492747081 0.31390967048457091 0.02177557968368771 -0.068576212012348703 0.0049913622652627563 -0.0019063560673281963
decision_type=8 2 10 2 2 2 2
left_child=1 -1 5 -4 -5 6 -2
right_child=2 -3 3 4 -6 -7 -8
leaf_value=-2.9204296114336712e-05 -6.2997482885592183e-05 0.00030394498648247991 -3.1993191193690779e-05 0.00026969032548982693 4.7198514142938088e-05 -0.00014263707431457095 0.00021592339053142816
leaf_weight=53 162 27 142 25 36 250 51
leaf_count=53 162 27 142 25 36 250 51
internal_value=-0.00044236 0.00375 -0.000945947 0.000911329 0.00565574 -0.00176026 0.000164318
internal_weight=746 80 666 203 61 463 213
internal_count=746 80 666 203 61 463 213
is_linear=0
shrinkage=0.05


Tree=12
num_leaves=8
num_cat=0
split_feature=9 11 2 2 16 0 3
split_gain=0.773286 0.634266 1.2549 0.714583 0.529101 0.506127 0.885074
threshold=0.12164803857797969 0.0053660058673883357 -0.0079069723203984959 -0.087729173590553475 0.036826810136926132 0.02177557968368771 0.018854792197113949
decision_type=8 2 2 2 2 2 2
left_child=1 2 3 -1 -3 -2 -7
right_child=5 4 -4 -5 -6 6 -8
leaf_value=0.00034948730998350425 -7.4929704259576912e-05 -0.00034945418053229096 0.00037738626708420909 -0.00034537635266897627 0.00014371420720930218 0.00025276441591689478 -0.00026074207245946823
leaf_weight=28 446 36 25 32 27 94 38
leaf_count=28 446 36 25 32 27 94 38
internal_value=-0.000454547 0.00277027 0.00558823 0.00166667 -0.00103175 -0.00128028 0.00143939
internal_weight=726 148 85 60 63 578 132
internal_count=726 148 85 60 63 578 132
is_linear=0
shrinkage=0.05


Tree=13
num_leaves=8
num_cat=0
split_feature=13 16 7 12 2 2 6
split_gain=0.811962 0.66746 1.14603 0.69297 0.575615 0.87848 0.5625
threshold=17.195000648498539 -0.029864869151533021 -0.072897798058934524 0.0037862010061723299 0.13825823844609234 0.078723390416389441 0.14134911577323434
decision_type=2 2 2 2 2 2 2
left_child=-1 2 -2 -3 5 -5 -6
right_child=1 3 -4 4 6 -7 -8
leaf_value=-6.5341012638194388e-05 -0.00010267001198452336 -6.5725199779314157e-05 0.00043760094942109433 4.5367377222291944e-05 -0.00052505143554455779 0.0003454122867651429 0.0001932368831864499
leaf_weight=427 28 127 35 29 32 32 32
leaf_count=427 28 127 35 29 32 32 32
internal_value=-0.000417791 0.00150794 0.00611111 0.000357142 0.003 0.00647541 -0.000312501
internal_weight=742 315 63 252 125 61 64
internal_count=742 315 63 252 125 61 64
is_linear=0
shrinkage=0.05


Tree=14
num_leaves=8
num_cat=0
split_feature=5 16 7 7 15 0 0
split_gain=0.536086 0.447693 0.80923 1.34444 0.695286 0.553131 0.873926
threshold=0.038866864175269626 0.0049913622652627563 -0.033021102685633623 -0.023514308513142509 0.01819515241669745 -0.014416215187140312 -0.0047143049551025542
decision_type=2 2 2 2 2 2 2
left_child=1 2 -1 -4 -3 -5 -7
right_child=-2 4 3 5 -6 6 -8
leaf_value=-0.00017189384800987698 0.00041696692817038924 -0.00011148421684859733 0.00030136466276642197 -0.00016500014152846972 0.00019450494029436754 0.00059360244932379468 7.8333188079935249e-05
leaf_weight=95 26 316 25 60 37 35 130
leaf_count=95 26 316 25 60 37 35 130
internal_value=-0.000511051 -0.00077364 0.000507245 0.002 -0.0020255 0.000777777 0.00227273
internal_weight=724 698 345 250 353 225 165
internal_count=724 698 345 250 353 225 165
is_linear=0
shrinkage=0.05


Tree=15
num_leaves=8
num_cat=0
split_feature=2 4 2 11 16 13 11
split_gain=0.788684 0.531353 0.641719 0.991347 1.96403 1.08643 0.36
threshold=-0.12890543796193252 0.028133922521694141 0.052394535062982202 0.011605230504387444 0.014926180038304484 19.295000076293949 -0.002084976205571742
decision_type=2 2 2 2 2 2 2
left_child=-1 -2 -3 4 5 6 -4
right_child=1 2 3 -5 -6 -7 -8
leaf_value=0.00067831505179200349 -0.00017120070117640303 -5.5747643342839281e-05 -0.00057803765527190954 -0.00016041182512601491 0.00033675394334874479 0.00046214955549048219 8.1806118971701207e-05
leaf_weight=27 121 304 36 115 25 40 64
leaf_count=27 121 304 36 115 25 40 64
internal_value=-0.000423498 -0.000744682 -0.000119864 0.00160714 0.00409091 0.00178571 -0.001
internal_weight=732 705 584 280 165 140 100
internal_count=732 705 584 280 165 140 100
is_linear=0
shrinkage=0.05


Tree=16
num_leaves=8
num_cat=0
split_feature=4 2 2 2 4 11 10
split_gain=0.648018 0.604933 1.0822 0.682304 0.675023 0.633316 0.919677
threshold=0.028597457706771166 0.076737697642814032 0.092492151450002127 -0.13293147563972926 0.04738247711313711 0.018473495823320477 0.0055649513085964672
decision_type=2 2 2 2 2 2 2
left_child=-1 3 -3 -2 5 6 -4
right_child=1 2 4 -5 -6 -7 -8
leaf_value=-8.3167443621760988e-05 0.00069988028039826196 0.00050671892245856317 7.1187105287785117e-05 -3.9183066776435788e-05 -0.00026751503405903534 -0.00017206500470164809 0.00032068793901396039
leaf_weight=136 25 27 98 348 38 45 34
leaf_count=136 25 27 98 348 38 45 34
internal_value=-0.000406126 0.000284552 0.0022314 -0.000978553 0.00104651 0.00234463 0.00409091
internal_weight=751 615 242 373 215 177 132
internal_count=751 615 242 373 215 177 132
is_linear=0
shrinkage=0.05


Tree=17
num_leaves=8
num_cat=0
split_feature=1 7 10 5 3 14 2
split_gain=0.617893 0.627013 0.718409 0.43342 0.658088 0.465987 0.897614
threshold=-0.087421413804753309 0.11798142735616703 0.0065847868037403065 0.031192440399071857 8.9510080124477489e-05 0.028971532531295811 0.076737697642814032
decision_type=2 2 2 2 2 2 2
left_child=-1 3 -3 5 -5 -2 -7
right_child=1 2 -4 4 -6 6 -8
leaf_value=0.00032970686179306766 -9.7796927346478169e-05 -1.1175629487250541e-05 0.00042104408868354795 -0.00053113718804303968 0.00037061298393627548 -2.8893049941611206e-05 0.00028619128841958795
leaf_weight=30 427 49 26 25 31 108 48
leaf_count=30 427 49 26 25 31 108 48
internal_value=-0.000362904 -0.000658264 0.00366667 -0.00116589 0.00303571 -0.00156947 0.00076923
internal_weight=744 714 75 639 56 583 156
internal_count=744 714 75 639 56 583 156
is_linear=0
shrinkage=0.05


Tree=18
num_leaves=8
num_cat=0
split_feature=4 2 6 8 11 2 6
split_gain=0.494877 0.508834 0.85201 1.32481 0.72 0.60868 0.486863
threshold=0.028597457706771166 0.076737697642814032 -0.15352904723873548 0.19410719796495293 0.0087352100413986573 -0.1243565140274374 -1.0146501005039805
decision_type=2 2 2 8 2 2 2
left_child=-1 5 6 4 -4 -2 -3
right_child=1 2 3 -5 -6 -7 -8
leaf_value=-8.4125307528364887e-05 0.00040514776696359009 0.00012080401790287918 0.0021689707511480614 1.0122941284543198e-05 0.00025926013431369106 -6.3856352808563377e-05 -0.00010425210795258738
leaf_weight=140 34 26 25 80 25 336 84
leaf_count=140 34 26 25 80 25 336 84
internal_value=-0.000533335 8.1966e-05 0.001875 0.00461538 0.011 -0.00108108 -0.00136364
internal_weight=750 610 240 130 50 370 110
internal_count=750 610 240 130 50 370 110
is_linear=0
shrinkage=0.05


Tree=19
num_leaves=8
num_cat=0
split_feature=2 9 13 2 8 8 8
split_gain=0.541038 0.398193 0.409805 0.486566 0.442945 1.26668 0.672615
threshold=-0.13293147563972926 0.69602967875390942 14.63499975204468 0.13825823844609234 0.099020474954939611 0.11606215443762315 0.049449538400819344
decision_type=2 10 2 2 8 10 10
left_child=-1 2 -2 4 6 -6 -4
right_child=1 -3 3 -5 5 -7 -8
leaf_value=0.00059938039006990893 -0.0001467046253573041 0.0001405769658406348 4.8481398108405129e-06 -9.336212489373555e-05 0.00039119272422721434 -1.5092203316618109e-05 -0.0001650412037957797
leaf_weight=26 154 46 266 102 25 56 66
leaf_count=26 154 46 266 102 25 56 66
internal_value=-0.00054656 -0.000804197 -0.0011136 -0.000436894 0.000326875 0.00364197 -0.000481929
internal_weight=741 715 669 515 413 81 332
internal_count=741 715 669 515 413 81 332
is_linear=0
shrinkage=0.05


Tree=20
num_leaves=8
num_cat=0
split_feature=2 5 9 13 1 9 5
split_gain=0.648613 0.719419 1.86092 0.841778 0.648195 0.483195 0.668435
threshold=-0.1243565140274374 0.023793002506613075 0.4332746534455138 14.920000076293947 0.076118686892901591 0.27100293898306399 0.015152012875517781
decision_type=2 2 10 2 2 8 2
left_child=-1 2 3 -2 5 6 -5
right_child=1 -3 -4 4 -6 -7 -8
leaf_value=0.00045763128553677636 -0.00014130106867423612 -0.00020513165087937362 0.00023638798303887186 7.3680620302771278e-05 0.00020918337446336564 -9.059500109524783e-05 2.1609956544813466e-06
leaf_weight=30 111 222 48 25 39 127 137
leaf_count=30 111 222 48 25 39 127 137
internal_value=-0.000534507 -0.000839211 0.000236138 -0.000785878 0.000487804 -0.000328721 0.00148148
internal_weight=739 709 487 439 328 289 162
internal_count=739 709 487 439 328 289 162
is_linear=0
shrinkage=0.05


end of trees

feature_importances:
ret_20d=19
dist_ma200=19
spy_ret_5d=13
spy_ret_20d=12
parkinson_20=11
dvol_z_20=9
dist_ma20=9
sector_ret_5d=8
overnight_gap=7
vix_level=7
atr_pct=6
ret_1d=5
ret_5d=5
dist_ma50=5
spy_ret_1d=5
vix_chg_1d=4
sector_ret_1d=3

parameters:
[boosting: gbdt]
[objective: quantile]
[metric: quantile]
[tree_learner: serial]
[device_type: cpu]
[data_sample_strategy: bagging]
[data: ]
[valid: ]
[num_iterations: 80]
[learning_rate: 0.05]
[num_leaves: 8]
[num_threads: 1]
[seed: 0]
[deterministic: 0]
[force_col_wise: 1]
[force_row_wise: 0]
[histogram_pool_size: -1]
[max_depth: -1]
[min_data_in_leaf: 25]
[min_sum_hessian_in_leaf: 0.001]
[bagging_fraction: 0.9]
[pos_bagging_fraction: 1]
[neg_bagging_fraction: 1]
[bagging_freq: 1]
[bagging_seed: 3]
[bagging_by_query: 0]
[feature_fraction: 0.9]
[feature_fraction_bynode: 1]
[feature_fraction_seed: 2]
[extra_trees: 0]
[extra_seed: 6]
[early_stopping_round: 0]
[early_stopping_min_delta: 0]
[first_metric_only: 0]
[max_delta_step: 0]
[lambda_l1: 0]
[lambda_l2: 0]
[linear_lambda: 0]
[min_gain_to_split: 0]
[drop_rate: 0.1]
[max_drop: 50]
[skip_drop: 0.5]
[xgboost_dart_mode: 0]
[uniform_drop: 0]
[drop_seed: 4]
[top_rate: 0.2]
[other_rate: 0.1]
[min_data_per_group: 100]
[max_cat_threshold: 32]
[cat_l2: 10]
[cat_smooth: 10]
[max_cat_to_onehot: 4]
[top_k: 20]
[monotone_constraints: ]
[monotone_constraints_method: basic]
[monotone_penalty: 0]
[feature_contri: ]
[forcedsplits_filename: ]
[refit_decay_rate: 0.9]
[cegb_tradeoff: 1]
[cegb_penalty_split: 0]
[cegb_penalty_feature_lazy: ]
[cegb_penalty_feature_coupled: ]
[path_smooth: 0]
[interaction_constraints: ]
[verbosity: -1]
[saved_feature_importance_type: 0]
[use_quantized_grad: 0]
[num_grad_quant_bins: 4]
[quant_train_renew_leaf: 0]
[stochastic_rounding: 1]
[linear_tree: 0]
[max_bin: 255]
[max_bin_by_feature: ]
[min_data_in_bin: 3]
[bin_construct_sample_cnt: 200000]
[data_random_seed: 1]
[is_enable_sparse: 1]
[enable_bundle: 1]
[use_missing: 1]
[zero_as_missing: 0]
[feature_pre_filter: 1]
[pre_partition: 0]
[two_round: 0]
[header: 0]
[label_column: ]
[weight_column: ]
[group_column: ]
[ignore_column: ]
[categorical_feature: ]
[forcedbins_filename: ]
[precise_float_parser: 0]
[parser_config_file: ]
[objective_seed: 5]
[num_class: 1]
[is_unbalance: 0]
[scale_pos_weight: 1]
[sigmoid: 1]
[boost_from_average: 1]
[reg_sqrt: 0]
[alpha: 0.9]
[fair_c: 1]
[poisson_max_delta_step: 0.7]
[tweedie_variance_power: 1.5]
[lambdarank_truncation_level: 30]
[lambdarank_norm: 1]
[label_gain: ]
[lambdarank_position_bias_regularization: 0]
[eval_at: ]
[multi_error_top_k: 1]
[auc_mu_weights: ]
[num_machines: 1]
[local_listen_port: 12400]
[time_out: 120]
[machine_list_filename: ]
[machines: ]
[gpu_platform_id: -1]
[gpu_device_id: -1]
[gpu_device_id_list: ]
[gpu_use_dp: 0]
[num_gpu: 1]

end of parameters

pandas_categorical:[]
