tree
version=v4
num_class=1
num_tree_per_iteration=1
label_index=0
max_feature_idx=16
objective=quantile
feature_names=ret_1d ret_5d ret_20d overnight_gap atr_pct parkinson_20 dvol_z_20 dist_ma20 dist_ma50 dist_ma200 spy_ret_1d spy_ret_5d spy_ret_20d vix_level vix_chg_1d sector_ret_1d sector_ret_5d
feature_infos=[-0.037564080103652975:0.061071449540553102] [-0.064981383076099797:0.10221856746159808] [-0.10003970195104561:0.14041224180757772] [-0.029189156197212851:0.066260574153047536] [0.010553472453201871:0.037319471857615527] [0.0067503273964800532:0.022250389285566323] [-2.2830966019328343:3.9397979444512847] [-0.07112510740850464:0.075383300101363515] [-0.077194676940492868:0.10838702431476999] [-0.036891160646886134:0.20650530961173907] [-0.058542971330535654:0.10501930183911301] [-0.11496151859245618:0.082843162776128354] [-0.1226559005192206:0.15756591020035837] [11.859999656677246:52.330001831054688] [-0.35753873962348437:0.74039073966007019] [-0.060400368534546778:0.10888055657805773] [-0.11617886647053255:0.1006018727753657]
tree_sizes=818 865 865 863 860 860 854 858 860 865 870 857 860 864 869 866 869 851 862 864 867 873 860 860 870 861 853 867 864 866 875 865 859 866 870 872 869 862 866 862 860 867 860 865 875 862 876 865 859 870 857 873 867 859 859 866 872 858 863 857 869 881 875 866 871 868 868 871 866

Tree=0
num_leaves=8
num_cat=0
split_feature=13 6 8 16 7 12 5
split_gain=2.77804 1.42904 0.926258 1.46162 0.818517 0.933344 0.80456
threshold=25.319999694824222 1.5701067064365486 0.0016554654168999818 0.02187563201435894 -0.014114972206058061 0.0062346359643689073 0.0095147878298327184
decision_type=2 2 8 2 2 2 2
left_child=1 2 3 4 -1 -6 -3
right_child=-2 6 -4 -5 5 -7 -8
leaf_value=0.018190721394568454 0.018853639830951441 0.018296251870139457 0.018145945953635327 0.018605203675165251 0.01875032985988535 0.018201994800170439 0.018772158744024305
leaf_weight=87 30 33 466 25 28 45 32
leaf_count=87 30 33 466 25 28 45 32
internal_value=0.0183991 0.0177745 0.0170687 0.020062 0.0183052 0.0222093 0.0248437
internal_weight=746 716 651 185 160 73 65
internal_count=746 716 651 185 160 73 65
is_linear=0
shrinkage=1


Tree=1
num_leaves=8
num_cat=0
split_feature=13 8 5 10 0 5 3
split_gain=3.38405 1.13492 0.926588 0.940452 1.02418 0.876152 0.864711
threshold=25.319999694824222 0.042611217033769251 0.011055500691966159 -0.00025978449841479451 -0.0043199443781870009 0.011610844754726091 0.00025441061216280319
decision_type=2 8 2 2 2 2 2
left_child=1 2 3 4 -1 -4 -6
right_child=-2 -3 5 -5 6 -7 -8
leaf_value=-0.00013168516753590543 0.00049937674459902875 -0.00020790907247802103 0.00028821401321150293 -0.00015379809544040744 0.00030234308151843897 0.00020478933736856584 2.2841181304036316e-05
leaf_weight=82 34 214 33 220 34 73 43
leaf_count=82 34 214 33 220 34 73 43
internal_value=0.000184173 -0.000565094 0.000773195 -0.000382587 0.00254717 0.00490566 0.00668831
internal_weight=733 699 485 379 159 106 77
internal_count=733 699 485 379 159 106 77
is_linear=0
shrinkage=0.05


Tree=2
num_leaves=8
num_cat=0
split_feature=11 7 14 8 6 14 12
split_gain=1.71136 1.22261 0.831223 0.681815 0.739424 0.623525 0.515085
threshold=-0.023324981642921735 -0.012486875521931782 -0.10344834121785244 0.042611217033769251 0.36712500134834547 0.038811658900465458 0.0020578484903100995
decision_type=2 2 2 8 2 2 2
left_child=1 -1 -2 4 -4 6 -6
right_child=2 -3 3 -5 5 -7 -8
leaf_value=5.2012543223629644e-06 0.00030096459614838394 0.00042240265131904915 -6.9521446646841908e-05 -0.00016206885568632314 0.00028306848519343771 0.00051362899836574296 -0.00013655491678405863
leaf_weight=31 34 26 311 212 25 37 69
leaf_count=31 34 26 311 212 25 37 69
internal_value=-0.000167786 0.00815789 -0.000857559 -0.00125382 -0.000135748 0.00301527 0.000851063
internal_weight=745 57 688 654 442 131 94
internal_count=745 57 688 654 442 131 94
is_linear=0
shrinkage=0.05


Tree=3
num_leaves=8
num_cat=0
split_feature=11 7 14 9 6 10 13
split_gain=2.02208 1.43406 0.708056 0.583438 0.615834 1.20975 0.540833
threshold=-0.023324981642921735 -0.012486875521931782 -0.10344834121785244 0.097618264586261452 0.38293384266256858 -0.00025978449841479451 20.375000000000004
decision_type=2 2 2 8 2 2 2
left_child=1 -1 -2 4 6 -6 -4
right_child=2 -3 3 -5 5 -7 -8
leaf_value=-2.2229495551126128e-05 0.00030310188704611263 0.00088667333172552122 -0.00012357243650304748 -0.00012964400719957337 0.00041258151447943857 -2.9053230003776236e-05 0.00039223010431735253
leaf_weight=28 31 31 132 400 29 47 39
leaf_count=28 31 31 132 400 29 47 39
internal_value=-0.000318861 0.00855932 -0.00109145 -0.00144513 0.000465586 0.00421053 -0.00119883
internal_weight=737 59 678 647 247 76 171
internal_count=737 59 678 647 247 76 171
is_linear=0
shrinkage=0.05


Tree=4
num_leaves=8
num_cat=0
split_feature=4 6 3 3 6 14 12
split_gain=1.11043 2.54697 0.614794 0.42166 0.536443 0.920147 0.814378
threshold=0.018701605613345315 1.0552433321770283 -0.0029215720825399578 0.0075282427460432464 0.31958649999529426 0.017796206966189224 0.018878621288125678
decision_type=2 2 2 2 2 2 2
left_child=3 2 -2 4 -1 -6 -7
right_child=1 -3 -4 -5 5 6 -8
leaf_value=-0.00012983865677558085 0.00014953531979088939 0.00048982176344760763 -0.00011088424872713618 3.3451327629947202e-05 -0.000119459384890597 0.00084233969836165583 -6.7178808099066517e-05
leaf_weight=401 40 31 82 26 107 31 25
leaf_count=401 40 31 82 26 107 31 25
internal_value=-0.000625842 0.00316993 -8.19684e-05 -0.00161017 -0.00189716 0.000521471 0.00571428
internal_weight=743 153 122 590 564 163 56
internal_count=743 153 122 590 564 163 56
is_linear=0
shrinkage=0.05


Tree=5
num_leaves=8
num_cat=0
split_feature=12 6 7 1 5 9 11
split_gain=2.18364 2.40164 0.827341 1.49268 0.887997 0.541726 1.10107
threshold=0.0033715039290467268 1.3305001385614355 -0.014114972206058061 -0.0024384686056867495 0.011165252340968681 0.097618264586261452 -0.0041436814843686101
decision_type=2 2 2 2 2 10 2
left_child=1 2 -1 -4 -5 6 -2
right_child=5 -3 3 4 -6 -7 -8
leaf_value=-0.00012534517988583069 0.00029083194087315285 0.00098593118167803438 0.0003946050016259334 -0.00017449596447638901 0.00023194258677788757 -0.00022217486103599275 -0.0001124775349148062
leaf_weight=63 47 32 32 53 49 216 240
leaf_count=63 47 32 32 53 49 216 240
internal_value=0.00012295 0.0041703 0.0021066 0.00432836 0.00137255 -0.00171968 -0.000296168
internal_weight=732 229 197 134 102 503 287
internal_count=732 229 197 134 102 503 287
is_linear=0
shrinkage=0.05


Tree=6
num_leaves=8
num_cat=0
split_feature=6 14 8 16 7 2 3
split_gain=1.66545 1.78093 0.779406 1.35624 0.839446 0.529412 0.464454
threshold=1.5701067064365486 0.009860755526874045 0.0016554654168999818 0.02187563201435894 -0.014114972206058061 -0.011391150467734422 -0.0029215720825399578
decision_type=2 2 8 2 2 2 2
left_child=2 -2 3 4 -1 -6 -4
right_child=1 -3 6 -5 5 -7 -8
leaf_value=-0.00010878129374523486 2.9568114438277528e-05 0.001047939675297522 3.9045657750433881e-05 0.00025376360779124567 0.00032283006941353446 -2.7351124637184785e-05 -0.0001332827130495701
leaf_weight=96 46 28 99 27 34 34 380
leaf_count=96 46 28 99 27 34 34 380
internal_value=-0.000631722 0.00648649 -0.00141791 0.00128272 -0.00042683 0.00382353 -0.00249478
internal_weight=744 74 670 191 164 68 479
internal_count=744 74 670 191 164 68 479
is_linear=0
shrinkage=0.05


Tree=7
num_leaves=8
num_cat=0
split_feature=4 6 3 8 7 2 8
split_gain=1.54238 2.44384 0.771571 0.645123 1.06153 0.801674 1.15703
threshold=0.018817771219354917 1.0552433321770283 -0.0029215720825399578 0.007411939419503911 -0.019788816385483906 0.0030008733068352948 -0.0036002029178377466
decision_type=2 2 2 8 2 2 10
left_child=3 2 -2 4 -1 6 -6
right_child=1 -3 -4 -5 5 -7 -8
leaf_value=-0.00018321413780805586 0.0001940309571349075 0.0006417312014273598 -8.7097735919231298e-05 -0.00013917331913916665 5.9261796102053394e-05 -2.2840407000030363e-05 0.00026229844778555104
leaf_weight=57 39 30 83 403 62 41 25
leaf_count=57 39 30 83 403 62 41 25
internal_value=-0.000608109 0.00388158 0.000737704 -0.00176871 0.000675674 0.00320312 0.00591954
internal_weight=740 152 122 588 185 128 87
internal_count=740 152 122 588 185 128 87
is_linear=0
shrinkage=0.05


Tree=8
num_leaves=8
num_cat=0
split_feature=12 6 6 11 2 11 9
split_gain=1.39614 2.30899 0.794066 1.66408 0.439784 0.374027 0.812367
threshold=-0.0016966552105460717 1.3305001385614355 -0.14097098892458815 0.0019507060207528684 -0.041494276219484198 0.003813504719322514 0.10079622575984805
decision_type=2 2 2 2 2 2 8
left_child=1 2 4 -4 -1 6 -2
right_child=5 -3 3 -5 -6 -7 -8
leaf_value=7.804647113393764e-05 0.00021132248527268034 0.00099078781481569595 -0.00012233233763981078 0.00037304646922189943 -0.0001028427272746568 -0.00012993511793431791 -7.2503861913961922e-05
leaf_weight=28 78 28 40 28 87 336 136
leaf_count=28 78 28 40 28 87 336 136
internal_value=-0.00040079 0.00305687 0.00101093 0.00529412 -0.00152174 -0.00172727 -9.34591e-05
internal_weight=761 211 183 68 115 550 214
internal_count=761 211 183 68 115 550 214
is_linear=0
shrinkage=0.05


Tree=9
num_leaves=8
num_cat=0
split_feature=13 8 5 3 4 10 8
split_gain=1.51667 0.892101 0.94519 0.838439 1.16184 0.591302 0.773327
threshold=25.319999694824222 0.042611217033769251 0.011055500691966159 0.0032620671498618807 0.020930768624127034 -0.0028933762148355964 -0.008637136088322726
decision_type=2 8 2 2 2 2 10
left_child=1 2 5 4 -4 6 -1
right_child=-2 -3 3 -5 -6 -7 -8
leaf_value=-0.00015457386415229367 0.00036720429376310406 -0.00013876792336929651 0.00038409879743686473 -3.2046137365317422e-05 -0.00011965092512759796 -6.8289021318615055e-05 0.00021529529639714023
leaf_weight=27 33 223 46 33 25 269 82
leaf_count=27 33 223 46 33 25 269 82
internal_value=-0.000325204 -0.000815604 0.00039419 0.00461538 0.00767606 -0.000767197 0.00233945
internal_weight=738 705 482 104 71 378 109
internal_count=738 705 482 104 71 378 109
is_linear=0
shrinkage=0.05


Tree=10
num_leaves=8
num_cat=0
split_feature=12 8 5 4 3 1 1
split_gain=1.30185 0.775524 0.814498 0.853428 0.747149 0.652938 0.927285
threshold=-0.050232690438178178 0.042611217033769251 0.011055500691966159 0.019938645705243934 0.00090797467274694743 -0.013874983440415376 -0.0024384686056867495
decision_type=2 8 2 2 2 2 2
left_child=-1 2 5 4 -4 -2 -7
right_child=1 -3 3 -5 -6 6 -8
leaf_value=0.00043216492571922596 -9.1548910363505064e-05 -0.00013143227183762778 0.00027168690817782004 -2.9580964530301086e-05 0.00021001440894274109 0.00030310335667458466 -5.4440510855503604e-05
leaf_weight=36 92 229 29 47 27 88 200
leaf_count=36 92 229 29 47 27 88 200
internal_value=-0.000387702 -0.000856743 0.000279502 0.0042233 0.00839286 -0.000789475 0.000381943
internal_weight=748 712 483 103 56 380 288
internal_count=748 712 483 103 56 380 288
is_linear=0
shrinkage=0.05


Tree=11
num_leaves=8
num_cat=0
split_feature=5 0 14 14 0 9 9
split_gain=1.3961 1.05724 0.634946 0.654978 0.633883 0.511791 0.45
threshold=0.01144213997023071 -0.010828182421496633 -0.096084571305829466 0.037142264963949019 -0.00066710082584608965 0.043966559739794027 0.0067387629793721491
decision_type=2 2 2 2 2 10 10
left_child=2 -2 -1 -4 6 -3 -5
right_child=1 5 3 4 -6 -7 -8
leaf_value=0.000138984656278412 0.00048805045464622878 0.00026639709424724323 -9.459481252888636e-05 4.8382458112312135e-05 0.00019319227678689607 -3.3812736675466276e-05 -0.00019982604640141795
leaf_weight=29 25 28 440 28 41 85 70
leaf_count=29 25 28 440 28 41 85 70
internal_value=-0.000844505 0.00369565 -0.001875 -0.00223662 0.000755394 0.00163717 -0.00142857
internal_weight=746 138 608 579 139 113 98
internal_count=746 138 608 579 139 113 98
is_linear=0
shrinkage=0.05


Tree=12
num_leaves=8
num_cat=0
split_feature=8 5 13 10 6 6 4
split_gain=0.748951 0.999854 0.970756 0.785612 0.921327 0.424126 0.639989
threshold=0.042611217033769251 0.010036868903517389 16.32499980926514 -0.0028637132037917508 0.31958649999529426 1.0552433321770283 0.019722611615127696
decision_type=8 2 2 2 2 2 2
left_child=1 3 -3 4 -1 6 -4
right_child=-2 2 5 -5 -6 -7 -8
leaf_value=-1.2128014424746177e-05 -0.0001267997921452213 0.00023386090958340099 0.00019726326371540025 -0.00011057090356735603 0.00047055405615389174 0.00032942808765540907 -0.0001261384003972954
leaf_weight=68 219 30 47 233 42 29 58
leaf_count=68 219 30 47 233 42 29 58
internal_value=-0.000730029 0.000325443 0.00353658 -0.00120991 0.00227273 0.00171642 0.000238094
internal_weight=726 507 164 343 110 134 105
internal_count=726 507 164 343 110 134 105
is_linear=0
shrinkage=0.05


Tree=13
num_leaves=8
num_cat=0
split_feature=5 2 2 0 15 14 2
split_gain=0.944653 0.859524 0.533333 0.509381 0.752686 0.574473 0.345582
threshold=0.01144213997023071 0.05100611077153961 0.0049301989559514823 0.011334593718289378 0.0038197831827215816 -0.077913276979976895 0.017540180509431961
decision_type=2 2 2 2 2 2 2
left_child=3 2 -2 5 -5 -1 -7
right_child=1 -3 -4 4 -6 6 -8
leaf_value=7.0167711029409891e-05 0.0002499971316582208 -3.5996525836433606e-05 0.00032085411264693949 0.00019060110737663838 -0.00018822424653876813 -1.3696260515244785e-05 -0.00013679598590449833
leaf_weight=31 56 35 49 29 53 254 235
leaf_count=31 56 35 49 29 53 254 235
internal_value=-0.000485176 0.00321428 0.00547619 -0.00134552 0.00231707 -0.00192308 -0.00234151
internal_weight=742 140 105 602 82 520 489
internal_count=742 140 105 602 82 520 489
is_linear=0
shrinkage=0.05


Tree=14
num_leaves=8
num_cat=0
split_feature=8 5 0 7 12 1 2
split_gain=0.671852 0.836909 0.625041 0.502367 0.968922 1.67215 0.445286
threshold=0.042611217033769251 0.011055500691966159 -0.011471285266822005 -0.019788816385483906 -0.0045413562786246189 -0.0022588231521599163 -0.0030277021066380523
decision_type=8 2 2 2 2 2 2
left_child=1 3 -3 -1 5 -5 -4
right_child=-2 2 6 4 -6 -7 -8
leaf_value=-0.00014313634184554428 -0.00011714069550182476 0.00044633581303307724 -5.7373073349793661e-05 0.00064527400065708218 -3.6912948436395008e-05 -0.00013749692187343609 0.000218479823148335
leaf_weight=60 220 25 44 28 260 33 54
leaf_count=60 220 25 44 28 260 33 54
internal_value=-0.000649172 0.000357142 0.00394309 -0.000800526 -1.55775e-05 0.00565574 0.00214286
internal_weight=724 504 123 381 321 61 98
internal_count=724 504 123 381 321 61 98
is_linear=0
shrinkage=0.05


Tree=15
num_leaves=8
num_cat=0
split_feature=13 5 8 7 7 11 3
split_gain=0.815605 0.438711 0.414645 0.509162 1.20065 0.648766 0.834171
threshold=25.319999694824222 0.0081723523250418241 0.066079260986611668 0.024690351997624708 0.029053013013860655 0.021590279744903355 -0.00025549133813784758
decision_type=2 2 8 2 2 2 2
left_child=1 -1 3 5 -5 -3 -7
right_child=-2 2 -4 4 -6 6 -8
leaf_value=-0.0001885744571027472 0.00030646584621256911 -4.6811612072285348e-05 -0.00011332011135101645 0.00022682126984760001 -4.6334019888128559e-05 -0.00010579821497612426 0.00014621163013987833
leaf_weight=81 33 363 82 35 77 25 36
leaf_count=81 33 363 82 35 77 25 36
internal_value=-0.00056011 -0.000922748 -0.000469257 3.73122e-05 0.00303571 -0.000754718 0.00401639
internal_weight=732 699 618 536 112 424 61
internal_count=732 699 618 536 112 424 61
is_linear=0
shrinkage=0.05


Tree=16
num_leaves=8
num_cat=0
split_feature=12 6 8 11 14 3 11
split_gain=0.809944 0.97254 0.693323 1.04607 0.472159 0.392054 0.257926
threshold=-0.0045413562786246189 1.314714583815934 0.018742129154061152 0.0044457003054257935 -0.093449770795740669 -0.0011512211248945745 -0.0026748013830267254
decision_type=2 2 8 2 2 2 2
left_child=1 2 3 5 -2 -1 -6
right_child=4 -3 -4 -5 6 -7 -8
leaf_value=0.0001023370535761702 0.00018062350402532978 0.00092536477527295014 -8.0835866763513605e-05 0.00026599632688681027 -2.2909193818834607e-06 -0.00011064831221642311 -0.00013603749259006426
leaf_weight=33 26 25 56 28 114 49 420
leaf_count=33 26 25 56 28 114 49 420
internal_value=-0.00100533 0.00180628 0.000421686 0.00272727 -0.00196429 -0.000121952 -0.00228465
internal_weight=751 191 166 110 560 82 534
internal_count=751 191 166 110 560 82 534
is_linear=0
shrinkage=0.05


Tree=17
num_leaves=8
num_cat=0
split_feature=5 2 4 6 6 7 9
split_gain=0.848288 0.75546 0.76125 1.22506 0.697477 0.561248 0.996395
threshold=0.011362579473613021 0.05100611077153961 0.019938645705243934 -0.33610243196005657 0.31958649999529426 -0.013828948988591048 0.10079622575984805
decision_type=2 2 2 2 2 2 8
left_child=4 2 3 -2 -1 -6 -7
right_child=1 -3 -4 -5 5 6 -8
leaf_value=-8.9665281637805094e-05 0.00032232762698202074 -9.007619715407518e-05 0.00027358589157812672 0.0001616159085900178 -0.00012989458436127679 0.00023606041168615084 -4.0648235871524983e-05
leaf_weight=406 25 37 61 29 33 56 97
leaf_count=406 25 37 61 29 33 56 97
internal_value=-0.00076613 0.00256579 0.00456522 0.00888889 -0.00162162 0.000913977 0.00218954
internal_weight=744 152 115 54 592 186 153
internal_count=744 152 115 54 592 186 153
is_linear=0
shrinkage=0.05


Tree=18
num_leaves=8
num_cat=0
split_feature=1 13 13 16 12 9 15
split_gain=0.596807 1.11451 0.691182 0.919221 0.63262 0.897255 0.845691
threshold=-0.023746981493636906 18.974999427795414 16.579999923706058 0.037976203474273891 0.019574400022136732 0.0318830564537338 0.0085387432756057775
decision_type=2 2 2 2 2 10 2
left_child=-1 2 3 -2 5 -3 -7
right_child=1 4 -4 -5 -6 6 -8
leaf_value=-6.6446698453520938e-05 -4.0722344644983336e-05 0.00046605106999833491 -9.4371652752125296e-05 0.00010253406254038607 -0.00017039027251245406 -1.5782404570462993e-05 0.00020555351223294039
leaf_weight=85 313 27 163 35 35 67 25
leaf_count=85 313 27 163 35 35 67 25
internal_value=-0.000466668 3.75928e-05 -0.00108611 0.000172413 0.00376623 0.0055042 0.00315217
internal_weight=750 665 511 348 154 119 92
internal_count=750 665 511 348 154 119 92
is_linear=0
shrinkage=0.05


Tree=19
num_leaves=8
num_cat=0
split_feature=12 14 14 14 16 8 9
split_gain=0.795397 0.64269 0.58476 0.610268 0.948496 0.66343 0.660754
threshold=-0.050232690438178178 -0.096084571305829466 0.035942894407802857 0.12708615320093045 -0.01831002322828856 0.03192473225888038 0.087655024019740804
decision_type=2 2 2 2 2 8 10
left_child=-1 -2 -3 4 -4 6 -6
right_child=1 2 3 -5 5 -7 -8
leaf_value=0.00031715036234882595 0.00015083603752703858 -5.1440987255738819e-05 0.00032806569875216859 -0.00016115645499460257 -8.9453325112476896e-05 -0.00019016422257639898 0.00019499679399666845
leaf_weight=39 38 501 28 30 25 54 26
leaf_count=39 38 501 28 30 25 54 26
internal_value=-0.000411607 -0.000797722 -0.00115964 0.00144172 0.00289474 0.000714285 0.00480392
internal_weight=741 702 664 163 133 105 51
internal_count=741 702 664 163 133 105 51
is_linear=0
shrinkage=0.05


Tree=20
num_leaves=8
num_cat=0
split_feature=13 14 16 3 11 2 9
split_gain=0.702277 0.424368 0.347977 0.633557 0.471861 0.563063 0.477496
threshold=25.319999694824222 -0.11544121967691799 0.036344459611069919 0.00010263873372173828 0.0069842899086436381 0.071755233067940197 0.097618264586261452
decision_type=2 2 2 2 2 2 8
left_child=1 -1 4 -4 5 6 -3
right_child=-2 2 3 -5 -6 -7 -8
leaf_value=8.389176378881472e-05 0.00027972281102197537 5.9687564433795255e-05 -6.1848865558014485e-05 8.0256631016861415e-05 -0.00012799649206147242 0.00014048879986611911 -8.1410747690227841e-05
leaf_weight=25 31 136 31 35 257 27 197
leaf_count=25 31 136 31 35 257 27 197
internal_value=-0.00107578 -0.00139831 -0.0016325 0.00181818 -0.00200162 -0.000833335 -0.0013964
internal_weight=739 708 683 66 617 360 333
internal_count=739 708 683 66 617 360 333
is_linear=0
shrinkage=0.05


Tree=21
num_leaves=8
num_cat=0
split_feature=12 14 2 7 1 12 11
split_gain=0.748644 0.658908 0.430246 0.951472 0.787654 1.54287 0.447484
threshold=-0.050232690438178178 -0.096084571305829466 0.017540180509431961 -0.014114972206058061 -0.0028759723080150064 0.012058033695657168 0.021590279744903355
decision_type=2 2 2 2 2 2 2
left_child=-1 -2 3 -3 5 -5 -6
right_child=1 2 -4 4 6 -7 -8
leaf_value=0.00033704791577948939 0.00013229399477370676 -0.00012121403515060286 -7.8291647845690505e-05 0.00053068507902757824 -7.9127769482929242e-05 -1.3725645711206702e-05 0.00011171993742809882
leaf_weight=35 39 108 329 31 125 49 30
leaf_count=35 39 108 329 31 125 49 30
internal_value=-0.000710457 -0.00106189 -0.00142857 -0.000189506 0.00159574 0.005625 -0.000483872
internal_weight=746 711 672 343 235 80 155
internal_count=746 711 672 343 235 80 155
is_linear=0
shrinkage=0.05


Tree=22
num_leaves=8
num_cat=0
split_feature=11 16 5 2 4 9 1
split_gain=0.606321 0.714088 0.63244 0.741477 0.872884 0.382285 0.477694
threshold=0.027231962502118127 0.047297657462847982 0.011362579473613021 0.05100611077153961 0.019722611615127696 0.14746257371633578 -0.014959657178581163
decision_type=2 2 2 2 2 8 2
left_child=2 -2 5 4 -4 6 -1
right_child=1 -3 3 -5 -6 -7 -8
leaf_value=-9.7046422809852456e-05 0.00018179419822384884 -4.782813203052939e-05 0.00019150736561205267 -7.4190423769918156e-05 -7.6728098491034475e-05 -6.8737375239755164e-05 -4.7799402617793753e-07
leaf_weight=78 37 31 46 29 53 190 276
leaf_count=78 37 31 46 29 53 190 276
internal_value=-0.000675677 0.00382353 -0.00113095 0.00203125 0.00409091 -0.001875 -0.000903956
internal_weight=740 68 672 128 99 544 354
internal_count=740 68 672 128 99 544 354
is_linear=0
shrinkage=0.05


Tree=23
num_leaves=8
num_cat=0
split_feature=5 2 9 11 14 9 2
split_gain=0.626626 0.836037 0.595768 0.647383 0.578893 0.580645 0.424495
threshold=0.01144213997023071 0.049247143655544397 0.14746257371633578 0.027231962502118127 -0.026973540467474796 0.088082549740381003 0.067148046437859557
decision_type=2 2 8 2 2 8 2
left_child=2 4 3 6 -2 -6 -1
right_child=1 -3 -4 -5 5 -7 -8
leaf_value=-4.8272504020812629e-05 -0.00010827640068445456 -7.7753465256004728e-05 -5.9570181032309234e-05 9.9987761483579212e-05 0.00037157283766150258 6.418427420327278e-05 0.00023231224675527857
leaf_weight=330 39 39 212 35 31 31 30
leaf_count=330 39 39 212 35 31 31 30
internal_value=-0.000515396 0.0025 -0.00121087 -6.32923e-05 0.00490099 0.00790322 -0.000694446
internal_weight=747 140 607 395 101 62 360
internal_count=747 140 607 395 101 62 360
is_linear=0
shrinkage=0.05


Tree=24
num_leaves=8
num_cat=0
split_feature=8 5 4 1 1 0 10
split_gain=0.742923 0.805306 0.856549 0.608042 0.955263 2.00009 0.77241
threshold=0.042611217033769251 0.011021001757926025 0.020930768624127034 -0.013874983440415376 -0.0076174458454865692 -0.0021756275526895737 -0.00084886719909504904
decision_type=8 2 2 2 2 2 2
left_child=1 3 -3 -1 5 -5 -6
right_child=-2 2 -4 4 6 -7 -8
leaf_value=-8.9302903755521734e-05 -8.8040435653965611e-05 0.00016807034842157567 -3.1945001062788536e-05 -0.00019813886713138516 0.00015774492596017223 0.00041893310047295523 -0.00014882642784559
leaf_weight=97 228 89 45 32 80 25 148
leaf_count=97 228 89 45 32 80 25 148
internal_value=-0.000430109 0.000620154 0.00395522 -0.000549739 0.000614034 0.00640351 -0.000833335
internal_weight=744 516 134 382 285 57 228
internal_count=744 516 134 382 285 57 228
is_linear=0
shrinkage=0.05


Tree=25
num_leaves=8
num_cat=0
split_feature=5 2 6 1 14 9 14
split_gain=0.796763 0.866165 0.635696 0.705746 0.697264 0.571818 0.510425
threshold=0.011362579473613021 0.05100611077153961 0.31958649999529426 -0.013874983440415376 0.037142264963949019 0.13396348018725404 -0.01759756320211869
decision_type=2 2 2 2 2 8 2
left_child=2 -2 -1 -4 5 6 -5
right_child=1 -3 3 4 -6 -7 -8
leaf_value=-6.144123902330146e-05 0.00020787464964607406 -7.3039742447213291e-05 -0.00012641599251437291 0.00020592055713229056 0.00047097359910393781 -9.9282221145840182e-05 -9.1215157423516185e-05
leaf_weight=401 112 40 41 38 43 35 40
leaf_count=401 112 40 41 38 43 35 40
internal_value=-0.000666668 0.00256579 -0.0014883 0.000837562 0.00237179 0.000309733 0.00269231
internal_weight=750 152 598 197 156 113 78
internal_count=750 152 598 197 156 113 78
is_linear=0
shrinkage=0.05


Tree=26
num_leaves=8
num_cat=0
split_feature=5 8 2 4 14 2 3
split_gain=0.943942 0.556037 0.960317 0.5 0.395333 0.411133 0.465926
threshold=0.011314949788369248 0.029214188026480795 0.012858115235731995 0.019938645705243934 0.10157519013318318 0.08585433466804783 -0.0012149978409551896
decision_type=2 10 2 2 2 2 2
left_child=4 2 3 -2 5 6 -1
right_child=1 -3 -4 -5 -6 -7 -8
leaf_value=-0.00015227444234684978 0.0001476228761750349 -8.0444443063006183e-05 0.00035842292038982962 -0.00016821296815599065 2.0043067767185548e-05 7.8653141911265393e-05 -1.1312850170283573e-05
leaf_weight=148 36 54 28 36 44 28 369
leaf_count=148 36 54 28 36 44 28 369
internal_value=-0.000693137 0.00279221 0.005 0.00194444 -0.00160442 -0.00197248 -0.00229207
internal_weight=743 154 100 72 589 545 517
internal_count=743 154 100 72 589 545 517
is_linear=0
shrinkage=0.05


Tree=27
num_leaves=8
num_cat=0
split_feature=12 6 16 14 1 13 6
split_gain=0.662706 0.445398 1.02564 0.285301 0.494807 0.326355 0.471048
threshold=-0.050232690438178178 1.6139757790438616 1.0000000180025095e-35 -0.067583665573298909 -0.001869844733088377 16.935000419616703 -0.35551118238774687
decision_type=2 2 2 2 2 2 2
left_child=-1 3 -3 4 -2 6 -5
right_child=1 2 -4 5 -6 -7 -8
leaf_value=0.00025394435073372199 0.00021211424545648869 0.00065855309357838428 -1.3374799137328347e-05 7.2880144234206229e-06 -0.00010321274932409708 -5.9597182812959492e-05 -5.0454447324460095e-05
leaf_weight=38 25 26 39 148 46 230 193
leaf_count=38 25 26 39 148 46 230 193
internal_value=-0.000906041 -0.00125177 0.00269231 -0.00165109 0.00133803 -0.00202277 -0.00104106
internal_weight=745 707 65 642 71 571 341
internal_count=745 707 65 642 71 571 341
is_linear=0
shrinkage=0.05


Tree=28
num_leaves=8
num_cat=0
split_feature=5 2 2 6 7 2 11
split_gain=0.998804 0.868463 0.694024 0.679157 0.586735 0.695055 0.496445
threshold=0.011362579473613021 0.05100611077153961 0.012858115235731995 0.31958649999529426 -0.013828948988591048 0.0082761532323148996 -0.0043088808342565113
decision_type=2 2 2 2 2 2 2
left_child=3 2 6 -1 -5 -6 -2
right_child=1 -3 -4 4 5 -7 -8
leaf_value=-5.8236825553729737e-05 -0.00011257177942796624 -5.944272379632377e-05 0.00022501121625757622 -0.00014785361292452546 0.00035735642420071738 -3.2618398786050893e-06 0.00019115230758254135
leaf_weight=414 26 36 38 35 44 117 42
leaf_count=414 26 36 38 35 44 117 42
internal_value=-0.000678193 0.00309859 0.00537736 -0.00155738 0.000867346 0.00214286 0.00235294
internal_weight=752 142 106 610 196 161 68
internal_count=752 142 106 610 196 161 68
is_linear=0
shrinkage=0.05


Tree=29
num_leaves=8
num_cat=0
split_feature=5 8 11 2 9 8 3
split_gain=0.704623 0.871846 0.74772 0.473554 0.597429 0.432079 0.446539
threshold=0.011362579473613021 -0.011499209176630719 0.026483501755781628 0.067148046437859557 0.13396348018725404 0.03192473225888038 0.0020439163505481255
decision_type=2 8 2 2 10 8 2
left_child=2 -2 3 5 -5 6 -1
right_child=1 -3 -4 4 -6 -7 -8
leaf_value=-2.1151376224367816e-06 0.00040849101317029897 1.6394675215562701e-05 3.6268222917808418e-05 0.00019912405651200399 -0.0001124737862139947 -0.00013936497633737483 -0.00013252211435380108
leaf_weight=204 30 119 47 35 29 158 108
leaf_count=204 30 119 47 35 29 158 108
internal_value=-0.000684933 0.00238255 -0.0014716 -0.00200375 0.00203125 -0.00255319 -0.00147436
internal_weight=730 149 581 534 64 470 312
internal_count=730 149 581 534 64 470 312
is_linear=0
shrinkage=0.05


Tree=30
num_leaves=8
num_cat=0
split_feature=8 11 4 11 3 3 12
split_gain=0.797171 0.641653 0.573537 0.766326 0.470198 0.915952 0.693132
threshold=0.046235495953888213 0.024405077895535147 0.012653914918585059 -0.028186654574093969 0.0015891114853612278 -0.0012149978409551896 0.013959739003271522
decision_type=8 2 2 2 2 2 2
left_child=1 2 -1 -4 5 -5 -7
right_child=-2 -3 3 4 -6 6 -8
leaf_value=8.7132094118669081e-05 -0.00010564093474466286 7.9638047879624553e-05 0.00023385670070949513 -0.00010012567529560103 -0.00010239795325812623 0.0001535310031172192 -4.5666506913682899e-07
leaf_weight=25 214 59 29 144 161 40 65
leaf_count=25 214 59 29 144 161 40 65
internal_value=-0.00079376 0.000258125 -0.000366381 -0.000785878 -0.00134146 2.00791e-05 0.00357143
internal_weight=737 523 464 439 410 249 105
internal_count=737 523 464 439 410 249 105
is_linear=0
shrinkage=0.05


Tree=31
num_leaves=8
num_cat=0
split_feature=9 4 6 3 0 10 1
split_gain=0.748033 0.663292 1.00042 0.748658 0.666623 1.30145 0.556274
threshold=0.1524784043071005 0.018611890563291381 1.0552433321770283 0.001466879141516775 -0.0015147366358400636 -0.0029081479641121506 -0.0085111580719982576
decision_type=8 2 2 2 2 2 2
left_child=1 4 3 -3 -1 -6 -7
right_child=-2 2 -4 -5 5 6 -8
leaf_value=-9.3226247024595079e-05 -2.8975159795795546e-05 0.00012086984171520807 0.00060570770001536949 -0.00010029273063220484 0.00040519402534496316 0.0001741546213429281 -5.4256443684928556e-05
leaf_weight=153 228 58 25 38 36 39 154
leaf_count=153 228 58 25 38 36 39 154
internal_value=-0.000212039 0.00086481 0.00409091 0.00177083 -0.000157069 0.00155022 -7.77214e-05
internal_weight=731 503 121 96 382 229 193
internal_count=731 503 121 96 382 229 193
is_linear=0
shrinkage=0.05


Tree=32
num_leaves=8
num_cat=0
split_feature=13 9 7 7 11 11 6
split_gain=0.542566 0.314729 0.435229 0.944586 0.410081 0.765462 0.430192
threshold=25.319999694824222 0.1524784043071005 0.024690351997624708 0.029053013013860655 0.021590279744903355 0.032599059043066377 1.6139757790438616
decision_type=2 10 2 2 2 2 2
left_child=1 2 4 -4 6 -6 -1
right_child=-2 -3 3 -5 5 -7 -8
leaf_value=-5.639193846243316e-05 0.00014220639372037314 -0.00013009285286502397 0.00019008967054454941 -3.7504670540388634e-05 4.2951126006195721e-05 -0.00011013067283065491 0.00045300996230412016
leaf_weight=404 34 72 37 97 46 25 37
leaf_count=404 34 72 37 97 46 25 37
internal_value=-0.000877661 -0.00116992 -0.000820435 0.00171642 -0.00148438 0.00204225 -0.00205216
internal_weight=752 718 646 134 512 71 441
internal_count=752 718 646 134 512 71 441
is_linear=0
shrinkage=0.05


Tree=33
num_leaves=8
num_cat=0
split_feature=9 14 16 3 12 12 11
split_gain=0.414146 0.375606 0.715344 0.319088 0.278938 0.508411 0.277508
threshold=0.016136883956017315 -0.067583665573298909 0.011366799755359815 0.0027072428262077124 -0.033690141837628411 -0.023938025174318197 -0.016025846447031252
decision_type=8 2 2 2 2 2 2
left_child=-1 2 3 -2 -3 -6 -7
right_child=1 4 -4 -5 5 6 -8
leaf_value=0.0003425720921926136 2.1935994233397382e-05 -8.5504516549164797e-05 0.0001629584795152087 -0.00021344277442882561 4.3514889896393042e-05 2.8783505925327259e-06 -4.2213867281887946e-05
leaf_weight=30 26 50 30 28 29 49 500
leaf_count=30 26 50 30 28 29 49 500
internal_value=-0.000754718 -0.000997192 0.00214286 -0.0012963 -0.0014172 -0.00110727 -0.00144809
internal_weight=742 712 84 54 628 578 549
internal_count=742 712 84 54 628 578 549
is_linear=0
shrinkage=0.05


Tree=34
num_leaves=8
num_cat=0
split_feature=12 7 9 9 11 1 14
split_gain=0.840786 0.36442 0.380566 0.444457 0.537521 0.614982 0.397059
threshold=-0.050232690438178178 -0.019788816385483906 0.088311511655835964 0.081216400294300675 0.006555889816587058 -0.012457837508107082 -0.096084571305829466
decision_type=2 2 8 10 2 2 2
left_child=-1 -2 3 4 5 -3 -4
right_child=1 2 6 -5 -6 -7 -8
leaf_value=0.00022780079498915047 -0.00014577896235573557 -6.8881031826163388e-05 6.4819558130914875e-05 0.00014027576665966713 -7.9379647047644143e-05 0.00030731709281054374 -2.8444829334987377e-05
leaf_weight=34 83 25 27 30 74 42 432
leaf_count=34 83 25 27 30 74 42 432
internal_value=-0.000917003 -0.00128331 -0.000873017 0.00114035 -3.54622e-05 0.00320895 -0.00162309
internal_weight=747 713 630 171 141 67 459
internal_count=747 713 630 171 141 67 459
is_linear=0
shrinkage=0.05


Tree=35
num_leaves=8
num_cat=0
split_feature=9 2 8 7 9 13 0
split_gain=0.336254 0.478854 0.418429 0.515632 0.488363 0.823973 0.464262
threshold=0.16253137431225631 0.083652259791964015 0.042611217033769251 -0.013008947305358618 0.11562616665421634 20.980000495910648 0.011465132315044204
decision_type=10 2 8 2 10 2 2
left_child=1 2 3 -1 5 6 -5
right_child=-2 -3 -4 4 -6 -7 -8
leaf_value=-6.9177536244404951e-05 -0.00019819844574789551 3.7816705602577057e-05 -9.5061902809861094e-05 1.8812023675934598e-05 -0.00010801723640315304 0.00024180491193244186 -5.3235555716489909e-05
leaf_weight=134 44 34 155 214 82 36 44
leaf_count=134 44 34 155 214 82 36 44
internal_value=-0.000760432 -0.000493563 -0.000789475 -9.80404e-05 0.000851063 0.00180272 0.000813952
internal_weight=743 699 665 510 376 294 258
internal_count=743 699 665 510 376 294 258
is_linear=0
shrinkage=0.05


Tree=36
num_leaves=8
num_cat=0
split_feature=8 5 4 8 1 6 10
split_gain=0.524805 0.596059 0.793146 0.505728 0.428952 0.594319 0.467687
threshold=0.042611217033769251 0.011362579473613021 0.019938645705243934 -0.0017661570448434525 -0.014959657178581163 0.39679366110413367 -0.00084886719909504904
decision_type=8 2 2 10 2 2 2
left_child=1 4 -3 -4 -1 -6 -7
right_child=-2 2 3 -5 5 6 -8
leaf_value=-4.9326981256014385e-05 -6.8920048154893346e-05 0.00013372894058884518 0.00020091447940255071 -8.7115634042682379e-05 -1.1268850643940667e-05 0.00038082568054446036 6.8837577881700453e-07
leaf_weight=94 231 48 30 38 214 44 54
leaf_count=94 231 48 30 38 214 44 54
internal_value=-0.000418328 0.000459769 0.00362069 0.000147058 -0.000443351 0.000448717 0.00367347
internal_weight=753 522 116 68 406 312 98
internal_count=753 522 116 68 406 312 98
is_linear=0
shrinkage=0.05


Tree=37
num_leaves=8
num_cat=0
split_feature=9 11 16 4 2 8 3
split_gain=0.48102 0.501283 0.71908 0.907808 0.427215 0.471691 0.336342
threshold=0.010032296658551322 0.021590279744903355 0.048776843696098145 0.017847671149595928 0.071755233067940197 0.066625807182186594 -0.002092947115255261
decision_type=8 2 2 2 2 10 2
left_child=-1 4 3 -3 6 -6 -2
right_child=1 2 -4 -5 5 -7 -8
leaf_value=0.00026736853251615246 -4.3515770113943908e-05 7.8049747280759836e-06 -5.2814300735784419e-05 8.1656916445466598e-05 9.9910511559143377e-05 -8.0047447062213178e-05 -1.760485014160966e-05
leaf_weight=27 152 48 34 25 28 38 405
leaf_count=27 152 48 34 25 28 38 405
internal_value=-0.000442538 -0.000684933 0.00247663 0.00527397 -0.00122793 0.00257576 -0.00167864
internal_weight=757 730 107 73 623 66 557
internal_count=757 730 107 73 623 66 557
is_linear=0
shrinkage=0.05


Tree=38
num_leaves=8
num_cat=0
split_feature=9 9 7 15 2 16 12
split_gain=0.540146 0.371517 0.439522 0.608897 0.50611 0.781288 0.436805
threshold=0.010032296658551322 0.16154397155191216 0.024690351997624708 0.013078277383149152 0.067648869814035298 0.014018439056651013 0.011040694977268452
decision_type=8 10 2 2 2 2 2
left_child=-1 2 6 4 -4 -6 -2
right_child=1 -3 3 -5 5 -7 -8
leaf_value=0.00026025143601195156 3.1999716645806817e-06 -9.3046665542288263e-05 -3.6004605512008599e-05 9.903771644640682e-05 0.00019644610691730441 -8.4686727428357833e-05 -7.3125278288154838e-05
leaf_weight=26 218 49 73 25 26 29 294
leaf_count=26 218 49 73 25 26 29 294
internal_value=-0.000540542 -0.000798321 -0.000488723 0.00186274 0.000468749 0.00409091 -0.00119141
internal_weight=740 714 665 153 128 55 512
internal_count=740 714 665 153 128 55 512
is_linear=0
shrinkage=0.05


Tree=39
num_leaves=8
num_cat=0
split_feature=8 5 4 2 9 2 12
split_gain=0.554955 0.645608 0.688566 0.566518 0.538875 0.431427 0.581207
threshold=0.024773508697988892 0.011362579473613021 0.019938645705243934 0.083652259791964015 0.084711586629268157 -0.021811603401905074 0.02751670136279594
decision_type=8 2 2 2 8 2 2
left_child=1 5 -3 4 -2 -1 -7
right_child=3 2 -4 -5 -6 6 -8
leaf_value=-5.6121384735580729e-05 0.0002518488876505132 0.0001397046064003863 7.5155991200634586e-05 3.3612941900347292e-05 -7.3354973704434819e-05 4.8500740698639955e-05 -0.0001112189329072037
leaf_weight=90 29 33 51 42 275 125 91
leaf_count=90 29 33 51 42 275 125 91
internal_value=-0.000652175 0.000641024 0.00452381 -0.00210983 -0.00286184 -0.000424838 0.000787036
internal_weight=736 390 84 346 304 306 216
internal_count=736 390 84 346 304 306 216
is_linear=0
shrinkage=0.05


Tree=40
num_leaves=8
num_cat=0
split_feature=12 14 9 8 11 1 1
split_gain=0.595508 0.432376 0.540284 0.542226 0.362046 0.437615 0.595554
threshold=-0.05793872793170584 -0.067583665573298909 0.12748296976206189 0.015345102318639505 0.014880662239239896 0.0094756700104861053 0.017532017380797019
decision_type=2 2 8 10 2 2 2
left_child=-1 2 3 -2 -3 -6 -7
right_child=1 4 -4 -5 5 6 -8
leaf_value=0.00025877529444729395 4.402431537829646e-05 -6.8053153383826562e-05 -5.424552389189494e-05 0.00017199811090870448 -5.4547842626426789e-05 9.8338930973343724e-05 -1.2698678370059708e-06
leaf_weight=26 28 467 29 26 56 25 86
leaf_count=26 28 467 29 26 56 25 86
internal_value=-0.000895021 -0.00116458 0.00222891 0.00518518 -0.00160883 0.00038922 0.00220721
internal_weight=743 717 83 54 634 167 111
internal_count=743 717 83 54 634 167 111
is_linear=0
shrinkage=0.05


Tree=41
num_leaves=8
num_cat=0
split_feature=14 3 5 7 1 15 15
split_gain=0.580988 0.671572 0.603542 0.793915 1.21657 0.508477 0.34645
threshold=0.035942894407802857 0.0018221542145120397 0.009054274707072275 -0.0046365114156179379 0.012924060254661864 -0.0065247719322786826 -0.0045075054044672594
decision_type=2 2 2 2 2 2 2
left_child=5 2 -2 -4 -5 -1 -7
right_child=1 -3 3 4 -6 6 -8
leaf_value=-0.00012566165721977982 -0.00015193238693487023 0.00017515242999780628 -1.7619513612585495e-05 0.00018682181869087686 -0.00015140580212968008 4.319216733414747e-05 -2.3491881980196023e-05
leaf_weight=78 50 39 32 30 27 32 463
leaf_count=78 50 39 32 30 27 32 463
internal_value=-0.000472704 0.00202247 0.000395682 0.00286517 0.00640351 -0.00124782 -0.000656567
internal_weight=751 178 139 89 57 573 495
internal_count=751 178 139 89 57 573 495
is_linear=0
shrinkage=0.05


Tree=42
num_leaves=8
num_cat=0
split_feature=5 9 2 6 7 14 9
split_gain=0.484968 0.792247 0.538612 0.535453 0.658226 0.635804 0.685941
threshold=0.01144213997023071 0.016136883956017315 0.083652259791964015 0.39679366110413367 -0.012486875521931782 0.037142264963949019 0.13396348018725404
decision_type=2 10 2 2 2 2 8
left_child=2 -2 3 -1 -5 6 -6
right_child=1 -3 -4 4 5 -7 -8
leaf_value=-5.2664586892274297e-05 0.00016016155848200495 5.7460780697100354e-07 5.5948432431871182e-05 -0.00012452417104604426 0.00013407883091132069 0.00055158709437134578 -0.00019268221895645741
leaf_weight=401 37 109 35 36 63 33 35
leaf_count=401 37 109 35 36 63 33 35
internal_value=-0.00039386 0.00219178 -0.0010199 -0.00139085 0.000988023 0.00263359 0.000612244
internal_weight=749 146 603 568 167 131 98
internal_count=749 146 603 568 167 131 98
is_linear=0
shrinkage=0.05


Tree=43
num_leaves=8
num_cat=0
split_feature=11 1 8 9 9 7 0
split_gain=0.517473 0.571073 0.51205 0.427778 0.279179 0.488156 0.388056
threshold=0.024405077895535147 0.010879893761923999 0.036796336275330639 0.016136883956017315 0.16154397155191216 0.035795021435633297 0.0032510162012210357
decision_type=2 2 10 8 10 2 2
left_child=3 -2 -3 -1 5 6 -5
right_child=1 2 -4 4 -6 -7 -8
leaf_value=0.00029133524353398978 -9.9936508493219617e-05 6.219176619746664e-05 -7.2574506368822259e-06 -7.4718150929348545e-07 -9.6382476533477175e-05 7.2663092167980434e-05 -8.4180237549957173e-05
leaf_weight=30 25 33 26 345 43 43 199
leaf_count=30 25 33 26 345 43 43 199
internal_value=-0.000362904 0.00333333 0.00601695 -0.000833335 -0.00111111 -0.000826236 -0.00123162
internal_weight=744 84 59 660 630 587 544
internal_count=744 84 59 660 630 587 544
is_linear=0
shrinkage=0.05


Tree=44
num_leaves=8
num_cat=0
split_feature=12 4 4 14 0 12 12
split_gain=0.469214 0.344783 0.396767 0.314598 0.663947 0.261468 0.289776
threshold=-0.050232690438178178 0.019938645705243934 0.019205004462225266 0.083812216488613714 -0.0046042728872998642 -0.016111251712643489 -0.0021779841828679087
decision_type=2 2 2 2 2 2 2
left_child=-1 2 3 5 -5 -2 -7
right_child=1 -3 -4 4 -6 6 -8
leaf_value=0.00014326648640813943 -6.8766028092888705e-05 -0.00010228614605082371 5.1766576654700165e-05 -3.7238430566134265e-05 0.0002136971007560904 0.00016580332926123596 -3.2969133642451817e-05
leaf_weight=34 59 64 29 32 25 34 458
leaf_count=34 59 64 29 32 25 34 458
internal_value=-0.000442178 -0.000720401 -0.000368918 -0.000641449 0.00289474 -0.00100726 -0.000630082
internal_weight=735 701 637 608 57 551 492
internal_count=735 701 637 608 57 551 492
is_linear=0
shrinkage=0.05


Tree=45
num_leaves=8
num_cat=0
split_feature=12 11 9 12 14 11 16
split_gain=0.463588 0.367297 1.10448 1.51211 0.442962 0.59034 0.343611
threshold=-0.05793872793170584 0.014880662239239896 0.1200089618980469 0.026624440586497603 -0.067583665573298909 0.0023967132721236521 0.016095891804901456
decision_type=2 2 8 2 2 2 2
left_child=-1 4 -3 -4 5 -2 -6
right_child=1 2 3 -5 6 -7 -8
leaf_value=0.00022047080359433765 -0.00012407590071554126 -5.4229340345975231e-05 -1.0978248484148722e-05 6.006157469737032e-05 -1.0431818712835118e-05 0.00012551429707369501 -0.0002383749096745522
leaf_weight=26 37 97 39 43 417 25 59
leaf_count=26 37 97 39 43 417 25 59
internal_value=-2.01896e-05 -0.000258021 0.00170391 0.00597561 -0.000910782 0.00306451 -0.00142857
internal_weight=743 717 179 82 538 62 476
internal_count=743 717 179 82 538 62 476
is_linear=0
shrinkage=0.05


Tree=46
num_leaves=8
num_cat=0
split_feature=12 9 12 2 8 4 7
split_gain=0.558954 0.355679 0.388033 0.359228 0.422085 0.430594 0.497433
threshold=-0.050232690438178178 0.16253137431225631 -0.033690141837628411 0.083652259791964015 0.046235495953888213 0.012705781105217145 0.024690351997624708
decision_type=2 10 2 2 10 2 2
left_child=-1 2 -2 4 5 -4 -7
right_child=1 -3 3 -5 -6 6 -8
leaf_value=0.00011068093540207011 -0.00011182665960538787 -0.00017898764495525817 6.9460955778671366e-05 6.5747773074073621e-05 -8.7841819642746715e-05 -4.8135814532052449e-06 6.4521770717049129e-05
leaf_weight=38 43 45 26 29 109 397 60
leaf_count=38 43 45 26 29 109 397 60
internal_value=-0.000381527 -0.000698168 -0.000406628 -8.8568e-05 -0.000354731 0.000279502 -7.65876e-05
internal_weight=747 709 664 621 592 483 457
internal_count=747 709 664 621 592 483 457
is_linear=0
shrinkage=0.05


Tree=47
num_leaves=8
num_cat=0
split_feature=5 8 14 14 12 12 0
split_gain=0.860326 0.693336 0.725792 0.558271 0.233123 0.641752 0.2563
threshold=0.010979368677435227 -0.011499209176630719 -0.011513166785666882 -0.034719790282674072 0.051846022032751578 0.046585170844293929 -0.01266044211418582
decision_type=2 8 2 2 2 2 2
left_child=4 -2 3 -3 5 6 -1
right_child=1 2 -4 -5 -6 -7 -8
leaf_value=8.2553058530509629e-06 0.00013320055162957715 1.7299162367749151e-05 -7.1348892692044629e-05 0.00010016809238274447 -0.00016537788777035687 0.00014695364700566003 -2.2925517042963001e-05
leaf_weight=44 43 44 73 27 49 27 427
leaf_count=44 43 44 73 27 49 27 427
internal_value=-0.000708448 0.00221925 0.000555554 0.00415493 -0.00170932 -0.00138554 -0.00181529
internal_weight=734 187 144 71 547 498 471
internal_count=734 187 144 71 547 498 471
is_linear=0
shrinkage=0.05


Tree=48
num_leaves=8
num_cat=0
split_feature=9 11 8 1 9 0 9
split_gain=0.753462 0.327007 0.48917 0.505865 0.430328 0.435319 0.39469
threshold=0.017054078996882719 0.014880662239239896 0.0091531041400809716 0.016554084589429755 0.1056905886864269 0.0019297177755661645 0.1524784043071005
decision_type=8 2 10 2 8 2 8
left_child=-1 6 3 -3 -4 -6 -2
right_child=1 2 4 -5 5 -7 -8
leaf_value=0.00021715266576049748 -7.3647560700984052e-06 6.4869710050206666e-05 -0.00019462612560655301 -3.2854595615292896e-06 -5.1813965734401384e-05 6.7086172609862063e-06 -6.1096221795120287e-05
leaf_weight=34 348 38 42 25 31 49 167
leaf_count=34 348 38 42 25 31 49 167
internal_value=-0.000504088 -0.000857144 0.000945945 0.00452381 -0.000901641 0.00125 -0.00150486
internal_weight=734 700 185 63 122 80 515
internal_count=734 700 185 63 122 80 515
is_linear=0
shrinkage=0.05


Tree=49
num_leaves=8
num_cat=0
split_feature=9 11 16 5 8 10 10
split_gain=0.532946 0.552071 0.989978 0.622749 0.364599 0.388152 0.521282
threshold=0.010032296658551322 0.024405077895535147 0.048776843696098145 0.010036868903517389 0.0085826595066008666 0.0091813381816910917 0.0061050863391346475
decision_type=8 2 2 2 10 2 2
left_child=-1 4 3 -3 -2 6 -6
right_child=1 2 -4 -5 5 -7 -8
leaf_value=0.00018639555577501347 -1.8058813441436959e-05 4.9287803896136797e-06 -4.674597998142606e-05 7.6117294275224092e-05 -2.5321585904863374e-05 -0.00021131267748727926 6.1768491374877252e-05
leaf_weight=26 232 28 35 25 309 40 37
leaf_count=26 232 28 35 25 309 40 37
internal_value=-0.000491804 -0.000750709 0.00295454 0.00726415 -0.00127832 -0.000336789 0.000202311
internal_weight=732 706 88 53 618 386 346
internal_count=732 706 88 53 618 386 346
is_linear=0
shrinkage=0.05


Tree=50
num_leaves=8
num_cat=0
split_feature=4 13 9 6 6 8 13
split_gain=0.520858 0.770286 0.52399 0.47869 0.449413 0.39676 0.589695
threshold=0.01820544986849915 16.035000801086429 0.16253137431225631 -0.65981638612528648 0.089846082500256469 0.03192473225888038 16.894999504089359
decision_type=2 2 8 2 2 8 2
left_child=5 -2 3 -3 -5 6 -1
right_child=1 2 -4 4 -6 -7 -8
leaf_value=1.7245698454736944e-05 4.5244860483071281e-05 -0.00012873478434119961 -6.6021128142375478e-05 7.3412250967678843e-05 -4.0220665291244393e-06 -8.0676910897689821e-05 -1.4387100982046672e-05
leaf_weight=167 37 30 34 44 39 229 155
leaf_count=167 37 30 34 44 39 229 155
internal_value=-0.000238096 0.00206522 0.000442176 0.00207964 0.00403614 -0.00100726 0.000124222
internal_weight=735 184 147 113 83 551 322
internal_count=735 184 147 113 83 551 322
is_linear=0
shrinkage=0.05


Tree=51
num_leaves=8
num_cat=0
split_feature=12 9 12 3 3 12 9
split_gain=0.694692 0.38938 0.425742 0.317706 0.368968 0.318037 0.570111
threshold=-0.050232690438178178 0.16253137431225631 -0.033690141837628411 0.0062577417804787769 0.0050372863710301816 -0.005215251084133842 0.061075320469087264
decision_type=2 10 2 2 2 2 10
left_child=-1 2 -2 4 5 6 -4
right_child=1 -3 3 -5 -6 -7 -8
leaf_value=0.00011228917344592083 -0.00011831881856623288 -0.00019023528790201302 5.3431858895542827e-05 -0.00011069668667160137 3.2882764870864346e-05 -5.1775948331746874e-06 -8.1243075961830662e-06
leaf_weight=34 44 46 41 46 27 467 48
leaf_count=34 44 46 41 46 27 467 48
internal_value=-0.000219125 -0.000549375 -0.000245172 8.74392e-05 0.000403086 0.000125898 0.00286517
internal_weight=753 719 673 629 583 556 89
internal_count=753 719 673 629 583 556 89
is_linear=0
shrinkage=0.05


Tree=52
num_leaves=8
num_cat=0
split_feature=1 8 2 1 16 7 10
split_gain=0.638659 0.651536 0.610627 0.935837 0.572185 0.60594 0.523175
threshold=0.043312216068676974 0.046235495953888213 -0.0041545902136332349 0.020963221729077944 0.012222426774103569 0.0094073592020508263 1.0000000180025095e-35
decision_type=2 8 2 2 2 2 2
left_child=1 2 -1 4 6 -6 -4
right_child=-2 -3 3 -5 5 -7 -8
leaf_value=-5.8580718436309315e-06 2.2552403686464587e-05 -5.5448009638776473e-05 9.2055293397367286e-05 -7.3512600958388057e-05 7.4593836358268281e-05 5.4510847615940833e-05 -9.5515010783756764e-05
leaf_weight=220 29 196 97 65 37 28 79
leaf_count=220 29 196 97 65 37 28 79
internal_value=-0.000206393 -0.000498616 0.00041825 0.00186274 0.00329875 0.00730769 0.00181818
internal_weight=751 722 526 306 241 65 176
internal_count=751 722 526 306 241 65 176
is_linear=0
shrinkage=0.05


Tree=53
num_leaves=8
num_cat=0
split_feature=9 2 9 9 16 3 14
split_gain=0.508994 0.45724 0.683418 0.506595 0.536849 0.831826 0.456383
threshold=0.1524784043071005 0.067148046437859557 0.12672464768499694 0.010032296658551322 0.011366799755359815 0.0045122931049929047 -0.011298954547856009
decision_type=10 2 8 8 2 2 2
left_child=1 3 -3 -1 -5 6 -6
right_child=-2 2 -4 4 5 -7 -8
leaf_value=0.00017507314046117761 -0.00012136559666393687 -6.6459453430121936e-05 0.00011451992227444665 -2.1148000297320282e-05 7.512878801483933e-06 3.019732418199672e-05 -6.8745923692653405e-05
leaf_weight=26 72 33 26 379 78 38 84
leaf_count=26 72 33 26 379 78 38 84
internal_value=-0.000312501 0.000120481 0.00432203 -0.000289257 -0.000595856 0.0015 -6.17296e-05
internal_weight=736 664 59 605 579 200 162
internal_count=736 664 59 605 579 200 162
is_linear=0
shrinkage=0.05


Tree=54
num_leaves=8
num_cat=0
split_feature=11 9 16 5 5 4 6
split_gain=0.480088 0.664217 0.587249 1.20229 0.546277 0.493389 0.56725
threshold=0.014880662239239896 0.1524784043071005 0.045823493990136639 0.010036868903517389 0.011563686825295702 0.012848848043313136 1.9283760557546312
decision_type=2 8 2 2 2 2 2
left_child=1 5 3 -2 -5 -1 -7
right_child=2 -3 -4 4 -6 6 -8
leaf_value=7.0032759860733535e-05 -6.6498838789008194e-05 -3.1897048447123906e-05 -4.5320944408804889e-05 9.7881565366731045e-05 1.5031410289132112e-05 -8.419935416332719e-06 0.00040570749658837475
leaf_weight=25 87 171 37 37 25 334 25
leaf_count=25 87 171 37 37 25 334 25
internal_value=-0.000209178 -0.000945947 0.00198925 0.00338926 0.00870968 0.000208332 -0.000264625
internal_weight=741 555 186 149 62 384 359
internal_count=741 555 186 149 62 384 359
is_linear=0
shrinkage=0.05


Tree=55
num_leaves=8
num_cat=0
split_feature=1 8 7 0 14 16 4
split_gain=0.698621 0.428178 0.669437 0.64154 0.52112 0.490848 0.490881
threshold=0.043312216068676974 0.046235495953888213 -0.014114972206058061 -0.016297676175686945 -0.067583665573298909 -0.02116074374589599 0.01315355429873491
decision_type=2 8 2 2 2 2 2
left_child=1 2 -1 -4 -5 -6 -7
right_child=-2 -3 3 4 5 6 -8
leaf_value=-6.0185096599811511e-05 2.4310411155737755e-05 -5.4372505992200532e-05 0.00020145973223440009 0.0001465395929692077 0.0002848969825558458 9.0284565007931817e-05 -4.8263702386982972e-06
leaf_weight=137 28 201 25 47 39 36 245
leaf_count=137 28 201 25 47 39 36 245
internal_value=-0.000250661 -0.000547946 0.000198487 0.00125 0.00072207 -1.19209e-09 -0.000729539
internal_weight=758 730 529 392 367 320 281
internal_count=758 730 529 392 367 320 281
is_linear=0
shrinkage=0.05


Tree=56
num_leaves=8
num_cat=0
split_feature=1 14 8 0 0 14 0
split_gain=0.827834 0.405243 0.339488 0.351815 0.679708 1.31037 0.44239
threshold=0.043312216068676974 -0.096084571305829466 0.046235495953888213 0.0043606934197281131 -0.00020291272622058318 -0.011298954547856009 -0.012241378003428003
decision_type=2 2 8 2 2 2 2
left_child=1 -1 3 4 6 -6 -3
right_child=-2 2 -4 -5 5 -7 -8
leaf_value=3.958499667712563e-05 2.0046348741565239e-05 4.999457037827833e-05 -5.1666021952166318e-05 -1.7450979832103421e-05 8.120713756840282e-05 -8.9446897902926487e-05 -2.4791219407299472e-05
leaf_weight=39 33 67 184 147 42 46 184
leaf_count=39 33 67 184 147 42 46 184
internal_value=-0.000619947 -0.000980255 -0.00126866 -0.000576133 0.000309733 0.00409091 -0.00101594
internal_weight=742 709 670 486 339 88 251
internal_count=742 709 670 486 339 88 251
is_linear=0
shrinkage=0.05


Tree=57
num_leaves=8
num_cat=0
split_feature=9 11 11 0 7 12 6
split_gain=0.456993 0.484523 1.03129 0.474425 0.463993 0.486313 0.587333
threshold=0.088311511655835964 0.014880662239239896 0.018027346802980907 0.0072367012286119756 -0.019788816385483906 0.023117382956200586 -0.1290280534422881
decision_type=8 2 2 2 2 2 2
left_child=4 -2 -3 -4 -1 6 -6
right_child=1 2 3 -5 5 -7 -8
leaf_value=-7.8300583532099058e-05 -3.817906029543822e-05 5.4261934868107496e-05 -4.2996095323449281e-05 3.0904274943747539e-05 4.6344355869358039e-05 9.4320302438773906e-07 0.00020972966610405773
leaf_weight=60 368 32 58 37 42 90 46
leaf_count=60 368 32 58 37 42 90 46
internal_value=-0.000497955 -0.00136364 0.00129921 -0.00131579 0.00130252 0.00258427 0.00522727
internal_weight=733 495 127 95 238 178 88
internal_count=733 495 127 95 238 178 88
is_linear=0
shrinkage=0.05


Tree=58
num_leaves=8
num_cat=0
split_feature=5 1 4 10 5 3 4
split_gain=0.765082 0.78444 0.430362 0.763048 0.697726 0.360415 0.615934
threshold=0.010979368677435227 -0.016707434732696921 0.019938645705243934 0.0051414850262681009 0.011667646648434357 -0.0012149978409551896 0.015202195359716895
decision_type=2 2 2 2 2 2 2
left_child=5 -2 3 4 -3 -1 -7
right_child=1 2 -4 -5 -6 6 -8
leaf_value=-6.4965729428212438e-05 0.0001110978781882241 -0.00010952351080214124 -5.9507706657026892e-05 3.8406724480297617e-05 5.5210956582685799e-05 1.9602961836208017e-05 -5.3201208954174121e-05
leaf_weight=176 35 43 58 31 26 216 165
leaf_count=176 35 43 58 31 26 216 165
internal_value=-0.000200001 0.00251295 0.00101266 0.003 7.24626e-05 -0.00114004 -0.000275592
internal_weight=750 193 158 100 69 557 381
internal_count=750 193 158 100 69 557 381
is_linear=0
shrinkage=0.05


Tree=59
num_leaves=8
num_cat=0
split_feature=2 9 7 7 9 4 12
split_gain=0.607374 0.503005 0.387214 0.632038 0.556594 0.697943 0.525
threshold=0.083652259791964015 0.010032296658551322 -0.0099758860287745815 0.0055743504011358533 0.11562616665421634 0.01479944337484509 0.0098181061212317972
decision_type=2 8 2 2 8 2 2
left_child=1 -1 -3 4 5 -4 -7
right_child=-2 2 3 -5 -6 6 -8
leaf_value=0.00016348487214722839 2.1614787394053018e-05 -1.4296795939760071e-05 0.00018882810278234626 -2.1475951294373604e-05 -7.9469527415644508e-06 6.2474969030226258e-05 -0.00016802593544715345
leaf_weight=26 41 155 26 365 68 28 32
leaf_count=26 41 155 26 365 68 28 32
internal_value=6.07276e-05 -0.000285715 -0.000548963 0.000105972 0.00279221 0.00546512 0.0025
internal_weight=741 700 674 519 154 86 60
internal_count=741 700 674 519 154 86 60
is_linear=0
shrinkage=0.05


Tree=60
num_leaves=8
num_cat=0
split_feature=7 4 3 9 11 12 2
split_gain=0.703838 0.652053 1.03443 0.578984 0.992142 0.468538 0.320057
threshold=-0.014114972206058061 0.017597633972645972 -0.0030893430534382755 0.077189327140205558 0.0021655694557776166 0.048426875368409401 0.030146364493749637
decision_type=2 2 2 10 2 2 2
left_child=-1 5 -3 -4 -5 6 -2
right_child=1 2 3 4 -6 -7 -8
leaf_value=-5.9339539103108314e-05 3.0352440342673228e-06 0.00010711594213568405 -6.6203796583165982e-05 -3.2324996448371411e-05 0.00014166675936132673 5.7383539372113361e-05 -4.70882125238467e-05
leaf_weight=146 232 39 51 29 44 49 156
leaf_count=146 232 39 51 29 44 49 156
internal_value=-0.000174264 0.000583332 0.00328221 0.00104839 0.00390411 -0.000423342 -0.00100516
internal_weight=746 600 163 124 73 437 388
internal_count=746 600 163 124 73 437 388
is_linear=0
shrinkage=0.05


Tree=61
num_leaves=8
num_cat=0
split_feature=12 16 14 16 4 15 14
split_gain=0.693471 0.490665 0.356213 0.501616 0.27201 0.270952 0.369541
threshold=-0.050232690438178178 -0.025568375282220609 -0.083456210331023115 -0.01831002322828856 0.020466899397320173 -0.0050013282939924677 -0.041810588725082691
decision_type=2 2 2 2 2 2 2
left_child=-1 -2 -3 -4 5 -5 -7
right_child=1 2 3 4 -6 6 -8
leaf_value=9.8263492176534707e-05 -6.07922335207066e-05 6.1279532858018017e-06 9.6059326656320492e-05 -7.9378391958996274e-06 -0.00010078842134694198 -4.7258624168819488e-05 6.0247283636330637e-06
leaf_weight=34 76 43 40 136 36 87 300
leaf_count=34 76 43 40 136 36 87 300
internal_value=-0.000212767 -0.000543177 -9.34591e-05 -0.000409016 -0.000796066 -0.000506693 0.000167957
internal_weight=752 718 642 599 559 523 387
internal_count=752 718 642 599 559 523 387
is_linear=0
shrinkage=0.05


Tree=62
num_leaves=8
num_cat=0
split_feature=6 12 13 11 11 14 10
split_gain=0.403759 0.576923 0.712252 0.683816 0.898963 0.579514 0.494215
threshold=-0.76273801799326724 0.01159583409138454 15.775000095367433 0.00066761306825102739 0.0086496038184588082 0.037142264963949019 0.00090086479202544656
decision_type=2 2 2 2 2 2 2
left_child=-1 3 5 -2 -5 6 -3
right_child=1 2 -4 4 -6 -7 -8
leaf_value=-8.9453433010294178e-05 -3.0979778644099627e-06 -3.0609937648045888e-05 -0.00012327465909490226 0.00014690885358856036 8.0746718256986825e-06 9.928996541786733e-05 5.0131821641332076e-06
leaf_weight=155 143 56 154 32 59 28 113
leaf_count=155 143 56 154 32 59 28 113
internal_value=-0.000472974 0.000128204 -0.00115385 0.00205128 0.00543956 0.000837562 -0.000266273
internal_weight=740 585 351 234 91 197 169
internal_count=740 585 351 234 91 197 169
is_linear=0
shrinkage=0.05


Tree=63
num_leaves=8
num_cat=0
split_feature=5 9 10 3 1 6 6
split_gain=0.486833 0.664976 0.476675 0.415465 0.387497 0.39822 0.600334
threshold=0.011021001757926025 0.016136883956017315 -0.0019995702881753781 0.0031231541910582421 -0.014959657178581163 0.52824716553749418 0.88971071138046576
decision_type=2 10 2 2 2 2 2
left_child=4 -2 -3 -4 -1 -6 -7
right_child=1 2 3 -5 5 6 -8
leaf_value=-2.263673100617212e-05 4.1900376842212832e-05 -9.9386779254336853e-05 2.0064985123394876e-05 -8.8600528016256097e-05 -1.0901500792441676e-05 0.00014312075371537638 -6.1472641231484942e-06
leaf_weight=101 52 50 65 27 338 31 84
leaf_count=101 52 50 65 27 338 31 84
internal_value=-0.000454547 0.00170103 -7.04237e-05 0.00206522 -0.00120939 -0.00058499 0.00195652
internal_weight=748 194 142 92 554 453 115
internal_count=748 194 142 92 554 453 115
is_linear=0
shrinkage=0.05


Tree=64
num_leaves=8
num_cat=0
split_feature=9 5 4 10 5 3 4
split_gain=0.361951 0.391909 0.490203 0.522699 0.465547 0.425333 0.542917
threshold=0.16253137431225631 0.010184287452167888 0.019938645705243934 0.0053216631929108313 0.011702737402169724 -0.0010931972175601266 0.015202195359716895
decision_type=10 2 2 2 2 2 2
left_child=1 5 3 4 -3 -1 -7
right_child=-2 2 -4 -5 -6 6 -8
leaf_value=-2.8269098372868309e-05 -0.00012342929337576296 -9.8379798967034952e-06 -7.1773575145600437e-06 3.3560836587526105e-05 4.5219765759011162e-05 1.302035481314207e-05 -5.1730114049721972e-05
leaf_weight=152 44 83 90 49 25 182 114
leaf_count=152 44 83 90 49 25 182 114
internal_value=-0.000602166 -0.000323742 0.0012753 0.00296178 0.00101852 -0.00120536 -0.000101353
internal_weight=739 695 247 157 108 448 296
internal_count=739 695 247 157 108 448 296
is_linear=0
shrinkage=0.05


Tree=65
num_leaves=8
num_cat=0
split_feature=6 10 0 1 1 1 1
split_gain=0.491679 1.01345 0.750056 0.672948 0.31664 0.384442 0.550147
threshold=1.0552433321770283 -0.0014016774424328025 -0.015265334507923277 0.042701678014475782 0.028184827951057704 -0.013391014831133473 -0.01044607446971779
decision_type=2 2 2 2 2 2 2
left_child=2 -2 -1 4 5 -4 -7
right_child=1 -3 3 -5 -6 6 -8
leaf_value=6.2259070199214403e-05 0.00054902757237724098 -4.3310917048591318e-05 -1.9682934882767682e-05 1.4580075709373528e-05 -0.00015905188333537705 5.6964277686568332e-05 -1.8199266558928576e-05
leaf_weight=36 44 74 119 26 64 26 350
leaf_count=36 44 74 119 26 64 26 350
internal_value=-0.00033153 0.00262712 -0.000893721 -0.00132479 -0.00169052 -0.00126263 -0.000478725
internal_weight=739 118 621 585 559 495 376
internal_count=739 118 621 585 559 495 376
is_linear=0
shrinkage=0.05


Tree=66
num_leaves=8
num_cat=0
split_feature=7 8 4 14 14 7 8
split_gain=0.548125 0.832732 1.11361 0.312713 0.55462 0.455606 0.463173
threshold=-0.014114972206058061 -0.00071500738047264301 0.016019086329461186 -0.083456210331023115 -0.042370343814534299 0.036652722105805398 0.046235495953888213
decision_type=2 8 2 2 2 2 8
left_child=-1 2 -2 -3 -5 6 -6
right_child=1 3 -4 4 5 -7 -8
leaf_value=-4.5144078131579833e-05 9.1157343096573235e-06 3.6382468487007649e-05 0.00018051710407620579 -7.55420088179734e-05 4.906355180595198e-06 2.1333682597358056e-05 -4.2184300537857169e-05
leaf_weight=141 52 38 31 78 228 52 120
leaf_count=141 52 38 31 78 228 52 120
internal_value=-6.75688e-05 0.000592653 0.00524096 -0.00015504 -0.000502093 0.000249999 -0.0004023
internal_weight=740 599 83 516 478 400 348
internal_count=740 599 83 516 478 400 348
is_linear=0
shrinkage=0.05


Tree=67
num_leaves=8
num_cat=0
split_feature=7 13 7 10 14 1 5
split_gain=0.402102 0.505227 0.271802 0.489608 0.375498 0.342728 0.322717
threshold=-0.019788816385483906 25.319999694824222 0.035795021435633297 0.0030954007204008209 0.083812216488613714 -0.018447871728273609 0.0096267137675941448
decision_type=2 2 2 2 2 2 2
left_child=-1 2 4 -4 5 -2 -7
right_child=1 -3 3 -5 -6 6 -8
leaf_value=-5.4124789564189704e-05 1.5064074493711431e-05 0.0001393415432946064 -8.7647391658882107e-05 2.6379222362206098e-05 0.00010703130787035491 -1.3400694731091042e-05 -5.5019894881856161e-05
leaf_weight=112 34 25 39 33 46 290 179
leaf_count=112 34 25 39 33 46 290 179
internal_value=-0.00044855 3.09586e-05 -0.000249599 0.00263889 -0.000628416 -0.00102386 -0.00137527
internal_weight=758 646 621 72 549 503 469
internal_count=758 646 621 72 549 503 469
is_linear=0
shrinkage=0.05


Tree=68
num_leaves=8
num_cat=0
split_feature=7 8 3 4 9 7 6
split_gain=0.639142 0.508293 0.52763 0.535425 0.410153 0.349679 0.315543
threshold=0.035795021435633297 0.046235495953888213 0.0087747779650805286 0.012653914918585059 0.084022372942910387 0.024690351997624708 1.6139757790438616
decision_type=2 8 2 2 10 2 2
left_child=1 2 3 -1 -2 6 -5
right_child=4 -3 -4 5 -6 -7 -8
leaf_value=3.9837216778640887e-05 -4.3984566704472599e-05 -5.6283247650865787e-05 2.4543955480065363e-05 -1.4544295389692412e-05 4.0520810087148978e-05 3.0801561100039172e-05 0.00043104349602772062
leaf_weight=26 25 153 25 382 46 49 37
leaf_count=26 25 153 25 382 46 49 37
internal_value=-0.000356663 -0.000833335 -8.67064e-05 -0.000445345 0.00415493 -0.000833335 -0.00130072
internal_weight=743 672 519 494 71 468 419
internal_count=743 672 519 494 71 468 419
is_linear=0
shrinkage=0.05


end of trees

feature_importances:
dist_ma200=50
vix_chg_1d=38
dist_ma50=37
spy_ret_20d=37
parkinson_20=33
dist_ma20=33
spy_ret_5d=33
dvol_z_20=32
ret_20d=31
ret_5d=30
atr_pct=29
overnight_gap=26
ret_1d=18
sector_ret_5d=18
spy_ret_1d=16
vix_level=16
sector_ret_1d=6

parameters:
[boosting: gbdt]
[objective: quantile]
[metric: quantile]
[tree_learner: serial]
[device_type: cpu]
[data_sample_strategy: bagging]
[data: ]
[valid: ]
[num_iterations: 80]
[learning_rate: 0.05]
[num_leaves: 8]
[num_threads: 1]
[seed: 0]
[deterministic: 0]
[force_col_wise: 1]
[force_row_wise: 0]
[histogram_pool_size: -1]
[max_depth: -1]
[min_data_in_leaf: 25]
[min_sum_hessian_in_leaf: 0.001]
[bagging_fraction: 0.9]
[pos_bagging_fraction: 1]
[neg_bagging_fraction: 1]
[bagging_freq: 1]
[bagging_seed: 3]
[bagging_by_query: 0]
[feature_fraction: 0.9]
[feature_fraction_bynode: 1]
[feature_fraction_seed: 2]
[extra_trees: 0]
[extra_seed: 6]
[early_stopping_round: 0]
[early_stopping_min_delta: 0]
[first_metric_only: 0]
[max_delta_step: 0]
[lambda_l1: 0]
[lambda_l2: 0]
[linear_lambda: 0]
[min_gain_to_split: 0]
[drop_rate: 0.1]
[max_drop: 50]
[skip_drop: 0.5]
[xgboost_dart_mode: 0]
[uniform_drop: 0]
[drop_seed: 4]
[top_rate: 0.2]
[other_rate: 0.1]
[min_data_per_group: 100]
[max_cat_threshold: 32]
[cat_l2: 10]
[cat_smooth: 10]
[max_cat_to_onehot: 4]
[top_k: 20]
[monotone_constraints: ]
[monotone_constraints_method: basic]
[monotone_penalty: 0]
[feature_contri: ]
[forcedsplits_filename: ]
[refit_decay_rate: 0.9]
[cegb_tradeoff: 1]
[cegb_penalty_split: 0]
[cegb_penalty_feature_lazy: ]
[cegb_penalty_feature_coupled: ]
[path_smooth: 0]
[interaction_constraints: ]
[verbosity: -1]
[saved_feature_importance_type: 0]
[use_quantized_grad: 0]
[num_grad_quant_bins: 4]
[quant_train_renew_leaf: 0]
[stochastic_rounding: 1]
[linear_tree: 0]
[max_bin: 255]
[max_bin_by_feature: ]
[min_data_in_bin: 3]
[bin_construct_sample_cnt: 200000]
[data_random_seed: 1]
[is_enable_sparse: 1]
[enable_bundle: 1]
[use_missing: 1]
[zero_as_missing: 0]
[feature_pre_filter: 1]
[pre_partition: 0]
[two_round: 0]
[header: 0]
[label_column: ]
[weight_column: ]
[group_column: ]
[ignore_column: ]
[categorical_feature: ]
[forcedbins_filename: ]
[precise_float_parser: 0]
[parser_config_file: ]
[objective_seed: 5]
[num_class: 1]
[is_unbalance: 0]
[scale_pos_weight: 1]
[sigmoid: 1]
[boost_from_average: 1]
[reg_sqrt: 0]
[alpha: 0.9]
[fair_c: 1]
[poisson_max_delta_step: 0.7]
[tweedie_variance_power: 1.5]
[lambdarank_truncation_level: 30]
[lambdarank_norm: 1]
[label_gain: ]
[lambdarank_position_bias_regularization: 0]
[eval_at: ]
[multi_error_top_k: 1]
[auc_mu_weights: ]
[num_machines: 1]
[local_listen_port: 12400]
[time_out: 120]
[machine_list_filename: ]
[machines: ]
[gpu_platform_id: -1]
[gpu_device_id: -1]
[gpu_device_id_list: ]
[gpu_use_dp: 0]
[num_gpu: 1]

end of parameters

pandas_categorical:[]
