tree
version=v4
num_class=1
num_tree_per_iteration=1
label_index=0
max_feature_idx=16
objective=quantile
feature_names=ret_1d ret_5d ret_20d overnight_gap atr_pct parkinson_20 dvol_z_20 dist_ma20 dist_ma50 dist_ma200 spy_ret_1d spy_ret_5d spy_ret_20d vix_level vix_chg_1d sector_ret_1d sector_ret_5d
feature_infos=[-0.17745222634793312:0.15487887455583205] [-0.18627450980392157:0.23997669976279945] [-0.31988070639803379:0.35683009395986165] [-0.15348791832410025:0.10780118061763844] [0.01537732960468084:0.07831192553599757] [0.0093717913437247856:0.034879502317292047] [-2.3076173039379095:4.1416496086311438] [-0.20691796798521467:0.18279389127135892] [-0.30793462290846463:0.20916616581417569] [-0.47471386356131162:0.38007739760285153] [-0.058542971330535654:0.10501930183911301] [-0.11496151859245618:0.082843162776128354] [-0.1226559005192206:0.15756591020035837] [11.859999656677246:52.330001831054688] [-0.35753873962348437:0.74039073966007019] [-0.068247998544687438:0.13425697132599002] [-0.13587196028298487:0.11773217696052685]
tree_sizes=840 868 858 864 857 866 869 867 853 858 859 860 858 855 855 857 869 858 851 861 865 867 868 866 862 857 862 872 869 857 859 860 867 867 857 862 861 850

Tree=0
num_leaves=8
num_cat=0
split_feature=8 12 8 12 6 2 8
split_gain=1.79782 0.940695 1.00202 0.526201 0.52071 0.380635 0.907373
threshold=-0.076743023862957047 0.014344491575221776 -0.11995980792963755 -0.0086076818895993706 2.0904887668291683 -0.021965516965179285 0.009502400443125893
decision_type=10 2 10 2 2 2 10
left_child=1 2 3 -1 5 -2 -7
right_child=4 -3 -4 -5 -6 6 -8
leaf_value=-0.026312107120788877 -0.025770344671740768 -0.0261901086189919 -0.027039457252448634 -0.027975417502130159 -0.026408269581876014 -0.026517220917383177 -0.02582825403365855
leaf_weight=45 130 56 40 28 36 93 318
leaf_count=45 130 56 40 28 36 93 318
internal_value=-0.026437 -0.0309725 -0.0335985 -0.0301133 -0.0251086 -0.0247212 -0.025467
internal_weight=746 169 113 73 577 541 411
internal_count=746 169 113 73 577 541 411
is_linear=0
shrinkage=1


Tree=1
num_leaves=8
num_cat=0
split_feature=8 4 9 11 9 3 11
split_gain=1.74962 0.778156 1.12359 1.31419 0.641026 0.365945 0.397047
threshold=-0.087363215465104602 0.060131787251797804 -0.15179169411301138 0.0015109510563884323 -0.10629167856270964 -0.0036810987514313549 -0.0026220497317853693
decision_type=10 2 10 2 10 2 2
left_child=1 2 3 -1 -4 -2 -7
right_child=5 -3 4 -5 -6 6 -8
leaf_value=-0.00044507138435901939 0.00048241939004158881 0.0003651689584917864 0.00045841132947495853 -0.0014641566181200266 -0.00085493276721063766 -0.00011799227736453682 0.00027536775716269668
leaf_weight=39 150 26 25 36 27 113 317
leaf_count=39 150 26 25 36 27 113 317
internal_value=-4.77488e-05 -0.00480392 -0.00641732 -0.0103333 -0.000769231 0.0012069 0.000465116
internal_weight=733 153 127 75 52 580 430
internal_count=733 153 127 75 52 580 430
is_linear=0
shrinkage=0.05


Tree=2
num_leaves=8
num_cat=0
split_feature=8 9 12 4 13 6 16
split_gain=1.45867 0.58713 0.636364 0.91746 0.619571 0.758722 0.485264
threshold=-0.15991487041667393 -0.098293226315262036 0.012875909391154241 0.043926531715788454 16.775000572204593 1.9119195938917029 1.0000000180025095e-35
decision_type=10 8 2 2 2 2 2
left_child=6 2 3 -2 5 -3 -1
right_child=1 4 -4 -5 -6 -7 -8
leaf_value=-0.00047870767957783274 -0.0010680938159445396 0.00011106564192511007 5.465230301111707e-05 -0.00010543237406233067 0.00038531805351072152 -0.00045752362021107492 -0.00062884793493654429
leaf_weight=34 28 327 36 35 234 26 25
leaf_count=34 28 327 36 35 234 26 25
internal_value=-0.000167785 0.00048105 -0.00308081 -0.00611111 0.00108177 -0.000240793 -0.00771186
internal_weight=745 686 99 63 587 353 59
internal_count=745 686 99 63 587 353 59
is_linear=0
shrinkage=0.05


Tree=3
num_leaves=8
num_cat=0
split_feature=8 10 9 4 16 7 11
split_gain=0.808277 0.509869 0.49301 0.622222 0.514792 0.819711 0.56209
threshold=-0.15991487041667393 0.0015949691897426679 -0.15179169411301138 0.046323197320675809 0.033825580675630913 0.055917810542677311 0.010325604265528312
decision_type=10 2 8 2 2 2 2
left_child=1 -1 3 -2 5 -4 -7
right_child=2 -3 4 -5 -6 6 -8
leaf_value=-0.00027231654071129463 -0.00056003321651504302 -0.00059740553818971715 0.00018886114179312275 3.0554751412774199e-05 0.00046166698037664305 -4.5041090743993033e-05 -0.00079123343983633187
leaf_weight=37 28 25 447 35 107 33 25
leaf_count=37 28 25 447 35 107 33 25
internal_value=-2.03526e-05 -0.00548387 0.000481482 -0.00373016 0.000915033 0.000247525 -0.00534483
internal_weight=737 62 675 63 612 505 58
internal_count=737 62 675 63 612 505 58
is_linear=0
shrinkage=0.05


Tree=4
num_leaves=8
num_cat=0
split_feature=8 8 15 5 7 8 6
split_gain=1.3097 0.830852 1.13814 0.662094 0.410264 0.53969 1.77709
threshold=-0.087363215465104602 -0.093489873222248651 0.002661722857901561 0.021933739358209029 -0.011731803452608712 0.01504714308127464 -0.14171508430305804
decision_type=10 8 2 2 2 10 2
left_child=1 2 -1 -4 -2 6 -6
right_child=4 -3 3 -5 5 -7 -8
leaf_value=0.00018507869955147342 0.00036586471119623627 -0.00038136209345690064 -0.0018675677395752919 -0.00015053743605748861 0.00010498024990529808 0.00019329978045051516 -0.00087412508934786668
leaf_weight=55 153 39 25 29 74 322 46
leaf_count=55 153 39 25 29 74 322 46
internal_value=8.74834e-05 -0.00412162 -0.00188073 -0.00703704 0.00113445 0.000361991 -0.0025
internal_weight=743 148 109 54 595 442 120
internal_count=743 148 109 54 595 442 120
is_linear=0
shrinkage=0.05


Tree=5
num_leaves=8
num_cat=0
split_feature=8 12 12 3 16 7 10
split_gain=1.00924 0.930161 0.932027 0.851302 0.410587 0.547888 1.18766
threshold=-0.076743023862957047 0.014344491575221776 -0.0021779841828679087 -0.00096558717355427193 0.036082280554409325 0.055917810542677311 0.0021685217340158274
decision_type=10 2 2 2 2 2 2
left_child=1 2 3 -1 5 -2 -7
right_child=4 -3 -4 -5 -6 6 -8
leaf_value=-0.0011862432636752776 0.00016297294680211763 6.051802808856885e-05 -0.0010648681268831985 0.00021682150746236292 0.00045195471954856875 0.00027631110146647265 -0.00075472685846940521
leaf_weight=46 405 58 29 36 91 36 31
leaf_count=46 405 58 29 36 91 36 31
internal_value=-0.000191257 -0.00357988 -0.00626126 -0.00353659 0.000825933 0.000233051 -0.00395522
internal_weight=732 169 111 82 563 472 67
internal_count=732 169 111 82 563 472 67
is_linear=0
shrinkage=0.05


Tree=6
num_leaves=8
num_cat=0
split_feature=8 11 6 10 11 0 10
split_gain=0.986195 0.570032 0.476443 0.911998 0.391841 0.383321 0.860392
threshold=-0.15991487041667393 0.020793253578218044 1.3656156432042568 -0.00053944274453426855 0.0029094650612268018 -0.013464294036513112 -0.0068180084305178293
decision_type=10 2 2 2 2 2 2
left_child=4 2 5 -4 -1 -2 -7
right_child=1 -3 3 -5 -6 6 -8
leaf_value=-0.00028728061266925821 0.00040253185204984233 0.0003948787449736137 0.00054804121624146894 -0.00064328639585562244 -0.00095131331938519089 -0.00073256242372876862 4.7790593411104849e-05
leaf_weight=40 98 110 26 35 26 25 384
leaf_count=40 98 110 26 35 26 25 384
internal_value=0.000228495 0.00079646 0.000158451 -0.00401639 -0.00560606 0.00066075 -1.22248e-05
internal_weight=744 678 568 61 66 507 409
internal_count=744 678 568 61 66 507 409
is_linear=0
shrinkage=0.05


Tree=7
num_leaves=8
num_cat=0
split_feature=8 11 7 11 8 7 6
split_gain=1.11754 0.403294 0.622468 0.897268 0.631082 0.80585 0.742839
threshold=-0.15991487041667393 0.020793253578218044 0.049803178100857 0.012360939559302066 0.05393019732780225 -0.0061619944164237319 -0.76071374587244578
decision_type=10 2 2 2 10 2 2
left_child=-1 2 4 -4 5 -2 -7
right_child=1 -3 3 -5 -6 6 -8
leaf_value=-0.00048417814461496148 0.00025231325167885998 0.00039282007079479494 3.0965996461986579e-05 -0.00089569563033802414 0.00035738116675955992 0.00015101688313779598 -0.00028805823396136417
leaf_weight=62 238 105 58 28 115 32 102
leaf_count=62 238 105 58 28 115 32 102
internal_value=0.000135135 0.000722714 0.000200698 -0.00372093 0.000893224 -0.000107527 -0.00320895
internal_weight=740 678 573 86 487 372 134
internal_count=740 678 573 86 487 372 134
is_linear=0
shrinkage=0.05


Tree=8
num_leaves=8
num_cat=0
split_feature=8 4 1 7 6 8 7
split_gain=0.921472 0.525 0.39645 0.555975 0.816065 0.530551 0.684413
threshold=-0.15016601007375721 0.03856289063399481 0.042870879605347641 0.049803178100857 -0.26056874882010478 0.05393019732780225 -0.011731803452608712
decision_type=10 2 2 2 2 10 2
left_child=1 -1 3 5 -5 6 -2
right_child=2 -3 -4 4 -6 -7 -8
leaf_value=-0.00061146388485883553 0.00015521601314821251 -0.00043166421101854954 0.00031770590816592868 0.00013169839892925524 -0.00096811700919711594 0.00028729123294204191 -0.00021989672100377079
leaf_weight=30 221 40 132 28 25 124 161
leaf_count=30 221 40 132 28 25 124 161
internal_value=0.000466492 -0.005 0.00102026 0.000438283 -0.00443396 0.000948617 2.61782e-05
internal_weight=761 70 691 559 53 506 382
internal_count=761 70 691 559 53 506 382
is_linear=0
shrinkage=0.05


Tree=9
num_leaves=8
num_cat=0
split_feature=5 4 13 13 13 15 5
split_gain=1.27602 0.789499 0.494057 0.508053 0.363902 0.727714 0.732201
threshold=0.019643844846641573 0.03856289063399481 25.319999694824222 19.520000457763675 16.894999504089359 0.00048704878962169135 0.015218312149152957
decision_type=2 2 2 2 2 2 2
left_child=4 -2 3 -3 5 6 -1
right_child=1 2 -4 -5 -6 -7 -8
leaf_value=-0.00056167434031703916 -0.00037889261128594626 -0.0013907245232173083 -0.00062404475933464424 0.00013178815030440483 0.00036587777603013882 0.00021293965397401696 1.5466850335749118e-05
leaf_weight=61 36 39 28 44 206 233 91
leaf_count=61 36 39 28 44 206 233 91
internal_value=0.000325203 -0.00384354 -0.00175676 0.000180723 0.0013621 0.000454546 -0.00223684
internal_weight=738 147 111 83 591 385 152
internal_count=738 147 111 83 591 385 152
is_linear=0
shrinkage=0.05


Tree=10
num_leaves=8
num_cat=0
split_feature=8 16 11 7 4 6 11
split_gain=0.709728 0.558584 0.596273 1.02083 0.8775 0.434238 0.411465
threshold=-0.076743023862957047 0.0345124392496673 0.0039565944761287284 -0.051821695890173484 0.036815965906213437 -0.75605593621604406 0.020793253578218044
decision_type=10 2 2 2 2 2 2
left_child=1 2 3 4 -1 -2 -7
right_child=5 -3 -4 -5 -6 6 -8
leaf_value=0.00040037490769108549 0.00026393592794927821 -0.00076973556898818352 0.00010728231156279726 -0.00071000335220799396 -0.0016043043283785056 -2.3047402519086084e-05 0.0006331575408210433
leaf_weight=39 108 29 42 32 25 391 82
leaf_count=39 108 29 42 32 25 391 82
internal_value=0.000387701 -0.00248503 -0.00115942 -0.00333333 0.0003125 0.00121343 0.000560254
internal_weight=748 167 138 96 64 581 473
internal_count=748 167 138 96 64 581 473
is_linear=0
shrinkage=0.05


Tree=11
num_leaves=8
num_cat=0
split_feature=8 5 5 6 5 14 1
split_gain=0.616089 1.32706 1.02474 0.667176 0.502322 0.39421 0.367092
threshold=0.01504714308127464 0.015162068732122756 0.019982615934914908 0.33302707919563135 0.026407884318472481 -0.056925165822572281 -0.01507446842913651
decision_type=10 2 2 2 2 2 2
left_child=1 -1 5 4 -4 -3 -7
right_child=-2 2 3 -5 -6 6 -8
leaf_value=-0.00061835427554496239 0.00022216889774968245 -0.00036569154018185321 -0.00032690514760739522 -0.0020553737889559445 6.6418259685627629e-05 0.00040428218636673861 3.1104973099853117e-05
leaf_weight=37 353 39 31 34 48 98 106
leaf_count=37 353 39 31 34 48 98 106
internal_value=0.000509384 -0.000852417 8.42698e-05 -0.00384956 -0.00132911 0.00191358 0.00279412
internal_weight=746 393 356 113 79 243 204
internal_count=746 393 356 113 79 243 204
is_linear=0
shrinkage=0.05


Tree=12
num_leaves=8
num_cat=0
split_feature=13 15 6 10 12 13 1
split_gain=0.550988 1.16936 0.439799 0.805164 0.420904 0.400281 0.396884
threshold=20.980000495910648 0.0073154741598715498 1.5515660417614952 -0.00053944274453426855 -0.040334954813934058 19.159999847412113 0.042870879605347641
decision_type=2 2 2 2 2 2 2
left_child=2 4 5 -4 -2 6 -1
right_child=1 -3 3 -5 -6 -7 -8
leaf_value=9.9994466880300979e-06 -4.7531271193706627e-05 -0.0013732929681036022 0.00057544382312983754 -0.00060930812427462675 0.00017507171261130105 0.00056871569764486236 0.00041495086089503568
leaf_weight=408 27 31 28 34 41 67 90
leaf_count=408 27 31 28 34 41 67 90
internal_value=0.000385675 -0.00308081 0.000933015 -0.00306452 0.000588235 0.00137168 0.000883534
internal_weight=726 99 627 62 68 565 498
internal_count=726 99 627 62 68 565 498
is_linear=0
shrinkage=0.05


Tree=13
num_leaves=8
num_cat=0
split_feature=8 13 8 6 7 16 3
split_gain=1.00441 0.697849 0.51932 0.358572 0.238449 0.492107 0.41146
threshold=-0.15016601007375721 25.319999694824222 -0.17683558442904043 2.0904887668291683 -0.011731803452608712 -0.0112887106695414 -0.00014817496406233086
decision_type=10 2 8 2 2 2 2
left_child=2 3 -1 4 -2 6 -6
right_child=1 -3 -4 -5 5 -7 -8
leaf_value=8.3824308484049641e-05 0.00025156593319083058 -0.000258177963007387 -0.00038466993937665554 -0.00011709521817739133 0.00055857272022809246 0.00014001491197122143 -0.00084930488735811326
leaf_weight=31 202 26 41 38 28 347 29
leaf_count=31 202 26 41 38 28 347 29
internal_value=0.000889488 0.00149254 -0.00472222 0.00181677 0.00211221 0.00141089 -0.00289474
internal_weight=742 670 72 644 606 404 57
internal_count=742 670 72 644 606 404 57
is_linear=0
shrinkage=0.05


Tree=14
num_leaves=8
num_cat=0
split_feature=8 5 14 8 1 13 7
split_gain=0.952434 0.418981 0.549819 0.398125 0.375927 0.56675 0.512504
threshold=-0.15991487041667393 0.025563050183502977 -0.01786915050429105 -0.17683558442904043 0.042870879605347641 17.840000152587894 0.051203330054500069
decision_type=10 2 2 8 2 2 2
left_child=3 4 -3 -1 5 6 -2
right_child=1 2 -4 -5 -6 -7 -8
leaf_value=-0.00052513402346945264 2.5221133377536711e-05 -0.0010919730768636268 0.00010749393497267071 -0.0002915928274446212 0.0003799094723818384 0.00029840187638698702 -0.00087917962501689567
leaf_weight=26 326 26 29 36 107 137 37
leaf_count=26 326 26 29 36 107 137 37
internal_value=0.000441989 0.000996979 -0.00318182 -0.00548387 0.00137562 0.0008 -0.00023416
internal_weight=724 662 55 62 607 500 363
internal_count=724 662 55 62 607 500 363
is_linear=0
shrinkage=0.05


Tree=15
num_leaves=8
num_cat=0
split_feature=9 5 3 4 5 1 13
split_gain=0.644257 0.561822 0.42553 0.57045 0.953203 1.61331 0.730845
threshold=-0.15179169411301138 0.029094771923138255 0.0014995828762638388 0.022879336892172763 0.015231380874633686 0.0020541682754812167 21.134999275207523
decision_type=8 2 2 2 2 2 2
left_child=1 -1 3 -2 5 -5 -6
right_child=2 -3 -4 4 6 -7 -8
leaf_value=-0.0011919062332333146 0.00028605048938686544 0.00036778066117332709 0.00023339501249949863 -0.00096003736624801083 6.168526084608028e-05 0.00060810739503381641 -0.00081762316019007232
leaf_weight=57 90 32 299 26 172 27 29
leaf_count=57 90 32 299 26 172 27 29
internal_value=0.000560109 -0.00342697 0.00111198 -8.72091e-05 -0.00129921 -0.00726415 0.000273632
internal_weight=732 89 643 344 254 53 201
internal_count=732 89 643 344 254 53 201
is_linear=0
shrinkage=0.05


Tree=16
num_leaves=8
num_cat=0
split_feature=8 10 13 13 15 1 15
split_gain=0.525773 0.44082 0.365645 0.309162 0.386442 0.492609 0.876409
threshold=-0.15991487041667393 0.0015949691897426679 25.319999694824222 18.974999427795414 0.00048704878962169135 0.028702388610055033 -0.0073299846064510668
decision_type=10 2 2 2 2 2 2
left_child=1 -1 3 4 5 6 -2
right_child=2 -3 -4 -5 -6 -7 -8
leaf_value=-5.9095973869939297e-05 2.6354688169006991e-05 -0.0011243866154379198 -0.00041040035014734249 0.00022241361787256439 0.00012703777543304729 0.00047694515603069129 -0.00036972037545833806
leaf_weight=37 88 25 25 125 322 54 75
leaf_count=37 88 25 25 125 322 54 75
internal_value=0.000539281 -0.00387097 0.000936139 0.00115964 0.000640074 -0.000990783 -0.00236196
internal_weight=751 62 689 664 539 217 163
internal_count=751 62 689 664 539 217 163
is_linear=0
shrinkage=0.05


Tree=17
num_leaves=8
num_cat=0
split_feature=8 5 15 9 12 5 9
split_gain=0.368292 1.26731 0.568692 0.482481 0.723331 0.74652 0.297391
threshold=0.009502400443125893 0.015045209935407934 0.017971188635576566 0.31117171954896944 0.027409196484277535 0.015564577056618794 0.12940689560450072
decision_type=10 2 2 8 2 2 8
left_child=1 -1 6 -2 -5 -6 -3
right_child=3 2 -4 4 5 -7 -8
leaf_value=-0.00063165450288415808 0.0002707235439392889 1.7317380429863817e-05 -0.00037997829706292423 0.00025100558381956626 -0.000899070256895543 5.9732784749958087e-05 0.00037462234142665368
leaf_weight=25 259 238 33 46 25 33 85
leaf_count=25 259 238 33 46 25 33 85
internal_value=0.000967742 -0.00011811 0.000646068 0.00210744 -0.000769231 -0.00448276 0.00128483
internal_weight=744 381 356 363 104 58 323
internal_count=744 381 356 363 104 58 323
is_linear=0
shrinkage=0.05


Tree=18
num_leaves=8
num_cat=0
split_feature=8 2 9 6 13 14 3
split_gain=0.431322 0.664927 0.676886 0.66337 0.526107 0.435717 0.64
threshold=0.01504714308127464 0.014734409239739456 0.086474407737499939 1.3053218307678489 16.894999504089359 -0.0029443342389950384 -1.0000000180025095e-35
decision_type=10 2 8 2 2 2 2
left_child=1 3 -3 -1 5 -2 -7
right_child=4 2 -4 -5 -6 6 -8
leaf_value=4.5266239615211113e-05 0.00029133223813660283 -4.2313735597817453e-05 -0.00017077444917567696 -0.0012824483624112521 0.00044114475077851323 6.7612346119139821e-05 -0.00057280013111438849
leaf_weight=305 133 29 28 36 119 50 50
leaf_count=305 133 29 28 36 119 50 50
internal_value=0.0006 -0.000527638 -0.00552632 0.000307918 0.001875 0.000493562 -0.002
internal_weight=750 398 57 341 352 233 100
internal_count=750 398 57 341 352 233 100
is_linear=0
shrinkage=0.05


Tree=19
num_leaves=8
num_cat=0
split_feature=8 5 10 13 3 13 11
split_gain=0.476815 0.891576 0.618331 1.15132 0.436015 0.377162 0.502225
threshold=0.01504714308127464 0.014889884310051874 0.0073562807386337034 18.510000228881839 -0.01807393461328027 14.119999885559084 0.012360939559302066
decision_type=10 2 2 2 2 2 2
left_child=1 -1 4 -4 -3 6 -2
right_child=5 2 3 -5 -6 -7 -8
leaf_value=-0.0005077118782859007 0.00024123181309679644 -0.00085533933940337356 0.00032788970104322243 -0.0010596843631544047 5.601877299575961e-05 0.00026127032546319288 -0.00034423411815400211
leaf_weight=29 67 25 43 31 274 221 51
leaf_count=29 67 25 43 31 274 221 51
internal_value=0.000816464 -0.000348259 0.000308311 -0.00378378 0.00132107 0.00219764 -8.47456e-05
internal_weight=741 402 373 74 299 339 118
internal_count=741 402 373 74 299 339 118
is_linear=0
shrinkage=0.05


Tree=20
num_leaves=8
num_cat=0
split_feature=15 15 0 5 14 1 1
split_gain=0.348796 0.330538 0.56781 0.685574 0.618904 0.66965 0.596286
threshold=-0.025947713901271593 -0.010133320504243591 -0.015820628177508119 0.017767523634669942 0.0071322940265206034 -0.0075880328576758962 0.015690781019764181
decision_type=2 2 2 2 2 2 2
left_child=-1 -2 3 -3 -4 -6 -7
right_child=1 2 4 -5 5 6 -8
leaf_value=-0.0011328681798996551 0.00036374964131089243 4.1653393248356705e-05 0.00010854027751896563 -0.0015414318748052742 0.00029078530870819757 -0.00045444443220314158 -3.5574019199825674e-06
leaf_weight=25 106 29 397 32 41 46 63
leaf_count=25 106 29 397 32 41 46 63
internal_value=0.000805142 0.0010084 0.000559211 -0.00401639 0.00106947 -0.00166667 -0.0037156
internal_weight=739 714 608 61 547 150 109
internal_count=739 714 608 61 547 150 109
is_linear=0
shrinkage=0.05


Tree=21
num_leaves=8
num_cat=0
split_feature=8 6 11 7 6 4 7
split_gain=0.742998 0.587127 0.274486 0.360704 0.74941 0.645608 0.662291
threshold=-0.15016601007375721 -0.26056874882010478 0.020793253578218044 -0.011731803452608712 -0.72871003034896076 0.022731937633800298 0.025976902786615467
decision_type=10 2 2 2 2 2 2
left_child=1 -1 3 4 -2 -5 -7
right_child=2 -3 -4 5 -6 6 -8
leaf_value=6.1678487139437229e-05 -0.00031996676708012618 -0.0015776451498792105 0.000203578228479006 0.00020562104997926217 0.00024246190312992688 -0.00044029980272065818 6.9402480293729901e-05
leaf_weight=34 40 37 105 117 173 133 107
leaf_count=34 40 37 105 117 173 133 107
internal_value=0.000710456 -0.00415493 0.00122222 0.000789474 0.00241784 -0.000182073 -0.00166667
internal_weight=746 71 675 570 213 357 240
internal_count=746 71 675 570 213 357 240
is_linear=0
shrinkage=0.05


Tree=22
num_leaves=8
num_cat=0
split_feature=11 10 0 12 12 13 7
split_gain=0.453266 0.395736 0.890234 0.666254 0.826095 0.725452 0.473883
threshold=0.020793253578218044 -0.004854933316951914 -0.0034331099411353812 -0.0033130043707785268 -0.032606247407298776 18.974999427795414 0.055917810542677311
decision_type=2 2 2 2 2 2 2
left_child=1 2 -1 4 -3 -6 -5
right_child=-2 3 -4 6 5 -7 -8
leaf_value=0.00038880912863383725 0.00019339931816783618 3.3508727614208032e-05 -0.00035254126315889528 8.745732292995685e-05 -0.00073817082087541301 -0.00033971430653047892 -6.0044991165346206e-05
leaf_weight=119 115 41 38 311 30 28 58
leaf_count=119 115 41 38 311 30 28 58
internal_value=0.000810811 0.00028 0.00245223 -0.000448718 -0.00409091 -0.00793103 0.000528455
internal_weight=740 625 157 468 99 58 369
internal_count=740 625 157 468 99 58 369
is_linear=0
shrinkage=0.05


Tree=23
num_leaves=8
num_cat=0
split_feature=5 10 13 14 12 1 7
split_gain=0.429409 1.06822 0.491249 0.689224 0.572999 0.442668 0.56713
threshold=0.019859686960612404 0.0034066774365857371 17.914999961853031 0.004407866869301503 0.040667203232477307 0.021866638686529386 -0.011731803452608712
decision_type=2 2 2 2 2 2 2
left_child=2 -2 3 -1 5 6 -5
right_child=1 -3 -4 4 -6 -7 -8
leaf_value=0.00017332880807858518 6.8684428706163486e-05 -0.0011810535362239594 0.00016272255383229959 3.3430547493668962e-05 -0.00041274375361870837 0.00023063671454741309 -0.00095806643412345782
leaf_weight=284 84 51 145 60 35 40 48
leaf_count=284 84 51 145 60 35 40 48
internal_value=0.000515395 -0.00203704 0.00107843 0.000289079 -0.00210382 -0.000743243 -0.00240741
internal_weight=747 135 612 467 183 148 108
internal_count=747 135 612 467 183 148 108
is_linear=0
shrinkage=0.05


Tree=24
num_leaves=8
num_cat=0
split_feature=7 11 16 13 13 13 3
split_gain=0.344136 0.478152 0.539691 0.34507 0.462857 0.597549 0.520711
threshold=-0.091816420773904048 0.020793253578218044 0.032438032132950496 25.19999980926514 16.914999961853031 15.375000000000002 0.0014995828762638388
decision_type=2 2 2 2 2 2 2
left_child=-1 2 3 4 5 -2 -7
right_child=1 -3 -4 -5 -6 6 -8
leaf_value=-0.0014460673225762544 0.00013790173227192396 0.00012967300751657516 -0.00016020241910828209 -0.00037470174335152678 0.00020375585585969834 -0.0004418171425412067 7.2123039881129717e-05
leaf_weight=33 194 113 47 26 225 58 48
leaf_count=33 194 113 47 26 225 58 48
internal_value=0.000900538 0.00113221 0.000568562 0.00100726 0.00128571 1.86265e-10 -0.00301887
internal_weight=744 711 598 551 525 300 106
internal_count=744 711 598 551 525 300 106
is_linear=0
shrinkage=0.05


Tree=25
num_leaves=8
num_cat=0
split_feature=6 10 16 7 10 14 1
split_gain=0.432255 0.980329 0.429407 0.739685 1.20832 0.371753 0.375425
threshold=1.5515660417614952 -0.00053944274453426855 0.036826810136926132 0.055917810542677311 0.0021685217340158274 -0.069744182185856193 0.023719860044919442
decision_type=2 2 2 2 2 2 2
left_child=2 -2 3 5 -5 -1 -7
right_child=1 -3 -4 4 -6 6 -8
leaf_value=0.00025519443645337093 0.00056865239603542592 -0.00081960684241883159 0.00024164950925347373 0.00037336993814237604 -0.00067163847531082803 5.65265185844297e-06 0.00013683061374428543
leaf_weight=58 32 37 108 31 25 376 83
leaf_count=58 32 37 108 31 25 376 83
internal_value=0.0008 -0.00297101 0.00118209 0.000636998 -0.00482143 0.00122824 0.000751634
internal_weight=750 69 681 573 56 517 459
internal_count=750 69 681 573 56 517 459
is_linear=0
shrinkage=0.05


Tree=26
num_leaves=8
num_cat=0
split_feature=9 6 9 11 16 11 4
split_gain=0.327243 0.428165 0.700574 0.288905 0.315336 0.299923 0.411351
threshold=0.30668872658810548 1.3053218307678489 -0.060500277036578835 0.024405077895535147 -0.026391808934725033 -0.015548352361618832 0.023991858874562639
decision_type=10 2 10 2 2 2 2
left_child=1 3 -3 4 -1 -6 -7
right_child=-2 2 -4 -5 5 6 -8
leaf_value=0.00021216524102440931 -5.7320077105513923e-05 -0.0014404462663164868 0.00014488877154137116 0.00022956703363585351 -0.00029600862993033289 0.00030246340527708998 9.1904186212494239e-06
leaf_weight=88 26 36 37 78 26 123 329
leaf_count=88 26 36 37 78 26 123 329
internal_value=0.00089502 0.00109484 -0.00253425 0.00150621 0.00111307 0.000606695 0.00090708
internal_weight=743 717 73 644 566 478 452
internal_count=743 717 73 644 566 478 452
is_linear=0
shrinkage=0.05


Tree=27
num_leaves=8
num_cat=0
split_feature=9 0 14 15 14 1 16
split_gain=0.360925 0.381728 0.526758 0.610479 0.607573 0.604004 0.794988
threshold=0.30569916151460047 0.011118491106545727 -0.049735428455543622 0.0059886550960652771 -0.0029443342389950384 -0.021039639876529844 0.0053683645538914479
decision_type=10 2 2 2 2 2 2
left_child=1 2 3 -1 -4 -6 -7
right_child=-2 -3 4 -5 5 6 -8
leaf_value=0.00023310658179704911 -5.6893958946111048e-05 0.0001766743767937643 0.00021566241491106781 -0.00081575715599409868 0.00026217299374135019 -0.00022295194272682584 7.6910282551849343e-05
leaf_weight=30 25 213 161 39 104 84 89
leaf_count=30 25 213 161 39 104 84 89
internal_value=0.00090604 0.00111111 0.000364892 -0.00369565 0.00100457 -0.000415162 -0.00222543
internal_weight=745 720 507 69 438 277 173
internal_count=745 720 507 69 438 277 173
is_linear=0
shrinkage=0.05


Tree=28
num_leaves=8
num_cat=0
split_feature=3 6 12 6 15 16 5
split_gain=0.354614 0.718884 0.875098 0.691204 0.931813 0.816843 0.794558
threshold=0.00087613020091670279 -0.37898824835358752 -0.016111251712643489 -0.93549179756686784 0.0059886550960652771 0.00023795238460544435 0.016257389219841042
decision_type=2 2 2 2 2 2 2
left_child=1 2 -1 -4 5 -5 -7
right_child=-2 -3 3 4 -6 6 -8
leaf_value=-0.00038674549571007317 8.1035949752756298e-05 0.00013903562490727716 0.0004488723533435466 0.00016387288924362811 0.00019123100002515128 -0.0001967552236113476 -0.00030863093911863264
leaf_weight=29 378 203 36 27 27 25 27
leaf_count=29 378 203 36 27 27 25 27
internal_value=0.00087766 -0.000213904 -0.00260234 -0.000985915 -0.00301887 -0.00575949 -0.00942308
internal_weight=752 374 171 142 106 79 52
internal_count=752 374 171 142 106 79 52
is_linear=0
shrinkage=0.05


Tree=29
num_leaves=8
num_cat=0
split_feature=7 11 16 16 8 1 7
split_gain=0.349159 0.289262 0.325793 0.689275 0.335727 0.334879 0.625652
threshold=-0.091816420773904048 0.023858955233929894 0.032438032132950496 0.037843384396831888 0.11973031600061047 0.042650420251583061 0.044882967509585876
decision_type=2 2 2 2 8 2 2
left_child=-1 2 4 -4 5 6 -2
right_child=1 -3 3 -5 -6 -7 -8
leaf_value=-0.0013120650877353147 6.6449917812804802e-05 0.00020081807072225646 -0.00031183959311901284 0.00016214572719506042 0.00051556453949848401 0.00019371920006147582 -0.00061094483769548219
leaf_weight=35 415 80 26 36 63 50 25
leaf_count=35 415 80 26 36 63 50 25
internal_value=0.00130137 0.00154676 0.00117886 -0.00225806 0.0015642 0.00112245 0.000681818
internal_weight=730 695 615 62 553 490 440
internal_count=730 695 615 62 553 490 440
is_linear=0
shrinkage=0.05


Tree=30
num_leaves=8
num_cat=0
split_feature=9 8 5 6 14 13 3
split_gain=0.684677 0.250079 0.606252 1.71958 0.457415 0.449836 0.326825
threshold=0.30668872658810548 0.03893406502764097 0.014699129521777149 1.0000000180025095e-35 -0.056925165822572281 18.510000228881839 0.013460330804319411
decision_type=10 10 2 2 2 2 2
left_child=1 2 3 -1 5 -4 -6
right_child=-2 -3 4 -5 6 -7 -8
leaf_value=-0.0007754629699333644 -7.8602371703924886e-05 0.00022385427765456612 0.00018057357394572643 0.00080976878439447298 7.3616697812680341e-05 -0.00047408508606876562 -0.00010829884058139938
leaf_weight=28 25 257 39 26 300 29 33
leaf_count=28 25 257 39 26 300 29 33
internal_value=0.00113297 0.00141854 0.000714286 -0.00425926 0.00138404 -0.00235294 0.00214715
internal_weight=737 712 455 54 401 68 333
internal_count=737 712 455 54 401 68 333
is_linear=0
shrinkage=0.05


Tree=31
num_leaves=8
num_cat=0
split_feature=0 12 8 9 1 6 9
split_gain=0.377978 0.587691 0.951923 0.420072 0.638201 1.03778 1.93145
threshold=0.016968863884490707 0.052411993463065805 0.1106559883222943 0.13483059174710679 0.02477335243514767 -0.56132977071884105 -0.034832954549121879
decision_type=2 2 10 8 2 2 10
left_child=1 2 3 4 5 6 -1
right_child=-2 -3 -4 -5 -6 -7 -8
leaf_value=-0.00019792188878260499 0.00011766194349574721 0.00036749554951084765 -0.00013974351506957521 0.000147808453796059 0.00038634377315787793 1.0467609985466604e-05 -0.00057181769998151119
leaf_weight=43 135 58 39 236 50 144 26
leaf_count=43 135 58 39 236 50 144 26
internal_value=0.000759234 0.000218121 -0.000297398 0.000290581 -0.00108365 -0.002277 -0.00731884
internal_weight=731 596 538 499 263 213 69
internal_count=731 596 538 499 263 213 69
is_linear=0
shrinkage=0.05


Tree=32
num_leaves=8
num_cat=0
split_feature=9 8 11 7 6 16 8
split_gain=0.592472 0.495902 0.937512 0.336175 0.485547 0.451755 1.27407
threshold=0.30668872658810548 -0.15016601007375721 0.0029094650612268018 -0.011731803452608712 -0.73021432820617316 0.0039606467991071268 -0.0095423844223498349
decision_type=10 10 2 2 2 2 10
left_child=1 2 -1 4 -3 6 -5
right_child=-2 3 -4 5 -6 -7 -8
leaf_value=4.9192308360757433e-05 -6.392596332830666e-05 -0.0002482731778206977 -0.0010541074014264542 -0.00084534311331745972 0.00019627724452602922 0.00015728633152189403 1.7189526241431217e-05
leaf_weight=44 26 46 26 28 189 265 128
leaf_count=44 26 46 26 28 189 265 128
internal_value=0.00087766 0.00114325 -0.00285714 0.00157012 0.00308511 0.000724466 -0.00141026
internal_weight=752 726 70 656 235 421 156
internal_count=752 726 70 656 235 421 156
is_linear=0
shrinkage=0.05


Tree=33
num_leaves=8
num_cat=0
split_feature=9 2 12 11 10 11 12
split_gain=0.666338 0.436673 0.360429 0.272467 0.248392 0.630043 0.718936
threshold=0.30668872658810548 -0.13443538299633559 -0.0045413562786246189 0.020793253578218044 0.0011530196642344228 0.014319946344864666 0.017951128324421587
decision_type=10 2 2 2 2 2 2
left_child=1 2 -1 4 -3 6 -6
right_child=-2 3 -4 -5 5 -7 -8
leaf_value=8.4593754895676956e-05 -6.4488779198834602e-05 5.5409377834129365e-05 -0.0011475784428636004 0.00014889729538578836 -5.9850573684532853e-05 -0.00060926441000482153 0.00035199530704375703
leaf_weight=27 25 316 30 103 93 43 105
leaf_count=27 25 316 30 103 93 43 105
internal_value=0.00102426 0.00130404 -0.00289474 0.00166667 0.0012298 2.07471e-05 0.00121212
internal_weight=742 717 57 660 557 241 198
internal_count=742 717 57 660 557 241 198
is_linear=0
shrinkage=0.05


Tree=34
num_leaves=8
num_cat=0
split_feature=7 9 12 12 1 5 13
split_gain=0.413072 0.408417 0.256683 0.515728 1.09448 0.361073 0.240308
threshold=-0.10321507339996454 0.30668872658810548 0.043059642208465816 0.035955415841074874 0.0013805805705593424 0.01443941004523089 13.894999980926515
decision_type=2 10 2 2 2 2 2
left_child=-1 2 3 5 -5 -2 -7
right_child=1 -3 -4 4 -6 6 -8
leaf_value=-0.0011328364267426151 0.00042692560264925242 -5.7505226201949627e-05 0.00014124816772597215 0.00037027443966151946 -0.00089768688614851153 0.00047931462317393655 1.1694317061473136e-05
leaf_weight=25 100 26 126 29 25 37 379
leaf_count=25 100 26 126 29 25 37 379
internal_value=0.00131861 0.0015374 0.00176724 0.00131579 -0.00333333 0.00180233 0.00115385
internal_weight=747 722 696 570 54 516 416
internal_count=747 722 696 570 54 516 416
is_linear=0
shrinkage=0.05


Tree=35
num_leaves=8
num_cat=0
split_feature=12 8 1 4 1 14 11
split_gain=0.438963 0.538537 0.379608 0.317291 0.411388 0.822216 1.13916
threshold=0.044382759046859517 0.1106559883222943 0.04240859748633808 0.047504812594389795 -0.0078185281069973449 -0.0029443342389950384 0.0069842899086436381
decision_type=2 10 2 2 2 2 2
left_child=1 2 3 4 -1 -6 -7
right_child=-2 -3 -4 -5 5 6 -8
leaf_value=9.0013363992615461e-05 0.00012409285630767672 -3.657781033425535e-05 0.00019240310890269592 -0.00095104636389493772 0.00025179277948140008 -0.00024279948066126381 0.00012092789661675141
leaf_weight=246 128 40 93 32 106 53 45
leaf_count=246 128 40 93 32 106 53 45
internal_value=0.0011642 0.000609756 0.001 0.000435685 0.000777778 -0.000882353 -0.00418367
internal_weight=743 615 575 482 450 204 98
internal_count=743 615 575 482 450 204 98
is_linear=0
shrinkage=0.05


Tree=36
num_leaves=8
num_cat=0
split_feature=9 4 11 10 13 6 4
split_gain=0.457288 0.628213 0.624049 0.646777 0.733333 0.587119 0.554308
threshold=0.0069310297512221739 0.029791181013729327 0.0039565944761287284 0.0034432931761126944 18.719999313354496 0.59108133421391407 0.025636592152973644
decision_type=8 2 2 2 2 2 2
left_child=2 6 3 4 -1 -4 -2
right_child=1 -3 5 -5 -6 -7 -8
leaf_value=-0.00034266033301212488 3.7241855192047899e-05 0.00031753543221515925 5.281467423070487e-05 -0.0010250121128881837 0.00015294079789020709 -0.0014339415812034666 -5.6336752276093284e-05
leaf_weight=40 252 148 81 35 48 25 124
leaf_count=40 252 148 81 35 48 25 124
internal_value=0.000750332 0.00156489 -0.00111354 -0.00353659 -0.00125 0.00169811 0.000478724
internal_weight=753 524 229 123 88 106 376
internal_count=753 524 229 123 88 106 376
is_linear=0
shrinkage=0.05


Tree=37
num_leaves=8
num_cat=0
split_feature=1 1 7 2 12 4 0
split_gain=0.360585 0.495079 0.460126 0.98 0.396873 0.374834 0.43351
threshold=0.088984196370173976 0.047025646142942364 0.057387719173279679 0.15158350655362632 0.050860094870715973 0.047504812594389795 0.013061075405947699
decision_type=2 2 2 2 2 2 2
left_child=1 2 4 -4 5 6 -1
right_child=-2 -3 3 -5 -6 -7 -8
leaf_value=2.4762432166101409e-06 -1.4755886535532836e-05 0.00018357046878148279 -0.00057624368835197594 0.00049320791735295332 0.00031250546355200362 -0.00075126712284807006 0.00018455845916778781
leaf_weight=397 25 95 25 25 56 38 96
leaf_count=397 25 95 25 25 56 38 96
internal_value=0.000904888 0.00110656 0.000604396 -0.004 0.000996593 0.000574388 0.000943205
internal_weight=757 732 637 50 587 531 493
internal_count=757 732 637 50 587 531 493
is_linear=0
shrinkage=0.05


end of trees

feature_importances:
dist_ma50=32
vix_level=22
dvol_z_20=21
dist_ma20=21
spy_ret_5d=21
ret_5d=18
dist_ma200=18
spy_ret_20d=18
parkinson_20=17
atr_pct=13
spy_ret_1d=13
sector_ret_5d=13
vix_chg_1d=10
sector_ret_1d=10
overnight_gap=9
ret_1d=6
ret_20d=4

parameters:
[boosting: gbdt]
[objective: quantile]
[metric: quantile]
[tree_learner: serial]
[device_type: cpu]
[data_sample_strategy: bagging]
[data: ]
[valid: ]
[num_iterations: 80]
[learning_rate: 0.05]
[num_leaves: 8]
[num_threads: 1]
[seed: 0]
[deterministic: 0]
[force_col_wise: 1]
[force_row_wise: 0]
[histogram_pool_size: -1]
[max_depth: -1]
[min_data_in_leaf: 25]
[min_sum_hessian_in_leaf: 0.001]
[bagging_fraction: 0.9]
[pos_bagging_fraction: 1]
[neg_bagging_fraction: 1]
[bagging_freq: 1]
[bagging_seed: 3]
[bagging_by_query: 0]
[feature_fraction: 0.9]
[feature_fraction_bynode: 1]
[feature_fraction_seed: 2]
[extra_trees: 0]
[extra_seed: 6]
[early_stopping_round: 0]
[early_stopping_min_delta: 0]
[first_metric_only: 0]
[max_delta_step: 0]
[lambda_l1: 0]
[lambda_l2: 0]
[linear_lambda: 0]
[min_gain_to_split: 0]
[drop_rate: 0.1]
[max_drop: 50]
[skip_drop: 0.5]
[xgboost_dart_mode: 0]
[uniform_drop: 0]
[drop_seed: 4]
[top_rate: 0.2]
[other_rate: 0.1]
[min_data_per_group: 100]
[max_cat_threshold: 32]
[cat_l2: 10]
[cat_smooth: 10]
[max_cat_to_onehot: 4]
[top_k: 20]
[monotone_constraints: ]
[monotone_constraints_method: basic]
[monotone_penalty: 0]
[feature_contri: ]
[forcedsplits_filename: ]
[refit_decay_rate: 0.9]
[cegb_tradeoff: 1]
[cegb_penalty_split: 0]
[cegb_penalty_feature_lazy: ]
[cegb_penalty_feature_coupled: ]
[path_smooth: 0]
[interaction_constraints: ]
[verbosity: -1]
[saved_feature_importance_type: 0]
[use_quantized_grad: 0]
[num_grad_quant_bins: 4]
[quant_train_renew_leaf: 0]
[stochastic_rounding: 1]
[linear_tree: 0]
[max_bin: 255]
[max_bin_by_feature: ]
[min_data_in_bin: 3]
[bin_construct_sample_cnt: 200000]
[data_random_seed: 1]
[is_enable_sparse: 1]
[enable_bundle: 1]
[use_missing: 1]
[zero_as_missing: 0]
[feature_pre_filter: 1]
[pre_partition: 0]
[two_round: 0]
[header: 0]
[label_column: ]
[weight_column: ]
[group_column: ]
[ignore_column: ]
[categorical_feature: ]
[forcedbins_filename: ]
[precise_float_parser: 0]
[parser_config_file: ]
[objective_seed: 5]
[num_class: 1]
[is_unbalance: 0]
[scale_pos_weight: 1]
[sigmoid: 1]
[boost_from_average: 1]
[reg_sqrt: 0]
[alpha: 0.1]
[fair_c: 1]
[poisson_max_delta_step: 0.7]
[tweedie_variance_power: 1.5]
[lambdarank_truncation_level: 30]
[lambdarank_norm: 1]
[label_gain: ]
[lambdarank_position_bias_regularization: 0]
[eval_at: ]
[multi_error_top_k: 1]
[auc_mu_weights: ]
[num_machines: 1]
[local_listen_port: 12400]
[time_out: 120]
[machine_list_filename: ]
[machines: ]
[gpu_platform_id: -1]
[gpu_device_id: -1]
[gpu_device_id_list: ]
[gpu_use_dp: 0]
[num_gpu: 1]

end of parameters

pandas_categorical:[]
