tree
version=v4
num_class=1
num_tree_per_iteration=1
label_index=0
max_feature_idx=16
objective=quantile
feature_names=ret_1d ret_5d ret_20d overnight_gap atr_pct parkinson_20 dvol_z_20 dist_ma20 dist_ma50 dist_ma200 spy_ret_1d spy_ret_5d spy_ret_20d vix_level vix_chg_1d sector_ret_1d sector_ret_5d
feature_infos=[-0.077613285974348134:0.069207173614603379] [-0.12127065447757146:0.10535639973427813] [-0.20313119762755294:0.20199475641727616] [-0.096749526262674745:0.091143204704579928] [0.012290202207887017:0.046147795474566641] [0.0075591880159977393:0.02760601331823901] [-2.1896662179567663:4.0004558782838133] [-0.12986792328044572:0.11412648804239311] [-0.15489037120718896:0.16352485085181012] [-0.14474356358741336:0.23810249494094649] [-0.058542971330535654:0.10501930183911301] [-0.11496151859245618:0.082843162776128354] [-0.1226559005192206:0.15756591020035837] [11.859999656677246:52.330001831054688] [-0.35753873962348437:0.74039073966007019] [-0.062590328153952823:0.087383947576493481] [-0.13939752008440254:0.088326450578892102]
tree_sizes=839 877 851 858 861 867 865 865 868 863 873 864 857 869

Tree=0
num_leaves=8
num_cat=0
split_feature=9 6 1 14 3 14 8
split_gain=0.861934 0.819824 1.24858 0.973609 0.87344 0.66448 0.499256
threshold=0.069183340661575513 -0.26604312369382288 -0.0090896127435149947 -0.001242221342315941 0.0038237448831631719 -0.01013918808565367 -0.013114744452164593
decision_type=8 2 2 2 2 2 10
left_child=1 6 3 -3 5 -4 -1
right_child=-2 2 4 -5 -6 -7 -8
leaf_value=0.0019053243299588241 0.0016692827895345955 0.0015892663622728957 0.0021441746222610413 0.0017682825119198248 0.0017911813080692506 0.0018811836907478674 0.0015956537537939069
leaf_weight=76 412 46 26 43 30 29 88
leaf_count=76 412 46 26 43 30 29 88
internal_value=0.00166237 0.00353377 0.00592444 0.00178521 0.0102584 0.0140018 0.000997328
internal_weight=750 338 174 89 85 55 164
internal_count=750 338 174 89 85 55 164
is_linear=0
shrinkage=1


Tree=1
num_leaves=8
num_cat=0
split_feature=12 9 9 1 11 3 3
split_gain=1.25888 0.736466 0.726458 1.48743 0.612971 0.352389 0.480013
threshold=-0.05793872793170584 -0.059636595359570159 0.0022187474358082997 -0.0080076258006003802 -0.014450222774804121 -0.0059942042679334553 0.00059972592245838296
decision_type=2 10 10 2 2 2 2
left_child=-1 -2 3 -3 -4 -6 -7
right_child=1 2 4 -5 5 6 -8
leaf_value=0.00042827545043945417 -0.00011488720334540181 -0.00010215263158966249 0.00015844168971306265 0.00032793128163605709 4.6083825644083354e-05 -0.00010320770908244035 7.8158569121013953e-06
leaf_weight=25 186 45 43 29 49 143 214
leaf_count=25 186 45 43 29 49 143 214
internal_value=-2.72491e-05 -0.00041608 0.000544932 0.00513513 -0.000211582 -0.000812809 -0.00135854
internal_weight=734 709 523 74 449 406 357
internal_count=734 709 523 74 449 406 357
is_linear=0
shrinkage=0.05


Tree=2
num_leaves=8
num_cat=0
split_feature=6 12 0 16 12 11 9
split_gain=1.21709 1.00519 0.824458 0.901365 0.731643 0.5 0.426948
threshold=1.3148127971298018 0.060736878271406176 0.0064475947288932254 -0.0050793667768092568 -0.051373899775069835 0.013766763160974362 -0.0580185634533728
decision_type=2 2 2 2 2 2 10
left_child=1 4 3 -2 -1 -3 -6
right_child=2 5 -4 -5 6 -7 -8
leaf_value=0.00024180012136424536 3.7569997811804393e-05 0.00012992947186828984 -4.5523873001904692e-05 0.00014968741264725319 -0.00013801639910538535 -6.2408006400530553e-05 -6.5864451122946363e-05
leaf_weight=25 27 25 35 30 152 25 430
leaf_count=25 27 25 35 30 152 25 430
internal_value=-6.00813e-05 -0.000814309 0.00532609 0.00903509 -0.00137562 0.006 -0.0017354
internal_weight=749 657 92 57 607 50 582
internal_count=749 657 92 57 607 50 582
is_linear=0
shrinkage=0.05


Tree=3
num_leaves=8
num_cat=0
split_feature=13 3 7 11 3 1 12
split_gain=0.756105 1.11701 1.08481 1.69335 0.99619 2.05726 0.796935
threshold=17.369999885559086 -0.0082557605472716716 -0.024295422467793867 -0.017068850621732742 0.0047420741023433974 0.0055617301014386786 -0.032606247407298776
decision_type=2 2 2 2 2 2 2
left_child=-1 -2 6 -4 5 -5 -3
right_child=1 2 3 4 -6 -7 -8
leaf_value=-5.1858861405592944e-05 -0.00016983924993645096 9.5209782755131507e-05 0.00038435949548421824 -3.4775512932939448e-05 -0.00016059969617286299 0.00032777912475390403 -0.00019762172372334247
leaf_weight=444 61 29 27 49 36 45 52
leaf_count=444 61 29 27 49 36 45 52
internal_value=-8.74844e-05 0.00185619 0.00340336 0.00582802 0.00346154 0.00617021 -0.0012963
internal_weight=743 299 238 157 130 94 81
internal_count=743 299 238 157 130 94 81
is_linear=0
shrinkage=0.05


Tree=4
num_leaves=8
num_cat=0
split_feature=6 0 3 12 12 14 4
split_gain=0.760487 0.800943 1.05408 0.894825 0.712455 0.470095 0.439703
threshold=0.74129724957910248 0.0056935056543357962 -0.0080096898706381574 0.01609265809314964 0.060736878271406176 0.11927434384443127 0.018573237773447094
decision_type=2 2 2 2 2 2 2
left_child=4 2 -2 -4 5 6 -1
right_child=1 -3 3 -5 -6 -7 -8
leaf_value=-0.00010763539415762662 -8.0397869999266323e-05 -4.1685664103050728e-05 0.00030178583430240624 0.00011399687316262331 8.0828233094759863e-05 0.00012499599345054907 -5.6952337874892391e-05
leaf_weight=148 30 68 25 32 46 25 372
leaf_count=148 30 68 25 32 46 25 372
internal_value=-0.000375336 0.00274193 0.00591954 0.00991228 -0.00119289 -0.00169725 -0.00201923
internal_weight=746 155 87 57 591 545 520
internal_count=746 155 87 57 591 545 520
is_linear=0
shrinkage=0.05


Tree=5
num_leaves=8
num_cat=0
split_feature=12 6 5 8 0 12 8
split_gain=0.912464 0.817131 0.599155 0.689749 0.856877 0.456124 0.543653
threshold=0.066825641747697576 0.58179612699870409 0.014753071862198394 0.0029077034865970801 0.0056935056543357962 0.017951128324421587 -0.072321756144019408
decision_type=2 2 2 8 2 2 10
left_child=1 5 3 -3 -5 6 -1
right_child=-2 2 -4 4 -6 -7 -8
leaf_value=-0.00015401993140625307 9.0530362822316572e-05 -9.3387657135016601e-05 0.00013021517282819431 0.00017465350957646757 -8.5503236900425178e-05 -6.5716811127182557e-05 3.8591965913953134e-05
leaf_weight=42 40 46 48 34 39 262 226
leaf_count=42 40 46 48 34 39 262 226
internal_value=0.000156037 -0.000265424 0.00278443 0.000882352 0.00390411 -0.00122642 0.000223879
internal_weight=737 697 167 119 73 530 268
internal_count=737 697 167 119 73 530 268
is_linear=0
shrinkage=0.05


Tree=6
num_leaves=8
num_cat=0
split_feature=12 6 9 12 7 14 12
split_gain=0.649897 0.615624 0.854359 0.666914 0.41567 0.971631 0.540561
threshold=-0.05793872793170584 1.1879878958903602 0.042422117563109769 0.060736878271406176 0.0097362621017286228 0.052213768787031663 0.01159583409138454
decision_type=2 2 10 2 2 2 2
left_child=-1 3 -3 4 -2 6 -6
right_child=1 2 -4 -5 5 -7 -8
leaf_value=0.00031863579778943125 -0.00012085245063906627 0.00011696521413841563 -3.109272758276365e-05 0.0001098652182085968 0.00013721684055807408 6.0761219888932844e-05 -7.5911988389674087e-05
leaf_weight=28 295 50 52 45 73 35 168
leaf_count=28 295 50 52 45 73 35 168
internal_value=2.68085e-05 -0.000264625 0.00333333 -0.000860391 -0.00132224 7.24626e-05 -0.00105809
internal_weight=746 718 102 616 571 276 241
internal_count=746 718 102 616 571 276 241
is_linear=0
shrinkage=0.05


Tree=7
num_leaves=8
num_cat=0
split_feature=6 5 12 8 0 8 11
split_gain=0.650535 0.804276 0.733162 0.703965 1.21697 1.20911 0.478776
threshold=0.25372478894271566 0.015958501051618352 0.066825641747697576 -0.0035786766626002549 0.0056935056543357962 0.058596721657437463 -0.0075284193939237345
decision_type=2 2 2 8 2 8 2
left_child=2 3 6 -2 5 -5 -1
right_child=1 -3 -4 4 -6 -7 -8
leaf_value=2.8760322717808977e-05 -9.3415068957183848e-05 0.00013662901800446213 7.5738345425753985e-05 0.00016434397470099638 -0.00010246973035147904 -4.5875259450797974e-05 -7.1276816195361284e-05
leaf_weight=102 66 36 31 42 76 31 361
leaf_count=102 66 36 31 42 76 31 361
internal_value=-0.000100672 0.00197211 -0.00115385 0.000813952 0.00271812 0.00732877 -0.00165227
internal_weight=745 251 494 215 149 73 463
internal_count=745 251 494 215 149 73 463
is_linear=0
shrinkage=0.05


Tree=8
num_leaves=8
num_cat=0
split_feature=13 3 12 14 8 9 10
split_gain=0.661111 0.90405 0.601179 0.504672 0.982732 0.360013 0.43899
threshold=23.529999732971195 -0.00081881390687199563 0.066825641747697576 0.083812216488613714 0.023263975802479079 0.11442768220403178 0.0031270998422653355
decision_type=2 2 2 2 10 8 2
left_child=2 -2 3 5 -5 6 -1
right_child=1 -3 -4 4 -6 -7 -8
leaf_value=4.9137717440446719e-05 -6.5328599966075826e-05 0.00035578958161778249 8.6268220461638509e-05 -6.9198023748851014e-05 0.00010372834765869279 -6.697365098875964e-05 -7.1454484283152721e-05
leaf_weight=214 34 27 38 34 25 237 155
leaf_count=214 34 27 38 34 25 237 155
internal_value=-0.000157069 0.00483606 -0.000590328 -0.000939851 0.00347458 -0.00136964 -0.000392955
internal_weight=764 61 703 665 59 606 369
internal_count=764 61 703 665 59 606 369
is_linear=0
shrinkage=0.05


Tree=9
num_leaves=8
num_cat=0
split_feature=9 7 12 12 5 14 6
split_gain=0.777472 0.782609 0.897392 1.11992 0.651885 0.608916 0.414391
threshold=0.059171892067712124 -0.020963578313757388 0.013329890655183642 0.060736878271406176 0.015502062550124995 0.090336443973437111 0.25372478894271566
decision_type=8 2 2 2 2 2 2
left_child=1 -1 4 -4 -3 6 -2
right_child=5 2 3 -5 -6 -7 -8
leaf_value=-5.1019427241803859e-05 -8.7852768212497235e-05 0.00049321667700814138 -4.6543819293871893e-05 0.00012655656217060155 0.00030165907279254914 3.7695182699140455e-05 7.5519081740638992e-06
leaf_weight=110 288 25 87 31 41 35 127
leaf_count=110 288 25 87 31 41 35 127
internal_value=-2.68829e-05 0.00197279 0.00396739 0.00135593 0.00863636 -0.00133333 -0.00186747
internal_weight=744 294 184 118 66 450 415
internal_count=744 294 184 118 66 450 415
is_linear=0
shrinkage=0.05


Tree=10
num_leaves=8
num_cat=0
split_feature=14 3 12 9 11 7 8
split_gain=0.542298 1.15125 0.71765 0.350099 0.603984 0.45487 0.936626
threshold=0.083812216488613714 -0.0006362807583794593 0.066825641747697576 -0.0580185634533728 -0.01634028611874094 0.0083062423554611815 -0.00051104610812729978
decision_type=2 2 2 10 2 2 10
left_child=2 -2 3 -1 -5 -6 -7
right_child=1 -3 -4 4 5 6 -8
leaf_value=-6.4208616494624237e-05 -2.8479315248739554e-05 0.00015113745250033427 6.608242736787119e-05 0.00014520551050105842 -8.9701026414066545e-05 0.00029690910978723631 -1.8126107154149139e-05
leaf_weight=181 51 25 40 29 183 27 213
leaf_count=181 51 25 40 29 183 27 213
internal_value=0.000206941 0.00421053 -0.000245172 -0.000655609 8.84944e-05 -0.000390072 0.00104167
internal_weight=749 76 673 633 452 423 240
internal_count=749 76 673 633 452 423 240
is_linear=0
shrinkage=0.05


Tree=11
num_leaves=8
num_cat=0
split_feature=6 0 16 12 11 0 14
split_gain=0.671494 0.945313 0.966843 0.933745 0.53056 1.32117 0.344918
threshold=1.3148127971298018 0.0064475947288932254 -0.0083582170281580308 0.066825641747697576 -0.017686131484892616 0.00089827922315899322 0.020125848996620292
decision_type=2 2 2 2 2 2 2
left_child=3 2 -2 4 5 -1 -6
right_child=1 -3 -4 -5 6 -7 -8
leaf_value=-9.9043603951724888e-05 -4.6833777670789802e-06 -4.5546465885639136e-05 0.00012348067116197986 5.2238136360120729e-05 -7.1603428963752471e-05 0.00028745927367610278 1.5951288779830175e-05
leaf_weight=44 26 37 32 37 394 32 145
leaf_count=44 26 37 32 37 394 32 145
internal_value=2.00791e-05 0.00394737 0.00793103 -0.000552148 -0.00101626 0.00289474 -0.00156772
internal_weight=747 95 58 652 615 76 539
internal_count=747 95 58 652 615 76 539
is_linear=0
shrinkage=0.05


Tree=12
num_leaves=8
num_cat=0
split_feature=5 3 15 12 13 13 0
split_gain=0.786826 1.25022 1.29804 0.536835 0.475152 0.424988 1.20554
threshold=0.015884376586896617 -0.0082557605472716716 -0.0017369067810732439 0.060339682487529529 17.914999961853031 19.159999847412113 0.00089827922315899322
decision_type=2 2 2 2 2 2 2
left_child=3 -2 -3 5 -5 -1 -7
right_child=1 2 -4 4 -6 6 -8
leaf_value=-5.1332727304849636e-05 -0.00020117064789507654 0.00027935941684464823 4.469454728688871e-05 5.1514509034015014e-05 -2.1481416552961825e-05 -0.00014074844255970609 0.00021504110314907992
leaf_weight=491 28 29 48 30 25 48 35
leaf_count=491 28 29 48 30 25 48 35
internal_value=4.08707e-05 0.00404762 0.00733766 -0.000627982 0.00409091 -0.00108014 0.00222891
internal_weight=734 105 77 629 55 574 83
internal_count=734 105 77 629 55 574 83
is_linear=0
shrinkage=0.05


Tree=13
num_leaves=8
num_cat=0
split_feature=12 6 3 13 14 4 3
split_gain=0.777673 0.824487 0.927065 0.469623 0.430476 0.270167 0.338503
threshold=0.078665410711505027 1.1879878958903602 0.0031028907023075152 23.604999542236332 0.11108526702174228 0.018573237773447094 0.0043730915193992423
decision_type=2 2 2 2 2 2 2
left_child=1 3 -3 4 5 -1 -7
right_child=-2 2 -4 -5 -6 6 -8
leaf_value=-8.7218618411377192e-05 7.7693562498208456e-05 1.5180654178334496e-06 0.00040235126580973442 9.4408982804221653e-05 0.00010653921835619004 -2.1197063634205875e-06 -8.7370916890685676e-05
leaf_weight=160 26 66 36 45 25 287 100
leaf_count=160 26 66 36 45 25 287 100
internal_value=-3.35582e-05 -0.000340752 0.00382353 -0.00102917 -0.00141609 -0.00170932 -0.000994833
internal_weight=745 719 102 617 572 547 387
internal_count=745 719 102 617 572 547 387
is_linear=0
shrinkage=0.05


end of trees

feature_importances:
spy_ret_20d=19
overnight_gap=11
dvol_z_20=9
vix_chg_1d=9
dist_ma200=8
ret_1d=7
dist_ma50=7
spy_ret_5d=6
vix_level=5
parkinson_20=4
dist_ma20=4
ret_5d=3
atr_pct=2
sector_ret_5d=2
spy_ret_1d=1
sector_ret_1d=1

parameters:
[boosting: gbdt]
[objective: quantile]
[metric: quantile]
[tree_learner: serial]
[device_type: cpu]
[data_sample_strategy: bagging]
[data: ]
[valid: ]
[num_iterations: 80]
[learning_rate: 0.05]
[num_leaves: 8]
[num_threads: 1]
[seed: 0]
[deterministic: 0]
[force_col_wise: 1]
[force_row_wise: 0]
[histogram_pool_size: -1]
[max_depth: -1]
[min_data_in_leaf: 25]
[min_sum_hessian_in_leaf: 0.001]
[bagging_fraction: 0.9]
[pos_bagging_fraction: 1]
[neg_bagging_fraction: 1]
[bagging_freq: 1]
[bagging_seed: 3]
[bagging_by_query: 0]
[feature_fraction: 0.9]
[feature_fraction_bynode: 1]
[feature_fraction_seed: 2]
[extra_trees: 0]
[extra_seed: 6]
[early_stopping_round: 0]
[early_stopping_min_delta: 0]
[first_metric_only: 0]
[max_delta_step: 0]
[lambda_l1: 0]
[lambda_l2: 0]
[linear_lambda: 0]
[min_gain_to_split: 0]
[drop_rate: 0.1]
[max_drop: 50]
[skip_drop: 0.5]
[xgboost_dart_mode: 0]
[uniform_drop: 0]
[drop_seed: 4]
[top_rate: 0.2]
[other_rate: 0.1]
[min_data_per_group: 100]
[max_cat_threshold: 32]
[cat_l2: 10]
[cat_smooth: 10]
[max_cat_to_onehot: 4]
[top_k: 20]
[monotone_constraints: ]
[monotone_constraints_method: basic]
[monotone_penalty: 0]
[feature_contri: ]
[forcedsplits_filename: ]
[refit_decay_rate: 0.9]
[cegb_tradeoff: 1]
[cegb_penalty_split: 0]
[cegb_penalty_feature_lazy: ]
[cegb_penalty_feature_coupled: ]
[path_smooth: 0]
[interaction_constraints: ]
[verbosity: -1]
[saved_feature_importance_type: 0]
[use_quantized_grad: 0]
[num_grad_quant_bins: 4]
[quant_train_renew_leaf: 0]
[stochastic_rounding: 1]
[linear_tree: 0]
[max_bin: 255]
[max_bin_by_feature: ]
[min_data_in_bin: 3]
[bin_construct_sample_cnt: 200000]
[data_random_seed: 1]
[is_enable_sparse: 1]
[enable_bundle: 1]
[use_missing: 1]
[zero_as_missing: 0]
[feature_pre_filter: 1]
[pre_partition: 0]
[two_round: 0]
[header: 0]
[label_column: ]
[weight_column: ]
[group_column: ]
[ignore_column: ]
[categorical_feature: ]
[forcedbins_filename: ]
[precise_float_parser: 0]
[parser_config_file: ]
[objective_seed: 5]
[num_class: 1]
[is_unbalance: 0]
[scale_pos_weight: 1]
[sigmoid: 1]
[boost_from_average: 1]
[reg_sqrt: 0]
[alpha: 0.9]
[fair_c: 1]
[poisson_max_delta_step: 0.7]
[tweedie_variance_power: 1.5]
[lambdarank_truncation_level: 30]
[lambdarank_norm: 1]
[label_gain: ]
[lambdarank_position_bias_regularization: 0]
[eval_at: ]
[multi_error_top_k: 1]
[auc_mu_weights: ]
[num_machines: 1]
[local_listen_port: 12400]
[time_out: 120]
[machine_list_filename: ]
[machines: ]
[gpu_platform_id: -1]
[gpu_device_id: -1]
[gpu_device_id_list: ]
[gpu_use_dp: 0]
[num_gpu: 1]

end of parameters

pandas_categorical:[]
