tree
version=v4
num_class=1
num_tree_per_iteration=1
label_index=0
max_feature_idx=16
objective=quantile
feature_names=ret_1d ret_5d ret_20d overnight_gap atr_pct parkinson_20 dvol_z_20 dist_ma20 dist_ma50 dist_ma200 spy_ret_1d spy_ret_5d spy_ret_20d vix_level vix_chg_1d sector_ret_1d sector_ret_5d
feature_infos=[-0.077613285974348134:0.069207173614603379] [-0.12127065447757146:0.10535639973427813] [-0.20313119762755294:0.20199475641727616] [-0.096749526262674745:0.091143204704579928] [0.012290202207887017:0.046147795474566641] [0.0075591880159977393:0.02760601331823901] [-2.1896662179567663:4.0004558782838133] [-0.12986792328044572:0.11412648804239311] [-0.15489037120718896:0.16352485085181012] [-0.14474356358741336:0.23810249494094649] [-0.058542971330535654:0.10501930183911301] [-0.11496151859245618:0.082843162776128354] [-0.1226559005192206:0.15756591020035837] [11.859999656677246:52.330001831054688] [-0.35753873962348437:0.74039073966007019] [-0.062590328153952823:0.087383947576493481] [-0.13939752008440254:0.088326450578892102]
tree_sizes=853 854 857 855 869 857 863 861 859 833 859 872 868

Tree=0
num_leaves=8
num_cat=0
split_feature=16 1 1 2 14 12 12
split_gain=3.20048 1.90369 2.49105 2.17778 1.70709 2.75688 3.25638
threshold=-0.034183951394035843 -0.045017647531137177 -0.02457881390868288 -0.025639986667884914 -0.062752290881895975 0.038133523914403618 0.056550523071576715
decision_type=2 2 2 2 2 2 2
left_child=-1 -2 3 -3 -4 -6 -7
right_child=1 2 4 -5 5 6 -8
leaf_value=-0.0076842524344101545 -0.0076603532768785955 -0.0073212913470342752 -0.0072618842823430896 -0.0071755252312868832 -0.0074227597098797558 -0.0072179517359472808 -0.007397566549479961
leaf_weight=52 33 32 77 40 377 92 47
leaf_count=52 33 32 77 40 377 92 47
internal_value=-0.00786869 -0.00697719 -0.00639551 0.00238686 -0.00746183 -0.00849815 -0.00247924
internal_weight=750 698 665 72 593 516 139
internal_count=750 698 665 72 593 516 139
is_linear=0
shrinkage=1


Tree=1
num_leaves=8
num_cat=0
split_feature=16 3 13 13 3 7 2
split_gain=2.44028 1.34547 2.34719 2.45129 2.22551 1.5906 1.70735
threshold=-0.03796241104309394 -0.0014398548591192937 13.34500026702881 15.855000019073488 -0.0033870576315334073 0.028560463850638155 0.04873470586585827
decision_type=2 2 2 2 2 2 2
left_child=-1 2 -2 -4 -5 -3 -7
right_child=1 5 3 4 -6 6 -8
leaf_value=-0.0004068049031775445 -0.00031469806330278519 5.9980296064168209e-05 9.1852498007938274e-05 -1.6377933789044629e-05 -0.0002077164803631604 -0.00022495982469990851 3.773450735025108e-05
leaf_weight=33 30 312 65 123 37 41 93
leaf_count=33 30 312 65 123 37 41 93
internal_value=0.000408719 0.00103424 -0.00186275 -0.000111111 -0.0034375 0.00269058 -0.00186567
internal_weight=734 701 255 225 160 446 134
internal_count=734 701 255 225 160 446 134
is_linear=0
shrinkage=0.05


Tree=2
num_leaves=8
num_cat=0
split_feature=16 14 12 12 8 8 8
split_gain=3.17338 1.86531 1.49218 2.95442 2.89015 2.58036 1.78544
threshold=-0.03796241104309394 -0.062752290881895975 0.037928209773965056 0.056550523071576715 -0.0035786766626002549 0.039616064031815064 0.10010498924506496
decision_type=2 2 2 2 8 8 8
left_child=-1 -2 6 4 -4 -5 -3
right_child=1 2 3 5 -6 -7 -8
leaf_value=-0.00038646465801866727 5.5459270079154508e-05 -2.4348808714421484e-05 -0.0002048352670390159 6.0651901381788761e-05 0.00012846159853506834 -0.00014703039790038021 -0.00014836790825938811
leaf_weight=35 92 408 27 36 68 28 55
leaf_count=35 92 408 27 36 68 28 55
internal_value=-0.000300401 0.000420168 -0.000562701 0.00361635 0.00921053 -0.0046875 -0.00199784
internal_weight=749 714 622 159 95 64 463
internal_count=749 714 622 159 95 64 463
is_linear=0
shrinkage=0.05


Tree=3
num_leaves=8
num_cat=0
split_feature=16 3 10 14 14 13 12
split_gain=2.44139 1.37164 1.53741 1.61082 1.48521 2.1833 1.74934
threshold=-0.0392577178064124 -0.010148007989200401 -0.0060493292963074699 0.063421642021299643 -0.062752290881895975 19.520000457763675 0.037928209773965056
decision_type=2 2 2 2 2 2 2
left_child=-1 -2 3 -3 5 -4 -6
right_child=1 2 4 -5 6 -7 -8
leaf_value=-0.00034015947344887541 -0.00018194575296802211 0.00020243320180015871 0.00015209867082012355 5.7084399474842939e-05 -4.2666930302220886e-05 -0.00013310191758500876 5.8339743531541856e-05
leaf_weight=30 45 28 69 60 344 26 141
leaf_count=30 45 28 69 60 344 26 141
internal_value=0.0006393 0.00122721 0.00179641 0.00795455 0.000862069 0.00657895 -0.000257732
internal_weight=743 713 668 88 580 95 485
internal_count=743 713 668 88 580 95 485
is_linear=0
shrinkage=0.05


Tree=4
num_leaves=8
num_cat=0
split_feature=15 15 16 12 12 14 1
split_gain=2.41963 2.66775 2.47554 1.93185 2.40365 2.33856 1.93232
threshold=-0.018671736903778931 -0.0081104839348276597 -0.027644948776985197 0.055910594976570589 0.044995709916922373 -0.062752290881895975 0.0081823103394264036
decision_type=2 2 2 2 2 2 2
left_child=-1 -2 -3 4 5 -4 -5
right_child=1 2 3 6 -6 -7 -8
leaf_value=-0.00077077456148381322 9.8485847677002311e-05 -0.00027310068256461819 0.00011364502936266947 -2.7229338116012762e-06 9.8322001110936943e-05 -2.8335452110113706e-05 -0.00017992505251244439
leaf_weight=28 120 35 70 39 41 385 28
leaf_count=28 120 35 70 39 41 385 28
internal_value=0.000134048 0.000696379 -0.000668896 0.000133215 0.00120968 0.000164835 -0.00783582
internal_weight=746 718 598 563 496 455 67
internal_count=746 718 598 563 496 455 67
is_linear=0
shrinkage=0.05


Tree=5
num_leaves=8
num_cat=0
split_feature=16 12 1 1 8 8 9
split_gain=2.4397 1.63614 1.51029 3.33491 3.10428 2.55648 2.16664
threshold=-0.0392577178064124 0.062788552899160646 0.0036932726796465869 -0.027644532599562784 0.011318211748213682 -0.01621027612988812 -0.020286299622044753
decision_type=2 2 2 2 8 10 10
left_child=-1 2 3 -2 6 -5 -4
right_child=1 -3 4 5 -6 -7 -8
leaf_value=-0.00044549395015580564 7.0889504486247487e-05 -0.00019547967260153933 2.4491624061896811e-05 -0.0002395121067817781 -1.0931587555362051e-05 -5.1977833997662523e-06 0.00019420000783723301
leaf_weight=29 94 49 54 86 203 151 71
leaf_count=29 94 49 54 86 203 151 71
internal_value=-0.000440977 0.000141243 0.000796662 -0.0015861 0.00320122 -0.00474684 0.0094
internal_weight=737 708 659 331 328 237 125
internal_count=737 708 659 331 328 237 125
is_linear=0
shrinkage=0.05


Tree=6
num_leaves=8
num_cat=0
split_feature=16 2 0 0 15 3 16
split_gain=2.80632 1.66989 1.7636 1.49087 2.58306 2.20487 1.45746
threshold=-0.034183951394035843 -0.025639986667884914 0.0048716000109750865 0.0050885113891877562 0.0081576233013065397 0.0055736784561274408 0.025848053818558151
decision_type=2 2 2 2 2 2 2
left_child=-1 2 -2 4 5 6 -3
right_child=1 3 -4 -5 -6 -7 -8
leaf_value=-0.00028754399324798892 -0.00019633515810541766 2.8719773954886715e-05 0.00010781129022539001 -1.202579416496952e-05 0.0001354227203264629 0.00016834472398940544 -0.00014216897719810133
leaf_weight=52 118 222 56 213 26 28 31
leaf_count=52 118 222 56 213 26 28 31
internal_value=-0.000335121 0.000504323 -0.00373563 0.00192308 0.00415309 0.00275801 0.00128458
internal_weight=746 694 174 520 307 281 253
internal_count=746 694 174 520 307 281 253
is_linear=0
shrinkage=0.05


Tree=7
num_leaves=8
num_cat=0
split_feature=15 0 5 14 1 8 4
split_gain=2.34922 1.93185 1.89916 1.89658 2.30014 2.75952 2.31338
threshold=-0.018224417220784602 0.010447790522124413 0.01238057972564603 0.090336443973437111 0.0091785281640711664 0.014850089200330043 0.020773423225177896
decision_type=2 2 2 2 2 8 2
left_child=-1 2 -2 4 6 -6 -4
right_child=1 -3 3 -5 5 -7 -8
leaf_value=-0.00068096790402912997 9.4238979571973762e-05 -8.2569415957961748e-05 7.4392257528951237e-05 0.00011830373596887507 0.00017130482682399951 -3.1841636010411297e-05 -0.00016417265585196445
leaf_weight=31 188 165 51 35 62 61 152
leaf_count=31 188 165 51 35 62 61 152
internal_value=-0.000234899 0.00035014 0.00177596 -0.00034626 -0.00153374 0.00386179 -0.00480296
internal_weight=745 714 549 361 326 123 203
internal_count=745 714 549 361 326 123 203
is_linear=0
shrinkage=0.05


Tree=8
num_leaves=8
num_cat=0
split_feature=15 1 1 4 8 10 1
split_gain=1.65761 1.6165 2.41903 3.66204 2.44862 2.29816 2.95489
threshold=-0.018671736903778931 -0.02457881390868288 -0.00052480884630051728 0.021013755053134273 0.010362722210824018 -0.0016165768674121226 -0.039084645227175412
decision_type=2 2 2 2 8 2 2
left_child=-1 5 3 -3 -4 -2 -7
right_child=1 2 4 -5 -6 6 -8
leaf_value=-0.00064691950882767339 0.0001462911236229518 9.1931914162589555e-06 0.00012376539560297284 -0.00026528073553479486 -1.0228915074817716e-05 -0.00029161788735427132 0.00010603288370269392
leaf_weight=27 61 122 135 78 275 35 31
leaf_count=27 61 122 135 78 275 35 31
internal_value=0.00013089 0.000576662 -0.000491803 -0.005 0.00170732 0.00570866 -0.000757576
internal_weight=764 737 610 200 410 127 66
internal_count=764 737 610 200 410 127 66
is_linear=0
shrinkage=0.05


Tree=9
num_leaves=8
num_cat=0
split_feature=14 13 7 9 3 6 10
split_gain=1.5409 1.67966 2.09879 1.26945 1.92398 1.98829 1.83835
threshold=-0.062752290881895975 19.520000457763675 0.020401003100685714 -0.026201465020564137 0.0062957297328517523 -0.25569689310990146 -0.0045512534975928323
decision_type=2 2 2 8 2 2 2
left_child=1 2 -1 6 -5 -6 -2
right_child=3 -3 -4 4 5 -7 -8
leaf_value=0.0001875837071328284 6.5546635135925853e-05 -0.00017088804205395879 -3.6561244492687094e-05 -1.8611333730563169e-05 0.0001130053050848642 9.263361646710931e-06 -0.00045500535940260455
leaf_weight=43 27 29 27 510 25 42 41
leaf_count=43 27 29 27 510 25 42 41
internal_value=0 0.00580808 0.01 -0.000891473 -0.000129983 0.00783582 -0.00735294
internal_weight=744 99 70 645 577 67 68
internal_count=744 99 70 645 577 67 68
is_linear=0
shrinkage=0.05


Tree=10
num_leaves=8
num_cat=0
split_feature=3 3 5 14 2 1 3
split_gain=1.6019 2.16389 1.71467 1.96348 1.93132 2.8463 2.14312
threshold=0.0060182081209860802 0.0046571246958122545 0.016515465402328185 -0.069744182185856193 -0.045983653957486263 -0.027644532599562784 0.0033556277766921831
decision_type=2 2 2 2 2 2 2
left_child=1 2 3 -1 -5 -6 -7
right_child=-2 -3 -4 4 5 6 -8
leaf_value=0.0001301981406559215 5.5619845969413733e-05 -0.00015448011164602193 -0.00040049039947500438 -0.00014173220905219349 7.6919758249661789e-05 -9.307303052715583e-06 0.0002925549163506098
leaf_weight=33 125 57 61 64 41 336 32
leaf_count=33 125 57 61 64 41 336 32
internal_value=0.000233645 -0.000801282 0.000132275 0.00108696 0.000264271 0.00152812 0.00013587
internal_weight=749 624 567 506 473 409 368
internal_count=749 624 567 506 473 409 368
is_linear=0
shrinkage=0.05


Tree=11
num_leaves=8
num_cat=0
split_feature=2 1 1 0 15 15 8
split_gain=2.29581 1.88542 2.54052 1.77782 2.53884 2.67029 2.05752
threshold=-0.025639986667884914 0.0050443842706319195 -0.011558140811421367 0.0068254373444430758 -1.0000000180025095e-35 -0.0019775790629825147 0.0091291906621402425
decision_type=2 2 2 2 2 2 10
left_child=1 2 -1 4 5 -2 -6
right_child=3 -3 -4 -5 6 -7 -8
leaf_value=-5.2190598603363025e-05 5.1323713400658924e-05 0.00013418105082954319 -0.00033702576500783743 -3.5797547601217758e-05 0.00017542996627610926 -0.00022573745432127824 6.0670964468849484e-05
leaf_weight=119 188 44 38 195 47 25 91
leaf_count=119 188 44 38 195 47 25 91
internal_value=-3.34672e-05 -0.00460199 -0.00716561 0.00164835 0.00377493 0.000352113 0.00905797
internal_weight=747 201 157 546 351 213 138
internal_count=747 201 157 546 351 213 138
is_linear=0
shrinkage=0.05


Tree=12
num_leaves=8
num_cat=0
split_feature=15 15 9 11 3 0 9
split_gain=1.76312 2.4369 1.91446 1.80953 2.27148 1.89168 2.19813
threshold=-0.018224417220784602 -0.013408567261071811 -0.061981516695980281 -0.0075284193939237345 -0.0016199553715338653 0.0068254373444430758 0.04127793395529767
decision_type=2 2 8 2 2 2 8
left_child=-1 -2 -3 -4 -5 -6 -7
right_child=1 2 3 4 5 6 -8
leaf_value=-0.0006369063825657766 0.00024482649772235272 -0.0003210300168330009 0.00010687766279701288 -7.7194170472403629e-05 7.0075785022373884e-05 6.2116909412216823e-05 -0.00010875253125150399
leaf_weight=30 35 31 124 160 198 38 118
leaf_count=30 35 31 124 160 198 38 118
internal_value=0.00020436 0.000710227 3.73692e-05 0.000626959 -0.000680934 0.00155367 -0.0025641
internal_weight=734 704 669 638 514 354 156
internal_count=734 704 669 638 514 354 156
is_linear=0
shrinkage=0.05


end of trees

feature_importances:
ret_5d=12
overnight_gap=9
sector_ret_1d=9
dist_ma50=8
spy_ret_20d=8
vix_chg_1d=8
sector_ret_5d=8
ret_1d=5
ret_20d=5
dist_ma200=4
vix_level=4
spy_ret_1d=3
atr_pct=2
parkinson_20=2
dist_ma20=2
dvol_z_20=1
spy_ret_5d=1

parameters:
[boosting: gbdt]
[objective: quantile]
[metric: quantile]
[tree_learner: serial]
[device_type: cpu]
[data_sample_strategy: bagging]
[data: ]
[valid: ]
[num_iterations: 80]
[learning_rate: 0.05]
[num_leaves: 8]
[num_threads: 1]
[seed: 0]
[deterministic: 0]
[force_col_wise: 1]
[force_row_wise: 0]
[histogram_pool_size: -1]
[max_depth: -1]
[min_data_in_leaf: 25]
[min_sum_hessian_in_leaf: 0.001]
[bagging_fraction: 0.9]
[pos_bagging_fraction: 1]
[neg_bagging_fraction: 1]
[bagging_freq: 1]
[bagging_seed: 3]
[bagging_by_query: 0]
[feature_fraction: 0.9]
[feature_fraction_bynode: 1]
[feature_fraction_seed: 2]
[extra_trees: 0]
[extra_seed: 6]
[early_stopping_round: 0]
[early_stopping_min_delta: 0]
[first_metric_only: 0]
[max_delta_step: 0]
[lambda_l1: 0]
[lambda_l2: 0]
[linear_lambda: 0]
[min_gain_to_split: 0]
[drop_rate: 0.1]
[max_drop: 50]
[skip_drop: 0.5]
[xgboost_dart_mode: 0]
[uniform_drop: 0]
[drop_seed: 4]
[top_rate: 0.2]
[other_rate: 0.1]
[min_data_per_group: 100]
[max_cat_threshold: 32]
[cat_l2: 10]
[cat_smooth: 10]
[max_cat_to_onehot: 4]
[top_k: 20]
[monotone_constraints: ]
[monotone_constraints_method: basic]
[monotone_penalty: 0]
[feature_contri: ]
[forcedsplits_filename: ]
[refit_decay_rate: 0.9]
[cegb_tradeoff: 1]
[cegb_penalty_split: 0]
[cegb_penalty_feature_lazy: ]
[cegb_penalty_feature_coupled: ]
[path_smooth: 0]
[interaction_constraints: ]
[verbosity: -1]
[saved_feature_importance_type: 0]
[use_quantized_grad: 0]
[num_grad_quant_bins: 4]
[quant_train_renew_leaf: 0]
[stochastic_rounding: 1]
[linear_tree: 0]
[max_bin: 255]
[max_bin_by_feature: ]
[min_data_in_bin: 3]
[bin_construct_sample_cnt: 200000]
[data_random_seed: 1]
[is_enable_sparse: 1]
[enable_bundle: 1]
[use_missing: 1]
[zero_as_missing: 0]
[feature_pre_filter: 1]
[pre_partition: 0]
[two_round: 0]
[header: 0]
[label_column: ]
[weight_column: ]
[group_column: ]
[ignore_column: ]
[categorical_feature: ]
[forcedbins_filename: ]
[precise_float_parser: 0]
[parser_config_file: ]
[objective_seed: 5]
[num_class: 1]
[is_unbalance: 0]
[scale_pos_weight: 1]
[sigmoid: 1]
[boost_from_average: 1]
[reg_sqrt: 0]
[alpha: 0.5]
[fair_c: 1]
[poisson_max_delta_step: 0.7]
[tweedie_variance_power: 1.5]
[lambdarank_truncation_level: 30]
[lambdarank_norm: 1]
[label_gain: ]
[lambdarank_position_bias_regularization: 0]
[eval_at: ]
[multi_error_top_k: 1]
[auc_mu_weights: ]
[num_machines: 1]
[local_listen_port: 12400]
[time_out: 120]
[machine_list_filename: ]
[machines: ]
[gpu_platform_id: -1]
[gpu_device_id: -1]
[gpu_device_id_list: ]
[gpu_use_dp: 0]
[num_gpu: 1]

end of parameters

pandas_categorical:[]
