tree
version=v4
num_class=1
num_tree_per_iteration=1
label_index=0
max_feature_idx=16
objective=quantile
feature_names=ret_1d ret_5d ret_20d overnight_gap atr_pct parkinson_20 dvol_z_20 dist_ma20 dist_ma50 dist_ma200 spy_ret_1d spy_ret_5d spy_ret_20d vix_level vix_chg_1d sector_ret_1d sector_ret_5d
feature_infos=[-0.077613285974348134:0.069207173614603379] [-0.12127065447757146:0.10535639973427813] [-0.20313119762755294:0.20199475641727616] [-0.096749526262674745:0.091143204704579928] [0.012290202207887017:0.046147795474566641] [0.0075591880159977393:0.02760601331823901] [-2.1896662179567663:4.0004558782838133] [-0.12986792328044572:0.11412648804239311] [-0.15489037120718896:0.16352485085181012] [-0.14474356358741336:0.23810249494094649] [-0.058542971330535654:0.10501930183911301] [-0.11496151859245618:0.082843162776128354] [-0.1226559005192206:0.15756591020035837] [11.859999656677246:52.330001831054688] [-0.35753873962348437:0.74039073966007019] [-0.062590328153952823:0.087383947576493481] [-0.13939752008440254:0.088326450578892102]
tree_sizes=833 866 852 860 861 860 862 857 864 869 854 861 866 858

Tree=0
num_leaves=8
num_cat=0
split_feature=9 6 7 5 2 16 1
split_gain=3.70741 1.15169 0.84856 0.69479 0.534716 0.522691 0.276042
threshold=-0.044436296552840919 1.1506271430023813 0.010361991766962954 0.016248853653343009 -0.058200488518655828 0.033931754359934126 -0.020393722892512896
decision_type=8 2 2 2 2 2 2
left_child=4 3 -3 5 -1 6 -2
right_child=1 2 -4 -5 -6 -7 -8
leaf_value=-0.026585432318778142 -0.02584382466857571 -0.02709690246298228 -0.026169677823768809 -0.026798187125192999 -0.027197601821592469 -0.026330055982232429 -0.026058814726172132
leaf_weight=35 97 46 52 42 27 43 404
leaf_count=35 97 46 52 42 27 43 404
internal_value=-0.0264911 -0.0254299 -0.0304469 -0.0245909 -0.0381987 -0.0241125 -0.0236585
internal_weight=746 684 98 586 62 544 501
internal_count=746 684 98 586 62 544 501
is_linear=0
shrinkage=1


Tree=1
num_leaves=8
num_cat=0
split_feature=16 5 9 9 9 11 12
split_gain=2.27379 0.942954 1.52055 0.779097 0.788273 0.537063 0.555385
threshold=-0.037691128512480625 0.013746575170077989 0.088270138601299078 -0.045326789380860925 -0.080827143114493613 0.0095883601476249875 0.019574400022136732
decision_type=2 2 10 10 10 2 2
left_child=-1 -2 3 4 -3 6 -5
right_child=1 2 -4 5 -6 -7 -8
leaf_value=-0.00098080758298016977 0.00020530606001804131 -1.073475725540516e-05 -0.00074453754199504691 0.00034052210196615823 -0.00045329791899710744 0.00030246735777063609 -0.00026081268469272371
leaf_weight=35 434 63 29 40 29 78 25
leaf_count=35 434 63 29 40 29 78 25
internal_value=0.000293315 0.000916906 -0.00143939 -0.000106383 -0.00369565 0.0022028 -0.00115385
internal_weight=733 698 264 235 92 143 65
internal_count=733 698 264 235 92 143 65
is_linear=0
shrinkage=0.05


Tree=2
num_leaves=8
num_cat=0
split_feature=5 11 2 6 6 4 16
split_gain=2.52825 1.8049 1.98829 0.973863 0.47552 0.829565 0.829113
threshold=0.016248853653343009 0.011695310622020451 -0.12405109887581615 1.1506271430023813 -0.48776687605119579 0.024262420404804603 0.034425463770172977
decision_type=2 2 2 2 2 2 2
left_child=3 2 -2 4 -1 6 -6
right_child=1 -3 -4 -5 5 -7 -8
leaf_value=0.00037052264739047031 -0.00013631354842329543 0.00034161823686234622 -0.0010234762289750481 -0.0004615012505496906 0.00020631391846553747 -0.00032678850028516231 -0.00021125681084301439
leaf_weight=217 25 27 42 91 263 55 25
leaf_count=217 25 27 42 91 263 55 25
internal_value=-0.000100671 -0.00776596 -0.0121642 0.00100614 0.00178571 0.000626822 0.00170139
internal_weight=745 94 67 651 560 343 288
internal_count=745 94 67 651 560 343 288
is_linear=0
shrinkage=0.05


Tree=3
num_leaves=8
num_cat=0
split_feature=16 9 11 6 6 3 16
split_gain=2.23308 0.874406 0.870827 0.716846 0.51637 0.608386 0.788862
threshold=-0.037691128512480625 -0.044436296552840919 -0.014879372351697838 2.5524761893142665 -0.47047615782541558 0.00539995198849308 0.032526017222414112
decision_type=2 8 2 2 2 2 2
left_child=-1 2 -2 4 -3 6 -6
right_child=1 3 -4 -5 5 -7 -8
leaf_value=-0.00088059339238240873 0.0001437532112418618 0.00031733209647305256 -0.00031247736185897873 -0.00032052889803029535 3.8572430384579594e-05 0.00042528817298586978 -0.00059487687724274485
leaf_weight=35 26 233 27 25 285 81 25
leaf_count=35 26 233 27 25 285 81 25
internal_value=0.000183175 0.000797721 -0.00537736 0.001302 0.00163462 0.000524297 -0.000483871
internal_weight=737 702 53 649 624 391 310
internal_count=737 702 53 649 624 391 310
is_linear=0
shrinkage=0.05


Tree=4
num_leaves=8
num_cat=0
split_feature=15 5 9 7 16 3 2
split_gain=2.2891 0.613831 0.689243 1.1258 0.526775 0.466552 0.461304
threshold=-0.018090206473848843 0.013746575170077989 0.08957948026198749 0.0058302673284102999 0.0063685333858697355 0.0038237448831631719 -0.012514370110656979
decision_type=2 2 8 2 2 2 2
left_child=-1 6 4 -4 5 -3 -2
right_child=1 2 3 -5 -6 -7 -8
leaf_value=-0.0010361382770608045 -3.0570256850380802e-05 6.1615791165203323e-05 0.00035549082360556848 -0.00064633810035144557 0.00025057471632292187 -0.00014440568074657964 0.00025318904387233341
leaf_weight=31 108 67 34 43 97 29 334
leaf_count=31 108 67 34 43 97 29 334
internal_value=0.000558547 0.00113764 -0.000740741 -0.00474026 0.000854922 -0.00177083 0.00228507
internal_weight=743 712 270 77 193 96 442
internal_count=743 712 270 77 193 96 442
is_linear=0
shrinkage=0.05


Tree=5
num_leaves=8
num_cat=0
split_feature=9 12 11 6 8 6 8
split_gain=2.73467 0.866706 0.72 0.666902 0.720782 0.487192 0.889615
threshold=-0.054470212647669429 -0.038043904409190692 -0.021243807178240256 -0.47047615782541558 0.088137133937164172 -0.31752081924462688 0.063435144900708243
decision_type=8 2 2 2 10 2 10
left_child=2 -2 -1 -3 5 -5 -7
right_child=1 3 -4 4 -6 6 -8
leaf_value=-0.00082578747691331551 -0.00045992587474443175 0.00032448370453236152 -0.00071569439882658483 -0.00027580068714160228 0.00042168073807730177 3.3118992145249017e-05 -0.00050200181529892957
leaf_weight=25 28 243 25 42 67 277 25
leaf_count=25 28 243 25 42 67 277 25
internal_value=0.000286885 0.00111437 -0.011 0.00148318 0.000255475 -0.000668604 3.31128e-05
internal_weight=732 682 50 654 411 344 302
internal_count=732 682 50 654 411 344 302
is_linear=0
shrinkage=0.05


Tree=6
num_leaves=8
num_cat=0
split_feature=9 12 6 8 8 4 11
split_gain=1.82631 0.712611 0.518088 0.524789 0.672345 1.14859 0.411988
threshold=-0.044436296552840919 -0.032606247407298776 -0.47047615782541558 0.088137133937164172 0.043349326888100122 0.021266725942763028 0.0063364892264597969
decision_type=8 2 2 10 8 2 2
left_child=1 -1 -2 4 -4 6 -6
right_child=2 -3 3 -5 5 -7 -8
leaf_value=-0.00032142172423145032 0.00030380152228280563 -0.00064133255679879662 3.3959186909299654e-05 0.00037623426397693805 -0.00019623863059234516 -0.0008767514535548001 9.3703847830636853e-05
leaf_weight=38 240 27 271 73 32 29 34
leaf_count=38 240 27 271 73 32 29 34
internal_value=0.000698925 -0.00730769 0.00146539 0.000444192 -0.000327869 -0.00394737 -0.00030303
internal_weight=744 65 679 439 366 95 66
internal_count=744 65 679 439 366 95 66
is_linear=0
shrinkage=0.05


Tree=7
num_leaves=8
num_cat=0
split_feature=14 5 2 6 5 8 2
split_gain=1.84029 1.4041 0.701946 0.502258 0.545892 0.47267 0.699415
threshold=0.11108526702174228 0.01477730533986875 -0.099592385076771248 -0.48776687605119579 0.015774385410045767 0.081186456610016458 0.042138269317938633
decision_type=2 2 2 2 2 10 2
left_child=2 -2 -1 4 -4 6 -5
right_child=1 -3 3 5 -6 -7 -8
leaf_value=-0.00016921348168341178 0.00016593614877478651 -0.00099963818554602577 0.00030578861819563681 3.4004134864971873e-05 -0.00021028451607070866 0.00035133194125207365 -0.00035452199160893879
leaf_weight=32 27 25 200 276 34 72 74
leaf_count=32 27 25 200 276 34 72 74
internal_value=0.000608108 -0.00846154 0.0012936 0.00164634 0.00350427 0.000616114 -0.000142857
internal_weight=740 52 688 656 234 422 350
internal_count=740 52 688 656 234 422 350
is_linear=0
shrinkage=0.05


Tree=8
num_leaves=8
num_cat=0
split_feature=9 11 4 15 14 6 8
split_gain=1.25722 0.726993 0.780154 0.636939 1.37307 0.468079 0.590126
threshold=-0.054470212647669429 0.011695310622020451 0.028370071898914388 0.0038755635154842376 0.009860755526874045 0.22682509253912464 0.016637297647931652
decision_type=8 2 2 2 2 2 8
left_child=-1 2 3 -2 -5 -3 -7
right_child=1 5 -4 4 -6 6 -8
leaf_value=-0.00054924151631238272 0.0001365103822048993 0.00029439589073755774 -0.00053135309096299531 7.8631235436385299e-05 -0.00075094798239242865 -0.00065084601676925835 0.00010308844950090453
leaf_weight=50 292 180 32 109 30 28 40
leaf_count=50 292 180 32 109 30 28 40
internal_value=0.000663601 0.00120253 3.23976e-05 0.000591648 -0.00219424 0.0033871 -0.000147059
internal_weight=761 711 463 431 139 248 68
internal_count=761 711 463 431 139 248 68
is_linear=0
shrinkage=0.05


Tree=9
num_leaves=8
num_cat=0
split_feature=14 8 0 9 15 3 9
split_gain=1.51312 0.794388 0.570128 0.693132 0.570478 0.380006 0.729293
threshold=0.13092898697672287 0.016993391537040162 0.0079584059729994622 0.081951115630774743 0.0082034198329506997 -0.0054724349861546276 -0.0058686439920466729
decision_type=2 10 2 8 2 2 10
left_child=1 2 5 4 -4 6 -1
right_child=-2 -3 3 -5 -6 -7 -8
leaf_value=0.00017701983701084466 -0.00094288146350337632 0.00018409510756311876 0.00045484737421775615 -0.00054330124428562357 -0.0002956669247645233 7.4483138614816916e-05 -0.00075140272444319377
leaf_weight=36 34 317 28 40 37 216 30
leaf_count=36 34 317 28 40 37 216 30
internal_value=0.000596206 0.00109375 -0.000426356 -0.00357143 -0.000384615 0.000744681 -0.00257576
internal_weight=738 704 387 105 65 282 66
internal_count=738 704 387 105 65 282 66
is_linear=0
shrinkage=0.05


Tree=10
num_leaves=8
num_cat=0
split_feature=14 6 5 11 10 8 1
split_gain=1.43193 0.675404 0.686331 1.18902 1.73815 0.336034 0.463317
threshold=0.13092898697672287 2.7030665621127441 0.016248853653343009 0.011695310622020451 -0.0012648556783600438 0.016993391537040162 -0.026508826943449523
decision_type=2 2 2 2 2 10 2
left_child=1 2 5 4 -4 6 -1
right_child=-2 -3 3 -5 -6 -7 -8
leaf_value=0.00034695252415643032 -0.0008832244619279353 -0.00026504331070997648 3.3929593140648293e-06 0.00040845556656398968 -0.00071085097478784274 0.00017803343551143333 -2.1008489203248968e-05
leaf_weight=72 35 25 27 30 25 297 237
leaf_count=72 35 25 27 30 25 297 237
internal_value=0.000588235 0.00107293 0.00136628 -0.00292683 -0.0075 0.00194719 0.00079288
internal_weight=748 713 688 82 52 606 309
internal_count=748 713 688 82 52 606 309
is_linear=0
shrinkage=0.05


Tree=11
num_leaves=8
num_cat=0
split_feature=14 11 5 8 1 9 6
split_gain=1.34255 0.670934 0.828307 0.857909 0.551124 0.677773 0.775641
threshold=0.14228104891203866 0.012589195808640931 0.016248853653343009 -0.055809136628730376 -0.026508826943449523 0.051849722123211935 -0.47047615782541558
decision_type=2 2 2 8 2 8 2
left_child=1 2 4 -4 -1 6 -6
right_child=-2 -3 3 -5 5 -7 -8
leaf_value=0.00047049216931266413 -0.00082655031229583818 0.00019636213083674476 1.8009296512480765e-06 -0.00071284555400210692 0.00030870927454320528 8.0118882081861337e-05 -0.00028850547124325502
leaf_weight=70 26 225 33 31 26 283 52
leaf_count=70 26 225 33 31 26 283 52
internal_value=0.00077748 0.00118056 0.000151515 -0.00515625 0.000939675 0.000152355 -0.00397436
internal_weight=746 720 495 64 431 361 78
internal_count=746 720 495 64 431 361 78
is_linear=0
shrinkage=0.05


Tree=12
num_leaves=8
num_cat=0
split_feature=6 3 6 6 4 3 15
split_gain=0.962741 0.895022 0.634533 0.699123 0.441245 0.588805 1.17588
threshold=0.19834516240013661 -0.009291487445924838 0.3583112050600688 1.9116541846724211 0.022176614355707527 -0.001572719209562645 -0.0057943332394703164
decision_type=2 2 2 2 2 2 2
left_child=4 -2 -3 -4 -1 6 -6
right_child=1 2 3 -5 5 -7 -8
leaf_value=0.00030507801920181865 -0.00073204980448325445 -0.00019771290200799329 6.7997220630281615e-05 -0.00034521349774862598 0.00020483031796399658 0.00014241259433431521 -0.00060795756642298936
leaf_weight=293 30 45 133 46 29 118 32
leaf_count=293 30 45 133 46 29 118 32
internal_value=0.000592287 -0.00188976 -0.000803571 0.000530726 0.00192797 -2.79328e-05 -0.00401639
internal_weight=726 254 224 179 472 179 61
internal_count=726 254 224 179 472 179 61
is_linear=0
shrinkage=0.05


Tree=13
num_leaves=8
num_cat=0
split_feature=5 14 0 7 3 7 13
split_gain=1.21914 1.13811 0.562978 0.751443 1.72414 0.500988 0.314876
threshold=0.013746575170077989 0.11927434384443127 0.004261997400189955 0.018212974746312786 0.0047927645632294133 -0.021551366642834576 17.204999923706058
decision_type=2 2 2 2 2 2 2
left_child=6 2 -2 5 -5 -4 -1
right_child=1 -3 3 4 -6 -7 -8
leaf_value=0.00012258425066980806 3.4397899219809992e-05 -0.00075779520629022765 -0.0001769185926998387 -0.00069268312230355707 0.00042748916651294783 0.00036862678425160896 0.0002822634801096983
leaf_weight=340 138 28 25 29 29 44 109
leaf_count=340 138 28 25 29 29 44 109
internal_value=0.00102426 -0.00148464 -0.000471698 -0.00287402 -0.00706897 0.000652174 0.00266147
internal_weight=742 293 265 127 58 69 449
internal_count=742 293 265 127 58 69 449
is_linear=0
shrinkage=0.05


end of trees

feature_importances:
dvol_z_20=15
dist_ma200=12
parkinson_20=9
dist_ma50=9
spy_ret_5d=8
overnight_gap=6
vix_chg_1d=6
sector_ret_5d=6
ret_20d=5
atr_pct=4
dist_ma20=4
sector_ret_1d=4
ret_5d=3
spy_ret_20d=3
ret_1d=2
spy_ret_1d=1
vix_level=1

parameters:
[boosting: gbdt]
[objective: quantile]
[metric: quantile]
[tree_learner: serial]
[device_type: cpu]
[data_sample_strategy: bagging]
[data: ]
[valid: ]
[num_iterations: 80]
[learning_rate: 0.05]
[num_leaves: 8]
[num_threads: 1]
[seed: 0]
[deterministic: 0]
[force_col_wise: 1]
[force_row_wise: 0]
[histogram_pool_size: -1]
[max_depth: -1]
[min_data_in_leaf: 25]
[min_sum_hessian_in_leaf: 0.001]
[bagging_fraction: 0.9]
[pos_bagging_fraction: 1]
[neg_bagging_fraction: 1]
[bagging_freq: 1]
[bagging_seed: 3]
[bagging_by_query: 0]
[feature_fraction: 0.9]
[feature_fraction_bynode: 1]
[feature_fraction_seed: 2]
[extra_trees: 0]
[extra_seed: 6]
[early_stopping_round: 0]
[early_stopping_min_delta: 0]
[first_metric_only: 0]
[max_delta_step: 0]
[lambda_l1: 0]
[lambda_l2: 0]
[linear_lambda: 0]
[min_gain_to_split: 0]
[drop_rate: 0.1]
[max_drop: 50]
[skip_drop: 0.5]
[xgboost_dart_mode: 0]
[uniform_drop: 0]
[drop_seed: 4]
[top_rate: 0.2]
[other_rate: 0.1]
[min_data_per_group: 100]
[max_cat_threshold: 32]
[cat_l2: 10]
[cat_smooth: 10]
[max_cat_to_onehot: 4]
[top_k: 20]
[monotone_constraints: ]
[monotone_constraints_method: basic]
[monotone_penalty: 0]
[feature_contri: ]
[forcedsplits_filename: ]
[refit_decay_rate: 0.9]
[cegb_tradeoff: 1]
[cegb_penalty_split: 0]
[cegb_penalty_feature_lazy: ]
[cegb_penalty_feature_coupled: ]
[path_smooth: 0]
[interaction_constraints: ]
[verbosity: -1]
[saved_feature_importance_type: 0]
[use_quantized_grad: 0]
[num_grad_quant_bins: 4]
[quant_train_renew_leaf: 0]
[stochastic_rounding: 1]
[linear_tree: 0]
[max_bin: 255]
[max_bin_by_feature: ]
[min_data_in_bin: 3]
[bin_construct_sample_cnt: 200000]
[data_random_seed: 1]
[is_enable_sparse: 1]
[enable_bundle: 1]
[use_missing: 1]
[zero_as_missing: 0]
[feature_pre_filter: 1]
[pre_partition: 0]
[two_round: 0]
[header: 0]
[label_column: ]
[weight_column: ]
[group_column: ]
[ignore_column: ]
[categorical_feature: ]
[forcedbins_filename: ]
[precise_float_parser: 0]
[parser_config_file: ]
[objective_seed: 5]
[num_class: 1]
[is_unbalance: 0]
[scale_pos_weight: 1]
[sigmoid: 1]
[boost_from_average: 1]
[reg_sqrt: 0]
[alpha: 0.1]
[fair_c: 1]
[poisson_max_delta_step: 0.7]
[tweedie_variance_power: 1.5]
[lambdarank_truncation_level: 30]
[lambdarank_norm: 1]
[label_gain: ]
[lambdarank_position_bias_regularization: 0]
[eval_at: ]
[multi_error_top_k: 1]
[auc_mu_weights: ]
[num_machines: 1]
[local_listen_port: 12400]
[time_out: 120]
[machine_list_filename: ]
[machines: ]
[gpu_platform_id: -1]
[gpu_device_id: -1]
[gpu_device_id_list: ]
[gpu_use_dp: 0]
[num_gpu: 1]

end of parameters

pandas_categorical:[]
