tree
version=v4
num_class=1
num_tree_per_iteration=1
label_index=0
max_feature_idx=16
objective=quantile
feature_names=ret_1d ret_5d ret_20d overnight_gap atr_pct parkinson_20 dvol_z_20 dist_ma20 dist_ma50 dist_ma200 spy_ret_1d spy_ret_5d spy_ret_20d vix_level vix_chg_1d sector_ret_1d sector_ret_5d
feature_infos=[-0.095880658989324741:0.082924307482049597] [-0.14359823139710282:0.10530263244381066] [-0.30565624192938379:0.18046905195945251] [-0.087280818620133704:0.1026108223340112] [0.010993631383580369:0.060241002757733725] [0.0071911390575668992:0.02893119296064784] [-2.6583837839341471:4.1820846302638515] [-0.17397793118136984:0.10055887551040565] [-0.2575073165454449:0.12639154937095509] [-0.32398727424483431:0.18645375694615618] [-0.058542971330535654:0.10501930183911301] [-0.11496151859245618:0.082843162776128354] [-0.1226559005192206:0.15756591020035837] [11.859999656677246:52.330001831054688] [-0.35753873962348437:0.74039073966007019] [-0.068247998544687438:0.13425697132599002] [-0.13587196028298487:0.11773217696052685]
tree_sizes=840 855 861 865 842 856 855 853 846 853 853 856 850 862 858 859 864 868 862 862 854 851 850 859 865 861 864 858 872 851 858 854 869 863 860 863 851 858 860 860 855 857 858 855 850 859 870 860 852 858 862 866 863 860 859 856 868 864 860 859 854 850 857 864 865 865 857 873 865 846 856 857 863 858

Tree=0
num_leaves=8
num_cat=0
split_feature=2 14 10 12 1 15 10
split_gain=4.21544 4.31484 2.96943 2.35146 2.31798 1.70872 1.69212
threshold=0.017741432839568309 0.048234950984074383 0.0057612220393999944 0.046585170844293929 -0.079648180406071786 -0.013930302503303514 -0.0027818426552366766
decision_type=2 2 2 2 2 2 2
left_child=4 2 6 -4 -1 -3 -2
right_child=1 5 3 -5 -6 -7 -8
leaf_value=0.0091797219123691317 0.0084819709241855893 0.0086730182403698571 0.0088314168388023973 0.0085364144644699998 0.0087764346040785316 0.0091561808716505762 0.008594680461101234
leaf_weight=29 36 25 50 26 413 26 141
leaf_count=29 36 25 50 26 413 26 141
internal_value=0.00832831 0.00379625 0.00112176 0.00938835 0.0114454 0.0170638 -0.00242773
internal_weight=746 304 253 76 442 51 177
internal_count=746 304 253 76 442 51 177
is_linear=0
shrinkage=1


Tree=1
num_leaves=8
num_cat=0
split_feature=4 2 3 1 12 1 13
split_gain=4.32295 2.35051 2.69953 2.28274 1.78639 1.74949 1.95447
threshold=0.027923501582088135 0.053308021304363969 0.0023135901346724723 -0.056987149947815501 0.037776300760474342 0.016726246955194538 14.734999656677248
decision_type=2 2 2 2 2 2 2
left_child=1 5 -3 -2 -4 -1 -7
right_child=3 2 4 -5 -6 6 -8
leaf_value=-2.0874915644526499e-05 0.0004703284543938935 -0.00019116993324132638 0.00017662408645264805 0.00015566314628813417 -0.00016407363000325859 -4.044511006213725e-05 0.00015711526386439799
leaf_weight=318 34 104 32 98 29 42 76
leaf_count=318 34 104 32 98 29 42 76
internal_value=-0.000238745 -0.00203827 -0.00712121 0.00795455 0.00122951 -0.000114679 0.00508475
internal_weight=733 601 165 132 61 436 118
internal_count=733 601 165 132 61 436 118
is_linear=0
shrinkage=0.05


Tree=2
num_leaves=8
num_cat=0
split_feature=2 14 9 14 1 14 2
split_gain=3.80324 3.59107 2.17833 1.87641 1.77447 1.67962 1.5541
threshold=-0.01231208551544649 0.048234950984074383 -0.18098495074727192 -0.028276541619188519 0.0092594765103364302 0.066707247335420675 0.017741432839568309
decision_type=2 2 10 2 2 2 2
left_child=2 3 5 -2 -3 -1 -5
right_child=1 4 -4 6 -6 -7 -8
leaf_value=0.00014420125493779776 -8.7839192710817065e-06 5.4110678902361597e-05 1.8492754461476094e-06 -2.286555850878362e-05 0.00042048686652560721 0.00044464095821604129 -0.00016608792798797372
leaf_weight=115 130 41 180 62 26 31 160
leaf_count=115 130 41 180 62 26 31 160
internal_value=-0.000369128 -0.00352029 0.00368098 -0.00553977 0.00708955 0.00821918 -0.00833333
internal_weight=745 419 326 352 67 146 222
internal_count=745 419 326 352 67 146 222
is_linear=0
shrinkage=0.05


Tree=3
num_leaves=8
num_cat=0
split_feature=14 2 10 12 12 3 3
split_gain=3.42581 2.57732 2.85158 1.4339 1.92334 1.51486 2.33939
threshold=0.06920052511090892 -0.011750203509040434 -0.004854933316951914 0.0098181061212317972 0.001711050909807055 0.0023135901346724723 -0.0049498743309734352
decision_type=2 2 2 2 2 2 2
left_child=1 2 -1 4 -3 6 -5
right_child=-2 3 -4 5 -6 -7 -8
leaf_value=-0.00012502923022912008 0.00023982268506370018 -4.825361391995109e-05 9.6905893907387437e-05 7.4821420155785256e-06 0.00010900992274382586 -8.0976915316569031e-06 -0.00016599153179431604
leaf_weight=30 107 43 227 55 40 109 126
leaf_count=30 107 43 227 55 40 109 126
internal_value=0.000373134 -0.00103175 0.00282101 -0.00368633 0.00210843 -0.00534483 -0.00814917
internal_weight=737 630 257 373 83 290 181
internal_count=737 630 257 373 83 290 181
is_linear=0
shrinkage=0.05


Tree=4
num_leaves=8
num_cat=0
split_feature=4 2 3 12 6 7 1
split_gain=3.72692 2.26905 3.35728 2.36279 1.83324 2.02619 1.64685
threshold=0.027696825320398719 0.053308021304363969 0.0022758788413662638 0.037776300760474342 0.18806946587136389 -0.033791134048147979 -0.056987149947815501
decision_type=2 2 2 2 2 2 2
left_child=1 4 -3 -4 -1 -6 -2
right_child=6 2 3 -5 5 -7 -8
leaf_value=-3.9236675280662946e-05 0.00049842018635103157 -0.00017583042725817912 0.00020309389558738987 -0.00015502586796295876 -8.5980546491191533e-05 0.00015155788808838221 0.0001549821652614082
leaf_weight=291 32 103 31 29 55 96 106
leaf_count=291 32 103 31 29 55 96 106
internal_value=-0.000168237 -0.0018595 -0.00690184 0.0025 0 0.0044702 0.00724638
internal_weight=743 605 163 60 442 151 138
internal_count=743 605 163 60 442 151 138
is_linear=0
shrinkage=0.05


Tree=5
num_leaves=8
num_cat=0
split_feature=14 0 8 6 9 11 11
split_gain=3.13756 2.05983 2.47318 2.61023 1.98864 1.66269 2.70063
threshold=0.083812216488613714 0.022133545568946204 0.070455430912335207 1.1628935380021128 0.0021443291920487666 0.02306163879140322 0.012763459668046597
decision_type=2 2 10 2 10 2 2
left_child=1 2 3 5 -4 6 -1
right_child=-2 -3 4 -5 -6 -7 -8
leaf_value=-1.1522142514006248e-05 0.00026389554748256974 0.00019266706336319717 3.6576891705815757e-05 0.00012405507530678954 -0.00020301772787464012 7.8665044948846111e-05 -0.00017426695752148781
leaf_weight=327 78 40 28 65 44 75 75
leaf_count=327 78 40 28 65 44 75 75
internal_value=0.000136612 -0.000993884 -0.0017101 -0.000553506 -0.0104167 -0.00183438 -0.00310945
internal_weight=732 654 614 542 72 477 402
internal_count=732 654 614 542 72 477 402
is_linear=0
shrinkage=0.05


Tree=6
num_leaves=8
num_cat=0
split_feature=2 9 14 14 0 0 9
split_gain=3.34733 2.51095 2.00607 1.53825 1.35327 1.65126 1.96384
threshold=-0.01015900042149692 -0.16008769153025068 0.048234950984074383 0.097330549043375028 0.015599719822001258 -0.0083070861155623548 0.12906280583219989
decision_type=2 10 2 2 2 2 10
left_child=1 3 4 -1 5 -2 -7
right_child=2 -3 -4 -5 -6 6 -8
leaf_value=0.00020041056571581074 1.0093330310565569e-05 -2.713628997372264e-06 0.00015536653360212125 0.00054933192717206928 8.086454235244181e-05 -0.00010695837170574706 -0.00014201385240147739
leaf_weight=137 48 169 60 27 53 211 39
leaf_count=137 48 169 60 27 53 211 39
internal_value=0.000403226 0.00412913 -0.00261557 0.00853659 -0.00405983 -0.00536913 -0.007
internal_weight=744 333 411 164 351 298 250
internal_count=744 333 411 164 351 298 250
is_linear=0
shrinkage=0.05


Tree=7
num_leaves=8
num_cat=0
split_feature=4 1 6 7 2 7 6
split_gain=3.2098 1.98138 1.65461 2.1383 2.08956 1.8287 1.87285
threshold=0.027923501582088135 -0.056987149947815501 -0.55091092009577636 0.044949403890758306 0.053308021304363969 -0.015356097448394666 -1.1021230023464808
decision_type=2 2 2 2 2 2 2
left_child=2 -2 5 4 -4 -1 -7
right_child=1 -3 3 -5 -6 6 -8
leaf_value=9.5923208493551304e-05 0.00037570897047811214 0.00012777219566155497 1.31828629728885e-06 0.00011464257586192382 -0.00017891724008747245 -6.2310518319446711e-06 -0.00013177576958579149
leaf_weight=44 33 109 270 73 65 51 95
leaf_count=44 33 109 270 73 65 51 95
internal_value=-6.75676e-05 0.00669014 -0.00167224 0.000122549 -0.00156716 -0.00552632 -0.00821918
internal_weight=740 142 598 408 335 190 146
internal_count=740 142 598 408 335 190 146
is_linear=0
shrinkage=0.05


Tree=8
num_leaves=8
num_cat=0
split_feature=14 4 2 3 11 9 7
split_gain=3.20928 1.90131 1.77979 2.46338 1.943 1.14872 1.11251
threshold=0.070306169308441371 0.02273336084486182 0.03943826574250809 0.00216635296181289 0.016655619585763119 -0.24174675328113734 0.037638674545307123
decision_type=2 2 2 2 2 8 2
left_child=2 -2 5 4 -4 -1 -5
right_child=1 -3 3 6 -6 -7 -8
leaf_value=0.00033935626038855368 4.1657296610230805e-06 0.00047704507579104634 -0.00017972231611194974 -0.0001223492619547233 7.849319452641842e-06 8.7400709335334892e-07 0.00011432778319478144
leaf_weight=33 55 49 88 26 30 435 45
leaf_count=33 55 49 88 26 30 435 45
internal_value=0.000492773 0.00865385 -0.000799087 -0.00489418 -0.00932203 0.000854701 0.00246479
internal_weight=761 104 657 189 118 468 71
internal_count=761 104 657 189 118 468 71
is_linear=0
shrinkage=0.05


Tree=9
num_leaves=8
num_cat=0
split_feature=5 6 0 14 3 7 6
split_gain=2.75018 1.66364 1.44314 1.11493 1.65079 1.00375 1.75935
threshold=0.016015169749868764 0.49366928149178352 0.021544446094051043 0.047142331582309634 0.0022088737901179161 -0.011165069854189467 1.0936542210703648
decision_type=2 2 2 2 2 2 2
left_child=2 3 5 4 -2 -1 -7
right_child=1 -3 -4 -5 -6 6 -8
leaf_value=3.4846693609914741e-05 -0.00017672386442346935 0.00055557419748809497 0.00016251387658533165 0.00055434363359671633 0.00014948553742983995 -8.7676283307901694e-05 9.9116739231821296e-05
leaf_weight=222 42 35 25 28 39 308 39
leaf_count=222 42 35 25 28 39 308 39
internal_value=0.000745257 0.00694444 -0.000757576 0.00389908 0.000925926 -0.00127417 -0.00295389
internal_weight=738 144 594 109 81 569 347
internal_count=738 144 594 109 81 569 347
is_linear=0
shrinkage=0.05


Tree=10
num_leaves=8
num_cat=0
split_feature=8 3 3 0 11 1 9
split_gain=2.82888 1.47295 1.574 2.56015 1.9038 2.30285 1.8842
threshold=-0.1408178740921309 -0.013073574474219472 0.0053055005656049712 -0.00045346372049820388 0.021459782264152908 0.035735213018828101 -0.20815454127646985
decision_type=8 2 2 2 2 2 10
left_child=-1 -2 4 -4 6 -6 -3
right_child=1 2 3 -5 5 -7 -8
leaf_value=0.00044880454166905116 0.00015206310454907591 2.1316237934375762e-05 -0.00017401274831209914 7.9749749921715409e-05 0.00013762671724603062 -0.00014717192681979724 -0.00010415292242855193
leaf_weight=44 40 126 27 111 46 29 325
leaf_count=44 40 126 27 111 46 29 325
internal_value=0.000200535 -0.000568182 -0.00112952 0.00362319 -0.00237643 0.005 -0.0036031
internal_weight=748 704 664 138 526 75 451
internal_count=748 704 664 138 526 75 451
is_linear=0
shrinkage=0.05


Tree=11
num_leaves=8
num_cat=0
split_feature=1 14 0 16 8 4 10
split_gain=3.63051 2.12035 1.91276 4.40863 2.09265 1.4908 1.3562
threshold=-0.084613678005046863 0.06920052511090892 0.0089165645935747068 0.053598884894789041 0.070873033452897985 0.02273336084486182 0.0010681623083543814
decision_type=2 2 2 2 10 2 2
left_child=-1 2 3 4 -2 -3 -4
right_child=1 5 6 -5 -6 -7 -8
leaf_value=0.00035877427125386688 -5.3698323436054096e-05 3.2146521710659307e-06 -3.4380523295178416e-05 0.00035869939861312913 -0.00015878316307485593 0.00032808176204017519 7.2953382220650181e-05
leaf_weight=25 378 49 44 28 47 46 129
leaf_count=25 378 49 44 28 47 46 129
internal_value=0.000268097 -0.000381415 -0.0014377 -0.0031457 -0.00441176 0.00657895 0.00303468
internal_weight=746 721 626 453 425 95 173
internal_count=746 721 626 453 425 95 173
is_linear=0
shrinkage=0.05


Tree=12
num_leaves=8
num_cat=0
split_feature=8 0 2 4 5 11 10
split_gain=2.28978 1.93265 1.78241 1.667 2.21552 1.42999 2.51949
threshold=-0.15027823430143702 0.022133545568946204 0.052282473836833383 0.020566709075286477 0.01359715878514371 0.026101740885835282 0.0051414850262681009
decision_type=8 2 2 2 2 2 2
left_child=-1 2 5 -4 -5 -2 -7
right_child=1 -3 3 4 -6 6 -8
leaf_value=0.00043540578712442573 -2.8411968377516954e-06 0.00024124667248848252 -0.00013934192650361064 0.00020338691248154479 -0.00014177731033477304 0.00028020466805865813 -1.3666095682653926e-05
leaf_weight=36 443 38 78 28 52 26 25
leaf_count=36 443 38 78 28 52 26 25
internal_value=0.000206612 -0.000434783 -0.00107362 -0.0056962 -0.000625 0.000404858 0.00833333
internal_weight=726 690 652 158 80 494 51
internal_count=726 690 652 158 80 494 51
is_linear=0
shrinkage=0.05


Tree=13
num_leaves=8
num_cat=0
split_feature=5 1 5 2 10 7 4
split_gain=2.24498 2.12415 1.90805 1.34803 1.50612 1.35937 1.28888
threshold=0.015176432277249628 -0.056987149947815501 0.014774788678484805 0.048945313000148601 -0.0089994587968861266 0.032336977947718067 0.020566709075286477
decision_type=2 2 2 2 2 2 2
left_child=2 -2 3 4 -1 -6 -5
right_child=1 -3 -4 6 5 -7 -8
leaf_value=0.0001228062754236108 0.00036966679377062979 6.0086529592867817e-05 -0.0001651351956499703 -0.00012739558771112169 -2.1427815223325254e-05 0.00011199209129590009 2.4293348652488776e-05
leaf_weight=42 30 176 34 87 292 27 54
leaf_count=42 30 176 34 87 292 27 54
internal_value=-6.73854e-05 0.00436893 -0.00177239 -0.000996016 0.000623269 -0.000548589 -0.00514184
internal_weight=742 206 536 502 361 319 141
internal_count=742 206 536 502 361 319 141
is_linear=0
shrinkage=0.05


Tree=14
num_leaves=8
num_cat=0
split_feature=1 13 16 0 2 2 8
split_gain=2.17714 1.42325 1.58871 1.66422 1.36706 2.04167 1.52244
threshold=-0.074976043838012915 19.115000724792484 0.059691259568397721 0.021544446094051043 0.052282473836833383 0.068808592578619168 -0.037970125871339348
decision_type=2 2 2 2 2 2 8
left_child=-1 2 3 4 6 -6 -2
right_child=1 -3 -4 -5 5 -7 -8
leaf_value=0.0001851842232027261 -6.2656657182689728e-05 7.676797777469852e-05 0.00019169060501569168 0.00030034860604030039 -0.00019820540038131211 -5.8407571464277109e-05 1.3687790919067901e-05
leaf_weight=32 104 159 26 28 32 96 247
leaf_count=32 104 159 26 28 32 96 247
internal_value=0.00131215 0.000722543 -0.000515947 -0.00113412 -0.00182672 -0.00625 -0.000213675
internal_weight=724 692 533 507 479 128 351
internal_count=724 692 533 507 479 128 351
is_linear=0
shrinkage=0.05


Tree=15
num_leaves=8
num_cat=0
split_feature=8 8 5 4 7 2 16
split_gain=2.30047 1.19861 1.37459 1.50861 1.39068 1.89951 1.46254
threshold=-0.15027823430143702 0.086745769532218256 0.0090749990830026397 0.016154041548581348 0.045603599605435259 0.03943826574250809 0.0059513811627999189
decision_type=8 8 2 2 2 2 2
left_child=-1 2 -2 -4 5 -5 -7
right_child=1 -3 3 4 -6 6 -8
leaf_value=0.00038545666264763371 -0.0001121395014086568 -0.00014301465961217595 4.8746226545979232e-05 6.365563070835981e-07 8.2751940107126878e-05 -7.1605412360562556e-05 -0.00016309894201755224
leaf_weight=38 48 53 59 407 49 41 37
leaf_count=38 48 53 59 407 49 41 37
internal_value=-0.000136612 -0.000792507 -0.000195008 0.000463744 -0.000374532 -0.00118557 -0.00833333
internal_weight=732 694 641 593 534 485 78
internal_count=732 694 641 593 534 485 78
is_linear=0
shrinkage=0.05


Tree=16
num_leaves=8
num_cat=0
split_feature=1 8 0 2 0 15 11
split_gain=2.45147 1.69118 1.6544 1.04529 1.53348 1.52679 1.37829
threshold=-0.084613678005046863 -0.15027823430143702 0.022133545568946204 -0.10384273113561958 -0.0050547558298096864 -0.0012170593676161798 -0.016546519308648141
decision_type=2 8 2 2 2 2 2
left_child=-1 -2 3 5 6 -3 -5
right_child=1 2 -4 4 -6 -7 -8
leaf_value=0.00025838513728920065 0.00039786275601633126 -0.0001274612844429139 0.00012142116507530281 0.00011279573494834117 -2.6345033876392678e-05 -4.2649360946256896e-05 1.7166887812660599e-05
leaf_weight=26 27 25 36 32 420 28 157
leaf_count=26 27 25 36 32 420 28 157
internal_value=0.000299601 -0.000241379 -0.000716332 -0.00128399 -0.000697865 -0.00801887 0.00304233
internal_weight=751 725 698 662 609 53 189
internal_count=751 725 698 662 609 53 189
is_linear=0
shrinkage=0.05


Tree=17
num_leaves=8
num_cat=0
split_feature=1 3 16 9 15 14 12
split_gain=2.6132 1.77726 2.03198 1.75246 1.32229 2.79477 1.69505
threshold=-0.084613678005046863 0.0050962822157528684 0.058493424193382777 -0.20815454127646985 -0.0040996658503790742 0.0037598780805861991 -0.028469935291830225
decision_type=2 2 2 8 2 2 2
left_child=-1 2 3 -2 5 -5 -6
right_child=1 -3 -4 4 6 -7 -8
leaf_value=0.00028813267268484833 0.00033177524852508774 6.7202456955500102e-05 0.00022401496568638033 9.4701120073136804e-05 0.00011916378286445417 -2.7579976741806852e-05 -9.1854247681257765e-05
leaf_weight=27 41 144 27 32 30 141 302
leaf_count=27 41 144 27 32 30 141 302
internal_value=0.00047043 -0.000104603 -0.00135253 -0.00201465 -0.00282178 0.000722543 -0.00466867
internal_weight=744 717 573 546 505 173 332
internal_count=744 717 573 546 505 173 332
is_linear=0
shrinkage=0.05


Tree=18
num_leaves=8
num_cat=0
split_feature=14 12 0 6 11 1 16
split_gain=2.0091 1.64393 1.82373 1.67555 1.64713 2.11476 1.55305
threshold=0.066707247335420675 0.0053623366190914687 0.021544446094051043 -1.0654563970592432 0.02306163879140322 0.038572648965015784 1.0000000180025095e-35
decision_type=2 2 2 2 2 2 2
left_child=1 3 4 -1 6 -6 -3
right_child=-2 2 -4 -5 5 -7 -8
leaf_value=0.00027197709712738395 0.00010401483599545518 -2.4668928853663515e-06 0.00025632223216757636 2.9758613786640825e-05 0.0001358540079843416 -0.00012543137823336323 -0.00012758328451516803
leaf_weight=25 119 121 29 161 35 27 233
leaf_count=25 119 121 29 161 35 27 233
internal_value=0.000133333 -0.000990491 -0.00264045 0.00295699 -0.00348558 0.00403226 -0.00480226
internal_weight=750 631 445 186 416 62 354
internal_count=750 631 445 186 416 62 354
is_linear=0
shrinkage=0.05


Tree=19
num_leaves=8
num_cat=0
split_feature=8 16 16 7 2 8 2
split_gain=1.92396 1.42962 3.01237 2.21116 1.53915 1.62854 1.44554
threshold=-0.13143252033571187 1.0000000180025095e-35 -0.0036079778880714337 0.034991369550872238 -0.10832462059394325 -0.012339453903116913 0.02966884387543001
decision_type=8 2 2 2 2 10 2
left_child=-1 2 3 4 -2 -6 -3
right_child=1 6 -4 -5 5 -7 -8
leaf_value=0.00032367268807204021 -0.000105363489865218 5.2093103105298191e-08 0.00026744889902524297 0.00012651135249987642 6.7856008142273486e-05 -7.0985016826927979e-05 -0.00010860423963797174
leaf_weight=59 28 254 28 40 75 96 161
leaf_count=59 28 254 28 40 75 96 161
internal_value=0.000236167 -0.000513196 0.00234082 0.000523013 -0.00163317 0.000146199 -0.0023494
internal_weight=741 682 267 239 199 171 415
internal_count=741 682 267 239 199 171 415
is_linear=0
shrinkage=0.05


Tree=20
num_leaves=8
num_cat=0
split_feature=5 9 3 0 5 15 12
split_gain=2.14202 2.65786 1.49844 2.28589 1.47508 1.45078 1.11256
threshold=0.015176432277249628 0.0074965283986765394 0.004926352014672176 0.00075321542399164898 0.013660135173849598 0.0038316337312216402 0.025122863139992905
decision_type=2 8 2 2 2 2 2
left_child=4 2 3 -2 -1 -5 -6
right_child=1 -3 -4 5 6 -7 -8
leaf_value=-5.9830128557909626e-06 0.00031551498728065082 -0.00013186952211788642 0.0002630996258903848 6.5086595221388243e-05 -0.00017433289549190101 -0.00015933937887285549 -2.6670551170649825e-05
leaf_weight=440 79 25 43 28 43 25 56
leaf_count=440 79 25 43 28 43 25 56
internal_value=-0.000169147 0.00425 0.00642857 0.00378788 -0.00180891 -0.00424528 -0.00732323
internal_weight=739 200 175 132 539 53 99
internal_count=739 200 175 132 539 53 99
is_linear=0
shrinkage=0.05


Tree=21
num_leaves=8
num_cat=0
split_feature=8 0 7 2 3 13 1
split_gain=2.05461 1.53364 1.09424 1.78471 1.09669 1.06585 1.90032
threshold=-0.15027823430143702 -0.022391168403003422 0.059049437536916501 0.048945313000148601 0.0022758788413662638 13.795000076293947 -0.0086829776708840494
decision_type=8 2 2 2 2 2 2
left_child=-1 -2 3 5 -5 6 -3
right_child=1 2 -4 4 -6 -7 -8
leaf_value=0.00032150285798742393 9.2280747989622989e-05 0.00017379574827191478 0.00011828445883651125 -0.00011934598072455008 -7.0403405800489699e-06 -1.6467698827074076e-05 -4.7659175868834067e-06
leaf_weight=37 45 30 41 100 51 394 48
leaf_count=37 45 30 41 100 51 394 48
internal_value=0 -0.000599436 -0.00120482 -0.00172552 -0.00645695 -0.000211864 0.00512821
internal_weight=746 709 664 623 151 472 78
internal_count=746 709 664 623 151 472 78
is_linear=0
shrinkage=0.05


Tree=22
num_leaves=8
num_cat=0
split_feature=9 16 13 9 13 16 16
split_gain=2.27588 1.36 1.34709 1.60307 1.53484 1.27241 1.50794
threshold=-0.20815454127646985 0.051403326628023834 19.115000724792484 -0.086380694091014107 20.714999198913578 0.036082280554409325 0.028134884462029833
decision_type=8 2 2 10 2 2 2
left_child=-1 2 5 -4 -5 6 -2
right_child=1 -3 3 4 -6 -7 -8
leaf_value=0.00023386950169649443 -1.7256674498546123e-05 0.00018956495376421146 0.00024199010694488936 6.0444418205529532e-05 -0.00010638894786380027 -7.5140206119105442e-05 7.1279954300119876e-05
leaf_weight=75 392 40 78 31 33 59 32
leaf_count=75 392 40 78 31 33 59 32
internal_value=0.000743243 -0.00018797 -0.00076 0.00352113 -0.00234375 -0.00201863 -0.00106132
internal_weight=740 665 625 142 64 483 424
internal_count=740 665 625 142 64 483 424
is_linear=0
shrinkage=0.05


Tree=23
num_leaves=8
num_cat=0
split_feature=5 6 14 3 11 1 11
split_gain=1.31087 1.23671 1.33714 0.871027 2.26453 1.84392 1.6003
threshold=0.025347341860737716 2.4827177558496571 0.14228104891203866 0.0053055005656049712 0.018473495823320477 0.038979984501233862 0.012763459668046597
decision_type=2 2 2 2 2 2 2
left_child=1 2 3 4 6 -6 -1
right_child=-2 -3 -4 -5 5 -7 -8
leaf_value=-1.9850990732276852e-05 0.00031990980207033566 0.00012584200143663543 0.00035934451720218358 3.350072312010141e-05 8.0363615696123387e-05 -0.00011558765933287717 -9.9160406792152053e-05
leaf_weight=365 28 27 27 127 74 27 72
leaf_count=365 28 27 27 127 74 27 72
internal_value=0.000100402 -0.000312935 -0.000722543 -0.00116541 -0.00204461 0.00470297 -0.00360412
internal_weight=747 719 692 665 538 101 437
internal_count=747 719 692 665 538 101 437
is_linear=0
shrinkage=0.05


Tree=24
num_leaves=8
num_cat=0
split_feature=1 0 8 8 3 2 14
split_gain=1.26742 1.37711 1.49448 1.3038 1.54343 1.263 1.60557
threshold=-0.084613678005046863 0.022133545568946204 -0.15027823430143702 -0.061531086212614265 -0.013073574474219472 -0.01231208551544649 0.048234950984074383
decision_type=2 2 8 8 2 2 2
left_child=-1 2 -2 -4 -5 -6 -7
right_child=1 -3 3 4 5 6 -8
leaf_value=0.00024359537746536792 0.00028416943324458102 0.00013774511337273499 -9.0421061810106763e-05 0.00016556339527488509 6.1761023945152739e-05 -6.3777348887436258e-05 4.6594896582393765e-05
leaf_weight=25 25 42 131 26 129 308 58
leaf_count=25 25 42 131 26 129 308 58
internal_value=-6.72043e-05 -0.000452017 -0.000997046 -0.00145706 -0.000335893 -0.000959596 -0.00245902
internal_weight=744 719 677 652 521 495 366
internal_count=744 719 677 652 521 495 366
is_linear=0
shrinkage=0.05


Tree=25
num_leaves=8
num_cat=0
split_feature=8 0 0 2 12 0 9
split_gain=1.49359 1.19508 1.02976 1.18143 0.922612 1.53179 1.19114
threshold=-0.13143252033571187 0.022133545568946204 -0.027035302481157982 -0.10384273113561958 0.04851916087108233 0.00075321542399164898 -0.0042134092568312234
decision_type=8 2 2 2 2 2 10
left_child=-1 2 -2 -4 6 -6 -5
right_child=1 -3 3 4 5 -7 -8
leaf_value=0.00018340837819052914 0.00011641893054388543 0.00013085785770409827 -0.00010384177826218561 -2.488974063525537e-05 6.9121219511420398e-05 -0.0001410372663927071 3.4442351427014618e-05
leaf_weight=60 27 38 45 308 45 41 186
leaf_count=60 27 38 45 308 45 41 186
internal_value=-6.66667e-05 -0.000724638 -0.00122699 -0.00164 -0.00103448 -0.00581395 -0.000202429
internal_weight=750 690 652 625 580 86 494
internal_count=750 690 652 625 580 86 494
is_linear=0
shrinkage=0.05


Tree=26
num_leaves=8
num_cat=0
split_feature=9 3 6 6 11 16 14
split_gain=1.65919 1.74337 1.52098 1.92471 1.80712 2.70207 2.42276
threshold=-0.20815454127646985 0.0053055005656049712 -0.65704968659900675 -0.78780349681473993 0.020793253578218044 0.0078016294360597769 0.031770832380203846
decision_type=8 2 2 2 2 2 2
left_child=-1 2 3 -2 5 -4 -7
right_child=1 -3 4 -5 -6 6 -8
leaf_value=0.0001792934514031939 -4.4916343145386639e-05 4.9120939503231184e-05 2.2187521837895889e-05 -0.00014977389746136864 7.7539235537525943e-05 -0.00017486355895085395 6.9717627166156814e-05
leaf_weight=73 126 127 212 35 56 83 31
leaf_count=73 126 127 212 35 56 83 31
internal_value=3.36474e-05 -0.000746269 -0.00197974 -0.0060559 -0.00026178 -0.00168712 -0.00789474
internal_weight=743 670 543 161 382 326 114
internal_count=743 670 543 161 382 326 114
is_linear=0
shrinkage=0.05


Tree=27
num_leaves=8
num_cat=0
split_feature=1 5 11 15 4 16 16
split_gain=1.7217 1.03046 1.46637 0.98048 0.921818 0.903726 1.5258
threshold=-0.084613678005046863 0.016015169749868764 -0.002084976205571742 0.0096674812609049993 0.029500170462611771 0.051403326628023834 0.030996719198244208
decision_type=2 2 2 2 2 2 2
left_child=-1 5 -3 4 -4 6 -2
right_child=1 2 3 -5 -6 -7 -8
leaf_value=0.00023549832141331407 -1.0169591377920482e-05 0.00030068594017707592 0.00011697613178306977 0.0001488641364220098 -0.00024222182871571301 0.00014033594468565639 -6.5047420147248009e-05
leaf_weight=25 485 46 25 26 30 33 75
leaf_count=25 485 46 25 26 30 33 75
internal_value=0.000100671 -0.000347222 0.00374016 -0.000308642 -0.00409091 -0.0012226 -0.00169643
internal_weight=745 720 127 81 55 593 560
internal_count=745 720 127 81 55 593 560
is_linear=0
shrinkage=0.05


Tree=28
num_leaves=8
num_cat=0
split_feature=14 10 14 15 15 13 7
split_gain=1.65718 1.51954 1.24128 1.63012 3.21459 1.32434 1.25969
threshold=0.06920052511090892 -0.015857538372193832 0.009860755526874045 -0.0040996658503790742 -0.0015006580793500144 14.434999942779543 -0.0079545576405370948
decision_type=2 2 2 2 2 2 2
left_child=2 -2 3 -1 -5 -4 -6
right_child=1 -3 5 4 6 -7 -8
leaf_value=8.2474526535735121e-05 -2.2510333874291041e-05 0.00017277198032728268 -0.00012343948672330937 -0.0001642101636178399 5.4773777007735997e-05 -2.4917847858996982e-05 -2.2694797764272323e-05
leaf_weight=54 25 76 49 30 166 131 221
leaf_count=54 25 76 49 30 166 131 221
internal_value=-0.000265957 0.00569307 -0.00119048 0.000159236 -0.000899281 -0.00472222 0.000322997
internal_weight=752 101 651 471 417 180 387
internal_count=752 101 651 471 417 180 387
is_linear=0
shrinkage=0.05


Tree=29
num_leaves=8
num_cat=0
split_feature=8 6 14 8 14 3 3
split_gain=2.31751 1.61318 1.47592 1.26506 1.53494 1.07695 1.07323
threshold=-0.15027823430143702 2.3758558360048769 -0.048915299030690522 0.086745769532218256 -0.039477048520880569 -0.0030837662783515514 0.007063510747175262
decision_type=8 2 2 8 2 2 2
left_child=-1 2 5 4 -4 -2 -7
right_child=1 -3 3 -5 -6 6 -8
leaf_value=0.00027740684723200228 5.3620185939037054e-05 0.00012138744517226508 7.7796952692279434e-05 -9.851627933168085e-05 -9.509660353777729e-07 -0.00024239333444360975 -1.1779739475307029e-05
leaf_weight=33 29 26 30 42 468 66 36
leaf_count=33 29 26 30 42 468 66 36
internal_value=-6.84932e-05 -0.000681492 -0.00115499 0 0.000702811 -0.00591603 -0.00833333
internal_weight=730 697 671 540 498 131 102
internal_count=730 697 671 540 498 131 102
is_linear=0
shrinkage=0.05


Tree=30
num_leaves=8
num_cat=0
split_feature=5 9 9 2 11 15 6
split_gain=2.38836 1.85996 1.72176 1.8208 2.5108 1.39329 1.98951
threshold=0.015176432277249628 0.0012311434955133429 0.0074965283986765394 -0.009573052114285106 1.0000000180025095e-35 -0.0040996658503790742 -0.31105561868086901
decision_type=2 8 8 2 2 2 2
left_child=2 -2 -1 4 -4 6 -5
right_child=1 -3 3 5 -6 -7 -8
leaf_value=-8.324506268274717e-05 0.00013207185541789683 -5.4523967398919421e-05 -1.3171402704744915e-05 0.00015395998717092257 0.00017849774968558294 -3.8529859471616052e-05 -0.00011086240004194834
leaf_weight=176 170 28 57 31 39 193 43
leaf_count=176 170 28 57 31 39 193 43
internal_value=0.000101764 0.00479798 -0.00162338 0.000344353 0.00625 -0.00177903 0.00405405
internal_weight=737 198 539 363 96 267 74
internal_count=737 198 539 363 96 267 74
is_linear=0
shrinkage=0.05


Tree=31
num_leaves=8
num_cat=0
split_feature=8 0 2 6 6 6 1
split_gain=1.61196 1.13995 1.22308 1.03496 1.02501 2.2862 1.40714
threshold=-0.13143252033571187 0.022133545568946204 -0.11603658053419451 1.2759757724335448 0.57022286383211573 0.18806946587136389 -0.024674700997934004
decision_type=8 2 2 2 2 2 2
left_child=-1 2 -2 4 5 6 -4
right_child=1 -3 3 -5 -6 -7 -8
leaf_value=0.00014747864514561438 -0.0001004246861142089 0.00013088997868296862 6.1455363784752905e-05 6.0292338599991088e-05 -9.3356834803802086e-05 0.0001081529059048542 -3.7556328052251472e-05
leaf_weight=58 32 35 62 63 68 60 353
leaf_count=58 32 35 62 63 68 60 353
internal_value=-0.000239398 -0.000928678 -0.00141066 -0.000907591 -0.00161142 -0.000789474 -0.00210843
internal_weight=731 673 638 606 543 475 415
internal_count=731 673 638 606 543 475 415
is_linear=0
shrinkage=0.05


Tree=32
num_leaves=8
num_cat=0
split_feature=8 0 14 14 16 11 2
split_gain=2.02513 1.15589 1.07742 1.63458 1.34756 1.57072 1.84207
threshold=-0.15027823430143702 0.024452603363822382 -0.048915299030690522 -0.039477048520880569 0.058493424193382777 0.011695310622020451 -0.040073469964356671
decision_type=8 2 2 2 2 2 2
left_child=-1 2 -2 -4 5 -5 -7
right_child=1 -3 3 4 -6 6 -8
leaf_value=0.00024955897984222671 -8.4686381701054304e-05 0.00026644149123646824 9.0333506312573685e-05 9.195776592262149e-06 0.00016677439494916643 9.1761444476375781e-05 -8.2306414579944845e-05
leaf_weight=35 124 34 30 355 25 31 118
leaf_count=35 124 34 30 355 25 31 118
internal_value=0.000398936 -0.000174338 -0.000622255 0.000313059 -0.000330813 -0.000892857 -0.00520134
internal_weight=752 717 683 559 529 504 149
internal_count=752 717 683 559 529 504 149
is_linear=0
shrinkage=0.05


Tree=33
num_leaves=8
num_cat=0
split_feature=8 10 13 15 5 15 16
split_gain=1.6633 1.11725 1.85436 1.935 2.15648 1.50097 1.2533
threshold=-0.15027823430143702 0.00090086479202544656 18.719999313354496 -0.012523872894033226 0.010480117874273749 -0.012276518963216685 0.00023795238460544435
decision_type=8 2 2 2 2 2 2
left_child=-1 2 3 -2 -5 -4 -3
right_child=1 6 5 4 -6 -7 -8
leaf_value=0.0002083323691353924 6.7146132566108004e-05 6.6139994532760465e-05 -5.6053497325608348e-05 -0.00015851953685768898 -2.0123392539099767e-05 0.00011665587094112553 -7.9030635326124078e-07
leaf_weight=38 56 100 46 53 136 56 257
leaf_count=38 56 100 46 53 136 56 257
internal_value=0.000336927 -0.000213068 -0.00223343 -0.00459184 -0.00701058 0.00343137 0.0017507
internal_weight=742 704 347 245 189 102 357
internal_count=742 704 347 245 189 102 357
is_linear=0
shrinkage=0.05


Tree=34
num_leaves=8
num_cat=0
split_feature=7 6 2 8 5 16 8
split_gain=1.47264 1.49247 1.26405 1.15796 1.15839 1.04163 0.885214
threshold=0.057371883427342792 2.4827177558496571 0.048945313000148601 0.05470115748964733 0.025347341860737716 0.00023795238460544435 0.040091320795079717
decision_type=2 2 2 10 2 2 8
left_child=1 2 3 4 6 -4 -1
right_child=-2 -3 5 -5 -6 -7 -8
leaf_value=-4.8733577610282115e-06 0.00011106292050465988 8.298138420036557e-05 3.5268763133931674e-07 0.00010840771444543736 0.00022321474278140312 -8.9374360852205229e-05 -6.1893196935853108e-05
leaf_weight=419 45 25 52 36 28 90 52
leaf_count=419 45 25 52 36 28 90 52
internal_value=-0.000435074 -0.000997151 -0.00144018 -0.000327103 -0.000951904 -0.0056338 -0.00153928
internal_weight=747 702 677 535 499 142 471
internal_count=747 702 677 535 499 142 471
is_linear=0
shrinkage=0.05


Tree=35
num_leaves=8
num_cat=0
split_feature=14 10 15 8 9 11 13
split_gain=1.77482 2.49721 2.11998 1.9077 1.81662 1.74216 1.96852
threshold=0.055948056460050417 -0.003359521019770106 -0.0040996658503790742 -0.10879923216889657 -0.049191687921155074 0.017632958734851271 13.554999828338625
decision_type=2 2 2 8 10 2 2
left_child=1 4 -3 -4 -1 6 -5
right_child=-2 2 3 5 -6 -7 -8
leaf_value=-7.234612288952618e-05 6.9211151710994297e-05 8.3758738710953363e-05 0.00011238173161541897 3.3477591432584512e-05 -0.00014921651143329437 2.757313748174943e-05 -7.1171302831747607e-05
leaf_weight=52 125 57 46 64 28 117 254
leaf_count=52 125 57 46 64 28 117 254
internal_value=-3.36474e-05 -0.00113269 9.29368e-05 -0.000987526 -0.009375 -0.00201149 -0.00393082
internal_weight=743 618 538 481 80 435 318
internal_count=743 618 538 481 80 435 318
is_linear=0
shrinkage=0.05


Tree=36
num_leaves=8
num_cat=0
split_feature=6 1 7 0 11 13 9
split_gain=1.4757 1.12214 1.05715 1.30024 0.975383 1.48624 1.8391
threshold=2.7234857256022718 -0.079648180406071786 0.046638920999943163 0.0096184356772711661 0.029305093404121577 18.719999313354496 -0.086380694091014107
decision_type=2 2 2 2 2 2 10
left_child=1 -1 4 -4 5 -3 -7
right_child=-2 2 3 -5 -6 6 -8
leaf_value=7.6809092954747892e-05 0.00010517414985052373 -3.6244222312645669e-05 -5.8597313484027445e-06 0.00012639714940279327 6.0496441724917743e-05 0.0001004020905254643 -5.3142295417652919e-05
leaf_weight=26 26 415 47 29 48 94 68
leaf_count=26 26 415 47 29 48 94 68
internal_value=-0.000166003 -0.000584594 -0.00096291 0.00460526 -0.00164 -0.00220971 0.00185185
internal_weight=753 727 701 76 625 577 162
internal_count=753 727 701 76 625 577 162
is_linear=0
shrinkage=0.05


Tree=37
num_leaves=8
num_cat=0
split_feature=1 12 0 7 8 9 10
split_gain=1.6138 1.9448 1.89816 1.0603 1.35704 1.3549 2.13996
threshold=-0.084613678005046863 0.051846022032751578 0.0052762678365538837 0.059049437536916501 0.081062791969912854 0.0058182260796277871 0.0056131556755568699
decision_type=2 2 2 2 10 8 2
left_child=-1 3 -3 4 5 -2 -7
right_child=1 2 -4 -5 -6 6 -8
leaf_value=0.00022667323116439908 -1.2719107889272181e-05 -9.604498296086808e-06 -0.00011119673148422224 0.00014443175012785397 -0.00011972180721377484 3.9367964489668906e-06 6.0789625137092594e-05
leaf_weight=27 282 49 32 32 28 230 77
leaf_count=27 282 49 32 32 28 230 77
internal_value=3.30251e-05 -0.000410959 -0.00771605 0.00050077 4.05186e-05 0.000551783 0.00285016
internal_weight=757 730 81 649 617 589 307
internal_count=757 730 81 649 617 589 307
is_linear=0
shrinkage=0.05


Tree=38
num_leaves=8
num_cat=0
split_feature=4 12 10 3 0 13 3
split_gain=1.41845 1.61406 1.50135 1.78183 1.28434 1.10768 1.4915
threshold=0.040283756977249598 0.035278924713739175 0.0011530196642344228 -0.0020259129418189743 0.00043896556491218602 13.795000076293947 0.0026381165316100579
decision_type=2 2 2 2 2 2 2
left_child=1 5 3 -3 -4 6 -1
right_child=-2 2 4 -5 -6 -7 -8
leaf_value=6.6791933829622433e-06 0.00013841434173198384 -2.6099262565309557e-05 7.6829238814886207e-05 -0.00012573309876970563 -8.7677610615025063e-05 -9.7314438846024882e-07 0.00016123746530987684
leaf_weight=34 52 42 38 43 74 430 27
leaf_count=34 52 42 38 43 74 430 27
internal_value=-0.00027027 -0.000872093 -0.00469543 -0.00970588 -0.000892857 0.000661914 0.00696721
internal_weight=740 688 197 85 112 491 61
internal_count=740 688 197 85 112 491 61
is_linear=0
shrinkage=0.05


Tree=39
num_leaves=8
num_cat=0
split_feature=7 7 3 7 13 11 10
split_gain=1.30305 2.8751 1.29452 1.89064 1.21044 2.04978 1.8917
threshold=-0.0024607907025243621 0.0022999040778993733 0.00216635296181289 0.015830034600951452 17.164999961853031 0.003813504719322514 -0.002449885434601728
decision_type=2 2 2 2 2 2 2
left_child=-1 -2 4 -4 6 -6 -3
right_child=1 2 3 -5 5 -7 -8
leaf_value=1.4674925256826996e-05 -0.00015176444938414316 -0.00012903732925240489 -2.1648143469091123e-05 6.6360534630404002e-05 2.0414291319134462e-06 -0.00022390020233165736 1.1513199502920365e-05
leaf_weight=365 31 33 34 99 29 37 108
leaf_count=365 31 33 34 99 29 37 108
internal_value=-0.000271739 -0.00235849 -0.00102941 0.00281955 -0.00350242 -0.00909091 -0.000886525
internal_weight=736 371 340 133 207 66 141
internal_count=736 371 340 133 207 66 141
is_linear=0
shrinkage=0.05


Tree=40
num_leaves=8
num_cat=0
split_feature=12 10 0 8 7 8 0
split_gain=1.18423 1.40681 1.58961 1.43115 1.14816 1.57567 1.08439
threshold=0.035278924713739175 9.4848672244407531e-05 0.0009578765069019336 0.040091320795079717 -0.092573877645364219 -0.1462802768731005 0.0089165645935747068
decision_type=2 2 2 10 2 8 2
left_child=4 3 -3 -2 -1 -6 -4
right_child=1 2 6 -5 5 -7 -8
leaf_value=-4.5632416930699803e-05 -2.7981035491839169e-05 5.4207538302527598e-05 -0.0001084528359369484 -0.00013856636932455779 0.00035237190595129009 7.0979319321350709e-06 1.5588652890019365e-06
leaf_weight=28 40 55 42 25 26 484 43
leaf_count=28 40 55 42 25 26 484 43
internal_value=-0.000302826 -0.00353659 -0.000714286 -0.00961538 0.000929368 0.00147059 -0.005
internal_weight=743 205 140 65 538 510 85
internal_count=743 205 140 65 538 510 85
is_linear=0
shrinkage=0.05


Tree=41
num_leaves=8
num_cat=0
split_feature=13 9 12 0 5 4 2
split_gain=1.17997 1.47846 0.976362 1.23896 0.967327 1.68011 1.33261
threshold=22.625000000000004 -0.15821248454156958 0.051846022032751578 0.00043896556491218602 0.0090749990830026397 0.01625537241018727 0.087873876295344835
decision_type=2 10 2 2 2 2 2
left_child=2 -2 4 -4 -1 -6 -7
right_child=1 -3 3 -5 5 6 -8
leaf_value=-0.00011501717149608833 0.00026030841496294362 -4.0991746404613234e-05 2.7742894977118111e-05 -8.9094774251750289e-05 0.00010609379648508782 -3.8015392126376476e-06 8.1599737511206812e-05
leaf_weight=35 40 25 38 49 56 466 42
leaf_count=35 40 25 38 49 56 466 42
internal_value=9.98668e-05 0.00653846 -0.000510204 -0.00545977 0.000208681 0.00070922 -0.00019685
internal_weight=751 65 686 87 599 564 508
internal_count=751 65 686 87 599 564 508
is_linear=0
shrinkage=0.05


Tree=42
num_leaves=8
num_cat=0
split_feature=5 15 9 4 6 7 14
split_gain=1.6045 1.2714 1.13195 1.52966 1.17604 1.37544 1.15166
threshold=0.016015169749868764 0.0052305007860595784 -0.01592074524566028 0.019859691940721381 0.18806946587136389 -0.0069268594693515642 0.0053913947730825926
decision_type=2 2 8 2 2 2 2
left_child=2 -2 3 -1 5 -5 -4
right_child=1 -3 6 4 -6 -7 -8
leaf_value=-9.1902236436908899e-05 0.00016230765297317216 2.2678591514025412e-05 2.5834678276167539e-05 2.8194708636417349e-05 3.9796537320451042e-05 -0.00021785812361941803 -1.4426995337290411e-05
leaf_weight=51 80 66 243 57 50 38 164
leaf_count=51 80 66 243 57 50 38 164
internal_value=0.000433912 0.00513699 -0.000704809 -0.00382653 -0.0012069 -0.00447368 0.000798526
internal_weight=749 146 603 196 145 95 407
internal_count=749 146 603 196 145 95 407
is_linear=0
shrinkage=0.05


Tree=43
num_leaves=8
num_cat=0
split_feature=13 0 0 0 10 6 9
split_gain=1.603 0.989812 1.85081 1.47091 1.60937 2.4234 1.30749
threshold=24.19999980926514 0.0087837249465333462 0.0077035277515599141 0.012117972140245683 0.0043510585935800936 -0.22947980651188868 -0.031728623447157538
decision_type=2 2 2 2 2 2 8
left_child=1 2 -1 -3 6 -6 -5
right_child=-2 3 -4 4 5 -7 -8
leaf_value=-6.3408446093157246e-06 0.00016802817145590462 9.2997076979213806e-05 -0.00022349825510307956 5.5272371020580018e-06 -5.2531217742535132e-05 0.00018837045772794703 -0.00015484210433381793
leaf_weight=491 49 52 28 29 29 38 28
leaf_count=491 49 52 28 29 29 38 28
internal_value=-6.72043e-05 -0.000683453 -0.00178227 0.00255682 -0.000403226 0.00485075 -0.00657895
internal_weight=744 695 519 176 124 67 57
internal_count=744 695 519 176 124 67 57
is_linear=0
shrinkage=0.05


Tree=44
num_leaves=8
num_cat=0
split_feature=8 2 16 4 6 7 4
split_gain=1.25084 0.990297 1.42223 1.5 1.27635 1.06085 1.433
threshold=-0.1408178740921309 -0.10384273113561958 -0.035579500804644275 0.021549467890924417 0.011307702176825684 -0.051316674993753746 0.027891759637484286
decision_type=8 2 2 2 2 2 2
left_child=-1 4 3 -3 -2 -4 -7
right_child=1 2 5 -5 -6 6 -8
leaf_value=8.3814615334247729e-05 3.8845679925703877e-06 -2.3937844938697399e-05 0.00010525557283698247 0.0002429399499118393 -0.00012313232156289084 -3.6381963617384933e-06 -4.9904656855408358e-05
leaf_weight=46 28 27 25 27 26 507 49
leaf_count=46 28 27 25 27 26 507 49
internal_value=-0.00037415 -0.000907112 -0.000354331 0.00740741 -0.00740741 -0.00107573 -0.00152878
internal_weight=735 689 635 54 54 581 556
internal_count=735 689 635 54 54 581 556
is_linear=0
shrinkage=0.05


Tree=45
num_leaves=8
num_cat=0
split_feature=9 6 4 16 0 10 14
split_gain=1.09657 1.47159 0.838759 1.50857 0.844927 0.827979 2.02788
threshold=-0.20815454127646985 -0.23755716761377013 0.025880155658226659 -0.012980524547583248 -0.00060915219200557969 0.00090086479202544656 0.047546513885702975
decision_type=8 2 2 2 2 2 2
left_child=1 -1 5 -4 -5 6 -2
right_child=2 -3 3 4 -6 -7 -8
leaf_value=0.0002564959302557621 -5.1870239481721518e-05 -4.0679178820581674e-06 6.3881706409801579e-05 -0.00019274043316120672 -2.2419737496722285e-05 1.6945195513481037e-05 3.5052762467627754e-05
leaf_weight=31 174 43 35 31 44 281 104
leaf_count=31 174 43 35 31 44 281 104
internal_value=-0.000370121 0.00540541 -0.00100897 -0.005 -0.009 -0.000223614 -0.00215827
internal_weight=743 74 669 110 75 559 278
internal_count=743 74 669 110 75 559 278
is_linear=0
shrinkage=0.05


Tree=46
num_leaves=8
num_cat=0
split_feature=7 1 14 15 12 16 10
split_gain=1.75753 1.62249 1.25521 1.11141 1.88265 2.17108 2.11765
threshold=-0.096386499891085484 -0.06898445690712772 -0.081825770158787711 0.0096674812609049993 -0.026522895581630176 1.0000000180025095e-35 -0.0059409935065934385
decision_type=2 2 2 2 2 2 2
left_child=-1 -2 -3 4 6 -6 -4
right_child=1 2 3 -5 5 -7 -8
leaf_value=-5.0355578463622944e-05 0.00014376209130885004 -2.1888231704792015e-05 -4.0285074520545874e-05 4.6330392303528799e-05 9.8421247334479746e-06 -3.3763246829976836e-05 0.0001683569654123373
leaf_weight=25 25 56 34 131 181 261 34
leaf_count=25 25 56 34 131 181 261 34
internal_value=3.34672e-05 0.000484765 3.5868e-05 0.000663027 -0.000392157 -0.00158371 0.00735294
internal_weight=747 722 697 641 510 442 68
internal_count=747 722 697 641 510 442 68
is_linear=0
shrinkage=0.05


Tree=47
num_leaves=8
num_cat=0
split_feature=8 12 14 14 5 16 0
split_gain=1.18267 1.56915 1.00051 1.3727 1.49693 0.912229 1.25921
threshold=-0.13143252033571187 -0.018266326902635351 -0.054805799949304061 -0.037904468517233385 0.013371796324702707 0.05697748579533813 0.015966263968905551
decision_type=8 2 2 2 2 2 2
left_child=1 -1 -2 4 -4 6 -5
right_child=2 -3 3 5 -6 -7 -8
leaf_value=0.00021115670606339918 -6.862452853264316e-05 -1.9881431903086451e-06 6.2335448802387783e-05 -2.1452935705036996e-05 -2.7581545011390669e-06 9.1464426565827884e-05 6.6585276688325721e-05
leaf_weight=31 107 27 37 447 25 26 34
leaf_count=31 107 27 37 447 25 26 34
internal_value=-0.000817439 0.00603448 -0.00140533 -0.000571178 0.00645161 -0.00142998 -0.00192308
internal_weight=734 58 676 569 62 507 481
internal_count=734 58 676 569 62 507 481
is_linear=0
shrinkage=0.05


Tree=48
num_leaves=8
num_cat=0
split_feature=8 14 14 13 9 4 14
split_gain=1.18726 1.03507 1.57912 1.46659 1.27068 1.24157 0.981893
threshold=0.094835874254797239 -0.054805799949304061 -0.037904468517233385 21.724999427795414 -0.16641589702972112 0.021815933979153355 0.047546513885702975
decision_type=8 2 2 2 10 2 2
left_child=1 4 -3 6 -1 -6 -4
right_child=-2 2 3 -5 5 -7 -8
leaf_value=7.3814595912963081e-05 -0.00013725081677206844 6.5715950867803295e-05 -9.9839434458819843e-06 0.00010434232007190022 -3.1062413576412806e-06 -0.00021184379677201615 2.6278931309268139e-05
leaf_weight=36 41 53 372 50 37 39 106
leaf_count=36 41 53 372 50 37 39 106
internal_value=0.000340599 0.000829726 0.00167814 0.000852273 -0.00357143 -0.00723684 0
internal_weight=734 693 581 528 112 76 478
internal_count=734 693 581 528 112 76 478
is_linear=0
shrinkage=0.05


Tree=49
num_leaves=8
num_cat=0
split_feature=6 1 14 10 1 7 2
split_gain=2.09976 1.83447 1.07565 1.71767 1.68126 2.16125 1.45839
threshold=2.4827177558496571 -0.0057828264999680292 0.050179471356022971 -0.003359521019770106 0.040866811926721265 0.046638920999943163 0.040538591171512046
decision_type=2 2 2 2 2 2 2
left_child=1 -1 3 -3 5 6 -5
right_child=-2 2 -4 4 -6 -7 -8
leaf_value=-3.1607513819107695e-05 0.00014187873042976231 -0.00012556462196286976 0.0003257999802943227 3.6061720657288177e-05 -4.9309357113564162e-05 0.00016550634183451997 -7.9956934923331466e-05
leaf_weight=287 27 31 59 165 66 26 71
leaf_count=287 27 31 59 165 66 26 71
internal_value=0.000204918 -0.000319149 0.00179426 0.000766017 0.00182927 0.00362595 0.00211864
internal_weight=732 705 418 359 328 262 236
internal_count=732 705 418 359 328 262 236
is_linear=0
shrinkage=0.05


Tree=50
num_leaves=8
num_cat=0
split_feature=0 8 4 0 5 3 4
split_gain=0.963072 1.8522 1.59032 1.96215 1.90721 1.44776 1.38283
threshold=-0.0041430546313743202 0.040091320795079717 0.017491704638821992 -0.0098670745954904642 0.015309008201471155 0.0058425183243540077 0.014730111904874612
decision_type=2 10 2 2 2 2 2
left_child=1 2 -1 4 -4 6 -2
right_child=5 -3 3 -5 -6 -7 -8
leaf_value=0.00013614877592571747 4.4374185676822007e-05 -6.1276055861450449e-05 -6.9032149951719267e-05 0.00021439423267379678 0.00013478479390827415 3.4258634624423789e-05 -3.0687158336699125e-05
leaf_weight=26 30 52 81 54 49 113 330
leaf_count=26 30 52 81 54 49 113 330
internal_value=-0.000714286 0.00171756 0.00380952 0.00217391 -0.00115385 -0.00206131 -0.00361111
internal_weight=735 262 210 184 130 473 360
internal_count=735 262 210 184 130 473 360
is_linear=0
shrinkage=0.05


Tree=51
num_leaves=8
num_cat=0
split_feature=12 12 12 6 6 6 11
split_gain=1.20022 1.37197 1.17737 1.334 1.24615 2.05729 1.91344
threshold=-0.052281358654850445 -0.039191714476565991 -0.028469935291830225 -0.65704968659900675 -0.32770601057065585 -0.22947980651188868 0.017632958734851271
decision_type=2 2 2 2 2 2 2
left_child=-1 -2 -3 -4 6 -6 -5
right_child=1 2 3 4 5 -7 -8
leaf_value=0.0002001812874871438 -0.00013650603230134438 7.3310518053738757e-05 -4.0746849761842156e-05 1.0607556245989135e-05 -0.00011693411895884621 6.0433752950936339e-06 0.00024036939571404792
leaf_weight=27 29 39 183 84 35 330 26
leaf_count=27 29 39 183 84 35 330 26
internal_value=-0.000166003 -0.000550964 -0.000107604 -0.000607903 0.000789474 -0.000616438 0.00545455
internal_weight=753 726 697 658 475 365 110
internal_count=753 726 697 658 475 365 110
is_linear=0
shrinkage=0.05


Tree=52
num_leaves=8
num_cat=0
split_feature=6 6 8 0 16 0 5
split_gain=1.14611 0.932258 1.08235 0.950633 2.04918 1.07917 1.47994
threshold=2.4827177558496571 1.882653911875104 0.094835874254797239 0.0089165645935747068 0.053598884894789041 -0.0065791813561974491 0.015706625406521849
decision_type=2 2 8 2 2 2 2
left_child=1 2 3 4 5 6 -1
right_child=-2 -3 -4 -5 -6 -7 -8
leaf_value=-1.2206355048661588e-05 8.2410696467027976e-05 -1.956589906244753e-05 -0.00019834153284612797 3.4045040209957715e-05 0.00025060507350282041 -2.6432647961832387e-05 0.00021021447730997989
leaf_weight=127 26 27 35 166 27 297 46
leaf_count=127 26 27 35 166 27 297 46
internal_value=-0.000699068 -0.00106897 -0.000716332 -0.000263952 -0.00135815 -0.00212766 0.00101156
internal_weight=751 725 698 663 497 470 173
internal_count=751 725 698 663 497 470 173
is_linear=0
shrinkage=0.05


Tree=53
num_leaves=8
num_cat=0
split_feature=6 3 2 7 3 3 10
split_gain=1.12754 0.809552 0.783441 1.39235 1.02761 0.900298 0.757412
threshold=2.4827177558496571 0.011402636089981268 0.048945313000148601 0.037477285857819405 0.0022758788413662638 -0.0024337353222983467 0.0042845596589152777
decision_type=2 2 2 2 2 2 2
left_child=1 2 -1 6 5 -5 -4
right_child=-2 -3 3 4 -6 -7 -8
leaf_value=-1.2111589483958588e-06 7.8290161643676577e-05 0.00010979146677680364 -0.00010936650975471788 1.4614737375553078e-05 8.4255694894476175e-05 -8.934386303949664e-05 -3.7771487208002229e-05
leaf_weight=508 26 35 44 32 33 28 30
leaf_count=508 26 35 44 32 33 28 30
internal_value=-0.000611413 -0.000985915 -0.00137037 -0.00434132 -0.000268817 -0.00416667 -0.00945946
internal_weight=736 710 675 167 93 60 74
internal_count=736 710 675 167 93 60 74
is_linear=0
shrinkage=0.05


Tree=54
num_leaves=8
num_cat=0
split_feature=7 12 9 10 3 13 3
split_gain=0.975635 1.88526 1.12767 1.27697 1.09236 1.09133 1.22976
threshold=-0.096386499891085484 -0.052281358654850445 -0.20815454127646985 0.00090086479202544656 -0.011123333866784655 13.194999694824221 0.0032903596813661511
decision_type=2 2 8 2 2 2 2
left_child=-1 -2 -3 4 -4 -5 -7
right_child=1 2 3 5 -6 6 -8
leaf_value=-2.4645746106235786e-05 0.00021668245189986301 0.00010297850122520224 4.6574681288290897e-05 3.664053868117218e-05 -2.6204796397960367e-05 -1.5399426533566228e-05 3.9298195475679076e-05
leaf_weight=26 26 59 29 55 276 156 114
leaf_count=26 26 59 29 55 276 156 114
internal_value=-0.000101215 0.000244755 -0.000253991 -0.000873016 -0.00319672 0.00130769 0
internal_weight=741 715 689 630 305 325 270
internal_count=741 715 689 630 305 325 270
is_linear=0
shrinkage=0.05


Tree=55
num_leaves=8
num_cat=0
split_feature=7 7 15 4 9 8 12
split_gain=0.816612 1.12214 0.636349 1.51887 1.40272 0.747433 1.28
threshold=-0.092573877645364219 -0.072201806864023096 0.017085442459090053 0.022253845157445329 -0.20815454127646985 -0.084871110889251075 -0.026522895581630176
decision_type=2 2 2 2 8 8 2
left_child=-1 -2 4 -4 -3 6 -6
right_child=1 2 3 -5 5 -7 -8
leaf_value=-2.8110414845781279e-05 0.00018771452250197895 0.0002098510568573341 1.1764056994837911e-05 -0.00018748528371608205 -0.00012698830052086785 -2.2428277246279874e-06 9.2063243821047424e-06
leaf_weight=31 26 49 36 31 25 535 25
leaf_count=31 26 49 36 31 25 535 25
internal_value=-0.000923483 -0.000584594 -0.00096291 -0.00559701 -0.000473186 -0.00115385 -0.007
internal_weight=758 727 701 67 634 585 50
internal_count=758 727 701 67 634 585 50
is_linear=0
shrinkage=0.05


Tree=56
num_leaves=8
num_cat=0
split_feature=7 6 10 15 1 1 14
split_gain=1.10348 0.819476 1.05371 2.14526 1.28208 1.37659 2.00238
threshold=-0.092573877645364219 2.4827177558496571 -0.003359521019770106 -0.0034730253522038397 -0.038207369853177402 -0.022199470157636011 0.047142331582309634
decision_type=2 2 2 2 2 2 2
left_child=-1 2 4 -4 -2 -6 -7
right_child=1 -3 3 -5 5 6 -8
leaf_value=-3.3069143225120116e-05 -7.9110068737419219e-05 8.0816261491947595e-05 7.8690653988706431e-05 -1.7877636738719388e-06 7.8686837342504577e-05 -0.00012636065342641064 1.5407178802191159e-05
leaf_weight=30 30 27 56 458 29 42 70
leaf_count=30 30 27 56 458 29 42 70
internal_value=-0.000606469 -0.000210674 -0.000547445 0.000583658 -0.00394737 -0.00195035 -0.00446429
internal_weight=742 712 685 514 171 141 112
internal_count=742 712 685 514 171 141 112
is_linear=0
shrinkage=0.05


Tree=57
num_leaves=8
num_cat=0
split_feature=0 0 12 2 2 2 2
split_gain=0.854515 2.14622 1.60535 1.68068 1.9485 2.31429 1.41712
threshold=-0.00027594547191200908 0.0013973652558152418 0.04851916087108233 0.064214778848066714 -0.011750203509040434 -0.036655997445128201 0.0012255793967228536
decision_type=2 2 2 2 2 2 2
left_child=-1 -2 3 4 5 -3 -6
right_child=1 2 -4 -5 6 -7 -8
leaf_value=3.8647102105613186e-06 -0.00015030039874356136 -4.2110941221636805e-06 -8.01372067373146e-05 0.00010811671046026398 -0.00015485439592451803 0.00022827430135209144 -1.2438148680265311e-05
leaf_weight=349 39 90 46 42 27 36 104
leaf_count=349 39 90 46 42 27 36 104
internal_value=-0.000716235 -0.00234375 -0.00108696 0.000250836 -0.00126459 0.0031746 -0.00553435
internal_weight=733 384 345 299 257 126 131
internal_count=733 384 345 299 257 126 131
is_linear=0
shrinkage=0.05


Tree=58
num_leaves=8
num_cat=0
split_feature=3 0 2 12 0 5 12
split_gain=1.03604 1.27271 2.04672 1.49981 1.641 1.41665 1.55643
threshold=-0.013073574474219472 0.0087837249465333462 0.053308021304363969 0.021370275612791926 -0.005011736191395332 0.012022734881147327 0.03275596351688493
decision_type=2 2 2 2 2 2 2
left_child=-1 2 3 4 -2 6 -5
right_child=1 -3 -4 5 -6 -7 -8
leaf_value=3.0878480186401998e-05 2.6826923370873706e-05 2.489778055063518e-05 -6.3965140889917519e-05 4.718803620942557e-05 -9.2271688660802671e-05 0.00010184368299627043 -8.1299062897563075e-05
leaf_weight=45 117 190 123 35 116 83 41
leaf_count=45 117 190 123 35 116 83 41
internal_value=-0.000133333 -0.000602837 -0.0018932 -0.000127551 -0.0026824 0.00361635 -0.00131579
internal_weight=750 705 515 392 233 159 76
internal_count=750 705 515 392 233 159 76
is_linear=0
shrinkage=0.05


Tree=59
num_leaves=8
num_cat=0
split_feature=7 0 16 16 7 9 3
split_gain=2.00814 1.22065 0.896471 1.27742 1.22331 1.03219 2.60477
threshold=-0.092573877645364219 0.022133545568946204 -0.035579500804644275 -0.020980244588524651 -0.064035499948249516 -0.01592074524566028 -0.0054894678299113866
decision_type=2 2 2 2 2 8 2
left_child=-1 2 -2 -4 -5 6 -6
right_child=1 -3 3 4 5 -7 -8
leaf_value=-4.8966984582684078e-05 7.4619316479253298e-05 0.0001884296525299401 -7.3581774298846366e-05 0.00017531874961000451 -0.00020681709221905022 9.8729440284790488e-06 -9.594771049266371e-06
leaf_weight=29 60 38 60 30 27 314 183
leaf_count=29 60 38 60 30 27 314 183
internal_value=-3.37382e-05 0.000491573 0 -0.000570033 0.000180505 -0.000381679 -0.00309524
internal_weight=741 712 674 614 554 524 210
internal_count=741 712 674 614 554 524 210
is_linear=0
shrinkage=0.05


Tree=60
num_leaves=8
num_cat=0
split_feature=12 11 0 13 1 3 10
split_gain=1.48045 1.5041 1.39783 1.34807 1.06792 1.1174 1.58842
threshold=0.035278924713739175 1.0000000180025095e-35 0.00075321542399164898 13.414999961853029 -0.039309957258451482 0.0053055005656049712 0.0099380285822571208
decision_type=2 2 2 2 2 2 2
left_child=4 -2 3 -3 -1 -6 -7
right_child=1 2 -4 -5 5 6 -8
leaf_value=-1.7121662727372957e-05 -8.8572414364038705e-05 0.0001358338522075954 -5.9130378381582981e-05 -1.2947121442657625e-05 1.5856033997009926e-07 3.8334450987769986e-05 0.0001998555070609879
leaf_weight=97 33 26 96 51 345 73 25
leaf_count=97 33 26 96 51 345 73 25
internal_value=-0.00100536 -0.00461165 -0.00274566 0.00227273 0.00037037 0.00141084 0.00612245
internal_weight=746 206 173 77 540 443 98
internal_count=746 206 173 77 540 443 98
is_linear=0
shrinkage=0.05


Tree=61
num_leaves=8
num_cat=0
split_feature=5 5 5 9 5 11 6
split_gain=1.18356 1.93707 1.20051 1.10919 1.29955 2.65757 1.55024
threshold=0.015176432277249628 0.013660135173849598 0.013199663388882114 -0.024216915978313488 0.017113015189515111 0.0029094650612268018 -0.32770601057065585
decision_type=2 2 2 8 2 2 2
left_child=1 2 -1 4 5 -2 -6
right_child=3 -3 -4 -5 6 -7 -8
leaf_value=-4.412113630011729e-06 -1.3193753483535174e-05 -9.1639287257034099e-05 0.00013230917696777119 -3.7254011453208891e-05 0.00017384774096826383 0.00036461410302934935 -3.0036976563683996e-05
leaf_weight=413 25 99 38 46 49 28 54
leaf_count=413 25 99 38 46 49 28 54
internal_value=-0.000797872 -0.002 -0.000609756 0.00247525 0.00448718 0.0108491 0.00121359
internal_weight=752 550 451 202 156 53 103
internal_count=752 550 451 202 156 53 103
is_linear=0
shrinkage=0.05


Tree=62
num_leaves=8
num_cat=0
split_feature=6 16 15 15 8 7 16
split_gain=0.903457 1.6289 2.00751 1.48181 1.30835 1.3726 1.20714
threshold=-0.55091092009577636 -0.013281438354785234 0.0012677310499032981 0.0053538547060008055 0.094835874254797239 0.04442888122374334 0.0090525107441445946
decision_type=2 2 2 2 8 2 2
left_child=1 -1 -3 -4 5 -2 -7
right_child=4 2 3 -5 -6 6 -8
leaf_value=6.7367399537626583e-05 1.0385793478451255e-06 -7.3385601837223534e-05 7.266610839251412e-05 -6.6480126376885614e-05 -0.00017238195741509367 0.00018060700086410604 1.4726818381951244e-05
leaf_weight=56 419 58 40 75 29 28 35
leaf_count=56 419 58 40 75 29 28 35
internal_value=-0.000337838 -0.0029476 -0.00534682 -0.00152174 0.000831703 0.00145228 0.00833333
internal_weight=740 229 173 115 511 482 63
internal_count=740 229 173 115 511 482 63
is_linear=0
shrinkage=0.05


Tree=63
num_leaves=8
num_cat=0
split_feature=1 12 3 7 3 12 14
split_gain=0.948821 0.966632 1.44592 1.08331 1.00927 0.937574 1.0307
threshold=-0.084613678005046863 0.076145654651098141 -0.013073574474219472 0.043901689056297218 0.0022758788413662638 0.051846022032751578 0.0053913947730825926
decision_type=2 2 2 2 2 2 2
left_child=-1 2 -2 5 -5 6 -4
right_child=1 -3 3 4 -6 -7 -8
leaf_value=0.0001856522996452367 4.8389828794937526e-05 -7.262483454320173e-05 1.093870128105346e-06 -3.8053819257906659e-06 0.00016557900325524851 -6.3156120058041352e-05 -2.5009895606809866e-05
leaf_weight=27 37 30 317 42 37 39 219
leaf_count=27 37 30 317 42 37 39 219
internal_value=-0.000868984 -0.00121359 -0.000832127 -0.00137615 0.00411392 -0.00213043 -0.00158582
internal_weight=748 721 691 654 79 575 536
internal_count=748 721 691 654 79 575 536
is_linear=0
shrinkage=0.05


Tree=64
num_leaves=8
num_cat=0
split_feature=6 9 1 16 1 8 15
split_gain=1.17945 1.13743 1.06404 2.44933 1.65871 1.1856 1.17456
threshold=-0.73223498715346858 -0.072241231837984018 -0.014692676735403252 0.005144736739167822 0.035735213018828101 0.049019873488978967 0.0071547374657654492
decision_type=2 10 2 2 2 8 2
left_child=1 -1 3 6 -4 -6 -2
right_child=2 -3 4 -5 5 -7 -8
leaf_value=-5.6013383443902656e-06 2.3013898144378688e-05 -6.9790061707818984e-05 2.2799914234979384e-05 -0.00018515873005339856 3.4551180364210575e-05 -8.6002730115336727e-05 -0.00018832464083192455
leaf_weight=102 107 69 284 62 41 49 25
leaf_count=102 107 69 284 62 41 49 25
internal_value=-0.00118403 -0.00482456 -8.80282e-05 -0.00309278 0.00147059 -0.00444444 0.000757576
internal_weight=739 171 568 194 374 90 132
internal_count=739 171 568 194 374 90 132
is_linear=0
shrinkage=0.05


Tree=65
num_leaves=8
num_cat=0
split_feature=12 0 12 2 12 2 12
split_gain=0.80797 2.13411 1.19786 1.33979 1.04045 0.81328 2.27364
threshold=0.05049188092826485 0.00075321542399164898 0.042094246586577462 0.086994096267935653 0.035278924713739175 -0.01231208551544649 0.019191673463848761
decision_type=2 2 2 2 2 2 2
left_child=2 -2 3 4 5 6 -1
right_child=1 -3 -4 -5 -6 -7 -8
leaf_value=-1.1335127486238051e-06 0.00012984404877655915 -6.4707620838873409e-05 3.6931956422779634e-05 5.6123765094977591e-05 -0.00010809329748106188 -1.0673832385219843e-05 0.00018883671920389257
leaf_weight=216 46 49 45 47 54 231 51
leaf_count=216 46 49 45 47 54 231 51
internal_value=-0.000169147 -0.00447368 0.000465839 -0.000125209 -0.000815217 -0.000100402 0.00177903
internal_weight=739 95 644 599 552 498 267
internal_count=739 95 644 599 552 498 267
is_linear=0
shrinkage=0.05


Tree=66
num_leaves=8
num_cat=0
split_feature=12 7 8 2 2 11 4
split_gain=0.826778 0.908401 0.803378 0.68593 1.54789 1.40049 1.2758
threshold=0.062788552899160646 -0.092573877645364219 -0.14418752512900254 0.086994096267935653 0.045215814991121157 0.0084762607672295171 0.020976782989448311
decision_type=2 2 8 2 2 2 2
left_child=1 -1 -3 4 -4 6 -6
right_child=-2 2 3 -5 5 -7 -8
leaf_value=-4.2281229597914815e-05 -3.4696627890121421e-05 0.00027448812960696701 6.4061882981219201e-07 3.889731029509654e-05 0.00011016719952309912 -8.3892251697126861e-05 -0.00010679223938777009
leaf_weight=31 48 27 472 59 29 46 28
leaf_count=31 48 27 472 59 29 46 28
internal_value=-0.000945946 -0.00050578 -0.000113464 -0.000473186 -0.001 -0.0065534 -0.00131579
internal_weight=740 692 661 634 575 103 57
internal_count=740 692 661 634 575 103 57
is_linear=0
shrinkage=0.05


Tree=67
num_leaves=8
num_cat=0
split_feature=12 12 7 10 8 1 12
split_gain=1.06268 1.49877 1.26214 0.843218 1.39035 0.990724 0.821738
threshold=0.035278924713739175 0.03170739700197301 -0.092573877645364219 9.4848672244407531e-05 0.037467857050688454 0.029333632260575063 0.0037862010061723299
decision_type=2 2 2 2 10 2 2
left_child=1 2 -1 4 -2 -5 -4
right_child=3 -3 6 5 -6 -7 -8
leaf_value=-4.1394346576291039e-05 -2.1746097251388371e-06 0.00012024712008406767 1.1863063491608824e-05 1.6427903800701794e-05 -0.00011176020444155659 -3.4962769316445721e-05 -7.4255243211976889e-06
leaf_weight=30 39 40 225 108 29 29 258
leaf_count=30 39 40 225 108 29 29 258
internal_value=-0.000461741 0.000678119 -4.87329e-05 -0.00353659 -0.00808824 -0.00127737 0.000569358
internal_weight=758 553 513 205 68 137 483
internal_count=758 553 513 205 68 137 483
is_linear=0
shrinkage=0.05


Tree=68
num_leaves=8
num_cat=0
split_feature=12 6 8 4 0 8 9
split_gain=1.41266 0.943951 1.50778 1.67355 1.40896 2.5477 1.206
threshold=-0.052281358654850445 -0.65704968659900675 -0.062539865608284048 0.02102882221105597 -0.0083070861155623548 0.036186306677357345 -0.069194292047616887
decision_type=2 2 10 2 2 10 10
left_child=-1 -2 3 -3 5 -4 -6
right_child=1 2 4 -5 6 -7 -8
leaf_value=0.00015657150891888692 -1.9335603690070864e-05 -0.00011832414476985617 0.00014304228668116453 -2.1363976136613839e-05 -1.546110694859381e-05 -8.8295764625302694e-06 2.0241146186376818e-05
leaf_weight=28 197 26 52 123 120 25 172
leaf_count=28 197 26 52 123 120 25 172
internal_value=-0.000302826 -0.000734266 0.0003861 -0.00385906 0.00210027 0.00811688 0.000513699
internal_weight=743 715 518 149 369 77 292
internal_count=743 715 518 149 369 77 292
is_linear=0
shrinkage=0.05


Tree=69
num_leaves=8
num_cat=0
split_feature=2 7 1 13 14 6 10
split_gain=0.739667 1.29498 2.13742 1.13179 1.56676 1.37544 0.957835
threshold=0.048945313000148601 0.036712986320276537 0.031033450981079461 13.795000076293947 0.009860755526874045 -0.45794671255495584 -0.00020808109627140634
decision_type=2 2 2 2 2 2 2
left_child=3 6 -3 4 5 -1 -2
right_child=1 2 -4 -5 -6 -7 -8
leaf_value=2.6879132085291976e-06 -0.00012356346727890926 5.0731930232215001e-05 -4.0095829532661462e-05 4.04078983190807e-07 -4.0118000667943148e-06 0.00014245406150331254 -2.4703117007489666e-05
leaf_weight=27 26 55 49 478 26 30 54
leaf_count=27 26 55 49 478 26 30 54
internal_value=3.3557e-05 -0.00271739 0.000961538 0.000935829 0.0063253 0.0109649 -0.0075
internal_weight=745 184 104 561 83 57 80
internal_count=745 184 104 561 83 57 80
is_linear=0
shrinkage=0.05


Tree=70
num_leaves=8
num_cat=0
split_feature=1 7 7 10 14 1 2
split_gain=0.95613 1.16346 1.92308 0.942308 0.712733 2.22782 1.83596
threshold=-0.04155885183495988 -0.065133794652792384 -0.092573877645364219 -0.00018001810557455308 0.049298283120689408 0.0092594765103364302 0.017741432839568309
decision_type=2 2 2 2 2 2 2
left_child=1 2 -1 -3 6 -6 -2
right_child=4 3 -4 -5 5 -7 -8
leaf_value=-2.9909897063510034e-05 1.9178165635082552e-05 -2.1542460505372945e-05 0.00014097361597693419 -0.00021940720923444525 -6.4571651497813416e-06 0.0003395916697350055 -1.7371343591667562e-05
leaf_weight=26 269 26 26 26 77 41 250
leaf_count=26 269 26 26 26 77 41 250
internal_value=-0.000843455 -0.00528846 0 -0.0105769 -0.000117739 0.00338983 -0.000915222
internal_weight=741 104 52 52 637 118 519
internal_count=741 104 52 52 637 118 519
is_linear=0
shrinkage=0.05


Tree=71
num_leaves=8
num_cat=0
split_feature=15 15 7 4 3 13 9
split_gain=1.24686 2.01215 2.46122 1.20043 1.1861 0.991991 1.6154
threshold=-0.0018539125831273926 -0.0040996658503790742 -0.060711941448466415 0.016364819060025203 -0.0086612506717074749 13.414999961853029 0.080374599886591916
decision_type=2 2 2 2 2 2 10
left_child=1 2 -1 -4 -2 -6 -7
right_child=4 -3 3 -5 5 6 -8
leaf_value=-3.8694197233420452e-05 0.00018936999286778587 -0.00010069988464210083 0.00019993934819472725 -2.4364153582717101e-06 2.3924211555212449e-05 4.8880619053790276e-07 -9.0451466869744638e-05
leaf_weight=38 38 46 25 161 67 323 46
leaf_count=38 38 46 25 161 67 323 46
internal_value=-0.000806452 -0.00351852 -0.0015625 0.000806452 0.000738397 0 -0.00101626
internal_weight=744 270 224 186 474 436 369
internal_count=744 270 224 186 474 436 369
is_linear=0
shrinkage=0.05


Tree=72
num_leaves=8
num_cat=0
split_feature=13 13 4 3 0 14 2
split_gain=1.0934 0.749371 1.47923 1.31637 1.66366 2.06701 2.22495
threshold=24.385000228881839 17.445000648498539 0.028017398983373586 0.0058425183243540077 -0.00027594547191200908 0.0071322940265206034 -0.0025405838982381353
decision_type=2 2 2 2 2 2 2
left_child=1 2 3 4 5 -1 -7
right_child=-2 -3 -4 -5 -6 6 -8
leaf_value=2.9143919918666902e-05 0.00022753633592308739 -1.6805332157787504e-05 7.2093778371241487e-05 5.1746630169008774e-05 -3.8890742709390017e-05 -0.00030776991111426498 1.8341078121242046e-05
leaf_weight=98 44 249 43 60 180 28 51
leaf_count=98 44 249 43 60 180 28 51
internal_value=-0.000830013 -0.00130465 -0.000108696 -0.00101918 -0.00217087 0.00127119 -0.00474684
internal_weight=753 709 460 417 357 177 79
internal_count=753 709 460 417 357 177 79
is_linear=0
shrinkage=0.05


Tree=73
num_leaves=8
num_cat=0
split_feature=12 16 2 2 11 9 11
split_gain=0.921627 1.3943 1.2398 1.71546 1.11512 0.842968 2.12706
threshold=0.05049188092826485 0.018018693302288783 0.086994096267935653 0.048945313000148601 0.0084762607672295171 0.033581767837730599 -0.01413744986297699
decision_type=2 2 2 2 2 8 2
left_child=2 -2 3 5 -5 -1 -7
right_child=1 -3 -4 4 -6 6 -8
leaf_value=-4.885168863232384e-06 -8.8601248065792301e-05 6.8550400689375466e-06 5.4073423875040247e-05 -2.5795808617493177e-06 -7.748012990074871e-05 -2.8965698417846022e-05 4.8139089357990538e-05
leaf_weight=304 42 49 54 41 36 44 167
leaf_count=304 42 49 54 41 36 44 167
internal_value=-0.00050882 -0.00521978 0.000154799 -0.000506757 -0.00746753 0.000533981 0.00296209
internal_weight=737 91 646 592 77 515 211
internal_count=737 91 646 592 77 515 211
is_linear=0
shrinkage=0.05


end of trees

feature_importances:
ret_1d=43
ret_20d=42
dist_ma50=37
vix_chg_1d=37
dist_ma20=36
spy_ret_20d=36
dvol_z_20=34
ret_5d=33
overnight_gap=32
dist_ma200=30
sector_ret_5d=27
spy_ret_1d=24
atr_pct=23
parkinson_20=22
spy_ret_5d=22
vix_level=20
sector_ret_1d=20

parameters:
[boosting: gbdt]
[objective: quantile]
[metric: quantile]
[tree_learner: serial]
[device_type: cpu]
[data_sample_strategy: bagging]
[data: ]
[valid: ]
[num_iterations: 80]
[learning_rate: 0.05]
[num_leaves: 8]
[num_threads: 1]
[seed: 0]
[deterministic: 0]
[force_col_wise: 1]
[force_row_wise: 0]
[histogram_pool_size: -1]
[max_depth: -1]
[min_data_in_leaf: 25]
[min_sum_hessian_in_leaf: 0.001]
[bagging_fraction: 0.9]
[pos_bagging_fraction: 1]
[neg_bagging_fraction: 1]
[bagging_freq: 1]
[bagging_seed: 3]
[bagging_by_query: 0]
[feature_fraction: 0.9]
[feature_fraction_bynode: 1]
[feature_fraction_seed: 2]
[extra_trees: 0]
[extra_seed: 6]
[early_stopping_round: 0]
[early_stopping_min_delta: 0]
[first_metric_only: 0]
[max_delta_step: 0]
[lambda_l1: 0]
[lambda_l2: 0]
[linear_lambda: 0]
[min_gain_to_split: 0]
[drop_rate: 0.1]
[max_drop: 50]
[skip_drop: 0.5]
[xgboost_dart_mode: 0]
[uniform_drop: 0]
[drop_seed: 4]
[top_rate: 0.2]
[other_rate: 0.1]
[min_data_per_group: 100]
[max_cat_threshold: 32]
[cat_l2: 10]
[cat_smooth: 10]
[max_cat_to_onehot: 4]
[top_k: 20]
[monotone_constraints: ]
[monotone_constraints_method: basic]
[monotone_penalty: 0]
[feature_contri: ]
[forcedsplits_filename: ]
[refit_decay_rate: 0.9]
[cegb_tradeoff: 1]
[cegb_penalty_split: 0]
[cegb_penalty_feature_lazy: ]
[cegb_penalty_feature_coupled: ]
[path_smooth: 0]
[interaction_constraints: ]
[verbosity: -1]
[saved_feature_importance_type: 0]
[use_quantized_grad: 0]
[num_grad_quant_bins: 4]
[quant_train_renew_leaf: 0]
[stochastic_rounding: 1]
[linear_tree: 0]
[max_bin: 255]
[max_bin_by_feature: ]
[min_data_in_bin: 3]
[bin_construct_sample_cnt: 200000]
[data_random_seed: 1]
[is_enable_sparse: 1]
[enable_bundle: 1]
[use_missing: 1]
[zero_as_missing: 0]
[feature_pre_filter: 1]
[pre_partition: 0]
[two_round: 0]
[header: 0]
[label_column: ]
[weight_column: ]
[group_column: ]
[ignore_column: ]
[categorical_feature: ]
[forcedbins_filename: ]
[precise_float_parser: 0]
[parser_config_file: ]
[objective_seed: 5]
[num_class: 1]
[is_unbalance: 0]
[scale_pos_weight: 1]
[sigmoid: 1]
[boost_from_average: 1]
[reg_sqrt: 0]
[alpha: 0.5]
[fair_c: 1]
[poisson_max_delta_step: 0.7]
[tweedie_variance_power: 1.5]
[lambdarank_truncation_level: 30]
[lambdarank_norm: 1]
[label_gain: ]
[lambdarank_position_bias_regularization: 0]
[eval_at: ]
[multi_error_top_k: 1]
[auc_mu_weights: ]
[num_machines: 1]
[local_listen_port: 12400]
[time_out: 120]
[machine_list_filename: ]
[machines: ]
[gpu_platform_id: -1]
[gpu_device_id: -1]
[gpu_device_id_list: ]
[gpu_use_dp: 0]
[num_gpu: 1]

end of parameters

pandas_categorical:[]
