tree
version=v4
num_class=1
num_tree_per_iteration=1
label_index=0
max_feature_idx=16
objective=quantile
feature_names=ret_1d ret_5d ret_20d overnight_gap atr_pct parkinson_20 dvol_z_20 dist_ma20 dist_ma50 dist_ma200 spy_ret_1d spy_ret_5d spy_ret_20d vix_level vix_chg_1d sector_ret_1d sector_ret_5d
feature_infos=[-0.084270614125919407:0.048157595847226675] [-0.10302126292238944:0.098981426833624653] [-0.11810535673125266:0.19887207964333564] [-0.040746727008243111:0.036192309354479146] [0.012452366138604707:0.051204814536603922] [0.0081940018489604083:0.029383294134131176] [-2.2177943652414158:3.7966965255449239] [-0.083319386403804985:0.085337615875549222] [-0.093338146522600196:0.17013819623186177] [-0.038506556626361266:0.38744383266688387] [-0.058542971330535654:0.10501930183911301] [-0.11496151859245618:0.082843162776128354] [-0.1226559005192206:0.15756591020035837] [11.859999656677246:52.330001831054688] [-0.35753873962348437:0.74039073966007019] [-0.091999030713283303:0.077446336732958532] [-0.18680848466589095:0.088372074287953684]
tree_sizes=835 864 857 856 862 855 859 863 854 855 861 856 857 850 848 861 858 854 854 859 866 853 862 859 852 846 856 864 839 860 862 860 851 854

Tree=0
num_leaves=8
num_cat=0
split_feature=13 8 6 14 15 5 1
split_gain=4.12483 3.63626 3.98178 2.12776 2.94623 1.98331 1.95748
threshold=15.295000076293947 -0.016531487435479494 0.32114008966276925 0.009860755526874045 -0.0078642933175266366 0.010092393111104063 0.025496407886583142
decision_type=2 8 2 2 2 2 2
left_child=3 -2 -3 4 -1 -5 -6
right_child=1 2 -4 5 6 -7 -8
leaf_value=0.0089852139586582783 0.0094840825535356995 0.0092081577982753519 0.009467012761160732 0.00904846127377823 0.0092146749608218673 0.0093607196584343903 0.0090536382282152775
leaf_weight=28 95 278 123 26 106 51 43
leaf_count=28 95 278 123 26 106 51 43
internal_value=0.00911757 0.0117711 0.00968731 0.00393594 0.000917566 0.0108743 0.00371399
internal_weight=750 496 401 254 177 77 149
internal_count=750 496 401 254 177 77 149
is_linear=0
shrinkage=1


Tree=1
num_leaves=8
num_cat=0
split_feature=4 16 16 11 5 0 8
split_gain=3.82392 2.85111 1.96661 2.05781 2.3248 2.4637 2.31413
threshold=0.027602895708054055 -0.029077596600948104 -0.0079704149116509009 0.0021655694557776166 0.010197868145877432 0.0054344991682916408 -0.016531487435479494
decision_type=2 2 2 2 2 2 8
left_child=1 -1 -3 4 -4 -6 -5
right_child=-2 2 3 6 5 -7 -8
leaf_value=0.00012123565888032315 0.00026573550188913937 -0.00015217142761684958 -0.00020335365232313055 8.4454561583697813e-05 -6.5368227660655633e-06 0.00026491070981137454 -5.9049816336482783e-05
leaf_weight=96 77 120 34 37 73 60 237
leaf_count=96 77 120 34 37 73 60 237
internal_value=-0.000476839 -0.00171233 -0.00307487 -0.00153061 0.00284431 0.00582707 -0.00419708
internal_weight=734 657 561 441 167 133 274
internal_count=734 657 561 441 167 133 274
is_linear=0
shrinkage=0.05


Tree=2
num_leaves=8
num_cat=0
split_feature=13 8 6 14 16 14 5
split_gain=4.43908 2.73235 2.40467 2.36966 2.14662 2.05467 2.23815
threshold=15.464999675750734 -0.018336641025122887 0.32114008966276925 -0.048564324883399894 -0.020360011355199267 0.009860755526874045 0.010092393111104063
decision_type=2 8 2 2 2 2 2
left_child=5 -2 3 -3 -4 -1 -7
right_child=1 2 4 -5 -6 6 -8
leaf_value=-0.00012986630399245769 0.00019137172517366712 5.1255526603199553e-05 -5.0749724527122479e-05 -7.5386482873000211e-05 0.00025675528252031655 -0.00019261958035349377 6.7646375013282562e-05
leaf_weight=193 83 62 36 215 77 25 58
leaf_count=193 83 62 36 215 77 25 58
internal_value=-3.33778e-05 0.00290698 0.00115385 -0.00135379 0.00730088 -0.00507246 0.00150602
internal_weight=749 473 390 277 113 276 83
internal_count=749 473 390 277 113 276 83
is_linear=0
shrinkage=0.05


Tree=3
num_leaves=8
num_cat=0
split_feature=4 6 13 8 9 16 4
split_gain=3.66342 2.30635 2.57265 3.69196 2.23736 2.18793 1.58003
threshold=0.018956366353980025 0.66894640824655571 14.994999885559084 -0.016531487435479494 0.23678491164566409 -0.02826537356020253 0.020689558556131197
decision_type=2 2 2 8 8 2 2
left_child=5 2 -2 -4 6 -1 -5
right_child=1 -3 3 4 -6 -7 -8
leaf_value=0.00011468832862447016 -0.00010722362833912487 0.000212906174233649 0.00023711055152234625 0.00016183283929130994 -0.00015600565274944534 -9.3337373301619682e-05 -2.3721938021481224e-06
leaf_weight=32 61 107 72 31 40 256 144
leaf_count=32 61 107 72 31 40 256 144
internal_value=-0.000100942 0.00269231 0.000718391 0.00270035 -0.000581395 -0.00451389 0.00185714
internal_weight=743 455 348 287 215 288 175
internal_count=743 455 348 287 215 288 175
is_linear=0
shrinkage=0.05


Tree=4
num_leaves=8
num_cat=0
split_feature=13 4 16 14 15 9 6
split_gain=4.85085 3.14841 1.98302 1.85696 1.97311 1.56947 2.01546
threshold=15.295000076293947 0.027602895708054055 -0.029077596600948104 0.009860755526874045 -0.0078642933175266366 0.26971813695377173 -0.16760172796452258
decision_type=2 2 2 2 2 8 2
left_child=3 2 -2 4 -1 6 -4
right_child=1 -3 5 -5 -6 -7 -8
leaf_value=-0.00021378466388036037 0.00011392160089540999 0.00030707961913270998 -3.0520250656118195e-05 1.2789459752966718e-05 -8.752148710555052e-05 -8.7362561781774266e-05 0.00014735665887346833
leaf_weight=30 78 72 115 77 158 88 128
leaf_count=30 78 72 115 77 158 88 128
internal_value=-0.000134048 0.00285863 0.00116137 -0.00556604 -0.00824468 -0.000528701 0.00154321
internal_weight=746 481 409 265 188 331 243
internal_count=746 481 409 265 188 331 243
is_linear=0
shrinkage=0.05


Tree=5
num_leaves=8
num_cat=0
split_feature=11 16 7 0 6 15 16
split_gain=2.74334 2.3358 2.1377 3.03603 2.09513 2.07424 1.72152
threshold=-0.0061808553148448566 -0.029077596600948104 -0.015982330793779972 -0.0010276948937314454 -0.35618004474919024 -0.0069227059455456699 -0.0075633124675613663
decision_type=2 2 2 2 2 2 2
left_child=2 5 -1 -4 -5 -2 -3
right_child=1 6 3 4 -6 -7 -8
leaf_value=0.00033972516526572876 -0.000152771568257347 -0.00012997985892707222 -0.00018723425656925249 -3.8844643653472219e-05 0.00029724220231730226 0.00022616663054966202 -1.3818601962124365e-05
leaf_weight=53 27 99 58 31 54 33 382
leaf_count=53 27 99 58 31 54 33 382
internal_value=3.39213e-05 -0.00180222 0.00510204 0.00192308 0.00794118 0.0075 -0.00296258
internal_weight=737 541 196 143 85 60 481
internal_count=737 541 196 143 85 60 481
is_linear=0
shrinkage=0.05


Tree=6
num_leaves=8
num_cat=0
split_feature=4 11 6 16 0 12 12
split_gain=3.21036 2.28153 3.45313 1.78595 1.64578 1.59011 1.84663
threshold=0.027602895708054055 -0.011693725634134232 -0.28775826699250867 -0.029077596600948104 0.002823153390500877 0.040312415369648032 0.01698171514572289
decision_type=2 2 2 2 2 2 2
left_child=1 2 -1 -3 -2 6 -5
right_child=4 3 -4 5 -6 -7 -8
leaf_value=-0.0001372503622167075 0.00046759845188950065 0.00011692273894330221 0.00022384192805667658 -6.2076866409429288e-05 6.0881739722878873e-05 -0.00010636035578681161 2.3245866106524992e-05
leaf_weight=38 41 64 70 176 42 128 187
leaf_count=38 41 64 70 176 42 128 187
internal_value=6.70241e-05 -0.00109351 0.00555556 -0.00238739 0.00933735 -0.00341141 -0.00172176
internal_weight=746 663 108 555 83 491 363
internal_count=746 663 108 555 83 491 363
is_linear=0
shrinkage=0.05


Tree=7
num_leaves=8
num_cat=0
split_feature=8 6 14 4 10 8 1
split_gain=3.71553 3.27382 2.19059 1.99596 2.56559 2.06097 1.9798
threshold=-0.016531487435479494 0.67548921613234014 -0.04578454363779693 0.018421093157177899 0.0022948780910856397 -0.0055467588893183253 0.040786136911325939
decision_type=8 2 2 2 2 10 2
left_child=-1 2 -2 -4 5 -5 -3
right_child=1 6 3 4 -6 -7 -8
leaf_value=0.00011976889429617124 2.6244108053315046e-05 0.0001957054758983396 -0.00014463946442847672 -0.00020529563081367466 -0.00012464315928604485 7.6022521780032103e-05 -0.00011830044321786077
leaf_weight=132 100 99 159 28 73 121 33
leaf_count=132 100 99 159 28 73 121 33
internal_value=-3.3557e-05 -0.0016721 -0.00358628 -0.00531496 -0.00225225 0.00151007 0.00530303
internal_weight=745 613 481 381 222 149 132
internal_count=745 613 481 381 222 149 132
is_linear=0
shrinkage=0.05


Tree=8
num_leaves=8
num_cat=0
split_feature=4 6 11 8 9 7 6
split_gain=3.80819 2.08469 2.55842 1.75532 1.52625 1.49113 1.55398
threshold=0.027602895708054055 -0.17687174021056665 -0.011523036265821017 -0.015579660257798498 0.12674529719092034 0.024254024372863395 -0.90511660249021419
decision_type=2 2 2 8 10 2 2
left_child=1 3 -3 -1 -2 6 -5
right_child=4 2 -4 5 -6 -7 -8
leaf_value=6.8821157199139458e-05 0.00053564707168560731 0.00019672445153867359 -3.6531349359015048e-06 -3.1622262120684522e-05 5.4440037294023691e-05 -1.080263142064883e-05 -0.0001579857097884407
leaf_weight=55 39 65 281 68 42 94 120
leaf_count=55 39 65 281 68 42 94 120
internal_value=-6.5445e-05 -0.00128111 0.00144509 -0.00408012 0.0101852 -0.00567376 -0.00824468
internal_weight=764 683 346 337 81 282 188
internal_count=764 683 346 337 81 282 188
is_linear=0
shrinkage=0.05


Tree=9
num_leaves=8
num_cat=0
split_feature=13 7 14 5 15 4 0
split_gain=4.08126 2.34536 1.6356 1.82484 1.76057 1.40529 1.47701
threshold=15.464999675750734 -0.019190687792142166 0.009860755526874045 0.010092393111104063 -0.0078642933175266366 0.016586746733523703 0.0032250518225989126
decision_type=2 2 2 2 2 2 2
left_child=2 -2 4 -4 -1 6 -6
right_child=1 -3 3 -5 5 -7 -8
leaf_value=-0.00016615023840553967 0.0001670252635896361 1.1037268444918144e-05 -0.00018802209802025322 8.8691268756453583e-05 9.2586936377216621e-05 -9.554666383636409e-05 -0.00016815426959673556
leaf_weight=35 94 373 27 59 26 100 30
leaf_count=35 94 373 27 59 26 100 30
internal_value=-0.000336022 0.00251606 -0.0051444 0.000581395 -0.00772251 -0.00544872 0.000892857
internal_weight=744 467 277 86 191 156 56
internal_count=744 467 277 86 191 156 56
is_linear=0
shrinkage=0.05


Tree=10
num_leaves=8
num_cat=0
split_feature=12 8 9 2 9 3 16
split_gain=2.13019 1.99293 2.11575 1.96678 1.83115 1.53594 1.78814
threshold=-0.052281358654850445 -0.017489743732022608 0.10219774377218584 0.026206889293575512 0.0026986315533636955 0.0058706363517032631 0.01945473060543457
decision_type=2 8 8 2 10 2 2
left_child=-1 2 4 -3 -2 6 -5
right_child=1 3 -4 5 -6 -7 -8
leaf_value=0.00060002986141925469 0.00015440407782720607 -7.2720498143846222e-05 0.00016510521603889936 3.6464338227604028e-05 -3.7979935466359726e-05 5.1166172007076657e-05 -0.00010005151008945086
leaf_weight=27 25 303 40 177 40 58 79
leaf_count=27 25 303 40 177 40 58 79
internal_value=0.000100134 -0.000415512 0.00595238 -0.00149919 0.000384615 0.00127389 -0.000390625
internal_weight=749 722 105 617 65 314 256
internal_count=749 722 105 617 65 314 256
is_linear=0
shrinkage=0.05


Tree=11
num_leaves=8
num_cat=0
split_feature=4 14 10 6 5 4 6
split_gain=2.88354 2.33893 1.98149 1.98265 2.11559 4.91252 1.85856
threshold=0.018956366353980025 -0.06426442822534599 0.0017576086312266483 -0.55364623406415681 0.013861686105864241 0.025465785810599079 -0.88952574214605973
decision_type=2 2 2 2 2 2 2
left_child=1 -1 3 -2 -5 -6 -4
right_child=2 -3 6 4 5 -7 -8
leaf_value=9.4554431134166822e-05 -2.0340460922508784e-05 -8.6885874285865322e-05 0.00012923614620776496 0.00022955240792398173 -0.00010775205222794604 0.0004966052666542318 -2.2324664424241102e-05
leaf_weight=31 67 271 28 79 47 39 185
leaf_count=31 67 271 28 79 47 39 185
internal_value=-0.000368139 -0.00413907 0.00219101 0.00538793 0.00833333 0.00290698 -0.00129108
internal_weight=747 302 445 232 165 86 213
internal_count=747 302 445 232 165 86 213
is_linear=0
shrinkage=0.05


Tree=12
num_leaves=8
num_cat=0
split_feature=13 12 13 6 6 6 12
split_gain=2.32269 2.31404 1.73246 1.48927 1.75938 1.48236 1.77768
threshold=15.464999675750734 0.021636066325832374 26.494999885559086 -0.16760172796452258 -0.84241253609443478 1.1541098585252156 0.040743436804810747
decision_type=2 2 2 2 2 2 2
left_child=1 -1 3 4 -2 6 -3
right_child=2 5 -4 -5 -6 -7 -8
leaf_value=-0.00013807961627670132 6.1012011860545191e-05 3.1610004350184771e-06 0.00058281302701900049 0.00010016575192590572 -4.8425834736522123e-05 0.00011439036892790982 -9.8683083245665641e-05
leaf_weight=78 76 104 25 227 139 27 58
leaf_count=78 76 104 25 227 139 27 58
internal_value=6.81199e-05 -0.00365169 0.00219486 0.00147059 -0.00151163 -0.000661376 -0.00246914
internal_weight=734 267 467 442 215 189 162
internal_count=734 267 467 442 215 189 162
is_linear=0
shrinkage=0.05


Tree=13
num_leaves=8
num_cat=0
split_feature=4 13 6 5 3 2 2
split_gain=2.72445 1.8008 1.78682 1.77032 1.61735 1.62127 1.99825
threshold=0.027602895708054055 13.13000011444092 -0.17687174021056665 0.018606738600293354 0.0052138444146573324 0.057153721578289692 0.092012204090452535
decision_type=2 2 2 2 2 2 2
left_child=1 -1 4 -2 5 -3 -7
right_child=3 2 -4 -5 -6 6 -8
leaf_value=-0.00011697424936607847 0.00024370750741016173 -7.522482295162412e-05 3.5525337987571493e-05 0.00012649836712392317 2.2917458046991992e-05 0.00012210969913699766 -0.00010935864115386727
leaf_weight=71 26 178 304 53 48 34 31
leaf_count=71 26 178 304 53 48 34 31
internal_value=-0.000234899 -0.00127628 -0.000378151 0.0085443 -0.00317869 -0.00483539 0.00192308
internal_weight=745 666 595 79 291 243 65
internal_count=745 666 595 79 291 243 65
is_linear=0
shrinkage=0.05


Tree=14
num_leaves=8
num_cat=0
split_feature=13 14 16 12 8 13 12
split_gain=2.24158 1.38152 2.65391 1.37359 2.06132 2.41568 1.68042
threshold=14.994999885559084 -0.0029443342389950384 0.013921230081114235 0.034736828879240907 0.032877581849951494 17.945000648498539 0.028818776627478896
decision_type=2 2 2 2 8 2 2
left_child=1 -1 -3 6 5 -5 -2
right_child=3 2 -4 4 -6 -7 -8
leaf_value=-0.00011007822522952367 2.9964355561265187e-05 6.5809300263346352e-05 -0.00015383173410361738 -0.0001545857816205044 -0.00016707204050407247 8.9191333831569776e-05 0.00022891007928403816
leaf_weight=125 360 66 38 36 37 31 26
leaf_count=125 360 66 38 36 37 31 26
internal_value=-0.000173853 -0.00425764 0 0.00173469 -0.00336538 0.00186567 0.00310881
internal_weight=719 229 104 490 104 67 386
internal_count=719 229 104 490 104 67 386
is_linear=0
shrinkage=0.05


Tree=15
num_leaves=8
num_cat=0
split_feature=7 4 13 4 12 15 10
split_gain=2.87907 2.02824 1.42006 1.60367 1.25488 1.33879 1.23592
threshold=-0.018974287227952965 0.026926790396915163 13.174999713897707 0.016586746733523703 -0.00052816856958670655 -0.0014500310313531049 -0.0080075928939195556
decision_type=2 2 2 2 2 2 2
left_child=1 4 3 -2 -1 -6 -4
right_child=2 -3 6 -5 5 -7 -8
leaf_value=0.00017535945827555594 -3.2878335619913791e-05 0.00050278248129030883 -7.7885340251047759e-05 -0.00017058830233622255 -0.00015598774724382027 0.00013236142172286635 5.8634010955215155e-06
leaf_weight=34 37 28 71 29 25 30 489
leaf_count=34 37 28 71 29 25 30 489
internal_value=0.000706595 0.00790598 -0.000638978 -0.00757576 0.00421348 -0.000454545 0.000178571
internal_weight=743 117 626 66 89 55 560
internal_count=743 117 626 66 89 55 560
is_linear=0
shrinkage=0.05


Tree=16
num_leaves=8
num_cat=0
split_feature=13 15 6 16 16 16 3
split_gain=1.6163 1.66381 1.48082 1.42358 1.92606 1.85717 1.81373
threshold=13.13000011444092 0.0026251342239068669 0.65328138316911277 -0.029077596600948104 -0.0085980902694048882 0.020925928210011494 0.0036113981200943672
decision_type=2 2 2 2 2 2 2
left_child=1 -1 3 -2 -5 -6 -7
right_child=2 -3 -4 4 5 6 -8
leaf_value=-3.4381073757137721e-05 5.8207193955912278e-05 -0.00018242083998225344 0.00012410633748671692 -0.00011253911586487491 2.3006951923079624e-05 -9.7267010331538633e-05 3.4399996437472959e-05
leaf_weight=46 80 29 153 94 202 98 55
leaf_count=46 80 29 153 94 202 98 55
internal_value=-3.30251e-05 -0.007 0.000733138 -0.000519849 -0.0016147 7.04225e-05 -0.00408497
internal_weight=757 75 682 529 449 355 153
internal_count=757 75 682 529 449 355 153
is_linear=0
shrinkage=0.05


Tree=17
num_leaves=8
num_cat=0
split_feature=7 5 11 6 5 1 5
split_gain=1.86102 1.72422 1.62984 1.50114 1.80953 1.88614 1.80082
threshold=-0.016457984331730787 0.0097469608866330385 -0.006050582259528702 -0.035560380724493836 0.01369059618893049 0.040786136911325939 0.012558055998235874
decision_type=2 2 2 2 2 2 2
left_child=2 -2 -1 -3 5 6 -5
right_child=1 3 -4 4 -6 -7 -8
leaf_value=0.00020222941022977737 -0.00015621386087650787 -2.8994568445511217e-05 1.4874568783133318e-05 5.8827606208465124e-05 -8.1602492675984017e-05 -0.00014678076967996508 0.00025895540343355339
leaf_weight=53 51 315 93 96 80 27 31
leaf_count=53 51 315 93 96 80 27 31
internal_value=-0.000268097 -0.0015 0.00479452 -0.00068306 0.00235043 0.00551948 0.00807087
internal_weight=746 600 146 549 234 154 127
internal_count=746 600 146 549 234 154 127
is_linear=0
shrinkage=0.05


Tree=18
num_leaves=8
num_cat=0
split_feature=13 13 1 16 10 15 10
split_gain=2.32155 1.38867 2.06738 2.65463 1.42865 1.5 1.47191
threshold=25.319999694824222 15.464999675750734 0.025496407886583142 0.011944916651088435 0.0057641825485008633 0.0026251342239068669 0.0028352322367303233
decision_type=2 2 2 2 2 2 2
left_child=1 2 4 -4 6 -6 -1
right_child=-2 -3 3 -5 5 -7 -8
leaf_value=-1.4672230459005996e-05 0.00046003019205577303 1.0579052353138461e-05 1.2096627325548781e-05 -0.00016490262030491974 0.00024600763326187568 -3.9653856118876571e-05 -0.00027240261982306265
leaf_weight=129 35 446 25 39 27 27 25
leaf_count=129 35 446 25 39 27 27 25
internal_value=-0.000431607 -0.00104457 -0.00386029 -0.0117188 -0.00144231 0.00555556 -0.0038961
internal_weight=753 718 272 64 208 54 154
internal_count=753 718 272 64 208 54 154
is_linear=0
shrinkage=0.05


Tree=19
num_leaves=8
num_cat=0
split_feature=13 1 2 10 10 12 12
split_gain=2.29191 2.51575 1.68596 1.77818 1.73402 1.68695 1.44451
threshold=15.464999675750734 0.025496407886583142 0.057153721578289692 0.00446494553626653 0.0081956619817711313 0.038649846154014129 0.033921048279583095
decision_type=2 2 2 2 2 2 2
left_child=1 2 3 5 -5 -1 -2
right_child=6 -3 -4 4 -6 -7 -8
leaf_value=-1.4169351606523268e-05 6.5097542287494237e-05 -0.00014477736510324379 7.6121664784019593e-05 0.00017981199830099123 -5.7772527249700485e-05 -0.00013344581911913289 -7.6833082928026196e-05
leaf_weight=84 368 58 41 26 27 34 101
leaf_count=84 368 58 41 26 27 34 101
internal_value=-3.38295e-05 -0.0037037 -0.00117925 -0.00336257 0.00424528 -0.00677966 0.00207889
internal_weight=739 270 212 171 53 118 469
internal_count=739 270 212 171 53 118 469
is_linear=0
shrinkage=0.05


Tree=20
num_leaves=8
num_cat=0
split_feature=11 16 15 7 15 16 15
split_gain=2.07493 1.7179 1.72463 1.44762 1.18348 1.60213 1.34464
threshold=-0.006050582259528702 0.00072553406032971346 0.0053021136400713828 -0.015982330793779972 -0.018422108052579097 -0.033677931808816002 -0.0078642933175266366
decision_type=2 2 2 2 2 2 2
left_child=1 3 -3 -1 -2 -6 -7
right_child=4 2 -4 -5 5 6 -8
leaf_value=0.00018550570423080974 0.00016713921494485766 6.2722561072276869e-05 0.00023742703937407869 -1.3727828835087466e-05 0.00013751531829990523 -9.2346653598131007e-05 -1.4792144987397497e-05
leaf_weight=41 37 47 50 71 36 69 400
leaf_count=41 37 47 50 71 36 69 400
internal_value=0.000432756 0.00466507 0.00953608 0.000446429 -0.00119926 -0.00183168 -0.00261194
internal_weight=751 209 97 112 542 505 469
internal_count=751 209 97 112 542 505 469
is_linear=0
shrinkage=0.05


Tree=21
num_leaves=8
num_cat=0
split_feature=7 0 6 13 6 0 3
split_gain=1.77522 1.41853 1.37394 1.70215 2.16893 1.56113 2.0343
threshold=-0.02251286877234104 -0.018158455531997627 0.35503941074234041 15.574999809265138 1.3543099076479648 0.018050670798105076 0.0058706363517032631
decision_type=2 2 2 2 2 2 2
left_child=-1 -2 5 -4 -5 6 -3
right_child=1 2 3 4 -6 -7 -8
leaf_value=0.00012415396141484192 -0.0002767336144338342 -2.5197680332054648e-05 -2.8603330129812078e-05 0.00027720547118143674 -6.5534610789935854e-05 -0.00013161467632292749 2.5027016155777707e-05
leaf_weight=106 25 373 62 62 32 27 61
leaf_count=106 25 373 62 62 32 27 61
internal_value=-0.000334225 -0.00132399 -0.000850891 0.00320513 0.00744681 -0.00222343 -0.0014977
internal_weight=748 642 617 156 94 461 434
internal_count=748 642 617 156 94 461 434
is_linear=0
shrinkage=0.05


Tree=22
num_leaves=8
num_cat=0
split_feature=7 10 11 7 4 2 7
split_gain=2.41626 1.91347 1.47126 1.10115 2.41476 2.13579 2.47858
threshold=-0.019190687792142166 -0.00064230450767233094 -0.0048868737012288657 0.015750263455612704 0.018421093157177899 0.042853946917986725 0.011748014918878226
decision_type=2 2 2 2 2 2 2
left_child=1 2 -1 5 -5 6 -2
right_child=3 -3 -4 4 -6 -7 -8
leaf_value=0.00043469952214049537 -2.0963720436170026e-05 8.4754243461357237e-06 0.00011334126678652748 -6.1321401570808674e-05 6.5736029666099664e-05 0.00010380727841053598 -0.00011971283291900533
leaf_weight=29 260 65 25 124 178 32 29
leaf_count=29 260 65 25 124 178 32 29
internal_value=0.000404313 0.00693277 0.0138889 -0.000842697 0.0013245 -0.00288162 -0.00423875
internal_weight=742 119 54 623 302 321 289
internal_count=742 119 54 623 302 321 289
is_linear=0
shrinkage=0.05


Tree=23
num_leaves=8
num_cat=0
split_feature=4 9 6 14 14 12 2
split_gain=2.33339 3.35734 1.34036 1.39753 3.00816 1.98367 1.63745
threshold=0.027602895708054055 0.12674529719092034 0.29230111075329118 -0.04578454363779693 -0.001242221342315941 0.0027925929369287954 0.03899137076916593
decision_type=2 8 2 2 2 2 2
left_child=2 -2 3 6 -5 -6 -1
right_child=1 -3 -4 4 5 -7 -8
leaf_value=-1.0733367354921927e-05 0.00054942053128047622 -6.0654009596413337e-06 2.3352940293284305e-05 -0.00011023836004309909 -7.6786783621437182e-05 2.7799269334786559e-05 9.2604059140404511e-05
leaf_weight=55 32 49 219 162 54 149 31
leaf_count=55 32 49 219 162 54 149 31
internal_value=-0.000299601 0.00771605 -0.00126866 -0.00282705 -0.00417808 -0.000123153 0.00290698
internal_weight=751 81 670 451 365 203 86
internal_count=751 81 670 451 365 203 86
is_linear=0
shrinkage=0.05


Tree=24
num_leaves=8
num_cat=0
split_feature=13 14 6 1 8 4 8
split_gain=1.33807 1.10505 1.13613 1.06545 1.49503 1.48034 1.05487
threshold=14.994999885559084 0.009860755526874045 -0.13970756628491507 0.034825236329450455 0.014752256881762961 0.016668040198257149 -0.016531487435479494
decision_type=2 2 2 2 10 2 8
left_child=1 3 -3 4 -1 -6 -2
right_child=6 2 -4 -5 5 -7 -8
leaf_value=-0.00010849734758501817 0.00010235439723132526 8.7507655461566426e-05 -9.1111404839626682e-05 -0.00016570660074668528 9.7738729701298034e-05 -3.0899767205465766e-05 3.4566106803436953e-06
leaf_weight=53 98 36 34 31 34 45 418
leaf_count=53 98 36 34 31 34 45 418
internal_value=3.33778e-05 -0.00311159 0.00214286 -0.0053681 -0.00340909 0.000949367 0.00145349
internal_weight=749 233 70 163 132 79 516
internal_count=749 233 70 163 132 79 516
is_linear=0
shrinkage=0.05


Tree=25
num_leaves=8
num_cat=0
split_feature=6 10 8 14 2 2 1
split_gain=2.22436 1.9317 1.85138 2.15533 1.71424 1.29234 1.39655
threshold=0.65328138316911277 0.0079281319106555576 -0.015579660257798498 -0.04578454363779693 0.031746845779365603 -0.024407544761423091 -0.014640431371529648
decision_type=2 2 8 2 2 2 2
left_child=2 -2 5 4 -4 6 -1
right_child=1 -3 3 -5 -6 -7 -8
leaf_value=-4.1323020847967074e-05 0.00014248055128880961 -0.00010235735477728278 -1.1450011816189046e-05 -5.283095050288714e-05 0.00010546127292024605 0.00020571109337061638 7.1431505946196669e-05
leaf_weight=29 136 43 58 374 44 44 29
leaf_count=29 136 43 58 374 44 44 29
internal_value=0.000297226 0.0051676 -0.00121107 -0.00252101 0.00392157 0.00490196 0
internal_weight=757 179 578 476 102 102 58
internal_count=757 179 578 476 102 102 58
is_linear=0
shrinkage=0.05


Tree=26
num_leaves=8
num_cat=0
split_feature=4 9 16 16 2 6 3
split_gain=2.08039 1.94805 1.28397 2.0722 1.81373 1.34574 2.02581
threshold=0.027602895708054055 0.13042098823635642 -0.02826537356020253 -0.0079704149116509009 0.047032321729315048 -0.49625588081396338 0.0038282532569308141
decision_type=2 8 2 2 2 2 2
left_child=2 -2 -1 4 -4 6 -5
right_child=1 -3 3 5 -6 -7 -8
leaf_value=6.9903666574060595e-05 0.00051730048649599924 1.6997438167850981e-05 -0.00016010195476172932 -6.826321507158281e-05 4.3635153145560718e-05 3.068942049933034e-05 3.2996769289603699e-05
leaf_weight=99 33 42 91 132 32 278 30
leaf_count=99 33 42 91 132 32 278 30
internal_value=0.000440977 0.00833333 -0.000453172 -0.00137655 -0.00711382 0.000227273 -0.00339506
internal_weight=737 75 662 563 123 440 162
internal_count=737 75 662 563 123 440 162
is_linear=0
shrinkage=0.05


Tree=27
num_leaves=8
num_cat=0
split_feature=11 5 0 10 15 4 12
split_gain=1.72153 1.37835 1.35539 1.89366 1.19202 1.63393 1.21935
threshold=-0.031453464626615406 0.010128255481012328 0.0043481135829832604 -0.0021138805299539261 0.017212374312070126 0.02103657050887775 0.0090147692043446321
decision_type=2 2 2 2 2 2 2
left_child=-1 2 3 -2 6 -6 -3
right_child=1 4 -4 -5 5 -7 -8
leaf_value=0.00047470669809844264 -0.00015503444792213462 1.6140994276169116e-05 -0.00020645339761755384 6.1894839424331708e-05 0.00022092494646109266 -2.5458998871747199e-05 -1.1483184771070819e-05
leaf_weight=25 29 202 38 41 28 29 357
leaf_count=25 29 202 38 41 28 29 357
internal_value=0.000100134 -0.000345304 -0.00555556 -0.00142857 0.000568182 0.00745614 -0.000134168
internal_weight=749 724 108 70 616 57 559
internal_count=749 724 108 70 616 57 559
is_linear=0
shrinkage=0.05


Tree=28
num_leaves=8
num_cat=0
split_feature=11 13 15 3 5 15 11
split_gain=1.95101 1.16408 2.82937 1.27127 1.11092 1.63657 1.23812
threshold=-0.031453464626615406 13.34500026702881 0.0031683764483513292 0.0058706363517032631 0.01010844374531404 0.01363393203777852 0.0010676984150611581
decision_type=2 2 2 2 2 2 2
left_child=-1 2 -2 4 -3 -6 -7
right_child=1 3 -4 -5 5 6 -8
leaf_value=0.00042911494023861361 1.1943354829924493e-05 -0.00010632624136053591 -0.00013999640646581538 5.7753297278516271e-05 -7.8514076712682235e-06 0.00025310077022841796 8.6056273579052801e-07
leaf_weight=26 55 52 36 113 426 27 29
leaf_count=26 55 52 36 113 426 27 29
internal_value=0 -0.000474255 -0.00576923 0.000270479 -0.000749064 0 0.00803571
internal_weight=764 738 91 647 534 482 56
internal_count=764 738 91 647 534 482 56
is_linear=0
shrinkage=0.05


Tree=29
num_leaves=8
num_cat=0
split_feature=11 9 16 1 9 3 4
split_gain=1.73186 1.84071 1.77393 1.55538 1.67937 1.69899 1.69119
threshold=-0.011693725634134232 0.16843021441360753 0.012278163791674903 0.018646770903785418 0.11098719802424363 0.0055271970661718859 0.019770820686867339
decision_type=2 8 2 2 10 2 2
left_child=2 3 -1 4 5 6 -2
right_child=1 -3 -4 -5 -6 -7 -8
leaf_value=4.4524618002124084e-06 5.1465397689353172e-05 -5.7058878244982213e-05 0.00034999672740245363 -2.2039504952723972e-05 0.00013002387330611088 0.00015061489022633753 -3.2518633181573534e-05
leaf_weight=105 65 228 33 114 90 30 67
leaf_count=105 65 228 33 114 90 30 67
internal_value=0.000751366 -0.000420875 0.0057971 0.00177596 0.00396825 0.000925926 -0.00151515
internal_weight=732 594 138 366 252 162 132
internal_count=732 594 138 366 252 162 132
is_linear=0
shrinkage=0.05


Tree=30
num_leaves=8
num_cat=0
split_feature=6 16 15 4 15 2 2
split_gain=1.48618 1.54561 2.0115 1.10748 1.09865 1.2711 1.78532
threshold=2.3927493044329924 0.022926752881863858 0.015411107585007524 0.02804635520457343 0.0097429541039760776 0.042853946917986725 0.095654783871460883
decision_type=2 2 2 2 2 2 2
left_child=1 2 3 4 5 -1 -7
right_child=-2 -3 -4 -5 -6 6 -8
leaf_value=-2.7711744148065013e-05 0.00034502716202606604 -5.0266737029461451e-05 0.00011406470532619191 0.00021521083484437096 -8.2385837508572237e-05 8.0958276875211377e-05 -7.7876764074488746e-06
leaf_weight=291 26 188 38 43 40 79 33
leaf_count=291 26 188 38 43 40 79 33
internal_value=-0.000203252 -0.000632022 0.000763359 -0.000102881 -0.000846501 -6.20347e-05 0.00446429
internal_weight=738 712 524 486 443 403 112
internal_count=738 712 524 486 443 403 112
is_linear=0
shrinkage=0.05


Tree=31
num_leaves=8
num_cat=0
split_feature=13 2 1 0 0 4 15
split_gain=1.54172 1.42778 1.54242 1.93293 1.29839 1.27236 1.37722
threshold=25.319999694824222 0.026206889293575512 -0.0094578584030717821 -0.007570461530762628 0.017062439989996795 0.023097367673348666 0.010374258067318067
decision_type=2 2 2 2 2 2 2
left_child=1 4 -3 -4 -1 6 -5
right_child=-2 2 3 5 -6 -7 -8
leaf_value=-1.156453404782187e-05 0.00039275837356248167 0.00013684827933173216 -0.00014967561209175488 3.4649478421492235e-05 -6.1731879918129878e-05 0.00013891642302700445 -0.00010376800015730374
leaf_weight=365 32 43 34 155 31 36 42
leaf_count=365 32 43 34 155 31 36 42
internal_value=0.000203252 -0.000283286 0.00225806 0.000842697 -0.00227273 0.00246781 0.000888325
internal_weight=738 706 310 267 396 233 197
internal_count=738 706 310 267 396 233 197
is_linear=0
shrinkage=0.05


Tree=32
num_leaves=8
num_cat=0
split_feature=7 2 13 12 12 0 6
split_gain=1.42939 1.85785 1.49167 1.42992 2.03259 1.50717 1.36904
threshold=-0.021847762622852259 -0.018020739578779917 18.154999732971195 0.040743436804810747 0.050860094870715973 -0.0084404661824063459 0.62325565400371574
decision_type=2 2 2 2 2 2 2
left_child=1 2 -1 5 -5 -2 -7
right_child=3 -3 -4 4 -6 6 -8
leaf_value=-8.4567125482995321e-06 -7.3289920269584667e-05 0.00035305907004985217 0.00017323146329888763 -0.00011158901668237449 -5.9076965259201488e-07 6.292863788090291e-07 0.00014809283473877569
leaf_weight=44 91 29 35 56 87 328 81
leaf_count=44 91 29 35 56 87 328 81
internal_value=0.000233023 0.00555556 0.00158228 -0.000660964 -0.00506993 0.0006 0.00189487
internal_weight=751 108 79 643 143 500 409
internal_count=751 108 79 643 143 500 409
is_linear=0
shrinkage=0.05


Tree=33
num_leaves=8
num_cat=0
split_feature=6 6 13 5 5 9 10
split_gain=1.39806 2.53001 1.86105 1.57994 1.43518 1.29545 1.10446
threshold=-0.55364623406415681 -0.90511660249021419 12.925000190734865 0.014553440820014349 0.010385961688607576 0.040518946778872474 0.0018426398432722648
decision_type=2 2 2 2 2 10 2
left_child=1 3 -2 4 -1 -3 -4
right_child=2 5 6 -5 -6 -7 -8
leaf_value=8.87090077090241e-05 -8.1934620786364593e-05 -6.802810155816328e-06 5.8929656204771698e-05 0.00022051480741590667 -7.4332302371237131e-05 -8.8022809397430906e-05 -3.2794035894731684e-06
leaf_weight=25 33 48 280 28 63 66 205
leaf_count=25 33 48 280 28 63 66 205
internal_value=0.000200535 -0.00304348 0.00164093 0.00215517 -0.00113636 -0.00833333 0.00242268
internal_weight=748 230 518 116 88 114 485
internal_count=748 230 518 116 88 114 485
is_linear=0
shrinkage=0.05


end of trees

feature_importances:
dvol_z_20=27
atr_pct=21
vix_level=21
sector_ret_5d=20
sector_ret_1d=16
spy_ret_20d=14
ret_20d=13
parkinson_20=13
dist_ma50=12
vix_chg_1d=12
dist_ma20=11
spy_ret_1d=11
spy_ret_5d=11
ret_1d=10
dist_ma200=10
ret_5d=9
overnight_gap=7

parameters:
[boosting: gbdt]
[objective: quantile]
[metric: quantile]
[tree_learner: serial]
[device_type: cpu]
[data_sample_strategy: bagging]
[data: ]
[valid: ]
[num_iterations: 80]
[learning_rate: 0.05]
[num_leaves: 8]
[num_threads: 1]
[seed: 0]
[deterministic: 0]
[force_col_wise: 1]
[force_row_wise: 0]
[histogram_pool_size: -1]
[max_depth: -1]
[min_data_in_leaf: 25]
[min_sum_hessian_in_leaf: 0.001]
[bagging_fraction: 0.9]
[pos_bagging_fraction: 1]
[neg_bagging_fraction: 1]
[bagging_freq: 1]
[bagging_seed: 3]
[bagging_by_query: 0]
[feature_fraction: 0.9]
[feature_fraction_bynode: 1]
[feature_fraction_seed: 2]
[extra_trees: 0]
[extra_seed: 6]
[early_stopping_round: 0]
[early_stopping_min_delta: 0]
[first_metric_only: 0]
[max_delta_step: 0]
[lambda_l1: 0]
[lambda_l2: 0]
[linear_lambda: 0]
[min_gain_to_split: 0]
[drop_rate: 0.1]
[max_drop: 50]
[skip_drop: 0.5]
[xgboost_dart_mode: 0]
[uniform_drop: 0]
[drop_seed: 4]
[top_rate: 0.2]
[other_rate: 0.1]
[min_data_per_group: 100]
[max_cat_threshold: 32]
[cat_l2: 10]
[cat_smooth: 10]
[max_cat_to_onehot: 4]
[top_k: 20]
[monotone_constraints: ]
[monotone_constraints_method: basic]
[monotone_penalty: 0]
[feature_contri: ]
[forcedsplits_filename: ]
[refit_decay_rate: 0.9]
[cegb_tradeoff: 1]
[cegb_penalty_split: 0]
[cegb_penalty_feature_lazy: ]
[cegb_penalty_feature_coupled: ]
[path_smooth: 0]
[interaction_constraints: ]
[verbosity: -1]
[saved_feature_importance_type: 0]
[use_quantized_grad: 0]
[num_grad_quant_bins: 4]
[quant_train_renew_leaf: 0]
[stochastic_rounding: 1]
[linear_tree: 0]
[max_bin: 255]
[max_bin_by_feature: ]
[min_data_in_bin: 3]
[bin_construct_sample_cnt: 200000]
[data_random_seed: 1]
[is_enable_sparse: 1]
[enable_bundle: 1]
[use_missing: 1]
[zero_as_missing: 0]
[feature_pre_filter: 1]
[pre_partition: 0]
[two_round: 0]
[header: 0]
[label_column: ]
[weight_column: ]
[group_column: ]
[ignore_column: ]
[categorical_feature: ]
[forcedbins_filename: ]
[precise_float_parser: 0]
[parser_config_file: ]
[objective_seed: 5]
[num_class: 1]
[is_unbalance: 0]
[scale_pos_weight: 1]
[sigmoid: 1]
[boost_from_average: 1]
[reg_sqrt: 0]
[alpha: 0.5]
[fair_c: 1]
[poisson_max_delta_step: 0.7]
[tweedie_variance_power: 1.5]
[lambdarank_truncation_level: 30]
[lambdarank_norm: 1]
[label_gain: ]
[lambdarank_position_bias_regularization: 0]
[eval_at: ]
[multi_error_top_k: 1]
[auc_mu_weights: ]
[num_machines: 1]
[local_listen_port: 12400]
[time_out: 120]
[machine_list_filename: ]
[machines: ]
[gpu_platform_id: -1]
[gpu_device_id: -1]
[gpu_device_id_list: ]
[gpu_use_dp: 0]
[num_gpu: 1]

end of parameters

pandas_categorical:[]
