tree
version=v4
num_class=1
num_tree_per_iteration=1
label_index=0
max_feature_idx=16
objective=quantile
feature_names=ret_1d ret_5d ret_20d overnight_gap atr_pct parkinson_20 dvol_z_20 dist_ma20 dist_ma50 dist_ma200 spy_ret_1d spy_ret_5d spy_ret_20d vix_level vix_chg_1d sector_ret_1d sector_ret_5d
feature_infos=[-0.082244406478828136:0.066457362084743066] [-0.1874072925079443:0.092187717885523712] [-0.19257016204416166:0.16068492648729893] [-0.050262925282733129:0.063181568243395159] [0.011947923158973124:0.053289245580140546] [0.007719512517119582:0.025834143030517374] [-2.1107013205951137:4.0853682008742842] [-0.14611505811914038:0.086135147973692039] [-0.1351228272281223:0.15462338570464085] [-0.12038836502143968:0.30912162473779703] [-0.058542971330535654:0.10501930183911301] [-0.11496151859245618:0.082843162776128354] [-0.1226559005192206:0.15756591020035837] [11.859999656677246:52.330001831054688] [-0.35753873962348437:0.74039073966007019] [-0.091999030713283303:0.077446336732958532] [-0.18680848466589095:0.088372074287953684]
tree_sizes=835 856 859 865 864 872 860 860 862 867 862 866

Tree=0
num_leaves=8
num_cat=0
split_feature=13 13 13 9 5 14 12
split_gain=1.95599 0.615974 0.983114 0.728197 0.796584 0.572754 0.365385
threshold=25.19999980926514 19.625000000000004 20.814999580383304 0.031021881788115383 0.011259538605322002 0.009860755526874045 0.028022434597805738
decision_type=2 2 2 10 2 2 2
left_child=1 3 -3 -1 5 -5 -6
right_child=-2 2 -4 4 6 -7 -8
leaf_value=-0.016325563386089304 -0.017723564736572845 -0.016776616272575651 -0.016356888491395643 -0.016919869463274388 -0.016110530648766011 -0.016178197450343344 -0.016747237602225948
leaf_weight=459 32 49 73 41 38 28 26
leaf_count=459 32 49 73 41 38 28 26
internal_value=-0.0165591 -0.0160171 -0.0192522 -0.0153504 -0.0186082 -0.0223349 -0.0145903
internal_weight=746 714 122 592 133 69 64
internal_count=746 714 122 592 133 69 64
is_linear=0
shrinkage=1


Tree=1
num_leaves=8
num_cat=0
split_feature=13 9 4 13 13 5 0
split_gain=1.47107 0.993604 0.808856 0.677871 0.811139 0.541659 0.494798
threshold=19.625000000000004 0.033132980115265338 0.017539918172440414 20.375000000000004 26.85000038146973 0.010040711017091008 0.001846847318163314
decision_type=2 10 2 2 2 2 2
left_child=1 -1 5 -2 -5 -3 -4
right_child=3 2 6 4 -6 -7 -8
leaf_value=0.00013534229972153399 -0.00036188253057111986 -0.00043523489014726281 0.0002780132972284398 -6.0534726027725028e-05 -0.00047417811123371041 -3.3644403021029389e-05 -0.0002680133725144217
leaf_weight=453 27 25 33 101 25 26 43
leaf_count=453 27 25 33 101 25 26 43
internal_value=-0.000115962 0.00103448 -0.00287402 -0.00447712 -0.00293651 -0.0077451 0.000394737
internal_weight=733 580 127 153 126 51 76
internal_count=733 580 127 153 126 51 76
is_linear=0
shrinkage=0.05


Tree=2
num_leaves=8
num_cat=0
split_feature=6 2 9 4 0 4 3
split_gain=1.05047 0.745222 0.798821 0.832245 0.629762 0.583347 0.458395
threshold=2.0975432475693467 -0.041454774691845601 -0.094684474151392847 0.020951775218581162 0.001846847318163314 0.014863958248206525 0.010138606045787759
decision_type=2 2 8 2 2 2 2
left_child=1 2 -1 -4 -5 -3 -7
right_child=-2 5 3 4 -6 6 -8
leaf_value=0.00064010090852785809 -0.00041538640513824723 -0.00026223908131544038 0.00010152464032989646 -0.00011445880437861815 -0.00064144247382706546 0.00014741943313532313 -0.00033011958526126586
leaf_weight=28 39 36 47 40 30 499 26
leaf_count=28 39 36 47 40 30 499 26
internal_value=0.000167785 0.000609065 -0.00258621 -0.00440171 -0.00785714 0.00143494 0.00185714
internal_weight=745 706 145 117 70 561 525
internal_count=745 706 145 117 70 561 525
is_linear=0
shrinkage=0.05


Tree=3
num_leaves=8
num_cat=0
split_feature=13 6 4 10 8 2 10
split_gain=1.17321 0.848977 0.439749 0.452436 0.524262 0.880491 0.471822
threshold=26.85000038146973 2.0975432475693467 0.014863958248206525 -0.0015128892650588253 -0.0089547265434786732 -0.078888151220387878 0.0079068184593043007
decision_type=2 2 2 2 8 2 2
left_child=1 2 -1 -4 5 -5 -6
right_child=-2 -3 3 4 6 -7 -8
leaf_value=-0.00024110518944690744 -0.0003963072193909758 -0.00040375029083477448 0.00020971033958495022 -0.00013146597660100042 1.3490041246452639e-05 0.00033067488355387756 -0.00047626606466151387
leaf_weight=37 26 38 207 37 192 134 66
leaf_count=37 26 38 207 37 192 134 66
internal_value=4.749e-05 0.000428973 0.000839525 0.0011478 0.000221445 0.00236842 -0.00120155
internal_weight=737 711 673 636 429 171 258
internal_count=737 711 673 636 429 171 258
is_linear=0
shrinkage=0.05


Tree=4
num_leaves=8
num_cat=0
split_feature=6 9 15 3 9 5 5
split_gain=0.887427 0.566788 0.896583 0.809782 0.924242 0.684384 0.664499
threshold=2.0975432475693467 0.031021881788115383 -0.00079728453780142361 -0.004770404547501216 -0.081486307633970287 0.011398599553304403 0.013723536061031877
decision_type=2 10 2 2 10 2 2
left_child=1 3 -3 4 -1 -4 -7
right_child=-2 2 5 -5 -6 6 -8
leaf_value=6.5958518380145146e-05 -0.0003520546426480805 9.1633880517366873e-05 -0.00034977052299352913 0.00015627225859023963 -0.00045129101240855106 0.00039678474716014854 -0.00031874473173976127
leaf_weight=50 42 57 56 430 47 36 25
leaf_count=50 42 57 56 430 47 36 25
internal_value=0.000154778 0.000577746 -0.00189655 0.00139469 -0.00273196 -0.00440171 -0.000737705
internal_weight=743 701 174 527 97 117 61
internal_count=743 701 174 527 97 117 61
is_linear=0
shrinkage=0.05


Tree=5
num_leaves=8
num_cat=0
split_feature=4 0 4 9 15 0 7
split_gain=0.971097 0.965695 1.23175 0.557399 0.928705 0.605453 0.646029
threshold=0.022449051060799783 0.012048989537391532 0.024142418396424316 0.031021881788115383 -0.00011210709018405483 -0.0053742151550719144 -0.030921917923626859
decision_type=2 2 2 10 2 2 2
left_child=3 2 -2 5 -5 6 -1
right_child=1 -3 -4 4 -6 -7 -8
leaf_value=-0.00033938100470435624 -0.00063137033484230354 -0.00096830791417993635 0.00011953731723454605 6.9966905335307943e-05 -0.00029327611104582843 0.00015075643233681055 2.0916157538828389e-05
leaf_weight=26 28 25 78 42 88 329 116
leaf_count=26 28 25 78 42 88 329 116
internal_value=-0.000259563 -0.00416031 -0.00207547 0.000590682 -0.00230769 0.00139066 -0.00133803
internal_weight=732 131 106 601 130 471 142
internal_count=732 131 106 601 130 471 142
is_linear=0
shrinkage=0.05


Tree=6
num_leaves=8
num_cat=0
split_feature=13 10 11 4 3 9 0
split_gain=0.881263 0.489543 0.437333 0.656112 0.604298 0.719163 0.381698
threshold=26.85000038146973 0.012727043065882683 0.028003232862589215 0.01646290641147467 -0.0028319364898526374 0.033132980115265338 -0.0011956935623145812
decision_type=2 2 2 2 2 10 2
left_child=1 2 3 4 -1 -6 -4
right_child=-2 -3 6 -5 5 -7 -8
leaf_value=-0.00028391287187371313 -0.00038847024417074013 -0.00042343188396388792 0.0001425119411580179 0.00012766180872628334 0.00026282702586100744 -0.00036014330673688567 -0.00045276080360810966
leaf_weight=25 25 41 25 505 65 30 28
leaf_count=25 25 41 25 505 65 30 28
internal_value=0.000228495 0.000549374 0.000870207 0.00124 -0.00208333 -0.000263158 -0.00349057
internal_weight=744 719 678 625 120 95 53
internal_count=744 719 678 625 120 95 53
is_linear=0
shrinkage=0.05


Tree=7
num_leaves=8
num_cat=0
split_feature=1 6 1 10 6 10 7
split_gain=0.868545 0.776236 0.718089 0.782476 1.06233 0.741758 0.596963
threshold=-0.055823180040271973 2.496252573125799 -0.012080244998324717 0.0079068184593043007 1.0000000180025095e-35 0.010655378584307098 -0.02480395071210317
decision_type=2 2 2 2 2 2 2
left_child=-1 2 -2 6 5 -5 -4
right_child=1 -3 3 4 -6 -7 -8
leaf_value=-0.0007275786516403788 0.00030934659631201729 -0.00028223856919887947 -0.00023355889487466122 -0.00039549660348115167 -0.00051302854812986128 0.00041002044962775157 7.9198263612280154e-05
leaf_weight=30 183 27 32 26 33 30 379
leaf_count=30 183 27 32 26 33 30 379
internal_value=1.86265e-10 0.000352113 0.00068082 -0.0003 -0.00455056 -0.000357143 0.000620438
internal_weight=740 710 683 500 89 56 411
internal_count=740 710 683 500 89 56 411
is_linear=0
shrinkage=0.05


Tree=8
num_leaves=8
num_cat=0
split_feature=13 1 9 3 14 9 0
split_gain=0.711783 0.77827 0.744096 0.763777 0.816065 0.661082 0.80647
threshold=19.625000000000004 0.022288302588310275 -0.094684474151392847 -0.0028913298132414163 -0.0082882010072965456 0.043363773120171374 0.013031916550979796
decision_type=2 2 10 2 2 10 2
left_child=5 2 -2 -4 -5 -1 -7
right_child=1 -3 3 4 -6 6 -8
leaf_value=8.4810352763892719e-05 0.00018038209234633014 0.00019792841253810087 -0.0023091291716506586 -0.0003684696274549894 0.00027741410892232236 -1.1653084023268983e-05 -0.00027707228086904526
leaf_weight=501 42 33 28 25 28 79 25
leaf_count=501 42 33 28 25 28 79 25
internal_value=-0.000321945 -0.00333333 -0.0051626 -0.00796296 -0.00443396 0.000454546 -0.00317308
internal_weight=761 156 123 81 53 605 104
internal_count=761 156 123 81 53 605 104
is_linear=0
shrinkage=0.05


Tree=9
num_leaves=8
num_cat=0
split_feature=6 4 0 0 16 12 14
split_gain=0.878766 0.581754 0.753062 0.481781 0.588651 0.702194 0.679949
threshold=2.0975432475693467 0.02662052525567998 -0.0022965801608862964 0.013884909832095118 0.0064697058654331627 0.036954830574428173 -0.0032889554051496734
decision_type=2 2 2 2 2 2 2
left_child=1 3 -3 4 -1 -6 -7
right_child=-2 2 -4 -5 5 6 -8
leaf_value=9.1207437123968921e-05 -0.00026772985190780924 5.3994813004532421e-05 -0.00037592412199646276 0.00047821262333763118 -4.7011449081099165e-06 -0.0001082180352877155 -0.00027954645631499977
leaf_weight=305 41 26 25 80 198 37 26
leaf_count=305 41 26 25 80 198 37 26
internal_value=-8.13006e-05 0.000337159 -0.00480392 0.000743034 0.000229682 -0.00151341 -0.00611111
internal_weight=738 697 51 646 566 261 63
internal_count=738 697 51 646 566 261 63
is_linear=0
shrinkage=0.05


Tree=10
num_leaves=8
num_cat=0
split_feature=0 3 9 9 1 1 4
split_gain=0.696218 0.541888 0.733324 0.951278 0.487218 0.551042 1.00963
threshold=0.024917997720143362 -0.0055018912833655889 -0.083969883055015113 -0.0048053100330676659 0.021324264233827831 0.030409024646667396 0.018874082188220374
decision_type=2 2 10 10 2 2 2
left_child=1 2 -1 -4 -3 6 -6
right_child=-2 4 3 -5 5 -7 -8
leaf_value=7.1950988943878707e-05 -0.00034038047765350897 7.7551780317035884e-05 -0.00038540975457159029 3.0450136549074228e-05 8.508658069607657e-06 0.00010991871955966919 -0.0004284334010702884
leaf_weight=47 27 448 31 35 39 96 25
leaf_count=47 27 448 31 35 39 96 25
internal_value=-8.02137e-05 0.000214979 -0.0029646 -0.00636364 0.000805921 -0.0015625 -0.00515625
internal_weight=748 721 113 66 608 160 64
internal_count=748 721 113 66 608 160 64
is_linear=0
shrinkage=0.05


Tree=11
num_leaves=8
num_cat=0
split_feature=4 0 4 2 5 5 9
split_gain=0.718509 1.133 0.621476 0.518396 0.888564 0.60347 0.619015
threshold=0.022449051060799783 0.0075453042053291739 0.024449053144986074 0.0021512641160659212 0.011398599553304403 0.0087562774760195014 0.018365401479657043
decision_type=2 2 2 2 2 2 10
left_child=3 2 -2 -1 5 -5 -7
right_child=1 -3 -4 4 -6 6 -8
leaf_value=0.00012511688661579051 -0.00032843018811480531 -0.00028156018461390742 8.780470744646022e-05 0.00034697172977698202 0.00025549991662801472 -6.735698058120017e-06 -0.00035646119356547368
leaf_weight=249 32 39 63 27 115 131 90
leaf_count=249 32 39 63 27 115 131 90
internal_value=0.000107239 -0.00320895 -0.000263158 0.000833334 -0.000371901 -0.00205645 -0.00291855
internal_weight=746 134 95 612 363 248 221
internal_count=746 134 95 612 363 248 221
is_linear=0
shrinkage=0.05


end of trees

feature_importances:
dist_ma200=12
atr_pct=11
ret_1d=10
vix_level=9
parkinson_20=6
dvol_z_20=6
ret_5d=5
overnight_gap=5
spy_ret_1d=5
ret_20d=3
vix_chg_1d=3
dist_ma20=2
spy_ret_20d=2
sector_ret_1d=2
dist_ma50=1
spy_ret_5d=1
sector_ret_5d=1

parameters:
[boosting: gbdt]
[objective: quantile]
[metric: quantile]
[tree_learner: serial]
[device_type: cpu]
[data_sample_strategy: bagging]
[data: ]
[valid: ]
[num_iterations: 80]
[learning_rate: 0.05]
[num_leaves: 8]
[num_threads: 1]
[seed: 0]
[deterministic: 0]
[force_col_wise: 1]
[force_row_wise: 0]
[histogram_pool_size: -1]
[max_depth: -1]
[min_data_in_leaf: 25]
[min_sum_hessian_in_leaf: 0.001]
[bagging_fraction: 0.9]
[pos_bagging_fraction: 1]
[neg_bagging_fraction: 1]
[bagging_freq: 1]
[bagging_seed: 3]
[bagging_by_query: 0]
[feature_fraction: 0.9]
[feature_fraction_bynode: 1]
[feature_fraction_seed: 2]
[extra_trees: 0]
[extra_seed: 6]
[early_stopping_round: 0]
[early_stopping_min_delta: 0]
[first_metric_only: 0]
[max_delta_step: 0]
[lambda_l1: 0]
[lambda_l2: 0]
[linear_lambda: 0]
[min_gain_to_split: 0]
[drop_rate: 0.1]
[max_drop: 50]
[skip_drop: 0.5]
[xgboost_dart_mode: 0]
[uniform_drop: 0]
[drop_seed: 4]
[top_rate: 0.2]
[other_rate: 0.1]
[min_data_per_group: 100]
[max_cat_threshold: 32]
[cat_l2: 10]
[cat_smooth: 10]
[max_cat_to_onehot: 4]
[top_k: 20]
[monotone_constraints: ]
[monotone_constraints_method: basic]
[monotone_penalty: 0]
[feature_contri: ]
[forcedsplits_filename: ]
[refit_decay_rate: 0.9]
[cegb_tradeoff: 1]
[cegb_penalty_split: 0]
[cegb_penalty_feature_lazy: ]
[cegb_penalty_feature_coupled: ]
[path_smooth: 0]
[interaction_constraints: ]
[verbosity: -1]
[saved_feature_importance_type: 0]
[use_quantized_grad: 0]
[num_grad_quant_bins: 4]
[quant_train_renew_leaf: 0]
[stochastic_rounding: 1]
[linear_tree: 0]
[max_bin: 255]
[max_bin_by_feature: ]
[min_data_in_bin: 3]
[bin_construct_sample_cnt: 200000]
[data_random_seed: 1]
[is_enable_sparse: 1]
[enable_bundle: 1]
[use_missing: 1]
[zero_as_missing: 0]
[feature_pre_filter: 1]
[pre_partition: 0]
[two_round: 0]
[header: 0]
[label_column: ]
[weight_column: ]
[group_column: ]
[ignore_column: ]
[categorical_feature: ]
[forcedbins_filename: ]
[precise_float_parser: 0]
[parser_config_file: ]
[objective_seed: 5]
[num_class: 1]
[is_unbalance: 0]
[scale_pos_weight: 1]
[sigmoid: 1]
[boost_from_average: 1]
[reg_sqrt: 0]
[alpha: 0.1]
[fair_c: 1]
[poisson_max_delta_step: 0.7]
[tweedie_variance_power: 1.5]
[lambdarank_truncation_level: 30]
[lambdarank_norm: 1]
[label_gain: ]
[lambdarank_position_bias_regularization: 0]
[eval_at: ]
[multi_error_top_k: 1]
[auc_mu_weights: ]
[num_machines: 1]
[local_listen_port: 12400]
[time_out: 120]
[machine_list_filename: ]
[machines: ]
[gpu_platform_id: -1]
[gpu_device_id: -1]
[gpu_device_id_list: ]
[gpu_use_dp: 0]
[num_gpu: 1]

end of parameters

pandas_categorical:[]
