tree
version=v4
num_class=1
num_tree_per_iteration=1
label_index=0
max_feature_idx=16
objective=quantile
feature_names=ret_1d ret_5d ret_20d overnight_gap atr_pct parkinson_20 dvol_z_20 dist_ma20 dist_ma50 dist_ma200 spy_ret_1d spy_ret_5d spy_ret_20d vix_level vix_chg_1d sector_ret_1d sector_ret_5d
feature_infos=[-0.072009519918708631:0.053038026240715075] [-0.091625496887103863:0.084966306040309636] [-0.12150765299918309:0.14211550421543451] [-0.043430500875825895:0.065976212044388305] [0.0099654756254857497:0.038193682904173] [0.0071007154032643764:0.021378280528865302] [-2.482660416269336:4.2455179266723624] [-0.087756044593538918:0.086963412046799249] [-0.12797707638155331:0.092001077118096353] [-0.058633115402011327:0.20290560617319864] [-0.058542971330535654:0.10501930183911301] [-0.11496151859245618:0.082843162776128354] [-0.1226559005192206:0.15756591020035837] [11.859999656677246:52.330001831054688] [-0.35753873962348437:0.74039073966007019] [-0.073180917682286184:0.075364333134955164] [-0.12187676960594984:0.078003472462632839]
tree_sizes=838 858 860 850 841 863 863 863 861 857 855 866 863 849 868 866 861 865

Tree=0
num_leaves=8
num_cat=0
split_feature=13 8 16 13 1 9 5
split_gain=3.05002 1.93422 1.73818 1.6651 1.5523 1.48103 1.4231
threshold=14.605000019073488 -0.028673873240988853 0.0071863802787994766 13.795000076293947 0.014213435667407294 0.10868046546793188 0.01161706091680698
decision_type=2 8 2 2 2 8 2
left_child=2 -2 3 5 -4 -1 -3
right_child=1 6 4 -5 -6 -7 -8
leaf_value=-0.0060558694880455729 -0.0060087836463935673 -0.0061351852258667346 -0.0060716869658790527 -0.0059685802087187769 -0.0059426964784506705 -0.0062206320231780413 -0.0062432884471490977
leaf_weight=25 70 325 68 31 46 27 154
leaf_count=25 70 325 68 31 46 27 154
internal_value=-0.00624284 -0.00815797 -0.000905747 -0.00641 0.00310173 -0.011878 -0.00929251
internal_weight=746 549 197 83 114 52 479
internal_count=746 549 197 83 114 52 479
is_linear=0
shrinkage=1


Tree=1
num_leaves=8
num_cat=0
split_feature=5 10 13 9 11 10 2
split_gain=3.10538 2.1084 2.27412 2.75568 2.01424 2.25895 1.67259
threshold=0.011980682029642526 0.0099380285822571208 16.914999961853031 0.10567132641202938 0.0079258155566226413 0.0065847868037403065 0.0038504709779171313
decision_type=2 2 2 8 2 2 2
left_child=1 2 -1 6 -2 -6 -4
right_child=4 -3 3 -5 5 -7 -8
leaf_value=3.7376012478489415e-05 -0.00021170610911212863 0.00010086556314490734 8.5494301456492396e-05 -0.00022807684843428435 7.4383193859830501e-05 -0.00019742255448363722 -0.00012267960817553106
leaf_weight=337 91 61 72 74 26 28 44
leaf_count=337 91 61 72 74 26 28 44
internal_value=-0.000170532 0.00144558 0.000426945 -0.00394737 -0.00672414 0.000925926 0.000862069
internal_weight=733 588 527 190 145 54 116
internal_count=733 588 527 190 145 54 116
is_linear=0
shrinkage=0.05


Tree=2
num_leaves=8
num_cat=0
split_feature=13 0 1 1 9 11 5
split_gain=2.37639 2.82082 2.70997 1.88536 2.14384 1.68486 1.59539
threshold=14.50500011444092 -0.00042502665137639223 -0.0010949363562365309 0.0050073950828360978 -0.0018420006795971109 0.01397341061460511 0.011559527539737581
decision_type=2 2 2 2 8 2 2
left_child=1 5 6 -4 -5 -1 -2
right_child=2 -3 3 4 -6 -7 -8
leaf_value=-5.3144952849834216e-05 7.3616179535747469e-05 0.00014331393764587124 -0.00015608195081586018 9.9487166138715135e-05 -6.2687832338269818e-05 9.8903934398549635e-05 -8.1541415594983839e-05
leaf_weight=50 186 115 61 25 212 26 70
leaf_count=50 186 115 61 25 212 26 70
internal_value=3.3557e-05 0.00484293 -0.00162455 -0.00486577 -0.0028481 -0.00263158 0.00214844
internal_weight=745 191 554 298 237 76 256
internal_count=745 191 554 298 237 76 256
is_linear=0
shrinkage=0.05


Tree=3
num_leaves=8
num_cat=0
split_feature=13 0 9 9 4 1 8
split_gain=2.4623 3.45577 2.52698 2.08325 2.07064 1.70086 1.63361
threshold=14.454999923706056 -0.00065459294695424653 -0.028615706388904812 0.11280381900916515 0.014626773202843736 -0.0010949363562365309 0.051629371378129181
decision_type=2 2 8 8 2 2 8
left_child=1 -1 -2 -3 -5 6 -4
right_child=2 3 5 4 -6 -7 -8
leaf_value=-3.0881635796686164e-05 0.00013224051801298626 0.0001648519990238128 3.7556799414596725e-05 0.00014739348382390745 -8.3452629932435221e-05 -9.0509358112467452e-05 -0.00021260131117596757
leaf_weight=74 26 43 210 32 33 291 28
leaf_count=74 26 43 210 32 33 291 28
internal_value=-0.000101764 0.00494505 -0.00175676 0.0106481 0.005 -0.00250473 0.000630252
internal_weight=737 182 555 108 65 529 238
internal_count=737 182 555 108 65 529 238
is_linear=0
shrinkage=0.05


Tree=4
num_leaves=8
num_cat=0
split_feature=5 8 0 5 8 7 3
split_gain=2.53804 2.12073 2.09089 2.40079 1.66208 1.47314 1.50454
threshold=0.0088327159408258232 0.010053855732380159 -0.00065459294695424653 0.0081974630690733272 0.054201732781788643 0.037572579295061866 0.00040541051253017995
decision_type=2 8 2 2 8 2 2
left_child=1 -1 -3 -4 -2 6 -6
right_child=4 2 3 -5 5 -7 -8
leaf_value=0.00012715480053109785 -8.9035128292743949e-06 -4.5846289443070417e-05 -1.822612165036843e-05 0.00014493419329906829 -9.1210209778218982e-05 -0.00025509999444679125 7.8940915909188323e-05
leaf_weight=55 467 45 35 45 34 34 28
leaf_count=55 467 45 35 45 34 34 28
internal_value=-0.000168237 0.005 0.0014 0.00625 -0.0018206 -0.0078125 -0.00322581
internal_weight=743 180 125 80 563 96 62
internal_count=743 180 125 80 563 96 62
is_linear=0
shrinkage=0.05


Tree=5
num_leaves=8
num_cat=0
split_feature=8 3 4 0 1 5 15
split_gain=2.31521 1.84597 1.74356 3.64445 2.49203 2.92903 2.50278
threshold=0.074014706774465436 -0.0063066984278238305 0.016284126378086877 0.0052507365812281001 -0.0035717644723858295 0.01120912896022469 0.002000594911581222
decision_type=8 2 2 2 2 2 2
left_child=1 -1 3 -3 -4 -6 -7
right_child=-2 2 4 -5 5 6 -8
leaf_value=-0.00013046721060058918 -0.00014545237548260775 1.9922184836969858e-07 6.1275101457496916e-05 0.00013768748363411488 -0.00017873486075554686 -0.00014330720972798012 4.5141771310547462e-05
leaf_weight=55 50 190 137 87 90 55 68
leaf_count=55 50 190 137 87 90 55 68
internal_value=-0.000614754 0.000146628 0.000917065 0.00388087 -0.00142857 -0.00481221 0.000203252
internal_weight=732 682 627 277 350 213 123
internal_count=732 682 627 277 350 213 123
is_linear=0
shrinkage=0.05


Tree=6
num_leaves=8
num_cat=0
split_feature=13 14 0 7 8 8 3
split_gain=2.8649 2.67843 2.67293 3.59024 1.86859 1.5945 1.58893
threshold=16.765000343322757 0.064380578257103652 -0.00042502665137639223 -0.016294412256507792 -0.0011286681151870257 0.054201732781788643 0.00064952461958867069
decision_type=2 2 2 2 10 8 2
left_child=1 2 3 -1 -4 -2 -5
right_child=5 -3 4 6 -6 -7 -8
leaf_value=0.00011284989908288608 -2.2369112649726605e-05 -3.9910067850415467e-05 2.1269829095131936e-07 -8.3163418324445481e-05 0.00011850223091815909 -0.00014875151018240072 1.8323939244188756e-05
leaf_weight=26 282 30 60 79 151 79 37
leaf_count=26 282 30 60 79 151 79 37
internal_value=-0.000336022 0.00267624 0.00389518 -0.00140845 0.00746445 -0.00353186 -0.00517241
internal_weight=744 383 353 142 211 361 116
internal_count=744 383 353 142 211 361 116
is_linear=0
shrinkage=0.05


Tree=7
num_leaves=8
num_cat=0
split_feature=15 1 5 3 1 0 15
split_gain=2.96685 2.20238 1.97245 2.16698 1.78521 1.74571 1.60303
threshold=-0.0040520573018016362 -0.00099766301826847959 0.008867964432857197 -0.0016952843698895268 -0.024300182870039485 -0.00065459294695424653 -0.0084579474537897475
decision_type=2 2 2 2 2 2 2
left_child=1 4 3 -2 -1 -5 -3
right_child=2 6 -4 5 -6 -7 -8
leaf_value=-5.1219278195044609e-05 0.00012886258005126826 -0.00010921064652526284 -9.9708567044341609e-07 -3.7619697324677405e-05 7.6307190765605122e-05 7.8952456789283237e-05 -0.000119069174625977
leaf_weight=35 27 45 407 28 62 82 54
leaf_count=35 27 45 407 28 62 82 54
internal_value=-0.000337838 -0.00561224 0.0015625 0.00675182 -0.000257732 0.00363636 -0.0108586
internal_weight=740 196 544 137 97 110 99
internal_count=740 196 544 137 97 110 99
is_linear=0
shrinkage=0.05


Tree=8
num_leaves=8
num_cat=0
split_feature=13 0 7 15 9 1 10
split_gain=2.20326 1.99197 2.50321 2.44828 1.84003 1.48371 1.76007
threshold=17.289999961853031 -0.00042502665137639223 -0.016294412256507792 -0.0046642608757229689 0.12637058956499872 0.014213435667407294 0.0083806190799177189
decision_type=2 2 2 2 10 2 2
left_child=1 2 -1 -3 -4 6 -5
right_child=-2 3 4 5 -6 -7 -8
leaf_value=9.6359324847348704e-05 -5.0175487614577324e-05 -0.00020547818033796335 -5.3774044956726029e-05 2.5049285820351841e-06 5.6231758736269618e-05 0.00011457004828342726 0.00012838007473040683
leaf_weight=39 307 26 131 105 30 98 25
leaf_count=39 307 26 131 105 30 98 25
internal_value=-0.000229961 0.00198238 -0.00175 0.00492126 -0.00450311 0.00657895 0.00307692
internal_weight=761 454 200 254 161 228 130
internal_count=761 454 200 254 161 228 130
is_linear=0
shrinkage=0.05


Tree=9
num_leaves=8
num_cat=0
split_feature=13 11 5 0 10 0 5
split_gain=2.01671 2.20909 1.71111 2.10392 1.66638 1.91868 1.45321
threshold=16.285000801086429 0.023858955233929894 0.0095542185610160164 0.00037108062753055121 0.00074647751592549227 0.0019341343618471953 0.0082452869329213956
decision_type=2 2 2 2 2 2 2
left_child=1 2 3 -1 5 -4 -2
right_child=6 -3 4 -5 -6 -7 -8
leaf_value=-9.1785334516417001e-06 0.00021434214430209533 0.00011708200863556811 0.0001129342000247845 9.1432357397664389e-05 -0.00013353534094054503 -8.7899081558712142e-05 -3.8672499213994157e-05
leaf_weight=74 28 44 33 93 68 25 373
leaf_count=74 28 44 33 93 68 25 373
internal_value=0.000338753 0.00318991 0.00162116 0.00494012 -0.00277778 0.00344828 -0.00205736
internal_weight=738 337 293 167 126 58 401
internal_count=738 337 293 167 126 58 401
is_linear=0
shrinkage=0.05


Tree=10
num_leaves=8
num_cat=0
split_feature=5 0 3 8 11 3 3
split_gain=2.15232 1.7332 1.58572 1.56983 2.50343 1.43399 1.74396
threshold=0.0088327159408258232 0.0052507365812281001 0.0017584583561696123 0.010053855732380159 0.0010676984150611581 0.00010375386951855249 0.0058539735762978004
decision_type=2 2 2 8 2 2 2
left_child=1 3 -3 -1 -5 -2 -7
right_child=5 2 -4 4 -6 6 -8
leaf_value=9.2610220822919503e-05 -4.9565241664647241e-05 0.00020229326563506913 7.9945385417199615e-05 9.3481603424309145e-05 -3.8141849739586163e-05 3.2586450361725116e-05 -0.00011248360611569022
leaf_weight=43 290 25 34 28 52 207 69
leaf_count=43 290 25 34 28 52 207 69
internal_value=-0.000334225 0.0043956 0.0114407 0.00101626 -0.003125 -0.00185512 0.000724638
internal_weight=748 182 59 123 80 566 276
internal_count=748 182 59 123 80 566 276
is_linear=0
shrinkage=0.05


Tree=11
num_leaves=8
num_cat=0
split_feature=5 0 1 15 5 15 6
split_gain=2.20275 2.26238 1.51569 2.46812 2.10122 1.94722 1.94561
threshold=0.0088327159408258232 -0.0017161212501827226 -0.0010949363562365309 -0.003705432833846722 0.011725535211489968 -0.0085552027955927406 -0.69115079595226658
decision_type=2 2 2 2 2 2 2
left_child=1 -1 4 5 -2 -4 -5
right_child=2 -3 3 6 -6 -7 -8
leaf_value=-2.1073589441847016e-05 6.5147979954892113e-05 8.8620582936922015e-05 -2.9698223458030345e-05 8.5231417009694948e-05 -0.00016447962370137281 -0.00017017361138506475 -8.217796877182308e-05
leaf_weight=60 184 113 32 67 76 47 167
leaf_count=60 184 113 32 67 76 47 167
internal_value=0.000402145 0.00534682 -0.00109075 -0.0034345 0.00173077 -0.0110759 -0.000854701
internal_weight=746 173 573 313 260 79 234
internal_count=746 173 573 313 260 79 234
is_linear=0
shrinkage=0.05


Tree=12
num_leaves=8
num_cat=0
split_feature=9 9 2 1 10 16 6
split_gain=1.86054 1.93025 3.1863 2.01151 2.66118 1.8124 1.94914
threshold=-0.028615706388904812 0.040585838361270617 0.0038504709779171313 0.0028440704768447627 0.0053216631929108313 -0.0025873537081562144 -0.18499555603978982
decision_type=8 10 2 2 2 2 2
left_child=-1 5 3 4 -3 6 -2
right_child=1 2 -4 -5 -6 -7 -8
leaf_value=0.00010123424755943275 8.1601855611560111e-05 -4.4034266352377742e-06 -1.7912802869224497e-05 0.00016412219224592312 0.00012227444976415755 -8.6676954632507303e-05 -9.6411021759526278e-05
leaf_weight=28 83 59 245 40 29 188 54
leaf_count=28 83 59 245 40 29 188 54
internal_value=-0.000137741 -0.000644699 0.00180965 0.00820313 0.00397727 -0.00346154 0.000912409
internal_weight=726 698 373 128 88 325 137
internal_count=726 698 373 128 88 325 137
is_linear=0
shrinkage=0.05


Tree=13
num_leaves=8
num_cat=0
split_feature=13 13 3 8 13 0 13
split_gain=1.76947 1.42152 1.20999 2.40774 1.48465 1.46406 1.25289
threshold=17.289999961853031 17.840000152587894 0.00015887778103040875 0.0026310129507158835 20.154999732971195 0.014396377570077392 21.724999427795414
decision_type=2 2 2 8 2 2 2
left_child=-1 -2 3 -3 -5 6 -4
right_child=1 2 5 4 -6 -7 -8
leaf_value=2.816404024920784e-05 -0.00013715544201976687 0.00010725654807587347 5.6793673322754557e-05 -0.00025303132554536413 -0.0001001395418924308 -0.00018542751424458805 -0.00011181956885943468
leaf_weight=438 38 55 76 32 47 25 31
leaf_count=438 38 55 76 32 47 25 31
internal_value=0.000134771 -0.00279605 -0.00150376 -0.00485075 -0.010443 0.00189394 0.00443925
internal_weight=742 304 266 134 79 132 107
internal_count=742 304 266 134 79 132 107
is_linear=0
shrinkage=0.05


Tree=14
num_leaves=8
num_cat=0
split_feature=3 3 11 7 0 16 3
split_gain=1.95087 1.90675 1.94733 1.68614 2.25079 1.98089 2.40853
threshold=0.0014148430027525196 0.0055846380908544111 0.020333074859658965 -0.016107799776502559 -0.00058289457799931544 0.013129639921081961 -0.0017906098276622149
decision_type=2 2 2 2 2 2 2
left_child=3 2 -2 -1 -5 6 -6
right_child=1 -3 -4 4 5 -7 -8
leaf_value=5.2574078159921272e-05 3.2339489370565579e-05 -0.00010383904003369087 0.00013147404770003611 -0.00010165530982443041 0.00014333968312436218 -3.2486014981956187e-05 -8.5437556900953753e-05
leaf_weight=105 160 95 37 171 37 62 57
leaf_count=105 160 95 37 171 37 62 57
internal_value=-0.000759669 0.00239726 0.00520305 -0.00289352 -0.00466361 -0.000320513 0.00425532
internal_weight=724 292 197 432 327 156 94
internal_count=724 292 197 432 327 156 94
is_linear=0
shrinkage=0.05


Tree=15
num_leaves=8
num_cat=0
split_feature=9 9 15 2 11 13 7
split_gain=2.40349 2.00723 2.0171 2.64921 1.66111 1.90875 1.70707
threshold=-0.028615706388904812 0.040024528778705444 0.0011970644304516445 1.0000000180025095e-35 -0.0026220497317853693 21.295000076293949 0.01501120288449387
decision_type=8 10 2 2 2 2 2
left_child=-1 4 3 -3 5 -2 -6
right_child=1 2 -4 -5 6 -7 -8
leaf_value=0.00010581956232187472 4.0380061378010113e-05 8.8775983708564641e-05 5.4363503515363587e-05 -5.1596317079342707e-05 -0.00010275531064922222 -0.00023178868472204872 4.4556616034088655e-05
leaf_weight=27 92 62 207 120 162 26 36
leaf_count=27 92 62 207 120 162 26 36
internal_value=-0.000751366 -0.00131206 0.00109254 -0.00274725 -0.00427215 0.000423729 -0.00707071
internal_weight=732 705 389 182 316 118 198
internal_count=732 705 389 182 316 118 198
is_linear=0
shrinkage=0.05


Tree=16
num_leaves=8
num_cat=0
split_feature=3 7 7 3 7 8 4
split_gain=1.74552 1.49356 1.4468 2.05707 2.01638 1.28734 1.2409
threshold=-0.0063066984278238305 0.049026177772561137 0.027134993025183966 0.0029848952144098111 0.023009117088652279 -0.028673873240988853 0.020453229021803177
decision_type=2 2 2 2 2 8 2
left_child=-1 2 4 -4 5 -2 -7
right_child=1 -3 3 -5 -6 6 -8
leaf_value=-0.00010983359227333193 6.3040803878290993e-05 -0.00013777283114174769 5.2589582411736481e-06 0.00011687961262878703 -3.6532801105889255e-05 -1.4182831136295549e-05 9.5370057837096403e-05
leaf_weight=61 71 26 61 40 32 408 52
leaf_count=61 71 26 61 40 32 408 52
internal_value=-0.000499334 0.000217391 0.000677711 0.00618812 -0.000310835 0.000423729 -0.000543478
internal_weight=751 690 664 101 563 531 460
internal_count=751 690 664 101 563 531 460
is_linear=0
shrinkage=0.05


Tree=17
num_leaves=8
num_cat=0
split_feature=9 9 2 15 14 11 6
split_gain=2.24628 2.52005 2.10693 2.24309 2.67288 1.8786 1.52947
threshold=-0.028615706388904812 0.040585838361270617 1.0000000180025095e-35 0.0011970644304516445 -0.011298954547856009 -0.0088251851150741283 -0.65004007744664671
decision_type=8 10 2 2 2 2 2
left_child=-1 -2 5 4 -4 -3 -6
right_child=1 2 3 -5 6 -7 -8
leaf_value=0.00010123772576259575 -4.547897341271295e-05 -2.451974311042408e-05 -0.00017486989303097222 6.2174662906531146e-05 2.767637765210174e-05 9.2069171186658438e-05 -0.00012001970135881885
leaf_weight=27 331 37 27 143 25 85 69
leaf_count=27 331 37 27 143 25 85 69
internal_value=-0.000268817 -0.000801953 0.00194301 -0.000568182 -0.00557851 0.00737705 -0.00159574
internal_weight=744 717 386 264 121 122 94
internal_count=744 717 386 264 121 122 94
is_linear=0
shrinkage=0.05


end of trees

feature_importances:
ret_1d=13
overnight_gap=13
vix_level=13
parkinson_20=12
dist_ma200=12
ret_5d=10
dist_ma50=10
dist_ma20=8
sector_ret_1d=8
spy_ret_5d=7
spy_ret_1d=5
ret_20d=4
atr_pct=3
dvol_z_20=3
sector_ret_5d=3
vix_chg_1d=2

parameters:
[boosting: gbdt]
[objective: quantile]
[metric: quantile]
[tree_learner: serial]
[device_type: cpu]
[data_sample_strategy: bagging]
[data: ]
[valid: ]
[num_iterations: 80]
[learning_rate: 0.05]
[num_leaves: 8]
[num_threads: 1]
[seed: 0]
[deterministic: 0]
[force_col_wise: 1]
[force_row_wise: 0]
[histogram_pool_size: -1]
[max_depth: -1]
[min_data_in_leaf: 25]
[min_sum_hessian_in_leaf: 0.001]
[bagging_fraction: 0.9]
[pos_bagging_fraction: 1]
[neg_bagging_fraction: 1]
[bagging_freq: 1]
[bagging_seed: 3]
[bagging_by_query: 0]
[feature_fraction: 0.9]
[feature_fraction_bynode: 1]
[feature_fraction_seed: 2]
[extra_trees: 0]
[extra_seed: 6]
[early_stopping_round: 0]
[early_stopping_min_delta: 0]
[first_metric_only: 0]
[max_delta_step: 0]
[lambda_l1: 0]
[lambda_l2: 0]
[linear_lambda: 0]
[min_gain_to_split: 0]
[drop_rate: 0.1]
[max_drop: 50]
[skip_drop: 0.5]
[xgboost_dart_mode: 0]
[uniform_drop: 0]
[drop_seed: 4]
[top_rate: 0.2]
[other_rate: 0.1]
[min_data_per_group: 100]
[max_cat_threshold: 32]
[cat_l2: 10]
[cat_smooth: 10]
[max_cat_to_onehot: 4]
[top_k: 20]
[monotone_constraints: ]
[monotone_constraints_method: basic]
[monotone_penalty: 0]
[feature_contri: ]
[forcedsplits_filename: ]
[refit_decay_rate: 0.9]
[cegb_tradeoff: 1]
[cegb_penalty_split: 0]
[cegb_penalty_feature_lazy: ]
[cegb_penalty_feature_coupled: ]
[path_smooth: 0]
[interaction_constraints: ]
[verbosity: -1]
[saved_feature_importance_type: 0]
[use_quantized_grad: 0]
[num_grad_quant_bins: 4]
[quant_train_renew_leaf: 0]
[stochastic_rounding: 1]
[linear_tree: 0]
[max_bin: 255]
[max_bin_by_feature: ]
[min_data_in_bin: 3]
[bin_construct_sample_cnt: 200000]
[data_random_seed: 1]
[is_enable_sparse: 1]
[enable_bundle: 1]
[use_missing: 1]
[zero_as_missing: 0]
[feature_pre_filter: 1]
[pre_partition: 0]
[two_round: 0]
[header: 0]
[label_column: ]
[weight_column: ]
[group_column: ]
[ignore_column: ]
[categorical_feature: ]
[forcedbins_filename: ]
[precise_float_parser: 0]
[parser_config_file: ]
[objective_seed: 5]
[num_class: 1]
[is_unbalance: 0]
[scale_pos_weight: 1]
[sigmoid: 1]
[boost_from_average: 1]
[reg_sqrt: 0]
[alpha: 0.5]
[fair_c: 1]
[poisson_max_delta_step: 0.7]
[tweedie_variance_power: 1.5]
[lambdarank_truncation_level: 30]
[lambdarank_norm: 1]
[label_gain: ]
[lambdarank_position_bias_regularization: 0]
[eval_at: ]
[multi_error_top_k: 1]
[auc_mu_weights: ]
[num_machines: 1]
[local_listen_port: 12400]
[time_out: 120]
[machine_list_filename: ]
[machines: ]
[gpu_platform_id: -1]
[gpu_device_id: -1]
[gpu_device_id_list: ]
[gpu_use_dp: 0]
[num_gpu: 1]

end of parameters

pandas_categorical:[]
