tree
version=v4
num_class=1
num_tree_per_iteration=1
label_index=0
max_feature_idx=16
objective=quantile
feature_names=ret_1d ret_5d ret_20d overnight_gap atr_pct parkinson_20 dvol_z_20 dist_ma20 dist_ma50 dist_ma200 spy_ret_1d spy_ret_5d spy_ret_20d vix_level vix_chg_1d sector_ret_1d sector_ret_5d
feature_infos=[-0.12847285572300249:0.13277589839507287] [-0.23365840718850783:0.21717065466140828] [-0.27970985511230895:0.3437776122950742] [-0.099334928287620805:0.070976945316706175] [0.013578258594244065:0.068274569401308743] [0.0085301554712432191:0.03491863047854301] [-2.2403810516485896:4.2291779036137038] [-0.19051323166448519:0.17380637619199635] [-0.2104622494351418:0.20004899134846155] [-0.28571092882353:0.37829730949704832] [-0.058542971330535654:0.10501930183911301] [-0.11496151859245618:0.082843162776128354] [-0.1226559005192206:0.15756591020035837] [11.859999656677246:52.330001831054688] [-0.35753873962348437:0.74039073966007019] [-0.062590328153952823:0.087383947576493481] [-0.13939752008440254:0.088326450578892102]
tree_sizes=848 858 850 861 857 856 854 857 859 861 854 859 861 860 860 861 859 857 845 859 862 855 867 859 850 858 848 856 855 860 857 851 854 862 846 853 846

Tree=0
num_leaves=8
num_cat=0
split_feature=13 4 12 14 6 1 6
split_gain=2.27178 2.18475 1.89922 1.98802 1.70703 1.56481 1.54022
threshold=13.605000019073488 0.02409582557706463 -0.027198413534659901 -0.071225645536492452 -0.7230513425482733 0.00022267168798806305 2.2892243642254537
decision_type=2 2 2 2 2 2 2
left_child=1 -1 -2 -4 -5 -3 -6
right_child=2 5 3 4 6 -7 -8
leaf_value=-0.0001220865291543305 0.00021652984432876112 0.0002138214185833931 0.0001613613683730364 -0.00020914358319714668 -3.0824885470792651e-05 0.0002940018312074244 -0.00031596042681485419
leaf_weight=46 101 27 59 106 333 48 26
leaf_count=46 101 27 59 106 333 48 26
internal_value=0.000134048 0.00640496 -0.00108 -0.00229008 -0.0033871 0.0116667 -0.00174095
internal_weight=746 121 625 524 465 75 359
internal_count=746 121 625 524 465 75 359
is_linear=0
shrinkage=0.05


Tree=1
num_leaves=8
num_cat=0
split_feature=13 7 12 8 8 0 5
split_gain=2.11153 2.23682 2.04756 1.69678 1.52373 2.05214 1.9009
threshold=13.194999694824221 0.010659725361988339 0.033663047368439288 -0.04642456348259149 -0.0042299656379718989 -0.0090301326060588921 0.021023549653445293
decision_type=2 2 2 10 8 2 2
left_child=2 4 -1 -3 6 -6 -2
right_child=1 3 -4 -5 5 -7 -8
leaf_value=-0.00018114389735274019 0.0001659680464945268 -0.00031913232669467106 0.00024898007686715575 -8.3882959879701962e-05 -0.00043937254376942293 5.3612783231073993e-05 -0.00022155346960062161
leaf_weight=26 190 25 55 216 40 90 91
leaf_count=26 190 25 55 216 40 90 91
internal_value=0.000102319 -0.000843558 0.00771605 -0.00466805 0.00139903 -0.00307692 0.00346975
internal_weight=733 652 81 241 411 130 281
internal_count=733 652 81 241 411 130 281
is_linear=0
shrinkage=0.05


Tree=2
num_leaves=8
num_cat=0
split_feature=13 4 6 9 7 14 7
split_gain=2.82579 3.07441 1.81252 2.1576 1.88606 1.70171 2.04217
threshold=13.59500026702881 0.024436022677340258 -0.7297706058921456 -0.12844874876592341 0.027482264232122747 0.13092898697672287 -0.069983087277309827
decision_type=2 2 2 8 2 2 2
left_child=1 -1 3 -2 -5 6 -4
right_child=2 -3 5 4 -6 -7 -8
leaf_value=-9.5945652348746084e-05 -0.00043869772380276121 0.00031220989141729662 0.00026832617055333685 -2.1347586225601846e-05 -0.00045626166486908916 -0.00032918499309744222 -7.2797969114617461e-06
leaf_weight=47 26 68 46 99 26 27 406
leaf_count=47 26 68 46 99 26 27 406
internal_value=-3.3557e-05 0.00717391 -0.00134921 -0.00612583 -0.0034 0.000156576 0.000884956
internal_weight=745 115 630 151 125 479 452
internal_count=745 115 630 151 125 479 452
is_linear=0
shrinkage=0.05


Tree=3
num_leaves=8
num_cat=0
split_feature=13 4 12 14 9 14 10
split_gain=1.8267 2.27987 1.76094 2.22632 1.94482 1.98138 1.73894
threshold=13.59500026702881 0.025106218096208169 -0.027486551032664949 0.099742575354610077 0.1056987660586718 -0.086337752297859935 0.00057749123294836846
decision_type=2 2 2 2 10 2 2
left_child=1 -1 -2 4 5 -4 -6
right_child=2 -3 3 -5 6 -7 -8
leaf_value=-1.1605540181335528e-05 0.00025675914433995786 0.00031208495131431846 0.00029286778992864131 -0.00018490673542346484 0.00038239554307401707 -0.00013256158058029541 -1.4685835169439088e-05
leaf_weight=53 103 58 27 42 49 341 64
leaf_count=53 103 58 27 42 49 341 64
internal_value=0.000169607 0.00608108 -0.000878594 -0.00205545 -0.00109148 -0.00285326 0.00464602
internal_weight=737 111 626 523 481 368 113
internal_count=737 111 626 523 481 368 113
is_linear=0
shrinkage=0.05


Tree=4
num_leaves=8
num_cat=0
split_feature=14 2 7 0 3 4 12
split_gain=2.07878 1.71015 2.39902 1.49131 1.5125 1.34403 1.21937
threshold=0.13092898697672287 0.048436065630581455 0.060366947870035166 -0.0077725273254613527 0.00083384242640749406 0.039922693432114804 0.0062346359643689073
decision_type=2 2 2 2 2 2 2
left_child=1 5 3 -3 -5 6 -1
right_child=-2 2 -4 4 -6 -7 -8
leaf_value=0.00018898356552255792 -0.00032111457834379511 2.3395751047992236e-05 0.0001266333288023998 -0.00055666602100399361 -0.00011054288686636028 -0.00031261821045444323 2.8451092219092974e-05
leaf_weight=157 32 33 82 40 40 60 299
leaf_count=157 32 33 82 40 40 60 299
internal_value=-3.36474e-05 0.000527426 -0.00346154 -0.00818584 -0.011875 0.00203488 0.00296053
internal_weight=743 711 195 113 80 516 456
internal_count=743 711 195 113 80 516 456
is_linear=0
shrinkage=0.05


Tree=5
num_leaves=8
num_cat=0
split_feature=14 6 9 3 9 7 7
split_gain=1.73434 1.5631 2.2703 2.20949 1.33184 1.66467 2.58563
threshold=0.13092898697672287 -0.7336397161610152 -0.24630214825409649 0.0088406677573881227 0.075805394312921784 0.023196999335916239 0.033526202734985751
decision_type=2 2 10 2 10 2 2
left_child=1 2 -1 4 5 -3 -7
right_child=-2 3 -4 -5 -6 6 -8
leaf_value=0.00012934052396750212 -0.00018242214715839556 0.00010342709198131071 -0.00020618525009274071 -0.00019081975514772989 0.00016398805338430227 -0.00060622962102395016 7.3719353466065076e-06
leaf_weight=34 36 248 129 58 158 25 44
leaf_count=34 36 248 129 58 158 25 44
internal_value=-0.000409836 0.000143678 -0.0041411 0.00145403 0.00257895 0.000709779 -0.00615942
internal_weight=732 696 163 533 475 317 69
internal_count=732 696 163 533 475 317 69
is_linear=0
shrinkage=0.05


Tree=6
num_leaves=8
num_cat=0
split_feature=15 15 15 4 12 7 2
split_gain=1.61498 2.80317 1.50231 1.51215 1.23884 1.71552 2.18938
threshold=-0.015750460739020918 -0.013120198678828852 -0.010939297475183683 0.039922693432114804 -0.010634821304977891 0.061682883022153863 0.048436065630581455
decision_type=2 2 2 2 2 2 2
left_child=-1 -2 -3 4 -4 6 -6
right_child=1 2 3 -5 5 -7 -8
leaf_value=-0.00042428924420009429 0.00017635076761570554 -0.00037437223152303657 0.0002139732380376277 -0.00035199441061916454 9.1451224974448266e-06 0.00026136777888031195 -0.00015856790081337837
leaf_weight=42 28 29 92 59 314 71 109
leaf_count=42 28 29 92 59 314 71 109
internal_value=0 0.000569801 -7.4184e-05 0.000426357 0.00119454 0.000202429 -0.00100473
internal_weight=744 702 674 645 586 494 423
internal_count=744 702 674 645 586 494 423
is_linear=0
shrinkage=0.05


Tree=7
num_leaves=8
num_cat=0
split_feature=2 8 4 12 5 15 1
split_gain=1.27922 1.78201 2.56591 1.52116 1.41505 1.77143 2.19025
threshold=0.048436065630581455 0.023655784877852474 0.025027780713112135 0.027692193477340758 0.020269990809281286 -0.010939297475183683 -0.01559996465264407
decision_type=2 10 2 2 2 2 2
left_child=4 -2 3 -3 5 6 -1
right_child=1 2 -4 -5 -6 -7 -8
leaf_value=3.7459554645260081e-05 -0.00027735400495370574 -0.00041786925142166714 0.00015321865376341382 -3.5771387649746626e-05 -0.00029328796819529665 9.7798481257372916e-05 -0.0004140794751927586
leaf_weight=27 44 27 88 42 126 356 30
leaf_count=27 44 27 88 42 126 356 30
internal_value=-0.000202703 -0.00360697 -0.00111465 -0.00833333 0.00106679 0.00248184 -0.00570175
internal_weight=740 201 157 69 539 413 57
internal_count=740 201 157 69 539 413 57
is_linear=0
shrinkage=0.05


Tree=8
num_leaves=8
num_cat=0
split_feature=6 6 14 11 14 8 4
split_gain=1.33901 2.28207 1.97471 1.77633 1.72965 1.30932 1.86335
threshold=0.63738151672552068 0.83894710489557822 0.099742575354610077 -0.0094173901882642057 -0.03533310709284803 -0.077409613084551784 0.025106218096208169
decision_type=2 2 2 2 2 10 2
left_child=2 -2 5 -3 -5 -1 -7
right_child=1 3 -4 4 -6 6 -8
leaf_value=-0.00026935218014370962 0.0007283623383989808 0.0002653227727221164 -0.00035241597202155181 0.0002754812177414979 -0.00024971379279064334 -5.7288147563791377e-05 0.00011481747532269323
leaf_weight=99 30 28 46 30 71 277 180
leaf_count=99 30 28 46 30 71 277 180
internal_value=0.000164258 0.00424528 -0.000913621 0.00135659 -0.00173267 -8.99281e-05 0.00103939
internal_weight=761 159 602 129 101 556 457
internal_count=761 159 602 129 101 556 457
is_linear=0
shrinkage=0.05


Tree=9
num_leaves=8
num_cat=0
split_feature=8 16 8 11 3 16 16
split_gain=1.50963 2.02167 2.09934 1.86229 2.5713 1.80079 1.5552
threshold=-0.0046181530372310089 0.017585253060390386 0.1113265186593826 -0.018274722368059434 -0.0041955956269068553 0.026358206065591808 0.032526017222414112
decision_type=8 2 10 2 2 2 2
left_child=6 2 3 -2 -5 -3 -1
right_child=1 5 -4 4 -6 -7 -8
leaf_value=0.00012592448941672174 0.00036549426963522046 0.00029519255154069533 0.0001666271587940888 -0.00039301203068186903 -9.1048035319840192e-05 -1.0617621805866232e-05 -0.00025065494082807219
leaf_weight=317 31 48 49 68 135 54 36
leaf_count=317 31 48 49 68 135 54 36
internal_value=0.000542005 -0.00162338 -0.00379859 -0.00576923 -0.00751232 0.00441176 0.00290368
internal_weight=738 385 283 234 203 102 353
internal_count=738 385 283 234 203 102 353
is_linear=0
shrinkage=0.05


Tree=10
num_leaves=8
num_cat=0
split_feature=14 3 9 2 16 2 10
split_gain=1.37816 1.62443 1.60146 2.71378 1.78167 1.60013 1.82238
threshold=0.13092898697672287 0.007781336525530703 0.13395259963206144 0.10195237573143014 0.017585253060390386 0.094143427324944531 1.0000000180025095e-35
decision_type=2 2 10 2 2 2 2
left_child=1 2 3 -1 5 6 -4
right_child=-2 -3 4 -5 -6 -7 -8
leaf_value=4.0811871317089449e-05 -0.00011152727344540481 -0.00010948922759193366 0.00021163096047220384 -0.00023366817411415736 0.00033241543175968288 0.00025244547388815827 -0.00020279283765265948
leaf_weight=435 35 98 29 44 28 33 46
leaf_count=435 35 98 29 44 28 33 46
internal_value=0.00040107 0.000876578 0.00182927 0.000469729 0.00661765 0.0037037 -0.000333333
internal_weight=748 713 615 479 136 108 75
internal_count=748 713 615 479 136 108 75
is_linear=0
shrinkage=0.05


Tree=11
num_leaves=8
num_cat=0
split_feature=6 7 6 7 9 7 14
split_gain=1.06416 1.86677 1.57786 1.38473 1.38039 1.85676 1.60687
threshold=-0.7297706058921456 0.034358862166328892 -0.80018503145184816 0.0093560201491045287 -0.1836400713452597 0.022034353866996929 0.059971774713864064
decision_type=2 2 2 2 10 2 2
left_child=1 2 3 -1 5 -2 -6
right_child=4 -3 -4 -5 6 -7 -8
leaf_value=-9.5017641261762321e-05 -8.0136350447144692e-07 -0.00030078790260514775 -0.00011778086578670767 0.00019357621439060484 0.00011673995387013691 -0.00022033409473425569 -0.00025775601404252473
leaf_weight=74 137 26 34 39 350 25 61
leaf_count=74 137 26 34 39 350 25 61
internal_value=0.000402145 -0.00303468 -0.00085034 0.00199115 0.00143979 -0.00246914 0.00298054
internal_weight=746 173 147 113 573 162 411
internal_count=746 173 147 113 573 162 411
is_linear=0
shrinkage=0.05


Tree=12
num_leaves=8
num_cat=0
split_feature=16 11 10 2 10 13 15
split_gain=1.44856 1.83658 2.97307 1.76373 1.689 2.29788 1.51177
threshold=-0.038550768496870107 -0.0076796209830086162 0.0038619915499665818 0.044943298243229964 0.0038285567866845898 18.625000000000004 0.0029685726097340441
decision_type=2 2 2 2 2 2 2
left_child=-1 2 3 -2 -3 6 -6
right_child=1 4 -4 -5 5 -7 -8
leaf_value=-0.00034659629777946386 0.00033408460833695726 -5.7648206795552071e-05 -0.00021853313386352116 -1.2528643016271069e-05 -3.2846546783229946e-06 -0.00010230792641323437 0.00017282739666100698
leaf_weight=30 79 337 35 30 54 44 117
leaf_count=30 79 337 35 30 54 44 117
internal_value=0.000757576 0.00122126 0.00625 0.0103211 -9.05797e-05 0.00337209 0.00599415
internal_weight=726 696 144 109 552 215 171
internal_count=726 696 144 109 552 215 171
is_linear=0
shrinkage=0.05


Tree=13
num_leaves=8
num_cat=0
split_feature=1 2 13 16 12 12 16
split_gain=1.09173 1.90334 2.15529 2.11974 1.86416 2.03789 1.5591
threshold=0.051163574249258777 0.044943298243229964 16.875000000000004 0.033931754359934126 -0.027198413534659901 0.02287817606641707 0.020206400341509671
decision_type=2 2 2 2 2 2 2
left_child=1 3 -3 4 -1 6 -6
right_child=-2 2 -4 -5 5 -7 -8
leaf_value=0.00024808354780940598 0.00014273508991890406 -2.1598206785992794e-05 -0.00044115295065302092 -0.00035235086395846458 -0.00012737201388864314 0.00011591609938055385 0.00014318387910912947
leaf_weight=83 92 111 52 25 173 177 29
leaf_count=83 92 111 52 25 173 177 29
internal_value=0.000336927 -0.000384615 -0.00506135 0.0011807 0.00194805 0.000461741 -0.0029703
internal_weight=742 650 163 487 462 379 202
internal_count=742 650 163 487 462 379 202
is_linear=0
shrinkage=0.05


Tree=14
num_leaves=8
num_cat=0
split_feature=15 15 15 3 0 15 11
split_gain=1.03726 1.50336 2.08881 1.3721 2.20379 1.41285 1.38464
threshold=-0.015750460739020918 -0.01266405562314976 -0.010939297475183683 0.007781336525530703 0.015021277649721056 0.0090315360335702106 -0.012951361499321188
decision_type=2 2 2 2 2 2 2
left_child=-1 -2 -3 5 -5 6 -4
right_child=1 2 3 4 -6 -7 -8
leaf_value=-0.00036100098632940969 6.2774968170132843e-05 -0.00035216552046467243 0.0002484301661289396 0.00025919854983844277 -0.00020124060791632702 0.00016182191671056538 -1.4417039776138486e-06
leaf_weight=42 33 26 61 37 54 92 379
leaf_count=42 33 26 61 37 54 92 379
internal_value=0.000483425 0.000953079 0.000423729 0.00100321 -0.00467033 0.00197368 0.000795455
internal_weight=724 682 649 623 91 532 440
internal_count=724 682 649 623 91 532 440
is_linear=0
shrinkage=0.05


Tree=15
num_leaves=8
num_cat=0
split_feature=1 2 9 3 16 12 12
split_gain=1.64618 2.20316 1.9205 1.67287 1.56831 1.79252 1.85191
threshold=0.051163574249258777 0.048436065630581455 0.21620288103914112 -0.004699745805016863 0.033931754359934126 -0.027198413534659901 -0.0041728590088926923
decision_type=2 2 10 2 2 2 2
left_child=1 4 3 -3 5 -1 -7
right_child=-2 2 -4 -5 -6 6 -8
leaf_value=0.00026459670763342297 0.00021193724002395572 -0.00059904939879473469 7.5765434015362648e-05 -7.258002610509393e-05 -0.00030371582891843755 -0.00029194031227780271 5.5319877031765696e-05
leaf_weight=87 86 28 38 82 25 65 321
leaf_count=87 86 28 38 82 25 65 321
internal_value=0.000478142 -0.000386997 -0.00574324 -0.00909091 0.00120482 0.00184989 0.000388601
internal_weight=732 646 148 110 498 473 386
internal_count=732 646 148 110 498 473 386
is_linear=0
shrinkage=0.05


Tree=16
num_leaves=8
num_cat=0
split_feature=6 15 15 13 14 6 6
split_gain=1.79475 1.84524 1.72962 1.70255 1.52741 1.18448 1.16881
threshold=0.63738151672552068 -0.015361851610305342 -0.012216642323816305 19.72500038146973 0.097330549043375028 0.86342769365072636 0.38098665761892331
decision_type=2 2 2 2 2 2 2
left_child=1 -1 -3 5 6 -2 -4
right_child=3 2 4 -5 -6 -7 -8
leaf_value=-0.00037425236948563831 0.00023423233667743326 0.00014674120296464011 5.4971079075496603e-06 0.00032531599072397081 -0.00029120803773756741 7.0517275825412617e-06 -0.00015756752131786467
leaf_weight=35 27 27 469 25 25 101 42
leaf_count=35 27 27 469 25 25 101 42
internal_value=0.000233023 -0.00100334 -0.000310835 0.00506536 -0.000932836 0.00273438 -0.000342466
internal_weight=751 598 563 153 536 128 511
internal_count=751 598 563 153 536 128 511
is_linear=0
shrinkage=0.05


Tree=17
num_leaves=8
num_cat=0
split_feature=1 5 8 7 1 9 1
split_gain=1.31081 1.64529 1.79524 2.16433 2.25166 1.7413 1.67694
threshold=0.053550801597291982 0.023681637599638272 -0.0042299656379718989 0.022336157290558271 -0.04184922506894561 0.13395259963206144 -0.047349757425404475
decision_type=2 2 8 2 2 10 2
left_child=1 2 3 4 -1 -4 -3
right_child=-2 6 5 -5 -6 -7 -8
leaf_value=-0.00016304109040432346 0.00015068814569640706 0.0001580574726322193 -9.3647321253709134e-05 -0.00023859847340941857 0.0002010890635675505 4.6051143839021054e-05 -0.00051027387537438962
leaf_weight=59 82 29 177 27 190 125 55
leaf_count=59 82 29 177 27 190 125 55
internal_value=0.000134409 -0.00060423 0.000346021 0.00326087 0.00471888 -0.00231788 -0.00714286
internal_weight=744 662 578 276 249 302 84
internal_count=744 662 578 276 249 302 84
is_linear=0
shrinkage=0.05


Tree=18
num_leaves=8
num_cat=0
split_feature=6 4 8 6 8 3 10
split_gain=1.98531 1.60444 1.56898 1.49016 1.33031 1.38563 1.29094
threshold=-0.7297706058921456 0.037615010778411652 0.18018753049899619 -0.6341761400895265 -0.01011214080503031 0.0025292037743366307 0.0040968178286348031
decision_type=2 2 8 2 10 2 2
left_child=1 4 3 -2 5 -1 -6
right_child=2 -3 -4 -5 6 -7 -8
leaf_value=0.00027226188186540008 0.0002542751343190833 -0.00046534760922705234 -0.00029239828884541701 1.7767309729407369e-05 -0.00017411373363010528 -8.130760178149749e-05 4.856988201396687e-05
leaf_weight=38 35 30 27 508 54 26 32
leaf_count=38 35 30 27 508 54 26 32
internal_value=0.000133333 -0.00444444 0.00157895 0.0021639 -0.00233333 0.003125 -0.00639535
internal_weight=750 180 570 543 150 64 86
internal_count=750 180 570 543 150 64 86
is_linear=0
shrinkage=0.05


Tree=19
num_leaves=8
num_cat=0
split_feature=16 11 16 8 2 8 8
split_gain=1.1721 2.00175 1.81083 1.91722 2.12049 1.67913 2.36071
threshold=0.032047662156309838 0.018972561057233887 0.017346842486339779 -0.0046181530372310089 0.14545524096308463 -0.031683390475960409 -0.020453404688353046
decision_type=2 2 2 8 2 10 10
left_child=2 -2 3 5 -5 -1 -7
right_child=1 -3 -4 4 -6 6 -8
leaf_value=2.8532210080468808e-06 6.5985748282793502e-05 -0.00032565960858353812 0.00017212509662304298 -0.00011697397843585049 0.00015633462197759863 0.00043762225962217156 7.869046633420234e-05
leaf_weight=175 31 41 118 251 34 30 61
leaf_count=175 31 41 118 251 34 30 61
internal_value=0.000506073 -0.00555556 0.00115845 -4.53721e-05 -0.00289474 0.00300752 0.00851648
internal_weight=741 72 669 551 285 266 91
internal_count=741 72 669 551 285 266 91
is_linear=0
shrinkage=0.05


Tree=20
num_leaves=8
num_cat=0
split_feature=1 1 4 2 1 0 16
split_gain=1.17544 1.91449 2.64432 2.14252 1.99325 1.86667 1.67577
threshold=0.051163574249258777 1.0000000180025095e-35 0.031954612422523267 0.049382814936508986 0.0075655295836861711 -0.0080367267271768111 -0.024786913873952873
decision_type=2 2 2 2 2 2 2
left_child=1 3 4 6 -3 -5 -1
right_child=-2 2 -4 5 -6 -7 -8
leaf_value=-0.00020702600467270373 0.00011612660047671461 -0.00025251895697904145 -0.0004748703402398168 0.0001579959698230118 9.4633771832219885e-06 -0.00024217387946594735 0.00010684131000692397
leaf_weight=66 91 55 36 28 181 42 240
leaf_count=66 91 55 36 28 181 42 240
internal_value=-0.000101488 -0.000848765 -0.00404412 0.00146277 -0.00211864 -0.00642857 0.00326797
internal_weight=739 648 272 376 236 70 306
internal_count=739 648 272 376 236 70 306
is_linear=0
shrinkage=0.05


Tree=21
num_leaves=8
num_cat=0
split_feature=6 4 6 16 8 7 2
split_gain=1.79913 1.73452 1.72756 1.50987 1.10821 1.08423 1.6909
threshold=-0.7297706058921456 0.037615010778411652 -0.81743800884093487 0.012076999064626228 0.0054852137224409301 0.061682883022153863 0.044943298243229964
decision_type=2 2 2 2 10 2 2
left_child=1 2 3 4 -1 6 -2
right_child=5 -3 -4 -5 -6 -7 -8
leaf_value=-0.00025774385308294576 4.0560290217963517e-05 -0.00048400029522860377 -8.0007171146204937e-05 0.0002175442297292241 2.5188230166290131e-05 0.00019976179455039831 -0.00022909649311542301
leaf_weight=37 391 27 39 36 31 81 104
leaf_count=37 391 27 39 36 31 81 104
internal_value=0.000402145 -0.00411765 -0.00192308 0.00144231 -0.00294118 0.00173611 0.000858586
internal_weight=746 170 143 104 68 576 495
internal_count=746 170 143 104 68 576 495
is_linear=0
shrinkage=0.05


Tree=22
num_leaves=8
num_cat=0
split_feature=2 9 10 16 16 11 8
split_gain=1.52569 1.38474 1.21725 1.64755 1.54111 1.63414 1.73804
threshold=0.14217997807084773 0.22656332886861899 0.0084728962045924634 0.032526017222414112 0.017585253060390386 -0.020756014565235011 -0.0046181530372310089
decision_type=2 10 2 2 2 2 8
left_child=1 2 3 4 5 -1 -7
right_child=-2 -3 -4 -5 -6 6 -8
leaf_value=0.00017530666746812438 0.00013806598023047027 -0.00032124860323522306 7.0846147546288114e-05 -0.00038417845912806938 0.00021482038900411286 1.990611837715841e-05 -0.00012084813699872205
leaf_weight=65 43 28 101 45 96 182 180
leaf_count=65 43 28 101 45 96 182 180
internal_value=0.000743243 0.00017934 0.000635277 -0.000264085 0.000525813 -0.000761124 -0.00207182
internal_weight=740 697 669 568 523 427 362
internal_count=740 697 669 568 523 427 362
is_linear=0
shrinkage=0.05


Tree=23
num_leaves=8
num_cat=0
split_feature=11 14 10 10 16 16 7
split_gain=1.55207 1.55452 1.27347 1.45395 1.07205 2.26051 2.01408
threshold=-0.017414661079240442 0.099742575354610077 0.0004408774644957259 -0.012001983030752781 0.017346842486339779 0.023778239429107177 0.014254573327618815
decision_type=2 2 2 2 2 2 2
left_child=2 4 3 -1 6 -6 -2
right_child=1 -3 -4 -5 5 -7 -8
leaf_value=2.6666108471530967e-05 1.976566139850027e-05 -0.00015942065225364374 -5.9061701188202e-05 0.00041421243818500777 0.00025049925138444158 -7.0090056013842525e-07 -9.9179818979065493e-05
leaf_weight=36 285 32 27 37 57 123 150
leaf_count=36 285 32 27 37 57 123 150
internal_value=0.000702811 -0.000193199 0.0065 0.00993151 0.000365854 0.00361111 -0.000977011
internal_weight=747 647 100 73 615 180 435
internal_count=747 647 100 73 615 180 435
is_linear=0
shrinkage=0.05


Tree=24
num_leaves=8
num_cat=0
split_feature=6 7 6 7 8 7 7
split_gain=1.17189 2.00798 1.81627 2.19746 1.49911 1.77691 1.05
threshold=-0.7297706058921456 0.034358862166328892 -0.81743800884093487 -0.019398851659462864 0.18018753049899619 0.088921421993602104 -0.069983087277309827
decision_type=2 2 2 2 8 2 2
left_child=1 2 3 -1 5 6 -2
right_child=4 -3 -4 -5 -6 -7 -8
leaf_value=-0.00011987470922098906 0.00028521897539831892 -0.00030274903860441496 -0.00011800819542297816 0.00023340161437819404 -0.00024974248223589689 0.00027218880456625447 1.8777378328575258e-05
leaf_weight=46 52 26 39 65 26 35 455
leaf_count=46 52 26 39 65 26 35 455
internal_value=0.00100806 -0.00255682 -0.000333333 0.00292793 0.00211268 0.00267528 0.00192308
internal_weight=744 176 150 111 568 542 507
internal_count=744 176 150 111 568 542 507
is_linear=0
shrinkage=0.05


Tree=25
num_leaves=8
num_cat=0
split_feature=6 6 13 8 10 10 8
split_gain=1.20768 2.44683 1.55012 2.73926 2.35883 2.29806 2.25412
threshold=0.63738151672552068 0.90480736178327581 14.63499975204468 -0.0046181530372310089 0.0081754329593887193 0.0072285544385530818 -0.031683390475960409
decision_type=2 2 2 8 2 2 10
left_child=2 -2 4 6 -1 -5 -4
right_child=1 -3 3 5 -6 -7 -8
leaf_value=2.6999516913187564e-05 0.00032926627786191017 1.0084001616822094e-05 -2.0904057812298719e-05 -0.00013620060513792155 0.0002720360607537799 -0.00045095325510836009 0.00020699623383230111
leaf_weight=139 37 120 159 155 26 36 78
leaf_count=139 37 120 159 155 26 36 78
internal_value=0.0004 0.00429936 -0.000632378 -0.00221963 0.00348485 -0.00667539 0.00137131
internal_weight=750 157 593 428 165 191 237
internal_count=750 157 593 428 165 191 237
is_linear=0
shrinkage=0.05


Tree=26
num_leaves=8
num_cat=0
split_feature=13 9 4 13 11 13 6
split_gain=1.03026 1.42165 1.39331 2.27789 1.84942 1.47648 1.28081
threshold=25.505000114440922 -0.15610777501842713 0.024354476343715247 14.484999656677248 -0.0071962553700703471 13.34500026702881 0.53994686807527814
decision_type=2 8 2 2 2 2 2
left_child=1 -1 5 -4 -5 -3 -6
right_child=-2 2 3 4 6 -7 -8
leaf_value=-0.00013895267453070789 0.00042355552973746038 -0.00031716626608797502 0.00019075925467191993 9.1324706766930349e-05 -0.00024196043680128578 -2.4273319890836676e-05 2.7843013866156366e-05
leaf_weight=64 33 32 86 79 118 294 37
leaf_count=64 33 32 86 79 118 294 37
internal_value=-0.000302826 -0.000704225 0 0.00234375 -0.000213675 -0.00230061 -0.0033871
internal_weight=743 710 646 320 234 326 155
internal_count=743 710 646 320 234 326 155
is_linear=0
shrinkage=0.05


Tree=27
num_leaves=8
num_cat=0
split_feature=1 5 0 2 11 12 5
split_gain=1.24552 1.57929 1.77987 1.65652 1.56832 1.40262 1.33335
threshold=0.045108543257475493 0.017917631847983024 -0.019085870963407522 -0.019798344768442885 0.011258220737919157 -0.033690141837628411 0.014942351667851881
decision_type=2 2 2 2 2 2 2
left_child=1 3 -3 -1 -2 -5 -7
right_child=4 2 -4 5 -6 6 -8
leaf_value=0.00010804751642101777 0.00036002528083324802 0.00012429486467221588 -0.00024456587166872551 0.0001053777665835737 2.9165403555898279e-06 -5.5998251500466437e-05 4.5327725228844753e-05
leaf_weight=165 49 41 137 25 55 186 87
leaf_count=165 49 41 137 25 55 186 87
internal_value=0.0011745 0.000351014 -0.00365169 0.00188985 0.00625 -0.00033557 -0.00137363
internal_weight=745 641 178 463 104 298 273
internal_count=745 641 178 463 104 298 273
is_linear=0
shrinkage=0.05


Tree=28
num_leaves=8
num_cat=0
split_feature=6 6 7 7 6 11 0
split_gain=1.2652 1.45775 1.96006 1.83388 1.43316 0.948646 0.743334
threshold=-0.7297706058921456 -0.81743800884093487 0.030789643163504857 -0.0010064067238471639 -0.6736557447246575 0.0013310128060490813 -0.02704736606420732
decision_type=2 2 2 2 2 2 2
left_child=1 2 3 5 -2 -1 -6
right_child=4 -3 -4 -5 6 -7 -8
leaf_value=3.8858917921874151e-05 0.00022389742185655129 -0.00015830583792268983 -0.00026705018892648271 0.00015990988756257554 0.00013939334714717158 -0.00015559156354638711 9.6281273702436958e-06
leaf_weight=27 26 40 25 42 41 40 511
leaf_count=27 26 40 25 42 41 40 511
internal_value=0.000864362 -0.00287356 -0.000373134 0.00252294 0.00198962 -0.00261194 0.00144928
internal_weight=752 174 134 109 578 67 552
internal_count=752 174 134 109 578 67 552
is_linear=0
shrinkage=0.05


Tree=29
num_leaves=8
num_cat=0
split_feature=13 11 15 3 13 8 8
split_gain=1.44356 1.13189 1.20973 1.31329 1.18775 1.67448 1.70969
threshold=13.194999694824221 -0.024572919887126395 -0.0088482929135916804 0.0071328695543803064 18.035000801086429 -0.010412056510530841 -0.067820770562852392
decision_type=2 2 2 2 2 10 10
left_child=-1 -2 -3 4 -4 6 -6
right_child=1 2 3 -5 5 -7 -8
leaf_value=0.00011517201628314543 0.00015134511664952001 -0.0001464831341945208 7.2059328136138631e-05 -5.8382992178293244e-05 -1.2759428231612296e-05 -0.00027340292817450889 0.00038829034315723902
leaf_weight=75 49 99 299 89 48 46 25
leaf_count=75 49 99 299 89 48 46 25
internal_value=0.00109589 0.000343511 -0.000247525 0.000739645 0.00191388 -0.00231092 0.00239726
internal_weight=730 655 606 507 418 119 73
internal_count=730 655 606 507 418 119 73
is_linear=0
shrinkage=0.05


Tree=30
num_leaves=8
num_cat=0
split_feature=8 8 13 16 6 9 4
split_gain=1.04125 1.75949 1.62099 1.2684 1.15238 1.42166 1.35411
threshold=-0.010682492379696927 -0.031683390475960409 18.214999198913578 0.0091704759437317724 0.61948354434107078 0.0071319550275177343 0.025261121010999955
decision_type=8 10 2 2 2 8 2
left_child=1 -1 3 -3 5 -2 -7
right_child=4 2 -4 -5 -6 6 -8
leaf_value=-3.1899989072378633e-07 -0.00031158416436513658 0.00023924053563739459 0.00024035657829842304 -0.00016378053011770769 0.00010240649247545641 -8.008390634275398e-05 3.3070247053583727e-05
leaf_weight=233 52 25 32 27 84 170 114
leaf_count=233 52 25 32 27 84 170 114
internal_value=-3.39213e-05 0.00212934 0.00833333 0.00288462 -0.00166667 -0.00297619 -0.00158451
internal_weight=737 317 84 52 420 336 284
internal_count=737 317 84 52 420 336 284
is_linear=0
shrinkage=0.05


Tree=31
num_leaves=8
num_cat=0
split_feature=6 9 6 16 8 8 1
split_gain=1.47042 1.20464 1.83451 1.71569 1.56782 1.1196 1.48221
threshold=-0.76256551639565739 0.34527173093200708 -1.2032978900388456 -0.0070638703076462686 -0.0096945153038943115 0.011315101858971556 -0.02747651226268721
decision_type=2 8 2 2 10 8 2
left_child=1 2 -1 -4 -5 -2 -7
right_child=5 -3 3 4 -6 6 -8
leaf_value=7.7061176055496909e-05 3.3428623252962449e-05 3.3170275362924915e-05 3.6566341853740548e-05 -6.0711097287075987e-05 -0.00030340720666418956 0.00013865979086744059 -5.2191087421467366e-05
leaf_weight=33 324 34 25 29 33 34 219
leaf_count=33 324 34 25 29 33 34 219
internal_value=0.000444596 -0.0038961 -0.00625 -0.0100575 -0.0145161 0.00160312 -0.000889328
internal_weight=731 154 120 87 62 577 253
internal_count=731 154 120 87 62 577 253
is_linear=0
shrinkage=0.05


Tree=32
num_leaves=8
num_cat=0
split_feature=4 4 4 11 3 2 6
split_gain=1.39395 2.03596 1.90074 2.12069 1.97518 1.97906 1.83707
threshold=0.031426117026182997 0.025261121010999955 0.02629366460976568 -0.0036300825612617933 -0.0040580147676483316 0.010588893871649409 -0.7336397161610152
decision_type=2 2 2 2 2 2 2
left_child=1 -1 -3 -4 -5 -6 -2
right_child=6 2 3 4 5 -7 -8
leaf_value=-2.275775640784054e-06 -0.0003691358871804904 0.00024627833039096562 0.00014918794078712998 -0.00019690788120709107 0.00041037093972177161 -7.53905096108392e-05 -1.1573609700997447e-06
leaf_weight=384 43 45 47 41 29 40 123
leaf_count=384 43 45 47 41 29 40 123
internal_value=0.000731383 0.00187713 0.00594059 0.00334395 -0.000454545 0.00471014 -0.00331325
internal_weight=752 586 202 157 110 69 166
internal_count=752 586 202 157 110 69 166
is_linear=0
shrinkage=0.05


Tree=33
num_leaves=8
num_cat=0
split_feature=11 1 1 16 15 16 16
split_gain=1.15428 2.34483 1.58597 4.78196 1.5712 1.45336 1.80071
threshold=0.0044457003054257935 0.019477929541271147 -0.021535051906771904 -0.026684569911303021 -0.0041046210450673684 0.032047662156309838 0.017113083761229778
decision_type=2 2 2 2 2 2 2
left_child=1 2 3 -1 -5 6 -2
right_child=5 -3 -4 4 -6 -7 -8
leaf_value=-0.00023816147327834471 -5.96115304893376e-05 0.00014047717844672573 -7.5306540901715156e-05 0.00031806241627034592 5.7261534471137032e-05 -0.00022640728406365165 0.00013357200398323915
leaf_weight=53 223 79 149 29 53 55 101
leaf_count=53 223 79 149 29 53 55 101
internal_value=0.000808625 0.00282369 0.000704225 0.00462963 0.0121951 -0.00112137 0.000154321
internal_weight=742 363 284 135 82 379 324
internal_count=742 363 284 135 82 379 324
is_linear=0
shrinkage=0.05


Tree=34
num_leaves=8
num_cat=0
split_feature=3 10 13 8 11 7 2
split_gain=0.954067 1.20958 1.51787 1.5091 1.1029 2.30246 1.47204
threshold=0.012390021825520072 0.0084728962045924634 15.684999942779543 -0.019737558345155389 -0.0081164241286432719 -0.011274515278494544 0.040209180378767646
decision_type=2 2 2 8 2 2 2
left_child=1 4 -3 -4 5 -1 -7
right_child=-2 2 3 -5 -6 6 -8
leaf_value=-4.6935739861039095e-06 -0.00017358198481208924 0.00029166260378150097 2.7870084098171693e-05 -0.00026169228947399447 -1.5228606041350305e-05 0.00027055450616037902 5.1848527515549345e-05
leaf_weight=79 48 37 31 28 462 32 30
leaf_count=79 48 37 31 28 462 32 30
internal_value=0.000568942 0.0010372 0.00625 0.00127119 0.000207297 0.00407801 0.0112903
internal_weight=747 699 96 59 603 141 62
internal_count=747 699 96 59 603 141 62
is_linear=0
shrinkage=0.05


Tree=35
num_leaves=8
num_cat=0
split_feature=8 1 1 12 11 10 0
split_gain=0.979786 1.92464 1.87247 1.8593 1.73851 1.56418 1.64781
threshold=0.011315101858971556 0.020883238962472021 -0.010609405015881033 0.01159583409138454 0.0039565944761287284 0.0084728962045924634 0.010527993920572134
decision_type=8 2 2 2 2 2 2
left_child=5 2 3 -2 -3 -1 -7
right_child=1 4 -4 -5 -6 6 -8
leaf_value=7.7158642313516962e-06 -0.00018186429087558838 0.00016331798220662908 -0.00019553438289950515 0.00011645484295752223 -1.0297630602989734e-05 0.00033564079444122125 3.5127239171931046e-06
leaf_weight=349 36 48 96 49 87 38 40
leaf_count=349 36 48 96 49 87 38 40
internal_value=0.000370121 -0.00174051 -0.0051105 0.000294118 0.00277778 0.00193208 0.00833333
internal_weight=743 316 181 85 135 427 78
internal_count=743 316 181 85 135 427 78
is_linear=0
shrinkage=0.05


Tree=36
num_leaves=8
num_cat=0
split_feature=1 11 0 9 9 12 8
split_gain=1.3499 1.28599 1.19524 1.73443 2.93583 1.6993 1.5714
threshold=0.051163574249258777 0.012464191506580515 -0.0029606957150724584 0.11013134992611297 -0.089658227236268581 -0.027198413534659901 -0.075352171668510368
decision_type=2 2 2 10 8 2 8
left_child=2 -2 3 4 -1 -6 -4
right_child=1 -3 6 -5 5 -7 -8
leaf_value=0.0001849686776906172 0.00035589355104797909 -4.5286895744260788e-06 -0.0002775440847434744 0.00012690186477897226 0.00016315333172685467 -0.00016038890245482151 -1.222035620037982e-05
leaf_weight=68 46 44 41 61 33 143 317
leaf_count=68 46 44 41 61 33 143 317
internal_value=0.000365206 0.00611111 -0.000414781 0.00188525 0 -0.00340909 -0.0023743
internal_weight=753 90 663 305 244 176 358
internal_count=753 90 663 305 244 176 358
is_linear=0
shrinkage=0.05


end of trees

feature_importances:
dvol_z_20=27
dist_ma50=26
sector_ret_5d=21
dist_ma20=20
ret_5d=17
spy_ret_5d=16
ret_20d=15
atr_pct=15
vix_level=15
dist_ma200=14
spy_ret_20d=13
sector_ret_1d=13
spy_ret_1d=12
vix_chg_1d=12
overnight_gap=10
ret_1d=8
parkinson_20=5

parameters:
[boosting: gbdt]
[objective: quantile]
[metric: quantile]
[tree_learner: serial]
[device_type: cpu]
[data_sample_strategy: bagging]
[data: ]
[valid: ]
[num_iterations: 80]
[learning_rate: 0.05]
[num_leaves: 8]
[num_threads: 1]
[seed: 0]
[deterministic: 0]
[force_col_wise: 1]
[force_row_wise: 0]
[histogram_pool_size: -1]
[max_depth: -1]
[min_data_in_leaf: 25]
[min_sum_hessian_in_leaf: 0.001]
[bagging_fraction: 0.9]
[pos_bagging_fraction: 1]
[neg_bagging_fraction: 1]
[bagging_freq: 1]
[bagging_seed: 3]
[bagging_by_query: 0]
[feature_fraction: 0.9]
[feature_fraction_bynode: 1]
[feature_fraction_seed: 2]
[extra_trees: 0]
[extra_seed: 6]
[early_stopping_round: 0]
[early_stopping_min_delta: 0]
[first_metric_only: 0]
[max_delta_step: 0]
[lambda_l1: 0]
[lambda_l2: 0]
[linear_lambda: 0]
[min_gain_to_split: 0]
[drop_rate: 0.1]
[max_drop: 50]
[skip_drop: 0.5]
[xgboost_dart_mode: 0]
[uniform_drop: 0]
[drop_seed: 4]
[top_rate: 0.2]
[other_rate: 0.1]
[min_data_per_group: 100]
[max_cat_threshold: 32]
[cat_l2: 10]
[cat_smooth: 10]
[max_cat_to_onehot: 4]
[top_k: 20]
[monotone_constraints: ]
[monotone_constraints_method: basic]
[monotone_penalty: 0]
[feature_contri: ]
[forcedsplits_filename: ]
[refit_decay_rate: 0.9]
[cegb_tradeoff: 1]
[cegb_penalty_split: 0]
[cegb_penalty_feature_lazy: ]
[cegb_penalty_feature_coupled: ]
[path_smooth: 0]
[interaction_constraints: ]
[verbosity: -1]
[saved_feature_importance_type: 0]
[use_quantized_grad: 0]
[num_grad_quant_bins: 4]
[quant_train_renew_leaf: 0]
[stochastic_rounding: 1]
[linear_tree: 0]
[max_bin: 255]
[max_bin_by_feature: ]
[min_data_in_bin: 3]
[bin_construct_sample_cnt: 200000]
[data_random_seed: 1]
[is_enable_sparse: 1]
[enable_bundle: 1]
[use_missing: 1]
[zero_as_missing: 0]
[feature_pre_filter: 1]
[pre_partition: 0]
[two_round: 0]
[header: 0]
[label_column: ]
[weight_column: ]
[group_column: ]
[ignore_column: ]
[categorical_feature: ]
[forcedbins_filename: ]
[precise_float_parser: 0]
[parser_config_file: ]
[objective_seed: 5]
[num_class: 1]
[is_unbalance: 0]
[scale_pos_weight: 1]
[sigmoid: 1]
[boost_from_average: 1]
[reg_sqrt: 0]
[alpha: 0.5]
[fair_c: 1]
[poisson_max_delta_step: 0.7]
[tweedie_variance_power: 1.5]
[lambdarank_truncation_level: 30]
[lambdarank_norm: 1]
[label_gain: ]
[lambdarank_position_bias_regularization: 0]
[eval_at: ]
[multi_error_top_k: 1]
[auc_mu_weights: ]
[num_machines: 1]
[local_listen_port: 12400]
[time_out: 120]
[machine_list_filename: ]
[machines: ]
[gpu_platform_id: -1]
[gpu_device_id: -1]
[gpu_device_id_list: ]
[gpu_use_dp: 0]
[num_gpu: 1]

end of parameters

pandas_categorical:[]
