tree
version=v4
num_class=1
num_tree_per_iteration=1
label_index=0
max_feature_idx=16
objective=quantile
feature_names=ret_1d ret_5d ret_20d overnight_gap atr_pct parkinson_20 dvol_z_20 dist_ma20 dist_ma50 dist_ma200 spy_ret_1d spy_ret_5d spy_ret_20d vix_level vix_chg_1d sector_ret_1d sector_ret_5d
feature_infos=[-0.091319293433491433:0.15576620738165436] [-0.18250346792855998:0.29651156967393066] [-0.18567083140294738:0.59652449931644802] [-0.10070828356736172:0.1682911644178231] [0.012698844631562959:0.085468099032305844] [0.0075984286997003757:0.042212209660374728] [-2.5284085556930731:4.2669552553998971] [-0.1555901400335804:0.28578628443885012] [-0.20246426247783456:0.53333122937815247] [-0.19144432975105019:1.0671410883463794] [-0.058542971330535654:0.10501930183911301] [-0.11496151859245618:0.082843162776128354] [-0.1226559005192206:0.15756591020035837] [11.859999656677246:52.330001831054688] [-0.35753873962348437:0.74039073966007019] [-0.068247998544687438:0.13425697132599002] [-0.13587196028298487:0.11773217696052685]
tree_sizes=851 858 860 863 866 867 867 861 865 854 856 862 865 868 869 877 876 863 866 862 860 872 868 860 861 870 872 876

Tree=0
num_leaves=8
num_cat=0
split_feature=3 9 14 4 6 7 8
split_gain=0.516232 0.839875 0.556126 0.564054 0.535858 0.425255 0.98
threshold=0.0074743609115952578 0.94059956844581838 -0.037374592254897913 0.016537265743392687 -0.40530032561376333 0.059536062280895259 0.069007507422983907
decision_type=2 8 2 2 2 2 10
left_child=2 5 -1 4 -4 6 -2
right_child=1 -3 3 -5 -6 -7 -8
leaf_value=-0.0027167186108565944 -0.0027177813279551113 -0.0032228789379691535 -0.0027999490053571825 -0.0028352989973701973 -0.003011999556083356 -0.0025632655796937829 -0.0030307411017378443
leaf_weight=135 45 25 31 416 32 36 30
leaf_count=135 45 25 31 416 32 36 30
internal_value=-0.00280724 -0.0055945 -0.00218987 -0.00298873 -0.00739772 -0.00372977 -0.00587391
internal_weight=750 136 614 479 63 111 75
internal_count=750 136 614 479 63 111 75
is_linear=0
shrinkage=1


Tree=1
num_leaves=8
num_cat=0
split_feature=9 4 3 14 9 8 7
split_gain=1.19195 0.479187 0.940585 0.282131 0.480743 0.370863 0.391416
threshold=0.66280863306953874 0.015954060492370348 0.0027539849322339998 0.076607678117126224 0.20682022958804538 -0.079815338555476165 0.035768956081646104
decision_type=10 2 2 2 8 10 2
left_child=1 2 -1 5 -5 -3 -7
right_child=-2 3 -4 4 -6 6 -8
leaf_value=5.762859751371188e-05 -0.00091373569095426217 -0.00029825056934515307 -0.00019650219262927083 -0.00040930061890284437 9.7383421719238699e-05 0.00013270335275531397 3.540367495424499e-06
leaf_weight=49 37 45 25 37 47 323 171
leaf_count=49 37 45 25 37 47 323 171
internal_value=0.000231608 0.000695839 -0.00310811 0.00114767 -0.00154762 0.00156772 0.00196356
internal_weight=734 697 74 623 84 539 494
internal_count=734 697 74 623 84 539 494
is_linear=0
shrinkage=0.05


Tree=2
num_leaves=8
num_cat=0
split_feature=0 6 6 9 7 1 1
split_gain=0.721185 0.552809 0.767743 0.6768 0.542966 1.09502 0.699849
threshold=0.041430549503263754 1.1648565517426084 0.80984942267318738 0.79628326045415021 -0.030104549935975052 -0.0097749796873907151 0.0083097278423869287
decision_type=2 2 2 8 2 2 2
left_child=1 2 3 -1 -5 -6 -7
right_child=-2 -3 -4 4 5 6 -8
leaf_value=7.8754978292164209e-05 -0.00038988950323599197 0.00018082333536352543 -0.00035484486690144992 0.00013335107675993245 -0.00022555912506377445 0.00019372348238924574 -0.00023776214844736739
leaf_weight=449 27 94 37 38 36 29 39
leaf_count=449 27 94 37 38 36 29 39
internal_value=6.00803e-05 0.000360111 -0.000175159 0.000262268 -0.00274648 -0.00461538 -0.000882353
internal_weight=749 722 628 591 142 104 68
internal_count=749 722 628 591 142 104 68
is_linear=0
shrinkage=0.05


Tree=3
num_leaves=8
num_cat=0
split_feature=9 4 3 7 0 0 8
split_gain=0.665293 0.494372 0.806667 0.441589 0.534982 0.33641 0.304029
threshold=0.66280863306953874 0.016063097649025183 0.0027539849322339998 -0.049526755036644936 -0.002917646441411736 -0.018466450933796726 0.072785668694832398
decision_type=10 2 2 2 2 2 8
left_child=1 2 -1 4 -3 -5 -7
right_child=-2 3 -4 5 -6 6 -8
leaf_value=1.8535664240198043e-07 -0.00082043611611735978 0.00012826549022820112 -0.00017770057879783565 0.00034945349704031088 -0.00041955043866862311 0.00011347022826638657 -1.499610211684353e-05
leaf_weight=50 39 42 25 50 25 315 197
leaf_count=50 39 42 25 50 25 315 197
internal_value=-0.000181696 0.000170455 -0.00366667 0.000627981 -0.00320895 0.00108541 0.000703125
internal_weight=743 704 75 629 67 562 512
internal_count=743 704 75 629 67 562 512
is_linear=0
shrinkage=0.05


Tree=4
num_leaves=8
num_cat=0
split_feature=9 6 6 0 6 0 14
split_gain=0.875305 0.330548 0.589859 0.749703 0.858008 0.645976 1.30998
threshold=0.66280863306953874 -0.51978774279469653 0.96698551071689098 0.017684517600935593 0.72615102953554167 -0.0051238273566334694 -0.014609583018452553
decision_type=10 2 2 2 2 2 2
left_child=1 -1 3 4 5 -3 -7
right_child=-2 2 -4 -5 -6 6 -8
leaf_value=9.2218087581572518e-05 -0.00069326794236902723 0.0001096286612232666 0.00015673542337509417 0.0002649476040840802 -0.00022958676949187611 5.6187510864290448e-05 -0.00012556094895243455
leaf_weight=237 42 107 116 42 25 83 94
leaf_count=237 42 107 116 42 25 83 94
internal_value=0.000107239 0.000525568 -0.000246252 -0.00126781 -0.00211974 -0.00133803 -0.00319209
internal_weight=746 704 467 351 309 284 177
internal_count=746 704 467 351 309 284 177
is_linear=0
shrinkage=0.05


Tree=5
num_leaves=8
num_cat=0
split_feature=0 11 16 6 6 10 14
split_gain=0.599928 0.509124 0.578964 0.561717 0.740819 0.415864 1.11193
threshold=0.041430549503263754 0.02306163879140322 0.036826810136926132 1.1648565517426084 0.80984942267318738 0.000540884636322292 -0.022573745611405568
decision_type=2 2 2 2 2 2 2
left_child=1 2 3 4 5 -1 -7
right_child=-2 -3 -4 -5 -6 6 -8
leaf_value=9.5683368985182576e-05 -0.0002624330408661603 0.00012234593029370971 -0.00015514820555635975 0.00024174312534141216 -0.00021060289064983034 7.7542494187022126e-05 -0.00015862478364044993
leaf_weight=254 29 87 41 72 31 129 94
leaf_count=254 29 87 41 72 31 129 94
internal_value=-2.03526e-05 0.000268362 -0.000233494 0.000172414 -0.000413386 7.33754e-05 -0.00150224
internal_weight=737 708 621 580 508 477 223
internal_count=737 708 621 580 508 477 223
is_linear=0
shrinkage=0.05


Tree=6
num_leaves=8
num_cat=0
split_feature=0 0 0 8 14 6 9
split_gain=0.563329 0.474161 0.807266 0.967602 0.40603 0.47619 0.472468
threshold=0.041430549503263754 0.01134788254880459 0.0071242380028200278 0.075256499785221656 -0.027760594315615391 1.3349523668687886 -0.011888722005774453
decision_type=2 2 2 8 2 2 10
left_child=1 2 4 -4 -1 6 -6
right_child=-2 -3 3 -5 5 -7 -8
leaf_value=0.0001075197047583349 -0.00018392575405134321 0.00012807080807493743 1.4175645660463155e-05 -0.00059438975533045656 -8.0244496113550943e-05 0.00025866408771951571 7.4424734591304226e-06
leaf_weight=114 31 154 44 25 113 40 225
leaf_count=114 31 154 44 25 113 40 225
internal_value=0.000308311 0.000594406 -8.02137e-05 -0.00514493 0.000630081 -0.00015873 -0.000769231
internal_weight=746 715 561 69 492 378 338
internal_count=746 715 561 69 492 378 338
is_linear=0
shrinkage=0.05


Tree=7
num_leaves=8
num_cat=0
split_feature=9 15 1 8 5 4 2
split_gain=0.840231 0.780156 0.862353 1.09334 0.382578 0.862946 0.569689
threshold=0.66280863306953874 0.0021699647082250588 -0.011315778182504175 0.060925374055780253 0.016658863044867689 0.039216489764068864 -0.010638305110033606
decision_type=8 2 2 10 2 2 2
left_child=4 -2 -3 -4 -1 6 -6
right_child=1 2 3 -5 5 -7 -8
leaf_value=8.2112010173809958e-05 4.9805953963371718e-05 -0.00023942341295356964 6.6017251269075006e-05 -0.0010640313768342637 9.3485026030997917e-05 0.00012746038319319796 -0.00028118015405081167
leaf_weight=377 107 31 41 30 28 74 57
leaf_count=377 107 31 41 30 28 74 57
internal_value=3.35572e-05 -0.0026555 -0.00578431 -0.00274648 0.00108209 -0.000974843 -0.00441176
internal_weight=745 209 102 71 536 159 85
internal_count=745 209 102 71 536 159 85
is_linear=0
shrinkage=0.05


Tree=8
num_leaves=8
num_cat=0
split_feature=9 11 11 2 9 15 6
split_gain=0.780824 0.418169 0.48044 1.21753 0.421648 0.420503 0.399808
threshold=0.66280863306953874 0.028626427066600128 0.020333074859658965 0.040086681549769139 0.035772923701470345 0.014478482496767088 0.85817728599159782
decision_type=10 2 2 2 10 2 2
left_child=1 2 4 -4 5 6 -1
right_child=-2 -3 3 -5 -6 -7 -8
leaf_value=-6.7250142947446721e-05 -0.00031877760799165546 0.00013828513858337127 0.00011283842400159372 -0.00068808612368894686 0.00010468302075163523 -0.00017912176349104696 0.00021529899262306545
leaf_weight=175 39 53 28 27 378 31 33
leaf_count=175 39 53 28 27 378 31 33
internal_value=0.000353403 0.000724138 0.000386905 -0.00409091 0.000786062 -0.00085774 -4.80767e-05
internal_weight=764 725 672 55 617 239 208
internal_count=764 725 672 55 617 239 208
is_linear=0
shrinkage=0.05


Tree=9
num_leaves=8
num_cat=0
split_feature=9 15 10 8 4 6 6
split_gain=0.59855 0.734694 0.952458 1.12603 0.310977 0.354079 0.388124
threshold=0.66280863306953874 0.0021699647082250588 0.0087442389326247722 0.060925374055780253 0.015845544952721936 1.3349523668687886 0.27496012994822011
decision_type=8 2 2 10 2 2 2
left_child=4 -2 3 -3 -1 6 -6
right_child=1 2 -4 -5 5 -7 -8
leaf_value=-0.0001193436562278015 7.6205315665343263e-05 -9.3608513917370535e-05 6.8019471294696263e-05 -0.0012216871568252014 7.0594616064682702e-05 0.00023676157091487814 -3.5698820353514234e-05
leaf_weight=44 98 41 32 25 349 61 94
leaf_count=44 98 41 32 25 349 61 94
internal_value=0.000228495 -0.00214286 -0.00520408 -0.00863636 0.00107664 0.00142857 0.000936795
internal_weight=744 196 98 66 548 504 443
internal_count=744 196 98 66 548 504 443
is_linear=0
shrinkage=0.05


Tree=10
num_leaves=8
num_cat=0
split_feature=1 4 3 6 12 1 9
split_gain=0.376084 0.450611 0.82347 0.735487 0.452525 0.445602 0.411977
threshold=0.093482174058414427 0.017654031100952882 0.00134811608651797 0.25394630416287395 0.033234518551448107 -0.065927405381982038 0.37703077275248192
decision_type=2 2 2 2 2 2 8
left_child=1 2 3 -1 -4 -3 -7
right_child=-2 5 4 -5 -6 6 -8
leaf_value=0.00010770506370228115 -0.00035332853797261142 -0.00056420455632814448 -0.00013509054967539465 -3.0330781182759382e-05 -2.1157603523345593e-06 0.00010200204530842019 6.1609521234772294e-06
leaf_weight=65 44 32 33 29 30 306 210
leaf_count=65 44 32 33 29 30 306 210
internal_value=0.000393859 0.000673759 -0.0016879 0.0012766 -0.00611111 0.00135037 0.00170543
internal_weight=749 705 157 94 63 548 516
internal_count=749 705 157 94 63 548 516
is_linear=0
shrinkage=0.05


Tree=11
num_leaves=8
num_cat=0
split_feature=9 8 8 11 14 0 0
split_gain=0.343914 0.533082 0.5 0.487201 0.329281 0.408351 0.619447
threshold=0.66280863306953874 0.060925374055780253 0.23355613121418542 -0.014003524534926202 -0.060408912479391223 -0.0043830218947556445 -0.0022425271658438324
decision_type=8 10 10 2 2 2 2
left_child=4 3 -3 -2 -1 -6 -7
right_child=1 2 -4 -5 5 6 -8
leaf_value=0.0001002326445509296 -0.00015382314054947688 -0.00068832459745450593 7.933258527249577e-05 1.9990425781794713e-05 0.00012856961347047601 -0.00014678344765454038 5.309843022260372e-06
leaf_weight=83 27 25 25 122 169 27 269
leaf_count=83 27 25 25 122 169 27 269
internal_value=0.000247657 -0.00153266 -0.006 -3.35569e-05 0.000894161 0.000376344 -0.000743243
internal_weight=747 199 50 149 548 465 296
internal_count=747 199 50 149 548 465 296
is_linear=0
shrinkage=0.05


Tree=12
num_leaves=8
num_cat=0
split_feature=3 4 5 10 10 16 9
split_gain=0.55715 1.37296 0.92298 0.632373 0.961538 0.48733 0.377868
threshold=0.0016591595213699686 0.016063097649025183 0.016575900030521094 0.0055838034920830957 0.0004408774644957259 -0.022199295756145373 0.17296599506037072
decision_type=2 2 2 2 2 2 8
left_child=6 -2 5 4 -4 -3 -1
right_child=1 2 3 -5 -6 -7 -8
leaf_value=-6.3453422001888136e-06 -0.00014048141209947621 -0.0001900897235764438 -0.0001389352111586877 5.5775925868769728e-05 -0.00070732813658250953 9.5685679108564172e-05 0.0001238256941905976
leaf_weight=138 30 25 40 44 25 177 255
leaf_count=138 30 25 40 44 25 177 255
internal_value=2.72481e-05 -0.00145161 -0.000466238 -0.00417431 -0.00730769 0.00153465 0.00131043
internal_weight=734 341 311 109 65 202 393
internal_count=734 341 311 109 65 202 393
is_linear=0
shrinkage=0.05


Tree=13
num_leaves=8
num_cat=0
split_feature=16 13 12 5 1 2 3
split_gain=0.392947 0.435597 0.370796 0.399249 1.01367 0.478673 0.450033
threshold=0.054748975145843322 22.730000495910648 -0.017790302697979262 0.011696157387536023 0.026646592780760984 -0.049913189995405442 -0.007044251557387359
decision_type=2 2 2 2 2 2 2
left_child=1 2 -1 4 6 -5 -4
right_child=-2 -3 3 5 -6 -7 -8
leaf_value=0.00010246376803965532 0.00015305163360919158 -0.00044147261307281543 -7.610191451479501e-05 -7.973843907679451e-05 -3.3435875385129409e-05 8.0125962090804142e-05 7.0545199928168269e-05
leaf_weight=76 42 61 27 37 34 332 136
leaf_count=76 42 61 27 37 34 332 136
internal_value=0.000302014 2.13373e-05 0.000404985 -3.53355e-05 -0.00185279 0.00093496 -0.000214724
internal_weight=745 703 642 566 197 369 163
internal_count=745 703 642 566 197 369 163
is_linear=0
shrinkage=0.05


Tree=14
num_leaves=8
num_cat=0
split_feature=6 6 1 0 15 15 11
split_gain=0.309444 0.4415 0.391653 0.324175 0.914162 0.625129 0.774938
threshold=1.3349523668687886 0.85045163860989126 0.061923379876174252 -0.0081898648421446767 0.0024147236971868717 0.0032469475414346198 0.003813504719322514
decision_type=2 2 2 2 2 2 2
left_child=1 3 -2 4 -1 -5 -7
right_child=2 -3 -4 5 -6 6 -8
leaf_value=0.00014073335233254474 0.00022179654302318161 -0.00013551047774173165 -3.6066636254424898e-06 -5.2102774305275561e-05 -8.4310532251192363e-05 -0.00013403262202141115 0.00010530300691366183
leaf_weight=123 61 44 28 199 26 82 156
leaf_count=123 61 44 28 199 26 82 156
internal_value=-6.95392e-06 -0.000396825 0.00275281 -3.41295e-05 0.00197987 -0.000720824 0.0010084
internal_weight=719 630 89 586 149 437 238
internal_count=719 630 89 586 149 437 238
is_linear=0
shrinkage=0.05


Tree=15
num_leaves=8
num_cat=0
split_feature=8 11 14 10 7 8 14
split_gain=0.555537 0.358289 0.375759 0.553411 0.764771 0.866667 0.695437
threshold=0.29564225394448268 0.028626427066600128 -0.041810588725082691 0.00057749123294836846 0.060781188649557068 0.090340821557117548 0.035115678917499234
decision_type=8 2 2 2 2 10 2
left_child=1 2 -1 6 5 -5 -4
right_child=-2 -3 3 4 -6 -7 -8
leaf_value=7.0084886382036076e-05 -0.00021154810233882092 8.4655327859482166e-05 0.00010164931229384993 -4.6063804681731264e-05 0.00035264954639342965 -0.00073315323486854937 -6.4795875143457883e-05
leaf_weight=140 44 62 161 130 28 26 152
leaf_count=140 44 62 161 130 28 26 152
internal_value=0.000222073 0.000565093 0.000211931 -0.000432595 -0.0026087 -0.00397436 0.000846646
internal_weight=743 699 637 497 184 156 313
internal_count=743 699 637 497 184 156 313
is_linear=0
shrinkage=0.05


Tree=16
num_leaves=8
num_cat=0
split_feature=2 15 0 7 7 15 14
split_gain=0.521424 0.427405 0.545541 0.442616 0.569622 0.587619 0.517915
threshold=0.21443423703383216 -0.019346252250829695 -0.0081898648421446767 0.0079188150260657304 -0.0017393073894663156 0.014355833855017821 0.028971532531295811
decision_type=2 2 2 2 2 2 2
left_child=1 -1 -3 4 5 -4 -5
right_child=-2 2 3 6 -6 -7 -8
leaf_value=-0.00014227302832993369 -6.7729526501515862e-05 0.00012853034603888216 4.3074252832790241e-05 6.3754332351796271e-05 -0.00016255112781635736 -0.00012396593091136101 -5.0307512789636482e-05
leaf_weight=52 46 135 125 277 43 31 48
leaf_count=52 46 135 125 277 43 31 48
internal_value=0.000376486 0.000710267 0.00105463 0.000324428 -0.00153266 -0.000128205 0.00146154
internal_weight=757 711 659 524 199 156 325
internal_count=757 711 659 524 199 156 325
is_linear=0
shrinkage=0.05


Tree=17
num_leaves=8
num_cat=0
split_feature=4 15 1 12 3 3 15
split_gain=0.723262 0.780537 0.546432 0.413688 0.381799 0.372587 1.0247
threshold=0.015722286526900508 0.0031181041301072692 -0.060439417950824074 0.048152369041769456 0.0039956735702653132 0.0032682213732903036 0.0056927353473279494
decision_type=2 2 2 2 2 2 2
left_child=1 -1 -2 5 -5 -4 -7
right_child=2 -3 3 4 -6 6 -8
leaf_value=8.371035439504373e-05 -0.00046264061209560391 -0.00014981222324021173 9.4131339443331364e-05 -0.00016270552719336489 6.2285664356618632e-05 -0.00012163718325248338 8.3021625233635322e-05
leaf_weight=27 35 29 358 61 38 103 95
leaf_count=27 35 29 358 61 38 103 95
internal_value=0.000643432 -0.00482143 0.00108696 0.00141221 -0.00156566 0.00194245 0.00020202
internal_weight=746 56 690 655 99 556 198
internal_count=746 56 690 655 99 556 198
is_linear=0
shrinkage=0.05


Tree=18
num_leaves=8
num_cat=0
split_feature=1 1 3 3 1 10 14
split_gain=0.434706 0.641089 0.645918 0.629604 0.607979 0.471718 1.679
threshold=0.0093618835607710577 0.0043175595102420425 0.0077159917479149307 0.01308820922299281 -0.060439417950824074 -0.00010103151992763014 -0.015515001009757
decision_type=2 2 2 2 2 2 2
left_child=1 2 4 -4 -1 -6 -7
right_child=-2 -3 3 -5 5 6 -8
leaf_value=-0.00049758926729065835 4.218879598327873e-05 -8.6651394523273162e-05 -0.00012162082572355139 4.1022841537621443e-05 8.7293711846298818e-05 0.00020710389305397567 -0.0001423407155059574
leaf_weight=26 361 43 25 29 150 75 44
leaf_count=26 361 43 25 29 150 75 44
internal_value=0.000285525 -0.000867347 -0.000157593 -0.00518518 0.000762712 0.0014684 -0.000882353
internal_weight=753 392 349 54 295 269 119
internal_count=753 392 349 54 295 269 119
is_linear=0
shrinkage=0.05


Tree=19
num_leaves=8
num_cat=0
split_feature=9 14 1 1 10 8 12
split_gain=0.383775 0.838551 0.546222 0.789783 0.539299 0.98 0.51893
threshold=0.68253198180785557 -0.058539441914538297 0.0089750763642552096 -0.004270288262854304 -0.00045040499871334955 0.06009153800738299 -0.017790302697979262
decision_type=8 2 2 2 2 10 2
left_child=2 -2 3 -1 -5 -6 -3
right_child=1 6 -4 4 5 -7 -8
leaf_value=4.2085150543994433e-05 -0.00027434348809991159 0.00021186944398175877 6.8972950428151047e-05 0.00012394553450711395 -0.00030280014332334992 4.3413243149729747e-05 -3.9907191806997174e-05
leaf_weight=182 27 36 279 32 25 25 133
leaf_count=182 27 36 279 32 25 25 133
internal_value=0.00026387 -0.00163265 0.000948435 -0.000681818 -0.0047561 -0.008 -0.000325444
internal_weight=739 196 543 264 82 50 169
internal_count=739 196 543 264 82 50 169
is_linear=0
shrinkage=0.05


Tree=20
num_leaves=8
num_cat=0
split_feature=13 13 9 0 0 14 14
split_gain=0.35141 0.552681 0.344728 0.682012 1.29388 0.672498 0.756366
threshold=22.730000495910648 24.695000648498539 0.28078554603256228 0.010113446927424887 0.0062772038648615256 -0.001242221342315941 -0.037374592254897913
decision_type=2 2 8 2 2 2 2
left_child=2 -2 -1 4 5 6 -4
right_child=1 -3 3 -5 -6 -7 -8
leaf_value=5.6294918574411142e-05 -0.00043256792366863319 0.00014606351105150197 8.0090569138586208e-05 0.00014139235189028734 -0.00042973493727454224 9.101729587571416e-05 -0.00019396745183604503
leaf_weight=355 25 43 33 99 30 115 51
leaf_count=355 25 43 33 99 30 115 51
internal_value=0.000339547 -0.00308824 0.00068082 -0.000487805 -0.0019869 -0.000527638 -0.00392857
internal_weight=751 68 683 328 229 199 84
internal_count=751 68 683 328 229 199 84
is_linear=0
shrinkage=0.05


Tree=21
num_leaves=8
num_cat=0
split_feature=0 14 14 14 2 8 13
split_gain=0.371942 0.38483 0.462287 0.478444 0.528469 1.30801 0.454589
threshold=0.041430549503263754 -0.037374592254897913 -0.0059106162699663059 0.035115678917499234 -0.014470030842438751 0.02663833422676876 21.134999275207523
decision_type=2 2 2 2 2 8 2
left_child=1 6 -3 -4 -5 -6 -1
right_child=-2 2 3 4 5 -7 -8
leaf_value=9.6175555115886465e-05 -0.00015154571232788857 -6.9247580804504883e-05 0.00010240607939634372 0.00011225984633075641 -9.4318678076967108e-05 1.8348977998648237e-05 -0.00026331397915415266
leaf_weight=157 30 167 182 66 25 89 32
leaf_count=157 30 167 182 66 25 89 32
internal_value=0.000454546 0.000682451 -9.45161e-06 0.000994475 -0.000833333 -0.00289474 0.00261905
internal_weight=748 718 529 362 180 114 189
internal_count=748 718 529 362 180 114 189
is_linear=0
shrinkage=0.05


Tree=22
num_leaves=8
num_cat=0
split_feature=9 15 11 1 4 7 5
split_gain=0.624358 0.825029 1.16951 0.458452 0.506349 0.453133 0.402992
threshold=0.66280863306953874 0.0021699647082250588 -0.00146085777352406 0.0089750763642552096 0.016608212535070725 -0.0054721375317907653 0.015961830758312735
decision_type=8 2 2 2 2 2 2
left_child=3 -2 -3 4 -1 -4 -6
right_child=1 2 5 -5 6 -7 -8
leaf_value=-9.1002264565451937e-05 5.7694073272655162e-05 -0.00029607344344613728 9.9449707769022131e-05 5.1886575661214942e-05 7.9081396071596307e-05 -0.0001080388568050645 -0.00017548926827406523
leaf_weight=30 105 25 25 283 134 43 97
leaf_count=30 105 25 25 283 134 43 97
internal_value=8.08627e-05 -0.00232323 -0.00575269 0.000955883 -0.000555555 -0.00235294 0.000238095
internal_weight=742 198 93 544 261 68 231
internal_count=742 198 93 544 261 68 231
is_linear=0
shrinkage=0.05


Tree=23
num_leaves=8
num_cat=0
split_feature=4 12 3 14 6 9 14
split_gain=0.564516 0.934045 0.735161 0.430402 0.712954 0.547825 0.47237
threshold=0.016177172001923656 0.03636735585279683 -1.0000000180025095e-35 0.076607678117126224 0.27496012994822011 0.68253198180785557 -0.0070547548707520216
decision_type=2 2 2 2 2 8 2
left_child=1 2 -1 5 -5 -2 -7
right_child=3 -3 -4 4 -6 6 -8
leaf_value=4.3403323106253226e-07 6.6749758150788332e-05 8.2670668543453039e-05 -0.00011309374198910107 3.9595796924869834e-05 -0.00039355618209617368 -0.00012036356593859953 8.5879423665191764e-05
leaf_weight=32 419 25 29 63 30 83 70
leaf_count=32 419 25 29 63 30 83 70
internal_value=0.000672437 -0.00313953 -0.00647541 0.00116541 -0.00198925 0.00167832 -0.000882353
internal_weight=751 86 61 665 93 572 153
internal_count=751 86 61 665 93 572 153
is_linear=0
shrinkage=0.05


Tree=24
num_leaves=8
num_cat=0
split_feature=4 3 1 16 11 10 8
split_gain=0.446801 0.897449 0.51007 0.299543 0.336747 0.428755 0.735258
threshold=0.016063097649025183 0.0018964782339060406 -0.060439417950824074 -0.035276303589539919 -0.0071962553700703471 0.002139856175938371 0.0039639547453809163
decision_type=2 2 2 2 2 2 8
left_child=1 -1 -2 -4 -5 6 -6
right_child=2 -3 3 4 5 -7 -8
leaf_value=6.6529663783457087e-05 -0.000371663048856742 -9.3799779023734533e-05 -6.3120237081232012e-05 0.00018873212080433607 -8.857594121867037e-05 3.2150243633463266e-05 7.0412357989330729e-06
leaf_weight=44 36 31 47 93 59 253 186
leaf_count=44 36 31 47 93 59 253 186
internal_value=0.000660881 -0.003 0.00106825 0.00139498 0.00170051 0.00118474 -0.000306122
internal_weight=749 75 674 638 591 498 245
internal_count=749 75 674 638 591 498 245
is_linear=0
shrinkage=0.05


Tree=25
num_leaves=8
num_cat=0
split_feature=6 6 1 13 0 15 15
split_gain=0.435973 0.643292 0.445157 0.6885 0.589252 0.808403 0.545994
threshold=1.2051703591787002 0.80984942267318738 -0.0097749796873907151 14.465000152587892 -0.0046099919443675632 0.0012677310499032981 -0.00094955178852162969
decision_type=2 2 2 2 2 2 2
left_child=1 2 6 4 -4 -6 -1
right_child=-2 -3 3 -5 5 -7 -8
leaf_value=6.7201131290192215e-05 9.0711505473109854e-05 -0.00027311329016973385 0.00015263631345713259 5.8126600881933808e-05 -5.9518391495952188e-05 9.4678513149427585e-07 -6.6184083677995009e-05
leaf_weight=106 107 48 25 284 29 57 101
leaf_count=106 107 48 25 284 29 57 101
internal_value=0.000640687 0.000153846 0.000598007 0.00158228 -0.00175676 -0.00372093 -0.00128019
internal_weight=757 650 602 395 111 86 207
internal_count=757 650 602 395 111 86 207
is_linear=0
shrinkage=0.05


Tree=26
num_leaves=8
num_cat=0
split_feature=5 7 1 14 13 15 9
split_gain=0.723625 0.769838 0.414432 0.475943 0.367237 0.384207 0.317919
threshold=0.0093656143185533152 -0.010432558514319677 -0.060439417950824074 -0.05212825080923577 18.335000038146976 -0.013461365794214917 0.20958070551789013
decision_type=2 2 2 2 2 2 8
left_child=1 -1 -2 -4 5 -5 -7
right_child=2 -3 3 4 -6 6 -8
leaf_value=0.00011010097867457884 -0.00034115713806296609 -6.6279113294937851e-05 6.6511389565923818e-05 0.00011891203491303522 7.7443967136956278e-05 4.114616568934207e-05 -6.9706945986234428e-05
leaf_weight=25 37 28 123 29 153 143 199
leaf_count=25 37 28 123 29 153 143 199
internal_value=0.000251018 -0.00537736 0.000687135 0.000981453 0.000324428 -0.000525606 -0.000994152
internal_weight=737 53 684 647 524 371 342
internal_count=737 53 684 647 524 371 342
is_linear=0
shrinkage=0.05


Tree=27
num_leaves=8
num_cat=0
split_feature=14 11 11 5 3 10 14
split_gain=0.411458 0.493605 0.905516 0.912276 0.473653 0.760747 0.374026
threshold=-0.037374592254897913 -0.0071962553700703471 -0.00146085777352406 0.012291201036805963 0.0077159917479149307 0.0091157709324108955 -0.026973540467474796
decision_type=2 2 2 2 2 2 2
left_child=4 -2 3 -3 -1 -6 -4
right_child=1 2 6 -5 5 -7 -8
leaf_value=0.00010523503331830915 8.6816888664652814e-05 -4.0151594458486129e-06 -0.00014270519693752412 -0.00020337845533137118 -0.00021114695805258445 2.7869651083631244e-05 3.0334507173924648e-06
leaf_weight=128 146 34 35 31 29 38 308
leaf_count=128 146 34 35 31 29 38 308
internal_value=0.000460614 -0.000234657 -0.00112745 -0.00653846 0.0024359 -0.000970149 -0.000102041
internal_weight=749 554 408 65 195 67 343
internal_count=749 554 408 65 195 67 343
is_linear=0
shrinkage=0.05


end of trees

feature_importances:
vix_chg_1d=21
dist_ma200=19
dvol_z_20=18
ret_1d=17
ret_5d=17
overnight_gap=13
dist_ma50=13
sector_ret_1d=13
atr_pct=11
spy_ret_5d=10
dist_ma20=9
spy_ret_1d=9
parkinson_20=6
vix_level=6
ret_20d=5
spy_ret_20d=5
sector_ret_5d=4

parameters:
[boosting: gbdt]
[objective: quantile]
[metric: quantile]
[tree_learner: serial]
[device_type: cpu]
[data_sample_strategy: bagging]
[data: ]
[valid: ]
[num_iterations: 80]
[learning_rate: 0.05]
[num_leaves: 8]
[num_threads: 1]
[seed: 0]
[deterministic: 0]
[force_col_wise: 1]
[force_row_wise: 0]
[histogram_pool_size: -1]
[max_depth: -1]
[min_data_in_leaf: 25]
[min_sum_hessian_in_leaf: 0.001]
[bagging_fraction: 0.9]
[pos_bagging_fraction: 1]
[neg_bagging_fraction: 1]
[bagging_freq: 1]
[bagging_seed: 3]
[bagging_by_query: 0]
[feature_fraction: 0.9]
[feature_fraction_bynode: 1]
[feature_fraction_seed: 2]
[extra_trees: 0]
[extra_seed: 6]
[early_stopping_round: 0]
[early_stopping_min_delta: 0]
[first_metric_only: 0]
[max_delta_step: 0]
[lambda_l1: 0]
[lambda_l2: 0]
[linear_lambda: 0]
[min_gain_to_split: 0]
[drop_rate: 0.1]
[max_drop: 50]
[skip_drop: 0.5]
[xgboost_dart_mode: 0]
[uniform_drop: 0]
[drop_seed: 4]
[top_rate: 0.2]
[other_rate: 0.1]
[min_data_per_group: 100]
[max_cat_threshold: 32]
[cat_l2: 10]
[cat_smooth: 10]
[max_cat_to_onehot: 4]
[top_k: 20]
[monotone_constraints: ]
[monotone_constraints_method: basic]
[monotone_penalty: 0]
[feature_contri: ]
[forcedsplits_filename: ]
[refit_decay_rate: 0.9]
[cegb_tradeoff: 1]
[cegb_penalty_split: 0]
[cegb_penalty_feature_lazy: ]
[cegb_penalty_feature_coupled: ]
[path_smooth: 0]
[interaction_constraints: ]
[verbosity: -1]
[saved_feature_importance_type: 0]
[use_quantized_grad: 0]
[num_grad_quant_bins: 4]
[quant_train_renew_leaf: 0]
[stochastic_rounding: 1]
[linear_tree: 0]
[max_bin: 255]
[max_bin_by_feature: ]
[min_data_in_bin: 3]
[bin_construct_sample_cnt: 200000]
[data_random_seed: 1]
[is_enable_sparse: 1]
[enable_bundle: 1]
[use_missing: 1]
[zero_as_missing: 0]
[feature_pre_filter: 1]
[pre_partition: 0]
[two_round: 0]
[header: 0]
[label_column: ]
[weight_column: ]
[group_column: ]
[ignore_column: ]
[categorical_feature: ]
[forcedbins_filename: ]
[precise_float_parser: 0]
[parser_config_file: ]
[objective_seed: 5]
[num_class: 1]
[is_unbalance: 0]
[scale_pos_weight: 1]
[sigmoid: 1]
[boost_from_average: 1]
[reg_sqrt: 0]
[alpha: 0.1]
[fair_c: 1]
[poisson_max_delta_step: 0.7]
[tweedie_variance_power: 1.5]
[lambdarank_truncation_level: 30]
[lambdarank_norm: 1]
[label_gain: ]
[lambdarank_position_bias_regularization: 0]
[eval_at: ]
[multi_error_top_k: 1]
[auc_mu_weights: ]
[num_machines: 1]
[local_listen_port: 12400]
[time_out: 120]
[machine_list_filename: ]
[machines: ]
[gpu_platform_id: -1]
[gpu_device_id: -1]
[gpu_device_id_list: ]
[gpu_use_dp: 0]
[num_gpu: 1]

end of parameters

pandas_categorical:[]
