tree
version=v4
num_class=1
num_tree_per_iteration=1
label_index=0
max_feature_idx=16
objective=quantile
feature_names=ret_1d ret_5d ret_20d overnight_gap atr_pct parkinson_20 dvol_z_20 dist_ma20 dist_ma50 dist_ma200 spy_ret_1d spy_ret_5d spy_ret_20d vix_level vix_chg_1d sector_ret_1d sector_ret_5d
feature_infos=[-0.19367685172839888:0.17182427919898369] [-0.23173625458073577:0.20380317956044314] [-0.24703344762031565:0.18720972957217596] [-0.21994024115497302:0.14158548463690845] [0.014526198805807059:0.051740342234897589] [0.0092010503232871389:0.027165827770007651] [-2.0892584366476212:4.1844292798777829] [-0.21443044922055987:0.14784393343052793] [-0.20317221434042199:0.19215532276724279] [-0.2718253753254215:0.30052688681772177] [-0.058542971330535654:0.10501930183911301] [-0.11496151859245618:0.082843162776128354] [-0.1226559005192206:0.15756591020035837] [11.859999656677246:52.330001831054688] [-0.35753873962348437:0.74039073966007019] [-0.062590328153952823:0.087383947576493481] [-0.13939752008440254:0.088326450578892102]
tree_sizes=823 851 854 861 861 865 861 866 860 857 864 862 860 867 863 863 866 862 867 867 863 865 866 868 863 861 879 870 873 851 866 863

Tree=0
num_leaves=8
num_cat=0
split_feature=13 6 5 3 9 14 13
split_gain=2.98626 1.29914 1.00722 2.65757 0.660845 0.543755 0.626613
threshold=25.505000114440922 0.61577716739129673 0.015256541104692897 0.00048509957561526656 0.081903639976826051 -0.071225645536492452 13.59500026702881
decision_type=2 2 2 2 10 2 2
left_child=1 4 -3 -4 5 -1 -7
right_child=-2 2 3 -5 -6 6 -8
leaf_value=0.026297323556606945 0.027110409669332557 0.026028133374577454 0.027532266858858456 0.025840199063681447 0.025748352532486453 0.026168369551642347 0.025823488123103467
leaf_weight=41 29 77 25 28 142 59 345
leaf_count=41 29 77 25 28 142 59 345
internal_value=0.0260024 0.0253662 0.0298888 0.0351936 0.0243646 0.0253123 0.0247555
internal_weight=746 717 130 53 587 445 404
internal_count=746 717 130 53 587 445 404
is_linear=0
shrinkage=1


Tree=1
num_leaves=8
num_cat=0
split_feature=13 10 9 9 13 12 0
split_gain=2.31067 1.18046 1.19773 0.593946 0.564722 1.48697 1.22549
threshold=25.505000114440922 0.010083294918881049 0.011705443719957966 0.11061838505382139 15.654999732971193 0.02697009064661449 -0.0040590894934701685
decision_type=2 2 8 10 2 2 2
left_child=1 3 -3 4 5 6 -1
right_child=-2 2 -4 -5 -6 -7 -8
leaf_value=0.00072312828788277097 0.00088047956307808935 0.0009636380220652117 1.0607625722065503e-05 -0.00033681492606163661 -0.00020726334660480466 -0.00016948063811224364 2.298815666832615e-05
leaf_weight=34 33 26 50 123 301 115 51
leaf_count=34 33 26 50 123 301 115 51
internal_value=0.000252386 -0.000357144 0.00552631 -0.00107372 -0.000309382 0.00175 0.0067647
internal_weight=733 700 76 624 501 200 85
internal_count=733 700 76 624 501 200 85
is_linear=0
shrinkage=0.05


Tree=2
num_leaves=8
num_cat=0
split_feature=13 1 0 12 6 5 13
split_gain=1.99466 0.973464 1.15054 0.804567 0.691548 1.05389 0.481981
threshold=26.494999885559086 -0.033901128735947243 0.0044337940929847228 0.023603379375990999 0.80503074896873772 0.013419371664812696 13.59500026702881
decision_type=2 2 2 2 2 2 2
left_child=1 2 3 -1 6 -6 -3
right_child=-2 4 -4 -5 5 -7 -8
leaf_value=-0.00026172420646274731 0.00065531002670758502 2.4611499030637152e-05 0.00052344725568242512 0.00062684103346567549 -8.3533892778638724e-05 0.00059524741255937569 -0.00023576546989710818
leaf_weight=59 28 90 25 27 44 41 431
leaf_count=59 28 90 25 27 44 41 431
internal_value=-0.000234901 -0.000746166 0.00355856 0.000813952 -0.00153465 0.00264706 -0.00221689
internal_weight=745 717 111 86 606 85 521
internal_count=745 717 111 86 606 85 521
is_linear=0
shrinkage=0.05


Tree=3
num_leaves=8
num_cat=0
split_feature=13 1 11 16 13 12 4
split_gain=2.34704 0.750578 0.585281 0.615393 0.521827 1.67184 0.428651
threshold=25.505000114440922 -0.033901128735947243 -0.011292664141508811 -0.0080594906714642738 13.59500026702881 0.02719353000997338 0.022939725162361074
decision_type=2 2 2 2 2 2 2
left_child=1 2 -1 -4 5 -3 -6
right_child=-2 4 3 -5 6 -7 -8
leaf_value=0.00073559366862780209 0.00078623003044911053 0.00087432325834758463 -0.00039715240765257815 0.00031170313661819861 -0.00024631676589403488 -0.00011245224837239459 -7.7445309310354701e-05
leaf_weight=28 34 25 38 39 269 79 225
leaf_count=28 34 25 38 39 269 79 225
internal_value=-0.000183176 -0.0008037 0.00309524 0.000844155 -0.0014883 0.00173077 -0.00216599
internal_weight=737 703 105 77 598 104 494
internal_count=737 703 105 77 598 104 494
is_linear=0
shrinkage=0.05


Tree=4
num_leaves=8
num_cat=0
split_feature=13 6 5 3 8 15 16
split_gain=1.35752 1.1615 0.991862 1.85124 0.651878 0.53912 1.0108
threshold=25.505000114440922 0.46408550399660198 0.015177751321053362 -1.0000000180025095e-35 0.022830745362912967 -0.0020222582488723102 0.017585253060390386
decision_type=2 2 2 2 8 2 2
left_child=1 4 -3 -4 5 -1 -7
right_child=-2 2 3 -5 -6 6 -8
leaf_value=-0.00021668428770135894 0.00090744323978690926 7.7484707172481183e-05 0.0010995570105432975 -0.00015994453523565517 -0.00028434983435051764 0.00024013663068529206 -0.0003421480296792994
leaf_weight=130 29 97 29 31 225 134 68
leaf_count=130 29 97 29 31 225 134 68
internal_value=-8.74844e-05 -0.000518208 0.00328025 0.00833333 -0.00158887 -0.000180724 0.00143564
internal_weight=743 714 157 60 557 332 202
internal_count=743 714 157 60 557 332 202
is_linear=0
shrinkage=0.05


Tree=5
num_leaves=8
num_cat=0
split_feature=6 5 9 8 5 11 3
split_gain=1.05416 1.12869 0.758021 0.503739 0.692147 0.623568 1.38283
threshold=0.61577716739129673 0.018329137947337523 -0.064151297884183209 0.022830745362912967 0.012706283255308809 0.0090107583304430711 -0.0022701568429731585
decision_type=2 2 10 10 2 2 2
left_child=3 2 -2 4 -1 6 -6
right_child=1 -3 -4 -5 5 -7 -8
leaf_value=-0.00026203230816735854 -7.7455192028480149e-05 0.0012445417946533393 0.00050601465117985434 -0.00031212268191618868 -0.00020098770810760737 -4.4132717757733928e-05 0.00034547654014865052
leaf_weight=115 68 25 44 201 66 114 99
leaf_count=115 68 25 44 201 66 114 99
internal_value=-0.00056011 0.00339416 0.00125 -0.00147059 -0.000431473 0.000913977 0.00287879
internal_weight=732 137 112 595 394 279 165
internal_count=732 137 112 595 394 279 165
is_linear=0
shrinkage=0.05


Tree=6
num_leaves=8
num_cat=0
split_feature=6 8 11 4 13 16 16
split_gain=0.701189 0.811665 0.644609 0.984413 0.612005 0.643434 0.813127
threshold=0.61577716739129673 0.021627665669934352 -0.011576467999656779 0.027212172712949383 15.654999732971193 0.017113083761229778 -0.0090150074073047631
decision_type=2 10 2 2 2 2 2
left_child=1 2 3 -1 5 6 -4
right_child=-2 -3 4 -5 -6 -7 -8
leaf_value=-0.00022434806969645773 0.00033705255524686494 -0.00028565977004126243 -0.00011750620271832788 0.0005542223251684855 -0.00022243008286710049 -0.00015244844874053365 0.00059834085152931705
leaf_weight=47 142 208 28 32 205 45 37
leaf_count=47 142 208 28 32 205 45 37
internal_value=-0.00076613 -0.00151163 -0.000177666 0.00386076 -0.00119048 0.00181818 0.005
internal_weight=744 602 394 79 315 110 65
internal_count=744 602 394 79 315 110 65
is_linear=0
shrinkage=0.05


Tree=7
num_leaves=8
num_cat=0
split_feature=1 1 8 11 10 10 3
split_gain=0.899252 1.47334 1.91115 0.740843 0.900577 0.490751 0.325799
threshold=-0.033901128735947243 -0.053028644989055455 -0.01342481562505121 0.027231962502118127 0.0048530643765671852 0.011869721142281022 -0.0033825636559153267
decision_type=2 2 8 2 2 2 2
left_child=1 -1 -3 5 -5 6 -2
right_child=3 2 -4 4 -6 -7 -8
leaf_value=-6.8903068585297951e-05 -0.00023603441873969877 0.00054296439820373935 -0.00011335999750393719 0.00078295681893066288 -0.00036523141831210022 0.00012955545088154719 -8.0158659180066882e-05
leaf_weight=72 125 31 25 30 33 34 390
leaf_count=72 125 31 25 30 33 34 390
internal_value=-0.000608109 0.00320312 0.00928571 -0.00140523 0.00373016 -0.00199454 -0.00237864
internal_weight=740 128 56 612 63 549 515
internal_count=740 128 56 612 63 549 515
is_linear=0
shrinkage=0.05


Tree=8
num_leaves=8
num_cat=0
split_feature=13 10 12 0 15 4 6
split_gain=0.978015 0.638137 0.715364 0.439402 0.774267 1.00119 0.306829
threshold=25.505000114440922 0.0094914683342374202 0.0061045845958173093 0.013904925224863087 0.0070522168914801684 0.023169378763645665 0.46408550399660198
decision_type=2 2 2 2 2 2 2
left_child=1 3 -3 4 6 -6 -1
right_child=-2 2 -4 -5 5 -7 -8
leaf_value=-0.00018454212627671854 0.00072096382898827042 0.00038143602474472539 -4.2700591509213878e-05 -0.00034821384113891123 -0.00022293061557085688 0.0017358754004817977 0.00016318153470150484
leaf_weight=395 31 33 57 88 32 28 97
leaf_count=395 31 33 57 88 32 28 97
internal_value=-0.000795008 -0.00116438 0.00277778 -0.00171875 -0.00119565 0.00416667 -0.00184959
internal_weight=761 730 90 640 552 60 492
internal_count=761 730 90 640 552 60 492
is_linear=0
shrinkage=0.05


Tree=9
num_leaves=8
num_cat=0
split_feature=10 9 4 6 8 0 0
split_gain=0.845038 0.648631 0.637247 0.538855 0.732701 0.66 0.566663
threshold=0.0098339065977474122 0.011705443719957966 0.022068098307248134 1.1288447377191997 0.021627665669934352 -0.0056214944542460335 0.0049049970513314065
decision_type=2 8 2 2 8 2 2
left_child=2 -2 -1 4 6 -5 -4
right_child=1 -3 3 5 -6 -7 -8
leaf_value=-0.00020681717869199665 0.00060308917951790142 5.0473027561736276e-06 -2.7387628140690938e-05 0.00041455361839980837 -0.00022712190645793177 -3.6012231855887117e-05 0.00026733492770930471
leaf_weight=301 34 45 137 25 110 30 56
leaf_count=301 34 45 137 25 110 30 56
internal_value=-0.000392955 0.00449367 -0.000978757 0.000446926 -0.000379539 0.005 0.00147668
internal_weight=738 79 659 358 303 55 193
internal_count=738 79 659 358 303 55 193
is_linear=0
shrinkage=0.05


Tree=10
num_leaves=8
num_cat=0
split_feature=1 1 8 0 8 7 16
split_gain=0.998439 0.935367 1.94829 0.421446 0.306575 1.06507 1.19167
threshold=-0.033901128735947243 -0.053028644989055455 -0.01342481562505121 -0.021651842225554992 -0.036426197950165599 -0.0058328488111206713 -0.0050793667768092568
decision_type=2 2 8 2 10 2 2
left_child=1 -1 -3 -2 -5 6 -6
right_child=3 2 -4 4 5 -7 -8
leaf_value=-6.4946140662512018e-05 0.00026055895395567604 0.00051159773466755403 -0.00010573199898117454 -0.00025540180414334028 -0.00020645501877738335 -0.00012583767687770274 0.00027048247161573638
leaf_weight=68 25 33 29 181 32 347 33
leaf_count=68 25 33 29 181 32 347 33
internal_value=-0.000521392 0.00346154 0.00790322 -0.00135922 -0.00162732 -0.000873788 0.005
internal_weight=748 130 62 618 593 412 65
internal_count=748 130 62 618 593 412 65
is_linear=0
shrinkage=0.05


Tree=11
num_leaves=8
num_cat=0
split_feature=6 5 0 10 4 16 14
split_gain=1.06448 0.912889 1.23671 1.66428 0.697748 0.962046 0.599174
threshold=-0.36847376129897974 0.012998254067560959 0.014191956370094851 0.0079068184593043007 0.034697025112643762 0.020638393262588099 0.009860755526874045
decision_type=2 2 2 2 2 2 2
left_child=-1 6 3 4 5 -3 -2
right_child=1 2 -4 -5 -6 -7 -8
leaf_value=-0.00014084421703820094 -0.00027269732361005154 2.3692504155344384e-05 -7.6330447010099884e-05 0.00078048123752291385 0.00045223528336034826 0.00048703684355002637 0.00014659882504150049
leaf_weight=324 90 132 69 25 25 25 56
leaf_count=324 90 132 69 25 25 25 56
internal_value=-0.000375336 0.00127962 0.00297101 0.00490338 0.00324176 0.00200637 -0.00191781
internal_weight=746 422 276 207 182 157 146
internal_count=746 422 276 207 182 157 146
is_linear=0
shrinkage=0.05


Tree=12
num_leaves=8
num_cat=0
split_feature=6 8 1 15 8 13 11
split_gain=0.899148 0.704292 0.640244 0.801335 0.439715 0.593022 0.662159
threshold=0.61577716739129673 0.058585375367762545 0.0092043585242651566 0.0043373961645962753 0.021627665669934352 13.525000095367433 -0.012789082312227194
decision_type=2 8 2 2 8 2 2
left_child=4 2 3 -2 5 -1 -7
right_child=1 -3 -4 -5 -6 6 -8
leaf_value=0.0002914179608047394 9.8116510514693329e-07 0.0013958436940308503 -0.00040927046727066985 0.0013851339036949004 -0.00019456307342942579 0.00025638049585437601 -0.00012137772119564209
leaf_weight=25 57 26 30 25 227 64 272
leaf_count=25 57 26 30 25 227 64 272
internal_value=-0.000661158 0.00297101 0.00125 0.00353658 -0.00151361 -0.000429364 -0.000982144
internal_weight=726 138 112 82 588 361 336
internal_count=726 138 112 82 588 361 336
is_linear=0
shrinkage=0.05


Tree=13
num_leaves=8
num_cat=0
split_feature=0 4 0 0 8 3 13
split_gain=0.931055 0.652159 0.555804 1.22771 1.26001 0.857053 0.527872
threshold=-0.03262251908667179 0.022068098307248134 0.014191956370094851 0.0049049970513314065 -1.0000000180025095e-35 -0.0066035452032839883 21.82499980926514
decision_type=2 2 2 2 8 2 2
left_child=-1 -2 3 5 -5 -3 -7
right_child=1 2 -4 4 -6 6 -8
leaf_value=0.00056898032276384914 -0.00018593754979900917 0.00032084598624287122 -0.00012448127873961436 0.00063011978306396616 -0.00014626670200574318 -0.00018911421753118782 0.00088007511437528389
leaf_weight=25 332 46 80 42 32 160 25
leaf_count=25 332 46 80 42 32 160 25
internal_value=-0.000485176 -0.000815901 0.000584414 0.00155738 0.00716216 -0.000238096 -0.00175676
internal_weight=742 717 385 305 74 231 185
internal_count=742 717 385 305 74 231 185
is_linear=0
shrinkage=0.05


Tree=14
num_leaves=8
num_cat=0
split_feature=6 5 8 8 15 6 12
split_gain=0.89981 0.82362 1.49153 0.521597 0.611419 0.855198 0.778328
threshold=0.61577716739129673 0.013419371664812696 0.0182338291733718 0.021627665669934352 -1.0000000180025095e-35 -0.71733497763907927 0.0048491257127185614
decision_type=2 2 8 10 2 2 2
left_child=3 -2 -3 4 -1 -6 -7
right_child=1 2 -4 -5 5 6 -8
leaf_value=-0.00016223011257374836 -0.00011492160584024559 5.6651782966263042e-05 0.0016847085232957377 -0.0002222322215685092 0.00035243085021398329 -0.00025310612872916319 0.00013203294241118189
leaf_weight=199 58 59 26 197 48 53 84
leaf_count=199 58 59 26 197 48 53 84
internal_value=-0.000511051 0.00304196 0.00617647 -0.00138554 -0.000312501 0.00175676 -0.000255476
internal_weight=724 143 85 581 384 185 137
internal_count=724 143 85 581 384 185 137
is_linear=0
shrinkage=0.05


Tree=15
num_leaves=8
num_cat=0
split_feature=3 9 4 8 2 7 12
split_gain=0.680031 0.72 0.530255 0.464791 1.19134 0.709148 0.571872
threshold=-0.0096820185331582525 0.020841365551783623 0.019432558157735393 0.035639118315585645 0.043440916600053787 0.0048518276550301173 0.014938847679140889
decision_type=2 8 2 8 2 2 2
left_child=1 -1 -2 4 5 6 -4
right_child=2 -3 3 -5 -6 -7 -8
leaf_value=0.00017510721506726202 -0.00031092312316192874 -0.00010873072313551265 0.00026784076539161655 -0.00019446970109525432 0.001193203616776269 -0.00011649328595845013 -8.9715066237041491e-05
leaf_weight=25 150 25 134 137 40 83 138
leaf_count=25 150 25 134 137 40 83 138
internal_value=-0.000628416 0.005 -0.00104106 -0.000300753 0.000569619 -0.000352114 0.000882352
internal_weight=732 50 682 532 395 355 272
internal_count=732 50 682 532 395 355 272
is_linear=0
shrinkage=0.05


Tree=16
num_leaves=8
num_cat=0
split_feature=2 10 14 6 0 4 2
split_gain=0.712945 0.768426 0.356029 0.712285 0.786433 0.602656 0.528339
threshold=-0.14131201563940923 0.0021685217340158274 -0.001390218635627771 0.31964014438991722 0.0011390463350691162 0.027212172712949383 -0.0044034441657785353
decision_type=2 2 2 2 2 2 2
left_child=1 -1 3 -2 -5 -4 -7
right_child=2 -3 5 4 -6 6 -8
leaf_value=-3.4824304904045985e-05 -0.00016951314915175024 0.00042767797423590994 -5.1873722689113593e-05 0.00020150990059471412 -0.00035934704185764364 0.00040711483014186029 -0.00024591896637543353
leaf_weight=41 272 25 260 45 50 33 25
leaf_count=41 272 25 260 45 50 33 25
internal_value=-0.000872172 0.00409091 -0.00135037 -0.00241145 0.00131579 -0.000125787 0.00448276
internal_weight=751 66 685 367 95 318 58
internal_count=751 66 685 367 95 318 58
is_linear=0
shrinkage=0.05


Tree=17
num_leaves=8
num_cat=0
split_feature=3 6 8 7 8 8 4
split_gain=0.556798 0.426556 0.426794 0.75871 1.2675 0.369691 0.601664
threshold=-0.0096820185331582525 0.46408550399660198 0.067113530324510409 -0.0018996074917827508 -0.033830554381062299 -0.0063170736030420107 0.021128325022610903
decision_type=2 2 10 2 10 8 2
left_child=-1 5 3 4 -3 6 -2
right_child=1 2 -4 -5 -6 -7 -8
leaf_value=8.2043605326340512e-05 -0.00023410598971156874 -0.00011385387847651226 0.0013849881010972055 -0.00020445515948529672 0.0012072516569263444 -0.00014866664247149735 0.00016268521911524668
leaf_weight=49 88 48 25 49 27 299 159
leaf_count=49 88 48 25 49 27 299 159
internal_value=-0.000967743 -0.00133094 0.00104027 -0.000161292 0.003 -0.00197802 -0.00054656
internal_weight=744 695 149 124 75 546 247
internal_count=744 695 149 124 75 546 247
is_linear=0
shrinkage=0.05


Tree=18
num_leaves=8
num_cat=0
split_feature=9 6 3 8 10 11 0
split_gain=0.760797 0.651968 0.752524 1.26399 1.25715 0.948084 0.696298
threshold=0.13907800443559817 -0.36847376129897974 0.0043650495155621591 0.01578359483639891 0.0079905561282167543 0.0044457003054257935 -0.0067916868771732966
decision_type=10 2 2 10 2 2 2
left_child=1 -1 3 4 6 -5 -3
right_child=-2 2 -4 5 -6 -7 -8
leaf_value=-0.00011383965883902584 -0.00020439731301092527 8.5230942556074567e-05 -0.00013259659698796524 3.887125732417583e-05 0.00040171560770340189 0.00094738420438196871 -0.00027764301616132163
leaf_weight=278 114 84 98 34 25 37 80
leaf_count=278 114 84 98 34 25 37 80
internal_value=-0.000800001 -0.000125787 0.00128492 0.00269231 0.000555554 0.00838028 -0.00103659
internal_weight=750 636 358 260 189 71 164
internal_count=750 636 358 260 189 71 164
is_linear=0
shrinkage=0.05


Tree=19
num_leaves=8
num_cat=0
split_feature=14 3 11 4 1 4 9
split_gain=0.563252 0.71102 0.562647 0.340741 0.482058 1.00021 0.35309
threshold=-0.001390218635627771 -0.0096820185331582525 0.026101740885835282 0.019569542147675294 0.001019857951213843 0.024710115367212397 0.029162757612087756
decision_type=2 2 2 2 2 2 8
left_child=-1 -2 3 -3 5 -5 -7
right_child=1 2 -4 4 -6 6 -8
leaf_value=-7.7339921647944703e-05 0.00010756049790626439 -0.0002698766975764526 0.00095157253774885058 0.00068994786921723486 -0.00013793562158391322 0.00040235517595350553 -0.00019783205874775243
leaf_weight=403 37 60 25 46 109 26 35
leaf_count=403 37 60 25 46 109 26 35
internal_value=-0.000883942 0.000621301 -0.000182725 -0.000833335 9.25914e-05 0.00247663 -0.00172131
internal_weight=741 338 301 276 216 107 61
internal_count=741 338 301 276 216 107 61
is_linear=0
shrinkage=0.05


Tree=20
num_leaves=8
num_cat=0
split_feature=4 12 15 0 9 11 12
split_gain=0.725641 0.758685 0.717097 1.12807 0.710779 0.48508 0.353018
threshold=0.024545228039028182 -0.022997185287748575 0.0065445972813642514 0.014191956370094851 0.014206188281330802 0.025024646146281086 0.014938847679140889
decision_type=2 2 2 2 8 2 2
left_child=5 4 -3 -4 -2 6 -1
right_child=1 2 3 -5 -6 -7 -8
leaf_value=-8.9965699022443655e-06 0.0010943186102698173 -4.7295400618060563e-05 0.0011839916976649921 -0.00014034832561839384 2.014942608745964e-05 0.00015282720548796683 -0.00015312699964433168
leaf_weight=131 26 165 31 34 38 35 279
leaf_count=131 26 165 31 34 38 35 279
internal_value=-0.000805143 0.00112245 -0.000217392 0.00423077 0.0059375 -0.00207865 -0.00256098
internal_weight=739 294 230 65 64 445 410
internal_count=739 294 230 65 64 445 410
is_linear=0
shrinkage=0.05


Tree=21
num_leaves=8
num_cat=0
split_feature=3 14 8 15 3 16 7
split_gain=0.671948 0.515045 0.447823 0.43205 0.580087 0.834833 0.36029
threshold=-0.0096820185331582525 0.03011365738187333 -0.10098841597338952 -0.0051138518902175681 -0.0031952107310917461 0.0070546211980205839 0.023708781333082189
decision_type=2 2 8 2 2 2 2
left_child=1 -1 -2 -4 5 -5 -6
right_child=2 -3 3 4 6 -7 -8
leaf_value=-6.8399516843088164e-05 0.00045431257744280186 9.343855188384507e-05 -0.00017946259430002642 -0.00015978997865654732 -2.2361210396897832e-05 0.0011359084951673871 -0.00019833169298280582
leaf_weight=25 41 29 163 47 262 38 141
leaf_count=25 41 29 163 47 262 38 141
internal_value=-0.0011126 0.00425926 -0.00153179 -0.001851 -0.00110656 0.00264706 -0.00189826
internal_weight=746 54 692 651 488 85 403
internal_count=746 54 692 651 488 85 403
is_linear=0
shrinkage=0.05


Tree=22
num_leaves=8
num_cat=0
split_feature=4 0 15 12 9 4 11
split_gain=0.487162 0.666422 1.33831 0.934892 0.29458 0.378671 0.254157
threshold=0.024545228039028182 0.013904925224863087 0.0070522168914801684 -0.022997185287748575 -0.11595099920072181 0.034390712859567553 0.026101740885835282
decision_type=2 2 2 2 8 2 2
left_child=6 2 3 -2 -5 -6 -1
right_child=1 -3 -4 4 5 -7 -8
leaf_value=-0.00011535192979425681 0.00017420927803650388 -0.00042215560506515598 0.0012244175296136752 0.00012063135945081021 -0.00016541380960506942 0.00021626211149627963 9.8206297628467432e-05
leaf_weight=405 49 61 35 33 105 26 26
leaf_count=405 49 61 35 33 105 26 26
internal_value=-0.00101351 0.000501617 0.00165322 0.000164318 -0.00164634 -0.00270992 -0.00209977
internal_weight=740 309 248 213 164 131 431
internal_count=740 309 248 213 164 131 431
is_linear=0
shrinkage=0.05


Tree=23
num_leaves=8
num_cat=0
split_feature=6 6 3 12 11 3 13
split_gain=0.680883 0.670225 0.744895 0.607545 0.671743 0.556591 0.455251
threshold=-0.36847376129897974 -0.27866475529914775 -0.010044545459136299 -0.023938025174318197 0.016424352534066825 0.0021758838513520344 21.724999427795414
decision_type=2 2 2 2 2 2 2
left_child=6 -2 -3 -4 -5 -6 -1
right_child=1 2 3 4 5 -7 -8
leaf_value=-0.00013256421205326479 0.00032570752291142039 8.4942329117807634e-05 0.00011149423873809441 -0.0001454865380853208 0.00077469249390024503 -0.00013384618783542253 0.00033117233393418111
leaf_weight=295 45 28 49 223 33 43 31
leaf_count=295 45 28 49 223 33 43 31
internal_value=-0.000983937 0.000344417 -0.000345746 -0.000977013 -0.00182274 0.00223684 -0.00269939
internal_weight=747 421 376 348 299 76 326
internal_count=747 421 376 348 299 76 326
is_linear=0
shrinkage=0.05


Tree=24
num_leaves=8
num_cat=0
split_feature=13 4 14 10 0 0 8
split_gain=0.619974 0.418271 0.624544 0.780537 0.503611 0.781466 1.09415
threshold=25.505000114440922 0.020162221391740013 -0.071225645536492452 0.010510737947986739 0.013904925224863087 0.0049049970513314065 -0.023134089545023214
decision_type=2 2 2 2 2 2 8
left_child=1 -1 3 -3 5 -4 -7
right_child=-2 2 4 -5 -6 6 -8
leaf_value=-0.0002005721179558839 0.00047329474724252651 -1.9876572735329819e-05 -3.4021221158261895e-05 0.00019452089851090869 -0.00012645485424219715 0.0013490632433753771 -3.502261842166869e-05
leaf_weight=207 31 27 290 29 80 34 46
leaf_count=207 31 27 290 29 80 34 46
internal_value=-0.000631722 -0.00093268 -0.000158104 0.00482143 -0.000777779 -1.19209e-09 0.004375
internal_weight=744 713 506 56 450 370 80
internal_count=744 713 506 56 450 370 80
is_linear=0
shrinkage=0.05


Tree=25
num_leaves=8
num_cat=0
split_feature=6 5 6 6 9 1 9
split_gain=0.892806 0.759361 0.922858 0.681349 1.0017 0.882705 0.607293
threshold=-0.36847376129897974 0.012998254067560959 -0.28556835190958468 0.80503074896873772 -0.11950618712717952 -0.022667708094392832 0.063053325515369588
decision_type=2 2 2 2 10 2 8
left_child=-1 -2 -3 5 -5 6 -4
right_child=1 2 3 4 -6 -7 -8
leaf_value=-0.00011653630579944001 -0.0001802001795054408 0.00055007375555888476 0.00058522572202335927 -7.7077700601018058e-05 0.00064343652773490531 -0.00017634629711816541 -1.3983236255986251e-05
leaf_weight=317 150 29 27 45 43 114 25
leaf_count=317 150 29 27 45 43 114 25
internal_value=-0.000933335 0.000542724 0.00206714 0.00110236 0.00465909 -0.000783134 0.00461538
internal_weight=750 433 283 254 88 166 52
internal_count=750 433 283 254 88 166 52
is_linear=0
shrinkage=0.05


Tree=26
num_leaves=8
num_cat=0
split_feature=2 10 14 9 6 9 15
split_gain=0.569676 0.365358 0.397573 0.495958 0.634118 0.460955 0.752042
threshold=-0.16260813962753842 0.0098339065977474122 -0.001390218635627771 0.028136384102200655 0.14264833797151566 0.081903639976826051 -0.0051138518902175681
decision_type=2 2 2 10 2 10 2
left_child=-1 2 3 -2 -5 6 -4
right_child=1 -3 5 4 -6 -7 -8
leaf_value=0.00045760090096768626 -0.00016223749947231461 9.2180430933328628e-05 -9.3412133619072017e-05 -0.00019733060215565768 0.00045466861342729326 -0.0001434171917160918 0.00026192871356367996
leaf_weight=39 191 84 117 85 25 73 129
leaf_count=39 191 84 117 85 25 73 129
internal_value=-0.000625842 -0.000951706 -0.00137097 -0.00267442 -1.19209e-09 -0.000141067 0.000894308
internal_weight=743 704 620 301 110 319 246
internal_count=743 704 620 301 110 319 246
is_linear=0
shrinkage=0.05


Tree=27
num_leaves=8
num_cat=0
split_feature=14 4 0 13 3 14 5
split_gain=0.457735 1.12339 0.633246 0.420296 0.538462 0.415393 0.780488
threshold=-0.001390218635627771 0.034697025112643762 -0.015760778671759675 13.525000095367433 -0.0077753146611114201 -0.071225645536492452 0.013611749075028072
decision_type=2 2 2 2 2 2 2
left_child=5 2 -2 -4 -5 6 -1
right_child=1 -3 3 4 -6 -7 -8
leaf_value=-0.00012044225412867871 -0.00016035818606047978 0.00035060205469963923 0.00041356358740516816 4.1799698935445379e-05 -2.3532826238107416e-05 -0.0001119764085939245 0.00013609945236609929
leaf_weight=32 61 26 38 26 182 330 50
leaf_count=32 61 26 38 26 182 330 50
internal_value=-0.000973156 0.000405404 -0.000439741 0.000691056 -0.000192309 -0.00208738 0.00109756
internal_weight=745 333 307 246 208 412 82
internal_count=745 333 307 246 208 412 82
is_linear=0
shrinkage=0.05


Tree=28
num_leaves=8
num_cat=0
split_feature=3 4 0 15 13 12 10
split_gain=0.864855 0.442032 0.474451 0.860672 0.68007 0.399985 0.411385
threshold=-0.0096820185331582525 0.019978330504869888 0.013904925224863087 0.0059325586001401929 17.369999885559086 0.02697009064661449 0.00040263082252767207
decision_type=2 2 2 2 2 2 2
left_child=-1 -2 3 5 -5 6 -3
right_child=1 2 -4 4 -6 -7 -8
leaf_value=4.6619323907277988e-05 -0.00020726268045908483 -3.9786233444149199e-05 -0.00010439450763902227 -7.7644264533099506e-07 0.0010515338488024191 -0.00015077127157345723 3.3503054685798954e-05
leaf_weight=48 183 128 112 46 38 124 73
leaf_count=48 183 128 112 46 38 124 73
internal_value=-0.00107713 -0.00151989 -0.000777352 1.22237e-05 0.00452381 -0.00115385 0.000223879
internal_weight=752 704 521 409 84 325 201
internal_count=752 704 521 409 84 325 201
is_linear=0
shrinkage=0.05


Tree=29
num_leaves=8
num_cat=0
split_feature=1 1 14 13 13 9 4
split_gain=0.832506 0.7777 1.14855 0.415827 0.366077 0.639543 0.361455
threshold=-0.033901128735947243 -0.053028644989055455 0.013647468145900345 17.840000152587894 13.305000305175783 0.081903639976826051 0.022939725162361074
decision_type=2 2 2 2 2 8 2
left_child=1 3 -3 -1 5 -2 -6
right_child=4 2 -4 -5 6 -7 -8
leaf_value=-0.00034445854439219556 0.00054316617769416254 -2.2070221094023464e-06 0.00071831230997963531 1.9847036924722501e-05 -0.000101098956133797 -5.067634929470373e-05 -2.939363107101672e-05
leaf_weight=33 35 34 25 31 272 43 257
leaf_count=33 35 34 25 31 272 43 257
internal_value=-0.0010274 0.00272358 0.00686441 -0.00109375 -0.00178748 0.00141026 -0.00225898
internal_weight=730 123 59 64 607 78 529
internal_count=730 123 59 64 607 78 529
is_linear=0
shrinkage=0.05


Tree=30
num_leaves=8
num_cat=0
split_feature=4 1 9 11 6 2 14
split_gain=0.576155 0.586693 0.578682 0.701548 0.658573 0.423253 0.3777
threshold=0.024545228039028182 0.041931051269813231 0.048555994063729686 -0.011292664141508811 -0.70098731932712022 0.038486583102286594 -0.001242221342315941
decision_type=2 2 8 2 2 2 2
left_child=6 2 3 -2 -4 -5 -1
right_child=1 -3 4 5 -6 -7 -8
leaf_value=-0.0001117557651129777 0.00036313130412465736 -0.00041242784362697501 6.5920713757084194e-06 -2.9228198667363944e-05 -0.00018057015286084487 0.00021403995874409677 -3.2388274876690713e-05
leaf_weight=235 33 42 34 59 108 25 201
leaf_count=235 33 42 34 59 108 25 201
internal_value=-0.00120082 0.000481726 0.00137066 0.00397436 -0.000774649 0.00154762 -0.00236239
internal_weight=737 301 259 117 142 84 436
internal_count=737 301 259 117 142 84 436
is_linear=0
shrinkage=0.05


Tree=31
num_leaves=8
num_cat=0
split_feature=4 9 0 15 14 10 8
split_gain=0.878327 0.599287 0.952148 1.16153 0.60423 0.56213 0.396298
threshold=0.024545228039028182 0.13907800443559817 0.012882439917362156 0.0059007436203600836 0.020730184888119289 0.006337694363773628 -0.082530418211115106
decision_type=2 8 2 2 2 2 10
left_child=6 2 3 4 -2 -3 -1
right_child=1 5 -4 -5 -6 -7 -8
leaf_value=4.3052794795981952e-05 -3.8648369468885382e-06 -0.00023214677311014415 -0.00029050068142405039 0.0010620794107850137 0.00026430528986250769 5.3848650350759157e-05 -7.2818376646333147e-05
leaf_weight=30 62 101 38 25 44 31 400
leaf_count=30 62 101 38 25 44 31 400
internal_value=-0.000759235 0.00131229 0.00328402 0.00530534 0.00301887 -0.00121212 -0.0022093
internal_weight=731 301 169 131 106 132 430
internal_count=731 301 169 131 106 132 430
is_linear=0
shrinkage=0.05


end of trees

feature_importances:
dvol_z_20=21
atr_pct=20
dist_ma50=20
ret_1d=19
vix_level=19
dist_ma200=17
overnight_gap=15
ret_5d=12
spy_ret_1d=12
vix_chg_1d=12
spy_ret_5d=11
spy_ret_20d=11
sector_ret_1d=10
parkinson_20=9
sector_ret_5d=7
ret_20d=5
dist_ma20=4

parameters:
[boosting: gbdt]
[objective: quantile]
[metric: quantile]
[tree_learner: serial]
[device_type: cpu]
[data_sample_strategy: bagging]
[data: ]
[valid: ]
[num_iterations: 80]
[learning_rate: 0.05]
[num_leaves: 8]
[num_threads: 1]
[seed: 0]
[deterministic: 0]
[force_col_wise: 1]
[force_row_wise: 0]
[histogram_pool_size: -1]
[max_depth: -1]
[min_data_in_leaf: 25]
[min_sum_hessian_in_leaf: 0.001]
[bagging_fraction: 0.9]
[pos_bagging_fraction: 1]
[neg_bagging_fraction: 1]
[bagging_freq: 1]
[bagging_seed: 3]
[bagging_by_query: 0]
[feature_fraction: 0.9]
[feature_fraction_bynode: 1]
[feature_fraction_seed: 2]
[extra_trees: 0]
[extra_seed: 6]
[early_stopping_round: 0]
[early_stopping_min_delta: 0]
[first_metric_only: 0]
[max_delta_step: 0]
[lambda_l1: 0]
[lambda_l2: 0]
[linear_lambda: 0]
[min_gain_to_split: 0]
[drop_rate: 0.1]
[max_drop: 50]
[skip_drop: 0.5]
[xgboost_dart_mode: 0]
[uniform_drop: 0]
[drop_seed: 4]
[top_rate: 0.2]
[other_rate: 0.1]
[min_data_per_group: 100]
[max_cat_threshold: 32]
[cat_l2: 10]
[cat_smooth: 10]
[max_cat_to_onehot: 4]
[top_k: 20]
[monotone_constraints: ]
[monotone_constraints_method: basic]
[monotone_penalty: 0]
[feature_contri: ]
[forcedsplits_filename: ]
[refit_decay_rate: 0.9]
[cegb_tradeoff: 1]
[cegb_penalty_split: 0]
[cegb_penalty_feature_lazy: ]
[cegb_penalty_feature_coupled: ]
[path_smooth: 0]
[interaction_constraints: ]
[verbosity: -1]
[saved_feature_importance_type: 0]
[use_quantized_grad: 0]
[num_grad_quant_bins: 4]
[quant_train_renew_leaf: 0]
[stochastic_rounding: 1]
[linear_tree: 0]
[max_bin: 255]
[max_bin_by_feature: ]
[min_data_in_bin: 3]
[bin_construct_sample_cnt: 200000]
[data_random_seed: 1]
[is_enable_sparse: 1]
[enable_bundle: 1]
[use_missing: 1]
[zero_as_missing: 0]
[feature_pre_filter: 1]
[pre_partition: 0]
[two_round: 0]
[header: 0]
[label_column: ]
[weight_column: ]
[group_column: ]
[ignore_column: ]
[categorical_feature: ]
[forcedbins_filename: ]
[precise_float_parser: 0]
[parser_config_file: ]
[objective_seed: 5]
[num_class: 1]
[is_unbalance: 0]
[scale_pos_weight: 1]
[sigmoid: 1]
[boost_from_average: 1]
[reg_sqrt: 0]
[alpha: 0.9]
[fair_c: 1]
[poisson_max_delta_step: 0.7]
[tweedie_variance_power: 1.5]
[lambdarank_truncation_level: 30]
[lambdarank_norm: 1]
[label_gain: ]
[lambdarank_position_bias_regularization: 0]
[eval_at: ]
[multi_error_top_k: 1]
[auc_mu_weights: ]
[num_machines: 1]
[local_listen_port: 12400]
[time_out: 120]
[machine_list_filename: ]
[machines: ]
[gpu_platform_id: -1]
[gpu_device_id: -1]
[gpu_device_id_list: ]
[gpu_use_dp: 0]
[num_gpu: 1]

end of parameters

pandas_categorical:[]
