tree
version=v4
num_class=1
num_tree_per_iteration=1
label_index=0
max_feature_idx=16
objective=quantile
feature_names=ret_1d ret_5d ret_20d overnight_gap atr_pct parkinson_20 dvol_z_20 dist_ma20 dist_ma50 dist_ma200 spy_ret_1d spy_ret_5d spy_ret_20d vix_level vix_chg_1d sector_ret_1d sector_ret_5d
feature_infos=[-0.080433652016696611:0.1108395536957596] [-0.18308871036892493:0.097119587503156524] [-0.2423352913896919:0.15713066581070345] [-0.054381972792687971:0.06032702051405936] [0.012719570852571502:0.061488009445186856] [0.0079231818658236693:0.03324110807419757] [-2.0309513768167968:4.226276151757884] [-0.17807247131599702:0.089834623887222298] [-0.20593862805314689:0.14608658446058587] [-0.15662770659622072:0.18249887524932018] [-0.058542971330535654:0.10501930183911301] [-0.11496151859245618:0.082843162776128354] [-0.1226559005192206:0.15756591020035837] [11.859999656677246:52.330001831054688] [-0.35753873962348437:0.74039073966007019] [-0.073180917682286184:0.075364333134955164] [-0.12187676960594984:0.078003472462632839]
tree_sizes=838 861 860 862 864 850 866 860 856 858 864 861 868 859 865 871 864 859 856 865 859 868 856 857 863 863 856 860 862 860 865 856 862 865 861 854 840 868 852 871 848 862 864 860 878

Tree=0
num_leaves=8
num_cat=0
split_feature=4 16 3 3 1 8 16
split_gain=4.69172 2.49254 1.75724 2.8242 1.93581 1.74374 2.24517
threshold=0.017441679789193691 -0.0079271992904675331 0.0030701580795186039 -0.00094920223243705182 0.0018911654396345237 0.027433394858589314 0.03585742787669411
decision_type=2 2 2 2 2 8 2
left_child=2 -2 3 -1 -5 6 -3
right_child=1 5 -4 4 -6 -7 -8
leaf_value=0.0089304588269442323 0.0093168179504573342 0.0091684481827542189 0.0089338124846108265 0.008982225181534886 0.0091825108509510749 0.0090255413670092821 0.008927358197979629
leaf_weight=77 177 220 40 25 36 147 28
leaf_count=77 177 220 40 25 36 147 28
internal_value=0.00917256 0.0113786 0.00208342 0.00475806 0.0127944 0.00916918 0.0117269
internal_weight=750 572 178 138 61 395 248
internal_count=750 572 178 138 61 395 248
is_linear=0
shrinkage=1


Tree=1
num_leaves=8
num_cat=0
split_feature=4 8 16 3 3 8 7
split_gain=4.34042 3.06478 3.0996 1.81367 1.69573 1.44512 2.9482
threshold=0.017441679789193691 -0.088299371978840233 0.029726457210442762 0.0030701580795186039 -0.001990370516738726 -0.0044790707736916393 -0.004927570292415028
decision_type=2 8 2 2 2 8 2
left_child=3 -2 5 4 -1 -3 -7
right_child=1 2 -4 -5 -6 6 -8
leaf_value=-0.00023341805906966333 0.00047537185717374088 0.00014078027568757535 -0.00015225621464196593 -0.00019726176338735974 7.4210646562278448e-06 -0.00015992835105862471 3.9257982280105352e-05
leaf_weight=60 43 172 48 41 79 58 233
leaf_count=60 43 172 48 41 79 58 233
internal_value=-0.000476839 0.0017148 0.000636008 -0.00722222 -0.0044964 0.00188985 -0.000257732
internal_weight=734 554 511 180 139 463 291
internal_count=734 554 511 180 139 463 291
is_linear=0
shrinkage=0.05


Tree=2
num_leaves=8
num_cat=0
split_feature=13 0 6 9 11 8 3
split_gain=4.34382 3.17623 2.81148 2.16079 1.85497 1.82485 2.18751
threshold=17.615000724792484 0.016548288165924799 1.1384037930552819 0.05635784841510328 -0.0025546721187323369 -0.069333408214169542 -0.002574510192563217
decision_type=2 2 2 10 2 8 2
left_child=3 2 5 4 -1 -2 -7
right_child=1 -3 -4 -5 -6 6 -8
leaf_value=-0.00014406644133850932 0.00031887463608291005 -0.00011667950346600257 0.00053913117444608365 -8.8865771278506215e-05 2.3531203274615184e-05 -0.00011660543062316717 0.00015309907129267233
leaf_weight=75 42 37 29 145 251 62 108
leaf_count=75 42 37 29 145 251 62 108
internal_value=-0.000100134 0.00485612 0.00695021 -0.00302548 -0.000766871 0.00495283 0.00264706
internal_weight=749 278 241 471 326 212 170
internal_count=749 278 241 471 326 212 170
is_linear=0
shrinkage=0.05


Tree=3
num_leaves=8
num_cat=0
split_feature=11 4 16 8 2 1 8
split_gain=4.26333 2.06934 2.19993 1.92925 4.31932 1.90815 2.38133
threshold=-0.022310292973000797 0.017441679789193691 0.034437910834125958 -0.0044790707736916393 -0.01352484945151272 0.020572865445788627 0.024101826150639386
decision_type=2 2 2 8 2 2 8
left_child=-1 -2 3 -3 -5 6 -6
right_child=1 2 -4 4 5 -7 -8
leaf_value=0.00034241980186234291 -0.00010944028864978461 0.0001069756456839969 -0.00023831964686978608 -0.00017877018324797969 6.8367149232653922e-05 0.00015849634741462072 -9.3987879533960928e-05
leaf_weight=68 172 184 37 35 65 88 94
leaf_count=68 172 184 37 35 65 88 94
internal_value=-0.000168237 -0.00137037 0.000248509 0.00118026 -0.00141844 0.000910931 -0.00235849
internal_weight=743 675 503 466 282 247 159
internal_count=743 675 503 466 282 247 159
is_linear=0
shrinkage=0.05


Tree=4
num_leaves=8
num_cat=0
split_feature=13 5 0 16 6 3 14
split_gain=4.85951 2.81002 1.90949 2.36623 1.85566 1.95729 1.53677
threshold=25.19999980926514 0.0096846307794363849 -0.00026024793779794159 -0.018914110833096739 1.8605354055725616 -0.0025079616370586306 -0.021911996714153944
decision_type=2 2 2 2 2 2 2
left_child=1 -1 4 -4 5 -3 -7
right_child=-2 2 3 -5 -6 6 -8
leaf_value=-0.00020227316950778909 0.00058774027812071852 -6.3742047212908768e-05 0.00028748083448295805 -7.0399738338310265e-05 0.00042165170390879219 -9.4971772959397656e-05 0.00011859912125399214
leaf_weight=71 36 104 34 313 27 39 122
leaf_count=71 36 104 34 313 27 39 122
internal_value=0.000134048 -0.000774648 0.000273865 -0.00223343 0.00325342 0.00198113 0.00543478
internal_weight=746 710 639 347 292 265 161
internal_count=746 710 639 347 292 265 161
is_linear=0
shrinkage=0.05


Tree=5
num_leaves=8
num_cat=0
split_feature=11 5 6 12 10 14 8
split_gain=3.33296 2.53304 1.84429 2.30195 1.5176 2.58996 1.73697
threshold=-0.022310292973000797 0.0096846307794363849 -0.82633190665559753 0.0048491257127185614 0.0057641825485008633 -0.054805799949304061 -0.069333408214169542
decision_type=2 2 2 2 2 2 8
left_child=-1 -2 3 -3 6 -6 -4
right_child=1 2 4 -5 5 -7 -8
leaf_value=0.00027758618032647708 -0.00026788317956368159 5.8057649825103005e-05 0.00026688884472216343 -0.0002290269566618544 -1.4758083573498775e-05 0.0001978903331075417 -2.5634719605167371e-05
leaf_weight=64 65 35 29 57 75 71 341
leaf_count=64 65 35 29 57 75 71 341
internal_value=3.39213e-05 -0.00100297 0 -0.00652174 0.00116279 0.00547945 -0.000540541
internal_weight=737 673 608 92 516 146 370
internal_count=737 673 608 92 516 146 370
is_linear=0
shrinkage=0.05


Tree=6
num_leaves=8
num_cat=0
split_feature=11 8 2 0 16 6 3
split_gain=3.98544 1.73716 3.3672 2.43391 1.78594 1.82933 2.1656
threshold=-0.022310292973000797 -0.0020399121293028229 -0.01352484945151272 -0.0039347323568073569 -0.0079271992904675331 -0.52984773296493504 0.0028973866793736707
decision_type=2 8 2 2 2 2 2
left_child=-1 -2 -3 -4 -5 -6 -7
right_child=1 2 3 4 5 6 -8
leaf_value=0.0003209450518303163 4.0712407619975926e-05 -0.00016997376758501534 6.2377134609555452e-05 8.0394326601236632e-05 -0.00014561076464877289 1.4605532970454923e-05 -8.8925202026385455e-05
leaf_weight=67 249 54 105 29 73 111 58
leaf_count=67 249 54 105 29 73 111 58
internal_value=-6.70241e-05 -0.00121502 -0.00313953 -0.00146277 -0.00396679 -0.0053719 -0.00251479
internal_weight=746 679 430 376 271 242 169
internal_count=746 679 430 376 271 242 169
is_linear=0
shrinkage=0.05


Tree=7
num_leaves=8
num_cat=0
split_feature=5 11 8 3 6 9 0
split_gain=3.37961 2.6385 2.02476 3.25008 1.94421 1.80176 1.69835
threshold=0.0096846307794363849 -0.022310292973000797 0.027433394858589314 -0.0013271474088146771 -0.77857256703523481 0.11173736299477101 -0.0039347323568073569
decision_type=2 2 8 2 2 8 2
left_child=-1 -2 3 -3 -4 -5 -6
right_child=1 2 4 5 6 -7 -8
leaf_value=-0.00020992822993641882 0.00028700725619652763 -6.5068046357196193e-05 -0.00028860886475561069 9.3776335385783576e-05 0.00017077346161889739 -8.7681852667547723e-06 -7.349266356437785e-05
leaf_weight=69 66 155 28 171 56 65 135
leaf_count=69 66 155 28 171 56 65 135
internal_value=3.3557e-05 0.00110947 8.19672e-05 0.00223785 -0.00376712 0.0059322 -0.00196335
internal_weight=745 676 610 391 219 236 191
internal_count=745 676 610 391 219 236 191
is_linear=0
shrinkage=0.05


Tree=8
num_leaves=8
num_cat=0
split_feature=13 10 15 14 6 3 13
split_gain=3.473 1.3023 2.60566 1.97035 1.66288 2.11423 1.86904
threshold=24.385000228881839 0.0092143531748835068 0.010840624296561298 -0.054805799949304061 -0.64241489798241647 -0.001359910439425682 17.82499980926514
decision_type=2 2 2 2 2 2 2
left_child=1 3 -3 -1 5 -5 -6
right_child=-2 2 -4 4 6 -7 -8
leaf_value=-0.00013564297098255567 0.00032959520219710212 0.00015714461987812378 -6.1814644039336416e-05 -0.00023567620715022887 -1.9642841143805313e-05 -5.5637191883150824e-05 0.00016061347799773567
leaf_weight=58 47 49 47 49 301 89 124
leaf_count=58 47 49 47 49 301 89 124
internal_value=0.00013089 -0.000732218 0.0046875 -0.00157005 -0.000666075 -0.00543478 0.000882353
internal_weight=764 717 96 621 563 138 425
internal_count=764 717 96 621 563 138 425
is_linear=0
shrinkage=0.05


Tree=9
num_leaves=8
num_cat=0
split_feature=12 3 16 6 3 3 13
split_gain=4.03286 3.025 1.87514 1.42525 1.57854 2.20566 1.85755
threshold=-0.008121323465966555 0.0056677731014090913 -0.023795656612015766 1.664591151526063 0.0026251813074705814 -0.0025079616370586306 18.260000228881839
decision_type=2 2 2 2 2 2 2
left_child=1 -1 -2 4 5 6 -4
right_child=2 -3 3 -5 -6 -7 -8
leaf_value=6.6064430107479549e-05 0.00031602620374055097 0.00038212642570986237 -0.00016932241888120312 5.3842976931714037e-05 -7.212386631596543e-05 2.5378626391798619e-05 3.3195856910806734e-05
leaf_weight=128 25 32 107 46 148 231 27
leaf_count=128 25 32 107 46 148 231 27
internal_value=-0.00047043 0.0065625 -0.00239726 -0.00299642 -0.00375244 -0.0019863 -0.00708955
internal_weight=744 160 584 559 513 365 134
internal_count=744 160 584 559 513 365 134
is_linear=0
shrinkage=0.05


Tree=10
num_leaves=8
num_cat=0
split_feature=12 3 14 3 6 4 9
split_gain=3.95406 3.72231 2.17787 2.11471 1.65488 2.20561 1.9716
threshold=-0.0066426412641200075 -0.0024637866292561146 0.0250539094836888 0.0026251813074705814 -0.78932954722375115 0.017441679789193691 0.011199049189341228
decision_type=2 2 2 2 2 2 10
left_child=1 2 -1 4 6 -6 -2
right_child=3 -3 -4 -5 5 -7 -8
leaf_value=-0.00033440006862916398 -0.00022301223539991915 0.00021607521907781842 0.00013861648875354527 -6.0348870966384869e-05 -9.3937275257111218e-05 7.7687721249515139e-05 2.6791631270506149e-05
leaf_weight=29 36 104 38 163 117 237 25
leaf_count=29 36 104 38 163 117 237 25
internal_value=-0.000100134 0.00657895 -0.00261194 -0.00207612 -0.000180723 0.00112994 -0.00778689
internal_weight=749 171 67 578 415 354 61
internal_count=749 171 67 578 415 354 61
is_linear=0
shrinkage=0.05


Tree=11
num_leaves=8
num_cat=0
split_feature=9 12 4 5 10 15 4
split_gain=2.31384 2.63422 2.05464 1.47186 1.42725 2.19716 2.19147
threshold=0.045365779133439206 0.04851916087108233 0.018203505914975871 0.0095950291292794167 0.0049263446860405855 0.0047490633467252028 0.022473603219547559
decision_type=8 2 2 2 2 2 2
left_child=1 2 -1 -2 -5 -6 -7
right_child=3 -3 -4 4 5 6 -8
leaf_value=-5.5604470479935723e-05 -0.00027792599311312461 -0.00015204954231394448 0.00011398015301683842 -5.7331427418065659e-05 0.00012865049386462797 6.3710230153376986e-05 -0.00012418725454177632
leaf_weight=84 27 47 203 265 37 48 36
leaf_count=84 27 47 203 265 37 48 36
internal_value=-0.000100402 0.00299401 0.00479094 -0.00260291 -0.00181347 0.00268595 -0.00178571
internal_weight=747 334 287 413 386 121 84
internal_count=747 334 287 413 386 121 84
is_linear=0
shrinkage=0.05


Tree=12
num_leaves=8
num_cat=0
split_feature=5 11 16 6 9 12 12
split_gain=3.2197 2.24219 1.66886 1.39559 1.33577 2.38891 1.40941
threshold=0.0095381719776303862 -0.022310292973000797 0.034437910834125958 -1.1245178377858489 0.035282960749387533 0.030501686071182203 -0.00052816856958670655
decision_type=2 2 2 2 8 2 2
left_child=-1 -2 3 -3 -5 6 -6
right_child=1 2 -4 4 5 -7 -8
leaf_value=-0.00024974453383053375 0.00025089681168611569 -0.00022149730117890535 -0.00015436731073889158 6.6433001332917398e-05 3.391950661929917e-05 4.9926226884354887e-05 -6.7248412296017521e-05
leaf_weight=51 60 25 40 203 95 128 132
leaf_count=51 60 25 40 203 95 128 132
internal_value=-0.00013624 0.000768668 -0.000120385 0.000557461 0.00107527 -0.000774648 -0.00385463
internal_weight=734 683 623 583 558 355 227
internal_count=734 683 623 583 558 355 227
is_linear=0
shrinkage=0.05


Tree=13
num_leaves=8
num_cat=0
split_feature=13 3 12 0 12 7 6
split_gain=2.74597 2.09194 2.37717 2.43293 2.0971 1.96611 2.14881
threshold=25.319999694824222 -0.0025079616370586306 0.0011335726897910849 -0.0031036054617740168 0.029689605968967085 -0.035776045807378969 -0.12078155766891829
decision_type=2 2 2 2 2 2 2
left_child=1 -1 5 4 -4 -3 -7
right_child=-2 2 3 -5 -6 6 -8
leaf_value=-6.1111462774155048e-05 0.00035116836701433972 -0.00012417840988593801 -1.1583771856086244e-05 -4.5861435398190328e-05 0.00012260631434379702 0.00019405638445815001 4.6645063214483064e-05
leaf_weight=214 35 34 57 279 42 56 28
leaf_count=214 35 34 57 279 42 56 28
internal_value=-0.000100671 -0.000774648 0.00100806 -0.000925926 0.00580808 0.00720339 0.0113095
internal_weight=745 710 496 378 99 118 84
internal_count=745 710 496 378 99 118 84
is_linear=0
shrinkage=0.05


Tree=14
num_leaves=8
num_cat=0
split_feature=13 5 3 8 6 15 0
split_gain=2.55824 1.78463 1.80055 2.88969 2.38899 1.75502 1.30717
threshold=25.19999980926514 0.010395057071726966 -0.0025079616370586306 0.027433394858589314 -0.78932954722375115 -0.003087809647253525 0.009735488347669909
decision_type=2 2 2 8 2 2 2
left_child=1 6 4 -4 -3 -5 -1
right_child=-2 2 3 5 -6 -7 -8
leaf_value=-6.1737199623790705e-05 0.00038571055640449761 -0.00018483840683390787 8.5111826600858689e-05 0.00023303033555999834 -1.6780221621064608e-05 -6.0324643825345136e-05 -0.00010733619696507167
leaf_weight=129 32 26 224 34 134 111 29
leaf_count=129 32 26 224 34 134 111 29
internal_value=0.000243394 -0.000400291 0.000992439 0.00291328 -0.0034375 -0.00258621 -0.00506329
internal_weight=719 687 529 369 160 145 158
internal_count=719 687 529 369 160 145 158
is_linear=0
shrinkage=0.05


Tree=15
num_leaves=8
num_cat=0
split_feature=11 10 15 3 3 10 3
split_gain=2.82947 2.19679 2.52247 1.51525 2.0693 2.5619 2.41875
threshold=-0.022310292973000797 0.0092143531748835068 0.010957821671223169 0.0026251813074705814 -0.0025079616370586306 0.00034889263673931753 -0.009735017354568996
decision_type=2 2 2 2 2 2 2
left_child=-1 3 -3 4 6 -6 -2
right_child=1 2 -4 -5 5 -7 -8
leaf_value=0.00023541758591647576 6.9929405969207945e-05 0.00013385853130259287 -6.2938533146149856e-06 -7.0831668733096052e-05 0.00011931822923199128 -1.8961178036904037e-05 -0.0001299272972471662
leaf_weight=66 42 52 43 144 100 149 147
leaf_count=66 42 52 43 144 100 149 147
internal_value=-3.36474e-05 -0.000997046 0.00605263 -0.00214777 -0.000684932 0.00230924 -0.00462963
internal_weight=743 677 95 582 438 249 189
internal_count=743 677 95 582 438 249 189
is_linear=0
shrinkage=0.05


Tree=16
num_leaves=8
num_cat=0
split_feature=12 3 16 11 6 0 13
split_gain=3.40396 2.94282 1.65122 2.91982 1.95131 1.89868 1.56522
threshold=-0.008121323465966555 0.0056677731014090913 -0.0079271992904675331 0.00023769852102906167 0.27492511194783081 -0.0039347323568073569 17.050000190734867
decision_type=2 2 2 2 2 2 2
left_child=1 -1 4 -4 6 -5 -2
right_child=2 -3 3 5 -6 -7 -8
leaf_value=5.6593278783807202e-05 7.0843371073486298e-07 0.00030478138669515144 -0.00010043425870780685 6.1735333411059535e-05 -0.00017836550687212713 -5.7514210969568555e-05 0.00014633018649667275
leaf_weight=132 46 30 104 87 32 280 46
leaf_count=132 46 30 104 87 32 280 46
internal_value=-0.000561427 0.0058642 -0.00231092 -0.00366242 0.00282258 -0.00156676 0.00652174
internal_weight=757 162 595 471 124 367 92
internal_count=757 162 595 471 124 367 92
is_linear=0
shrinkage=0.05


Tree=17
num_leaves=8
num_cat=0
split_feature=5 16 10 14 9 14 16
split_gain=2.07818 1.7234 2.21941 1.54491 2.16211 1.47341 1.30672
threshold=0.0096846307794363849 -0.0039277133701508529 0.0092143531748835068 -0.019792958121071843 0.16079673007613152 0.06920052511090892 0.034437910834125958
decision_type=2 2 2 2 8 2 2
left_child=-1 3 6 -2 5 -5 -3
right_child=1 2 -4 4 -6 -7 -8
leaf_value=-0.00018178744659978213 -5.0713914499732167e-05 -2.0606134953842124e-05 5.9659708911518347e-05 0.00019894008533839246 -3.2332911922117011e-05 7.1325692836717196e-05 -0.00023660850401233135
leaf_weight=69 77 341 72 74 46 41 26
leaf_count=69 77 341 72 74 46 41 26
internal_value=-6.70241e-05 0.00077548 -0.001082 0.00420168 0.00698758 0.0106522 -0.00265668
internal_weight=746 677 439 238 161 115 367
internal_count=746 677 439 238 161 115 367
is_linear=0
shrinkage=0.05


Tree=18
num_leaves=8
num_cat=0
split_feature=13 9 2 6 3 4 10
split_gain=2.27277 1.66925 2.34572 1.40661 1.92779 2.01688 1.24641
threshold=25.319999694824222 0.045365779133439206 0.059027038277365669 -0.48485202928756022 0.00036504409012561029 0.020499235085862568 0.0052131629842306912
decision_type=2 8 2 2 2 2 2
left_child=1 2 3 4 5 -1 -3
right_child=-2 6 -4 -5 -6 -7 -8
leaf_value=2.7699754358717633e-05 0.00029641705872879504 -6.0627323914013918e-05 -0.00019806366452770568 9.9239386210459938e-05 5.9732414441776358e-05 -0.00015050198998334567 4.9848272550518956e-06
leaf_weight=25 35 285 48 165 46 29 120
leaf_count=25 35 285 48 165 46 29 120
internal_value=-0.000298805 -0.000905292 0.00183706 0.00367925 -0.001 -0.00740741 -0.00302469
internal_weight=753 718 313 265 100 54 405
internal_count=753 718 313 265 100 54 405
is_linear=0
shrinkage=0.05


Tree=19
num_leaves=8
num_cat=0
split_feature=11 8 2 2 15 10 10
split_gain=3.21642 1.69042 2.09189 1.87253 1.72357 1.7033 2.30438
threshold=-0.022024026906729662 -0.0044790707736916393 -0.01352484945151272 -0.011550100859765043 -0.002822566359989009 0.0053455164524482965 0.0012069827106450106
decision_type=2 8 2 2 2 2 2
left_child=-1 3 -3 5 -4 6 -2
right_child=1 2 4 -5 -6 -7 -8
leaf_value=0.00023057268771606992 7.576559417789069e-05 -0.00014295182456977462 6.9818837356538154e-05 -0.00015373433373619961 -4.9908837223871228e-05 0.00016833580983404846 -0.00019854269842316922
leaf_weight=67 90 58 109 51 276 59 29
leaf_count=67 90 58 109 51 276 59 29
internal_value=-0.000372124 -0.00141369 -0.0032167 0.00207424 -0.00188312 0.00449438 0.00105042
internal_weight=739 672 443 229 385 178 119
internal_count=739 672 443 229 385 178 119
is_linear=0
shrinkage=0.05


Tree=20
num_leaves=8
num_cat=0
split_feature=12 3 16 11 1 15 5
split_gain=3.54334 1.54618 1.4172 1.57596 1.90625 1.89051 1.53719
threshold=-0.026522895581630176 -0.0024637866292561146 0.025989834590564923 0.012589195808640931 0.033942387579700035 0.0048229299132666057 0.0096846307794363849
decision_type=2 2 2 2 2 2 2
left_child=1 -1 3 6 5 -5 -2
right_child=2 -3 -4 4 -6 -7 -8
leaf_value=7.8580169096311236e-05 -0.00019597569093096143 0.00019624388197500889 -5.5967860161779478e-05 6.203985269544639e-05 0.0002399413134704303 -7.7840664777641301e-05 -3.5861635231730378e-06
leaf_weight=43 42 60 79 81 25 33 388
leaf_count=43 42 60 79 81 25 33 388
internal_value=0.000366178 0.00898058 -0.00100309 -0.00013181 0.0044964 0.00175439 -0.00162791
internal_weight=751 103 648 569 139 114 430
internal_count=751 103 648 569 139 114 430
is_linear=0
shrinkage=0.05


Tree=21
num_leaves=8
num_cat=0
split_feature=13 1 4 3 12 6 0
split_gain=3.05011 1.5006 1.62812 1.55479 2.16224 2.09667 1.84038
threshold=25.319999694824222 0.050916245689563995 0.032875629808803583 -0.0025079616370586306 0.0086975784270316731 -0.55341434256499256 -0.0031036054617740168
decision_type=2 2 2 2 2 2 2
left_child=1 2 3 5 -5 -1 -6
right_child=-2 -3 -4 4 6 -7 -8
leaf_value=-0.00012794462096821289 0.00038291633180438509 -0.00010373076890933682 -0.00018122532154467779 0.0001004668173483719 7.9456029893126921e-05 -1.1628609605577244e-05 -5.2392562577687278e-05
leaf_weight=52 33 28 28 132 87 149 239
leaf_count=52 33 28 28 132 87 149 239
internal_value=-0.000467914 -0.00115385 -0.000691412 -0.000189681 0.00141921 -0.00385572 -0.000766871
internal_weight=748 715 687 659 458 201 326
internal_count=748 715 687 659 458 201 326
is_linear=0
shrinkage=0.05


Tree=22
num_leaves=8
num_cat=0
split_feature=13 5 8 10 13 11 2
split_gain=2.00097 1.86455 2.67118 2.05408 2.75283 2.26367 1.78223
threshold=25.19999980926514 0.015208125092161207 -0.073406110923161447 0.00446494553626653 17.994999885559086 0.020793253578218044 -0.026103737887094799
decision_type=2 2 8 2 2 2 2
left_child=1 3 -3 4 5 -1 -4
right_child=-2 2 6 -5 -6 -7 -8
leaf_value=-5.7268811092684845e-05 0.00019081132092153919 0.00023417330602201622 -0.00031695105767595618 4.4017932366831198e-05 0.0001075151514727501 0.00010957509006117657 -0.00014172797779150601
leaf_weight=275 32 30 27 178 107 36 57
leaf_count=275 32 30 27 178 107 36 57
internal_value=0.000269542 -0.00028169 -0.00614035 0.000838926 -0.00107656 -0.00345659 -0.0107143
internal_weight=742 710 114 596 418 311 84
internal_count=742 710 114 596 418 311 84
is_linear=0
shrinkage=0.05


Tree=23
num_leaves=8
num_cat=0
split_feature=13 3 1 13 2 3 16
split_gain=2.03658 1.90236 1.99552 1.85942 1.61645 2.87519 1.70922
threshold=25.319999694824222 -0.0025079616370586306 0.050598193878558469 15.464999675750734 -0.01352484945151272 -0.009031046489642534 -0.002427181804697975
decision_type=2 2 2 2 2 2 2
left_child=1 4 3 -3 5 -1 -6
right_child=-2 2 -4 -5 6 -7 -8
leaf_value=5.4453877543793893e-05 0.00033977343677974413 -2.9380161041528582e-05 -0.00011527727056986599 7.3974116813542868e-05 0.00027031068196468118 -0.0001702166993135028 -3.960611486779108e-05
leaf_weight=30 35 180 29 285 41 59 92
leaf_count=30 35 180 29 285 41 59 92
internal_value=0.000366178 -0.000209497 0.00151822 0.00231183 -0.00405405 -0.00926966 -0.00056391
internal_weight=751 716 494 465 222 89 133
internal_count=751 716 494 465 222 89 133
is_linear=0
shrinkage=0.05


Tree=24
num_leaves=8
num_cat=0
split_feature=11 10 11 0 14 4 4
split_gain=2.34544 1.29849 2.06068 1.73809 1.58131 1.51707 2.3681
threshold=-0.023324981642921735 0.0043154379998111567 0.029571955445533264 0.014116201394526741 -0.054805799949304061 0.021919533522093023 0.023649980862618988
decision_type=2 2 2 2 2 2 2
left_child=-1 3 4 5 -3 -2 -7
right_child=1 2 -4 -5 -6 6 -8
leaf_value=0.00019513405494978278 -5.1037902477107937e-05 -7.0856214998941616e-06 -6.4092410480127816e-05 -0.00011443897409538324 9.6282355575054532e-05 0.00020806561144362566 -1.2255889095259516e-05
leaf_weight=53 288 89 37 40 107 41 94
leaf_count=53 288 89 37 40 107 41 94
internal_value=-0.000233645 -0.00100575 0.00203863 -0.0025378 0.00408163 -0.00159574 0.00277778
internal_weight=749 696 233 463 196 423 135
internal_count=749 696 233 463 196 423 135
is_linear=0
shrinkage=0.05


Tree=25
num_leaves=8
num_cat=0
split_feature=12 5 3 3 5 0 1
split_gain=2.32151 1.8426 1.59404 2.0774 2.88172 2.10746 1.99457
threshold=-0.052281358654850445 0.0096846307794363849 -0.0025079616370586306 0.00025394998918215622 0.014684522764558445 -0.0023078243273934591 0.013020096489826384
decision_type=2 2 2 2 2 2 2
left_child=-1 -2 -3 4 5 -4 -7
right_child=1 2 3 -5 -6 6 -8
leaf_value=0.00034169326765421076 -0.00014914353984375796 -2.5152318029371988e-05 0.00021325772606448098 -8.4228373724708729e-06 -0.00015445651629435368 -7.2146153562248702e-05 9.598148981675614e-05
leaf_weight=30 70 198 49 304 33 25 48
leaf_count=30 70 198 49 304 33 25 48
internal_value=-0.000297226 -0.000859697 -3.80518e-05 0.00157952 0.00629032 0.00983607 0.00445205
internal_weight=757 727 657 459 155 122 73
internal_count=757 727 657 459 155 122 73
is_linear=0
shrinkage=0.05


Tree=26
num_leaves=8
num_cat=0
split_feature=3 6 8 9 5 5 6
split_gain=1.72181 2.58001 1.49028 1.48561 1.68075 2.46248 1.97739
threshold=-0.0025079616370586306 -0.55341434256499256 -0.05389840268225609 -0.050123871427009685 0.014668021535192761 0.014048459357573718 -0.35144080348673162
decision_type=2 2 8 8 2 2 2
left_child=1 -1 -3 -2 5 -5 -6
right_child=3 2 -4 4 6 -7 -8
leaf_value=-0.00010698624420517256 0.00019021753545012436 0.00018497050128819779 -2.2380187498406205e-05 6.936686295217626e-07 8.4560035902217851e-06 0.00025075402582603348 -0.00017544073081203213
leaf_weight=53 51 31 138 328 53 45 38
leaf_count=53 51 31 138 328 53 45 38
internal_value=-0.000373134 -0.00405405 -0.0010355 0.00121359 0.000323276 0.00180965 -0.00576923
internal_weight=737 222 169 515 464 373 91
internal_count=737 222 169 515 464 373 91
is_linear=0
shrinkage=0.05


Tree=27
num_leaves=8
num_cat=0
split_feature=11 12 10 15 14 0 6
split_gain=1.90276 1.81229 1.4604 1.5795 2.35937 1.37472 1.55779
threshold=-0.023324981642921735 -0.027486551032664949 0.0080340527889744013 0.010840624296561298 -0.073050802278400592 -0.0020516853705704881 1.3926710812539274
decision_type=2 2 2 2 2 2 2
left_child=1 -1 5 -4 -5 6 -2
right_child=2 -3 3 4 -6 -7 -8
leaf_value=0.00029240657892819292 -1.8978965064927328e-05 -1.9104013057723995e-06 8.757047260980603e-05 -0.00014583918888027127 9.7400137616582717e-05 -5.7990209418117435e-05 0.00037215094853737367
leaf_weight=30 228 29 70 33 25 305 29
leaf_count=30 228 29 70 33 25 305 29
internal_value=-0.000567423 0.00805085 -0.00130435 0.00351563 -0.00258621 -0.00240214 0.000291829
internal_weight=749 59 690 128 58 562 257
internal_count=749 59 690 128 58 562 257
is_linear=0
shrinkage=0.05


Tree=28
num_leaves=8
num_cat=0
split_feature=4 16 1 2 11 10 14
split_gain=1.86827 1.51228 2.08523 1.92451 1.381 1.6713 2.68009
threshold=0.017441679789193691 0.022255248049453117 0.020572865445788627 0.059289820184183613 -0.023324981642921735 0.0057158529632723729 -0.021911996714153944
decision_type=2 2 2 2 2 2 2
left_child=-1 2 3 4 -2 6 -6
right_child=1 -3 -4 -5 5 -7 -8
leaf_value=-5.4491691352300086e-05 0.00017670929675895827 -3.7358517917021177e-05 0.00014360429047216333 -0.00016607620767267298 -0.00018567197648217593 0.00010815370680095082 6.7878758581212123e-06
leaf_weight=182 56 101 90 47 50 72 166
leaf_count=182 56 101 90 47 50 72 166
internal_value=-0.00052356 0.000859107 0.00202703 0.00044757 0.00174419 0.000347222 -0.00185185
internal_weight=764 582 481 391 344 288 216
internal_count=764 582 481 391 344 288 216
is_linear=0
shrinkage=0.05


Tree=29
num_leaves=8
num_cat=0
split_feature=9 4 5 2 11 1 3
split_gain=1.99053 1.89154 2.00499 1.88903 1.50617 1.46874 1.24859
threshold=0.045365779133439206 0.015345377972816016 0.017478376559691238 0.058242511715294161 -0.028866673855592325 -0.035037921102079143 -0.002574510192563217
decision_type=8 2 2 2 2 2 2
left_child=3 -2 5 4 -1 -3 -6
right_child=1 2 -4 -5 6 -7 -8
leaf_value=0.00030913083457060128 -7.962247390458653e-05 0.00018169248672140795 -0.00019544357774673772 -0.00011427458192838979 -2.99751402405827e-05 -1.1329766648492417e-05 5.5694603450491981e-05
leaf_weight=26 33 25 40 47 74 314 173
leaf_count=26 33 25 40 47 74 314 173
internal_value=-0.000614754 -0.00291262 -0.00191293 0.00234375 0.00393773 -0.000663717 0.00273279
internal_weight=732 412 379 320 273 339 247
internal_count=732 412 379 320 273 339 247
is_linear=0
shrinkage=0.05


Tree=30
num_leaves=8
num_cat=0
split_feature=2 2 8 6 14 11 11
split_gain=1.83462 2.15203 1.88218 1.71354 2.05621 2.60715 1.93182
threshold=-0.036511332363855557 -0.055837312109490438 -0.019814214622770662 -0.89812002940768021 -0.054330610723124943 0.014774738031643421 -0.010415606122508412
decision_type=2 2 8 2 2 2 2
left_child=1 2 -1 -2 -5 6 -6
right_child=3 -3 -4 4 5 -7 -8
leaf_value=7.6859187141736014e-06 -0.00016889050299717892 0.00014715799751539765 -0.00013618895647408055 -9.6378479331336522e-05 0.00010015492193193675 0.00010650437883236641 -3.2661422833963194e-05
leaf_weight=122 62 52 26 73 57 98 248
leaf_count=122 62 52 26 73 57 98 248
internal_value=-0.000338753 0.00375 0.000675676 -0.00185874 -0.000840336 0.000558313 -0.00172131
internal_weight=738 200 148 538 476 403 305
internal_count=738 200 148 538 476 403 305
is_linear=0
shrinkage=0.05


Tree=31
num_leaves=8
num_cat=0
split_feature=13 3 3 3 7 0 12
split_gain=2.04557 0.934197 1.59137 1.5536 1.85343 1.45363 1.81601
threshold=25.319999694824222 -0.0025079616370586306 -0.0017576289213109273 -0.009735017354568996 0.027540734214426047 -0.0069729807078261477 -0.0093119022308690274
decision_type=2 2 2 2 2 2 2
left_child=1 3 -3 -1 -5 -4 -7
right_child=-2 2 5 4 -6 6 -8
leaf_value=3.7289333336298744e-05 0.00031106792199645363 0.00010700232787470115 5.8043676219658685e-05 -0.00011816795383346579 6.5552774935998765e-05 0.00012686679019354772 -3.8789293872264641e-05
leaf_weight=45 32 33 84 122 42 60 320
leaf_count=45 32 33 84 122 42 60 320
internal_value=0.000135501 -0.000424929 0.000754527 -0.00322967 -0.0054878 0 -0.00131579
internal_weight=738 706 497 209 164 464 380
internal_count=738 706 497 209 164 464 380
is_linear=0
shrinkage=0.05


Tree=32
num_leaves=8
num_cat=0
split_feature=8 15 4 14 6 15 10
split_gain=1.50157 2.09041 1.95776 1.47607 1.44379 1.27745 2.41968
threshold=-0.069333408214169542 0.0082599961344452816 0.028925653992729932 -0.0049345356588886271 -0.15164105200936287 0.0052802669876842465 0.00446494553626653
decision_type=8 2 2 2 2 2 2
left_child=3 2 5 -1 -3 6 -2
right_child=1 4 -4 -5 -6 -7 -8
leaf_value=-3.614134685622204e-05 -2.2354397240773909e-05 9.2996663361626279e-05 -0.00026307057237939276 0.00026238774423797848 -3.2722511366141884e-05 -6.0469719857952652e-05 9.9574122642924956e-05
leaf_weight=38 372 70 27 43 44 81 76
leaf_count=38 372 70 27 43 44 81 76
internal_value=-0.000565912 -0.00134328 -0.00260791 0.0058642 0.00482456 -0.00193762 -0.000892857
internal_weight=751 670 556 81 114 529 448
internal_count=751 670 556 81 114 529 448
is_linear=0
shrinkage=0.05


Tree=33
num_leaves=8
num_cat=0
split_feature=8 8 15 15 14 10 13
split_gain=1.49123 2.14145 1.25515 2.13192 1.70735 1.58209 1.5907
threshold=-0.090046121049684 -0.079213400984105661 0.0082599961344452816 0.0047490633467252028 -0.017376391061688031 0.0081956619817711313 17.695000648498539
decision_type=8 10 2 2 2 2 2
left_child=-1 -2 3 5 -4 6 -3
right_child=1 2 4 -5 -6 -7 -8
leaf_value=0.00023291961966607767 -0.00021011700046043243 -2.7457167579270127e-05 -5.0809473270364489e-07 -6.8210375526399594e-05 0.00023566735942301626 0.00011098002229119773 2.6143513044099564e-05
leaf_weight=37 35 292 86 100 34 26 138
leaf_count=37 35 292 86 100 34 26 138
internal_value=-0.00100267 -0.00151195 -0.000887574 -0.00188849 0.00375 -0.000438596 -0.00116279
internal_weight=748 711 676 556 120 456 430
internal_count=748 711 676 556 120 456 430
is_linear=0
shrinkage=0.05


Tree=34
num_leaves=8
num_cat=0
split_feature=5 13 16 14 11 3 16
split_gain=1.67439 2.60251 1.7496 2.44559 2.29437 1.60922 1.50124
threshold=0.01163357955980667 19.23499965667725 -0.0025873537081562144 -0.025685626403374347 0.0035059532242039952 0.00082377674873779238 0.036245692549971127
decision_type=2 2 2 2 2 2 2
left_child=1 -1 3 5 -4 -2 -6
right_child=2 -3 4 -5 6 -7 -8
leaf_value=-4.4413947054856504e-05 -0.00022924820579807046 0.00014071031245789905 -6.312130928479353e-05 0.00018153593902032065 4.2747517335758016e-05 0.00022931192007495687 -0.00019127623922572681
leaf_weight=251 25 26 85 128 177 29 28
leaf_count=251 25 26 85 128 177 29 28
internal_value=-0.000433912 -0.00351986 0.00137712 0.00521978 -0.00103448 -0.0037037 0.00182927
internal_weight=749 277 472 182 290 54 205
internal_count=749 277 472 182 290 54 205
is_linear=0
shrinkage=0.05


Tree=35
num_leaves=8
num_cat=0
split_feature=4 12 13 3 14 14 8
split_gain=1.76072 1.52957 1.32107 1.48754 1.2434 2.8093 2.08782
threshold=0.017441679789193691 0.024150461568972496 13.414999961853029 0.00036504409012561029 -0.021911996714153944 -0.012410493039419599 -0.069333408214169542
decision_type=2 2 2 2 2 2 8
left_child=1 -1 -3 -4 -2 -6 -7
right_child=4 2 3 -5 5 6 -8
leaf_value=-0.00015343935592543171 -1.5704250610063366e-05 -5.1815017735992211e-05 0.00010399762997938034 -4.8725980699367274e-05 0.00019252122529322117 0.00020451343490368037 -7.6436991233579634e-06
leaf_weight=54 218 59 27 33 37 46 279
leaf_count=54 218 59 27 33 37 46 279
internal_value=-0.00063081 -0.0050578 -0.00189076 0.00333333 0.000689655 0.00248619 0.001
internal_weight=753 173 119 60 580 362 325
internal_count=753 173 119 60 580 362 325
is_linear=0
shrinkage=0.05


Tree=36
num_leaves=8
num_cat=0
split_feature=5 6 6 12 6 13 12
split_gain=1.4041 0.949587 1.1092 1.04967 1.02238 2.25333 1.30667
threshold=0.0096846307794363849 1.664591151526063 0.47585236156262206 0.027544134222988518 -0.82633190665559753 15.234999656677248 0.037289246294732965
decision_type=2 2 2 2 2 2 2
left_child=-1 2 4 -4 5 -2 -7
right_child=1 -3 3 -5 -6 6 -8
leaf_value=-0.0001189552474428495 -0.00020442979169736858 8.8962671723206036e-05 -9.4268732278708373e-05 1.2439577787207776e-06 1.194306390980191e-05 3.2902866064120306e-05 -0.00014231336233957149
leaf_weight=70 25 59 53 32 436 50 25
leaf_count=70 25 59 53 32 436 50 25
internal_value=-0.0004 0.000294118 -0.000281804 -0.00558824 0.000559701 -0.004 0.000333333
internal_weight=750 680 621 85 536 100 75
internal_count=750 680 621 85 536 100 75
is_linear=0
shrinkage=0.05


Tree=37
num_leaves=8
num_cat=0
split_feature=8 8 11 0 10 0 14
split_gain=1.16943 1.47598 1.30295 2.5105 1.81575 2.17047 1.76731
threshold=-0.091785245302388893 -0.079213400984105661 0.015980558357876488 0.00043695455631020957 0.0076786476751276042 0.0072801859429157964 -0.023264351429904847
decision_type=8 10 2 2 2 2 2
left_child=-1 -2 4 -4 6 -6 -3
right_child=1 2 3 -5 5 -7 -8
leaf_value=0.00023747428178984327 -0.00013685698303466865 -5.3136593638567408e-05 0.00012386483993505486 -1.0729888777692666e-05 0.00012078630476356073 -1.2789808850047733e-05 -8.7847530044930091e-06
leaf_weight=36 43 98 55 102 29 46 349
leaf_count=36 43 98 55 102 29 46 349
internal_value=-0.000461741 -0.000900277 -0.00033137 0.00366242 -0.00153257 0.00566667 -0.00274049
internal_weight=758 722 679 157 522 75 447
internal_count=758 722 679 157 522 75 447
is_linear=0
shrinkage=0.05


Tree=38
num_leaves=8
num_cat=0
split_feature=6 0 3 6 6 4 9
split_gain=1.43124 2.08348 1.43611 2.03793 1.25583 2.20069 1.24256
threshold=1.2283213046376473 -0.0044044926395913056 -0.0032093940320892518 -0.55341434256499256 0.085792428636434201 0.022485577883457463 0.021173889908925218
decision_type=2 2 2 2 2 2 10
left_child=2 -2 3 -1 5 6 -5
right_child=1 -3 -4 4 -6 -7 -8
leaf_value=-0.00010348694895267819 0.00039090656916255509 -8.8019633503979251e-06 1.7186426102938289e-06 8.9175063815813161e-05 -8.7327783308257219e-05 0.00017898684084610819 -0.00011339814468985569
leaf_weight=49 35 48 489 26 43 29 29
leaf_count=49 35 48 489 26 43 29 29
internal_value=-0.000467914 0.00572289 -0.0012406 -0.00511364 -0.00177165 0.00178571 -0.00409091
internal_weight=748 83 665 176 127 84 55
internal_count=748 83 665 176 127 84 55
is_linear=0
shrinkage=0.05


Tree=39
num_leaves=8
num_cat=0
split_feature=3 3 8 3 10 15 15
split_gain=1.29196 1.31742 1.52023 2.15697 1.94277 2.4137 1.41455
threshold=0.01200129172525777 0.0026251813074705814 -0.088299371978840233 -0.0032093940320892518 -0.0012213944728807211 0.0096757027572456095 0.0029048315198262347
decision_type=2 2 8 2 2 2 2
left_child=1 2 -1 -4 -5 -6 -3
right_child=-2 6 3 4 5 -7 -8
leaf_value=0.00025330188416357855 0.00012996045076098519 -5.4516316730740577e-05 -4.6645051379678613e-05 9.4310384279759892e-05 -3.8473112053247651e-05 0.00015790135996461837 -1.0801859971736225e-05
leaf_weight=26 31 91 186 102 173 28 100
leaf_count=26 31 91 186 102 173 28 100
internal_value=-0.0011194 -0.00155807 -0.000242718 -0.000869121 0.00173267 -0.0011194 -0.00510471
internal_weight=737 706 515 489 303 201 191
internal_count=737 706 515 489 303 201 191
is_linear=0
shrinkage=0.05


Tree=40
num_leaves=8
num_cat=0
split_feature=10 9 15 14 8 4 15
split_gain=1.04158 1.16844 1.28 0.97392 1.09874 1.47558 1.73807
threshold=0.0097369243033607073 0.05635784841510328 0.011052408707274088 -0.054805799949304061 -0.069333408214169542 0.028925653992729932 0.0096757027572456095
decision_type=2 8 2 2 8 2 2
left_child=3 2 -2 -1 -5 6 -6
right_child=1 -3 -4 4 5 -7 -8
leaf_value=-6.4188283373554442e-05 0.0001911901694207907 -1.2244419360829454e-05 1.0757644850921486e-05 0.00013921884508042183 -1.0019756668927602e-05 -0.00028295349520501389 0.00012999771597826913
leaf_weight=66 25 38 25 52 485 26 33
leaf_count=66 25 38 25 52 485 26 33
internal_value=-0.00113333 0.00397727 0.009 -0.00181269 -0.0011745 -0.00183824 -0.00125483
internal_weight=750 88 50 662 596 544 518
internal_count=750 88 50 662 596 544 518
is_linear=0
shrinkage=0.05


Tree=41
num_leaves=8
num_cat=0
split_feature=3 3 8 12 12 0 1
split_gain=1.40218 1.44681 1.56476 1.46503 1.45293 1.72399 2.00168
threshold=0.0026251813074705814 -0.0025079616370586306 -0.090046121049684 0.032365039336737407 0.0053623366190914687 -0.002372050137373571 0.0066785905965712775
decision_type=2 2 10 2 2 2 2
left_child=1 2 -1 -4 -3 -6 -7
right_child=-2 4 3 -5 5 6 -8
leaf_value=0.00019110988623366861 -2.187084189299183e-05 0.00013388093737580365 -9.5479361102613928e-05 3.7484084857661827e-05 7.4324545542226114e-05 -0.00010069915975159535 4.8038864752354349e-05
leaf_weight=28 223 78 145 59 80 46 93
leaf_count=28 223 78 145 59 80 46 93
internal_value=-0.000598404 0.000803403 -0.00215517 -0.00367647 0.00311448 0.0010274 -0.00233813
internal_weight=752 529 232 204 297 219 139
internal_count=752 529 232 204 297 219 139
is_linear=0
shrinkage=0.05


Tree=42
num_leaves=8
num_cat=0
split_feature=3 3 8 3 10 9 6
split_gain=1.70688 1.49148 1.40171 1.45785 2.11295 1.51711 1.83184
threshold=0.0026251813074705814 0.0038252852179946344 -0.088299371978840233 -0.0032093940320892518 -0.0012213944728807211 -0.012862614343928378 -0.15761251527110404
decision_type=2 2 8 2 2 8 2
left_child=2 -2 -1 5 -5 -4 -7
right_child=1 -3 3 4 -6 6 -8
leaf_value=0.00022164073006941849 -9.1673847676157364e-05 -6.788685423349435e-06 -0.00014170498485390612 8.6128267386260607e-05 -6.2588044673323778e-06 -6.5200085118340923e-05 1.3837686260801666e-05
leaf_weight=29 48 176 28 100 209 85 78
leaf_count=29 48 176 28 100 209 85 78
internal_value=-0.00102922 -0.0046875 0.000519849 -0.0001 0.00202265 -0.00353403 -0.00168712
internal_weight=753 224 529 500 309 191 163
internal_count=753 224 529 500 309 191 163
is_linear=0
shrinkage=0.05


Tree=43
num_leaves=8
num_cat=0
split_feature=6 11 3 1 8 0 9
split_gain=1.60359 1.5294 1.22371 1.84449 2.10267 1.76989 2.23099
threshold=1.664591151526063 0.036250382984596159 0.0026251813074705814 0.0021356307262117018 -0.069333408214169542 0.00029263364380927031 0.061664505973600299
decision_type=2 2 2 2 8 2 10
left_child=1 2 3 4 -1 6 -5
right_child=-2 -3 -4 5 -6 -7 -8
leaf_value=0.00016803830590662218 0.0001162946950724374 -0.00011092738517115399 -2.5823009205482767e-05 7.1527868770737433e-05 -3.5637832316579025e-05 5.1247944669759442e-06 0.00042305044915554409
leaf_weight=30 64 31 187 61 211 131 31
leaf_count=30 64 31 187 61 211 131 31
internal_value=-0.000536193 -0.00124633 -0.000729647 0.000646552 -0.00238589 0.00392377 0.00923913
internal_weight=746 682 651 464 241 223 92
internal_count=746 682 651 464 241 223 92
is_linear=0
shrinkage=0.05


Tree=44
num_leaves=8
num_cat=0
split_feature=0 11 10 12 14 4 14
split_gain=1.48784 2.52191 2.04446 2.0131 1.72429 3.81264 2.37061
threshold=-0.0039347323568073569 -0.00043728349314975373 -0.00053944274453426855 0.040743436804810747 0.0091478412114857095 0.018321364928287447 -0.03897851358283843
decision_type=2 2 2 2 2 2 2
left_child=1 2 -1 4 6 -6 -2
right_child=3 -3 -4 -5 5 -7 -8
leaf_value=3.7342216830822932e-06 -1.5009320022514898e-05 9.2397310018572801e-05 -0.00015835967383719883 -5.1158614332313902e-05 -0.00024397423747752573 3.5474407112720023e-06 6.9039937235465019e-05
leaf_weight=100 126 124 28 112 35 76 139
leaf_count=100 126 124 28 112 35 76 139
internal_value=-0.000540541 0.00257937 -0.00234375 -0.00215164 -0.000398936 -0.00563063 0.00179245
internal_weight=740 252 128 488 376 111 265
internal_count=740 252 128 488 376 111 265
is_linear=0
shrinkage=0.05


end of trees

feature_importances:
overnight_gap=44
dvol_z_20=27
dist_ma50=25
spy_ret_5d=22
spy_ret_1d=20
spy_ret_20d=20
vix_level=19
vix_chg_1d=19
ret_1d=18
atr_pct=17
parkinson_20=16
sector_ret_5d=16
sector_ret_1d=15
dist_ma200=13
ret_20d=11
ret_5d=10
dist_ma20=3

parameters:
[boosting: gbdt]
[objective: quantile]
[metric: quantile]
[tree_learner: serial]
[device_type: cpu]
[data_sample_strategy: bagging]
[data: ]
[valid: ]
[num_iterations: 80]
[learning_rate: 0.05]
[num_leaves: 8]
[num_threads: 1]
[seed: 0]
[deterministic: 0]
[force_col_wise: 1]
[force_row_wise: 0]
[histogram_pool_size: -1]
[max_depth: -1]
[min_data_in_leaf: 25]
[min_sum_hessian_in_leaf: 0.001]
[bagging_fraction: 0.9]
[pos_bagging_fraction: 1]
[neg_bagging_fraction: 1]
[bagging_freq: 1]
[bagging_seed: 3]
[bagging_by_query: 0]
[feature_fraction: 0.9]
[feature_fraction_bynode: 1]
[feature_fraction_seed: 2]
[extra_trees: 0]
[extra_seed: 6]
[early_stopping_round: 0]
[early_stopping_min_delta: 0]
[first_metric_only: 0]
[max_delta_step: 0]
[lambda_l1: 0]
[lambda_l2: 0]
[linear_lambda: 0]
[min_gain_to_split: 0]
[drop_rate: 0.1]
[max_drop: 50]
[skip_drop: 0.5]
[xgboost_dart_mode: 0]
[uniform_drop: 0]
[drop_seed: 4]
[top_rate: 0.2]
[other_rate: 0.1]
[min_data_per_group: 100]
[max_cat_threshold: 32]
[cat_l2: 10]
[cat_smooth: 10]
[max_cat_to_onehot: 4]
[top_k: 20]
[monotone_constraints: ]
[monotone_constraints_method: basic]
[monotone_penalty: 0]
[feature_contri: ]
[forcedsplits_filename: ]
[refit_decay_rate: 0.9]
[cegb_tradeoff: 1]
[cegb_penalty_split: 0]
[cegb_penalty_feature_lazy: ]
[cegb_penalty_feature_coupled: ]
[path_smooth: 0]
[interaction_constraints: ]
[verbosity: -1]
[saved_feature_importance_type: 0]
[use_quantized_grad: 0]
[num_grad_quant_bins: 4]
[quant_train_renew_leaf: 0]
[stochastic_rounding: 1]
[linear_tree: 0]
[max_bin: 255]
[max_bin_by_feature: ]
[min_data_in_bin: 3]
[bin_construct_sample_cnt: 200000]
[data_random_seed: 1]
[is_enable_sparse: 1]
[enable_bundle: 1]
[use_missing: 1]
[zero_as_missing: 0]
[feature_pre_filter: 1]
[pre_partition: 0]
[two_round: 0]
[header: 0]
[label_column: ]
[weight_column: ]
[group_column: ]
[ignore_column: ]
[categorical_feature: ]
[forcedbins_filename: ]
[precise_float_parser: 0]
[parser_config_file: ]
[objective_seed: 5]
[num_class: 1]
[is_unbalance: 0]
[scale_pos_weight: 1]
[sigmoid: 1]
[boost_from_average: 1]
[reg_sqrt: 0]
[alpha: 0.5]
[fair_c: 1]
[poisson_max_delta_step: 0.7]
[tweedie_variance_power: 1.5]
[lambdarank_truncation_level: 30]
[lambdarank_norm: 1]
[label_gain: ]
[lambdarank_position_bias_regularization: 0]
[eval_at: ]
[multi_error_top_k: 1]
[auc_mu_weights: ]
[num_machines: 1]
[local_listen_port: 12400]
[time_out: 120]
[machine_list_filename: ]
[machines: ]
[gpu_platform_id: -1]
[gpu_device_id: -1]
[gpu_device_id_list: ]
[gpu_use_dp: 0]
[num_gpu: 1]

end of parameters

pandas_categorical:[]
