tree
version=v4
num_class=1
num_tree_per_iteration=1
label_index=0
max_feature_idx=16
objective=quantile
feature_names=ret_1d ret_5d ret_20d overnight_gap atr_pct parkinson_20 dvol_z_20 dist_ma20 dist_ma50 dist_ma200 spy_ret_1d spy_ret_5d spy_ret_20d vix_level vix_chg_1d sector_ret_1d sector_ret_5d
feature_infos=[-0.1699278694179237:0.11058601935075507] [-0.30125699815895801:0.13176297069022214] [-0.36280233425116204:0.22396043310278269] [-0.14340884842795487:0.098014878501780034] [0.013685458795885995:0.090909081494845737] [0.0096583590149779582:0.045426801346425572] [-2.3036143975662551:3.9295190216723781] [-0.29179431798780131:0.1401396139787765] [-0.33172972958796443:0.23124024625249162] [-0.21496758260421134:0.24182835012872794] [-0.058542971330535654:0.10501930183911301] [-0.11496151859245618:0.082843162776128354] [-0.1226559005192206:0.15756591020035837] [11.859999656677246:52.330001831054688] [-0.35753873962348437:0.74039073966007019] [-0.073180917682286184:0.075364333134955164] [-0.12187676960594984:0.078003472462632839]
tree_sizes=834 859 846 851 862 858 852 863 858 860 854 856 863 865 851 851 854 847 858 849 860 864 862 858 831 856 857 855 853 855 864 865 850 860 859 860 858 859 862 855 873 855 854 864 863 863 855 853 855 859 854 867 856 856 860 861 855 853 853 853 864

Tree=0
num_leaves=8
num_cat=0
split_feature=5 5 13 3 3 16 9
split_gain=4.66776 2.83937 3.50406 2.19052 1.86585 1.86036 2.03576
threshold=0.020557137394590658 0.012080820635494706 19.585000038146976 0.0010506387099771255 0.0042386384096574367 -0.004262126321136094 0.23114811919112291
decision_type=2 2 2 2 2 2 8
left_child=1 2 3 -1 5 6 -3
right_child=-2 4 -4 -5 -6 -7 -8
leaf_value=0.0097713944967836135 0.010384011967107653 0.01013935946393758 0.010238586040213705 0.009652103984262795 0.010002491343766452 0.0098283781902864572 0.0096758958417922265
leaf_weight=60 102 98 25 56 163 216 26
leaf_count=60 102 98 25 56 163 216 26
internal_value=0.00978262 0.00820859 0.00193794 -0.00172127 0.00996637 0.00785784 0.0127392
internal_weight=746 644 141 116 503 340 124
internal_count=746 644 141 116 503 340 124
is_linear=0
shrinkage=1


Tree=1
num_leaves=8
num_cat=0
split_feature=12 0 5 10 10 13 3
split_gain=3.64206 3.78129 3.78927 2.7488 2.61166 2.3637 2.21484
threshold=0.0053623366190914687 -0.02348452800586481 0.01394594703318263 0.0034066774365857371 -0.0037750757818245657 16.164999961853031 0.012752620513678871
decision_type=2 2 2 2 2 2 2
left_child=6 -2 4 -4 -3 -6 -1
right_child=1 2 3 -5 5 -7 -8
leaf_value=0.0001023060304578394 0.00025160164921544497 3.6626388318836658e-05 -8.3661485696211451e-05 0.00018499459605664012 -0.00020429956377483903 -0.0001110126721323468 0.00070356017444282769
leaf_weight=215 29 34 133 93 107 94 28
leaf_count=215 29 34 133 93 107 94 28
internal_value=-0.000375171 -0.00285714 -0.00395879 0.000663717 -0.00840426 -0.0105721 0.00462963
internal_weight=733 490 461 226 235 201 243
internal_count=733 490 461 226 235 201 243
is_linear=0
shrinkage=0.05


Tree=2
num_leaves=8
num_cat=0
split_feature=4 4 16 13 13 6 8
split_gain=4.60185 2.85648 2.75711 2.75521 2.70775 2.31511 2.41314
threshold=0.039064598383452116 0.019685441795561174 0.02180766198516693 14.175000190734865 16.095000267028812 -1.1889841146598634 0.13994328590743713
decision_type=2 2 2 2 2 2 8
left_child=1 4 5 -4 -1 -3 -7
right_child=-2 2 3 -5 -6 6 -8
leaf_value=-0.00018053605925524605 0.00053031373306293981 -0.00019289354042848571 8.5222570865880695e-05 -0.00025366923602996395 5.8143859154370174e-05 0.00011233444727258759 -0.00023213563900208102
leaf_weight=68 68 39 32 64 58 383 33
leaf_count=68 68 39 32 64 58 383 33
internal_value=0.000100671 -0.00114476 0.000408348 -0.00729167 -0.00793651 0.00203297 0.003125
internal_weight=745 677 551 96 126 455 416
internal_count=745 677 551 96 126 455 416
is_linear=0
shrinkage=0.05


Tree=3
num_leaves=8
num_cat=0
split_feature=4 6 4 13 8 9 12
split_gain=4.48571 2.28478 2.07933 2.35604 2.04731 1.94708 1.86744
threshold=0.039064598383452116 -0.93711653060617461 0.019685441795561174 16.095000267028812 0.13994328590743713 0.079436147457434783 0.015576127060618618
decision_type=2 2 2 2 8 8 2
left_child=1 5 3 -3 -4 -1 -7
right_child=-2 2 4 -5 -6 6 -8
leaf_value=-0.0003042630459211068 0.00055881881460518353 -0.00016425649384909768 6.0578638603328707e-05 0.00012451860205583214 -0.00020375432380824351 0.00017903892410977282 -0.00020086828300263732
leaf_weight=41 70 53 428 49 34 28 34
leaf_count=41 70 53 428 49 34 28 34
internal_value=0.000101764 -0.00116192 8.86525e-05 -0.00637255 0.00151515 -0.00800971 -0.00241935
internal_weight=737 667 564 102 462 103 62
internal_count=737 667 564 102 462 103 62
is_linear=0
shrinkage=0.05


Tree=4
num_leaves=8
num_cat=0
split_feature=5 12 0 16 0 3 8
split_gain=4.92736 2.95743 2.90044 2.01066 1.97927 2.22834 2.28572
threshold=0.019915218235509125 0.0082902171521933594 0.022940061519804104 0.023726711464747922 -0.017228067774252006 0.0038507560631951825 0.073226294111257709
decision_type=2 2 2 2 2 2 10
left_child=1 -1 4 -2 -3 -6 -7
right_child=3 2 -4 -5 5 6 -8
leaf_value=8.7615121110720852e-05 0.00040488492579821472 0.00016162699190921563 9.2335850478993996e-05 -0.00015880321040109263 -0.00015084734712960193 -8.1140690780157412e-05 0.00019753936439432433
leaf_weight=223 88 26 33 25 244 77 27
leaf_count=223 88 26 33 25 244 77 27
internal_value=-0.000100942 -0.0018254 -0.00436118 0.00951327 -0.00561497 -0.0066092 -0.000480769
internal_weight=743 630 407 113 374 348 104
internal_count=743 630 407 113 374 348 104
is_linear=0
shrinkage=0.05


Tree=5
num_leaves=8
num_cat=0
split_feature=4 5 10 16 3 12 4
split_gain=5.15589 2.69487 1.67409 1.72406 1.46426 1.78695 1.86251
threshold=0.039064598383452116 0.012080820635494706 -0.0042976015384410529 0.01645402352398562 0.0017250708099620928 0.0065049739274190008 0.027873396772734014
decision_type=2 2 2 2 2 2 2
left_child=1 2 -1 -4 -3 6 -6
right_child=-2 4 3 -5 5 -7 -8
leaf_value=0.00011997470410556885 0.00048124997026018274 -4.1815173259066767e-05 -0.0001757063022885923 0.00013961020516112341 0.0003418999912252984 -3.3271396972076821e-06 -4.8861666708464348e-05
leaf_weight=26 72 298 91 27 53 134 31
leaf_count=26 72 298 91 27 53 134 31
internal_value=-0.000204918 -0.00159091 -0.00763889 -0.0101695 9.68992e-05 0.00321101 0.00892857
internal_weight=732 660 144 118 516 218 84
internal_count=732 660 144 118 516 218 84
is_linear=0
shrinkage=0.05


Tree=6
num_leaves=8
num_cat=0
split_feature=8 11 0 16 10 10 2
split_gain=3.97691 2.15066 2.73927 2.66667 2.25041 2.0802 2.01667
threshold=-0.14420946871004311 -0.013761586960897574 0.022940061519804104 0.021082473962023788 0.0033239655967035602 -0.013932241848525038 -0.0036866348626638508
decision_type=8 2 2 2 2 2 2
left_child=-1 4 -3 -4 5 -2 -7
right_child=1 2 3 -5 -6 6 -8
leaf_value=0.00060015475698056882 -3.9987728023771837e-05 -6.25794210287643e-05 0.00037072118665504392 -3.9393608158747564e-05 -0.00025326192464317037 0.00034537498020618138 9.7104643297269482e-05
leaf_weight=40 25 539 27 27 26 30 30
leaf_count=40 25 539 27 27 26 30 30
internal_value=-0.000336022 -0.00120739 -0.00240304 0.00833333 0.00518018 0.00911765 0.0141667
internal_weight=744 704 593 54 111 85 60
internal_count=744 704 593 54 111 85 60
is_linear=0
shrinkage=0.05


Tree=7
num_leaves=8
num_cat=0
split_feature=5 10 8 3 11 8 12
split_gain=3.9251 3.38203 2.86159 2.23846 1.77873 1.81085 1.56473
threshold=0.012080820635494706 -0.0042976015384410529 -0.1851446407454406 0.0017250708099620928 -0.013624975324509013 -0.067701922631517905 0.055910594976570589
decision_type=2 2 8 2 2 10 2
left_child=1 -1 -2 4 5 -4 -5
right_child=2 -3 3 6 -6 -7 -8
leaf_value=0.00022087531207859307 0.00074070826195611985 -0.00015020563543839623 -3.7988341622583259e-05 0.00013749652639436549 -7.2497499791580186e-05 0.00019234436640127954 -0.00015153822303793767
leaf_weight=30 26 110 27 223 262 36 26
leaf_count=30 26 110 27 223 262 36 26
internal_value=-0.000675676 -0.00821429 0.00108333 0.000348432 -0.00238462 0.00515873 0.00391566
internal_weight=740 140 600 574 325 63 249
internal_count=740 140 600 574 325 63 249
is_linear=0
shrinkage=0.05


Tree=8
num_leaves=8
num_cat=0
split_feature=4 12 1 3 0 10 8
split_gain=2.88363 3.09801 2.35166 2.31999 2.02413 2.12898 2.0039
threshold=0.022927463812692794 0.0062346359643689073 0.075963365393109786 0.014927422703490458 0.018357480234541982 -0.0042976015384410529 -0.024516037448038316
decision_type=2 2 2 2 2 2 10
left_child=1 6 3 -2 5 -3 -1
right_child=2 4 -4 -5 -6 -7 -8
leaf_value=-3.9402011281037451e-05 3.2049861598301356e-05 5.8732187388110121e-05 -0.00024697615508812056 0.00060163259937684769 4.5329938041950742e-05 -0.00014884772967946403 0.00029451752153235045
leaf_weight=26 373 33 27 33 25 199 45
leaf_count=26 373 33 27 33 25 199 45
internal_value=-0.00042707 -0.00396341 0.00225173 0.00320197 -0.00651751 -0.00797414 0.00528169
internal_weight=761 328 433 406 257 232 71
internal_count=761 328 433 406 257 232 71
is_linear=0
shrinkage=0.05


Tree=9
num_leaves=8
num_cat=0
split_feature=4 11 9 6 4 7 7
split_gain=3.7462 2.08864 2.11388 2.02365 2.16222 2.37135 2.80011
threshold=0.037940592610894268 -0.011803471640552064 0.14537203287159775 -1.1388289244828209 0.020725421988579535 0.072044360256212317 -0.0060654415198559955
decision_type=2 2 8 2 2 2 2
left_child=1 2 -1 -3 -5 6 -6
right_child=-2 3 -4 4 5 -7 -8
leaf_value=0.00028593554025738876 0.0004427503240097176 -0.00016522823156728749 -3.2501533136883049e-05 -0.00011291724555459737 -7.9492322747729439e-05 -0.00016145300640709069 0.00012708006621255189
leaf_weight=73 73 64 39 151 119 29 190
leaf_count=73 73 64 39 151 119 29 190
internal_value=-0.000135501 -0.00131579 0.00491071 -0.00257685 -0.00148262 0.000739645 0.00202265
internal_weight=738 665 112 553 489 338 309
internal_count=738 665 112 553 489 338 309
is_linear=0
shrinkage=0.05


Tree=10
num_leaves=8
num_cat=0
split_feature=4 8 5 5 10 12 1
split_gain=3.80084 2.18262 1.8105 2.61118 1.74164 1.32168 1.29909
threshold=0.039064598383452116 0.13994328590743713 0.012080820635494706 0.011801280694361271 -0.0042976015384410529 0.0072856290131225751 0.020463147992915046
decision_type=2 8 2 2 2 2 2
left_child=1 2 3 4 -1 -2 -6
right_child=5 -3 -4 -5 6 -7 -8
leaf_value=0.00025319322860474237 0.00066839010853544695 -0.00022536508407914577 2.3767987816119068e-05 -0.00021795575945089292 -0.00014800126430107195 0.00025211084908174062 0.00016051012212126502
leaf_weight=26 36 45 495 30 58 28 30
leaf_count=26 36 45 495 30 58 28 30
internal_value=6.68449e-05 -0.00102339 -0.000273865 -0.00520833 -0.00175439 0.0117188 -0.00511364
internal_weight=748 684 639 144 114 64 88
internal_count=748 684 639 144 114 64 88
is_linear=0
shrinkage=0.05


Tree=11
num_leaves=8
num_cat=0
split_feature=8 11 6 14 5 9 5
split_gain=3.54657 2.56692 1.79292 2.27801 1.34614 2.10068 1.23285
threshold=-0.14420946871004311 -0.0237759721784318 -0.93301711588082992 -0.033157965869525234 0.012435683893818246 0.037685296351035465 0.01119960319708635
decision_type=8 2 2 2 2 8 2
left_child=-1 -2 3 -3 5 -4 -7
right_child=1 2 4 -5 -6 6 -8
leaf_value=0.00051148719698585387 0.00026239888554886851 5.0940906116569122e-06 0.00013829434482969251 -0.0002386341546261869 2.6483953809538011e-05 3.0953044328605256e-06 -0.000144562904510485
leaf_weight=44 45 39 33 68 387 35 95
leaf_count=44 45 39 33 68 387 35 95
internal_value=-0.000134048 -0.000997151 -0.00178843 -0.00771028 -0.000636364 -0.00444785 -0.00730769
internal_weight=746 702 657 107 550 163 130
internal_count=746 702 657 107 550 163 130
is_linear=0
shrinkage=0.05


Tree=12
num_leaves=8
num_cat=0
split_feature=4 16 3 4 11 4 1
split_gain=2.37528 1.61899 1.39456 1.37635 2.5715 3.06113 2.19285
threshold=0.037940592610894268 -0.013333646822972054 0.012752620513678871 0.029308109252302244 -0.0078810131978928593 0.023951129125277824 -0.026603683396448193
decision_type=2 2 2 2 2 2 2
left_child=2 -2 3 4 -1 6 -6
right_child=1 -3 -4 -5 5 -7 -8
leaf_value=0.00014615376212055467 0.00080955077422132271 0.00014030017830390037 0.00027750688274941405 -0.00013889032849632608 -0.00019070939879599409 6.0155027536835763e-05 -7.2422083398637421e-05
leaf_weight=94 27 51 40 100 37 119 258
leaf_count=94 27 51 40 100 37 119 258
internal_value=-0.000550964 0.00769231 -0.00154321 -0.00213816 -0.00108268 -0.00277778 -0.00550847
internal_weight=726 78 648 608 508 414 295
internal_count=726 78 648 608 508 414 295
is_linear=0
shrinkage=0.05


Tree=13
num_leaves=8
num_cat=0
split_feature=4 16 10 8 15 12 10
split_gain=2.91786 1.52818 1.45143 1.37371 2.4388 3.04074 1.69108
threshold=0.037774390751388436 -0.021680461885639764 0.013844778774777857 -0.088127975262201882 -0.011329604653526669 -0.010634821304977891 0.0045502623367793546
decision_type=2 2 2 10 2 2 2
left_child=2 -2 3 -1 -5 -6 -7
right_child=1 -3 -4 4 5 6 -8
leaf_value=-0.00013729698438420075 0.00076907323551025659 0.00024965358855011442 -0.00019505556036778665 0.00028884493164136466 0.00020479328915208014 -6.4745813196261107e-05 2.3455765966839612e-05
leaf_weight=52 25 55 28 41 68 335 138
leaf_count=52 25 55 28 41 68 335 138
internal_value=-0.000269542 0.00875 -0.00135952 -0.000867508 -0.000171821 -0.00106285 -0.00248414
internal_weight=742 80 662 634 582 541 473
internal_count=742 80 662 634 582 541 473
is_linear=0
shrinkage=0.05


Tree=14
num_leaves=8
num_cat=0
split_feature=6 5 13 13 5 3 2
split_gain=2.77996 2.4081 1.64344 2.32829 2.20701 2.5078 1.71908
threshold=-1.4553942203063912 0.019915218235509125 16.469999313354496 16.775000572204593 0.013870429221891014 0.0040036673887047245 -0.10437017073243259
decision_type=2 2 2 2 2 2 2
left_child=-1 2 4 -4 -2 -6 -5
right_child=1 -3 3 6 5 -7 -8
leaf_value=-0.0002865627581559424 -0.00010733566448656038 0.00024813614889369955 0.0003638149110464289 -0.0001360371346130671 -4.3623380830934339e-05 0.00014422627863279938 4.9967643090822203e-05
leaf_weight=32 135 108 25 35 99 60 230
leaf_count=32 135 108 25 35 99 60 230
internal_value=0.000345304 0.00101156 -0.000256849 0.00241379 -0.00289116 0.00110063 0.00103774
internal_weight=724 692 584 290 294 159 265
internal_count=724 692 584 290 294 159 265
is_linear=0
shrinkage=0.05


Tree=15
num_leaves=8
num_cat=0
split_feature=13 5 12 3 12 1 1
split_gain=3.09701 2.63536 1.65848 1.65814 1.93772 1.6157 2.69944
threshold=20.060000419616703 0.012631009498440112 0.01609265809314964 -0.0020406839463666389 -0.0077540971574964193 0.075963365393109786 0.051192855108117559
decision_type=2 2 2 2 2 2 2
left_child=1 2 -1 4 -2 6 -3
right_child=3 5 -4 -5 -6 -7 -8
leaf_value=2.748337118080916e-05 -0.00011493360732554976 4.4950009195744194e-06 -0.00012138299777497493 0.00032008781421834806 0.0001336713510010754 -0.00019866736786293242 0.00028783080777553444
leaf_weight=44 48 342 148 65 25 28 32
leaf_count=44 48 342 148 65 25 28 32
internal_value=0.000136612 -0.00143098 -0.00625 0.00688406 0.00171233 0.000870647 0.00173797
internal_weight=732 594 192 138 73 402 374
internal_count=732 594 192 138 73 402 374
is_linear=0
shrinkage=0.05


Tree=16
num_leaves=8
num_cat=0
split_feature=8 0 0 2 15 3 1
split_gain=2.53551 2.59587 1.89749 2.07002 1.92024 1.6016 1.45449
threshold=-0.015306367771900196 0.024445814661625102 0.0021388714839080118 -0.066772008864233498 0.010332478438216166 0.011710332999217534 0.0608322022124781
decision_type=8 2 2 2 2 2 2
left_child=2 5 3 -1 -4 6 -2
right_child=1 -3 4 -5 -6 -7 -8
leaf_value=-3.9938635561530701e-05 -5.2617539272110116e-05 0.00018853337324703791 0.00035441799051211194 0.00018799405081449489 -0.0001091776423028202 0.00014771305214083023 -0.00022208209957533752
leaf_weight=79 404 44 67 70 28 29 30
leaf_count=79 404 44 67 70 28 29 30
internal_value=-0.000499334 -0.00251479 0.00368852 0.000167785 0.00921053 -0.00361771 -0.00437788
internal_weight=751 507 244 149 95 463 434
internal_count=751 507 244 149 95 463 434
is_linear=0
shrinkage=0.05


Tree=17
num_leaves=8
num_cat=0
split_feature=12 6 3 4 14 15 4
split_gain=2.83579 2.72433 1.78463 2.17386 1.62141 1.61614 2.40667
threshold=0.0053623366190914687 -1.1155216015011429 0.012483703803482184 0.021663263049910616 0.083142255535003332 0.0064972637757145799 0.034813323811097911
decision_type=2 2 2 2 2 2 2
left_child=2 -2 3 -1 -3 6 -5
right_child=1 4 -4 5 -6 -7 -8
leaf_value=0.00023854139326266212 -0.00015480416964380782 -3.7036794286277567e-05 0.00049264492917588845 -5.9869429326781317e-06 0.00017980955653357344 -0.00015456010710474403 0.00039730914468242304
leaf_weight=35 50 417 27 120 27 38 30
leaf_count=35 50 417 27 120 27 38 30
internal_value=-0.000739247 -0.00293522 0.0036 0.00213004 -0.00168919 0 0.00233333
internal_weight=744 494 250 223 444 188 150
internal_count=744 494 250 223 444 188 150
is_linear=0
shrinkage=0.05


Tree=18
num_leaves=8
num_cat=0
split_feature=12 0 6 4 3 4 0
split_gain=3.22315 3.69776 2.55185 1.77852 2.38017 2.09833 1.54647
threshold=0.0072856290131225751 -0.018485042493651568 -1.1155216015011429 0.02178263823961497 0.012752620513678871 0.037940592610894268 -0.020044885683562493
decision_type=2 2 2 2 2 2 2
left_child=3 -2 -3 -1 5 6 -5
right_child=1 2 -4 4 -6 -7 -8
leaf_value=0.00022661432359952902 0.00026928779059052181 -0.00015072520040792332 -4.1653731225944211e-05 -0.00024027548907451011 0.00048340449304891815 0.00028423752925791273 -4.8562965939778947e-06
leaf_weight=45 38 47 395 29 30 33 133
leaf_count=45 38 47 395 29 30 33 133
internal_value=-0.000666667 -0.003125 -0.00441176 0.0037037 0.00188889 -0.000128205 -0.00246914
internal_weight=750 480 442 270 225 195 162
internal_count=750 480 442 270 225 195 162
is_linear=0
shrinkage=0.05


Tree=19
num_leaves=8
num_cat=0
split_feature=5 11 10 10 9 7 5
split_gain=2.5005 1.68005 1.88995 1.85092 2.20061 1.48596 1.51345
threshold=0.030776659656092178 -0.013624975324509013 0.0040968178286348031 0.012396496477192877 0.071889261266311247 0.013459122616924503 0.01406831909527481
decision_type=2 2 2 2 8 2 2
left_child=1 -1 -3 4 -4 -6 -7
right_child=-2 2 3 -5 5 6 -8
leaf_value=0.00011711637393193257 0.0003943150125212191 -6.6527825326817043e-05 -7.2562353493540972e-05 -0.00012544943670771383 5.0724016287239045e-05 2.3390191435100802e-05 0.00030965465275958936
leaf_weight=113 28 383 62 32 47 33 43
leaf_count=113 28 383 62 32 47 33 43
internal_value=-0.00037112 -0.000946704 -0.002 0.00172811 0.00364865 0.00752033 0.0118421
internal_weight=741 713 600 217 185 123 76
internal_count=741 713 600 217 185 123 76
is_linear=0
shrinkage=0.05


Tree=20
num_leaves=8
num_cat=0
split_feature=11 4 16 13 0 12 3
split_gain=2.30079 1.88699 1.80972 1.80818 3.35295 2.38468 1.60993
threshold=-0.022672211523631577 0.022927463812692794 0.03328892656389227 15.984999656677248 0.013554180521999972 0.058395968691513429 0.011982914840268923
decision_type=2 2 2 2 2 2 2
left_child=-1 3 6 4 -2 -5 -3
right_child=1 2 -4 5 -6 -7 -8
leaf_value=0.00026435414687567721 -0.00011691440096902914 7.198050012668304e-06 -0.00025221063633308735 2.9688304789640471e-05 4.7314391230251444e-05 -0.00022618436704505227 0.00025934414638507784
leaf_weight=57 110 296 38 146 26 25 41
leaf_count=57 110 296 38 146 26 25 41
internal_value=-0.000439783 -0.00124633 0.00113333 -0.00415309 -0.00845588 -0.000730994 0.0022997
internal_weight=739 682 375 307 136 171 337
internal_count=739 682 375 307 136 171 337
is_linear=0
shrinkage=0.05


Tree=21
num_leaves=8
num_cat=0
split_feature=7 6 7 11 4 4 1
split_gain=2.10266 1.83343 1.30457 2.08215 2.36269 1.6821 1.91148
threshold=-0.09793975158292921 -1.4553942203063912 0.027094676566095436 -0.0071962553700703471 0.029308109252302244 0.027098154522200209 -0.026882108029264214
decision_type=2 2 2 2 2 2 2
left_child=-1 -2 3 4 -3 6 -5
right_child=1 2 -4 5 -6 -7 -8
leaf_value=0.00045367519196287209 -0.00024285689695327119 0.00015686121600242314 1.9872509631195177e-05 -0.00016541402164671753 -8.0807921662534934e-05 1.5811361797169303e-05 -8.8601060910345995e-05
leaf_weight=29 32 89 236 34 53 106 167
leaf_count=29 32 89 236 34 53 106 167
internal_value=-0.000268097 -0.000801953 -0.000255474 -0.00183742 0.00316901 -0.00415309 -0.0068408
internal_weight=746 717 685 449 142 307 201
internal_count=746 717 685 449 142 307 201
is_linear=0
shrinkage=0.05


Tree=22
num_leaves=8
num_cat=0
split_feature=4 11 1 8 9 11 11
split_gain=2.15989 2.80706 1.77568 1.55498 1.46746 1.89548 1.48294
threshold=0.023742303160985124 -0.0078810131978928593 -0.021112625055892006 0.0066296853542699994 0.16573464770562232 0.0057915448439024306 0.011124133624280887
decision_type=2 2 2 8 8 2 2
left_child=1 3 -3 -1 5 -4 -7
right_child=-2 2 4 -5 -6 6 -8
leaf_value=0.00019835748958693146 3.6329971096397357e-05 -0.00015543118086077512 7.0932365293025203e-05 -2.5545576860276469e-05 -9.2475790607905882e-05 -0.00015667389149257878 -1.9622580764251404e-05
leaf_weight=40 368 49 82 31 42 45 83
leaf_count=40 368 49 82 31 42 45 83
internal_value=-0.00027027 -0.00295699 -0.00506645 0.00598592 -0.00337302 -0.00166667 -0.00546875
internal_weight=740 372 301 71 252 210 128
internal_count=740 372 301 71 252 210 128
is_linear=0
shrinkage=0.05


Tree=23
num_leaves=8
num_cat=0
split_feature=13 4 12 3 11 7 9
split_gain=1.85434 1.21553 1.12466 1.61753 1.15555 1.36401 3.1753
threshold=25.010000228881839 0.046351333303738418 0.057354881634701156 0.010407289373347452 -0.022024026906729662 0.019532704889889677 0.16726343760092313
decision_type=2 2 2 2 2 2 10
left_child=1 2 3 4 -1 -6 -7
right_child=-2 -3 -4 -5 5 6 -8
leaf_value=0.00011852613486851494 0.0004689946829861522 0.00027476848017716338 -0.00011199218139906254 0.00015131092128580024 -7.3816885188329916e-05 7.0604502561387623e-05 -8.5726102602550275e-05
leaf_weight=43 38 31 68 66 310 144 47
leaf_count=43 38 31 68 66 310 144 47
internal_value=-0.00023427 -0.000811001 -0.00125369 -0.00057377 -0.00147059 -0.00214571 0.00117801
internal_weight=747 709 678 610 544 501 191
internal_count=747 709 678 610 544 501 191
is_linear=0
shrinkage=0.05


Tree=24
num_leaves=8
num_cat=0
split_feature=5 13 13 16 5 1 0
split_gain=2.5567 3.09586 1.5472 1.78232 2.2164 1.3738 1.51156
threshold=0.012225618801215128 15.905000209808351 14.404999732971193 0.022142751770989014 0.019915218235509125 0.036052693591207004 -0.014316544751927727
decision_type=2 2 2 2 2 2 2
left_child=1 -1 -2 4 5 6 -4
right_child=2 -3 3 -5 -6 -7 -8
leaf_value=-0.00012122465981574942 5.6906679078724432e-05 2.9252561424771702e-06 -0.0001703232531663993 -8.548222223864477e-05 0.00032942872127489028 0.00021192053217776211 1.5940010208569545e-05
leaf_weight=75 154 87 56 75 73 27 197
leaf_count=75 154 87 56 75 73 27 197
internal_value=0 -0.00555556 0.00154639 0 0.00148725 -0.000535714 -0.00167984
internal_weight=744 162 582 428 353 280 253
internal_count=744 162 582 428 353 280 253
is_linear=0
shrinkage=0.05


Tree=25
num_leaves=8
num_cat=0
split_feature=6 13 8 3 1 5 5
split_gain=1.81841 1.21284 1.29064 1.10721 1.19746 1.36111 1.87195
threshold=-1.1889841146598634 25.010000228881839 0.13994328590743713 -0.015669120958954504 -0.0473345232690962 0.012631009498440112 0.01119960319708635
decision_type=2 2 8 2 2 2 2
left_child=-1 2 3 -2 -5 6 -6
right_child=1 -3 -4 4 5 -7 -8
leaf_value=-9.2184724517132809e-05 5.3266651683073121e-05 0.0003686312632616028 -0.00021812411820304529 -0.00012868963667269398 0.0001643871577421035 3.6217982706602747e-05 -9.2466760006856662e-05
leaf_weight=64 27 35 38 49 47 343 147
leaf_count=64 27 35 38 49 47 343 147
internal_value=-0.000533333 0.000218659 -0.000268817 0.000285481 -0.000170648 0.000512104 -0.00283505
internal_weight=750 686 651 613 586 537 194
internal_count=750 686 651 613 586 537 194
is_linear=0
shrinkage=0.05


Tree=26
num_leaves=8
num_cat=0
split_feature=8 7 3 14 16 1 6
split_gain=1.98877 2.07956 2.16925 2.08486 1.77311 1.69105 2.08589
threshold=-0.1851446407454406 0.027094676566095436 0.0042386384096574367 0.028010740507291913 0.0044757742840287893 0.0012070936782113686 0.05459919643637115
decision_type=8 2 2 2 2 2 2
left_child=-1 2 3 -2 -5 -3 -7
right_child=1 5 -4 4 -6 6 -8
leaf_value=0.00063707433079131291 -0.00014188484851540708 0.00017471367551189152 4.7037505730981605e-05 5.1731957842248662e-05 -0.0001496407219455251 -1.3923848324309212e-05 0.00014676123591164832
leaf_weight=28 202 25 146 87 38 121 96
leaf_count=28 202 25 146 87 38 121 96
internal_value=-0.000572005 -0.00108392 -0.00301268 -0.00527523 -0.0002 0.00268595 0.00126728
internal_weight=743 715 473 327 125 242 217
internal_count=743 715 473 327 125 242 217
is_linear=0
shrinkage=0.05


Tree=27
num_leaves=8
num_cat=0
split_feature=6 1 1 16 0 5 13
split_gain=1.74436 2.31572 1.8829 2.05219 2.2538 2.38605 1.75317
threshold=1.4094675293837831 0.066469113858381737 0.055467548055744172 0.0097210266501787119 0.0065304977903880576 0.015327916108337938 16.260000228881839
decision_type=2 2 2 2 2 2 2
left_child=1 2 3 -1 5 6 -5
right_child=-2 -3 -4 4 -6 -7 -8
leaf_value=1.9194058157204817e-05 0.00016511312349664693 -0.00016122318546772952 0.00029239272735912583 -0.00011289196411116819 -0.00011439999445665168 8.0676773699500312e-05 2.8933332728662631e-05
leaf_weight=397 86 38 25 35 79 57 28
leaf_count=397 86 38 25 35 79 57 28
internal_value=-0.000302013 -0.00117602 -0.000442834 -0.00100671 -0.00515075 -0.000833333 -0.00753968
internal_weight=745 659 621 596 199 120 63
internal_count=745 659 621 596 199 120 63
is_linear=0
shrinkage=0.05


Tree=28
num_leaves=8
num_cat=0
split_feature=6 4 10 13 7 2 14
split_gain=1.63973 1.28423 1.69634 1.55734 1.0862 1.88178 1.44345
threshold=-1.4553942203063912 0.019758289402698154 -0.00084886719909504904 15.905000209808351 0.072044360256212317 0.072675116882002025 0.018374042720191389
decision_type=2 2 2 2 2 2 2
left_child=-1 2 -2 -4 5 -3 -7
right_child=1 4 3 -5 -6 6 -8
leaf_value=-0.00019181353111018859 6.5141358036104052e-05 1.9170982926687304e-06 -9.9108440165178449e-05 -1.0137847366713596e-06 -3.9698182236143614e-05 0.00015166707446968289 -5.903043740439185e-05
leaf_weight=33 44 454 48 35 39 71 28
leaf_count=33 44 454 48 35 39 71 28
internal_value=-0.000465426 3.47705e-05 -0.00452756 -0.00873494 0.00101351 0.00158228 0.00782828
internal_weight=752 719 127 83 592 553 99
internal_count=752 719 127 83 592 553 99
is_linear=0
shrinkage=0.05


Tree=29
num_leaves=8
num_cat=0
split_feature=6 11 6 15 5 7 7
split_gain=1.74101 1.53536 1.15084 1.82612 1.23218 1.53856 1.33513
threshold=-1.4553942203063912 -0.0237759721784318 1.4094675293837831 -1.0000000180025095e-35 0.020050108257397673 -0.048794587215664924 -0.033842714464116068
decision_type=2 2 2 2 2 2 2
left_child=-1 -2 4 -4 5 -3 -7
right_child=1 2 3 -5 -6 6 -8
leaf_value=-0.00020590431114788401 0.00019784110391924946 -0.00012735787624671701 -2.8241299989374345e-05 0.00024070594791185423 0.00011558831847874752 5.1270102196270938e-05 -3.2067340968383468e-05
leaf_weight=32 52 37 34 46 90 25 414
leaf_count=32 52 37 34 46 90 25 414
internal_value=-0.00109589 -0.000573066 -0.00123839 0.004375 -0.0020318 -0.00304622 -0.00222096
internal_weight=730 698 646 80 566 476 439
internal_count=730 698 646 80 566 476 439
is_linear=0
shrinkage=0.05


Tree=30
num_leaves=8
num_cat=0
split_feature=12 6 6 0 0 15 8
split_gain=1.38732 1.59585 2.26987 1.87626 2.05849 2.31376 1.44008
threshold=0.011040694977268452 -0.92615872904521501 -0.71017655761797627 -0.018485042493651568 -0.0099270366754480293 0.0058464024192421702 0.073226294111257709
decision_type=2 2 2 2 2 2 10
left_child=-1 -2 -3 -4 -5 6 -6
right_child=1 2 3 4 5 -7 -8
leaf_value=4.101659594457595e-05 -8.4945956618932676e-05 0.00014101431279283199 0.00021547893083834907 -8.812786659415633e-05 -1.2679846682168202e-05 -8.5114412301169401e-05 0.0001349079019373429
leaf_weight=286 78 58 25 43 123 86 38
leaf_count=286 78 58 25 43 123 86 38
internal_value=-0.000101764 -0.00182927 -0.000469169 -0.00214286 -0.00327586 -0.00151822 0.00201863
internal_weight=737 451 373 315 290 247 161
internal_count=737 451 373 315 290 247 161
is_linear=0
shrinkage=0.05


Tree=31
num_leaves=8
num_cat=0
split_feature=4 7 10 7 16 0 15
split_gain=1.72906 2.38014 2.24967 2.22292 2.2558 1.63781 2.62254
threshold=0.021118721040430524 0.072044360256212317 -0.0042976015384410529 0.027094676566095436 0.022142751770989014 -0.007354836716784551 -0.00020309236299453912
decision_type=2 2 2 2 2 2 2
left_child=2 3 -1 -2 -5 -4 -7
right_child=1 -3 5 4 -6 6 -8
leaf_value=0.00014322518818104881 -1.2957847663584754e-05 -7.7890008548429408e-05 -0.00012179278720534095 0.00013894169269775079 -0.00020148004890812145 0.00013006850234357145 -8.0239342225034148e-05
leaf_weight=27 375 35 36 91 37 32 98
leaf_count=27 375 35 36 91 37 32 98
internal_value=-0.000991792 0.000464684 -0.00505181 0.00134195 0.00703125 -0.00722892 -0.00461538
internal_weight=731 538 193 503 128 166 130
internal_count=731 538 193 503 128 166 130
is_linear=0
shrinkage=0.05


Tree=32
num_leaves=8
num_cat=0
split_feature=6 4 10 7 10 10 7
split_gain=1.62342 1.31831 1.70301 1.29571 1.42479 1.4236 1.32556
threshold=-1.4553942203063912 0.039064598383452116 0.00074647751592549227 -0.048794587215664924 0.013844778774777857 0.0091813381816910917 0.05668704472256348
decision_type=2 2 2 2 2 2 2
left_child=-1 3 -3 -2 5 6 -5
right_child=1 2 -4 4 -6 -7 -8
leaf_value=-0.00016366837405508658 -0.00012239291984843075 0.00057894419971866171 -2.5301224214666074e-05 1.6703118854740492e-05 -0.00016793404408732646 0.00011793897901395557 -3.5571614596679317e-05
leaf_weight=35 55 37 32 427 28 57 81
leaf_count=35 55 37 32 427 28 57 81
internal_value=-0.000199468 0.000313808 0.00688406 -0.000385802 0.00029511 0.000840708 0
internal_weight=752 717 69 648 593 565 508
internal_count=752 717 69 648 593 565 508
is_linear=0
shrinkage=0.05


Tree=33
num_leaves=8
num_cat=0
split_feature=12 4 3 15 6 4 8
split_gain=2.15185 2.59115 2.73021 1.75025 1.5902 2.38778 2.17247
threshold=0.0053623366190914687 0.021663263049910616 0.012124054720234258 0.0064972637757145799 0.27935448640100902 0.022725404297025385 0.016463318829964772
decision_type=2 2 2 2 2 2 8
left_child=1 -1 3 -3 5 6 -2
right_child=4 2 -4 -5 -6 -7 -8
leaf_value=0.00022886536023056776 -1.4473613293507215e-06 2.1699632508395771e-05 0.00034087497486222644 -0.0001776370204835327 7.2666267425877331e-06 -1.0464184916746371e-06 -0.00011252360423213547
leaf_weight=37 53 141 33 36 161 174 107
leaf_count=37 53 141 33 36 161 174 107
internal_value=-0.000471698 0.00334008 0.00119048 -0.00127119 -0.00237374 -0.00434132 -0.00875
internal_weight=742 247 210 177 495 334 160
internal_count=742 247 210 177 495 334 160
is_linear=0
shrinkage=0.05


Tree=34
num_leaves=8
num_cat=0
split_feature=11 11 11 5 13 5 8
split_gain=1.05402 1.04764 0.900131 1.22005 1.55283 1.62635 1.5509
threshold=-0.022672211523631577 -0.030384470516343128 -0.018660876046821092 0.012631009498440112 15.905000209808351 0.01119960319708635 0.0097750298935159758
decision_type=2 2 2 2 2 2 8
left_child=1 -1 -2 4 -4 -6 -7
right_child=2 -3 3 -5 5 6 -8
leaf_value=-5.3070318017407362e-05 -5.0015345672514919e-05 0.00018930805793562793 -9.3501428231730686e-05 4.1089783003231926e-06 0.00039694488546865037 0.00010721497127635112 -0.00013063637826046475
leaf_weight=28 30 33 99 446 25 25 61
leaf_count=28 30 33 99 446 25 25 61
internal_value=-0.000970549 0.00532787 -0.00153061 -0.00114329 -0.00428571 -0.000225225 -0.00348837
internal_weight=747 61 686 656 210 111 86
internal_count=747 61 686 656 210 111 86
is_linear=0
shrinkage=0.05


Tree=35
num_leaves=8
num_cat=0
split_feature=8 12 4 10 3 15 2
split_gain=1.85597 2.19907 2.06094 1.61688 1.15448 1.84272 1.184
threshold=0.14364824851717375 0.0053623366190914687 0.021663263049910616 -0.0063941305791072591 0.0096170913085338334 0.0064972637757145799 -0.078731775004467583
decision_type=8 2 2 2 2 2 2
left_child=1 2 -1 -3 5 6 -4
right_child=-2 3 4 -5 -6 -7 -8
leaf_value=0.00026240024214324521 -0.00019391208215235748 5.849613070185835e-05 -3.4194847694406746e-05 -3.4861792752672932e-05 0.00027666314087268354 -0.00021570377519732122 9.760215136009532e-05
leaf_weight=28 41 37 57 434 36 32 78
leaf_count=28 41 37 57 434 36 32 78
internal_value=-0.00124495 -0.000641026 0.00335498 -0.00260085 0.00160099 -0.000149701 0.00240741
internal_weight=743 702 231 471 203 167 135
internal_count=743 702 231 471 203 167 135
is_linear=0
shrinkage=0.05


Tree=36
num_leaves=8
num_cat=0
split_feature=6 3 15 5 4 6 10
split_gain=1.26529 1.09865 1.51442 1.32595 1.13231 0.97444 0.970341
threshold=-1.4055770846828479 0.015502499797504512 0.0082849946639016476 0.01119960319708635 0.01851751015213841 1.0000000180025095e-35 0.0056894709733393842
decision_type=2 2 2 2 2 2 2
left_child=-1 2 3 -2 -5 -4 -6
right_child=1 -3 5 4 6 -7 -8
leaf_value=-0.00012236146970980786 0.00024479145327514594 0.00026282998382904933 -0.00016599107983291704 -3.5928841873571682e-05 6.4200947322914932e-07 1.0578238744325371e-05 5.0505572180731267e-05
leaf_weight=37 40 40 56 26 433 46 75
leaf_count=37 40 40 56 26 433 46 75
internal_value=0.000232404 0.000698324 0.000221893 0.00121951 0.000561798 -0.00539216 0.00108268
internal_weight=753 716 676 574 534 102 508
internal_count=753 716 676 574 534 102 508
is_linear=0
shrinkage=0.05


Tree=37
num_leaves=8
num_cat=0
split_feature=12 4 3 0 0 4 14
split_gain=1.78657 2.27153 2.63831 1.90881 1.76427 1.62818 1.61714
threshold=0.0053623366190914687 0.021663263049910616 0.012124054720234258 -0.02348452800586481 0.010382048018291236 0.017649299652087506 0.052213768787031663
decision_type=2 2 2 2 2 2 2
left_child=1 -1 4 -2 6 -5 -3
right_child=3 2 -4 5 -6 -7 -8
leaf_value=0.00017713476458040614 0.00022516302557132166 6.5542843051189477e-05 0.00033481047248375362 -7.3712460721128391e-05 -0.00020203144874615054 -2.8207839422304923e-05 -6.0236530373102916e-05
leaf_weight=34 25 87 32 29 44 452 54
leaf_count=34 25 87 32 29 44 452 54
internal_value=-0.000759577 0.00268924 0.000806452 -0.00247036 -0.00148649 -0.00317048 0.00124113
internal_weight=757 251 217 506 185 481 141
internal_count=757 251 217 506 185 481 141
is_linear=0
shrinkage=0.05


Tree=38
num_leaves=8
num_cat=0
split_feature=13 9 13 12 12 6 13
split_gain=1.23926 1.33556 1.35086 1.12728 0.928494 0.787639 1.26356
threshold=25.19999980926514 -0.083617932491557398 22.429999351501468 0.06610047212240612 -0.026522895581630176 1.5076897545227974 14.484999656677248
decision_type=2 8 2 2 2 2 2
left_child=1 -1 3 4 -3 6 -6
right_child=-2 2 -4 -5 5 -7 -8
leaf_value=0.00017837680701000738 0.00029826329922632308 8.5160729813431318e-05 -0.00026279876545995466 -0.00014549074229521384 6.7199057393188719e-06 0.00010455000984928514 -2.9742819093461989e-05
leaf_weight=32 37 51 27 40 165 55 333
leaf_count=32 37 51 27 40 165 55 333
internal_value=-0.000135135 -0.000604552 -0.00108048 -0.000621118 -8.27815e-05 -0.000678119 -0.00130522
internal_weight=740 703 671 644 604 553 498
internal_count=740 703 671 644 604 553 498
is_linear=0
shrinkage=0.05


Tree=39
num_leaves=8
num_cat=0
split_feature=8 6 14 12 14 15 10
split_gain=1.57123 1.3219 1.53965 1.04808 2.00486 1.35668 1.33751
threshold=0.17714522448587836 -1.1889841146598634 -0.013693091090924312 -0.026522895581630176 0.083142255535003332 -0.013418510921258174 0.0052229524560013516
decision_type=8 2 2 2 2 2 2
left_child=1 2 -1 4 6 -5 -3
right_child=-2 3 -4 5 -6 -7 -8
leaf_value=7.7745649229212653e-07 -0.00025399929860334244 0.0002661897718519025 -0.00012329737523882961 0.0001905217051838418 -9.8547595340294387e-05 -1.0577842288980993e-05 3.2139680437564276e-05
leaf_weight=25 28 38 28 32 25 530 30
leaf_count=25 28 38 28 32 25 530 30
internal_value=-0.000883152 -0.000423729 -0.00801887 0.00019084 0.00510753 -0.000622776 0.00955882
internal_weight=736 708 53 655 93 562 68
internal_count=736 708 53 655 93 562 68
is_linear=0
shrinkage=0.05


Tree=40
num_leaves=8
num_cat=0
split_feature=11 12 4 8 4 11 0
split_gain=1.73997 0.893227 0.962336 1.8139 1.55117 1.47431 1.76811
threshold=-0.028866673855592325 0.062788552899160646 0.029752551975366019 -0.14420946871004311 0.026927696794355395 -0.0026220497317853693 -0.0099270366754480293
decision_type=2 2 2 10 2 2 2
left_child=-1 2 4 -4 5 -2 -7
right_child=1 -3 3 -5 -6 6 -8
leaf_value=0.00023492136569538795 3.3214875928029576e-05 -0.00014485656314883977 0.00024833451467368535 -7.990294060132588e-05 0.00012586986651580995 -8.5249338862822442e-05 -4.5469526042905876e-06
leaf_weight=35 125 48 37 122 79 47 250
leaf_count=35 125 48 37 122 79 47 250
internal_value=-0.000168237 -0.000706215 -0.000227273 -0.00361635 0.000848303 -0.00035545 -0.00227273
internal_weight=743 708 660 159 501 422 297
internal_count=743 708 660 159 501 422 297
is_linear=0
shrinkage=0.05


Tree=41
num_leaves=8
num_cat=0
split_feature=13 8 11 1 9 7 13
split_gain=1.7215 1.2402 0.85473 1.48481 1.17734 1.84851 2.37966
threshold=25.19999980926514 0.14768602610374418 0.031328768079461174 0.046872026365206161 0.16726343760092313 0.019532704889889677 15.144999980926515
decision_type=2 8 2 2 10 2 2
left_child=1 2 3 4 5 -1 -7
right_child=-2 -3 -4 -5 -6 6 -8
leaf_value=-1.8749332818514657e-05 0.00039636578656381747 -0.00016009207856692377 -0.00015333207768582335 3.9271969572855261e-05 -3.7258878852139197e-05 0.00018148663733902212 -7.070365459306821e-06
leaf_weight=388 34 37 43 75 56 40 78
leaf_count=388 34 37 43 75 56 40 78
internal_value=-0.000699068 -0.00122036 -0.000735294 -0.000274725 -0.00115658 -0.000395257 0.00508475
internal_weight=751 717 680 637 562 506 118
internal_count=751 717 680 637 562 506 118
is_linear=0
shrinkage=0.05


Tree=42
num_leaves=8
num_cat=0
split_feature=9 15 6 8 15 10 4
split_gain=2.14154 1.71244 1.35577 1.48683 1.46332 1.18552 2.07595
threshold=0.16658840523734211 0.0051340765839218436 1.4094675293837831 -0.031848396319057608 0.0027114160875880704 0.0018732766831597305 0.023168022630346129
decision_type=10 2 2 8 2 2 2
left_child=2 -2 5 -4 -5 -1 -7
right_child=1 -3 3 4 -6 6 -8
leaf_value=3.4073829031709347e-05 -6.3772640954089854e-06 -0.00013317075537954575 -0.0001539730967317724 3.2205541437727548e-06 0.00019757655917911122 -7.70085166369193e-05 5.5450418053138411e-06
leaf_weight=331 46 28 25 25 28 119 147
leaf_count=331 46 28 25 25 28 119 147
internal_value=-3.33778e-05 -0.00810811 0.000851852 0.00705128 0.0117925 4.1876e-05 -0.00244361
internal_weight=749 74 675 78 53 597 266
internal_count=749 74 675 78 53 597 266
is_linear=0
shrinkage=0.05


Tree=43
num_leaves=8
num_cat=0
split_feature=6 12 14 1 3 3 14
split_gain=1.58649 1.29149 1.10718 1.34048 1.5933 1.99803 1.62842
threshold=-1.1889841146598634 -0.043864321053953818 -0.0067330833557224237 -0.037562842055203154 -0.0072275142164157083 -0.002168977326427068 -0.01786915050429105
decision_type=2 2 2 2 2 2 2
left_child=-1 -2 3 -3 -5 -6 -7
right_child=1 2 -4 4 5 6 -8
leaf_value=-6.5424051875770948e-05 0.00036299554836933813 -0.00014297448493820423 1.6929606723673635e-05 0.00030335245740747133 -0.00013194640337989161 4.507056917802711e-06 -0.00015132785412103815
leaf_weight=60 45 37 325 27 38 170 42
leaf_count=60 45 37 325 27 38 170 42
internal_value=-0.000537634 0.000146199 -0.00043036 -0.00254777 -0.00135379 -0.0026 -0.000707547
internal_weight=744 684 639 314 277 250 212
internal_count=744 684 639 314 277 250 212
is_linear=0
shrinkage=0.05


Tree=44
num_leaves=8
num_cat=0
split_feature=12 8 16 11 11 7 7
split_gain=1.25717 0.750447 1.81257 1.47823 1.53197 1.3204 1.83405
threshold=0.062788552899160646 -0.011176767557810384 -0.023795656612015766 -0.011803471640552064 -0.002084976205571742 0.027094676566095436 0.03600180433165568
decision_type=2 8 2 2 2 2 2
left_child=1 2 -1 -4 -5 -3 -7
right_child=-2 5 3 4 -6 6 -8
leaf_value=-4.8954210295815408e-05 -0.00013553050884617681 -2.8749482330801173e-05 0.00017318418438525427 -9.4262930575048347e-05 0.00011458432410782054 0.00014996437096843375 -4.353899644019563e-06
leaf_weight=42 48 254 38 38 122 43 150
leaf_count=42 48 254 38 38 122 43 150
internal_value=-0.000510204 3.63901e-05 0.00229167 0.00429293 0.0021875 -0.0011745 0.00194301
internal_weight=735 687 240 198 160 447 193
internal_count=735 687 240 198 160 447 193
is_linear=0
shrinkage=0.05


Tree=45
num_leaves=8
num_cat=0
split_feature=6 0 16 0 16 10 11
split_gain=1.17144 1.39875 1.10634 1.7249 1.39353 1.12687 1.97511
threshold=1.4221460815197726 0.0021388714839080118 0.021082473962023788 -0.0039772743778220257 0.016156437624358148 0.0056894709733393842 -0.0045068390263329752
decision_type=2 2 2 2 2 2 2
left_child=2 -2 4 -4 5 -1 -7
right_child=1 -3 3 -5 -6 6 -8
leaf_value=-1.7662642805712973e-05 -2.0525040468100372e-05 0.00018069563244689919 3.2139618514893421e-05 -0.00011979317527371377 7.9572709469185118e-05 -2.6895440489878472e-05 0.00015094813884664805
leaf_weight=383 49 39 26 87 45 29 85
leaf_count=383 49 39 26 87 45 29 85
internal_value=-0.000302826 0.00511364 -0.00103053 -0.00553097 -9.22509e-05 -0.000855131 0.00350877
internal_weight=743 88 655 113 542 497 114
internal_count=743 88 655 113 542 497 114
is_linear=0
shrinkage=0.05


Tree=46
num_leaves=8
num_cat=0
split_feature=12 4 14 6 16 7 8
split_gain=1.09217 1.02849 0.918979 1.59687 1.8614 1.5452 1.52555
threshold=0.062788552899160646 0.023168022630346129 -0.041031725575055404 0.27935448640100902 0.015610802333019815 -0.053156070416768446 -0.015306367771900196
decision_type=2 2 2 2 2 2 8
left_child=2 -2 -1 5 -5 -4 -7
right_child=1 -3 3 4 -6 6 -8
leaf_value=-1.6048296910839769e-05 -0.00025753116255164188 -4.6490068394965635e-06 -0.00012485962648433498 2.3499956430334304e-05 0.00020809514471674769 8.7192244764164843e-05 -1.1511912045318031e-05
leaf_weight=171 25 27 33 124 47 92 228
leaf_count=171 25 27 33 124 47 92 228
internal_value=-0.000702811 -0.00769231 -0.000179856 0.000858779 0.00482456 -0.00106232 0
internal_weight=747 52 695 524 171 353 320
internal_count=747 52 695 524 171 353 320
is_linear=0
shrinkage=0.05


Tree=47
num_leaves=8
num_cat=0
split_feature=5 7 4 8 5 12 4
split_gain=1.53239 1.29636 1.23055 1.07792 0.985609 2.2976 1.20022
threshold=0.020557137394590658 -0.071254654502328471 0.04024895016300991 0.17714522448587836 0.012631009498440112 0.012875909391154241 0.029874390060146316
decision_type=2 2 2 8 2 2 2
left_child=3 -2 -3 4 5 -1 -6
right_child=1 2 -4 -5 6 -7 -8
leaf_value=7.6169669597991795e-05 0.00068696341221467024 0.00010449164864247082 -0.00015104121509214725 -0.00025798888621688759 2.1219260261197808e-05 -6.4647057603989212e-05 -6.6081308630527771e-05
leaf_weight=45 25 38 33 26 314 166 87
leaf_count=45 25 38 33 26 314 166 87
internal_value=-0.000681199 0.00520833 0.00176056 -0.0015674 -0.00114379 -0.00390995 0.000311721
internal_weight=734 96 71 638 612 211 401
internal_count=734 96 71 638 612 211 401
is_linear=0
shrinkage=0.05


Tree=48
num_leaves=8
num_cat=0
split_feature=9 8 8 13 4 10 16
split_gain=1.36047 1.59116 1.52596 1.19416 1.75 1.25278 1.47128
threshold=0.19600481136088602 0.10948349916108192 0.056066472987770018 18.675000190734867 0.021663263049910616 0.0040968178286348031 0.020435395821730599
decision_type=10 10 8 2 2 2 2
left_child=1 2 3 5 -5 -1 -7
right_child=-2 -3 -4 4 -6 6 -8
leaf_value=-3.1557681106420595e-05 -3.7177247525107141e-05 0.00016095217478365328 -2.8275999420242487e-05 0.00023882703177964667 5.32523008958309e-05 0.00013897987379602557 -5.6803056290887727e-05
leaf_weight=242 27 26 149 35 140 87 28
leaf_count=242 27 26 149 35 140 87 28
internal_value=-0.0010218 -0.000601132 -0.00106461 0.00018797 0.00357143 -0.00147059 0.00282609
internal_weight=734 707 681 532 175 357 115
internal_count=734 707 681 532 175 357 115
is_linear=0
shrinkage=0.05


Tree=49
num_leaves=8
num_cat=0
split_feature=6 8 14 4 16 4 9
split_gain=1.02555 0.876868 0.896712 1.598 2.14727 1.29482 3.09327
threshold=-1.1889841146598634 0.1286008633756022 -0.041031725575055404 0.027098154522200209 0.015070102060115166 0.029752551975366019 -0.085855222697476516
decision_type=2 8 2 2 2 2 10
left_child=-1 2 3 4 -2 6 -4
right_child=1 -3 5 -5 -6 -7 -8
leaf_value=-3.4451428468928319e-05 -1.0523382451821818e-05 -5.2449300584998636e-05 0.00034286093037960111 0.00011292561855250511 -0.00018644782616813722 -6.3479092930303176e-05 5.0729907256809405e-06
leaf_weight=55 52 50 29 68 31 119 328
leaf_count=55 52 50 29 68 31 119 328
internal_value=-0.0011612 -0.00062777 -0.000119617 -0.00347682 -0.00813253 0.000945378 0.00245098
internal_weight=732 677 627 151 83 476 357
internal_count=732 677 627 151 83 476 357
is_linear=0
shrinkage=0.05


Tree=50
num_leaves=8
num_cat=0
split_feature=9 6 15 1 1 0 6
split_gain=1.26137 1.38619 1.29033 0.9776 1.48009 1.69513 1.43276
threshold=0.15352949354136761 -0.45064216081924652 0.0040921617223248505 -0.027396460256283835 -0.012594899284977366 -0.007354836716784551 -0.82784114615711724
decision_type=10 2 2 2 2 2 2
left_child=3 -2 -3 -1 5 -5 -6
right_child=1 2 -4 4 6 -7 -8
leaf_value=-3.184631951151976e-05 -0.00020583870474388664 3.0262071736462777e-06 -3.5786763670140992e-05 -2.0560434316131629e-05 -5.4922765073975053e-05 0.0002408122142837844 2.4557774982303122e-05
leaf_weight=164 30 51 31 34 84 50 291
leaf_count=164 30 51 31 34 84 50 291
internal_value=-0.000918367 -0.00580357 -0.00243902 -4.01284e-05 0.00114379 0.00714286 -0.0002
internal_weight=735 112 82 623 459 84 375
internal_count=735 112 82 623 459 84 375
is_linear=0
shrinkage=0.05


Tree=51
num_leaves=8
num_cat=0
split_feature=12 10 10 4 4 11 11
split_gain=1.52954 1.03514 1.24193 0.94622 1.72766 1.54889 1.92308
threshold=-0.049048436065559579 0.010655378584307098 0.0086942135082223055 0.029752551975366019 0.025795502861614153 -0.0026220497317853693 -0.013624975324509013
decision_type=2 2 2 2 2 2 2
left_child=-1 2 3 4 -2 6 -5
right_child=1 -3 -4 5 -6 -7 -8
leaf_value=0.00039027723854030466 -9.2200435761024244e-06 -0.00011889129783787825 0.00014309531136471356 -8.0707201335470178e-06 4.7978882361196865e-05 -5.085104508180914e-07 -0.00038686156888585532
leaf_weight=38 406 62 41 26 88 66 26
leaf_count=38 406 62 41 26 88 66 26
internal_value=-0.000564409 -0.00108392 -0.000497703 -0.00106209 -0.000101215 -0.00508475 -0.0115385
internal_weight=753 715 653 612 494 118 52
internal_count=753 715 653 612 494 118 52
is_linear=0
shrinkage=0.05


Tree=52
num_leaves=8
num_cat=0
split_feature=13 12 15 7 5 7 9
split_gain=1.16227 0.991579 2.94703 1.14351 1.34398 1.93311 1.28059
threshold=25.19999980926514 0.057354881634701156 0.0039920647644765559 0.027094676566095436 0.015703226950073174 0.042643917769476743 0.1466942984411628
decision_type=2 2 2 2 2 2 10
left_child=1 3 -3 6 -5 -6 -1
right_child=-2 2 -4 4 5 -7 -8
leaf_value=-7.7368324585358999e-06 0.00034423334101344729 2.7760747304082011e-05 -0.00016013638149919827 -2.9192606373473068e-07 0.00016249422932446806 6.5527246558040165e-06 -5.4623178329385677e-05
leaf_weight=403 36 41 27 129 26 46 43
leaf_count=403 36 41 27 129 26 46 43
internal_value=-0.000432756 -0.000874126 -0.00661765 -0.000270479 0.0028607 0.00833333 -0.00168161
internal_weight=751 715 68 647 201 72 446
internal_count=751 715 68 647 201 72 446
is_linear=0
shrinkage=0.05


Tree=53
num_leaves=8
num_cat=0
split_feature=12 6 11 16 12 1 12
split_gain=1.42449 1.13731 1.81736 1.59999 1.33026 2.16 1.53733
threshold=0.062788552899160646 0.27935448640100902 -0.018274722368059434 -0.004262126321136094 0.011040694977268452 -0.036575015743427024 0.023117382956200586
decision_type=2 2 2 2 2 2 2
left_child=1 3 -3 4 5 -1 -6
right_child=-2 2 -4 -5 6 -7 -8
leaf_value=-1.9750988877714718e-05 -0.00012837178753296206 -6.8773037294846302e-05 0.00010319931607838933 -1.4898416450592192e-05 -0.00011458868297907639 0.00011514204282139524 4.1812093570292003e-05
leaf_weight=40 51 34 187 303 29 60 32
leaf_count=40 51 34 187 303 29 60 32
internal_value=-0.000271739 0.000328467 0.00328054 -0.00107759 0.00295031 0.0065 -0.00286885
internal_weight=736 685 221 464 161 100 61
internal_count=736 685 221 464 161 100 61
is_linear=0
shrinkage=0.05


Tree=54
num_leaves=8
num_cat=0
split_feature=13 9 9 9 15 4 9
split_gain=1.55495 1.13291 1.33297 1.00484 1.36725 1.27276 1.89839
threshold=25.19999980926514 -0.085855222697476516 0.012650693171588069 0.19370719323300981 -0.0041190445581884552 0.022995698504570738 0.057154628467961495
decision_type=2 8 8 10 2 2 8
left_child=1 -1 -3 4 -4 6 -6
right_child=-2 2 3 -5 5 -7 -8
leaf_value=0.00015465588068062743 0.00032788790909598259 -6.4243960010930588e-05 -3.74452378724059e-05 -2.8932980131549971e-05 0.00012124351659234716 7.1050980042911861e-05 -1.7766758106240421e-05
leaf_weight=30 38 83 144 27 43 219 157
leaf_count=30 38 83 144 27 43 219 157
internal_value=-0.000641026 -0.00117354 -0.00159733 -0.000762712 -0.000310835 0.00113365 -0.00175
internal_weight=741 703 673 590 563 419 200
internal_count=741 703 673 590 563 419 200
is_linear=0
shrinkage=0.05


Tree=55
num_leaves=8
num_cat=0
split_feature=12 1 1 6 6 14 11
split_gain=1.02485 0.729774 1.19772 0.716983 1.08951 2.04429 1.54659
threshold=0.062788552899160646 0.066469113858381737 0.056054077230179973 2.0641958385085841 0.90549610803075675 0.020125848996620292 -0.026323618530511902
decision_type=2 2 2 2 2 2 2
left_child=1 2 3 4 6 -6 -1
right_child=-2 -3 -4 -5 5 -7 -8
leaf_value=0.00020152885775444148 -0.00011414292078797871 -3.6531219881101716e-05 0.00023569049721805662 9.8927688179781874e-05 -8.5256572043591801e-05 4.6627735155184815e-05 -3.1214763627418358e-06
leaf_weight=32 49 50 25 31 43 36 492
leaf_count=32 49 50 25 31 43 36 492
internal_value=-0.000659631 -0.000176305 0.000265554 -0.000157729 -0.000538972 -0.00601266 0.00028626
internal_weight=758 709 659 634 603 79 524
internal_count=758 709 659 634 603 79 524
is_linear=0
shrinkage=0.05


Tree=56
num_leaves=8
num_cat=0
split_feature=14 13 1 1 2 4 4
split_gain=1.01293 1.78513 1.42426 1.41379 1.31868 1.04019 1.84519
threshold=0.11927434384443127 25.010000228881839 0.066469113858381737 0.046872026365206161 0.054278280289583709 0.024605341312130404 0.029874390060146316
decision_type=2 2 2 2 2 2 2
left_child=1 2 3 5 -5 -1 -7
right_child=-2 -3 -4 4 -6 6 -8
leaf_value=-1.9309969343515626e-05 -0.0001323895228553238 0.00022538561451175044 -7.9140442725153838e-05 0.00015334776006734353 1.3431337852207529e-08 4.89190592471012e-05 -1.2294520055809895e-05
leaf_weight=340 40 27 48 26 30 113 118
leaf_count=340 40 27 48 26 30 113 118
internal_value=-0.00101078 -0.000569801 -0.00107407 -0.000438596 0.00714286 -0.00118214 0.00140693
internal_weight=742 702 675 627 56 571 231
internal_count=742 702 675 627 56 571 231
is_linear=0
shrinkage=0.05


Tree=57
num_leaves=8
num_cat=0
split_feature=3 9 2 15 12 5 5
split_gain=1.16833 1.0863 1.44756 1.33427 1.01742 2.09189 1.89842
threshold=0.015502499797504512 0.014445086450161295 0.13312298869237962 0.0051340765839218436 0.0053623366190914687 0.014225923412676702 0.016563553017240485
decision_type=2 8 2 2 2 2 2
left_child=1 3 4 -1 5 -3 -7
right_child=-2 2 -4 -5 -6 6 -8
leaf_value=-2.6671445909660572e-06 0.00016991441289059334 0.00010572327245400782 9.0759416338507658e-05 -0.00021171156563986159 -1.5756847915615514e-05 -0.0002377456390766741 1.687919533693537e-05
leaf_weight=87 35 63 42 33 375 37 61
leaf_count=87 35 63 42 33 375 37 61
internal_value=-0.0010573 -0.0015043 -0.000605536 -0.00583333 -0.00130597 0.00201863 -0.00255102
internal_weight=733 698 578 120 536 161 98
internal_count=733 698 578 120 536 161 98
is_linear=0
shrinkage=0.05


Tree=58
num_leaves=8
num_cat=0
split_feature=13 6 1 5 0 12 14
split_gain=0.985148 0.981967 1.91239 1.25915 1.44626 1.16243 1.43115
threshold=25.19999980926514 0.27935448640100902 -0.04810068739346423 0.015895579137112235 -0.0053179463987109701 0.018300587263459293 -0.024970108459849868
decision_type=2 2 2 2 2 2 2
left_child=1 -1 -3 4 -4 -6 -7
right_child=-2 2 3 -5 5 6 -8
leaf_value=-1.1814074765052751e-05 0.0003781485590367735 -0.000247248119942851 -2.7061506635884213e-05 0.00024129568752002191 0.00017460422951582727 -4.1532314563350833e-05 0.00019068857636289025
leaf_weight=493 35 25 41 54 37 25 40
leaf_count=493 35 25 41 54 37 25 40
internal_value=-0.000333333 -0.000734266 0.00202703 0.0036802 0.00122378 0.00441176 0.000384615
internal_weight=750 715 222 197 143 102 65
internal_count=750 715 222 197 143 102 65
is_linear=0
shrinkage=0.05


Tree=59
num_leaves=8
num_cat=0
split_feature=9 8 6 0 16 5 12
split_gain=1.65858 1.50828 0.944778 1.97204 1.41205 1.34423 1.38484
threshold=0.19196030550745427 0.10948349916108192 1.4094675293837831 0.00023047319719882167 0.031971930687810686 0.020015517469141073 0.021693998685899721
decision_type=10 10 2 2 2 2 2
left_child=1 2 4 -4 5 -1 -7
right_child=-2 -3 3 -5 -6 6 -8
leaf_value=-1.0245055157914221e-05 -2.60459064657749e-05 0.00016296066039753871 -3.9455698835183258e-05 0.00016587401804003593 -0.00017146365339368769 -1.8819433906395838e-06 0.0002580977768717226
leaf_weight=480 31 26 43 37 41 47 36
leaf_count=480 31 26 43 37 41 47 36
internal_value=-0.000775978 -0.00028169 -0.000730994 0.004375 -0.00140728 -0.000754885 0.00512048
internal_weight=741 710 684 80 604 563 83
internal_count=741 710 684 80 604 563 83
is_linear=0
shrinkage=0.05


Tree=60
num_leaves=8
num_cat=0
split_feature=9 14 12 12 9 12 15
split_gain=1.63335 1.31432 1.51049 1.23922 2.54052 1.61505 1.60108
threshold=0.1466942984411628 -0.019792958121071843 0.018878621288125678 0.0098181061212317972 0.11042458923991162 0.021693998685899721 0.0039920647644765559
decision_type=10 2 2 2 10 2 2
left_child=3 -2 -3 4 -1 -5 -7
right_child=1 2 -4 5 -6 6 -8
leaf_value=4.9837286098687773e-06 -5.1787983726733506e-05 -2.0262918031243618e-05 5.9647383444609309e-05 -8.6330025220700103e-05 0.00033542389016087936 4.1909258084425577e-05 -5.9354193213434429e-05
leaf_weight=219 45 39 49 79 33 170 112
leaf_count=219 45 39 49 79 33 170 112
internal_value=-0.00080429 -0.00582707 -0.00227273 0.000285481 0.00297619 -0.0015928 0.000177305
internal_weight=746 133 88 613 252 361 282
internal_count=746 133 88 613 252 361 282
is_linear=0
shrinkage=0.05


end of trees

feature_importances:
atr_pct=46
spy_ret_20d=38
dvol_z_20=34
parkinson_20=31
dist_ma50=29
spy_ret_5d=26
vix_level=26
spy_ret_1d=25
overnight_gap=24
ret_1d=23
ret_5d=23
dist_ma200=22
dist_ma20=21
sector_ret_5d=20
sector_ret_1d=17
vix_chg_1d=15
ret_20d=7

parameters:
[boosting: gbdt]
[objective: quantile]
[metric: quantile]
[tree_learner: serial]
[device_type: cpu]
[data_sample_strategy: bagging]
[data: ]
[valid: ]
[num_iterations: 80]
[learning_rate: 0.05]
[num_leaves: 8]
[num_threads: 1]
[seed: 0]
[deterministic: 0]
[force_col_wise: 1]
[force_row_wise: 0]
[histogram_pool_size: -1]
[max_depth: -1]
[min_data_in_leaf: 25]
[min_sum_hessian_in_leaf: 0.001]
[bagging_fraction: 0.9]
[pos_bagging_fraction: 1]
[neg_bagging_fraction: 1]
[bagging_freq: 1]
[bagging_seed: 3]
[bagging_by_query: 0]
[feature_fraction: 0.9]
[feature_fraction_bynode: 1]
[feature_fraction_seed: 2]
[extra_trees: 0]
[extra_seed: 6]
[early_stopping_round: 0]
[early_stopping_min_delta: 0]
[first_metric_only: 0]
[max_delta_step: 0]
[lambda_l1: 0]
[lambda_l2: 0]
[linear_lambda: 0]
[min_gain_to_split: 0]
[drop_rate: 0.1]
[max_drop: 50]
[skip_drop: 0.5]
[xgboost_dart_mode: 0]
[uniform_drop: 0]
[drop_seed: 4]
[top_rate: 0.2]
[other_rate: 0.1]
[min_data_per_group: 100]
[max_cat_threshold: 32]
[cat_l2: 10]
[cat_smooth: 10]
[max_cat_to_onehot: 4]
[top_k: 20]
[monotone_constraints: ]
[monotone_constraints_method: basic]
[monotone_penalty: 0]
[feature_contri: ]
[forcedsplits_filename: ]
[refit_decay_rate: 0.9]
[cegb_tradeoff: 1]
[cegb_penalty_split: 0]
[cegb_penalty_feature_lazy: ]
[cegb_penalty_feature_coupled: ]
[path_smooth: 0]
[interaction_constraints: ]
[verbosity: -1]
[saved_feature_importance_type: 0]
[use_quantized_grad: 0]
[num_grad_quant_bins: 4]
[quant_train_renew_leaf: 0]
[stochastic_rounding: 1]
[linear_tree: 0]
[max_bin: 255]
[max_bin_by_feature: ]
[min_data_in_bin: 3]
[bin_construct_sample_cnt: 200000]
[data_random_seed: 1]
[is_enable_sparse: 1]
[enable_bundle: 1]
[use_missing: 1]
[zero_as_missing: 0]
[feature_pre_filter: 1]
[pre_partition: 0]
[two_round: 0]
[header: 0]
[label_column: ]
[weight_column: ]
[group_column: ]
[ignore_column: ]
[categorical_feature: ]
[forcedbins_filename: ]
[precise_float_parser: 0]
[parser_config_file: ]
[objective_seed: 5]
[num_class: 1]
[is_unbalance: 0]
[scale_pos_weight: 1]
[sigmoid: 1]
[boost_from_average: 1]
[reg_sqrt: 0]
[alpha: 0.5]
[fair_c: 1]
[poisson_max_delta_step: 0.7]
[tweedie_variance_power: 1.5]
[lambdarank_truncation_level: 30]
[lambdarank_norm: 1]
[label_gain: ]
[lambdarank_position_bias_regularization: 0]
[eval_at: ]
[multi_error_top_k: 1]
[auc_mu_weights: ]
[num_machines: 1]
[local_listen_port: 12400]
[time_out: 120]
[machine_list_filename: ]
[machines: ]
[gpu_platform_id: -1]
[gpu_device_id: -1]
[gpu_device_id_list: ]
[gpu_use_dp: 0]
[num_gpu: 1]

end of parameters

pandas_categorical:[]
