tree
version=v4
num_class=1
num_tree_per_iteration=1
label_index=0
max_feature_idx=16
objective=quantile
feature_names=ret_1d ret_5d ret_20d overnight_gap atr_pct parkinson_20 dvol_z_20 dist_ma20 dist_ma50 dist_ma200 spy_ret_1d spy_ret_5d spy_ret_20d vix_level vix_chg_1d sector_ret_1d sector_ret_5d
feature_infos=[-0.096744106126742224:0.097659604769226416] [-0.11724766577870971:0.14343903463624863] [-0.20193177107305016:0.24241644579575583] [-0.056511866856784443:0.1050442280732764] [0.013176229191759824:0.038240200028442202] [0.0081843907580025042:0.019762932166032338] [-2.1424814057318136:4.1697954732649212] [-0.1335614343053777:0.1019102688516953] [-0.19314506332100756:0.17712257647350294] [-0.24164444860125245:0.16185617011053033] [-0.058542971330535654:0.10501930183911301] [-0.11496151859245618:0.082843162776128354] [-0.1226559005192206:0.15756591020035837] [11.859999656677246:52.330001831054688] [-0.35753873962348437:0.74039073966007019] [-0.043404019803684024:0.038768816550480256] [-0.066511827613557339:0.073218486155716356]
tree_sizes=823 859 858 859 857 864 867 845 863 864 863 862 876 865 857 872 869 862 865 864 867 867 860 860 878 866 870 871 875 859 879 863

Tree=0
num_leaves=8
num_cat=0
split_feature=4 3 8 14 6 15 15
split_gain=1.62615 0.917163 0.953381 0.76296 0.964583 1.01333 0.285714
threshold=0.026016295770848255 -0.0015165988262674788 -0.049484019424596674 0.032336920174311119 1.0202051589900749 0.0012954520625355628 -0.0019291843397590822
decision_type=2 2 8 2 2 2 2
left_child=3 6 -3 -1 5 -5 -2
right_child=1 2 -4 4 -6 -7 -8
leaf_value=0.016405435832935099 0.016265042104461808 0.016920900749033584 0.016796527459942735 0.016380197755651221 0.01725612796379199 0.016703263258041633 0.016657043312289642
leaf_weight=460 28 47 25 84 35 39 28
leaf_count=460 28 47 25 84 35 39 28
internal_value=0.0165867 0.0217162 0.0254488 0.0155243 0.018522 0.016438 0.0169171
internal_weight=746 128 72 618 158 123 56
internal_count=746 128 72 618 158 123 56
is_linear=0
shrinkage=1


Tree=1
num_leaves=8
num_cat=0
split_feature=14 5 0 8 16 3 0
split_gain=1.16592 1.41467 1.26202 0.749844 0.922104 0.692308 0.650083
threshold=-0.001390218635627771 0.013924643883607356 0.0023954862488886346 0.020577474519528852 0.008144418068525951 -0.0015165988262674788 0.004229690003337506
decision_type=2 2 2 10 2 2 2
left_child=-1 3 5 4 6 -3 -2
right_child=1 2 -4 -5 -6 -7 -8
leaf_value=-0.00014198243839144248 -0.00013145918807851636 -0.00026225669199833563 0.00050710914549902998 -0.00025245284367783719 0.00025441988144051414 0.0002565484537783292 0.00045568653752579293
leaf_weight=399 104 26 32 72 36 26 38
leaf_count=399 104 26 32 72 36 26 38
internal_value=-0.000293316 0.00188623 0.0075 -1.19209e-09 0.00174157 0.00269231 -7.04237e-05
internal_weight=733 334 84 250 178 52 142
internal_count=733 334 84 250 178 52 142
is_linear=0
shrinkage=0.05


Tree=2
num_leaves=8
num_cat=0
split_feature=14 9 9 11 12 5 6
split_gain=1.21754 0.993581 1.3436 0.721161 0.641711 0.875152 0.603256
threshold=0.0037598780805861991 -0.051605898109175256 -0.16782034160797157 0.02573480883905466 0.012058033695657168 0.012033887337912776 1.2666643685387824
decision_type=2 8 10 2 2 2 2
left_child=3 2 -2 -1 -4 -6 -3
right_child=1 6 4 -5 5 -7 -8
leaf_value=-0.00017102550159261992 -7.6067351313916572e-05 -0.00011222679384210614 0.00036515003073025798 7.7727851265954574e-05 0.00034733886315625924 -9.1097081502203558e-05 0.00055244045792588543
leaf_weight=376 37 163 30 53 30 25 31
leaf_count=376 37 163 30 53 30 25 31
internal_value=-0.000234901 0.00212025 0.00565574 -0.0019697 0.00911765 0.00590909 -0.000103094
internal_weight=745 316 122 429 85 55 194
internal_count=745 316 122 429 85 55 194
is_linear=0
shrinkage=0.05


Tree=3
num_leaves=8
num_cat=0
split_feature=2 6 3 14 3 8 3
split_gain=1.33847 1.40844 1.06684 0.733251 0.703235 0.560345 0.697005
threshold=-0.12446837598386222 0.60538470028064839 0.004199636860263257 0.0017102699334086149 -0.004367130420698139 -0.06067027764958887 0.00025570029220067797
decision_type=2 2 2 2 2 8 2
left_child=-1 3 5 -2 -5 -3 -7
right_child=1 2 -4 4 -6 6 -8
leaf_value=0.00052227778745228776 -0.00023243244885160343 -0.0002251248599566198 0.00033475923703066437 0.00025007067004944862 -2.7657898438336887e-05 0.00041127430775677871 -0.000273855080317696
leaf_weight=39 308 26 37 45 192 62 28
leaf_count=39 308 26 37 45 192 62 28
internal_value=8.81942e-05 -0.000415474 0.00382353 -0.00160551 0.000485231 0.00146552 0.00333333
internal_weight=737 698 153 545 237 116 90
internal_count=737 698 153 545 237 116 90
is_linear=0
shrinkage=0.05


Tree=4
num_leaves=8
num_cat=0
split_feature=8 6 14 9 14 9 9
split_gain=1.25904 1.11515 1.10618 0.824034 1.31529 0.779501 0.318511
threshold=-0.13130408593968987 1.0202051589900749 0.072802606011034846 -0.049972495923257303 0.010891009150098998 -0.13728048257998862 0.014457280750555858
decision_type=8 2 2 8 2 10 8
left_child=-1 3 6 4 -2 -6 -3
right_child=1 2 -4 -5 5 -7 -8
leaf_value=0.00089751190174021118 -0.00020177632096031494 0.00017277201459206637 0.00044206482944833547 -0.00015106299702379971 6.0130655930280877e-05 0.00028445380323799179 -0.00035547817828167848
leaf_weight=26 157 52 25 360 38 47 38
leaf_count=26 157 52 25 360 38 47 38
internal_value=-0.000423958 -0.000815901 0.00369565 -0.00167774 0.000578511 0.00558823 0.00111111
internal_weight=743 717 115 602 242 85 90
internal_count=743 717 115 602 242 85 90
is_linear=0
shrinkage=0.05


Tree=5
num_leaves=8
num_cat=0
split_feature=8 6 9 3 14 9 9
split_gain=1.24375 1.20101 0.845103 0.687408 0.52041 0.645809 0.788648
threshold=-0.13130408593968987 0.60538470028064839 0.020820695536807547 -0.00095180236931285956 0.0017102699334086149 -0.082896996799568509 -0.14858823557453613
decision_type=8 2 8 2 2 8 10
left_child=-1 4 3 -3 -2 6 -6
right_child=1 2 -4 -5 5 -7 -8
leaf_value=0.00085263630665320081 -0.00021049719835112177 4.3645861606807832e-05 -7.9818386186062337e-05 0.00033345653266924973 -0.00011482572979918049 -9.7374312220337644e-05 0.00030242691226262797
leaf_weight=26 307 39 65 49 33 172 41
leaf_count=26 307 39 65 49 33 172 41
internal_value=-0.000355192 -0.000750709 0.00316993 0.00636364 -0.00183544 -0.000121952 0.00378378
internal_weight=732 706 153 88 553 246 74
internal_count=732 706 153 88 553 246 74
is_linear=0
shrinkage=0.05


Tree=6
num_leaves=8
num_cat=0
split_feature=8 3 14 6 9 6 9
split_gain=0.855443 0.829591 0.5806 0.490246 0.587856 0.556223 0.631938
threshold=-0.13130408593968987 -0.0094060973306021017 -0.012700650003930223 0.67722558702359803 -0.051605898109175256 -0.21526795124498307 -0.14858823557453613
decision_type=8 2 2 2 8 2 10
left_child=-1 -2 -3 4 5 6 -4
right_child=1 2 3 -5 -6 -7 -8
leaf_value=0.00062757991941489368 0.00020968100792052673 -0.00021869783076671154 -0.00027166019661424166 0.00013517974971875469 -0.00010883006484589344 -6.7925849388992813e-05 0.00024270230336772777
leaf_weight=32 34 304 31 67 184 34 58
leaf_count=32 34 304 31 67 184 34 58
internal_value=-0.000497313 -0.000856743 -0.00123894 8.02127e-05 -0.000765474 0.00191057 0.00398876
internal_weight=744 712 678 374 307 123 89
internal_count=744 712 678 374 307 123 89
is_linear=0
shrinkage=0.05


Tree=7
num_leaves=8
num_cat=0
split_feature=11 6 14 6 6 5 9
split_gain=1.24699 1.96178 0.923316 0.864286 0.509804 0.485034 0.49549
threshold=0.02573480883905466 0.12591275140966837 0.10157519013318318 0.31673654779415483 -0.50752040411106247 0.01572480178214283 -0.11182156903124955
decision_type=2 2 2 2 2 2 8
left_child=2 4 5 -4 -2 -1 -7
right_child=1 -3 3 -5 -6 6 -8
leaf_value=-0.00013592096994790453 0.00018718999380864287 0.00056795383562907207 -5.0335439556166637e-05 0.0010664064436394784 -0.0001845870968633076 0.00072863960228520869 -0.00017671978358962414
leaf_weight=530 25 25 35 28 26 29 42
leaf_count=530 25 25 35 28 26 29 42
internal_value=-0.000540542 0.00552631 -0.00123494 0.00452381 -9.80404e-05 -0.0018386 0.00204225
internal_weight=740 76 664 63 51 601 71
internal_count=740 76 664 63 51 601 71
is_linear=0
shrinkage=0.05


Tree=8
num_leaves=8
num_cat=0
split_feature=0 9 6 1 1 0 1
split_gain=0.869883 1.06045 1.06673 0.635068 0.743317 0.562702 0.692953
threshold=0.013027075593626482 0.023168159555445825 0.51089367224753579 -0.0046032301493844621 -0.0084575213655970188 -0.017922738640049559 -0.035892066998591036
decision_type=2 8 2 2 2 2 2
left_child=3 2 -2 4 5 6 -1
right_child=1 -3 -4 -5 -6 -7 -8
leaf_value=-2.5500989696989519e-05 0.00019171230784881889 -8.4879544745287275e-05 0.00062605908274782562 -0.00014350635676519207 0.00026925205130956547 -9.1942776445851537e-05 0.00027562290735844023
leaf_weight=31 35 49 27 307 38 241 33
leaf_count=31 35 49 27 307 38 241 33
internal_value=-0.000532196 0.00355856 0.00790322 -0.00123077 0.000247812 -0.000573772 0.00359375
internal_weight=761 111 62 650 343 305 64
internal_count=761 111 62 650 343 305 64
is_linear=0
shrinkage=0.05


Tree=9
num_leaves=8
num_cat=0
split_feature=4 9 15 8 9 9 14
split_gain=1.06557 1.01986 0.772247 0.440018 0.432455 0.589696 0.915292
threshold=0.025661727740334584 -0.1063130845126297 0.0010880498644592065 -0.020966324489318729 0.031673256347367958 1.0000000180025095e-35 0.01016731697942619
decision_type=2 8 2 8 10 10 2
left_child=4 2 -2 -3 5 6 -1
right_child=1 3 -4 -5 -6 -7 -8
leaf_value=-0.00018164832117974195 0.00022465980813277543 -0.00029119664168258112 0.00074263483508165134 5.5347240494031587e-05 -0.00015099231944118053 0.00044959634862975481 0.0001534722218083163
leaf_weight=270 26 52 25 32 135 34 164
leaf_count=270 26 52 25 32 135 34 164
internal_value=-0.00086721 0.00314815 0.00872549 -0.000238096 -0.00176617 -0.00104701 -0.00154378
internal_weight=738 135 51 84 603 468 434
internal_count=738 135 51 84 603 468 434
is_linear=0
shrinkage=0.05


Tree=10
num_leaves=8
num_cat=0
split_feature=5 12 12 5 14 7 10
split_gain=0.703541 1.10193 0.712611 0.482143 0.626354 0.403474 0.386377
threshold=0.014875840065205313 -0.005215251084133842 0.029085927178424512 0.0095679974977360954 -0.0056306847578752031 -0.03168853550141492 0.0094914683342374202
decision_type=2 2 2 2 2 2 2
left_child=3 5 -3 4 -1 -2 -5
right_child=1 2 -4 6 -6 -7 -8
leaf_value=-5.5318486841664145e-05 3.4660840522388991e-05 0.00043685774442170334 0.00024176713417228387 -0.00011252112436510662 0.00059213444494029058 -0.00036844097822741047 3.1728271353972765e-05
leaf_weight=37 43 27 38 467 38 40 58
leaf_count=37 43 27 38 467 38 40 58
internal_value=-0.000655081 0.00243243 0.00730769 -0.00141667 0.00233333 -0.00138554 -0.00195238
internal_weight=748 148 65 600 75 83 525
internal_count=748 148 65 600 75 83 525
is_linear=0
shrinkage=0.05


Tree=11
num_leaves=8
num_cat=0
split_feature=5 9 10 15 11 0 16
split_gain=1.09909 0.612174 0.664053 0.403491 0.33 0.3171 0.650391
threshold=0.014875840065205313 -0.098765192759038209 0.0027596163700298608 -0.00325104807042309 0.02573480883905466 0.003566430271333854 -0.0014217286591368115
decision_type=2 10 2 2 2 2 2
left_child=4 2 -2 -3 5 -1 -7
right_child=1 3 -4 -5 -6 6 -8
leaf_value=-0.00014646585254933498 0.00033686216267799857 -0.00029361436603027655 3.8074179402326262e-05 3.9059582717876827e-05 0.00034188720448958512 0.00019999584271814747 -0.00010211885422913772
leaf_weight=339 45 25 38 44 44 66 145
leaf_count=339 45 25 38 44 44 66 145
internal_value=-0.000241288 0.00355263 0.00644578 7.24626e-05 -0.00121212 -0.00154546 -2.36979e-05
internal_weight=746 152 83 69 594 550 211
internal_count=746 152 83 69 594 550 211
is_linear=0
shrinkage=0.05


Tree=12
num_leaves=8
num_cat=0
split_feature=9 3 8 10 2 9 2
split_gain=0.777888 0.694096 0.789346 0.586369 0.634371 1.49983 0.876543
threshold=0.05512793677593298 -0.0094060973306021017 -0.13130408593968987 -0.011231034779129566 -0.038836940027827553 -0.14436165989426322 -0.0049748267844050833
decision_type=10 2 8 2 2 8 2
left_child=1 -1 -3 -4 -5 -6 -7
right_child=-2 2 3 4 5 6 -8
leaf_value=0.00022182643767693316 -0.00025763623953897746 0.00066080000362558867 0.00023485601767901274 -0.00015072362423114609 0.00030475333781932834 0.00015741988890909667 -0.00015420524725169278
leaf_weight=32 97 26 52 181 32 89 217
leaf_count=32 97 26 52 181 32 89 217
internal_value=-0.000316806 0.000325913 -5.86277e-05 -0.000446586 -0.000953758 0.000325443 -0.000751635
internal_weight=726 629 597 571 519 338 306
internal_count=726 629 597 571 519 338 306
is_linear=0
shrinkage=0.05


Tree=13
num_leaves=8
num_cat=0
split_feature=0 4 14 5 14 8 8
split_gain=0.688365 0.78894 0.661499 0.56223 0.976206 0.337213 1.04758
threshold=0.014891004914279084 0.028198946592283017 -0.001390218635627771 0.0095679974977360954 -0.0070547548707520216 -0.035653030644568477 -0.02831405230040129
decision_type=2 2 2 2 2 10 10
left_child=1 3 -2 4 -1 -5 -7
right_child=2 -3 -4 5 -6 6 -8
leaf_value=-0.00023208699589888655 -7.47130718214554e-05 0.00032133785124367916 0.00028751697179438008 -0.00016015247417914015 0.00052984744711026966 0.00018098683637814847 -8.5185303624393306e-05
leaf_weight=31 50 50 36 195 32 32 316
leaf_count=31 50 50 36 195 32 32 316
internal_value=-0.000485176 -0.00103659 0.00372093 -0.00153465 0.00293651 -0.00205341 -0.00112069
internal_weight=742 656 86 606 63 543 348
internal_count=742 656 86 606 63 543 348
is_linear=0
shrinkage=0.05


Tree=14
num_leaves=8
num_cat=0
split_feature=11 14 0 14 11 6 12
split_gain=0.909938 0.46604 0.622553 1.27232 1.07773 0.550539 0.915978
threshold=0.03932291360928742 -0.013693091090924312 0.0023954862488886346 0.024414321868059811 0.0023967132721236521 0.67722558702359803 0.019709843636474437
decision_type=2 2 2 2 2 2 2
left_child=1 -1 5 -4 -5 -3 -7
right_child=-2 2 3 4 -6 6 -8
leaf_value=-0.00016246019054170122 0.00032898248665465973 -7.9872046197145702e-05 -8.9181788010314714e-05 9.211879291375042e-05 0.00058639572775925919 -0.00014197630017950415 0.00032286318659089324
leaf_weight=290 25 185 84 42 34 37 27
leaf_count=290 25 185 84 42 34 37 27
internal_value=-0.000372929 -0.000708156 0.000378972 0.0028125 0.0075 -0.00118474 0.0028125
internal_weight=724 699 409 160 76 249 64
internal_count=724 699 409 160 76 249 64
is_linear=0
shrinkage=0.05


Tree=15
num_leaves=8
num_cat=0
split_feature=9 2 13 11 5 2 8
split_gain=0.838763 0.72822 0.420936 0.648342 0.592805 0.531638 0.775579
threshold=0.031673256347367958 0.10542021410671877 25.19999980926514 0.00023769852102906167 0.010604715272486994 -0.089193885853092611 -0.035182978039989592
decision_type=10 2 2 2 2 2 10
left_child=1 2 3 4 -1 -5 -7
right_child=-2 -3 -4 5 -6 6 -8
leaf_value=5.5889526666930546e-05 -0.00016516644614165537 4.8617651173345895e-05 0.0002419004747183076 0.00063696205487350714 -0.00023422421277994958 -0.00014950684107372593 0.00014803570085443344
leaf_weight=38 145 26 34 28 159 128 174
leaf_count=38 145 26 34 28 159 128 174
internal_value=-0.00056011 0.000281089 -9.80404e-05 -0.000445921 -0.00271574 0.00090909 0.000298012
internal_weight=732 587 561 527 197 330 302
internal_count=732 587 561 527 197 330 302
is_linear=0
shrinkage=0.05


Tree=16
num_leaves=8
num_cat=0
split_feature=14 16 4 11 13 3 15
split_gain=0.908105 0.57416 0.37033 0.533928 0.493092 0.466717 0.765165
threshold=0.11365091649526195 0.027362718449644666 0.017551875754340873 -0.012158378577427352 14.84500026702881 0.0013582456160100567 -0.00077431478140316246
decision_type=2 2 2 2 2 2 2
left_child=1 2 -1 -4 -5 6 -6
right_child=-2 -3 3 4 5 -7 -8
leaf_value=-0.00014019713361541002 0.00027749575318504872 0.00028281193571136511 -0.00028540760955582601 -0.00013431146475859806 -4.1854844473770923e-06 -6.6398906339139153e-05 0.00015882629955839972
leaf_weight=254 44 27 73 102 82 93 76
leaf_count=254 44 27 73 102 82 93 76
internal_value=-0.00060586 -0.00103961 -0.00132353 -0.000422536 0.000382435 0.0015737 0.00322785
internal_weight=751 707 680 426 353 251 158
internal_count=751 707 680 426 353 251 158
is_linear=0
shrinkage=0.05


Tree=17
num_leaves=8
num_cat=0
split_feature=9 7 1 10 11 8 5
split_gain=0.592838 0.736552 0.666601 0.484926 0.927459 0.720238 0.553571
threshold=-0.056363848879077853 0.010122705800134859 0.024606684768080148 -0.0053055515245151166 0.011915744624196202 -0.074634543841495468 0.011959662928817913
decision_type=8 2 2 2 2 8 2
left_child=1 3 -3 -1 -5 -6 -7
right_child=-2 2 -4 4 5 6 -8
leaf_value=0.00011490760513184337 -5.9368534570246574e-05 0.00022511818145505075 0.00012691529195881486 -0.00015990925507851996 0.00060505552660753857 1.6072767145344162e-05 -0.00031893114569931898
leaf_weight=40 468 26 31 95 28 25 31
leaf_count=40 468 26 31 95 28 25 31
internal_value=-0.000497313 0.00134058 0.00640351 2.28299e-05 -0.00108939 0.00273809 -0.000535715
internal_weight=744 276 57 219 179 84 56
internal_count=744 276 57 219 179 84 56
is_linear=0
shrinkage=0.05


Tree=18
num_leaves=8
num_cat=0
split_feature=9 6 14 10 8 11 14
split_gain=0.646307 0.488047 0.841675 0.818913 0.754441 0.367816 0.339161
threshold=0.031673256347367958 0.31673654779415483 0.08570124221832566 0.00074647751592549227 -0.016346453986298578 0.009090553623087862 0.0017102699334086149
decision_type=10 2 2 2 8 2 2
left_child=1 6 3 -3 5 -5 -1
right_child=-2 2 -4 4 -6 -7 -8
leaf_value=-0.00013673552313091489 -0.0001204274765812115 -0.00021548207901460597 0.0010461519229806909 -0.00023082199043393707 0.0004855288495051265 0.0001601650430419361 1.9380892455791784e-05
leaf_weight=240 153 61 25 29 33 25 184
leaf_count=240 153 61 25 29 33 25 184
internal_value=-0.000466668 0.000276381 0.00251445 0.00108108 0.0041954 0.000555554 -0.000636794
internal_weight=750 597 173 148 87 54 424
internal_count=750 597 173 148 87 54 424
is_linear=0
shrinkage=0.05


Tree=19
num_leaves=8
num_cat=0
split_feature=9 11 15 11 4 5 9
split_gain=0.535389 0.560712 1.1716 0.384829 0.382274 1.01556 1.19048
threshold=0.029878450497731416 0.02573480883905466 0.0045809880837467407 0.019998306186617913 0.016064696481892588 0.010663544343875992 -0.15972117451699522
decision_type=10 2 2 2 2 2 10
left_child=1 3 -3 4 -1 6 -6
right_child=-2 2 -4 -5 5 -7 -8
leaf_value=-0.00035950342637431514 -0.00013430249560093677 0.00033898104845606129 -0.00019613661046936258 -0.00036194615701146598 9.7797090642909766e-06 -9.4574889876211543e-06 0.00052915554840411271
leaf_weight=80 142 35 27 41 35 356 25
leaf_count=80 142 35 27 41 35 356 25
internal_value=-0.000479084 0.000175291 0.00467742 -0.000344508 4.03214e-05 0.000649037 0.00666667
internal_weight=741 599 62 537 496 416 60
internal_count=741 599 62 537 496 416 60
is_linear=0
shrinkage=0.05


Tree=20
num_leaves=8
num_cat=0
split_feature=11 3 10 13 5 5 9
split_gain=0.474453 0.422894 0.370028 0.410238 0.501222 0.691746 0.590011
threshold=0.03932291360928742 -0.0094060973306021017 -0.01378806518059311 17.994999885559086 0.0095679974977360954 0.012619264857596875 0.011695731595781968
decision_type=2 2 2 2 2 2 8
left_child=1 -1 -3 4 -4 -6 -7
right_child=-2 2 3 -5 5 6 -8
leaf_value=2.3197004230581395e-05 0.0002465410519959623 0.00015990023022107374 8.5699439852540804e-05 -0.00017481362861155835 -0.00012871617554212673 0.00011082285573397521 -9.2451861130861456e-05
leaf_weight=38 28 42 50 175 302 72 32
leaf_count=38 28 42 50 175 302 72 32
internal_value=-0.000669825 -0.000921239 -0.001211 -0.00151347 -0.000723685 -0.00130542 0.00221154
internal_weight=739 711 673 631 456 406 104
internal_count=739 711 673 631 456 406 104
is_linear=0
shrinkage=0.05


Tree=21
num_leaves=8
num_cat=0
split_feature=13 12 10 8 2 15 3
split_gain=0.497227 0.55615 0.696779 1.20718 1.11853 0.467688 0.544681
threshold=14.404999732971193 -0.005215251084133842 -0.0012648556783600438 -0.021337222567451571 -0.052777184817188232 -0.0010381070365966247 0.00056944513288836884
decision_type=2 2 2 8 2 2 2
left_child=-1 -2 3 4 -3 -4 -7
right_child=1 2 5 -5 -6 6 -8
leaf_value=-0.00011964219264620253 -5.6767867837944052e-05 3.9253997531390515e-06 -0.00012697487936537267 3.6122272519866703e-06 0.0003252350911531279 0.00020954982125950751 -4.5547724662289874e-05
leaf_weight=181 185 26 85 76 27 81 85
leaf_count=181 185 26 85 76 27 81 85
internal_value=-0.000509385 0.000221238 0.00131579 0.00430232 0.0100943 -0.000219125 0.0013253
internal_weight=746 565 380 129 53 251 166
internal_count=746 565 380 129 53 251 166
is_linear=0
shrinkage=0.05


Tree=22
num_leaves=8
num_cat=0
split_feature=16 13 13 5 12 11 13
split_gain=0.60976 0.452718 0.601016 0.627515 0.555444 0.82451 0.380421
threshold=0.028858173751409425 14.244999885559084 17.994999885559086 0.014648245111190693 0.03170739700197301 0.01079875175925993 25.319999694824222
decision_type=2 2 2 2 2 2 2
left_child=1 -1 3 4 -3 -6 -4
right_child=-2 2 6 -5 5 -7 -8
leaf_value=-0.00018912709956166515 0.00026421416877488445 -3.3418162517980875e-05 -0.00013015445095389437 0.00042806352940188448 0.0001462171936271438 -0.00010083922358440614 0.00017424106195629903
leaf_weight=168 25 199 211 42 34 30 31
leaf_count=168 25 199 211 42 34 30 31
internal_value=-0.000675677 -0.000944057 -0.000246802 0.00122951 0.000323193 0.004375 -0.00210744
internal_weight=740 715 547 305 263 64 242
internal_count=740 715 547 305 263 64 242
is_linear=0
shrinkage=0.05


Tree=23
num_leaves=8
num_cat=0
split_feature=11 2 6 11 13 13 13
split_gain=0.623056 0.764292 1.02698 0.522349 0.491229 0.442855 0.507279
threshold=0.00023769852102906167 -0.089193885853092611 1.4415765312733975 0.01199540999330473 25.319999694824222 17.445000648498539 15.295000076293947
decision_type=2 2 2 2 2 2 2
left_child=4 -2 3 5 -1 6 -3
right_child=1 2 -4 -5 -6 -7 -8
leaf_value=-0.00010983732838750583 0.0004745588201439234 -3.0516738583126154e-05 0.00063987646126003955 -0.00011588025669933278 0.00015933599484209068 -0.0003213269298033942 0.00010957635326959219
leaf_weight=256 30 75 39 199 28 49 71
leaf_count=256 30 75 39 199 28 49 71
internal_value=-0.000515396 0.00061555 8.08302e-05 -0.00068528 -0.00235916 0.00115384 0.00253425
internal_weight=747 463 433 394 284 195 146
internal_count=747 463 433 394 284 195 146
is_linear=0
shrinkage=0.05


Tree=24
num_leaves=8
num_cat=0
split_feature=5 4 11 3 10 15 1
split_gain=0.440662 0.533375 0.468751 0.543157 0.874057 0.689175 0.833382
threshold=0.0095679974977360954 0.017188164750241808 -0.012158378577427352 0.0016250695903852199 -0.0014592383155322961 -0.00077431478140316246 0.027845115002812285
decision_type=2 2 2 2 2 2 2
left_child=-1 -2 -3 5 -5 -4 -7
right_child=1 2 3 4 -6 6 -8
leaf_value=0.00019328727065902123 -0.00013638513995191601 -7.4441314532214009e-05 -2.1787112143836583e-06 0.00027019144433085691 -0.00013883170127955628 0.00012362753905475563 -6.4338908668148761e-05
leaf_weight=71 164 99 139 44 93 107 27
leaf_count=71 164 99 139 44 93 107 27
internal_value=-0.0002957 -0.000690937 0.000108054 0.000853657 -0.00171533 0.00214286 0.00470149
internal_weight=744 673 509 410 137 273 134
internal_count=744 673 509 410 137 273 134
is_linear=0
shrinkage=0.05


Tree=25
num_leaves=8
num_cat=0
split_feature=0 14 2 1 5 8 8
split_gain=0.74255 0.949842 0.999706 0.457404 0.374815 0.447693 1.03598
threshold=0.012792236214856924 0.024414321868059811 -0.00750296588809679 0.024370195523119701 0.016905212400137658 -0.035182978039989592 -0.027772240590680227
decision_type=2 2 2 2 2 8 8
left_child=3 2 -2 4 5 -1 -7
right_child=1 -3 -4 -5 -6 6 -8
leaf_value=-5.9797329071133377e-05 -0.0001301954392635962 0.00050176689965257309 0.00015220716247861258 -0.00013799801244266267 0.00019261893342572048 0.00018113599587450148 -3.8328340009827547e-05
leaf_weight=185 42 28 41 97 47 34 276
leaf_count=185 42 28 41 97 47 34 276
internal_value=-0.000666668 0.00310811 0.000421686 -0.00132238 -0.000756459 -0.00116162 -1.19209e-09
internal_weight=750 111 83 639 542 495 310
internal_count=750 111 83 639 542 495 310
is_linear=0
shrinkage=0.05


Tree=26
num_leaves=8
num_cat=0
split_feature=11 2 8 9 10 2 13
split_gain=0.485551 0.827225 0.79578 1.18356 1.6926 0.850632 0.577056
threshold=0.0019507060207528684 -0.089193885853092611 -0.036326617564025436 0.031673256347367958 -0.0014016774424328025 -0.0034291011894897467 21.82499980926514
decision_type=2 2 10 8 2 2 2
left_child=6 -2 -3 4 -4 -6 -1
right_child=1 2 3 -5 5 -7 -8
leaf_value=-0.00012652115930590632 0.0004433009487021973 -0.00010487104816980607 0.00042745519431708025 -0.00011146565127824946 0.00028091190848577631 -3.5983860265187913e-05 0.00014345809653289535
leaf_weight=246 30 131 26 143 28 74 65
leaf_count=246 30 131 26 143 28 74 65
internal_value=-0.000760432 0.000324073 -0.000273633 0.00127306 0.00476562 0.00186274 -0.00226688
internal_weight=743 432 402 271 128 102 311
internal_count=743 432 402 271 128 102 311
is_linear=0
shrinkage=0.05


Tree=27
num_leaves=8
num_cat=0
split_feature=3 11 11 13 9 5 4
split_gain=0.489385 0.576742 0.763839 0.432739 0.611601 0.420324 0.323739
threshold=-0.0094060973306021017 0.0019507060207528684 0.0039565944761287284 21.82499980926514 -0.090411037347516307 0.0095679974977360954 0.017300961412703798
decision_type=2 2 2 2 10 2 2
left_child=-1 3 -3 -2 -5 -4 -7
right_child=1 2 5 4 -6 6 -8
leaf_value=9.246264954654319e-05 -0.00014666817199476007 0.00024675662015990248 0.00011546712912214297 0.00018193227757494189 -9.1980697451366866e-05 -0.00018428137881817635 -7.6818048615482925e-06
leaf_weight=35 234 44 37 25 32 85 253
leaf_count=35 234 44 37 25 32 85 253
internal_value=-0.000771813 -0.00105634 0.000131264 -0.00276632 0.00114035 -0.000600001 -0.00115385
internal_weight=745 710 419 291 57 375 338
internal_count=745 710 419 291 57 375 338
is_linear=0
shrinkage=0.05


Tree=28
num_leaves=8
num_cat=0
split_feature=3 15 1 10 15 7 14
split_gain=0.411124 0.911862 1.10646 0.539669 0.462664 1.08446 0.622222
threshold=0.0013582456160100567 -0.0010381070365966247 -0.034918076808951308 -0.011742886099156634 0.0036891920908436186 0.0087875001316367624 -0.013693091090924312
decision_type=2 2 2 2 2 2 2
left_child=1 -1 -3 -2 5 6 -4
right_child=3 2 4 -5 -6 -7 -8
leaf_value=-5.3290149573004061e-05 9.1508416499203092e-05 0.00059001985304208131 -0.00036412939149787425 -6.4864489096073505e-05 -2.7125824354983793e-05 0.00029288343244472225 5.5107472990752921e-05
leaf_weight=234 25 26 35 241 102 44 45
leaf_count=234 25 26 35 241 102 44 45
internal_value=-0.000412235 0.000452674 0.00253968 -0.00199248 0.00141593 0.00346774 -1.19209e-09
internal_weight=752 486 252 266 226 124 80
internal_count=752 486 252 266 226 124 80
is_linear=0
shrinkage=0.05


Tree=29
num_leaves=8
num_cat=0
split_feature=11 0 8 11 0 14 11
split_gain=0.449746 0.742115 0.372382 0.281155 0.356143 0.857094 1.89078
threshold=0.02573480883905466 -0.0035531438377240927 -0.12793947420931731 0.016655619585763119 0.0018583940234954135 0.024414321868059811 0.0023967132721236521
decision_type=2 2 8 2 2 2 2
left_child=2 -2 -1 4 -4 -6 -7
right_child=1 -3 3 -5 5 6 -8
leaf_value=0.00046429250490185881 0.00036712505406074117 -4.9138328567225378e-06 -6.4613299549863253e-05 -0.00029480232143830277 -5.43839512659895e-05 -2.9321119628336886e-06 0.00066839890545905404
leaf_weight=26 28 49 307 76 174 43 27
leaf_count=26 28 49 307 76 174 43 27
internal_value=-0.000821919 0.00279221 -0.00124809 -0.00149123 -0.001098 0.000327868 0.005
internal_weight=730 77 653 627 551 244 70
internal_count=730 77 653 627 551 244 70
is_linear=0
shrinkage=0.05


Tree=30
num_leaves=8
num_cat=0
split_feature=3 9 15 15 1 2 15
split_gain=0.602555 0.298167 0.529494 0.610064 1.02904 0.543478 0.660357
threshold=-0.0094060973306021017 -0.081323364862050426 -0.0096436602793300557 -0.0010381070365966247 -0.034918076808951308 -0.013130573673292121 0.0015694436092029698
decision_type=2 10 2 2 2 2 2
left_child=-1 2 -2 -4 -5 -6 -7
right_child=1 -3 3 4 5 6 -8
leaf_value=8.9059483119481055e-05 0.0001678410174075878 -6.0954452573362446e-05 -0.00010620806281136085 0.00029524512799479946 -0.00018542801795270883 6.9295979551969506e-05 -7.1530310143791536e-05
leaf_weight=33 26 328 134 32 92 25 67
leaf_count=33 26 328 134 32 92 25 67
internal_value=-0.000997287 -0.00130682 -0.000345746 -0.000857144 0.000787036 -0.000652175 0.00206522
internal_weight=737 704 376 350 216 184 92
internal_count=737 704 376 350 216 184 92
is_linear=0
shrinkage=0.05


Tree=31
num_leaves=8
num_cat=0
split_feature=13 12 13 6 6 0 15
split_gain=0.557661 0.533609 0.79665 0.999261 0.562431 0.589593 0.77277
threshold=14.795000076293947 0.031984591372152711 18.015000343322757 -0.4405274385761811 -0.37894347403664946 0.0025479206982690354 0.0092757961297963449
decision_type=2 2 2 2 2 2 2
left_child=-1 4 3 -3 -2 -6 -7
right_child=1 2 -4 -5 5 6 -8
leaf_value=-7.4999672550004042e-05 -0.00014868994185525468 6.3017134146485447e-05 -0.0002649873309331864 9.5616738716802356e-05 -4.6914281811580445e-05 0.00030433000211865032 -1.6545162436129836e-05
leaf_weight=205 154 25 52 41 140 85 29
leaf_count=205 154 25 52 41 140 85 29
internal_value=-0.000348838 0.000513307 0.00347458 0.00712121 -0.000343138 0.00110236 0.00377193
internal_weight=731 526 118 66 408 254 114
internal_count=731 526 118 66 408 254 114
is_linear=0
shrinkage=0.05


end of trees

feature_importances:
dist_ma200=27
spy_ret_5d=22
vix_chg_1d=21
dist_ma50=18
parkinson_20=16
dvol_z_20=16
overnight_gap=15
vix_level=14
sector_ret_1d=14
ret_1d=11
ret_20d=11
spy_ret_1d=10
ret_5d=8
atr_pct=7
spy_ret_20d=7
sector_ret_5d=4
dist_ma20=3

parameters:
[boosting: gbdt]
[objective: quantile]
[metric: quantile]
[tree_learner: serial]
[device_type: cpu]
[data_sample_strategy: bagging]
[data: ]
[valid: ]
[num_iterations: 80]
[learning_rate: 0.05]
[num_leaves: 8]
[num_threads: 1]
[seed: 0]
[deterministic: 0]
[force_col_wise: 1]
[force_row_wise: 0]
[histogram_pool_size: -1]
[max_depth: -1]
[min_data_in_leaf: 25]
[min_sum_hessian_in_leaf: 0.001]
[bagging_fraction: 0.9]
[pos_bagging_fraction: 1]
[neg_bagging_fraction: 1]
[bagging_freq: 1]
[bagging_seed: 3]
[bagging_by_query: 0]
[feature_fraction: 0.9]
[feature_fraction_bynode: 1]
[feature_fraction_seed: 2]
[extra_trees: 0]
[extra_seed: 6]
[early_stopping_round: 0]
[early_stopping_min_delta: 0]
[first_metric_only: 0]
[max_delta_step: 0]
[lambda_l1: 0]
[lambda_l2: 0]
[linear_lambda: 0]
[min_gain_to_split: 0]
[drop_rate: 0.1]
[max_drop: 50]
[skip_drop: 0.5]
[xgboost_dart_mode: 0]
[uniform_drop: 0]
[drop_seed: 4]
[top_rate: 0.2]
[other_rate: 0.1]
[min_data_per_group: 100]
[max_cat_threshold: 32]
[cat_l2: 10]
[cat_smooth: 10]
[max_cat_to_onehot: 4]
[top_k: 20]
[monotone_constraints: ]
[monotone_constraints_method: basic]
[monotone_penalty: 0]
[feature_contri: ]
[forcedsplits_filename: ]
[refit_decay_rate: 0.9]
[cegb_tradeoff: 1]
[cegb_penalty_split: 0]
[cegb_penalty_feature_lazy: ]
[cegb_penalty_feature_coupled: ]
[path_smooth: 0]
[interaction_constraints: ]
[verbosity: -1]
[saved_feature_importance_type: 0]
[use_quantized_grad: 0]
[num_grad_quant_bins: 4]
[quant_train_renew_leaf: 0]
[stochastic_rounding: 1]
[linear_tree: 0]
[max_bin: 255]
[max_bin_by_feature: ]
[min_data_in_bin: 3]
[bin_construct_sample_cnt: 200000]
[data_random_seed: 1]
[is_enable_sparse: 1]
[enable_bundle: 1]
[use_missing: 1]
[zero_as_missing: 0]
[feature_pre_filter: 1]
[pre_partition: 0]
[two_round: 0]
[header: 0]
[label_column: ]
[weight_column: ]
[group_column: ]
[ignore_column: ]
[categorical_feature: ]
[forcedbins_filename: ]
[precise_float_parser: 0]
[parser_config_file: ]
[objective_seed: 5]
[num_class: 1]
[is_unbalance: 0]
[scale_pos_weight: 1]
[sigmoid: 1]
[boost_from_average: 1]
[reg_sqrt: 0]
[alpha: 0.9]
[fair_c: 1]
[poisson_max_delta_step: 0.7]
[tweedie_variance_power: 1.5]
[lambdarank_truncation_level: 30]
[lambdarank_norm: 1]
[label_gain: ]
[lambdarank_position_bias_regularization: 0]
[eval_at: ]
[multi_error_top_k: 1]
[auc_mu_weights: ]
[num_machines: 1]
[local_listen_port: 12400]
[time_out: 120]
[machine_list_filename: ]
[machines: ]
[gpu_platform_id: -1]
[gpu_device_id: -1]
[gpu_device_id_list: ]
[gpu_use_dp: 0]
[num_gpu: 1]

end of parameters

pandas_categorical:[]
