tree
version=v4
num_class=1
num_tree_per_iteration=1
label_index=0
max_feature_idx=16
objective=quantile
feature_names=ret_1d ret_5d ret_20d overnight_gap atr_pct parkinson_20 dvol_z_20 dist_ma20 dist_ma50 dist_ma200 spy_ret_1d spy_ret_5d spy_ret_20d vix_level vix_chg_1d sector_ret_1d sector_ret_5d
feature_infos=[-0.13956904132096881:0.12386409699851453] [-0.21583653725668028:0.21772271294221035] [-0.31503790780960972:0.42306854995209253] [-0.097273507963491102:0.093714014879690888] [0.016003653312212686:0.064321572644580993] [0.010939068460686055:0.033068341730188786] [-2.2864630925260347:4.2959012220403947] [-0.22708960966840197:0.22787208961772332] [-0.27576915346079711:0.2735705276444782] [-0.32303178651924414:0.44088061716685667] [-0.058542971330535654:0.10501930183911301] [-0.11496151859245618:0.082843162776128354] [-0.1226559005192206:0.15756591020035837] [11.859999656677246:52.330001831054688] [-0.35753873962348437:0.74039073966007019] [-0.060400368534546778:0.10888055657805773] [-0.11617886647053255:0.1006018727753657]
tree_sizes=829 858 861 864 856 861 868 862 853 860 856 869 866 873 866 860 863 862 856 865 864 871 866 865 857 866 860 872 865 864 865 860 862 868

Tree=0
num_leaves=8
num_cat=0
split_feature=6 15 7 9 5 15 15
split_gain=1.04719 1.17009 0.883869 0.7 0.395961 0.497273 0.455361
threshold=1.474994568207028 0.016639633899081744 0.013281535239715094 0.048650985988313307 0.012719076643360172 0.0043969549032328867 0.002346457935563873
decision_type=2 2 2 8 2 2 2
left_child=1 4 -3 -2 -1 6 -6
right_child=3 2 -4 -5 5 -7 -8
leaf_value=-0.022436068969521147 -0.024144838656816943 -0.022900782659243391 -0.022143006051401473 -0.02229479690027944 -0.022141759359874242 -0.021930464197824646 -0.02248774476957028
leaf_weight=42 35 29 30 35 344 179 52
leaf_count=42 35 29 30 35 344 179 52
internal_value=-0.0221755 -0.0215726 -0.0282996 -0.027997 -0.0209294 -0.020587 -0.0215756
internal_weight=746 676 59 70 617 575 396
internal_count=746 676 59 70 617 575 396
is_linear=0
shrinkage=1


Tree=1
num_leaves=8
num_cat=0
split_feature=5 12 4 3 16 10 0
split_gain=0.904203 0.79101 0.536799 0.464895 0.68466 0.421057 0.593927
threshold=0.012719076643360172 -0.029032351633034689 0.020553558134748309 0.012797858119176777 0.0092569154100511381 -0.0084264331718765222 0.0018304378619116159
decision_type=2 2 2 2 2 2 2
left_child=2 5 -1 -3 -5 -2 -7
right_child=1 3 -4 4 -6 6 -8
leaf_value=-0.00090912215861839939 0.00050243096759213846 0.00017800252529417087 1.6464556176971845e-05 -0.00028572580350738332 0.00012509151499258471 -0.0013158904569258237 3.1481552339693567e-05
leaf_weight=34 28 526 28 25 33 32 27
leaf_count=34 28 526 28 25 33 32 27
internal_value=0.000293315 0.000827124 -0.00548387 0.00148973 -0.00275862 -0.00362069 -0.00601695
internal_weight=733 671 62 584 58 87 59
internal_count=733 671 62 584 58 87 59
is_linear=0
shrinkage=0.05


Tree=2
num_leaves=8
num_cat=0
split_feature=5 2 5 9 3 8 8
split_gain=0.622317 0.659878 0.598889 0.411576 0.330675 0.60345 1.45725
threshold=0.012368577125350019 -0.11600454350440685 0.016849094942891506 -0.085793846962632633 0.0021880265062822484 0.069454732263921973 0.013215766930115837
decision_type=2 2 2 8 2 10 8
left_child=-1 2 -2 -3 -5 6 -6
right_child=1 3 -4 4 5 -7 -8
leaf_value=-0.00047657859123365152 0.0001517150775204318 0.00033668871874948254 -0.00082138333329997309 0.00013181800406354653 3.3018670718345245e-05 0.00020173416640448987 -0.0014302394673133022
leaf_weight=36 26 136 32 311 101 67 36
leaf_count=36 26 136 32 311 101 67 36
internal_value=0.000302014 0.000627645 -0.00448276 0.00108295 0.000436893 -0.00112745 -0.0030292
internal_weight=745 709 58 651 515 204 137
internal_count=745 709 58 651 515 204 137
is_linear=0
shrinkage=0.05


Tree=3
num_leaves=8
num_cat=0
split_feature=4 3 2 1 3 12 6
split_gain=0.674044 0.779339 0.601536 0.490308 0.512397 0.402966 0.366017
threshold=0.021622414835819084 -0.00024334056476982277 -0.099270541056504 -0.017054841696822306 -0.0038476268970311085 -0.03685301683685837 -0.038047799624992169
decision_type=2 2 2 2 2 2 2
left_child=1 -1 3 4 -2 -4 -7
right_child=2 -3 5 -5 -6 6 -8
leaf_value=-0.00074682924497710573 -0.00069821183153998434 2.4069881451859449e-05 -0.00034992970709645524 9.4209007523519058e-05 -0.00087317307966981771 0.00022867447488201162 -9.1965747379916287e-05
leaf_weight=37 30 48 47 30 28 322 195
leaf_count=37 30 48 47 30 28 322 195
internal_value=-0.00022388 -0.00441176 0.000322086 -0.00352273 -0.0062069 0.000921986 0.00132495
internal_weight=737 85 652 88 58 564 517
internal_count=737 85 652 88 58 564 517
is_linear=0
shrinkage=0.05


Tree=4
num_leaves=8
num_cat=0
split_feature=6 15 0 0 12 0 7
split_gain=0.800958 0.502392 0.516775 0.936032 0.729293 0.547701 0.81254
threshold=1.474994568207028 0.016639633899081744 -0.011329488128185293 -0.020065441865121988 0.019191673463848761 0.010085026194822768 -0.026697876764917635
decision_type=2 2 2 2 2 2 2
left_child=1 2 3 -1 -5 -4 -7
right_child=-2 -3 5 4 -6 6 -8
leaf_value=0.00023713188169533582 -0.0012581098251472471 -0.00016571880880555961 0.00021136342895040317 -0.0006312103751929893 -1.9519481029493284e-05 -0.0002980816191863019 8.2136093163098561e-05
leaf_weight=71 72 58 315 36 44 26 121
leaf_count=71 72 58 315 36 44 26 121
internal_value=0.000289368 0.000827124 0.00124796 -0.00129139 -0.005 0.00207792 -0.000442177
internal_weight=743 671 613 151 80 462 147
internal_count=743 671 613 151 80 462 147
is_linear=0
shrinkage=0.05


Tree=5
num_leaves=8
num_cat=0
split_feature=12 14 4 11 16 8 3
split_gain=0.521933 0.629054 0.559148 0.7751 0.678646 0.421401 0.596674
threshold=-0.038043904409190692 -0.014609583018452553 0.021622414835819084 0.011258220737919157 -0.0049729106431071193 -0.07700785358879296 0.0032423515599679935
decision_type=2 2 2 2 2 8 2
left_child=1 -1 3 4 -2 6 -4
right_child=2 -3 5 -5 -6 -7 -8
leaf_value=-0.00086371620347438041 -3.689167123268497e-05 6.4188100550860338e-05 0.00023272081959041513 0.00038493003893717349 -0.00090224963421904635 0.00010783753551022714 -0.0003545839563195432
leaf_weight=26 25 31 58 28 29 504 31
leaf_count=26 25 31 58 28 29 504 31
internal_value=-5.46446e-05 -0.00464912 0.000333334 -0.00353659 -0.00703704 0.000868466 -0.00230337
internal_weight=732 57 675 82 54 593 89
internal_count=732 57 675 82 54 593 89
is_linear=0
shrinkage=0.05


Tree=6
num_leaves=8
num_cat=0
split_feature=6 9 0 12 16 16 16
split_gain=0.844503 0.699595 0.599904 0.434742 0.839683 0.434672 0.949548
threshold=0.010239689638004666 -0.12650672579263253 -0.02301599398835363 -0.022997185287748575 -0.0059850860278682352 0.0080440714438040368 0.029066347644016614
decision_type=2 8 2 2 2 2 2
left_child=3 -2 -3 4 -1 -4 -7
right_child=1 2 5 -5 -6 6 -8
leaf_value=0.00036021046286653023 -0.0006936435953308639 0.00057608942688344765 -0.0002719361325115103 0.0001740542363443674 -0.00085372000758453617 0.00015162830309638437 -0.00048361344710088353
leaf_weight=42 38 37 103 387 30 72 35
leaf_count=42 38 37 103 387 30 72 35
internal_value=0.000295699 -0.00184211 -0.000870445 0.00162309 -0.00194444 -0.00190476 0.000327103
internal_weight=744 285 247 459 72 210 107
internal_count=744 285 247 459 72 210 107
is_linear=0
shrinkage=0.05


Tree=7
num_leaves=8
num_cat=0
split_feature=10 5 0 4 0 1 0
split_gain=0.557265 0.550425 0.470379 0.617261 0.927346 0.525412 0.471342
threshold=0.015605159278572868 0.012719076643360172 -0.011329488128185293 0.033729582812708346 -0.020065441865121988 0.0036775530019530493 -0.01461790556472131
decision_type=2 2 2 2 2 2 2
left_child=1 -1 3 4 -3 6 -6
right_child=-2 2 -4 -5 5 -7 -8
leaf_value=-0.00019704578188315297 -0.0002879898197417061 0.00030310100305610925 0.00011990915004141986 -0.0010084543363068933 -0.00018676801343048762 -0.00031395747719211651 0.00078630447461303988
leaf_weight=54 25 59 484 32 26 35 25
leaf_count=54 25 59 484 32 26 35 25
internal_value=0.000337838 0.000594406 0.000990923 -0.00121469 0.000172414 -0.00313953 9.80394e-05
internal_weight=740 715 661 177 145 86 51
internal_count=740 715 661 177 145 86 51
is_linear=0
shrinkage=0.05


Tree=8
num_leaves=8
num_cat=0
split_feature=10 4 6 2 2 6 11
split_gain=0.546389 0.445058 0.748316 0.651855 0.407997 0.4389 0.787202
threshold=0.015605159278572868 0.021622414835819084 -0.39306745262164633 0.006822466264831962 -0.12320266185921934 -0.89051211147376341 0.010571725721311933
decision_type=2 2 2 2 2 2 2
left_child=1 2 -1 -4 -3 6 -6
right_child=-2 4 3 -5 5 -7 -8
leaf_value=0.0001408636736421847 -0.00027359032875462068 -0.00027920248899483148 -0.0010056323821913235 -7.2983368207042631e-05 0.00030107671911301062 0.0001362066079422024 -0.0005360781382002305
leaf_weight=39 25 47 26 25 54 503 42
leaf_count=39 25 47 26 25 54 503 42
internal_value=0.000269383 0.000516305 -0.00277778 -0.00676471 0.000975232 0.00132721 -0.00177083
internal_weight=761 736 90 51 646 599 96
internal_count=761 736 90 51 646 599 96
is_linear=0
shrinkage=0.05


Tree=9
num_leaves=8
num_cat=0
split_feature=6 11 13 7 9 0 0
split_gain=0.666364 0.546717 0.428215 0.412024 0.770891 0.404979 0.830769
threshold=1.474994568207028 0.0019507060207528684 14.194999694824221 -0.024160079190515989 0.083672718561994111 -0.011280356682729751 -0.019403115307986381
decision_type=2 2 2 2 10 2 2
left_child=2 -2 -1 4 -4 6 -5
right_child=1 -3 3 5 -6 -7 -8
leaf_value=0.00027748771743998707 -0.001568549106691981 2.1879423439788396e-05 1.2871414939848187e-05 0.00040115202982178198 -0.00058728746083429231 0.00012205374913127578 -0.00022058034990582164
leaf_weight=148 28 39 153 26 29 276 39
leaf_count=148 28 39 153 26 29 276 39
internal_value=0.000799458 -0.00395522 0.00127422 0.000602295 -0.00131868 0.00162757 -0.00192308
internal_weight=738 67 671 523 182 341 65
internal_count=738 67 671 523 182 341 65
is_linear=0
shrinkage=0.05


Tree=10
num_leaves=8
num_cat=0
split_feature=6 6 2 6 3 5 5
split_gain=0.648018 0.426393 0.422969 0.403813 0.840916 1.4934 0.394861
threshold=1.6329558176864516 2.6863406275822421 -1.0000000180025095e-35 -0.24049831497798577 0.0067065210549672747 0.017934744482262194 0.013599455826997403
decision_type=2 2 2 2 2 2 2
left_child=2 -2 3 -1 5 6 -5
right_child=1 -3 -4 4 -6 -7 -8
leaf_value=0.00012261895395016548 -0.0014776474907179649 0.00029586138709028942 0.00021175596883867177 -9.3705184089818474e-05 -0.00040347202602759478 -0.00093727266845843526 0.00051521284933369845
leaf_weight=198 36 25 323 29 38 26 73
leaf_count=198 36 25 323 29 38 26 73
internal_value=0.00092246 -0.00401639 0.00136099 0.000192308 -0.00162651 0.0003125 0.00303922
internal_weight=748 61 687 364 166 128 102
internal_count=748 61 687 364 166 128 102
is_linear=0
shrinkage=0.05


Tree=11
num_leaves=8
num_cat=0
split_feature=15 8 2 4 7 9 8
split_gain=0.673692 1.6484 0.506356 0.680016 0.662172 0.522972 1.10002
threshold=0.015234015022202231 -0.039710055144904936 0.019748152752563589 0.020553558134748309 0.023279779635675294 -0.031579260771377286 -0.008382355592520872
decision_type=2 10 2 2 2 10 10
left_child=2 -2 3 -1 5 -5 -7
right_child=1 -3 -4 4 -6 6 -8
leaf_value=-0.00060828974333651162 -0.001023382801916256 7.5786520064577282e-05 0.00015281274637643971 0.00017700336053102239 -0.00078446265543798816 -0.00033044033612370042 7.8803770571128781e-05
leaf_weight=26 25 48 265 229 34 73 46
leaf_count=26 25 48 265 229 34 73 46
internal_value=-2.68095e-05 -0.00458904 0.000468054 -0.000637255 -0.000104712 0.000545977 -0.00214286
internal_weight=746 73 673 408 382 348 119
internal_count=746 73 673 408 382 348 119
is_linear=0
shrinkage=0.05


Tree=12
num_leaves=8
num_cat=0
split_feature=2 9 8 15 15 8 12
split_gain=0.72262 1.02871 1.26347 0.969466 1.00744 0.685315 0.54308
threshold=-0.027630808396522596 1.0000000180025095e-35 -0.070977797081571689 0.013488092514773566 -0.0056161141763493841 -0.080412547593047154 0.06610047212240612
decision_type=2 10 10 2 2 8 2
left_child=1 3 -3 4 5 -1 -2
right_child=6 2 -4 -5 -6 -7 -8
leaf_value=-0.00032466719974423726 0.00013176491841546779 0.00040980165161564306 -0.00083538362226080005 -0.00032285024141876683 0.00023720190284826195 5.2548641249263432e-05 -0.00032107754299971763
leaf_weight=33 390 29 48 30 119 39 38
leaf_count=33 390 29 48 30 119 39 38
internal_value=0.000179064 -0.00171141 -0.00668831 2.26246e-05 0.00133508 -0.00333333 0.00149533
internal_weight=726 298 77 221 191 72 428
internal_count=726 298 77 221 191 72 428
is_linear=0
shrinkage=0.05


Tree=13
num_leaves=8
num_cat=0
split_feature=6 4 3 2 0 12 10
split_gain=0.571324 1.06517 0.943347 0.72973 0.639066 0.389553 0.390488
threshold=0.19471307231027482 0.034292071839173065 -0.0036949228569312371 -0.038130668281650341 0.003477766013380124 0.038171313718868845 0.00074647751592549227
decision_type=2 2 2 2 2 2 2
left_child=5 2 -2 -4 -5 6 -1
right_child=1 -3 3 4 -6 -7 -8
leaf_value=0.00014487415444197372 0.00047983300704909995 -0.00090206527006429164 -0.00084658817197274876 -0.00039808172012941492 7.9245385704076348e-05 0.00025828198422435318 -7.7483379586533202e-05
leaf_weight=212 60 29 37 45 66 109 184
leaf_count=212 60 29 37 45 66 109 184
internal_value=0.000485175 -0.00154008 -0.000288461 -0.00243243 -0.000405405 0.00143564 0.000707071
internal_weight=742 237 208 148 111 505 396
internal_count=742 237 208 148 111 505 396
is_linear=0
shrinkage=0.05


Tree=14
num_leaves=8
num_cat=0
split_feature=2 6 16 3 16 8 12
split_gain=0.671857 0.674888 1.06061 0.74147 0.639119 0.495869 0.483505
threshold=0.019748152752563589 -0.038047799624992169 0.0038947308584947886 -0.00099357165187857733 0.029066347644016614 0.019727910536241237 0.06610047212240612
decision_type=2 2 2 2 2 8 2
left_child=1 5 3 -3 -4 -1 -2
right_child=6 2 4 -5 -6 -7 -8
leaf_value=5.8841951501283513e-05 0.00023199527890950807 -0.00022472513671758571 0.00025737574805636079 -0.0009787903219628225 -0.00034448825999532285 -0.00011856286263256679 -0.00012302133950516434
leaf_weight=234 250 45 62 41 28 36 28
leaf_count=234 250 45 62 41 28 36 28
internal_value=0.000372928 -0.000829596 -0.00323864 -0.0072093 0.000555556 0.000740741 0.00230216
internal_weight=724 446 176 86 90 270 278
internal_count=724 446 176 86 90 270 278
is_linear=0
shrinkage=0.05


Tree=15
num_leaves=8
num_cat=0
split_feature=5 2 16 10 5 5 1
split_gain=0.617685 0.491625 0.635582 0.472626 0.408665 1.15884 0.510448
threshold=0.01284256427974627 -0.099270541056504 0.00078247406104114969 0.0022597993773114671 0.019664916928926506 0.018775924198886382 0.0062811233179727042
decision_type=2 2 2 2 2 2 2
left_child=3 2 -2 -1 5 6 -3
right_child=1 4 -4 -5 -6 -7 -8
leaf_value=-0.00078371411656009385 -0.00075062749196932001 0.00021459206058946614 0.00010537566190375399 1.2071822786969342e-05 0.00042436206583871367 -0.00094677694947555794 -3.8841038121354419e-06
leaf_weight=38 46 273 34 31 59 28 223
leaf_count=38 46 273 34 31 59 28 223
internal_value=8.19674e-05 0.000550528 -0.003125 -0.00442029 0.00105489 0.000610687 0.00116935
internal_weight=732 663 80 69 583 524 496
internal_count=732 663 80 69 583 524 496
is_linear=0
shrinkage=0.05


Tree=16
num_leaves=8
num_cat=0
split_feature=13 13 14 13 10 12 11
split_gain=0.829513 0.71287 0.5047 0.44969 0.57855 0.530629 0.835339
threshold=23.694999694824222 19.214999198913578 -0.014609583018452553 18.904999732971195 0.0061050863391346475 0.0011335726897910849 -0.0066204979438934655
decision_type=2 2 2 2 2 2 2
left_child=1 3 -2 4 5 6 -1
right_child=2 -3 -4 -5 -6 -7 -8
leaf_value=8.798075474486606e-05 -0.00068351648199565 0.00035627778839358734 -0.00021586284420965296 -0.00071581796120164475 0.00021918734635593008 6.3333839301187135e-06 -0.00038637936489629824
leaf_weight=36 25 118 31 26 131 347 37
leaf_count=36 25 118 31 26 131 347 37
internal_value=0.000139814 0.000611511 -0.00571429 -0.000112651 0.000190563 -0.000714286 -0.00458904
internal_weight=751 695 56 577 551 420 73
internal_count=751 695 56 577 551 420 73
is_linear=0
shrinkage=0.05


Tree=17
num_leaves=8
num_cat=0
split_feature=6 4 3 3 8 7 9
split_gain=0.64869 0.673881 0.781702 0.721279 0.585859 0.743771 1.03795
threshold=-0.038047799624992169 0.033551455201133576 -0.00099357165187857733 0.00019150754487196056 0.082892675265916829 -0.0091661487769452692 0.035732399111198528
decision_type=2 2 2 2 10 2 8
left_child=-1 2 -2 -4 5 -5 -7
right_child=1 -3 3 4 -6 6 -8
leaf_value=3.8255191755639733e-05 0.00034690184903513039 -0.00053566048608381705 -0.0002814161143733979 0.00010386982141149494 0.00014134888879746183 7.7953853794733078e-05 -0.0012041978376556778
leaf_weight=448 97 45 26 45 29 28 26
leaf_count=448 97 45 26 45 29 28 26
internal_value=0.000228495 -0.00158784 -0.000577689 -0.00279221 -0.00125 -0.00308081 -0.00703704
internal_weight=744 296 251 154 128 99 54
internal_count=744 296 251 154 128 99 54
is_linear=0
shrinkage=0.05


Tree=18
num_leaves=8
num_cat=0
split_feature=16 0 6 0 13 1 15
split_gain=0.597517 0.489028 0.574723 0.834559 0.48956 0.370985 1.13749
threshold=-0.048787814774303766 -0.02301599398835363 1.6329558176864516 -0.013053301838949758 18.185000419616703 -0.013702176900710404 0.013488092514773566
decision_type=2 2 2 2 2 2 2
left_child=-1 -2 3 4 -3 6 -5
right_child=1 2 -4 5 -6 -7 -8
leaf_value=-0.000475624670773543 0.00030058727582508418 -0.00035332753671656145 -0.0010769429868847393 0.00011157024235437194 0.00024416648401842569 9.2155601639394677e-05 -0.00041478706358103184
leaf_weight=25 65 44 45 150 26 368 27
leaf_count=25 65 44 45 150 26 368 27
internal_value=0.0006 0.000862069 0.000454546 0.000853659 -0.00428571 0.00151376 -0.000367231
internal_weight=750 725 660 615 70 545 177
internal_count=750 725 660 615 70 545 177
is_linear=0
shrinkage=0.05


Tree=19
num_leaves=8
num_cat=0
split_feature=16 16 14 4 15 10 14
split_gain=0.481696 1.13614 1.5 0.52614 1.01023 0.533483 0.595238
threshold=0.0032622328073629307 -0.00060181520576924042 -0.012410493039419599 0.033729582812708346 -0.0048007599177603546 0.0010681623083543814 -0.024970108459849868
decision_type=2 2 2 2 2 2 2
left_child=1 3 -3 5 -5 -1 -7
right_child=-2 2 -4 4 -6 6 -8
leaf_value=0.00014190159953805396 8.797618631002886e-05 9.6211947483563156e-05 -0.00041700026452441794 -0.00089107994865671863 0.00037483398995240519 4.3078283843928501e-05 -0.00059787814492231908
leaf_weight=176 376 27 27 25 26 56 28
leaf_count=176 376 27 27 25 26 56 28
internal_value=0.000951417 -0.000342466 -0.00703704 0.000819936 -0.00382353 0.00173077 -0.00154762
internal_weight=741 365 54 311 51 260 84
internal_count=741 365 54 311 51 260 84
is_linear=0
shrinkage=0.05


Tree=20
num_leaves=8
num_cat=0
split_feature=12 3 2 10 13 10 12
split_gain=0.630533 0.420434 0.76278 1.00994 0.87972 0.630861 0.397815
threshold=-0.052281358654850445 0.0019970218345389816 -0.02243194545654625 0.0063034677603397435 14.119999885559084 -0.0012648556783600438 0.06610047212240612
decision_type=2 2 2 2 2 2 2
left_child=-1 6 3 5 -4 -3 -2
right_child=1 2 4 -5 -6 -7 -8
leaf_value=-0.00040728943980203 8.0414167012409131e-05 -0.00017780134713856258 -0.00050810023796697093 0.00023355945970786126 0.00024190799312043674 -0.00070846530226281431 -0.00048516389818492741
leaf_weight=25 410 26 32 45 142 30 29
leaf_count=25 410 26 32 45 142 30 29
internal_value=0.000805142 0.00107843 -0.000454545 -0.00391089 0.00155172 -0.00839286 0.00203872
internal_weight=739 714 275 101 174 56 439
internal_count=739 714 275 101 174 56 439
is_linear=0
shrinkage=0.05


Tree=21
num_leaves=8
num_cat=0
split_feature=0 2 6 16 8 15 0
split_gain=0.603032 0.576255 0.778676 0.898435 0.648403 0.508926 0.508287
threshold=0.031920234431427892 -0.0031636402142901639 -0.24049831497798577 0.0037119016866868919 -0.081695841785666676 0.0039678858045240082 0.0010317535509491995
decision_type=2 2 2 2 10 2 2
left_child=1 2 -1 4 -4 -3 -5
right_child=-2 5 3 6 -6 -7 -8
leaf_value=8.6972781675912292e-05 -0.00012832901864259072 3.2776937560101901e-05 -0.00023186531979976544 0.00021833270426804328 -0.00081762458382792945 0.00017978907452768537 -0.00021176219733203065
leaf_weight=193 32 215 48 52 41 131 34
leaf_count=193 32 215 48 52 41 131 34
internal_value=0.00077748 0.00107843 -0.000298913 -0.00271429 -0.00623595 0.00254335 0.000930233
internal_weight=746 714 368 175 89 346 86
internal_count=746 714 368 175 89 346 86
is_linear=0
shrinkage=0.05


Tree=22
num_leaves=8
num_cat=0
split_feature=0 14 12 15 9 5 0
split_gain=0.56143 0.6597 0.472278 0.832889 0.470331 0.474781 0.492339
threshold=0.031920234431427892 -0.037220785866969024 -0.029032351633034689 -0.0119150777649471 -0.094472591103064649 0.012889272231617156 0.0134284325329338
decision_type=2 2 2 2 8 2 2
left_child=1 -1 3 -3 -4 -6 -7
right_child=-2 2 4 -5 5 6 -8
leaf_value=4.7571476193112566e-05 -0.00012191256771046117 0.00047200032003039805 0.00024068944661328657 -0.00082301121172460205 -0.00040551888763106289 0.00011682935332537319 -6.3214625849743701e-05
leaf_weight=171 32 32 87 35 38 289 56
leaf_count=171 32 32 87 35 38 289 56
internal_value=0.000540541 0.000833334 -2.79328e-05 -0.00395522 0.000531915 -0.000221932 0.000362319
internal_weight=740 708 537 67 470 383 345
internal_count=740 708 537 67 470 383 345
is_linear=0
shrinkage=0.05


Tree=23
num_leaves=8
num_cat=0
split_feature=9 2 7 12 5 5 1
split_gain=0.447892 0.670777 0.875965 0.993339 0.67038 0.607816 0.74356
threshold=-0.031579260771377286 0.022925916396495553 -0.0021214254294443231 -0.0036881792371129536 0.012677657588940261 0.01874696236317646 -0.0043714054485695089
decision_type=10 2 2 2 2 2 2
left_child=4 2 3 -2 -1 -6 -7
right_child=1 -3 -4 -5 5 6 -8
leaf_value=-0.0006106047948559154 -0.00043189451385886046 0.00014426397422785174 -0.00087278551102027183 6.6241683621640136e-05 0.00013320939707389172 -0.00087152126354061001 0.00020666589080365521
leaf_weight=28 33 149 28 87 371 25 26
leaf_count=28 33 149 28 87 371 25 26
internal_value=0.000783133 -0.000723906 -0.00310811 -0.00125 0.00177778 0.00227488 -0.00284314
internal_weight=747 297 148 120 450 422 51
internal_count=747 297 148 120 450 422 51
is_linear=0
shrinkage=0.05


Tree=24
num_leaves=8
num_cat=0
split_feature=0 6 11 13 4 4 16
split_gain=0.625412 0.326331 0.328164 0.311011 0.296031 0.31875 0.501408
threshold=0.031920234431427892 1.474994568207028 0.0019507060207528684 13.085000038146974 0.036543563632371073 0.033551455201133576 -0.016947560927934032
decision_type=2 2 2 2 2 2 2
left_child=1 3 -3 -1 5 6 -5
right_child=-2 2 -4 4 -6 -7 -8
leaf_value=0.00024934747382813978 -0.00012247740917863283 -0.0010401599599356979 0.00012457343579749957 0.00021507796664269001 0.00049248937329658985 -0.00025349620358297033 8.8048945391209766e-06
leaf_weight=59 32 26 36 113 47 34 397
leaf_count=59 32 26 36 113 47 34 397
internal_value=0.000900538 0.00120787 -0.00225806 0.00153846 0.00119289 0.000863971 0.00117647
internal_weight=744 712 62 650 591 544 510
internal_count=744 712 62 650 591 544 510
is_linear=0
shrinkage=0.05


Tree=25
num_leaves=8
num_cat=0
split_feature=0 12 5 10 9 9 15
split_gain=0.614784 0.545691 0.352656 0.53694 0.290864 0.39732 0.513215
threshold=0.031920234431427892 -0.052281358654850445 0.01284256427974627 0.0017576086312266483 -0.0040508307618458131 0.15450347046952265 0.0070704674626247419
decision_type=2 2 2 2 8 8 2
left_child=1 -1 3 -3 -4 6 -6
right_child=-2 2 4 -5 5 -7 -8
leaf_value=-0.00026259892957057016 -0.00010809757353029237 -0.00061349428910294928 0.00013513325436498929 7.3720141318071644e-05 -0.00020843589280269251 0.00012332798468457084 0.00033207272777206948
leaf_weight=29 33 37 263 29 102 216 41
leaf_count=29 33 37 263 29 102 216 41
internal_value=0.00106667 0.00137378 0.00165698 -0.00181818 0.00202572 0.00110028 -0.000944056
internal_weight=750 717 688 66 622 359 143
internal_count=750 717 688 66 622 359 143
is_linear=0
shrinkage=0.05


Tree=26
num_leaves=8
num_cat=0
split_feature=16 3 6 2 8 8 7
split_gain=0.701167 0.362517 0.530462 0.602954 0.281205 0.5655 0.69491
threshold=-0.048787814774303766 0.0082995012549619291 -0.24049831497798577 -0.0090984868362408693 0.013215766930115837 0.040904957701823015 0.01594438026987877
decision_type=2 2 2 2 10 10 2
left_child=-1 4 -3 -4 -2 6 -6
right_child=1 2 3 -5 5 -7 -8
leaf_value=-0.00034122900563012193 7.940381021167058e-05 0.00024910865893248442 -0.00051069678234944298 1.2454207056553177e-05 9.8278286257725853e-05 9.5390229310147808e-05 -0.0012950807161122419
leaf_weight=25 375 51 33 43 30 158 28
leaf_count=25 375 51 33 43 30 158 28
internal_value=0.00123149 0.00151811 -0.000905512 -0.00355263 0.00203892 0.000601852 -0.00362069
internal_weight=743 718 127 76 591 216 58
internal_count=743 718 127 76 591 216 58
is_linear=0
shrinkage=0.05


Tree=27
num_leaves=8
num_cat=0
split_feature=12 12 0 12 14 16 10
split_gain=0.416933 0.587589 0.412102 0.74945 0.755832 0.375897 0.615654
threshold=0.0011335726897910849 0.064838979523685905 0.0018304378619116159 -0.007281546892151213 -0.0052209332646739317 0.029066347644016614 0.0021685217340158274
decision_type=2 2 2 2 2 2 2
left_child=2 5 3 4 -1 -2 -7
right_child=1 -3 -4 -5 -6 6 -8
leaf_value=-0.00076596851428808619 8.8196605494363518e-05 -9.1059499292818783e-05 7.3725337304661649e-05 -0.00073032959299371397 0.00015133626558765101 -0.00056545491160670306 0.00021105660066401283
leaf_weight=36 395 47 84 37 69 31 46
leaf_count=36 395 47 84 37 69 31 46
internal_value=0.00104027 0.00182081 -0.000752212 -0.00239437 -0.000238095 0.0023517 -0.000844156
internal_weight=745 519 226 142 105 472 77
internal_count=745 519 226 142 105 472 77
is_linear=0
shrinkage=0.05


Tree=28
num_leaves=8
num_cat=0
split_feature=3 13 11 14 2 12 15
split_gain=0.388779 0.503041 0.601471 0.624631 0.860844 0.40875 0.319814
threshold=0.0026314340540947172 21.555000305175785 0.020527358618941841 -0.0080681674930397889 -0.036820889318803778 0.06610047212240612 0.016639633899081744
decision_type=2 2 2 2 2 2 2
left_child=5 2 3 -2 -5 6 -1
right_child=1 -3 -4 4 -6 -7 -8
leaf_value=6.9420468314643842e-05 0.0003730032887875316 -0.00068496317337193597 -0.00012795854125582424 -0.00066489199142187399 0.0002288646762985147 -0.00043650496185501767 -0.00034751837848832033
leaf_weight=429 107 32 49 25 54 30 26
leaf_count=429 107 32 49 25 54 30 26
internal_value=0.00147606 -5.61796e-05 0.000744681 0.00204301 -0.00132911 0.00231959 0.00269231
internal_weight=752 267 235 186 79 485 455
internal_count=752 267 235 186 79 485 455
is_linear=0
shrinkage=0.05


Tree=29
num_leaves=8
num_cat=0
split_feature=5 7 5 9 0 0 3
split_gain=0.478755 0.643424 0.468184 0.720316 1.06694 0.443737 0.398531
threshold=0.015608348124694471 -0.063163084806798317 0.019185455008713725 -0.076628765342022662 -0.011329488128185293 0.014114711025142614 0.0026314340540947172
decision_type=2 2 2 10 2 2 2
left_child=-1 -2 3 6 -5 -6 -3
right_child=1 2 -4 4 5 -7 -8
leaf_value=4.8821674440113213e-05 -0.00059123484300324072 0.00016715977425242037 0.00029594452853558257 -0.00052507788600816721 3.7204275862286253e-05 -0.00012746566471769834 -1.355622963590021e-05
leaf_weight=349 49 87 77 27 57 36 48
leaf_count=349 49 87 77 27 57 36 48
internal_value=0.00136986 0.000144357 0.000933735 -9.8039e-05 -0.00291667 -0.000376344 0.00240741
internal_weight=730 381 332 255 120 93 135
internal_count=730 381 332 255 120 93 135
is_linear=0
shrinkage=0.05


Tree=30
num_leaves=8
num_cat=0
split_feature=0 12 12 12 12 13 12
split_gain=0.679203 0.354667 0.29919 0.328802 0.285013 0.275168 0.340132
threshold=0.031920234431427892 0.06610047212240612 0.039347993761670759 0.035278924713739175 -0.050232690438178178 19.214999198913578 -0.022997185287748575
decision_type=2 2 2 2 2 2 2
left_child=1 2 3 4 -1 6 -6
right_child=-2 -3 -4 -5 5 -7 -8
leaf_value=-0.00032695977105685935 -6.3129909930794936e-05 -0.0001716808405481336 0.00020502278802342943 -0.00016137089352213815 -0.00025667472574575026 0.00033347781206051751 4.4221469020540236e-05
leaf_weight=34 34 39 113 39 39 112 327
leaf_count=34 34 39 113 39 39 112 327
internal_value=0.00160787 0.00194168 0.00221386 0.00173321 0.00207031 0.00238494 0.00172131
internal_weight=737 703 664 551 512 478 366
internal_count=737 703 664 551 512 478 366
is_linear=0
shrinkage=0.05


Tree=31
num_leaves=8
num_cat=0
split_feature=0 12 7 7 12 16 4
split_gain=0.747303 0.599622 0.686027 0.51609 0.505883 0.2727 0.421812
threshold=0.031920234431427892 -0.029032351633034689 -0.029902252773899015 -0.069963957065238655 0.078665410711505027 0.011117750196005806 0.030058983138557999
decision_type=2 2 2 2 2 2 2
left_child=1 2 3 -1 5 -3 -7
right_child=-2 4 -4 -5 -6 6 -8
leaf_value=-0.00082081801862010054 -6.7746978701743426e-05 5.6794397729473879e-05 -0.00066339391180839221 0.00048086094876745832 -0.00042011738221309149 5.1800084188537481e-05 -0.00018350000747179951
leaf_weight=27 31 364 30 34 26 186 33
leaf_count=27 31 364 30 34 26 186 33
internal_value=0.00130643 0.00164286 -0.00214286 0.00090164 0.00220854 0.00251286 0.00111872
internal_weight=731 700 91 61 609 583 219
internal_count=731 700 91 61 609 583 219
is_linear=0
shrinkage=0.05


Tree=32
num_leaves=8
num_cat=0
split_feature=0 12 0 14 16 8 9
split_gain=0.4177 0.352493 0.367816 0.845574 0.318468 0.365098 0.843011
threshold=0.031920234431427892 -0.029032351633034689 0.0038355582633738954 0.037142264963949019 0.011504183412818116 -0.01504714005861779 -0.13471729303462612
decision_type=2 2 2 2 2 10 10
left_child=1 2 3 -1 -3 -6 -7
right_child=-2 4 -4 -5 5 6 -8
leaf_value=-0.00075247976168823073 -5.608861425503427e-05 6.1785878329426733e-05 0.00022577616167824459 0.00019670286518778382 0.00029381628381023515 -0.00068041241881671246 4.705487308879965e-05
leaf_weight=32 33 391 29 26 86 30 125
leaf_count=32 33 391 29 26 86 30 125
internal_value=0.00140957 0.00166203 -0.00132184 -0.00362069 0.00207278 0.000643154 -0.000806451
internal_weight=752 719 87 58 632 241 155
internal_count=752 719 87 58 632 241 155
is_linear=0
shrinkage=0.05


Tree=33
num_leaves=8
num_cat=0
split_feature=15 6 4 12 4 9 3
split_gain=0.304318 0.571568 0.462926 0.337848 0.776308 0.324271 0.778552
threshold=-0.0077361790012422929 1.6329558176864516 0.033971197152288975 -0.018266326902635351 0.032255995209364827 -0.085793846962632633 -0.0033719676425492669
decision_type=2 2 2 2 2 10 2
left_child=2 3 -1 4 -2 -5 -7
right_child=1 -3 -4 5 -6 6 -8
leaf_value=0.0003020077404959267 -0.00042564175249846587 -0.00098437771953293826 -0.00029320968270712521 0.00012220883465401778 4.2756243879178735e-05 -0.00012277941964426058 5.4257019441781863e-05
leaf_weight=152 47 41 25 175 27 68 207
leaf_count=152 47 41 25 175 27 68 207
internal_value=0.00149596 0.000929204 0.00330508 0.00137405 -0.00175676 0.00188889 0.000818182
internal_weight=742 565 177 524 74 450 275
internal_count=742 565 177 524 74 450 275
is_linear=0
shrinkage=0.05


end of trees

feature_importances:
spy_ret_20d=27
ret_1d=26
dvol_z_20=18
sector_ret_5d=17
parkinson_20=16
ret_20d=15
overnight_gap=15
atr_pct=14
dist_ma200=14
sector_ret_1d=14
dist_ma50=13
spy_ret_1d=11
dist_ma20=10
vix_level=9
vix_chg_1d=8
spy_ret_5d=6
ret_5d=5

parameters:
[boosting: gbdt]
[objective: quantile]
[metric: quantile]
[tree_learner: serial]
[device_type: cpu]
[data_sample_strategy: bagging]
[data: ]
[valid: ]
[num_iterations: 80]
[learning_rate: 0.05]
[num_leaves: 8]
[num_threads: 1]
[seed: 0]
[deterministic: 0]
[force_col_wise: 1]
[force_row_wise: 0]
[histogram_pool_size: -1]
[max_depth: -1]
[min_data_in_leaf: 25]
[min_sum_hessian_in_leaf: 0.001]
[bagging_fraction: 0.9]
[pos_bagging_fraction: 1]
[neg_bagging_fraction: 1]
[bagging_freq: 1]
[bagging_seed: 3]
[bagging_by_query: 0]
[feature_fraction: 0.9]
[feature_fraction_bynode: 1]
[feature_fraction_seed: 2]
[extra_trees: 0]
[extra_seed: 6]
[early_stopping_round: 0]
[early_stopping_min_delta: 0]
[first_metric_only: 0]
[max_delta_step: 0]
[lambda_l1: 0]
[lambda_l2: 0]
[linear_lambda: 0]
[min_gain_to_split: 0]
[drop_rate: 0.1]
[max_drop: 50]
[skip_drop: 0.5]
[xgboost_dart_mode: 0]
[uniform_drop: 0]
[drop_seed: 4]
[top_rate: 0.2]
[other_rate: 0.1]
[min_data_per_group: 100]
[max_cat_threshold: 32]
[cat_l2: 10]
[cat_smooth: 10]
[max_cat_to_onehot: 4]
[top_k: 20]
[monotone_constraints: ]
[monotone_constraints_method: basic]
[monotone_penalty: 0]
[feature_contri: ]
[forcedsplits_filename: ]
[refit_decay_rate: 0.9]
[cegb_tradeoff: 1]
[cegb_penalty_split: 0]
[cegb_penalty_feature_lazy: ]
[cegb_penalty_feature_coupled: ]
[path_smooth: 0]
[interaction_constraints: ]
[verbosity: -1]
[saved_feature_importance_type: 0]
[use_quantized_grad: 0]
[num_grad_quant_bins: 4]
[quant_train_renew_leaf: 0]
[stochastic_rounding: 1]
[linear_tree: 0]
[max_bin: 255]
[max_bin_by_feature: ]
[min_data_in_bin: 3]
[bin_construct_sample_cnt: 200000]
[data_random_seed: 1]
[is_enable_sparse: 1]
[enable_bundle: 1]
[use_missing: 1]
[zero_as_missing: 0]
[feature_pre_filter: 1]
[pre_partition: 0]
[two_round: 0]
[header: 0]
[label_column: ]
[weight_column: ]
[group_column: ]
[ignore_column: ]
[categorical_feature: ]
[forcedbins_filename: ]
[precise_float_parser: 0]
[parser_config_file: ]
[objective_seed: 5]
[num_class: 1]
[is_unbalance: 0]
[scale_pos_weight: 1]
[sigmoid: 1]
[boost_from_average: 1]
[reg_sqrt: 0]
[alpha: 0.1]
[fair_c: 1]
[poisson_max_delta_step: 0.7]
[tweedie_variance_power: 1.5]
[lambdarank_truncation_level: 30]
[lambdarank_norm: 1]
[label_gain: ]
[lambdarank_position_bias_regularization: 0]
[eval_at: ]
[multi_error_top_k: 1]
[auc_mu_weights: ]
[num_machines: 1]
[local_listen_port: 12400]
[time_out: 120]
[machine_list_filename: ]
[machines: ]
[gpu_platform_id: -1]
[gpu_device_id: -1]
[gpu_device_id_list: ]
[gpu_use_dp: 0]
[num_gpu: 1]

end of parameters

pandas_categorical:[]
