tree
version=v4
num_class=1
num_tree_per_iteration=1
label_index=0
max_feature_idx=16
objective=quantile
feature_names=ret_1d ret_5d ret_20d overnight_gap atr_pct parkinson_20 dvol_z_20 dist_ma20 dist_ma50 dist_ma200 spy_ret_1d spy_ret_5d spy_ret_20d vix_level vix_chg_1d sector_ret_1d sector_ret_5d
feature_infos=[-0.1189230698805589:0.067809549967447813] [-0.28233084877680159:0.11961117955652401] [-0.35187970873688013:0.22840218798027001] [-0.031963470319634757:0.056820121127572953] [0.01101680723558955:0.073630882371508791] [0.0075190854286442703:0.037779980770573068] [-1.9029869462764881:4.081980780720464] [-0.25988149096615754:0.12939167340866509] [-0.30158366854565732:0.19731508239966722] [-0.35480920669710225:0.3240802217113854] [-0.058542971330535654:0.10501930183911301] [-0.11496151859245618:0.082843162776128354] [-0.1226559005192206:0.15756591020035837] [11.859999656677246:52.330001831054688] [-0.35753873962348437:0.74039073966007019] [-0.055625943886246643:0.039932904849798945] [-0.11091775398112247:0.072664397618361631]
tree_sizes=842 849 865 852 857 855 857 856 859 864 861 854 856 856 856 856 849 863 857 861 868 868 863 856 855 847 856 857 864 866 866 857 856 866 864 863 858 857 860 845 857 865 852 858 860 863

Tree=0
num_leaves=8
num_cat=0
split_feature=4 7 6 10 7 12 3
split_gain=5.1937 2.81225 2.90174 2.23675 1.46087 2.51687 2.25842
threshold=0.0199396673287363 -0.0088277062567265734 0.73225972832203234 -0.0050682190267434804 0.017183874688772364 0.029654960476763418 -0.0015246724920576769
decision_type=2 2 2 2 2 2 2
left_child=4 -2 3 -3 5 -1 -6
right_child=1 2 -4 -5 6 -7 -8
leaf_value=0.0088390622055158023 0.0091254364233464003 0.0090472801122814424 0.0091842261375859376 0.0088474141783080988 0.0087043722625821836 0.0090239216573536393 0.0088394459569826715
leaf_weight=124 161 51 32 192 25 54 107
leaf_count=124 161 51 32 192 25 54 107
internal_value=0.008395 0.0119128 0.00884029 0.00697646 0.00344732 0.0064031 -0.000538503
internal_weight=746 436 275 243 310 178 132
internal_count=746 436 275 243 310 178 132
is_linear=0
shrinkage=1


Tree=1
num_leaves=8
num_cat=0
split_feature=7 11 4 5 2 4 9
split_gain=4.79542 4.63173 4.45194 2.11293 1.68468 1.9614 2.31961
threshold=0.018185537838428804 -0.0070947628288289813 0.017967813912539016 0.010124375194027733 0.021641466251761891 0.024338815401297405 0.027546909311619076
decision_type=2 2 2 2 2 2 10
left_child=2 -2 3 -1 5 6 -4
right_child=1 -3 4 -5 -6 -7 -8
leaf_value=9.1757654445245869e-06 0.00011028139619156715 -0.00014107040769886225 -7.2821562062017588e-05 -0.00010839105932973328 0.00027685809705872092 0.0001865204074420035 0.00019800640759058295
leaf_weight=66 57 198 113 62 65 129 43
leaf_count=66 57 198 113 62 65 129 43
internal_value=-0.000443383 -0.00598039 0.00251046 -0.00546875 0.00542857 0.00377193 0
internal_weight=733 255 478 128 350 285 156
internal_count=733 255 478 128 350 285 156
is_linear=0
shrinkage=0.05


Tree=2
num_leaves=8
num_cat=0
split_feature=4 7 11 2 6 3 3
split_gain=5.52035 3.89084 2.66761 1.96624 2.03922 1.70239 1.68685
threshold=0.026560223797948531 0.016813815820033388 -0.0070947628288289813 0.021641466251761891 0.093580552182946655 -0.0022526277183278483 0.00016342419963044644
decision_type=2 2 2 2 2 2 2
left_child=1 3 -3 6 -5 -4 -1
right_child=-2 2 5 4 -6 -7 -8
leaf_value=-7.5950162980006989e-05 0.00021350884548155597 3.2744814059697083e-05 -0.00030950649423175494 0.00020222702270257295 -1.5146091725910112e-05 -8.5591880051651928e-05 4.6024555660551403e-05
leaf_weight=158 144 45 36 51 27 147 137
leaf_count=158 144 45 36 51 27 147 137
internal_value=0.000234899 -0.00187188 -0.00701754 0.00127346 0.00833333 -0.00969945 -0.00059322
internal_weight=745 601 228 373 78 183 295
internal_count=745 601 228 373 78 183 295
is_linear=0
shrinkage=0.05


Tree=3
num_leaves=8
num_cat=0
split_feature=0 11 7 4 1 4 1
split_gain=4.88829 4.79086 2.72282 2.20546 1.88973 1.75617 1.62
threshold=-0.012516841232768748 -0.0070947628288289813 0.017183874688772364 0.019681840916007047 -0.039598569243884711 0.026144202164200811 0.0035168106742015097
decision_type=2 2 2 2 2 2 2
left_child=5 3 4 6 -3 -1 -2
right_child=1 2 -4 -5 -6 -7 -8
leaf_value=6.5394219460722467e-05 -0.00015582795495138279 -7.9745480079145697e-05 -0.00011572464042546921 0.00019939253344782625 6.1221575146192152e-06 0.00048888945534417876 0.00011404030728735961
leaf_weight=91 25 26 199 93 237 41 25
leaf_count=91 25 26 199 93 237 41 25
internal_value=0.000373134 -0.00152893 -0.00400433 0.00646853 -0.000665399 0.00909091 -0.002
internal_weight=737 605 462 143 263 132 50
internal_count=737 605 462 143 263 132 50
is_linear=0
shrinkage=0.05


Tree=4
num_leaves=8
num_cat=0
split_feature=7 5 12 0 0 8 5
split_gain=4.76876 2.61837 2.58659 2.40667 1.86527 1.82487 1.50417
threshold=0.017920478700854007 0.011287621123400095 0.02867505219605682 0.017358730516059077 -0.013845652032835607 -0.090604861703536307 0.010124375194027733
decision_type=2 2 2 2 2 10 2
left_child=1 6 3 -2 -3 -6 -1
right_child=2 4 -4 -5 5 -7 -8
leaf_value=3.8944136652862683e-05 -6.8222427401997202e-05 0.00025783799752465719 -0.00013634204679292445 0.00025709545931633333 -9.1654073011814043e-05 9.9823072781946373e-05 -7.2624317253139518e-05
leaf_weight=67 135 76 106 25 42 205 87
leaf_count=67 135 76 106 25 42 205 87
internal_value=0.000100942 0.00309224 -0.00526316 -0.00125 0.00565015 0.00354251 -0.00227273
internal_weight=743 477 266 160 323 247 154
internal_count=743 477 266 160 323 247 154
is_linear=0
shrinkage=0.05


Tree=5
num_leaves=8
num_cat=0
split_feature=0 11 7 4 3 7 9
split_gain=3.71585 4.47282 2.19974 1.68793 1.83021 1.63548 1.72596
threshold=-0.012516841232768748 -0.0070947628288289813 0.017920478700854007 0.018096759171884073 -0.0017957517882674632 0.0073768333929495897 0.02488359916789518
decision_type=2 2 2 2 2 2 10
left_child=-1 -2 3 4 -3 6 -5
right_child=1 2 -4 5 -6 -7 -8
leaf_value=0.0001531276682998178 0.00010959587691590423 -0.00018665316622570031 -0.00011202139408118089 -5.8040479171762822e-05 -6.1857703827958169e-05 0.00023579036836552053 0.00011015139391336209
leaf_weight=123 141 27 187 120 68 31 35
leaf_count=123 141 27 187 120 68 31 35
internal_value=0 -0.00160099 -0.00395299 -0.00115658 -0.00657895 0.0016129 -0.000483871
internal_weight=732 609 468 281 95 186 155
internal_count=732 609 468 281 95 186 155
is_linear=0
shrinkage=0.05


Tree=6
num_leaves=8
num_cat=0
split_feature=4 0 11 8 9 3 7
split_gain=3.71432 3.28437 2.99521 2.39817 1.9 1.68484 2.53231
threshold=0.0199396673287363 -0.0075618050651800597 -0.002084976205571742 0.049822505226197918 -0.30818844666488432 -0.0017957517882674632 0.016408500855575662
decision_type=2 2 2 8 10 2 2
left_child=5 4 -3 -4 -2 6 -1
right_child=1 2 3 -5 -6 -7 -8
leaf_value=-6.5928220723295364e-05 9.9584211104772342e-09 8.7641497798031945e-05 -1.0900790928618925e-05 -0.00020431215609807907 0.00027086811051974593 -5.7092005521034274e-05 -0.00028389393980416858
leaf_weight=59 38 104 157 45 90 224 27
leaf_count=59 38 104 157 45 90 224 27
internal_value=-0.000336022 0.00264977 -0.000163399 -0.00371287 0.009375 -0.00451613 -0.0104651
internal_weight=744 434 306 202 128 310 86
internal_count=744 434 306 202 128 310 86
is_linear=0
shrinkage=0.05


Tree=7
num_leaves=8
num_cat=0
split_feature=4 5 11 6 9 12 7
split_gain=3.4012 2.84376 2.42748 1.74997 2.29303 2.01844 1.63364
threshold=0.020278755554055294 0.012376612613160322 -0.020171834808393903 1.0000000180025095e-35 0.13332854511160167 0.025773504554040153 0.036381024775046795
decision_type=2 2 2 2 8 2 2
left_child=1 -1 -2 6 5 -5 -4
right_child=2 -3 3 4 -6 -7 -8
leaf_value=-5.1449594387955726e-05 0.00034190708944917508 -0.00015422090313349057 -4.9997659359460674e-07 0.00028572102598334591 -9.7257240724251724e-05 2.8444514094258436e-05 -0.00017630909123799029
leaf_weight=285 58 38 197 53 50 33 26
leaf_count=285 58 38 197 53 50 33 26
internal_value=-0.000405405 -0.00425697 0.00257794 0.00104457 0.00551471 0.0104651 -0.00168161
internal_weight=740 323 417 359 136 86 223
internal_count=740 323 417 359 136 86 223
is_linear=0
shrinkage=0.05


Tree=8
num_leaves=8
num_cat=0
split_feature=4 10 3 0 8 0 11
split_gain=3.64072 2.42348 5.42002 2.32406 2.01408 2.15733 1.76371
threshold=0.026144202164200811 -0.0041401831937402647 0.00016342419963044644 -0.012382761875294078 -0.049915497418925252 -0.012516841232768748 0.018027346802980907
decision_type=2 2 2 2 8 2 2
left_child=1 2 -1 -2 -3 -6 -5
right_child=3 4 -4 6 5 -7 -8
leaf_value=-6.594474919945221e-05 0.00043767263723367675 0.0001453885249780892 0.00026348905176081606 0.00014716603039724527 5.8115829303035133e-05 -0.00010148638623034531 -3.1495408354348304e-05
leaf_weight=69 38 26 67 93 56 385 27
leaf_count=69 38 26 67 93 56 385 27
internal_value=-0.00042707 -0.00219735 0.00367647 0.00632911 -0.00390792 -0.00470522 0.00291667
internal_weight=761 603 136 158 467 441 120
internal_count=761 603 136 158 467 441 120
is_linear=0
shrinkage=0.05


Tree=9
num_leaves=8
num_cat=0
split_feature=13 0 11 14 7 0 0
split_gain=4.38942 2.96694 2.30941 2.25848 1.53866 1.87027 2.66231
threshold=20.060000419616703 -0.013845652032835607 0.0029094650612268018 -0.026106823606350468 0.016813815820033388 -0.00093545674716111183 0.006309807000114854
decision_type=2 2 2 2 2 2 2
left_child=1 2 -1 -2 5 -3 -7
right_child=3 4 -4 -5 -6 6 -8
leaf_value=-3.0733522987402583e-05 -3.8622656891526123e-05 -6.9446752526494514e-05 0.00021694609574532875 0.00031639358574759685 -8.7866757371223329e-05 0.00016471313883531375 -5.2471116597488771e-05
leaf_weight=36 48 130 46 91 214 69 104
leaf_count=36 48 130 46 91 214 69 104
internal_value=-0.000271003 -0.00212855 0.00670732 0.00773381 -0.00352998 -0.00123762 0.00216763
internal_weight=738 599 82 139 517 303 173
internal_count=738 599 82 139 517 303 173
is_linear=0
shrinkage=0.05


Tree=10
num_leaves=8
num_cat=0
split_feature=4 7 10 6 3 1 6
split_gain=2.76175 2.11613 2.5104 1.96935 1.88751 1.78289 1.73744
threshold=0.027007485982029483 0.014337996252001719 -0.0051511270616254037 0.15740188219536777 0.00037417297185826653 -0.03057734711290527 -0.61835363901307983
decision_type=2 2 2 2 2 2 2
left_child=1 4 -3 -2 6 -6 -1
right_child=3 2 -4 -5 5 -7 -8
leaf_value=-0.00015483264698465282 4.7734550750162463e-05 0.00010606055156287763 -9.9423325199188717e-05 0.0003268855950386199 -7.7099512936536143e-05 7.2685945704427989e-05 -4.6758262538404689e-06
leaf_weight=39 91 42 216 35 30 145 150
leaf_count=39 91 42 216 35 30 145 150
internal_value=-0.00040107 -0.00176849 -0.00523256 0.00634921 0.000686813 0.00442857 -0.00277778
internal_weight=748 622 258 126 364 175 189
internal_count=748 622 258 126 364 175 189
is_linear=0
shrinkage=0.05


Tree=11
num_leaves=8
num_cat=0
split_feature=4 10 8 6 11 0 12
split_gain=3.781 2.03681 1.71548 1.59002 1.57523 1.47945 1.91868
threshold=0.027007485982029483 -0.0041401831937402647 -0.049915497418925252 0.15740188219536777 -0.0041436814843686101 -0.012516841232768748 0.028755529874552547
decision_type=2 2 8 2 2 2 2
left_child=1 -1 -3 4 -2 6 -4
right_child=3 2 5 -5 -6 -7 -8
leaf_value=7.5006195185021825e-05 0.00045743726476444419 0.00013750128306551959 0.00018663262183837978 0.00039564711358121253 -1.1898692852645643e-05 -6.7319263749336929e-05 -7.7317621918231166e-05
leaf_weight=136 33 30 33 36 56 397 25
leaf_count=136 33 30 33 36 56 397 25
internal_value=-0.000134048 -0.00173108 -0.00324742 0.0078 0.00421348 -0.00401099 0.00344828
internal_weight=746 621 485 125 89 455 58
internal_count=746 621 485 125 89 455 58
is_linear=0
shrinkage=0.05


Tree=12
num_leaves=8
num_cat=0
split_feature=4 11 0 12 16 3 13
split_gain=3.379 2.09379 1.84955 1.64835 1.48811 1.90733 1.43463
threshold=0.027507886660198575 -0.0081164241286432719 -0.010054413791676485 0.016494776846734397 0.0014686031839233895 0.00014483105826912371 18.214999198913578
decision_type=2 2 2 2 2 2 2
left_child=1 3 -2 4 5 -1 -4
right_child=2 -3 6 -5 -6 -7 -8
leaf_value=-6.4627354036668474e-05 0.00040620277548836654 -4.8513744364991203e-05 -7.3985107001576901e-05 0.00015698114813292543 0.00029043096294931398 0.00017105545863050476 0.00013171483803190123
leaf_weight=39 39 481 31 25 37 29 45
leaf_count=39 39 481 31 25 37 29 45
internal_value=-0.000688705 -0.00216858 0.00717391 0.00346154 0.000714286 -0.00367647 0.00263158
internal_weight=726 611 115 130 105 68 76
internal_count=726 611 115 130 105 68 76
is_linear=0
shrinkage=0.05


Tree=13
num_leaves=8
num_cat=0
split_feature=0 13 4 5 8 0 16
split_gain=3.97679 2.86872 1.8989 1.85904 1.78421 2.06139 2.13333
threshold=-0.012516841232768748 15.464999675750734 0.026144202164200811 0.010124375194027733 -0.048097527089000662 0.019939630663972866 0.029132384212255506
decision_type=2 2 2 2 8 2 2
left_child=2 3 -1 -2 -3 6 -6
right_child=1 4 -4 -5 5 -7 -8
leaf_value=6.8729354538498832e-05 5.7917280536761486e-05 0.00012565642279676191 0.00038589263671394826 -6.9792301107735762e-05 2.2617259494440641e-06 0.00027623741146016258 -0.00013197520126139036
leaf_weight=91 46 50 39 196 255 31 34
leaf_count=91 46 50 39 196 255 31 34
internal_value=0.000134771 -0.00155229 0.00807692 -0.00578512 0.00121622 -0.00015625 -0.00147059
internal_weight=742 612 130 242 370 320 289
internal_count=742 612 130 242 370 320 289
is_linear=0
shrinkage=0.05


Tree=14
num_leaves=8
num_cat=0
split_feature=0 11 7 15 8 3 4
split_gain=2.88874 2.12308 2.15428 2.05986 1.4885 1.93364 2.35266
threshold=-0.012516841232768748 -0.0070947628288289813 0.016813815820033388 -0.016870130316890105 -0.090604861703536307 0.0048786387787806982 0.018096759171884073
decision_type=2 2 2 2 10 2 2
left_child=3 -2 4 -1 -3 6 -6
right_child=1 2 -4 -5 5 -7 -8
leaf_value=-2.1520818676694711e-05 6.8833296637626189e-05 -0.0001459011578782676 -7.4657152321521485e-05 0.00018112606998713671 -4.199761625609559e-05 -6.3354367848188735e-05 0.00012439914087143827
leaf_weight=35 146 26 191 94 67 47 118
leaf_count=35 146 26 191 94 67 47 118
internal_value=0 -0.00147059 -0.00317372 0.00678295 -0.000193798 0.00107759 0.00337838
internal_weight=724 595 449 129 258 232 185
internal_count=724 595 449 129 258 232 185
is_linear=0
shrinkage=0.05


Tree=15
num_leaves=8
num_cat=0
split_feature=13 11 14 5 7 16 1
split_gain=3.91725 2.72004 2.03932 2.22705 1.79126 1.54599 1.5203
threshold=14.175000190734865 -0.022310292973000797 -0.0022749768251851816 0.01057263656938375 0.0084744657925099904 0.014349154150202882 0.031863039627987651
decision_type=2 2 2 2 2 2 2
left_child=2 -2 -1 -4 -3 -6 -7
right_child=1 4 3 -5 5 6 -8
leaf_value=-8.829388550435657e-05 0.00028898876876112296 4.3698778619135313e-05 -0.00016062002536255284 0.00013349818748469001 3.512916222828252e-05 -0.00018073366664421561 -2.5235409476033913e-05
leaf_weight=91 62 302 34 37 109 38 59
leaf_count=91 62 302 34 37 109 38 59
internal_value=-0.000546448 0.00140351 -0.00740741 -0.00105634 0.00019685 -0.00339806 -0.00798969
internal_weight=732 570 162 71 508 206 97
internal_count=732 570 162 71 508 206 97
is_linear=0
shrinkage=0.05


Tree=16
num_leaves=8
num_cat=0
split_feature=11 0 11 12 14 4 13
split_gain=2.93974 2.25729 2.10363 1.82504 1.58118 2.32503 1.75077
threshold=-0.011576467999656779 -0.012516841232768748 0.0032511544819977538 0.026070276169157917 0.0012326341754252958 0.018096759171884073 16.375000000000004
decision_type=2 2 2 2 2 2 2
left_child=-1 2 -2 -4 -3 -6 -7
right_child=1 4 3 -5 5 6 -8
leaf_value=0.00010497911926054442 -5.7134629867316384e-05 -7.004559561562141e-05 0.00025211430471312453 1.7754834294851293e-05 -0.00013671848714522157 0.00017705207459340971 -1.9817180263336e-05
leaf_weight=141 38 317 27 35 68 54 71
leaf_count=141 38 317 27 35 68 54 71
internal_value=-0.00136485 -0.00286885 0.004 0.00967742 -0.00421569 -0.000647668 0.0034
internal_weight=751 610 100 62 510 193 125
internal_count=751 610 100 62 510 193 125
is_linear=0
shrinkage=0.05


Tree=17
num_leaves=8
num_cat=0
split_feature=11 6 7 1 11 7 14
split_gain=3.1851 2.22743 1.51896 1.66671 1.38405 1.6634 1.64909
threshold=-0.011576467999656779 -0.34017717234758832 0.014337996252001719 0.030570484213937824 0.0036681526021306037 -0.023837585705989869 -0.0022749768251851816
decision_type=2 2 2 2 2 2 2
left_child=-1 4 -3 -4 -2 -6 -7
right_child=1 2 3 -5 5 6 -8
leaf_value=0.00015349327816669328 -0.0001362383068542005 5.3811004843783324e-05 -6.420148842589072e-05 3.6874983897649402e-05 8.3237477990606029e-05 -7.4762402324724331e-05 4.8879380569982325e-05
leaf_weight=132 90 203 80 55 25 99 60
leaf_count=132 90 203 80 55 25 99 60
internal_value=-0.000604839 -0.00212418 0.000591716 -0.00351852 -0.00547445 -0.00298913 -0.00487421
internal_weight=744 612 338 135 274 184 159
internal_count=744 612 338 135 274 184 159
is_linear=0
shrinkage=0.05


Tree=18
num_leaves=8
num_cat=0
split_feature=13 0 0 1 10 15 8
split_gain=2.13152 2.31132 1.6321 2.19808 1.60135 1.51509 1.82013
threshold=20.060000419616703 0.01512556434784207 -0.012516841232768748 -0.0074453754964461374 0.00048355916176134889 0.012326394615741256 -0.090604861703536307
decision_type=2 2 2 2 2 2 10
left_child=2 4 3 -1 -2 6 -4
right_child=1 -3 5 -5 -6 -7 -8
leaf_value=-1.0610680258261313e-05 9.3428897213197144e-05 0.0003136155433865519 -0.00020751277372898919 0.00027387360827098582 -8.5344196089668118e-05 5.1866780094383602e-05 -3.0652784376681557e-05
leaf_weight=67 75 28 25 25 44 61 425
leaf_count=67 75 28 25 25 44 61 425
internal_value=-0.000466667 0.00493197 -0.00178275 0.00434783 0.00189076 -0.0028865 -0.00388889
internal_weight=750 147 603 92 119 511 450
internal_count=750 147 603 92 119 511 450
is_linear=0
shrinkage=0.05


Tree=19
num_leaves=8
num_cat=0
split_feature=4 7 15 2 10 9 12
split_gain=2.58262 2.09803 1.63077 1.51179 1.61896 1.70189 1.58644
threshold=0.027413150779862831 0.02364779474940815 0.0075265136346271974 -0.074811322890713225 0.011768344004807198 0.13909700689978147 0.038572714980084973
decision_type=2 2 2 2 2 10 2
left_child=1 3 -3 -1 5 6 -5
right_child=-2 2 -4 4 -6 -7 -8
leaf_value=-8.4377472878878099e-05 0.00015038069779611899 -9.7147819313107549e-05 4.4072326645059587e-05 4.6696284575969282e-06 -0.00014188213755668528 -8.9398505805236847e-05 0.00010404661510341621
leaf_weight=40 116 130 44 259 29 49 74
leaf_count=40 116 130 44 259 29 49 74
internal_value=-0.00124831 -0.00252 -0.00718391 -0.000720621 0.000182482 0.00104712 0.00232733
internal_weight=741 625 174 451 411 382 333
internal_count=741 625 174 451 411 382 333
is_linear=0
shrinkage=0.05


Tree=20
num_leaves=8
num_cat=0
split_feature=4 0 12 10 3 10 10
split_gain=2.36351 1.80572 1.61917 1.34722 1.21797 3.04487 1.46096
threshold=0.026748525283416827 -0.006054400376610424 -0.027198413534659901 -0.0022466027012056906 0.00069651718862229217 -0.0051511270616254037 -0.00025978449841479451
decision_type=2 2 2 2 2 2 2
left_child=2 -2 -1 -3 -4 -6 -7
right_child=1 3 4 -5 5 6 -8
leaf_value=9.3354657185136701e-05 0.00027044704673806675 -5.4208726548004085e-05 -6.5478118217672182e-05 0.00010468653334950057 0.00022937217428138789 -6.1973477993888676e-05 -1.3575506824578316e-05
leaf_weight=57 46 25 279 64 34 56 178
leaf_count=57 46 25 279 64 34 56 178
internal_value=-0.000981055 0.005 -0.00231788 0.000842697 -0.00315356 -0.000746269 -0.00277778
internal_weight=739 135 604 89 547 268 234
internal_count=739 135 604 89 547 268 234
is_linear=0
shrinkage=0.05


Tree=21
num_leaves=8
num_cat=0
split_feature=0 15 16 14 14 1 8
split_gain=2.12158 1.79715 3.05104 1.83423 1.72789 1.58931 1.98547
threshold=-0.012516841232768748 0.0072045690382919201 0.028918482774700553 0.005094684764536229 -0.075454415356713087 -0.039598569243884711 -0.029225906494756978
decision_type=2 2 2 2 2 2 8
left_child=-1 2 4 -3 -2 -6 -7
right_child=1 3 -4 -5 5 6 -8
leaf_value=0.00010143483045439166 0.0001591495914284963 -1.8642438260773991e-05 -0.00015331358711865307 0.00018437898497231724 -0.00014040893287042483 8.6977447140406669e-05 -3.7805227292112176e-05
leaf_weight=130 31 117 35 51 29 62 291
leaf_count=130 31 117 35 51 29 62 291
internal_value=-0.00080429 -0.00202922 -0.00368304 0.00238095 -0.00248184 -0.00340314 -0.00247875
internal_weight=746 616 448 168 413 382 353
internal_count=746 616 448 168 413 382 353
is_linear=0
shrinkage=0.05


Tree=22
num_leaves=8
num_cat=0
split_feature=13 0 10 15 11 5 9
split_gain=2.73781 1.98475 2.52338 2.06236 1.89071 1.65497 1.79736
threshold=14.194999694824221 -0.012516841232768748 -0.0066318377960538624 0.012197537444331276 0.034061336593809395 0.012387301358433231 0.079056786408927895
decision_type=2 2 2 2 2 2 10
left_child=5 2 -2 4 -3 6 -1
right_child=1 3 -4 -5 -6 -7 -8
leaf_value=-9.1960062419523418e-06 -4.415808426026392e-05 -1.7652343567305627e-06 0.00016880860556525102 0.00021512433367827188 -0.00010261721562687914 -0.00027609942880548241 -0.00015677605749482446
leaf_weight=111 33 381 74 59 27 26 29
leaf_count=111 33 381 74 59 27 26 29
internal_value=-6.75676e-05 0.00156794 0.00771028 0.0001606 -0.00110294 -0.00572289 -0.00357143
internal_weight=740 574 107 467 408 166 140
internal_count=740 574 107 467 408 166 140
is_linear=0
shrinkage=0.05


Tree=23
num_leaves=8
num_cat=0
split_feature=4 3 11 5 3 7 2
split_gain=2.40265 2.05982 1.7558 1.71456 2.7219 1.93273 2.00475
threshold=0.027413150779862831 0.0095246574944376512 -0.0018747861561404509 0.010890180287764202 0.0011750935997904002 0.01901054129144342 -0.034216582836462943
decision_type=2 2 2 2 2 2 2
left_child=1 3 -2 4 -1 6 -5
right_child=2 -3 -4 5 -6 -7 -8
leaf_value=-0.00011452504518302977 0.00032909616050757606 7.9556236795100531e-05 5.2492350989610983e-06 -6.0962619274608241e-05 6.4500702434203141e-07 -3.649437313528632e-05 8.1944175754009558e-05
leaf_weight=92 45 41 67 81 75 165 181
leaf_count=92 45 41 67 81 75 165 181
internal_value=-0.000502008 -0.00169291 0.00625 -0.00244108 -0.00673653 -0.000761124 0.0019084
internal_weight=747 635 112 594 167 427 262
internal_count=747 635 112 594 167 427 262
is_linear=0
shrinkage=0.05


Tree=24
num_leaves=8
num_cat=0
split_feature=3 13 14 2 0 10 5
split_gain=2.1024 1.77016 2.77162 2.2718 1.42484 2.37224 1.56837
threshold=0.010247973737335327 13.824999809265138 -0.0029443342389950384 0.035957438919228209 -0.010391946268591521 -0.0066318377960538624 0.016615931104439121
decision_type=2 2 2 2 2 2 2
left_child=1 2 -1 -4 5 -3 -7
right_child=-2 4 3 -5 -6 6 -8
leaf_value=-9.3850167363703006e-05 0.00011647954057211674 -5.9341797357343427e-05 0.00029783872494620959 -7.7892125451482731e-05 -9.9946062782569137e-06 6.9059375244672673e-05 0.00025796468434085564
leaf_weight=68 39 39 25 31 446 66 30
leaf_count=68 39 39 25 31 446 66 30
internal_value=-0.000403226 -0.00102837 -0.00645161 0.00178571 0.000129088 0.00462963 0.00885417
internal_weight=744 705 124 56 581 135 96
internal_count=744 705 124 56 581 135 96
is_linear=0
shrinkage=0.05


Tree=25
num_leaves=8
num_cat=0
split_feature=0 13 3 10 1 7 3
split_gain=2.32653 2.09603 1.69875 1.61666 2.06036 2.07912 1.95726
threshold=-0.015603287027757371 24.385000228881839 0.00069651718862229217 -0.0054503534816233148 -0.029390548908503119 0.00065205390158840093 0.0025747093875708731
decision_type=2 2 2 2 2 2 2
left_child=-1 2 -2 -4 -5 -6 -7
right_child=1 -3 3 4 5 6 -8
leaf_value=0.0001296661809099724 -6.4323693194999219e-05 0.00019977944313669463 0.00017668209324313359 -8.0301910132399556e-05 8.2743345206704073e-05 0.00010706086344832848 -7.4061570089024268e-05
leaf_weight=95 291 34 46 28 75 41 140
leaf_count=95 291 34 46 28 75 41 140
internal_value=-0.000733333 -0.00179389 -0.00245572 0 -0.00140845 0 -0.00290055
internal_weight=750 655 621 330 284 256 181
internal_count=750 655 621 330 284 256 181
is_linear=0
shrinkage=0.05


Tree=26
num_leaves=8
num_cat=0
split_feature=4 3 14 5 4 8 8
split_gain=1.9734 1.67246 1.39601 1.76716 2.22355 1.61942 1.46684
threshold=0.027507886660198575 0.010247973737335327 0.0080830591469587282 0.010682613018915869 0.016637475057936873 -0.039938763136730997 0.0372392382163882
decision_type=2 2 2 2 2 8 10
left_child=1 2 5 4 -4 -1 -5
right_child=-2 -3 3 6 -6 -7 -8
leaf_value=7.2691330280036989e-05 0.0001152755682003564 9.6482409997165506e-05 8.6787051184828797e-06 0.0001424419179967564 -0.00030479747912515664 -6.0225873597311692e-05 -9.5032307156962734e-06
leaf_weight=38 107 34 36 115 27 328 58
leaf_count=38 107 34 36 115 27 328 58
internal_value=-0.000908479 -0.00196541 -0.00257475 0.000423729 -0.00674603 -0.0045082 0.00303468
internal_weight=743 636 602 236 63 366 173
internal_count=743 636 602 236 63 366 173
is_linear=0
shrinkage=0.05


Tree=27
num_leaves=8
num_cat=0
split_feature=11 16 13 15 11 4 3
split_gain=1.47365 1.50266 1.29755 1.29607 2.76106 3.14373 1.55556
threshold=-0.0081164241286432719 -0.0074531608567778287 18.394999504089359 0.0008817089639038268 0.029305093404121577 0.017967813912539016 0.00037417297185826653
decision_type=2 2 2 2 2 2 2
left_child=1 2 -1 4 5 -2 -7
right_child=3 -3 -4 -5 -6 6 -8
leaf_value=-6.5782198555830538e-05 -3.8503329175032779e-05 0.00014295252131051812 0.0001176871589446492 -4.6079253835474169e-05 -7.2502196186789583e-05 1.0505434144125921e-05 0.00015215301900496452
leaf_weight=25 87 93 54 290 28 96 72
leaf_count=25 87 93 54 290 28 96 72
internal_value=-0.00057047 0.00348837 -0.00158228 -0.00178883 0.000618375 0.0022549 0.00625
internal_weight=745 172 79 573 283 255 168
internal_count=745 172 79 573 283 255 168
is_linear=0
shrinkage=0.05


Tree=28
num_leaves=8
num_cat=0
split_feature=11 16 15 11 15 15 14
split_gain=1.6207 1.78513 1.50913 1.17407 1.72043 1.23223 2.3586
threshold=-0.022310292973000797 -0.0074531608567778287 0.016913961697029082 0.029305093404121577 0.0017615846999212705 0.0033773289684478906 -0.073050802278400592
decision_type=2 2 2 2 2 2 2
left_child=1 -1 3 5 -5 6 -2
right_child=2 -3 -4 4 -6 -7 -8
leaf_value=-1.2458793220714895e-05 0.0002827424455233374 0.00030279156718444428 0.00012238281108477986 -0.0001082472438953334 2.8271070356090814e-05 -5.1164373600064757e-05 -2.4021524568226468e-07
leaf_weight=35 26 32 25 30 32 211 361
leaf_count=35 26 32 25 30 32 211 361
internal_value=-0.000332447 0.00708955 -0.00105839 -0.00151515 -0.00806452 -0.00083612 0.000839793
internal_weight=752 67 685 660 62 598 387
internal_count=752 67 685 660 62 598 387
is_linear=0
shrinkage=0.05


Tree=29
num_leaves=8
num_cat=0
split_feature=11 15 16 0 11 13 3
split_gain=1.32782 1.65873 1.53233 1.41193 0.95825 1.20438 1.70181
threshold=-0.022310292973000797 0.016913961697029082 -0.0074531608567778287 -0.021080460791769336 0.034590323148393838 14.194999694824221 -0.0083649935638088185
decision_type=2 2 2 2 2 2 2
left_child=2 3 -1 -2 5 -5 -7
right_child=1 -3 -4 4 -6 6 -8
leaf_value=-3.0381108136711333e-05 0.00021306866739511456 0.00013625277904144527 0.00026505065007714085 -4.5054846180251667e-05 -0.00011720358003783072 -5.5413815723904778e-05 2.2772547212689988e-06
leaf_weight=30 42 28 32 139 29 28 402
leaf_count=30 42 28 32 139 29 28 402
internal_value=-0.000547945 -0.0011976 0.00645161 -0.00171875 -0.00234114 -0.00188928 -0.000581395
internal_weight=730 668 62 640 598 569 430
internal_count=730 668 62 640 598 569 430
is_linear=0
shrinkage=0.05


Tree=30
num_leaves=8
num_cat=0
split_feature=3 14 14 12 4 3 11
split_gain=1.35492 1.3652 1.36212 1.42775 1.65222 1.50293 1.56455
threshold=0.011255559870525402 -0.11544121967691799 -0.0066427814256201914 0.051846022032751578 0.027744710617393035 -0.0013298393850951216 0.01199540999330473
decision_type=2 2 2 2 2 2 2
left_child=1 -1 -3 4 5 -4 -7
right_child=-2 2 3 -5 -6 6 -8
leaf_value=0.00010523180495427761 0.00021946201065704536 -3.3263171177767493e-05 -5.6421441644785752e-05 5.978624082254806e-05 0.00028413172724410431 7.6727467213890581e-05 -0.00016291311161490383
leaf_weight=27 25 323 105 37 48 132 40
leaf_count=27 25 323 105 37 48 132 40
internal_value=-0.000440977 -0.000842697 -0.00127737 0.000828729 -0.000230769 -0.0017148 0.00116279
internal_weight=737 712 685 362 325 277 172
internal_count=737 712 685 362 325 277 172
is_linear=0
shrinkage=0.05


Tree=31
num_leaves=8
num_cat=0
split_feature=7 1 3 2 3 3 4
split_gain=1.42413 2.09474 2.3207 1.57643 1.6 2.35796 1.798
threshold=0.013501329298404531 0.054335982498948894 -0.0039749065388180451 0.043083297774465297 0.0089219400114688447 0.0055003612084469919 0.017967813912539016
decision_type=2 2 2 2 2 2 2
left_child=3 2 -2 4 5 6 -1
right_child=1 -3 -4 -5 -6 -7 -8
leaf_value=-5.1360009409117599e-05 -6.5081317849253722e-05 0.00018757904848509994 -3.9662666162318288e-05 8.1518716708494772e-05 0.00026945159890963795 -0.00015850893259912273 6.8800590166735907e-05
leaf_weight=82 35 27 230 34 30 36 257
leaf_count=82 35 27 230 34 30 36 257
internal_value=-0.000376197 -0.00308219 -0.00443396 0.00142369 0.000555556 -0.000333333 0.000958702
internal_weight=731 292 265 439 405 375 339
internal_count=731 292 265 439 405 375 339
is_linear=0
shrinkage=0.05


Tree=32
num_leaves=8
num_cat=0
split_feature=13 0 7 13 12 15 2
split_gain=1.70331 2.24386 2.41554 1.23531 1.00267 1.70242 0.998475
threshold=20.060000419616703 0.01512556434784207 -0.01943913854414819 19.085000038146976 -0.029032351633034689 -0.002482920037902014 -0.074811322890713225
decision_type=2 2 2 2 2 2 2
left_child=3 2 -2 6 -4 -6 -1
right_child=1 -3 4 -5 5 -7 -8
leaf_value=-8.2736597564773843e-05 0.00031384889615127654 0.00026991627075116089 -6.7271408550690755e-05 -0.00012765289861907731 -5.1937156541495906e-05 0.00013050009585379536 -1.7434614949518158e-06
leaf_weight=70 28 27 30 45 30 25 497
leaf_count=70 28 27 30 45 30 25 497
internal_value=-0.000332447 0.00464286 0.00154867 -0.00147059 -0.00264706 0.00136364 -0.000837743
internal_weight=752 140 113 612 85 55 567
internal_count=752 140 113 612 85 55 567
is_linear=0
shrinkage=0.05


Tree=33
num_leaves=8
num_cat=0
split_feature=13 15 16 10 8 4 3
split_gain=1.43188 1.45902 2.34803 1.59907 1.38597 1.99602 1.63391
threshold=14.194999694824221 0.010867408837299421 0.030711805153320396 0.011197957811865391 -0.12772944457378191 0.027744710617393035 0.00016342419963044644
decision_type=2 2 2 2 8 2 2
left_child=-1 2 3 4 -2 6 -6
right_child=1 -3 -4 -5 5 -7 -8
leaf_value=-3.8526861276176826e-05 -6.7329936316386747e-05 0.00012455979892677838 -7.3780505652984926e-05 -9.2406597395210132e-05 -3.7491875574414971e-05 0.00021613617812849887 4.7826086744551245e-05
leaf_weight=168 26 76 36 33 166 57 180
leaf_count=168 26 76 36 33 166 57 180
internal_value=-0.000404313 0.000783972 -0.000200803 0.000757576 0.00157343 0.00229529 0.000867052
internal_weight=742 574 498 462 429 403 346
internal_count=742 574 498 462 429 403 346
is_linear=0
shrinkage=0.05


Tree=34
num_leaves=8
num_cat=0
split_feature=11 8 9 8 7 10 10
split_gain=1.09755 1.37689 1.64371 1.58518 1.33636 1.23081 1.83435
threshold=-0.0081164241286432719 0.018140087831266419 -0.0030266014777462487 0.048715784677609737 0.017183874688772364 0.0099380285822571208 9.4848672244407531e-05
decision_type=2 8 8 10 2 2 2
left_child=1 2 -1 -3 5 6 -2
right_child=4 3 -4 -5 -6 -7 -8
leaf_value=0.00016637438709051828 -2.199501169008718e-05 0.00032914466783879329 -6.4553956410099477e-05 2.4382291681909404e-06 -3.9528729937896373e-05 -8.7002582682350752e-05 4.1960112730986226e-05
leaf_weight=40 143 46 46 41 211 38 182
leaf_count=40 143 46 46 41 211 38 182
internal_value=-0.000167336 0.0033237 -0.00116279 0.00775862 -0.00121951 0.000619835 0.00161538
internal_weight=747 173 86 87 574 363 325
internal_count=747 173 86 87 574 363 325
is_linear=0
shrinkage=0.05


Tree=35
num_leaves=8
num_cat=0
split_feature=13 6 7 2 4 4 13
split_gain=1.15013 1.51438 1.25905 1.48441 1.38045 1.82616 1.58689
threshold=14.194999694824221 2.1507797377485951 -0.012221641824303795 -0.040370182266481917 0.023934581109659535 0.026560223797948531 16.875000000000004
decision_type=2 2 2 2 2 2 2
left_child=-1 2 3 -2 6 -6 -4
right_child=1 -3 4 -5 5 -7 -8
leaf_value=-3.7099645738390437e-05 -3.4254110795075861e-06 0.00014885902957537442 3.7750861524161496e-05 0.00014900538638064218 -0.00022828385969979613 -5.4289727569592151e-07 -4.2628634920871893e-05
leaf_weight=164 104 27 118 74 62 71 123
leaf_count=164 104 27 118 74 62 71 123
internal_value=-0.000572005 0.000474957 -9.05797e-05 0.00337079 -0.00173797 -0.00582707 0.000518672
internal_weight=743 579 552 178 374 133 241
internal_count=743 579 552 178 374 133 241
is_linear=0
shrinkage=0.05


Tree=36
num_leaves=8
num_cat=0
split_feature=0 11 15 1 8 7 14
split_gain=1.77799 1.62356 1.29293 1.09488 2.21885 2.09705 1.79632
threshold=-0.012516841232768748 -0.0027765970231875543 -0.016870130316890105 0.0069744089245241678 0.089583838580004529 0.0079131787266069082 0.025331387226238514
decision_type=2 2 2 2 8 2 2
left_child=2 -2 -1 5 -5 6 -3
right_child=1 3 -4 4 -6 -7 -8
leaf_value=-6.8200159337984251e-06 2.2291868006892556e-05 -7.8849125830513303e-07 0.00010406534536453656 -6.9459570263594999e-05 1.6712567834914094e-05 0.00016793132255288128 -0.0002773792102895918
leaf_weight=36 193 119 96 211 25 45 28
leaf_count=36 193 119 96 211 25 45 28
internal_value=3.32005e-05 -0.00108696 0.00530303 -0.00280374 -0.00508475 0 -0.00289116
internal_weight=753 621 132 428 236 192 147
internal_count=753 621 132 428 236 192 147
is_linear=0
shrinkage=0.05


Tree=37
num_leaves=8
num_cat=0
split_feature=0 11 10 3 16 8 4
split_gain=1.55534 1.61944 1.30721 2.8261 1.88222 1.24319 1.40035
threshold=-0.020758517917223159 -0.029337474403061222 -0.0051511270616254037 -0.0010316585460939385 -0.010983212758938264 -0.049915497418925252 0.026843971300819416
decision_type=2 2 2 2 2 8 2
left_child=-1 -2 3 -3 -5 -4 -7
right_child=1 2 5 4 -6 6 -8
leaf_value=0.00025635170132212525 0.00033618712965117456 -5.1881981592542641e-05 8.3897421223473609e-05 -4.8589043507517825e-06 0.00027687266465411002 -3.938258917254125e-05 0.00010093937014913845
leaf_weight=51 26 47 57 25 45 454 52
leaf_count=51 26 47 57 25 45 454 52
internal_value=-9.90753e-05 -0.000708215 -0.00117647 0.00363248 0.01 -0.00217584 -0.00296443
internal_weight=757 706 680 117 70 563 506
internal_count=757 706 680 117 70 563 506
is_linear=0
shrinkage=0.05


Tree=38
num_leaves=8
num_cat=0
split_feature=11 15 4 1 4 0 12
split_gain=1.44996 1.87848 1.77874 1.55103 2.30526 1.15385 1.75808
threshold=-0.0081164241286432719 0.0013926129861144834 0.020570901485736721 0.009293463191656472 0.023148824634521181 0.0015207292480979853 0.0086975784270316731
decision_type=2 2 2 2 2 2 2
left_child=1 3 -3 4 -1 6 -2
right_child=5 2 -4 -5 -6 -7 -8
leaf_value=-3.1725835391705016e-05 -5.4295731449004529e-05 -6.2892752367240713e-06 0.00019644797468766013 -9.2530701970934299e-05 0.00024891062852295138 -4.0802961592176009e-05 6.6584015160297457e-06
leaf_weight=37 63 27 50 33 28 282 220
leaf_count=37 63 27 50 33 28 282 220
internal_value=-0.000405405 0.00357143 0.00941558 -0.00102041 0.00346154 -0.00163717 0.000618375
internal_weight=740 175 77 98 65 565 283
internal_count=740 175 77 98 65 565 283
is_linear=0
shrinkage=0.05


Tree=39
num_leaves=8
num_cat=0
split_feature=3 3 4 4 0 13 2
split_gain=1.9161 2.08197 2.3972 2.63483 1.74713 1.3602 1.32758
threshold=0.010247973737335327 0.0053725569190158371 0.017967813912539016 0.017059596414788009 0.00041197279455462704 17.530000686645511 0.036300081648717349
decision_type=2 2 2 2 2 2 2
left_child=1 2 3 5 -4 6 -1
right_child=-2 -3 4 -5 -6 -7 -8
leaf_value=6.8002777083301953e-05 8.8508583949186911e-05 -8.25650813188519e-05 6.7221407712605036e-05 -0.00011911631379195 -1.0772870916309335e-05 -9.9885491763845868e-05 -3.1600081608283705e-05
leaf_weight=44 38 89 230 43 209 31 52
leaf_count=44 38 89 230 43 209 31 52
internal_value=-0.000407609 -0.00100287 4.10509e-05 -0.005 0.00199317 -0.00137795 0.0015625
internal_weight=736 698 609 170 439 127 96
internal_count=736 698 609 170 439 127 96
is_linear=0
shrinkage=0.05


Tree=40
num_leaves=8
num_cat=0
split_feature=0 15 7 6 10 10 13
split_gain=1.73888 1.28016 1.74598 1.20406 1.13202 1.5527 1.21743
threshold=-0.015603287027757371 0.012197537444331276 0.047920953408189255 -0.45568443636268169 0.010824112764753148 0.0091813381816910917 20.060000419616703
decision_type=2 2 2 2 2 2 2
left_child=-1 2 4 -3 5 6 -2
right_child=1 3 -4 -5 -6 -7 -8
leaf_value=9.5651392329643717e-05 -2.2033589033289542e-05 0.00023357985640760277 -8.3326291465592785e-05 1.5402283686616142e-05 -0.00010778471669917007 0.00010317292568022112 7.792777154625496e-05
leaf_weight=94 391 26 45 46 44 28 69
leaf_count=94 391 26 45 46 44 28 69
internal_value=-0.000504711 -0.00142527 -0.00220971 0.00486111 -0.00140977 -0.000717213 -0.00141304
internal_weight=743 649 577 72 532 488 460
internal_count=743 649 577 72 532 488 460
is_linear=0
shrinkage=0.05


Tree=41
num_leaves=8
num_cat=0
split_feature=13 14 2 0 5 3 4
split_gain=1.47521 1.30415 1.54185 1.12356 1.98564 1.18829 2.0654
threshold=13.824999809265138 -0.0029443342389950384 0.035957438919228209 -0.011443321688274331 0.012211038826700523 -0.0013298393850951216 0.017059596414788009
decision_type=2 2 2 2 2 2 2
left_child=1 -1 -3 4 -2 -5 -7
right_child=3 2 -4 5 -6 6 -8
leaf_value=-6.7494074420408612e-05 -4.0993651679238153e-05 0.00028727336509854227 -7.8861467669881597e-05 -2.4989937950801751e-05 0.00012619649446522744 9.6248553240823641e-05 -7.9697456498963294e-06
leaf_weight=80 30 28 31 137 100 63 282
leaf_count=80 30 28 31 137 100 63 282
internal_value=-0.000565912 -0.00521583 0.000423729 0.000490196 0.00461538 -0.000622407 0.000942029
internal_weight=751 139 59 612 130 482 345
internal_count=751 139 59 612 130 482 345
is_linear=0
shrinkage=0.05


Tree=42
num_leaves=8
num_cat=0
split_feature=14 14 3 3 8 8 8
split_gain=0.901924 1.63621 1.60086 2.00173 1.48696 2.08621 1.35767
threshold=0.0080830591469587282 0.031250907350716124 0.00014483105826912371 -0.0074783339466089607 0.0372392382163882 -0.0034916244749133569 0.042172473339165635
decision_type=2 2 2 2 10 8 10
left_child=-1 6 3 -3 5 -4 -2
right_child=1 2 4 -5 -6 -7 -8
leaf_value=-1.7410182821383636e-05 0.00022620095987667418 7.138380498383544e-05 -5.0645977161100503e-06 -0.00014144876787613187 -3.3842397184460979e-05 0.00034058475512779488 -4.555681190248251e-06
leaf_weight=463 62 33 29 77 26 29 30
leaf_count=463 62 33 29 77 26 29 30
internal_value=-0.000634179 0.00157343 -0.00103093 -0.005 0.00416667 0.00862069 0.00706522
internal_weight=749 286 194 110 84 58 92
internal_count=749 286 194 110 84 58 92
is_linear=0
shrinkage=0.05


Tree=43
num_leaves=8
num_cat=0
split_feature=0 5 5 11 3 9 3
split_gain=2.54587 1.55146 1.20448 0.936561 1.73091 1.61585 2.00899
threshold=-0.014476121654107497 0.012138330125093627 0.01601076313435917 0.012763459668046597 -0.0013298393850951216 0.10189628770914018 0.0013720937842577332
decision_type=2 2 2 2 2 8 2
left_child=1 -1 -3 4 -2 6 -5
right_child=3 2 -4 5 -6 -7 -8
leaf_value=-7.4573259684108939e-06 -4.0269274107928009e-05 0.0002341147937104061 0.00012651625972633719 -2.4704372365398111e-05 1.3596473414337297e-05 6.835078910708958e-06 -0.00015920906518020577
leaf_weight=29 132 31 41 59 318 85 49
leaf_count=29 132 31 41 59 318 85 49
internal_value=-0.000201613 0.00717822 0.0111111 -0.00136081 -0.000111111 -0.00427461 -0.00833333
internal_weight=744 101 72 643 450 193 108
internal_count=744 101 72 643 450 193 108
is_linear=0
shrinkage=0.05


Tree=44
num_leaves=8
num_cat=0
split_feature=13 0 12 16 8 16 7
split_gain=1.32981 1.18729 1.17068 0.985766 1.64864 1.12737 1.3941
threshold=13.085000038146974 -0.020758517917223159 0.039347993761670759 0.020668390304120491 0.06446472784966141 -0.0080524124127051549 -0.026680174932361186
decision_type=2 2 2 2 8 2 2
left_child=2 -2 -1 5 -5 -3 -7
right_child=1 3 -4 4 -6 6 -8
leaf_value=-0.00018282275813786436 0.00018916006082669683 -2.4817018602044712e-05 -3.0106545458451423e-05 -5.615847302689022e-05 2.5353032415882444e-05 0.0001091018357839731 5.1797438447501959e-06
leaf_weight=29 54 184 38 94 25 29 282
leaf_count=29 54 184 38 94 25 29 282
internal_value=-0.00037415 0.000299401 -0.00708955 -0.000325733 -0.00441176 0.000656566 0.00249196
internal_weight=735 668 67 614 119 495 311
internal_count=735 668 67 614 119 495 311
is_linear=0
shrinkage=0.05


Tree=45
num_leaves=8
num_cat=0
split_feature=0 5 9 11 3 14 0
split_gain=1.46036 1.86091 2.09186 1.35169 1.36374 1.35389 2.13794
threshold=-0.0096233658583554909 0.010974580537758958 0.014577396413339107 0.020333074859658965 0.0048435448383024058 0.031770832380203846 0.0022352489405287339
decision_type=2 2 10 2 2 2 2
left_child=1 -1 -3 5 -5 -2 -7
right_child=3 2 -4 4 -6 6 -8
leaf_value=-6.2603251667194608e-05 2.6580034738860236e-06 3.6013894546947735e-05 0.00015642940293385396 -6.6430480886851159e-05 -0.00013929825134099957 -7.4300256867824649e-05 3.3328682247884926e-06
leaf_weight=40 367 100 32 66 26 54 58
leaf_count=40 367 100 32 66 26 54 58
internal_value=-0.000841184 0.00319767 0.00606061 -0.00205779 -0.0076087 -0.000991649 -0.00580357
internal_weight=743 172 132 571 92 479 112
internal_count=743 172 132 571 92 479 112
is_linear=0
shrinkage=0.05


end of trees

feature_importances:
ret_1d=35
overnight_gap=33
atr_pct=33
spy_ret_5d=31
dist_ma20=26
vix_level=20
dist_ma50=19
spy_ret_1d=18
vix_chg_1d=16
sector_ret_1d=15
parkinson_20=14
spy_ret_20d=12
ret_5d=11
sector_ret_5d=11
ret_20d=10
dvol_z_20=9
dist_ma200=9

parameters:
[boosting: gbdt]
[objective: quantile]
[metric: quantile]
[tree_learner: serial]
[device_type: cpu]
[data_sample_strategy: bagging]
[data: ]
[valid: ]
[num_iterations: 80]
[learning_rate: 0.05]
[num_leaves: 8]
[num_threads: 1]
[seed: 0]
[deterministic: 0]
[force_col_wise: 1]
[force_row_wise: 0]
[histogram_pool_size: -1]
[max_depth: -1]
[min_data_in_leaf: 25]
[min_sum_hessian_in_leaf: 0.001]
[bagging_fraction: 0.9]
[pos_bagging_fraction: 1]
[neg_bagging_fraction: 1]
[bagging_freq: 1]
[bagging_seed: 3]
[bagging_by_query: 0]
[feature_fraction: 0.9]
[feature_fraction_bynode: 1]
[feature_fraction_seed: 2]
[extra_trees: 0]
[extra_seed: 6]
[early_stopping_round: 0]
[early_stopping_min_delta: 0]
[first_metric_only: 0]
[max_delta_step: 0]
[lambda_l1: 0]
[lambda_l2: 0]
[linear_lambda: 0]
[min_gain_to_split: 0]
[drop_rate: 0.1]
[max_drop: 50]
[skip_drop: 0.5]
[xgboost_dart_mode: 0]
[uniform_drop: 0]
[drop_seed: 4]
[top_rate: 0.2]
[other_rate: 0.1]
[min_data_per_group: 100]
[max_cat_threshold: 32]
[cat_l2: 10]
[cat_smooth: 10]
[max_cat_to_onehot: 4]
[top_k: 20]
[monotone_constraints: ]
[monotone_constraints_method: basic]
[monotone_penalty: 0]
[feature_contri: ]
[forcedsplits_filename: ]
[refit_decay_rate: 0.9]
[cegb_tradeoff: 1]
[cegb_penalty_split: 0]
[cegb_penalty_feature_lazy: ]
[cegb_penalty_feature_coupled: ]
[path_smooth: 0]
[interaction_constraints: ]
[verbosity: -1]
[saved_feature_importance_type: 0]
[use_quantized_grad: 0]
[num_grad_quant_bins: 4]
[quant_train_renew_leaf: 0]
[stochastic_rounding: 1]
[linear_tree: 0]
[max_bin: 255]
[max_bin_by_feature: ]
[min_data_in_bin: 3]
[bin_construct_sample_cnt: 200000]
[data_random_seed: 1]
[is_enable_sparse: 1]
[enable_bundle: 1]
[use_missing: 1]
[zero_as_missing: 0]
[feature_pre_filter: 1]
[pre_partition: 0]
[two_round: 0]
[header: 0]
[label_column: ]
[weight_column: ]
[group_column: ]
[ignore_column: ]
[categorical_feature: ]
[forcedbins_filename: ]
[precise_float_parser: 0]
[parser_config_file: ]
[objective_seed: 5]
[num_class: 1]
[is_unbalance: 0]
[scale_pos_weight: 1]
[sigmoid: 1]
[boost_from_average: 1]
[reg_sqrt: 0]
[alpha: 0.5]
[fair_c: 1]
[poisson_max_delta_step: 0.7]
[tweedie_variance_power: 1.5]
[lambdarank_truncation_level: 30]
[lambdarank_norm: 1]
[label_gain: ]
[lambdarank_position_bias_regularization: 0]
[eval_at: ]
[multi_error_top_k: 1]
[auc_mu_weights: ]
[num_machines: 1]
[local_listen_port: 12400]
[time_out: 120]
[machine_list_filename: ]
[machines: ]
[gpu_platform_id: -1]
[gpu_device_id: -1]
[gpu_device_id_list: ]
[gpu_use_dp: 0]
[num_gpu: 1]

end of parameters

pandas_categorical:[]
