tree
version=v4
num_class=1
num_tree_per_iteration=1
label_index=0
max_feature_idx=16
objective=quantile
feature_names=ret_1d ret_5d ret_20d overnight_gap atr_pct parkinson_20 dvol_z_20 dist_ma20 dist_ma50 dist_ma200 spy_ret_1d spy_ret_5d spy_ret_20d vix_level vix_chg_1d sector_ret_1d sector_ret_5d
feature_infos=[-0.10587069130260163:0.1504398988101352] [-0.13686204374465238:0.16783115027390183] [-0.22921249022523926:0.2650044656673276] [-0.088002396258545446:0.10615778707289136] [0.014711608341014175:0.055669417608024518] [0.0098659530829203704:0.035000670169920367] [-2.1665784277158915:4.2844512935984334] [-0.17321203477825675:0.15248226830431766] [-0.1680533524931711:0.20333345186040819] [-0.13710726710722454:0.39112683374814816] [-0.058542971330535654:0.10501930183911301] [-0.11496151859245618:0.082843162776128354] [-0.1226559005192206:0.15756591020035837] [11.859999656677246:52.330001831054688] [-0.35753873962348437:0.74039073966007019] [-0.057278671698730466:0.088354822396671695] [-0.10755366959955526:0.081588045068032633]
tree_sizes=822 857 866 865 856 853 859 857 863 862 860 864 872 862 856 867 862 861 873 874 861 872 872 865 871 876 860 865 870 855 869 864 860 863 867 855 861 874 862 871 866 871 873 860 870 872 879 860 875 864 864 873 859 866 872 858 876 877 862 862 864 868 867 869 870 873 867 872 863 858

Tree=0
num_leaves=8
num_cat=0
split_feature=12 6 9 1 8 1 6
split_gain=3.1237 1.40632 0.988158 0.89619 0.804792 0.67321 0.668981
threshold=-0.05793872793170584 2.1017133320889041 0.083512989894209425 0.027308009602165065 0.028254805354138716 -0.030563918573358325 -0.65274578765769908
decision_type=2 2 8 2 10 2 2
left_child=-1 2 3 5 -5 -2 -7
right_child=1 -3 -4 4 -6 6 -8
leaf_value=0.030294432776814696 0.029569352162357475 0.030465224393332591 0.029025505687321297 0.029330584227840028 0.030859651717264923 0.029538419627290868 0.029045513499621887
leaf_weight=25 64 43 413 28 29 36 108
leaf_count=25 64 43 413 28 29 36 108
internal_value=0.0289867 0.0283842 0.0278281 0.0302111 0.0357655 0.0286889 0.0267926
internal_weight=746 721 678 265 57 208 144
internal_count=746 721 678 265 57 208 144
is_linear=0
shrinkage=1


Tree=1
num_leaves=8
num_cat=0
split_feature=8 9 13 14 9 14 16
split_gain=3.30742 1.31353 1.25715 1.23631 0.662628 0.514019 0.706347
threshold=-0.1088491144371516 0.084799081704133764 19.585000038146976 0.03011365738187333 0.074253401858711446 -0.0049345356588886271 -0.0096307064681513382
decision_type=8 8 2 2 10 2 2
left_child=-1 2 4 -4 5 6 -2
right_child=1 -3 3 -5 -6 -7 -8
leaf_value=0.00072377324400095587 -0.00026541614128827582 -0.00028573848529785291 0.00020812457083827681 0.00079392934832374406 0.00046952908749394037 -0.00025976149060681191 0.00058608776457195154
leaf_weight=27 27 431 34 25 28 93 68
leaf_count=27 27 431 34 25 28 93 68
internal_value=4.77478e-05 -0.000609066 0.00209091 0.00855932 0.000324073 -0.000744682 0.0018421
internal_weight=733 706 275 59 216 188 95
internal_count=733 706 275 59 216 188 95
is_linear=0
shrinkage=0.05


Tree=2
num_leaves=8
num_cat=0
split_feature=12 6 9 3 6 7 8
split_gain=3.49431 1.51699 0.443807 0.449956 0.577831 0.58055 0.620229
threshold=-0.05793872793170584 2.5729074978903324 0.12669256648142993 -0.0042533417081030414 -0.27303748729515831 0.058863477356979173 0.049569235050992318
decision_type=2 2 10 2 2 2 8
left_child=-1 2 3 -2 -5 6 -6
right_child=1 -3 -4 4 5 -7 -8
leaf_value=0.00078894799740852775 -0.00024677243870147936 0.000880972173302066 -0.00036195822869231173 -0.00019971092237342205 0.00024983316594574177 0.00019645185881493664 -0.00043418148767248693
leaf_weight=27 109 25 184 196 143 25 36
leaf_count=27 109 25 184 196 143 25 36
internal_value=-0.000436243 -0.00110028 -0.0015368 -0.000776033 -1.19209e-09 0.00186274 0.000865921
internal_weight=745 718 693 509 400 204 179
internal_count=745 718 693 509 400 204 179
is_linear=0
shrinkage=0.05


Tree=3
num_leaves=8
num_cat=0
split_feature=12 6 8 9 8 13 12
split_gain=4.12815 2.38206 0.710022 0.482365 0.658987 0.686008 1.09984
threshold=-0.05793872793170584 2.1017133320889041 -0.092342890118961893 0.12669256648142993 -0.030504922890055294 19.585000038146976 -0.0093119022308690274
decision_type=2 2 8 10 10 2 2
left_child=-1 2 -2 4 -4 -6 -7
right_child=1 -3 3 -5 5 6 -8
leaf_value=0.00082490962225343983 0.00042032738131727362 0.0010401173701956898 -0.00033469950388135248 -0.00036848724678892022 -4.1439366667853998e-05 -0.00033590241768591581 0.0016015411153866334
leaf_weight=27 26 41 140 174 276 28 25
leaf_count=27 26 41 140 174 276 28 25
internal_value=-0.000115334 -0.000845072 -0.00156203 -0.00188958 -0.00105544 0.000167172 0.00537736
internal_weight=737 710 669 643 469 329 53
internal_count=737 710 669 643 469 329 53
is_linear=0
shrinkage=0.05


Tree=4
num_leaves=8
num_cat=0
split_feature=12 6 12 9 16 5 2
split_gain=2.59507 1.39934 0.719013 0.962049 1.07819 0.504337 0.775092
threshold=-0.050232690438178178 2.5300254377642992 0.0027925929369287954 0.05955133862367424 -0.0096307064681513382 0.016075693800982564 -0.025183784782728143
decision_type=2 2 2 8 2 2 2
left_child=-1 2 3 4 -2 6 -5
right_child=1 -3 -4 5 -6 -7 -8
leaf_value=0.00059800593922624374 -7.6590013949939223e-05 0.00096839443530063226 -0.00023462644293730084 -0.00040367368874305988 0.0012092415576860213 -0.00032660595317224279 0.00027657064098617149
leaf_weight=28 33 31 492 30 35 68 26
leaf_count=28 33 31 492 30 35 68 26
internal_value=-0.000289369 -0.000874127 -0.00134503 0.00125 0.00602941 -0.00137097 0.00214286
internal_weight=743 715 684 192 68 124 56
internal_count=743 715 684 192 68 124 56
is_linear=0
shrinkage=0.05


Tree=5
num_leaves=8
num_cat=0
split_feature=12 9 0 4 0 6 14
split_gain=3.60934 1.08542 1.65309 1.18332 0.867806 0.648967 0.669713
threshold=-0.05793872793170584 0.083512989894209425 -0.01046618256243209 0.025835857182357019 0.010547532365397407 1.2663967286204996 0.0017102699334086149
decision_type=2 8 2 2 2 2 2
left_child=-1 2 3 -2 -4 -3 -7
right_child=1 5 4 -5 -6 6 -8
leaf_value=0.0007635870945592667 -7.7773721911301573e-05 -0.00030650142848309887 -0.00016954060146574259 0.0007488067235735074 0.00033155960871297671 -0.00065217877673289437 0.00098701334743394264
leaf_weight=26 29 381 133 44 68 25 26
leaf_count=26 29 381 133 44 68 25 26
internal_value=-0.00021858 -0.000892352 0.00156934 0.0080137 -0.000771145 -0.0024537 0.00284314
internal_weight=732 706 274 73 201 432 51
internal_count=732 706 274 73 201 432 51
is_linear=0
shrinkage=0.05


Tree=6
num_leaves=8
num_cat=0
split_feature=12 6 9 7 3 11 0
split_gain=2.50677 1.4246 0.607888 0.531834 1.02232 1.02083 0.504642
threshold=-0.05793872793170584 2.5300254377642992 0.11463982663047691 0.034379364604271385 -0.00053483094789047436 0.01794609601545705 -0.0091541922694862703
decision_type=2 2 10 2 2 2 2
left_child=-1 2 3 6 -5 -6 -2
right_child=1 -3 -4 4 5 -7 -8
leaf_value=0.00065221415298781266 9.2484515446794965e-05 0.00093766268006224536 -0.00031221032395811207 -0.00028189412096674263 0.00026527125537218605 -0.00050421116299887955 -0.00025992775364529181
leaf_weight=25 112 26 208 44 50 30 249
leaf_count=25 112 26 208 44 50 30 249
internal_value=-0.000564517 -0.0011057 -0.0015368 -0.000567012 0.00225806 0.005625 -0.0015374
internal_weight=744 719 693 485 124 80 361
internal_count=744 719 693 485 124 80 361
is_linear=0
shrinkage=0.05


Tree=7
num_leaves=8
num_cat=0
split_feature=12 6 9 0 2 8 4
split_gain=2.85993 1.14734 0.679739 1.1368 1.37084 0.593989 0.502585
threshold=-0.05793872793170584 2.2367900492671597 0.083512989894209425 -0.01046618256243209 0.011604310349382587 -0.021538918000405024 0.017750641259180525
decision_type=2 2 8 2 2 10 2
left_child=-1 2 3 4 -2 -5 -4
right_child=1 -3 6 5 -6 -7 -8
leaf_value=0.00069279703218191272 0.0011123759471716383 0.00091759497961811274 0.00032794686370984385 -0.0003016355094365218 -0.00012371294785239691 2.0249810863360705e-05 -0.00026726899237634828
leaf_weight=26 36 34 37 65 29 138 375
leaf_count=26 36 34 37 65 29 138 375
internal_value=-0.000135136 -0.000728293 -0.00117647 0.000783581 0.00653846 -0.00105911 -0.00245146
internal_weight=740 714 680 268 65 203 412
internal_count=740 714 680 268 65 203 412
is_linear=0
shrinkage=0.05


Tree=8
num_leaves=8
num_cat=0
split_feature=12 9 8 10 0 2 4
split_gain=1.85681 0.729819 0.772959 0.75977 0.88295 0.9509 0.763434
threshold=-0.05793872793170584 0.12669256648142993 -0.030504922890055294 0.0015949691897426679 0.00042532215585477934 0.013980005035187816 0.025697086912030636
decision_type=2 10 10 2 2 2 2
left_child=-1 2 -2 4 5 -4 -6
right_child=1 -3 3 -5 6 -7 -8
leaf_value=0.00066798043095262828 -0.00022994189731562781 -0.00028191326914670542 0.00021754624933933189 -4.694790156574545e-05 5.3034384918797642e-05 -0.00038079841437475078 0.0002560182494643712
leaf_weight=25 172 196 49 175 38 70 36
leaf_count=25 172 196 49 175 38 70 36
internal_value=-0.00040079 -0.000855979 9.25914e-05 0.00138587 0.00354922 0.000882352 0.00783784
internal_weight=761 736 540 368 193 119 74
internal_count=761 736 540 368 193 119 74
is_linear=0
shrinkage=0.05


Tree=9
num_leaves=8
num_cat=0
split_feature=8 9 8 13 9 3 12
split_gain=2.17001 0.70501 1.33957 1.02678 0.756943 0.682036 0.714521
threshold=-0.092342890118961893 0.082604929498770088 -0.032653523643048125 18.444999694824222 0.040677147751956085 0.0024693942022090414 0.036336469465281469
decision_type=8 10 10 2 8 2 2
left_child=-1 2 -2 5 -5 -4 -7
right_child=1 -3 3 4 -6 6 -8
leaf_value=0.00067387427378353478 -0.00024979523869368524 -0.00020445807362071751 -6.1300830104701163e-05 0.00011041281995289899 0.00092452075917582525 7.4003977570284992e-05 0.00079406110315929544
leaf_weight=41 142 285 121 32 29 59 29
leaf_count=41 142 285 121 32 29 59 29
internal_value=-0.000325204 -0.000982785 0.000339805 0.00240741 0.00811475 0.000741626 0.00409091
internal_weight=738 697 412 270 61 209 88
internal_count=738 697 412 270 61 209 88
is_linear=0
shrinkage=0.05


Tree=10
num_leaves=8
num_cat=0
split_feature=12 6 6 9 8 14 11
split_gain=1.80381 0.941825 0.823362 0.70609 0.844033 0.786698 0.663047
threshold=-0.040334954813934058 2.5300254377642992 -0.24937030242426642 0.11463982663047691 0.028254805354138716 -0.030119880421319408 0.0069842899086436381
decision_type=2 2 2 8 10 2 2
left_child=2 3 -1 4 -2 -6 -7
right_child=1 -3 -4 -5 5 6 -8
leaf_value=8.2623109551140876e-05 -5.9599765687893477e-05 0.00085008141348168198 0.00051669763465719951 -0.00027354138453620678 -0.00011829237840605336 1.4076009095087537e-06 0.0003156377764973571
leaf_weight=27 221 27 25 347 28 32 41
leaf_count=27 221 27 25 347 28 32 41
internal_value=-0.000521392 -0.00119253 0.00846154 -0.00156203 0.000124222 0.00391089 0.00664383
internal_weight=748 696 52 669 322 101 73
internal_count=748 696 52 669 322 101 73
is_linear=0
shrinkage=0.05


Tree=11
num_leaves=8
num_cat=0
split_feature=8 11 7 8 9 5 5
split_gain=1.55632 0.649197 1.50423 0.433333 0.765945 0.798449 0.385845
threshold=-0.092342890118961893 -0.019621569956091153 -0.028146085374690596 -0.030504922890055294 0.083512989894209425 0.018490219934511175 0.015419811637632124
decision_type=8 2 2 10 10 2 2
left_child=-1 2 -2 -3 5 6 -5
right_child=1 3 -4 4 -6 -7 -8
leaf_value=0.00063148184479818717 -5.6619770255440235e-05 -0.00033536301137755594 0.00049086275292433963 3.288446839213214e-05 -0.00018238542243487264 0.0004830087695508653 -0.00046118584852295071
leaf_weight=40 41 120 25 146 253 48 73
leaf_count=40 41 120 25 146 253 48 73
internal_value=-0.000844505 -0.0013881 0.00333333 -0.001875 -0.00125 0.000617976 -0.000662102
internal_weight=746 706 66 640 520 267 219
internal_count=746 706 66 640 520 267 219
is_linear=0
shrinkage=0.05


Tree=12
num_leaves=8
num_cat=0
split_feature=16 6 9 1 3 2 6
split_gain=1.81301 0.572762 0.468494 0.532003 0.470818 0.556676 0.550688
threshold=-0.03222493202724213 2.2367900492671597 0.12669256648142993 -0.0047173650856324181 -0.00094407156095804845 -0.0037856315015044046 -0.48219502062604208
decision_type=2 2 10 2 2 2 2
left_child=-1 2 3 -2 5 -5 -6
right_child=1 -3 -4 4 6 -7 -8
leaf_value=0.00054569969443998953 -0.00015863035225076246 0.00077528867798599553 -0.00021547003167774628 0.00010031828591423209 -0.000276273048703997 -0.00034154198894133171 0.00027867362034465114
leaf_weight=36 200 35 170 28 69 75 113
leaf_count=36 200 35 170 28 69 75 113
internal_value=-0.000661158 -0.00123189 -0.00156489 -0.000773197 0.000614034 -0.00208738 0.00214286
internal_weight=726 690 655 485 285 103 182
internal_count=726 690 655 485 285 103 182
is_linear=0
shrinkage=0.05


Tree=13
num_leaves=8
num_cat=0
split_feature=8 6 8 5 4 12 2
split_gain=1.68416 0.697376 0.621827 0.968515 0.971607 0.512941 0.443078
threshold=-0.092342890118961893 2.2367900492671597 -0.032653523643048125 0.018490219934511175 0.035232350541087538 0.0062346359643689073 -0.02689338355663284
decision_type=8 2 10 2 2 2 2
left_child=-1 2 -2 5 -5 6 -4
right_child=1 -3 3 4 -6 -7 -8
leaf_value=0.00055548657455495613 -0.00023312748588579801 0.00084197774612170234 -0.00054108550704124023 0.00068691513295998099 -8.2815444800982666e-05 -0.00015987144304345751 0.00016762953953528752
leaf_weight=41 148 30 26 39 44 358 56
leaf_count=41 148 30 26 39 44 358 56
internal_value=-0.000215635 -0.000791727 -0.00112519 -0.000315489 0.00463855 -0.00125 0.00231707
internal_weight=742 701 671 523 83 440 82
internal_count=742 701 671 523 83 440 82
is_linear=0
shrinkage=0.05


Tree=14
num_leaves=8
num_cat=0
split_feature=12 6 0 3 3 7 4
split_gain=1.29986 0.891442 0.786622 0.37851 0.66297 0.891975 0.726216
threshold=-0.043864321053953818 1.4035926487117374 0.0087754487046128888 0.0027909408301631804 0.0061539956371038382 0.046079914115763294 0.025722668572121899
decision_type=2 2 2 2 2 2 2
left_child=-1 3 -3 -2 5 6 -5
right_child=1 2 -4 4 -6 -7 -8
leaf_value=0.00045362053526239979 -0.00013652955091540201 0.00066343694492026659 -0.00011792519219942504 1.5620192382603622e-05 -0.00021153934639436581 -0.00044461502354938167 0.001244612221174099
leaf_weight=42 411 39 30 51 94 27 30
leaf_count=42 411 39 30 51 94 27 30
internal_value=-0.00044199 -0.000967743 0.00442029 -0.00157423 0.000198019 0.00287037 0.00549383
internal_weight=724 682 69 613 202 108 81
internal_count=724 682 69 613 202 108 81
is_linear=0
shrinkage=0.05


Tree=15
num_leaves=8
num_cat=0
split_feature=12 11 11 12 4 2 8
split_gain=1.38362 0.658309 0.488815 0.465597 1.35109 0.875824 0.870827
threshold=-0.05793872793170584 0.03932291360928742 0.0010676984150611581 -0.0077540971574964193 0.029165418499311944 0.011604310349382587 -0.024067401453600142
decision_type=2 2 2 2 2 2 10
left_child=-1 2 3 -2 5 6 -5
right_child=1 -3 -4 4 -6 -7 -8
leaf_value=0.00043766476772911427 -0.00024849551562753524 0.00043822838451344206 -0.00018147421437356251 -5.7713736397796861e-05 0.00057975416030189354 -0.00019870141868800052 0.00074692951624717122
leaf_weight=25 87 25 401 26 26 115 27
leaf_count=25 87 25 401 26 26 115 27
internal_value=-0.00056011 -0.000968884 -0.001261 0.000338077 0.00170103 5.95226e-05 0.00537736
internal_weight=732 707 682 281 194 168 53
internal_count=732 707 682 281 194 168 53
is_linear=0
shrinkage=0.05


Tree=16
num_leaves=8
num_cat=0
split_feature=12 6 8 1 7 16 11
split_gain=1.70566 0.588642 0.372051 0.474263 0.533309 0.820317 0.669281
threshold=-0.05793872793170584 2.6576940296036033 0.10948890532890333 0.011427074093097735 0.043199640381345612 0.011463860068101852 0.016536743017330883
decision_type=2 2 8 2 2 2 2
left_child=-1 2 3 -2 5 -5 -7
right_child=1 -3 -4 4 -6 6 -8
leaf_value=0.00044806768803197082 -9.9735399100526627e-05 0.00057883583160040235 -0.00028045980892622483 0.00015295228069889632 -1.885477575911811e-05 -0.00026775244979790563 0.00018981328843880216
leaf_weight=27 339 27 129 56 88 40 45
leaf_count=27 339 27 129 56 88 40 45
internal_value=-0.000672438 -0.0011326 -0.0014132 -0.000862677 0.000895195 0.00280142 -0.000294119
internal_weight=751 724 697 568 229 141 85
internal_count=751 724 697 568 229 141 85
is_linear=0
shrinkage=0.05


Tree=17
num_leaves=8
num_cat=0
split_feature=12 4 6 3 5 12 9
split_gain=1.32385 0.596537 0.443859 0.881761 0.640147 1.10483 0.574713
threshold=-0.05793872793170584 0.017750641259180525 -0.34726161389865062 -0.0001233007273674924 0.015448898534250683 0.014776442004869829 0.10561534023413101
decision_type=2 2 2 2 2 2 8
left_child=-1 -2 -3 -4 5 -5 -7
right_child=1 2 3 4 -6 6 -8
leaf_value=0.00043151104956244717 0.00029401011014438855 -0.00013385497763984162 -0.00018891072979516612 0.00084471004469184932 -3.0813849943892012e-05 0.00019974205241214926 -0.00028190518787797223
leaf_weight=26 41 305 159 32 94 29 58
leaf_count=26 41 305 159 32 94 29 58
internal_value=-0.000698926 -0.00110028 -0.00145495 -0.0002957 0.00180751 0.0042437 0.00132184
internal_weight=744 718 677 372 213 119 87
internal_count=744 718 677 372 213 119 87
is_linear=0
shrinkage=0.05


Tree=18
num_leaves=8
num_cat=0
split_feature=8 16 8 9 4 10 0
split_gain=1.40979 0.667927 0.635524 0.670671 0.580102 0.624453 1.53279
threshold=-0.092342890118961893 -0.03222493202724213 -0.032653523643048125 0.11463982663047691 0.01950009917545632 -0.00015260304164599334 -0.010576879528120751
decision_type=8 2 10 10 2 2 2
left_child=-1 -2 -3 4 -4 6 -6
right_child=1 2 3 -5 5 -7 -8
leaf_value=0.00043916905036624063 0.00033583580971181478 -0.00023761068369580122 -0.00032276942268798882 -0.00022294377868467674 -0.00034473451535730395 -7.5040322262022099e-06 0.00022723086958242297
leaf_weight=41 32 129 55 201 38 181 73
leaf_count=41 32 129 55 201 38 181 73
internal_value=-0.000600001 -0.0011213 -0.00145495 -0.00071168 0.000619595 0.00150685 0.00445946
internal_weight=750 709 677 548 347 292 111
internal_count=750 709 677 548 347 292 111
is_linear=0
shrinkage=0.05


Tree=19
num_leaves=8
num_cat=0
split_feature=13 11 8 15 10 8 14
split_gain=1.30919 0.554276 0.543522 0.496966 0.683192 0.651042 0.691149
threshold=25.19999980926514 0.0010676984150611581 1.0000000180025095e-35 -0.013655437959444515 -0.0066318377960538624 0.10948890532890333 0.030785511680663128
decision_type=2 2 10 2 2 8 2
left_child=1 3 -3 -1 -5 6 -6
right_child=-2 2 -4 4 5 -7 -8
leaf_value=0.00063088788463502344 0.00039914387632775176 -0.00019753659762305597 -5.1607658034430828e-05 -0.00023069554380796082 9.0065747573370408e-05 -0.00044977666125038045 0.00011249349829357649
leaf_weight=29 36 135 298 51 129 32 31
leaf_count=29 36 135 298 51 129 32 31
internal_value=-0.000411607 -0.000886526 -0.00199769 0.000882352 0.000144032 0.00151042 0.0028125
internal_weight=741 705 433 272 243 192 160
internal_count=741 705 433 272 243 192 160
is_linear=0
shrinkage=0.05


Tree=20
num_leaves=8
num_cat=0
split_feature=1 12 2 14 1 9 12
split_gain=0.809408 0.615845 0.93519 0.753782 0.531572 0.558958 0.438257
threshold=-0.072020447273744057 0.045231398838846089 0.015363855202029987 0.12307845124318741 -0.0047173650856324181 0.11463982663047691 -0.036045899235514094
decision_type=2 2 2 2 2 8 2
left_child=-1 3 -3 6 -4 -6 -2
right_child=1 2 4 -5 5 -7 -8
leaf_value=0.0002780178647255785 1.0569686202235464e-05 0.00070006769977653334 -0.00056178896402674875 0.00012970642475664318 0.00010445950528894999 -0.00011388842177668677 -0.00015454217032622421
leaf_weight=27 45 25 33 32 26 38 513
leaf_count=27 45 25 33 32 26 38 513
internal_value=-0.000534507 -0.000856743 0.00237705 -0.00152542 0.000154638 0.0028125 -0.00195341
internal_weight=739 712 122 590 97 64 558
internal_count=739 712 122 590 97 64 558
is_linear=0
shrinkage=0.05


Tree=21
num_leaves=8
num_cat=0
split_feature=8 8 11 6 6 1 4
split_gain=1.08768 0.549425 0.497348 1.05672 0.841536 0.684441 0.566223
threshold=-0.092342890118961893 -0.032653523643048125 0.0010676984150611581 -0.70192158778614733 1.1557767758566631 -0.00068366887232706997 0.025697086912030636
decision_type=8 10 2 2 2 2 2
left_child=-1 -2 3 -3 -5 -4 -7
right_child=1 2 5 4 -6 6 -8
leaf_value=0.00042501021167885795 -0.00017371486225437711 0.00019124173914401626 -0.00016795722634652596 -0.0001450470168611005 0.00084413898158264614 -0.00018975587260992898 4.9586561147368246e-05
leaf_weight=39 155 38 87 137 26 174 90
leaf_count=39 155 38 87 137 26 174 90
internal_value=-0.000308312 -0.00075672 -1.81171e-05 0.00196517 0.000214723 -0.00115385 0.000113635
internal_weight=746 707 552 201 163 351 264
internal_count=746 707 552 201 163 351 264
is_linear=0
shrinkage=0.05


Tree=22
num_leaves=8
num_cat=0
split_feature=13 7 12 16 11 9 9
split_gain=0.609254 0.678672 0.704745 0.987569 0.608112 0.530724 0.453215
threshold=25.505000114440922 -0.011926782416037061 0.0027925929369287954 0.0018161638843066099 0.034061336593809395 -0.015874922423513457 0.19873968426758362
decision_type=2 2 2 2 2 8 8
left_child=1 5 3 -3 6 -1 -4
right_child=-2 2 4 -5 -6 -7 -8
leaf_value=0.00015159450914156564 0.00035705337106171366 0.00071002344462721986 -2.9618260777515725e-06 -7.2497188336176428e-05 0.00047664483630502781 -0.0001621507349077563 -0.00027023474897967445
leaf_weight=33 32 26 246 48 26 203 126
leaf_count=33 32 26 246 48 26 203 126
internal_value=-0.000810812 -0.00111582 -2.11876e-05 0.00445946 -0.000854273 -0.00330509 -0.00137097
internal_weight=740 708 472 74 398 236 372
internal_count=740 708 472 74 398 236 372
is_linear=0
shrinkage=0.05


Tree=23
num_leaves=8
num_cat=0
split_feature=13 6 5 1 12 9 9
split_gain=0.950133 0.614476 0.388896 0.308907 0.464194 0.710088 0.725389
threshold=25.19999980926514 2.2367900492671597 0.010984634093143391 -0.0059061892837755084 0.0027925929369287954 0.12669256648142993 0.046325305452269212
decision_type=2 2 2 2 2 8 10
left_child=1 2 -1 -4 -5 6 -6
right_child=-2 -3 3 4 5 -7 -8
leaf_value=0.00033281655438028418 0.00034654612262889671 0.00057846236029351959 -0.00011292160775036086 8.4374443460368703e-05 -0.00024700623138700756 -0.00028973935663547984 5.8595940891624043e-05
leaf_weight=26 37 33 250 87 59 171 84
leaf_count=26 37 33 250 87 59 171 84
internal_value=-0.000649265 -0.00105634 -0.00138109 -0.00162058 -0.0007606 -0.00165605 0.000944055
internal_weight=747 710 677 651 401 314 143
internal_count=747 710 677 651 401 314 143
is_linear=0
shrinkage=0.05


Tree=24
num_leaves=8
num_cat=0
split_feature=6 3 13 1 3 10 0
split_gain=0.499906 0.531599 0.573031 0.490032 0.434838 0.492992 0.869304
threshold=2.2367900492671597 -0.0042533417081030414 25.010000228881839 -0.010276227834724648 -0.0011542463054652894 0.0018732766831597305 0.0086859674514516722
decision_type=2 2 2 2 2 2 2
left_child=1 -1 3 -3 -5 6 -6
right_child=-2 2 -4 4 5 -7 -8
leaf_value=-0.00013415071262219301 0.00058921484477622013 -0.0001827719971917855 0.00043981448088168431 -0.00022265121161080208 1.033994119516004e-05 -1.2802933062912604e-05 0.00029253490071020575
leaf_weight=155 35 157 25 78 91 171 32
leaf_count=155 35 157 25 78 91 171 32
internal_value=-0.000833335 -0.0011213 -0.000397113 -0.000746693 0.000241934 0.00112245 0.00353658
internal_weight=744 709 554 529 372 294 123
internal_count=744 709 554 529 372 294 123
is_linear=0
shrinkage=0.05


Tree=25
num_leaves=8
num_cat=0
split_feature=12 10 10 3 9 16 6
split_gain=0.846008 0.443698 1.05273 0.491057 0.593559 0.449588 0.688458
threshold=-0.05793872793170584 0.0018732766831597305 0.00074647751592549227 0.0024693942022090414 0.038782790241462591 1.0000000180025095e-35 1.072346605147432
decision_type=2 2 2 2 8 2 2
left_child=-1 2 5 -3 -5 6 -2
right_child=1 3 -4 4 -6 -7 -8
leaf_value=0.00032215136144578456 -6.7523263776022912e-06 -0.00030250623359549063 0.00024250499123262695 0.001016058483681175 -0.00011821159086529741 -0.00015579878303283379 0.0007634177951178153
leaf_weight=26 149 160 43 32 134 181 25
leaf_count=26 149 160 43 32 134 181 25
internal_value=-0.000400001 -0.000718233 0.000402009 -0.00208589 -0.000180724 -0.000492959 0.00132184
internal_weight=750 724 398 326 166 355 174
internal_count=750 724 398 326 166 355 174
is_linear=0
shrinkage=0.05


Tree=26
num_leaves=8
num_cat=0
split_feature=13 6 9 8 16 4 5
split_gain=0.772433 0.446676 0.477205 0.543094 0.776891 0.480256 0.463795
threshold=25.505000114440922 2.2367900492671597 0.1126847081681125 0.036948476102773083 0.014084267011579389 0.017750641259180525 0.013873527950886907
decision_type=2 2 8 10 2 2 2
left_child=1 2 3 6 -5 -4 -1
right_child=-2 -3 5 4 -6 -7 -8
leaf_value=3.8379986171719447e-05 0.00031293082371419787 0.00051974421724748079 0.00034288496454158853 0.000203146453918685 -5.391741647047721e-05 -0.00019003655483381551 -0.00010840987392921143
leaf_weight=71 33 36 37 34 36 312 184
leaf_count=71 33 36 37 34 36 312 184
internal_value=-0.000356663 -0.000704227 -0.000994066 0.000384614 0.00428571 -0.00227794 -0.000686276
internal_weight=743 710 674 325 70 349 255
internal_count=743 710 674 325 70 349 255
is_linear=0
shrinkage=0.05


Tree=27
num_leaves=8
num_cat=0
split_feature=9 10 0 15 6 6 14
split_gain=0.521702 0.674489 0.748233 1.01657 0.855227 0.789673 0.670213
threshold=-0.039743984754254218 0.0015949691897426679 0.0024945760024279733 0.0025705435989418217 -0.1464921729830074 1.2663967286204996 0.10773003329269316
decision_type=8 2 2 2 2 2 2
left_child=-1 2 5 4 -4 6 -2
right_child=1 -3 3 -5 -6 -7 -8
leaf_value=0.00052606931533121068 -7.2394697889746059e-05 -0.00010339837788965867 9.8567141107616497e-05 0.00050770184524638379 -0.00024995681827311367 0.00067098220031994388 0.00013213245586547764
leaf_weight=25 200 333 45 37 42 28 35
leaf_count=25 200 333 45 37 42 28 35
internal_value=-0.000100672 -0.000347223 0.00107235 0.00427419 0.00132184 -0.000437264 -0.00138298
internal_weight=745 720 387 124 87 263 235
internal_count=745 720 387 124 87 263 235
is_linear=0
shrinkage=0.05


Tree=28
num_leaves=8
num_cat=0
split_feature=13 11 3 4 6 12 13
split_gain=0.923118 0.513674 0.519651 0.702725 0.468021 0.632836 1.10345
threshold=25.505000114440922 0.034590323148393838 -0.0014092366890175454 0.017750641259180525 -0.34726161389865062 0.0061045845958173093 18.510000228881839
decision_type=2 2 2 2 2 2 2
left_child=1 2 -1 -4 -5 6 -6
right_child=-2 -3 3 4 5 -7 -8
leaf_value=-9.5543492224849384e-05 0.00030549537574110379 0.0001304096302534134 0.00048266558071782074 -0.00018853686021635068 0.00073149868315693393 -3.2575903393832166e-05 -0.00013527444818517699
leaf_weight=252 31 35 28 184 29 164 29
leaf_count=252 31 35 28 184 29 164 29
internal_value=-0.000545214 -0.000908462 -0.00120991 -0.000161292 -0.000689656 0.000855855 0.00534483
internal_weight=752 721 686 434 406 222 58
internal_count=752 721 686 434 406 222 58
is_linear=0
shrinkage=0.05


Tree=29
num_leaves=8
num_cat=0
split_feature=13 4 4 8 7 7 9
split_gain=0.887371 0.500501 0.82168 0.807 0.349218 0.426112 0.489879
threshold=25.505000114440922 0.025697086912030636 0.027277917586936599 -0.018177954143923643 -0.074125445551329924 0.036499077140177534 0.061441982972079819
decision_type=2 2 2 10 2 2 10
left_child=1 -1 3 -3 -4 -6 -7
right_child=-2 2 4 -5 5 6 -8
leaf_value=-0.00013357483145642513 0.00028593928661861608 -8.6940725143414368e-05 3.8789567307018119e-05 6.10303370422194e-05 -0.00017432033571345644 0.00037279289910563092 -9.7386454931928465e-05
leaf_weight=405 33 30 28 47 123 26 38
leaf_count=405 33 30 28 47 123 26 38
internal_value=-0.000890412 -0.00126973 0.000308218 0.00474026 -0.00127907 -0.00205882 0.00125
internal_weight=730 697 292 77 215 187 64
internal_count=730 697 292 77 215 187 64
is_linear=0
shrinkage=0.05


Tree=30
num_leaves=8
num_cat=0
split_feature=8 8 4 16 9 9 11
split_gain=0.598503 0.665628 0.589091 0.727475 0.845475 0.798445 0.600744
threshold=-0.095775432876864949 -0.032653523643048125 0.022449689524894526 0.006057132726098092 0.10516290416554576 0.052553278219139361 0.034590323148393838
decision_type=8 10 2 2 8 10 2
left_child=-1 -2 -3 4 5 -4 -5
right_child=1 2 3 6 -6 -7 -8
leaf_value=0.00014822023015007601 -0.0001619629685639636 -5.3119766245484778e-05 0.00073501287031190496 -0.00012307261892687449 -1.5877581379221628e-05 0.00038731471256859531 0.00029255399853714157
leaf_weight=37 150 275 45 122 53 28 27
leaf_count=37 150 275 45 122 53 28 27
internal_value=-0.000386704 -0.000714287 9.09079e-05 0.00172727 0.00452381 0.0080137 -0.000637585
internal_weight=737 700 550 275 126 73 149
internal_count=737 700 550 275 126 73 149
is_linear=0
shrinkage=0.05


Tree=31
num_leaves=8
num_cat=0
split_feature=13 3 1 10 12 10 13
split_gain=0.843656 0.559997 0.83791 0.695437 1.81778 0.84965 0.480769
threshold=25.505000114440922 -0.0014092366890175454 -0.010276227834724648 0.0018732766831597305 -0.0011596374910577965 -0.0019060348460245289 15.375000000000002
decision_type=2 2 2 2 2 2 2
left_child=1 -1 -3 4 -4 -6 -7
right_child=-2 2 3 -5 5 6 -8
leaf_value=-7.0686300735079411e-05 0.00026184035683526555 -0.00025750945821365339 0.00076687992199529461 -6.274146677870205e-05 -0.00036418222367224864 0.00016782586150481435 -1.4171947248487534e-05
leaf_weight=261 33 138 26 177 44 26 26
leaf_count=261 33 138 26 177 44 26 26
internal_value=-0.000690836 -0.00106017 3.43238e-05 0.00152174 0.00442623 0.00125 0.00557692
internal_weight=731 698 437 299 122 96 52
internal_count=731 698 437 299 122 96 52
is_linear=0
shrinkage=0.05


Tree=32
num_leaves=8
num_cat=0
split_feature=13 6 6 9 13 11 3
split_gain=0.573419 0.512723 0.438917 0.670925 0.390829 0.520272 0.490321
threshold=25.505000114440922 2.2367900492671597 -0.93837946537651684 0.18304867766091651 20.500000000000004 -0.020756014565235011 0.0043141269157400694
decision_type=2 2 2 8 2 2 2
left_child=1 2 3 -1 5 -4 -7
right_child=-2 -3 4 -5 -6 6 -8
leaf_value=8.7484102713975649e-05 0.0002416674589604547 0.00046056026622726771 0.00018753604003534353 -0.00028645450998467581 -8.2407347391669453e-05 -8.3761297696130659e-05 4.3190291835826723e-05
leaf_weight=44 32 35 29 30 76 386 120
leaf_count=44 32 35 29 30 76 386 120
internal_value=-0.000611703 -0.000902779 -0.00120438 0.00243243 -0.00164485 -0.00116823 -0.0015415
internal_weight=752 720 685 74 611 535 506
internal_count=752 720 685 74 611 535 506
is_linear=0
shrinkage=0.05


Tree=33
num_leaves=8
num_cat=0
split_feature=8 2 9 9 10 6 13
split_gain=0.605197 0.465071 0.639483 0.682317 0.584373 0.951238 1.13549
threshold=-0.092342890118961893 -0.045638415091791389 0.11463982663047691 0.020697895432441053 0.0011530196642344228 -0.62927403754703903 17.605000495910648
decision_type=8 2 8 10 2 2 2
left_child=-1 -2 3 -3 5 -5 -7
right_child=1 2 -4 4 -6 6 -8
leaf_value=0.0003192507105691913 -0.00014774480302210514 -4.5181051201918099e-05 -7.2476419597283014e-05 0.00015945613503419261 -1.6507183544732606e-06 -0.00033841175845135261 0.00042814870467419193
leaf_weight=38 104 72 314 27 114 43 30
leaf_count=38 104 72 314 27 114 43 30
internal_value=-0.000619947 -0.000951706 -0.000416668 0.00129371 0.00271028 0.0055 0.00253425
internal_weight=742 704 600 286 214 100 73
internal_count=742 704 600 286 214 100 73
is_linear=0
shrinkage=0.05


Tree=34
num_leaves=8
num_cat=0
split_feature=1 3 10 6 6 9 11
split_gain=0.855409 0.626565 0.674871 0.759337 0.763319 1.1489 0.758263
threshold=-0.075573863325830479 -0.0042533417081030414 0.0015949691897426679 1.1557767758566631 -0.70192158778614733 0.1126847081681125 0.013766763160974362
decision_type=2 2 2 2 2 8 2
left_child=-1 -2 3 4 5 -3 -6
right_child=1 2 -4 -5 6 -7 -8
leaf_value=0.00016972853090012967 -0.00011167131803042877 0.00016105507260845431 -7.4759381510674649e-05 0.00066662191372109244 -0.00018055687223599893 -1.1581630818274271e-05 1.8886160854155586e-05
leaf_weight=26 149 32 309 32 138 36 25
leaf_count=26 149 32 309 32 138 36 25
internal_value=-0.000448462 -0.000769765 -1.74837e-05 0.00184411 0.000844155 0.00529412 -0.00101227
internal_weight=747 721 572 263 231 68 163
internal_count=747 721 572 263 231 68 163
is_linear=0
shrinkage=0.05


Tree=35
num_leaves=8
num_cat=0
split_feature=13 12 9 0 6 6 9
split_gain=0.631061 0.474522 0.853385 0.514918 0.490135 0.392157 0.69439
threshold=25.505000114440922 0.045231398838846089 0.11463982663047691 0.0016933175852151818 2.1017133320889041 -0.67987188817439625 0.046325305452269212
decision_type=2 2 8 2 2 2 10
left_child=1 4 3 -3 5 6 -1
right_child=-2 2 -4 -5 -6 -7 -8
leaf_value=-0.00038413712791514083 0.00021379636221953555 -1.5636024278079016e-05 -0.00019245137623841472 0.00013063595847469925 0.00040899006549084937 -9.084593829007117e-05 4.8449833224476411e-05
leaf_weight=62 31 32 60 33 40 418 67
leaf_count=62 31 32 60 33 40 418 67
internal_value=-0.000693137 -0.000997192 0.0018 0.00576923 -0.00159285 -0.00198355 0.000426355
internal_weight=743 712 125 65 587 547 129
internal_count=743 712 125 65 587 547 129
is_linear=0
shrinkage=0.05


Tree=36
num_leaves=8
num_cat=0
split_feature=13 15 10 6 10 6 9
split_gain=0.485081 0.385118 0.868541 0.605093 0.536927 0.973292 1.89153
threshold=25.505000114440922 0.016064106735558251 0.0089823327220962552 -0.16483266282032497 0.0018732766831597305 -0.67987188817439625 0.17159656367016698
decision_type=2 2 2 2 2 2 8
left_child=1 2 4 -4 5 6 -1
right_child=-2 -3 3 -5 -6 -7 -8
leaf_value=0.00013717936974228881 0.00019682366826569359 -0.00041369946563642391 4.6120655527307809e-06 0.00095421662914890694 -0.00019495052275365549 -1.5934384043669547e-05 -0.00037161562240319246
leaf_weight=59 32 42 35 33 215 306 31
leaf_count=59 32 42 35 33 215 306 31
internal_value=-8.63226e-05 -0.000353677 -6.62751e-05 0.00529412 -0.000662849 0.000429292 0.005
internal_weight=753 721 679 68 611 396 90
internal_count=753 721 679 68 611 396 90
is_linear=0
shrinkage=0.05


Tree=37
num_leaves=8
num_cat=0
split_feature=13 11 9 0 2 15 11
split_gain=0.624796 0.573166 0.413068 0.395364 0.546079 0.603004 0.375833
threshold=27.070000648498539 0.03932291360928742 -0.038782058222095177 -0.0036071305097861712 -0.043353074779747418 -0.0063731820333552949 -0.021243807178240256
decision_type=2 2 8 2 2 2 2
left_child=1 2 -1 6 -5 -6 -4
right_child=-2 -3 3 4 5 -7 -8
leaf_value=0.00045640517286398962 0.00019632054767465537 0.0002659643820912003 0.00023361929262467556 -0.00023365663771966776 0.00013797780949561177 -3.7881251264549313e-05 -8.5359622140805013e-05
leaf_weight=25 25 27 27 80 35 321 217
leaf_count=25 25 27 27 80 35 321 217
internal_value=-0.000772789 -0.00103825 -0.00131206 -0.00154412 -0.000642203 0.000196628 -0.00315574
internal_weight=757 732 705 680 436 356 244
internal_count=757 732 705 680 436 356 244
is_linear=0
shrinkage=0.05


Tree=38
num_leaves=8
num_cat=0
split_feature=9 12 13 6 9 1 9
split_gain=0.429123 0.651341 0.605985 0.598044 0.574555 0.342642 0.40654
threshold=0.083512989894209425 0.045231398838846089 25.319999694824222 -0.67811108184227964 0.034015719180548805 0.037985804234439209 -0.015874922423513457
decision_type=8 2 2 2 10 2 10
left_child=1 2 3 4 -1 6 -5
right_child=-2 -3 -4 5 -6 -7 -8
leaf_value=-1.6426248153625874e-05 -9.2229860289387146e-05 0.00012630543431143084 0.00029109548021882538 6.149261791969498e-07 8.5915643405238423e-05 7.4480920714247348e-05 -0.00026095999882582875
leaf_weight=28 434 45 25 31 25 37 115
leaf_count=28 434 45 25 31 25 37 115
internal_value=-0.00087838 0.000555554 -0.0004023 -0.00118644 0.00349056 -0.00254098 -0.00363014
internal_weight=740 306 261 236 53 183 146
internal_count=740 306 261 236 53 183 146
is_linear=0
shrinkage=0.05


Tree=39
num_leaves=8
num_cat=0
split_feature=13 3 6 4 11 14 0
split_gain=0.904212 0.428664 0.552461 0.483833 0.342702 0.333197 0.916572
threshold=25.505000114440922 -0.0014092366890175454 1.7231229144986713 0.017750641259180525 -0.017414661079240442 0.00619378828642947 -0.011164147053676242
decision_type=2 2 2 2 2 2 2
left_child=1 4 3 -3 -1 6 -5
right_child=-2 2 -4 5 -6 -7 -8
leaf_value=4.233050605153583e-05 0.00017347730151847697 0.00049568314257078419 0.00048758677649664045 0.00089005677572570054 -9.1574592022815565e-05 -0.00017858281444276564 -5.3737187578627528e-05
leaf_weight=37 32 28 31 25 224 118 241
leaf_count=37 32 28 31 25 224 118 241
internal_value=-0.00072011 -0.00109375 -0.000146728 -0.000631069 -0.00270115 -0.00109375 -0.000112783
internal_weight=736 704 443 412 261 384 266
internal_count=736 704 443 412 261 384 266
is_linear=0
shrinkage=0.05


Tree=40
num_leaves=8
num_cat=0
split_feature=12 8 9 1 0 0 0
split_gain=0.838037 0.776095 0.626033 0.55015 0.558747 1.55112 0.680992
threshold=-0.05793872793170584 -0.028918463336086827 0.18618392838828338 0.067430219578637499 -0.011492653834548781 -0.0077261867650679763 -0.0036071305097861712
decision_type=2 10 10 2 2 2 2
left_child=-1 -2 3 4 -3 -6 -7
right_child=1 2 -4 -5 5 6 -8
leaf_value=0.00016276669571989471 -0.00011608792552029726 -0.0001475674544889077 -0.00018647616145207763 -0.00037389985181578801 0.00031564360440519397 -0.00034003298753629182 4.1086280856063896e-05
leaf_weight=26 175 74 108 34 26 48 252
leaf_count=26 175 74 108 34 26 48 252
internal_value=-0.000356663 -0.000676431 0.000258301 0.00110599 0.001625 0.00251534 0.0015
internal_weight=743 717 542 434 400 326 300
internal_count=743 717 542 434 400 326 300
is_linear=0
shrinkage=0.05


Tree=41
num_leaves=8
num_cat=0
split_feature=11 11 7 16 8 14 2
split_gain=0.619548 0.450977 1.39474 0.649038 0.525817 0.560283 0.642182
threshold=0.03932291360928742 -0.014526458794264228 -0.018727057651174658 -0.034723201732692603 -0.021538918000405024 0.041854253665611248 -0.0047816432475204498
decision_type=2 2 2 2 10 2 2
left_child=1 2 3 -1 -3 6 -6
right_child=-2 4 -4 -5 5 -7 -8
leaf_value=0.00025213984937543947 0.00026362271581038257 -8.5797558906513944e-05 0.00039576204730548112 -0.00013785942971238722 0.00018512716228334517 -0.00012845362246381438 -6.4550737209583212e-05
leaf_weight=26 25 157 37 54 61 83 308
leaf_count=26 25 157 37 54 61 83 308
internal_value=-0.000739016 -0.00100551 0.00183761 -0.001875 -0.00155173 -0.000685842 0.00014905
internal_weight=751 726 117 80 609 452 369
internal_count=751 726 117 80 609 452 369
is_linear=0
shrinkage=0.05


Tree=42
num_leaves=8
num_cat=0
split_feature=13 15 8 9 4 4 16
split_gain=0.547364 0.387914 0.455905 0.593332 0.442471 0.728893 1.33349
threshold=25.505000114440922 -0.013655437959444515 -0.0095303406022499964 0.18304867766091651 0.031286902241012694 0.025697086912030636 0.00032424089411275952
decision_type=2 2 10 10 2 2 2
left_child=1 -1 -3 4 5 -4 -7
right_child=-2 2 3 -5 -6 6 -8
leaf_value=0.00011533495446420623 0.00012214683302623895 -6.1040634085770772e-05 -1.2163849259620648e-05 -0.00018129677912782691 -8.9193617139043683e-05 0.00082006660134115021 2.7689432262599035e-05
leaf_weight=46 32 203 226 103 45 25 69
leaf_count=46 32 203 226 103 45 25 69
internal_value=-0.000460615 -0.000746166 -0.00105067 -0.000192309 0.000753423 0.00140625 0.00510638
internal_weight=749 717 671 468 365 320 94
internal_count=749 717 671 468 365 320 94
is_linear=0
shrinkage=0.05


Tree=43
num_leaves=8
num_cat=0
split_feature=3 12 4 6 3 6 13
split_gain=0.489386 0.431424 0.561237 0.901972 0.667672 0.52939 0.453143
threshold=-0.0001233007273674924 0.024849110031729963 0.018782918402420443 -0.17019337503463874 0.0030291559253037286 0.39690961448827705 12.925000190734865
decision_type=2 2 2 2 2 2 2
left_child=-1 2 -2 -4 -5 -6 -3
right_child=1 6 3 4 5 -7 -8
leaf_value=-2.2526859895908968e-05 0.00039419992523195786 1.2794528974495972e-05 -0.0002368050527305146 0.0006835930904855891 0.00077906327127409258 -4.4177941007482338e-05 -0.00026626777256261511
leaf_weight=340 26 27 103 29 25 38 156
leaf_count=340 26 27 103 29 25 38 156
internal_value=-0.00110215 7.42562e-05 0.00156108 0.000641024 0.00423913 0.00134921 -0.00172131
internal_weight=744 404 221 195 92 63 183
internal_count=744 404 221 195 92 63 183
is_linear=0
shrinkage=0.05


Tree=44
num_leaves=8
num_cat=0
split_feature=3 6 12 13 12 12 16
split_gain=0.494026 0.518055 0.460062 0.457651 0.561129 0.383708 0.554187
threshold=-0.00010554875870877332 2.1017133320889041 0.060339682487529529 20.060000419616703 -0.0077540971574964193 -0.037333160893422583 0.0084137745984080876
decision_type=2 2 2 2 2 2 2
left_child=3 2 5 -1 -5 -2 -7
right_child=1 -3 -4 4 -6 6 -8
leaf_value=-6.648667739608161e-05 0.000236252562887101 0.00042012452729970446 8.7525144093617477e-05 -6.2331103221218301e-06 5.9150011844031162e-05 -0.0002196658091530419 3.7736170215021297e-05
leaf_weight=271 25 25 28 52 25 148 161
leaf_count=271 25 25 28 52 25 148 161
internal_value=-0.00119048 3.87585e-05 -0.00044199 -0.00255747 0.000844155 -0.000958085 -0.00144013
internal_weight=735 387 362 348 77 334 309
internal_count=735 387 362 348 77 334 309
is_linear=0
shrinkage=0.05


Tree=45
num_leaves=8
num_cat=0
split_feature=11 12 12 12 2 10 16
split_gain=0.656059 0.393131 0.60891 0.91954 0.681808 1.20278 0.443223
threshold=0.040036417291261513 -0.051373899775069835 -0.016111251712643489 0.011040694977268452 0.020928193274487032 -0.00015260304164599334 -0.0031361568492146992
decision_type=2 2 2 2 2 2 2
left_child=1 -1 -3 4 6 -6 -4
right_child=-2 2 3 -5 5 -7 -8
leaf_value=0.00012700255523303736 0.00023345664828923184 -0.00020955501864634228 0.00014254993452403149 -3.4137239708581247e-05 0.00062008109686147866 -0.00015942854800613115 -0.00021897123854869297
leaf_weight=33 25 105 39 435 29 25 52
leaf_count=33 25 105 39 435 29 25 52
internal_value=-0.000962316 -0.00123956 -0.00149635 -0.00086207 0.00258621 0.00703704 -5.49462e-05
internal_weight=743 718 685 580 145 54 91
internal_count=743 718 685 580 145 54 91
is_linear=0
shrinkage=0.05


Tree=46
num_leaves=8
num_cat=0
split_feature=3 12 8 1 1 9 0
split_gain=0.56225 0.905613 0.531167 0.434508 1.12443 0.504696 0.575195
threshold=-0.0042533417081030414 -0.043864321053953818 -0.024067401453600142 0.067430219578637499 0.053841275002329166 0.18304867766091651 -0.0036071305097861712
decision_type=2 2 10 2 2 10 2
left_child=-1 -2 -3 4 5 6 -4
right_child=1 2 3 -5 -6 -7 -8
leaf_value=-5.0485513444006491e-05 9.3907381183868697e-05 -0.00016449394096071618 -2.9656091878712783e-05 -0.00046063189953472137 0.00064189307127133783 -0.00030391382451361499 5.585152195460131e-05
leaf_weight=162 30 127 102 36 25 74 191
leaf_count=162 30 127 102 36 25 74 191
internal_value=-0.000850068 -0.000128206 -0.000585587 0.000257008 0.000739795 4.08707e-05 0.000972695
internal_weight=747 585 555 428 392 367 293
internal_count=747 585 555 428 392 367 293
is_linear=0
shrinkage=0.05


Tree=47
num_leaves=8
num_cat=0
split_feature=13 6 11 5 4 9 14
split_gain=0.705896 0.378346 1.06658 0.313024 0.594779 0.692308 0.304361
threshold=25.505000114440922 -0.95328477572797832 0.00081108963534770606 0.01362524802789084 0.021211891626397122 0.06544421828843873 0.010891009150098998
decision_type=2 2 2 2 2 8 2
left_child=1 2 -1 4 6 -6 -3
right_child=-2 3 -4 -5 5 -7 -8
leaf_value=0.00048482446026036781 0.00014834844149982484 1.357678347281911e-06 -0.00015843481301717934 -5.4927172768707453e-05 -0.00011513873614987276 0.0005508725240809092 -0.00019504552754862815
leaf_weight=26 30 107 51 404 26 26 64
leaf_count=26 30 107 51 404 26 26 64
internal_value=-0.000844688 -0.00116477 0.00214286 -0.00157097 -6.72658e-05 0.00461538 -0.00149123
internal_weight=734 704 77 627 223 52 171
internal_count=734 704 77 627 223 52 171
is_linear=0
shrinkage=0.05


Tree=48
num_leaves=8
num_cat=0
split_feature=12 12 11 0 1 8 4
split_gain=0.587732 0.330958 0.562177 0.569465 0.456243 0.56274 0.58667
threshold=-0.05793872793170584 -0.016111251712643489 -0.019621569956091153 0.00042532215585477934 0.06591181191101371 -0.030504922890055294 0.028855492968365318
decision_type=2 2 2 2 2 10 2
left_child=-1 -2 -3 -4 5 -5 -7
right_child=1 2 3 4 -6 6 -8
leaf_value=9.2806439037444155e-05 -0.00014449118157598464 0.00020613408296463835 -7.8714298642720503e-05 -0.00018962803232630706 -0.00030758613727196934 2.3124113426406862e-05 0.00038655063900045237
leaf_weight=26 110 26 261 46 34 202 29
leaf_count=26 110 26 261 46 34 202 29
internal_value=-0.000844688 -0.00111582 -0.000652175 -0.000979022 0.000466237 0.00113718 0.00214286
internal_weight=734 708 598 572 311 277 231
internal_count=734 708 598 572 311 277 231
is_linear=0
shrinkage=0.05


Tree=49
num_leaves=8
num_cat=0
split_feature=6 1 12 10 12 6 6
split_gain=0.683546 0.67013 0.706295 0.9375 0.468529 0.704723 0.315403
threshold=2.0068565584831628 -0.006971761907853812 0.0027925929369287954 0.00048355916176134889 0.045231398838846089 -0.088265161047159382 0.2282635187023232
decision_type=2 2 2 2 2 2 2
left_child=1 -1 3 -3 6 -6 -4
right_child=-2 2 4 -5 5 -7 -8
leaf_value=-7.545771371319444e-05 0.0003342096192986888 0.00027701951414440325 -5.8305759499188684e-05 -8.2770105662694898e-05 -2.7593977514827046e-05 0.00058172702691893104 -0.00015064515252569155
leaf_weight=252 45 48 170 60 47 31 79
leaf_count=252 45 48 170 60 47 31 79
internal_value=-0.000969947 -0.00136099 -0.000172415 0.00333333 -0.00133028 0.00205128 -0.00238956
internal_weight=732 687 435 108 327 78 249
internal_count=732 687 435 108 327 78 249
is_linear=0
shrinkage=0.05


Tree=50
num_leaves=8
num_cat=0
split_feature=5 5 0 6 3 4 8
split_gain=0.386009 0.752589 0.709965 0.46865 0.773684 0.546666 0.237385
threshold=0.01365551112259737 0.013398171863176723 -0.0030094123017962433 -0.17607600925666653 0.0028399113330100927 0.020096052816332161 0.042556299161410023
decision_type=2 2 2 2 2 2 10
left_child=1 2 -1 4 -4 -5 -2
right_child=6 -3 3 5 -6 -7 -8
leaf_value=-0.00016977904161952315 -2.9093146727064144e-05 0.0010010466554013044 -5.3247921795990857e-05 -0.0002514071795833072 0.00020948268663412134 9.3484609013406276e-05 -1.3024948960451444e-05
leaf_weight=83 330 25 30 46 27 31 163
leaf_count=83 330 25 30 46 27 31 163
internal_value=-0.000850341 0.000785123 -0.000161292 0.00208955 0.00552631 -0.000454547 -0.00165315
internal_weight=735 242 217 134 57 77 493
internal_count=735 242 217 134 57 77 493
is_linear=0
shrinkage=0.05


Tree=51
num_leaves=8
num_cat=0
split_feature=12 11 9 6 0 16 15
split_gain=0.833072 0.404021 0.309806 0.519969 0.481475 0.722344 1.15042
threshold=-0.050232690438178178 0.03932291360928742 0.18304867766091651 1.2663967286204996 0.0011237787616995567 -0.0026795760729007574 -0.00017854051558463532
decision_type=2 2 8 2 2 2 2
left_child=-1 2 4 -4 -2 -6 -7
right_child=1 -3 3 -5 5 6 -8
leaf_value=0.00010784261229438546 -1.4549630239182993e-05 0.00018327237778482453 -0.00018420198022659444 0.00031547701053699856 -0.00016098305073081664 0.00012398816213729196 1.9390935260982463e-06
leaf_weight=34 222 25 226 30 64 30 122
leaf_count=34 222 25 226 30 64 30 122
internal_value=-0.000883135 -0.00124479 -0.00146974 -0.00285156 -0.000662102 0.00101852 0.00289474
internal_weight=753 719 694 256 438 216 152
internal_count=753 719 694 256 438 216 152
is_linear=0
shrinkage=0.05


Tree=52
num_leaves=8
num_cat=0
split_feature=6 9 1 4 9 6 5
split_gain=0.325747 0.278923 0.564783 0.501843 0.51661 0.536508 0.448448
threshold=2.2367900492671597 0.079987718955178436 0.035123090267643937 0.019455424706490438 0.18304867766091651 -0.16483266282032497 0.022378178671263377
decision_type=2 8 2 2 10 2 2
left_child=1 2 6 4 5 -3 -1
right_child=-2 3 -4 -5 -6 -7 -8
leaf_value=-1.31794490577131e-05 0.00033363173968706592 0.00028523332024814427 0.00018896458281910734 -0.00012025105174449778 -0.00018676737511579046 -0.00016919002729740107 0.00021996893087046105
leaf_weight=200 35 35 45 325 51 28 32
leaf_count=200 35 35 45 325 51 28 32
internal_value=-0.00113848 -0.00136872 -0.000126355 -0.00215262 0.000701753 0.00373016 -0.00112069
internal_weight=751 716 277 439 114 63 232
internal_count=751 716 277 439 114 63 232
is_linear=0
shrinkage=0.05


Tree=53
num_leaves=8
num_cat=0
split_feature=1 1 3 6 2 3 5
split_gain=0.533821 0.9843 1.87453 0.721966 0.426032 0.585506 1.01552
threshold=-0.010276227834724648 0.0040182513382747151 0.0023932406463883509 -0.097637128724803943 0.088073623853958796 -0.0007401093290910209 0.013873527950886907
decision_type=2 2 2 2 2 2 2
left_child=-1 2 3 -2 5 -3 -7
right_child=1 4 -4 -5 -6 6 -8
leaf_value=-3.4868587927350662e-05 -3.8567566714968849e-05 -6.7949820771594159e-05 0.00024778433852067533 0.00017277518448285682 -0.00014365114837550403 0.0001721409966877097 -4.6605088286702132e-05
leaf_weight=259 41 85 26 25 124 63 113
leaf_count=259 41 85 26 25 124 63 113
internal_value=-0.000855979 0.000136267 0.00478261 0.000303029 -0.000974027 0.000172413 0.00181818
internal_weight=736 477 92 66 385 261 176
internal_count=736 477 92 66 385 261 176
is_linear=0
shrinkage=0.05


Tree=54
num_leaves=8
num_cat=0
split_feature=16 7 11 6 11 1 6
split_gain=0.438141 0.335373 1.17514 0.362607 0.543343 0.414685 0.47523
threshold=-0.034280433865008335 -0.018727057651174658 -0.016025846447031252 -0.93837946537651684 0.011258220737919157 -0.00068366887232706997 -0.54688902867503708
decision_type=2 2 2 2 2 2 2
left_child=-1 -2 -3 4 -4 -5 -7
right_child=1 2 3 5 -6 6 -8
leaf_value=0.00017707563850162026 -2.6236568426445552e-05 0.00026677898905292486 0.00041299190597289531 -0.00016003633577790907 -0.00044963539716797975 -0.0002485579239781827 1.483331107184042e-06
leaf_weight=38 170 28 28 103 33 77 264
leaf_count=38 170 28 28 103 33 77 264
internal_value=-0.00101889 -0.00130157 -0.000684804 -0.00123762 0.00237705 -0.00173424 -0.000894429
internal_weight=741 703 533 505 61 444 341
internal_count=741 703 533 505 61 444 341
is_linear=0
shrinkage=0.05


Tree=55
num_leaves=8
num_cat=0
split_feature=2 2 9 12 11 16 7
split_gain=0.443353 0.613328 0.691838 0.742668 0.355918 0.564205 0.457291
threshold=-0.045638415091791389 -0.01616250791711393 0.032032448386499442 0.0011335726897910849 0.016901262896916184 0.031737887614870293 0.0472439968204117
decision_type=2 2 8 2 2 2 2
left_child=-1 2 -2 -4 -3 6 -6
right_child=1 4 3 -5 5 -7 -8
leaf_value=-3.0083104329707979e-05 0.00056011685635249352 -4.6655264940443946e-05 0.00019637524790899215 -0.00015743559347808502 0.00050234642307813208 -0.00010994705297929951 -6.1338158146885671e-05
leaf_weight=147 32 398 25 43 34 48 31
leaf_count=147 32 398 25 43 34 48 31
internal_value=-0.00117414 -0.000581016 0.003 0.000147058 -0.0012818 0.00119469 0.00423077
internal_weight=758 611 100 68 511 113 65
internal_count=758 611 100 68 511 113 65
is_linear=0
shrinkage=0.05


Tree=56
num_leaves=8
num_cat=0
split_feature=2 11 7 0 15 10 10
split_gain=0.450845 0.461504 0.669262 0.537405 0.398075 0.707183 0.570782
threshold=-0.045638415091791389 -0.016025846447031252 -0.018727057651174658 0.00042532215585477934 0.015179474621207169 0.0091813381816910917 0.0039191669911444746
decision_type=2 2 2 2 2 2 2
left_child=-1 2 -2 -3 5 6 -5
right_child=1 3 -4 4 -6 -7 -8
leaf_value=-4.8746315500078452e-05 -1.5913399337736701e-05 -0.0001427935885829199 0.00025899584004340336 1.1223071435510033e-05 -0.00035433515333261793 0.00020911066001349447 -0.00021256706970186184
leaf_weight=143 31 235 29 154 34 37 79
leaf_count=143 31 235 29 154 34 37 79
internal_value=-0.00142857 -0.000826378 0.00333333 -0.00128943 9.8683e-05 0.00074074 -0.000278971
internal_weight=742 599 60 539 304 270 233
internal_count=742 599 60 539 304 270 233
is_linear=0
shrinkage=0.05


Tree=57
num_leaves=8
num_cat=0
split_feature=1 11 3 1 10 1 16
split_gain=0.381584 0.879634 0.487341 0.457646 1.02458 0.432062 0.388302
threshold=-0.010276227834724648 -0.012789082312227194 -0.0053520599455184606 0.0056625828936079934 -0.00020808109627140634 -0.03437850456135904 -0.0011551625976969346
decision_type=2 2 2 2 2 2 2
left_child=5 -2 -3 4 -4 6 -1
right_child=1 2 3 -5 -6 -7 -8
leaf_value=3.7782786071016105e-05 0.00023794221232316506 -0.00016215250708953821 0.000147039217230983 -1.284584272616494e-05 -1.8944624710305628e-06 -0.00014775810747060192 -0.00049080660050622167
leaf_weight=84 25 56 28 314 49 146 31
leaf_count=84 25 56 28 314 49 146 31
internal_value=-0.000975445 -0.00012712 -0.000637585 -1.27889e-05 0.00344156 -0.00250958 -0.000217392
internal_weight=733 472 447 391 77 261 115
internal_count=733 472 447 391 77 261 115
is_linear=0
shrinkage=0.05


Tree=58
num_leaves=8
num_cat=0
split_feature=1 1 11 12 9 9 0
split_gain=0.348279 0.470575 0.905092 0.678462 0.530343 0.796748 0.703875
threshold=-0.010276227834724648 0.0040182513382747151 0.009090553623087862 0.012058033695657168 0.083512989894209425 0.020697895432441053 0.0079074195750379345
decision_type=2 2 2 2 8 10 2
left_child=-1 2 3 -2 5 -3 -7
right_child=1 4 -4 -5 -6 6 -8
leaf_value=-2.2959231100202646e-05 0.0019284434786980796 -0.00027719339061883254 -2.7789681395039244e-05 5.6825544255791645e-06 -4.0729165631198572e-05 7.9745249979414648e-07 0.00047385612118758941
leaf_weight=271 25 41 34 40 257 45 37
leaf_count=271 25 41 34 40 257 45 37
internal_value=-0.000800001 1.04372e-05 0.00308081 0.00653846 -0.000789475 0.00191057 0.0047561
internal_weight=750 479 99 65 380 123 82
internal_count=750 479 99 65 380 123 82
is_linear=0
shrinkage=0.05


Tree=59
num_leaves=8
num_cat=0
split_feature=3 0 3 0 8 8 12
split_gain=0.420228 0.385886 0.658318 1.19225 0.52557 0.493882 0.450947
threshold=-0.0014092366890175454 0.015285550006633565 0.0043141269157400694 0.026608874756779092 -0.057059785851532145 0.056172376306827483 0.024849110031729963
decision_type=2 2 2 2 8 10 2
left_child=-1 4 -3 -4 -2 -6 -7
right_child=1 2 3 -5 5 6 -8
leaf_value=-2.6417584364022623e-05 0.0003326152620099075 -0.00013916361862728469 0.00028724854793617488 -0.00019327282405923291 -0.00020277233689109292 0.00034206275983805106 -6.0770546249352598e-05
leaf_weight=275 36 50 41 25 195 54 65
leaf_count=275 36 50 41 25 195 54 65
internal_value=-0.00108637 -0.000171675 0.00232759 0.00560606 -0.001 -0.00165605 0.000882352
internal_weight=741 466 116 66 350 314 119
internal_count=741 466 116 66 350 314 119
is_linear=0
shrinkage=0.05


Tree=60
num_leaves=8
num_cat=0
split_feature=1 1 14 3 12 0 14
split_gain=0.38947 0.616253 0.386623 0.629762 0.46431 1.07911 0.410916
threshold=0.06591181191101371 0.054538127825354284 0.090336443973437111 -0.0039682458410577595 0.045231398838846089 0.013299435293977481 -0.012700650003930223
decision_type=2 2 2 2 2 2 2
left_child=1 2 4 -4 -1 6 -6
right_child=-2 -3 3 -5 5 -7 -8
leaf_value=-3.0262047582160965e-05 -0.00030514265089499806 0.00023447116004342663 -6.5846295099069617e-05 0.00045454238689767481 2.5467084950696341e-05 8.3882572954367958e-05 -0.00018132344115860991
leaf_weight=489 48 30 40 30 37 25 47
leaf_count=489 48 30 40 30 37 25 47
internal_value=-0.000643433 -0.000343841 -0.000658684 0.00285714 -0.00107024 0.00188073 -0.000833335
internal_weight=746 698 668 70 598 109 84
internal_count=746 698 668 70 598 109 84
is_linear=0
shrinkage=0.05


Tree=61
num_leaves=8
num_cat=0
split_feature=16 14 1 1 1 12 9
split_gain=0.370956 0.329205 0.342185 0.370246 0.61108 0.454849 0.525335
threshold=-0.034723201732692603 0.13518549268873961 -0.020238060312597891 0.067430219578637499 0.054538127825354284 0.046585170844293929 0.10561534023413101
decision_type=2 2 2 2 2 2 8
left_child=-1 2 -2 4 5 -4 -7
right_child=1 -3 3 -5 -6 6 -8
leaf_value=0.0003068196481403166 -0.00015665955418766111 0.00013648866929180743 -1.3921675046144411e-05 -0.00030063801716025108 0.00023982096655753403 5.8821533831832043e-05 -2.8029931967949853e-06
leaf_weight=31 145 26 395 43 36 31 45
leaf_count=31 145 26 395 43 36 31 45
internal_value=-0.000678193 -0.000908462 -0.00111511 -0.000545456 -0.000167654 -0.00064756 0.00289474
internal_weight=752 721 695 550 507 471 76
internal_count=752 721 695 550 507 471 76
is_linear=0
shrinkage=0.05


Tree=62
num_leaves=8
num_cat=0
split_feature=15 10 13 10 6 0 9
split_gain=0.360943 0.703706 0.59883 0.368604 0.498869 0.407725 0.740745
threshold=0.016064106735558251 0.0089823327220962552 15.984999656677248 0.0035295126653435154 2.1017133320889041 0.0086148820615685757 0.10700358194320238
decision_type=2 2 2 2 2 2 8
left_child=1 3 -3 4 5 -1 -7
right_child=-2 2 -4 -5 -6 6 -8
leaf_value=-2.5577603921707462e-05 -0.00036321884608338185 0.00056317073607421871 -1.1335706665876477e-06 -0.00013207474308085687 0.00028625881063748857 0.00010323048700713598 -5.3583871202562509e-05
leaf_weight=364 44 36 40 152 26 34 44
leaf_count=364 44 36 40 152 26 34 44
internal_value=-0.000608109 -0.000330461 0.00421053 -0.000887098 -0.000192309 -0.000588236 0.00269231
internal_weight=740 696 76 620 468 442 78
internal_count=740 696 76 620 468 442 78
is_linear=0
shrinkage=0.05


Tree=63
num_leaves=8
num_cat=0
split_feature=3 4 6 12 12 3 9
split_gain=0.32997 0.46721 0.441999 0.509434 0.35556 0.605542 0.800433
threshold=-0.00031425223733033686 0.038526421467144904 2.1017133320889041 0.060339682487529529 0.024098951150824836 0.0031362461278333646 -0.013215011705148548
decision_type=2 2 2 2 2 2 10
left_child=1 -1 3 4 5 6 -2
right_child=2 -3 -4 -5 -6 -7 -8
leaf_value=-4.0449888302040478e-05 0.00031415166281072225 5.4721722081469521e-05 0.00021179765067913054 3.7977143198790003e-05 -0.00021282531557254003 -2.6163028575613962e-05 1.1499579166249843e-06
leaf_weight=301 28 33 25 31 147 123 60
leaf_count=301 28 33 25 31 147 123 60
internal_value=-0.000387702 -0.00155689 0.000555554 0.000141387 -0.000391063 0.000924169 0.00409091
internal_weight=748 334 414 389 358 211 88
internal_count=748 334 414 389 358 211 88
is_linear=0
shrinkage=0.05


Tree=64
num_leaves=8
num_cat=0
split_feature=6 12 10 9 8 8 14
split_gain=0.380779 0.554987 0.901141 0.839499 0.570544 0.374667 0.530515
threshold=2.0068565584831628 0.045231398838846089 0.0079905561282167543 0.10561534023413101 -0.092342890118961893 -0.030504922890055294 -0.016820561404990383
decision_type=2 2 2 8 8 10 2
left_child=1 4 3 -3 -1 -6 -7
right_child=-2 2 -4 -5 5 6 -8
leaf_value=0.00020452926917429389 0.00018250545298931093 1.4747779544326063e-05 0.001157797363744944 -0.00012697533643538615 -8.2525649869748903e-05 -0.00018058034907147855 9.1641397082299964e-07
leaf_weight=35 43 43 25 51 134 158 250
leaf_count=35 43 43 25 51 134 158 250
internal_value=-0.000263871 -0.000545978 0.00256302 0.000319148 -0.00118718 -0.00158672 -0.000833335
internal_weight=739 696 119 94 577 542 408
internal_count=739 696 119 94 577 542 408
is_linear=0
shrinkage=0.05


Tree=65
num_leaves=8
num_cat=0
split_feature=14 2 12 13 4 12 8
split_gain=0.379496 0.358767 1.31901 0.514858 0.548405 0.546299 0.435861
threshold=-0.093449770795740669 0.0042045102029177892 0.036954830574428173 14.63499975204468 0.026406715603220356 -0.0062518932096157767 0.057883739912180328
decision_type=2 2 2 2 2 2 10
left_child=-1 2 3 -2 5 -5 -3
right_child=1 6 -4 4 -6 -7 -8
leaf_value=-0.00018726266012607563 -0.00035035151045081936 -0.00013331646948873911 0.00053091439385814624 -3.7122923073108579e-05 -1.3315738255484431e-05 2.6005652985903463e-05 5.9494792863243187e-07
leaf_weight=46 45 182 32 35 120 48 231
leaf_count=46 45 182 32 35 120 48 231
internal_value=-0.000602166 -0.000310247 0.00107143 -0.000161292 0.000911329 0.00403614 -0.00124697
internal_weight=739 693 280 248 203 83 413
internal_count=739 693 280 248 203 83 413
is_linear=0
shrinkage=0.05


Tree=66
num_leaves=8
num_cat=0
split_feature=2 2 6 9 7 16 3
split_gain=0.471019 0.87991 0.5097 0.531868 0.810193 1.07274 0.457192
threshold=-0.045638415091791389 0.0042045102029177892 -0.57496663576008167 0.081030836048895064 -0.0089942671799675949 -0.0019095398718745325 -0.0011636072589560895
decision_type=2 2 2 10 2 2 2
left_child=-1 2 -2 4 5 -4 -3
right_child=1 6 3 -5 -6 -7 -8
leaf_value=-6.439057995686965e-05 -3.3988164682975231e-05 -0.00012261116051467987 0.0010757304454388666 -4.1564440607391742e-05 0.00020728600653137439 -8.4521558632505935e-05 -3.6064258433744391e-06
leaf_weight=146 36 159 26 35 34 31 273
leaf_count=146 36 159 26 35 34 31 273
internal_value=-0.000743244 -0.000117846 0.00302469 0.00452381 0.00653846 0.00289474 -0.0012963
internal_weight=740 594 162 126 91 57 432
internal_count=740 594 162 126 91 57 432
is_linear=0
shrinkage=0.05


Tree=67
num_leaves=8
num_cat=0
split_feature=7 3 15 16 16 7 11
split_gain=0.407125 0.594892 0.664492 0.98 0.471961 0.406064 0.505522
threshold=-0.014303740995726842 -0.0042533417081030414 -0.0063731820333552949 0.0019444873166141188 -0.034723201732692603 -0.0051740087010907479 0.016424352534066825
decision_type=2 2 2 2 2 2 2
left_child=4 -2 3 -3 -1 -4 -7
right_child=1 2 5 -5 -6 6 -8
leaf_value=0.00022608944077939525 -0.00015477505935430907 0.00050677804616822706 0.00020992257651789842 -0.00018962559738443227 -7.1299683354930486e-05 -5.0249338021694063e-05 5.0388367496592185e-05
leaf_weight=31 90 25 35 25 207 242 103
leaf_count=31 90 25 35 25 207 242 103
internal_value=-0.000976254 -0.000192309 0.000581394 0.006 -0.00268908 -0.00013158 -0.000652175
internal_weight=758 520 430 50 238 380 345
internal_count=758 520 430 50 238 380 345
is_linear=0
shrinkage=0.05


Tree=68
num_leaves=8
num_cat=0
split_feature=6 0 16 16 1 8 11
split_gain=0.529956 0.549248 0.63045 0.978547 0.623068 0.377942 0.383024
threshold=2.0068565584831628 0.015285550006633565 0.0013600719879657277 0.016575863315395737 0.060516671600084455 -0.092342890118961893 -0.00089102976467808615
decision_type=2 2 2 2 2 8 2
left_child=1 4 -3 -4 5 -1 -7
right_child=-2 2 3 -5 -6 6 -8
leaf_value=0.00021543107466865166 0.00015549007070774778 -7.9879525829207947e-05 9.1754048625975143e-05 -0.00011647450169356383 7.9020664291538537e-05 -1.21651224448888e-05 -0.00012020813200004909
leaf_weight=33 44 49 36 39 31 199 312
leaf_count=33 44 49 36 39 31 199 312
internal_value=-0.0012315 -0.00156652 0.00145161 0.00433333 -0.00221739 -0.0026103 -0.00294521
internal_weight=743 699 124 75 575 544 511
internal_count=743 699 124 75 575 544 511
is_linear=0
shrinkage=0.05


Tree=69
num_leaves=8
num_cat=0
split_feature=13 6 0 10 13 14 14
split_gain=0.37082 0.492982 0.503364 0.613052 0.371212 0.45079 0.208892
threshold=12.694999694824221 2.0068565584831628 0.009755511861982093 0.0018426398432722648 16.875000000000004 -0.026973540467474796 0.11365091649526195
decision_type=2 2 2 2 2 2 2
left_child=-1 2 6 -4 5 -5 -2
right_child=1 -3 3 4 -6 -7 -8
leaf_value=7.6869236829698656e-06 -4.0322765991223532e-05 0.00014771556717236046 8.7166340213627126e-05 6.4416194215464106e-05 -0.00013888871965846294 -0.00015501653670130976 7.4127783612099627e-06
leaf_weight=39 444 44 46 39 66 27 40
leaf_count=39 444 44 46 39 66 27 40
internal_value=-0.000771813 -0.001034 -0.00137462 0.000898875 -0.000833335 0.00181818 -0.00221074
internal_weight=745 706 662 178 132 66 484
internal_count=745 706 662 178 132 66 484
is_linear=0
shrinkage=0.05


end of trees

feature_importances:
dvol_z_20=57
dist_ma200=54
spy_ret_20d=52
dist_ma50=39
ret_5d=32
overnight_gap=30
spy_ret_5d=30
vix_level=29
ret_1d=27
atr_pct=24
sector_ret_5d=23
spy_ret_1d=22
ret_20d=18
vix_chg_1d=17
dist_ma20=15
parkinson_20=12
sector_ret_1d=9

parameters:
[boosting: gbdt]
[objective: quantile]
[metric: quantile]
[tree_learner: serial]
[device_type: cpu]
[data_sample_strategy: bagging]
[data: ]
[valid: ]
[num_iterations: 80]
[learning_rate: 0.05]
[num_leaves: 8]
[num_threads: 1]
[seed: 0]
[deterministic: 0]
[force_col_wise: 1]
[force_row_wise: 0]
[histogram_pool_size: -1]
[max_depth: -1]
[min_data_in_leaf: 25]
[min_sum_hessian_in_leaf: 0.001]
[bagging_fraction: 0.9]
[pos_bagging_fraction: 1]
[neg_bagging_fraction: 1]
[bagging_freq: 1]
[bagging_seed: 3]
[bagging_by_query: 0]
[feature_fraction: 0.9]
[feature_fraction_bynode: 1]
[feature_fraction_seed: 2]
[extra_trees: 0]
[extra_seed: 6]
[early_stopping_round: 0]
[early_stopping_min_delta: 0]
[first_metric_only: 0]
[max_delta_step: 0]
[lambda_l1: 0]
[lambda_l2: 0]
[linear_lambda: 0]
[min_gain_to_split: 0]
[drop_rate: 0.1]
[max_drop: 50]
[skip_drop: 0.5]
[xgboost_dart_mode: 0]
[uniform_drop: 0]
[drop_seed: 4]
[top_rate: 0.2]
[other_rate: 0.1]
[min_data_per_group: 100]
[max_cat_threshold: 32]
[cat_l2: 10]
[cat_smooth: 10]
[max_cat_to_onehot: 4]
[top_k: 20]
[monotone_constraints: ]
[monotone_constraints_method: basic]
[monotone_penalty: 0]
[feature_contri: ]
[forcedsplits_filename: ]
[refit_decay_rate: 0.9]
[cegb_tradeoff: 1]
[cegb_penalty_split: 0]
[cegb_penalty_feature_lazy: ]
[cegb_penalty_feature_coupled: ]
[path_smooth: 0]
[interaction_constraints: ]
[verbosity: -1]
[saved_feature_importance_type: 0]
[use_quantized_grad: 0]
[num_grad_quant_bins: 4]
[quant_train_renew_leaf: 0]
[stochastic_rounding: 1]
[linear_tree: 0]
[max_bin: 255]
[max_bin_by_feature: ]
[min_data_in_bin: 3]
[bin_construct_sample_cnt: 200000]
[data_random_seed: 1]
[is_enable_sparse: 1]
[enable_bundle: 1]
[use_missing: 1]
[zero_as_missing: 0]
[feature_pre_filter: 1]
[pre_partition: 0]
[two_round: 0]
[header: 0]
[label_column: ]
[weight_column: ]
[group_column: ]
[ignore_column: ]
[categorical_feature: ]
[forcedbins_filename: ]
[precise_float_parser: 0]
[parser_config_file: ]
[objective_seed: 5]
[num_class: 1]
[is_unbalance: 0]
[scale_pos_weight: 1]
[sigmoid: 1]
[boost_from_average: 1]
[reg_sqrt: 0]
[alpha: 0.9]
[fair_c: 1]
[poisson_max_delta_step: 0.7]
[tweedie_variance_power: 1.5]
[lambdarank_truncation_level: 30]
[lambdarank_norm: 1]
[label_gain: ]
[lambdarank_position_bias_regularization: 0]
[eval_at: ]
[multi_error_top_k: 1]
[auc_mu_weights: ]
[num_machines: 1]
[local_listen_port: 12400]
[time_out: 120]
[machine_list_filename: ]
[machines: ]
[gpu_platform_id: -1]
[gpu_device_id: -1]
[gpu_device_id_list: ]
[gpu_use_dp: 0]
[num_gpu: 1]

end of parameters

pandas_categorical:[]
