tree
version=v4
num_class=1
num_tree_per_iteration=1
label_index=0
max_feature_idx=16
objective=quantile
feature_names=ret_1d ret_5d ret_20d overnight_gap atr_pct parkinson_20 dvol_z_20 dist_ma20 dist_ma50 dist_ma200 spy_ret_1d spy_ret_5d spy_ret_20d vix_level vix_chg_1d sector_ret_1d sector_ret_5d
feature_infos=[-0.17391010251017081:0.16680840596588031] [-0.19010535936526507:0.15778867884703796] [-0.21411574385173837:0.21787257070634758] [-0.11406791814041106:0.15463686792467968] [0.011895245522306501:0.047265810834081212] [0.0074442616326269246:0.025236662843482072] [-1.8765610266337425:4.1364274608319143] [-0.17771338920286961:0.089568170425435856] [-0.1793953851664325:0.12279087093633034] [-0.21825491778746497:0.21286913767467297] [-0.058542971330535654:0.10501930183911301] [-0.11496151859245618:0.082843162776128354] [-0.1226559005192206:0.15756591020035837] [11.859999656677246:52.330001831054688] [-0.35753873962348437:0.74039073966007019] [-0.05484528635308028:0.043465174951121455] [-0.079035639478724384:0.068782341876153064]
tree_sizes=844 852 844 860 862 859 852 856 850 862 860 859

Tree=0
num_leaves=8
num_cat=0
split_feature=6 12 9 10 15 15 9
split_gain=4.14506 2.8744 2.85814 2.05105 3.49971 2.12667 2.00421
threshold=-0.56583356259471029 -0.017790302697979262 0.079138575296024874 -0.0013774767726894008 0.0062422460926049314 -0.0041005063598403826 -0.087325790815511214
decision_type=2 2 10 2 2 2 8
left_child=1 -1 6 5 -5 -3 -2
right_child=2 3 -4 4 -6 -7 -8
leaf_value=0.0095232303719967604 0.0097362306667491787 0.0092066422570496794 0.0094133041799068454 0.0092564363381825391 0.0095983629580587149 0.0096090764738619334 0.0095298673957586282
leaf_weight=53 64 25 79 112 29 33 355
leaf_count=53 64 25 79 112 29 33 355
internal_value=0.00954792 0.00432252 0.0121921 0.00156668 -0.00168896 0.00948125 0.0138369
internal_weight=750 252 498 199 141 58 419
internal_count=750 252 498 199 141 58 419
is_linear=0
shrinkage=1


Tree=1
num_leaves=8
num_cat=0
split_feature=9 13 11 11 8 3 2
split_gain=4.94436 2.9692 2.26266 2.68994 2.92524 1.88032 1.87106
threshold=-0.034651349497586519 17.250000000000004 0.016655619585763119 -0.011940050299307501 0.04737985508111376 0.0071858138666258684 0.054936353415860791
decision_type=8 2 2 2 8 2 2
left_child=1 -1 3 4 -2 -5 -4
right_child=2 -3 6 5 -6 -7 -8
leaf_value=4.6559926122427024e-05 0.00034814340993762023 0.00017349777568597351 8.4609854966402094e-05 -0.00013717181282117964 -0.00016456267680041493 0.00015913261100649839 -9.8963400232605664e-05
leaf_weight=111 49 86 99 299 34 25 31
leaf_count=111 49 86 99 299 34 25 31
internal_value=0.00020436 0.0069797 -0.00228119 -0.00411548 0.00391566 -0.00617284 0.00346154
internal_weight=734 197 537 407 83 324 130
internal_count=734 197 537 407 83 324 130
is_linear=0
shrinkage=0.05


Tree=2
num_leaves=8
num_cat=0
split_feature=11 6 9 4 8 11 13
split_gain=3.72164 3.17902 2.59986 2.57019 2.23308 2.15754 1.98942
threshold=-0.012621089037305853 -0.58571573800497401 0.061049364146603786 0.024756157634866462 0.04737985508111376 0.017370532095548511 13.194999694824221
decision_type=2 2 10 2 8 2 2
left_child=3 -2 5 4 -1 -3 -4
right_child=1 2 6 -5 -6 -7 -8
leaf_value=0.00010040203272365032 -0.00013188427209388467 -3.5328529775142427e-06 -0.00030359042866621164 0.00027194856210553556 -0.00017200137820327658 0.00012507392838597298 -3.7256664945743965e-05
leaf_weight=38 203 250 26 64 28 82 58
leaf_count=38 203 250 26 64 28 82 58
internal_value=-0.00076769 -0.00238288 0.000120192 0.00692308 0 0.00210843 -0.0077381
internal_weight=749 619 416 130 66 332 84
internal_count=749 619 416 130 66 332 84
is_linear=0
shrinkage=0.05


Tree=3
num_leaves=8
num_cat=0
split_feature=9 4 6 12 3 8 12
split_gain=3.92412 2.59856 2.41413 1.96548 1.55843 1.4047 1.36646
threshold=-0.020063865030437441 0.026785006620902444 0.038210610844360011 -0.023938025174318197 -0.00096947888376952551 0.010406677117420939 -0.018266326902635351
decision_type=10 2 2 2 2 8 2
left_child=1 2 -1 -2 -4 -6 -3
right_child=3 6 4 -5 5 -7 -8
leaf_value=-7.3368051520083128e-05 0.00010858665927662515 0.00036218904581110113 0.00020238756351172928 -8.5403869024594306e-05 5.6636579544283499e-05 -8.5332764685153945e-05 0.00018797535249032084
leaf_weight=167 43 31 39 286 37 31 109
leaf_count=167 43 31 39 286 37 31 109
internal_value=0.000504711 0.00374396 0.000912409 -0.00357143 0.0067757 0.00220588 0.00928571
internal_weight=743 414 274 329 107 68 140
internal_count=743 414 274 329 107 68 140
is_linear=0
shrinkage=0.05


Tree=4
num_leaves=8
num_cat=0
split_feature=6 12 4 14 9 15 2
split_gain=4.55814 2.8651 1.9949 2.79913 1.87707 1.86948 1.80376
threshold=-0.65999248684553835 0.0086975784270316731 0.019908066567127142 0.0017102699334086149 -0.03628107702970234 0.0064332701778320187 0.065509898420267235
decision_type=2 2 2 2 8 2 2
left_child=5 4 3 -3 -2 -1 -4
right_child=1 2 6 -5 -6 -7 -8
leaf_value=-0.00012845660170889467 0.00017326096186123319 -0.00019099552987710919 7.9323441909291481e-05 5.4675997834492633e-05 6.9031145454209749e-05 8.9009169493037973e-05 -5.6665847437689047e-05
leaf_weight=171 53 77 194 56 135 33 27
leaf_count=171 53 77 194 56 135 33 27
internal_value=-0.000737265 0.00166052 -0.000988701 -0.00582707 0.00664894 -0.00710784 0.00192308
internal_weight=746 542 354 133 188 204 221
internal_count=746 542 354 133 188 204 221
is_linear=0
shrinkage=0.05


Tree=5
num_leaves=8
num_cat=0
split_feature=6 5 9 15 10 4 4
split_gain=3.38448 2.90184 2.45926 1.99149 2.10112 1.7736 1.26627
threshold=-0.56583356259471029 0.01177856437085612 -0.087325790815511214 0.0062422460926049314 0.0011106724976560625 0.024281328903977807 0.024687195950572421
decision_type=2 2 8 2 2 2 2
left_child=1 -1 -2 4 5 -3 -4
right_child=2 3 6 -5 -6 -7 -8
leaf_value=-0.00023664051420928817 0.00024685198729617334 0.00011765461971686457 -6.6704177030659992e-06 0.00013862722335857697 -0.00013838693456031618 -0.00012427655207915807 0.00010894718103570635
leaf_weight=64 63 37 291 39 57 47 139
leaf_count=64 63 37 291 39 57 47 139
internal_value=-0.000101764 -0.00491803 0.00228195 -0.00166667 -0.00443262 0.000595238 0.000930233
internal_weight=737 244 493 180 141 84 430
internal_count=737 244 493 180 141 84 430
is_linear=0
shrinkage=0.05


Tree=6
num_leaves=8
num_cat=0
split_feature=12 6 9 11 9 6 3
split_gain=2.68745 2.76153 2.48381 2.71543 2.2586 2.39069 2.16
threshold=-0.013091202195066818 -0.90898081757350579 -0.087325790815511214 0.016655619585763119 0.024263610451457199 0.038210610844360011 0.0065697984807444607
decision_type=2 2 10 2 8 2 2
left_child=4 -2 -3 6 -1 -6 -4
right_child=1 2 3 -5 5 -7 -8
leaf_value=0.00015575389790853223 -0.00013146758783230041 0.00011632794133915673 -0.0001128429697438458 6.6999870302204449e-05 -0.00012369829223630026 0.00017405256262694111 0.00018765018037197325
leaf_weight=79 81 151 245 88 44 33 25
leaf_count=79 81 151 245 88 44 33 25
internal_value=-6.70241e-05 -0.00161017 -0.00024558 -0.00251397 0.00576923 -0.000324675 -0.005
internal_weight=746 590 509 358 156 77 270
internal_count=746 590 509 358 156 77 270
is_linear=0
shrinkage=0.05


Tree=7
num_leaves=8
num_cat=0
split_feature=4 11 6 11 15 6 9
split_gain=3.03996 2.25587 1.50195 1.42958 1.69624 1.53798 1.25283
threshold=0.024756157634866462 -0.021243807178240256 0.32070220764104068 0.016655619585763119 0.0020167161926240022 0.27961553039510095 -0.033671573048071383
decision_type=2 2 2 2 2 2 10
left_child=3 -2 -3 5 -5 -1 -4
right_child=1 2 6 4 -6 -7 -8
leaf_value=-0.00011829679235968806 0.00039921320461412132 -4.5400362591372855e-06 0.00020707839222747207 0.00012770665146810329 -6.6207158173119376e-05 3.7401364191082731e-05 -1.8697304937815783e-05
leaf_weight=279 40 167 49 46 47 92 25
leaf_count=279 40 167 49 46 47 92 25
internal_value=-0.000100671 0.00400356 0.00217842 -0.00258621 0.00295699 -0.00397574 0.00810811
internal_weight=745 281 241 464 93 371 74
internal_count=745 281 241 464 93 371 74
is_linear=0
shrinkage=0.05


Tree=8
num_leaves=8
num_cat=0
split_feature=11 6 9 11 8 11 10
split_gain=2.97806 2.19942 1.98554 1.78871 1.66914 1.75152 1.59611
threshold=-0.011940050299307501 -0.58571573800497401 -0.087325790815511214 0.017238129431086383 0.023094146672474895 0.026483501755781628 0.00097851086285993837
decision_type=2 2 8 2 8 2 2
left_child=6 -2 -3 -4 5 -5 -1
right_child=1 2 3 4 -6 -7 -8
leaf_value=0.00026598681763155525 -0.00010128598163866906 0.00021368040181127298 -5.8157140505879635e-05 0.00010923619844044686 -7.4289992129981515e-05 1.0224111264117795e-05 -2.2853504303516548e-05
leaf_weight=100 209 44 272 27 43 33 36
leaf_count=100 209 44 272 27 43 33 36
internal_value=-0.000458115 -0.00191083 0.000178998 -0.001 0.00461165 0.01 0.00625
internal_weight=764 628 419 375 103 60 136
internal_count=764 628 419 375 103 60 136
is_linear=0
shrinkage=0.05


Tree=9
num_leaves=8
num_cat=0
split_feature=4 3 6 15 15 6 7
split_gain=2.66734 1.85493 2.30339 2.12457 1.80541 1.63953 2.07157
threshold=0.020000836415789296 -0.0027660123551438427 -0.60038745582616571 0.0029314890930188802 0.0069739232141363692 1.0000000180025095e-35 0.048165434682783233
decision_type=2 2 2 2 2 2 2
left_child=1 -1 -3 -4 -5 -2 -7
right_child=5 2 3 4 -6 6 -8
leaf_value=6.2659463714948016e-05 -7.9131757029067548e-06 -0.00020818720131171359 -0.00015620758543301115 0.00010015935843716798 -7.5321033298175313e-05 0.0001691690284344778 -6.6365480808264343e-05
leaf_weight=56 299 50 85 31 26 171 26
leaf_count=56 299 50 85 31 26 171 26
internal_value=-0.000201613 -0.00443548 -0.00677083 -0.00352113 0.00394737 0.00191532 0.00545685
internal_weight=744 248 192 142 57 496 197
internal_count=744 248 192 142 57 496 197
is_linear=0
shrinkage=0.05


Tree=10
num_leaves=8
num_cat=0
split_feature=4 14 3 3 14 12 9
split_gain=2.77362 1.96245 2.70916 2.36322 1.91163 1.86381 1.62037
threshold=0.019702337307326224 -1.0000000180025095e-35 0.0018509090449997381 -0.0034658887713866489 -0.037778052319122728 -0.013091202195066818 0.10451170651816312
decision_type=2 2 2 2 2 2 8
left_child=1 4 3 -3 6 -2 -1
right_child=5 2 -4 -5 -6 -7 -8
leaf_value=-7.473614353782637e-05 0.00013502646186890109 7.9710050005574491e-05 0.00018711583944076493 -0.00015011334780070493 -0.00018123512854330325 1.004302747841055e-06 3.7984497348314463e-05
leaf_weight=36 97 28 27 50 65 419 27
leaf_count=36 97 28 27 50 65 419 27
internal_value=-0.000300401 -0.00482833 0.000238095 -0.00448718 -0.00898438 0.00174419 -0.00277778
internal_weight=749 233 105 78 128 516 63
internal_count=749 233 105 78 128 516 63
is_linear=0
shrinkage=0.05


Tree=11
num_leaves=8
num_cat=0
split_feature=4 6 10 15 0 4 6
split_gain=3.07685 2.08114 2.11908 1.90853 1.94849 1.78045 1.50864
threshold=0.026785006620902444 -0.57602290257622257 -0.0014527022796280706 0.013086356024938241 -0.011556603319397783 0.018958778073137676 0.29025337202291968
decision_type=2 2 2 2 2 2 2
left_child=1 2 -1 4 -3 -4 -2
right_child=6 3 5 -5 -6 -7 -8
leaf_value=3.8747372459803282e-05 3.1091345047109914e-05 -0.00012780881738974964 -0.00020274108893516976 -7.1916672386785227e-05 2.9150526859349216e-05 -8.3310373476356951e-05 0.00033987459081754473
leaf_weight=47 142 67 43 25 277 79 67
leaf_count=47 142 67 43 25 277 79 67
internal_value=0.00023427 -0.0017658 -0.00636095 0.000338753 0.00130814 -0.00983607 0.00538278
internal_weight=747 538 169 369 344 122 209
internal_count=747 538 169 369 344 122 209
is_linear=0
shrinkage=0.05


end of trees

feature_importances:
dvol_z_20=14
dist_ma200=12
atr_pct=10
spy_ret_5d=10
sector_ret_1d=8
overnight_gap=6
spy_ret_20d=6
dist_ma50=4
spy_ret_1d=4
vix_chg_1d=3
ret_20d=2
vix_level=2
ret_1d=1
parkinson_20=1
dist_ma20=1

parameters:
[boosting: gbdt]
[objective: quantile]
[metric: quantile]
[tree_learner: serial]
[device_type: cpu]
[data_sample_strategy: bagging]
[data: ]
[valid: ]
[num_iterations: 80]
[learning_rate: 0.05]
[num_leaves: 8]
[num_threads: 1]
[seed: 0]
[deterministic: 0]
[force_col_wise: 1]
[force_row_wise: 0]
[histogram_pool_size: -1]
[max_depth: -1]
[min_data_in_leaf: 25]
[min_sum_hessian_in_leaf: 0.001]
[bagging_fraction: 0.9]
[pos_bagging_fraction: 1]
[neg_bagging_fraction: 1]
[bagging_freq: 1]
[bagging_seed: 3]
[bagging_by_query: 0]
[feature_fraction: 0.9]
[feature_fraction_bynode: 1]
[feature_fraction_seed: 2]
[extra_trees: 0]
[extra_seed: 6]
[early_stopping_round: 0]
[early_stopping_min_delta: 0]
[first_metric_only: 0]
[max_delta_step: 0]
[lambda_l1: 0]
[lambda_l2: 0]
[linear_lambda: 0]
[min_gain_to_split: 0]
[drop_rate: 0.1]
[max_drop: 50]
[skip_drop: 0.5]
[xgboost_dart_mode: 0]
[uniform_drop: 0]
[drop_seed: 4]
[top_rate: 0.2]
[other_rate: 0.1]
[min_data_per_group: 100]
[max_cat_threshold: 32]
[cat_l2: 10]
[cat_smooth: 10]
[max_cat_to_onehot: 4]
[top_k: 20]
[monotone_constraints: ]
[monotone_constraints_method: basic]
[monotone_penalty: 0]
[feature_contri: ]
[forcedsplits_filename: ]
[refit_decay_rate: 0.9]
[cegb_tradeoff: 1]
[cegb_penalty_split: 0]
[cegb_penalty_feature_lazy: ]
[cegb_penalty_feature_coupled: ]
[path_smooth: 0]
[interaction_constraints: ]
[verbosity: -1]
[saved_feature_importance_type: 0]
[use_quantized_grad: 0]
[num_grad_quant_bins: 4]
[quant_train_renew_leaf: 0]
[stochastic_rounding: 1]
[linear_tree: 0]
[max_bin: 255]
[max_bin_by_feature: ]
[min_data_in_bin: 3]
[bin_construct_sample_cnt: 200000]
[data_random_seed: 1]
[is_enable_sparse: 1]
[enable_bundle: 1]
[use_missing: 1]
[zero_as_missing: 0]
[feature_pre_filter: 1]
[pre_partition: 0]
[two_round: 0]
[header: 0]
[label_column: ]
[weight_column: ]
[group_column: ]
[ignore_column: ]
[categorical_feature: ]
[forcedbins_filename: ]
[precise_float_parser: 0]
[parser_config_file: ]
[objective_seed: 5]
[num_class: 1]
[is_unbalance: 0]
[scale_pos_weight: 1]
[sigmoid: 1]
[boost_from_average: 1]
[reg_sqrt: 0]
[alpha: 0.5]
[fair_c: 1]
[poisson_max_delta_step: 0.7]
[tweedie_variance_power: 1.5]
[lambdarank_truncation_level: 30]
[lambdarank_norm: 1]
[label_gain: ]
[lambdarank_position_bias_regularization: 0]
[eval_at: ]
[multi_error_top_k: 1]
[auc_mu_weights: ]
[num_machines: 1]
[local_listen_port: 12400]
[time_out: 120]
[machine_list_filename: ]
[machines: ]
[gpu_platform_id: -1]
[gpu_device_id: -1]
[gpu_device_id_list: ]
[gpu_use_dp: 0]
[num_gpu: 1]

end of parameters

pandas_categorical:[]
