tree
version=v4
num_class=1
num_tree_per_iteration=1
label_index=0
max_feature_idx=16
objective=quantile
feature_names=ret_1d ret_5d ret_20d overnight_gap atr_pct parkinson_20 dvol_z_20 dist_ma20 dist_ma50 dist_ma200 spy_ret_1d spy_ret_5d spy_ret_20d vix_level vix_chg_1d sector_ret_1d sector_ret_5d
feature_infos=[-0.13339846646754694:0.19432107783060837] [-0.17967307151724521:0.26503811414230483] [-0.20888362431907725:0.44208957795004311] [-0.093342125447094193:0.10156150923766627] [0.015471369525386726:0.080226125476789742] [0.0093702804395655141:0.040009925588885581] [-2.8057380976486308:4.14772898564663] [-0.16305547122960462:0.31777883610280755] [-0.20065217031119231:0.35272582331990088] [-0.25166099722976698:0.56301914365338068] [-0.058542971330535654:0.10501930183911301] [-0.11496151859245618:0.082843162776128354] [-0.1226559005192206:0.15756591020035837] [11.859999656677246:52.330001831054688] [-0.35753873962348437:0.74039073966007019] [-0.068247998544687438:0.13425697132599002] [-0.13587196028298487:0.11773217696052685]
tree_sizes=856 860 851 861 859 863 862 864 863 861 858 860 847 856 868 856 853 846 840 846 866 851 869 844 826 849 856 855 861 859 861 850 856 857 864 863 853 861 861 851 855 854 861 859 854 849 842 845 864 842 859 863 863 855 844 857 865 857 858 863 860 858 861 859 856 865 856 862 868 859 849 847

Tree=0
num_leaves=8
num_cat=0
split_feature=5 9 1 7 15 4 14
split_gain=2.59176 1.88377 2.05417 1.59207 1.53442 2.55506 2.84079
threshold=0.017130243088042858 0.18528340507222532 -0.025679871919446425 -0.041887849880570587 -0.0018539125831273926 0.023313159425810515 -0.067583665573298909
decision_type=2 8 2 2 2 2 2
left_child=1 4 -3 -2 -1 -6 -7
right_child=3 2 -4 -5 5 6 -8
leaf_value=-0.0093085213098675016 -0.0094102320726960897 -0.0093027521856129166 -0.009571662149392068 -0.0097291431156918406 -0.009355874115135521 -0.0092381793656386435 -0.0095898524392396215
leaf_weight=147 45 33 146 98 136 32 109
leaf_count=147 45 33 146 98 136 32 109
internal_value=-0.00951943 -0.00808425 -0.0123854 -0.0155713 -0.00626844 -0.00845963 -0.0131758
internal_weight=746 603 179 143 424 277 141
internal_count=746 603 179 143 424 277 141
is_linear=0
shrinkage=1


Tree=1
num_leaves=8
num_cat=0
split_feature=5 9 0 16 7 8 16
split_gain=2.50102 1.81925 1.86419 1.8287 1.35612 1.21121 1.76215
threshold=0.017130243088042858 -0.034933499100492808 -0.019630467956461558 -0.013642674793240937 -0.041887849880570587 0.076803151462830579 0.0068530185086489457
decision_type=2 8 2 2 2 10 2
left_child=1 3 -3 -1 -2 6 -4
right_child=4 2 5 -5 -6 -7 -8
leaf_value=-0.00011091881198808549 3.262896789237857e-05 0.00023158954689279202 2.2891504340805116e-05 0.00021768358245026324 -0.00029526176513172686 0.00010396678233519199 -0.00011484811577247454
leaf_weight=25 46 39 204 59 93 89 178
leaf_count=25 46 39 204 59 93 89 178
internal_value=0.000102319 0.00151515 0.000392157 0.00833333 -0.00593525 -0.000477707 -0.00170157
internal_weight=733 594 510 84 139 471 382
internal_count=733 594 510 84 139 471 382
is_linear=0
shrinkage=0.05


Tree=2
num_leaves=8
num_cat=0
split_feature=13 9 0 9 5 9 0
split_gain=2.16703 2.91276 2.49523 1.74205 1.47838 1.46592 2.19678
threshold=17.994999885559086 0.10948299407843366 -0.016332721119595824 -0.034933499100492808 0.01057662640550793 0.0228948652645431 0.0082485017211625395
decision_type=2 10 2 8 2 8 2
left_child=2 -2 -1 -4 -5 6 -6
right_child=1 -3 3 4 5 -7 -8
leaf_value=0.00024083278069156222 -5.6087513949023598e-05 -0.00046202518133213748 0.00010738524064072409 0.00023492194755817759 -0.00017622023972944592 2.4679993446625289e-05 6.6044278646586443e-05
leaf_weight=55 214 39 64 28 62 248 35
leaf_count=55 214 39 64 28 62 248 35
internal_value=0.000302013 -0.0034585 0.00223577 0.00097254 -0.000335121 -0.00123188 -0.0064433
internal_weight=745 253 492 437 373 345 97
internal_count=745 253 492 437 373 345 97
is_linear=0
shrinkage=0.05


Tree=3
num_leaves=8
num_cat=0
split_feature=13 11 9 10 13 10 4
split_gain=2.75113 2.21944 1.40427 2.6907 1.75838 1.87649 1.86595
threshold=13.554999828338625 0.016536743017330883 0.10948299407843366 0.0094914683342374202 14.765000343322756 0.0083806190799177189 0.026058983107248919
decision_type=2 2 8 2 2 2 2
left_child=1 -1 4 -4 -2 6 -6
right_child=2 -3 3 -5 5 -7 -8
leaf_value=0.00019551751187391349 -8.1767213076454963e-05 -6.9788302218876203e-05 -6.3585701016927526e-05 -0.00032007420552163243 7.1690925547773093e-05 0.00026772625925113974 -0.00010503385480515135
leaf_weight=76 62 31 205 40 114 47 162
leaf_count=76 62 31 205 40 114 47 162
internal_value=-0.000169607 0.00724299 -0.00142857 -0.00438776 0.000454545 0.00193498 0.000362319
internal_weight=737 107 630 245 385 323 276
internal_count=737 107 630 245 385 323 276
is_linear=0
shrinkage=0.05


Tree=4
num_leaves=8
num_cat=0
split_feature=5 0 9 7 16 7 5
split_gain=2.87182 2.08835 2.12916 1.55776 1.42662 1.37474 1.58423
threshold=0.017130243088042858 -0.019630467956461558 -0.034933499100492808 -0.041887849880570587 -0.0037883205537940774 0.041368380021490465 0.01057662640550793
decision_type=2 2 8 2 2 2 2
left_child=1 -1 4 -2 -3 6 -4
right_child=3 2 5 -5 -6 -7 -8
leaf_value=0.00018940542311740507 3.5601915735442153e-05 -1.3129928507232739e-05 0.00022372785096506052 -0.00018675799790669772 0.00023411763270143643 0.00014173105919663612 -5.8667765165027963e-05
leaf_weight=55 40 26 27 101 44 105 345
leaf_count=55 40 26 27 101 44 105 345
internal_value=0.000572005 0.00207641 0.0011426 -0.00585106 0.00928571 -5.24109e-05 -0.00147849
internal_weight=743 602 547 141 70 477 372
internal_count=743 602 547 141 70 477 372
is_linear=0
shrinkage=0.05


Tree=5
num_leaves=8
num_cat=0
split_feature=15 10 9 5 10 4 1
split_gain=2.60001 1.96825 2.48908 2.27878 1.94207 1.61456 1.48325
threshold=-0.0011390527484494981 -0.00064230450767233094 0.18528340507222532 0.013827941828445956 0.0094914683342374202 0.022869808263443977 -0.028444977163087522
decision_type=2 2 8 2 2 2 2
left_child=-1 -2 3 -3 5 -4 -5
right_child=1 2 4 6 -6 -7 -8
leaf_value=9.7806654513353134e-05 -0.00026016036258525306 0.000138823411387504 4.6280172093019282e-05 -0.00027354496642751746 -0.00028226749158271648 -0.00036299702484216228 5.7362804051936186e-06
leaf_weight=270 58 136 49 36 29 28 126
leaf_count=270 58 136 49 36 29 28 126
internal_value=0.000546448 -0.0017316 -0.00049505 0.00184564 -0.00707547 -0.00292208 -0.00216049
internal_weight=732 462 404 298 106 77 162
internal_count=732 462 404 298 106 77 162
is_linear=0
shrinkage=0.05


Tree=6
num_leaves=8
num_cat=0
split_feature=15 15 0 4 15 15 13
split_gain=2.27744 2.23317 2.4633 2.17954 2.19213 1.88136 1.85613
threshold=-0.0011390527484494981 -0.0050847051933984302 -0.0079526900141895212 0.02456620539916814 0.0079064743279586586 0.012393022832628444 17.994999885559086
decision_type=2 2 2 2 2 2 2
left_child=1 2 6 -2 -5 -6 -1
right_child=3 -3 -4 4 5 -7 -8
leaf_value=0.00023831042298763958 9.2425347768513358e-06 0.00014206533959307003 -0.00018231043073703055 -0.00024453514162653449 0.00017104297406362497 -0.00016972274516427268 -1.2801926750231462e-05
leaf_weight=62 270 72 75 94 27 78 66
leaf_count=62 270 72 75 94 27 78 66
internal_value=-6.72043e-05 0.00354545 0.000862069 -0.0021855 -0.00615578 -0.00119048 0.00507813
internal_weight=744 275 203 469 199 105 128
internal_count=744 275 203 469 199 105 128
is_linear=0
shrinkage=0.05


Tree=7
num_leaves=8
num_cat=0
split_feature=5 11 0 14 1 15 3
split_gain=1.77546 2.16084 1.99308 1.88663 1.61811 1.73821 1.72269
threshold=0.01552207944799611 0.016901262896916184 -0.019630467956461558 -0.022227674526148929 0.021374283934953556 -0.00094955178852162969 -0.002104173947413523
decision_type=2 2 2 2 2 2 2
left_child=1 2 -1 -4 5 6 -5
right_child=-2 -3 3 4 -6 -7 -8
leaf_value=0.00029923442406294698 -0.00011908766621977052 -0.00012048214845459876 0.00013827747077952351 -8.9155342504585724e-05 0.00018439474856868905 -0.00015744235789961222 0.00011829459108090207
leaf_weight=37 226 96 130 48 49 94 60
leaf_count=37 226 96 130 48 49 94 60
internal_value=-6.75676e-05 0.00155642 0.00311005 0.00203412 -0.000498008 -0.00247525 0.00185185
internal_weight=740 514 418 381 251 202 108
internal_count=740 514 418 381 251 202 108
is_linear=0
shrinkage=0.05


Tree=8
num_leaves=8
num_cat=0
split_feature=15 13 9 3 14 9 15
split_gain=2.33389 1.90099 2.05954 1.41247 1.60743 1.42502 2.20937
threshold=-0.0011390527484494981 13.554999828338625 -0.0080033107444957823 -0.0057640270562708809 -0.013693091090924312 0.050717488419371744 0.013751624512429618
decision_type=2 2 10 2 2 8 2
left_child=-1 2 -2 4 -3 -5 -7
right_child=1 3 -4 5 -6 6 -8
leaf_value=9.2316976898115544e-05 0.00029637693819355995 0.0001610095068938018 8.3821355225841779e-06 -2.2314848276036494e-05 -4.4006684940773802e-05 -0.00011645250077384726 -0.00029161813911601249
leaf_weight=287 25 28 62 155 33 119 52
leaf_count=287 25 28 62 155 33 119 52
internal_value=0.000361367 -0.00179325 0.00488506 -0.00329457 0.00368852 -0.00460123 -0.00774854
internal_weight=761 474 87 387 61 326 171
internal_count=761 474 87 387 61 326 171
is_linear=0
shrinkage=0.05


Tree=9
num_leaves=8
num_cat=0
split_feature=13 15 4 4 10 10 5
split_gain=1.83033 2.46314 2.12597 2.83663 1.61287 1.23263 1.90588
threshold=17.994999885559086 -0.0011390527484494981 0.021077984586052805 0.018773838358854385 -0.00032910351187348525 -0.0049765791871394507 0.01584462284144449
decision_type=2 2 2 2 2 2 2
left_child=1 2 3 -1 -3 6 -2
right_child=5 4 -4 -5 -6 -7 -8
leaf_value=0.00014783928216356268 0.00018977098024598157 -0.00024217660109582324 0.0001772874132592011 -0.00030877031666012942 2.3341178294479213e-05 -0.00016041619461986575 -0.00015633147748720906
leaf_weight=30 40 39 100 35 286 163 45
leaf_count=30 40 39 100 35 286 163 45
internal_value=0.000677507 0.00244898 0.00742424 0.000384615 -7.69231e-05 -0.00282258 0.00205882
internal_weight=738 490 165 65 325 248 85
internal_count=738 490 165 65 325 248 85
is_linear=0
shrinkage=0.05


Tree=10
num_leaves=8
num_cat=0
split_feature=1 7 2 9 1 16 16
split_gain=1.31108 2.59201 1.60037 1.68828 1.69299 1.75225 2.98839
threshold=-0.045507555814053906 -0.042329031775421459 -0.069855127928639446 0.19078982543586834 -0.023632646156150124 0.041754111928017819 0.02781390015284391
decision_type=2 2 2 8 2 2 2
left_child=-1 -2 -3 -4 -5 6 -6
right_child=1 2 3 4 5 -7 -8
leaf_value=-0.00013751549410476998 0.00016446428761139695 -0.00018817342303756009 7.0302992680975051e-05 0.0001198060857393584 -0.00011675638492584331 0.00013601361062493371 -0.00030902333578404647
leaf_weight=66 69 53 387 25 94 25 29
leaf_count=66 69 53 387 25 94 25 29
internal_value=0.000668449 0.00131965 0.000285481 0.00107143 -0.00303468 -0.00506757 -0.00752033
internal_weight=748 682 613 560 173 148 123
internal_count=748 682 613 560 173 148 123
is_linear=0
shrinkage=0.05


Tree=11
num_leaves=8
num_cat=0
split_feature=9 2 15 10 16 0 7
split_gain=1.76489 1.46527 1.53202 2.35067 1.90901 1.79019 1.61792
threshold=0.18712580577826834 0.11773847911257797 0.0038745792275354245 0.0076450481048171435 0.0099528850879498938 0.0073097775660603279 0.0004148480198715721
decision_type=10 2 2 2 2 2 2
left_child=1 2 -1 4 -4 6 -6
right_child=-2 -3 3 -5 5 -7 -8
leaf_value=4.4019880961212664e-05 -0.00024970945564281084 0.00013996163783262813 -0.00023358292067508085 3.7304209635605906e-05 -0.00017954007771117726 -0.00022584659095611741 0.00028140806515158039
leaf_weight=384 41 57 65 117 25 29 28
leaf_count=384 41 57 65 117 25 29 28
internal_value=0.000938338 0.00152482 0.000848765 -0.00208333 -0.00629252 -0.00121951 0.00424528
internal_weight=746 705 648 264 147 82 53
internal_count=746 705 648 264 147 82 53
is_linear=0
shrinkage=0.05


Tree=12
num_leaves=8
num_cat=0
split_feature=8 11 9 6 13 16 12
split_gain=1.88957 1.68938 2.12083 1.80951 2.42917 1.64167 1.98413
threshold=0.29771129741550667 0.019556764027941379 0.13846717748923201 -0.51767060081865912 15.654999732971193 0.027203630635681878 0.026411578582636323
decision_type=8 2 8 2 2 2 2
left_child=1 5 3 -3 -5 -1 -7
right_child=-2 2 -4 4 -6 6 -8
leaf_value=1.9684762614278998e-05 -0.00023657088275138408 -0.00032630943410707033 -0.00023722398286067032 -8.2211561049096507e-05 0.00020798046438729985 1.5665853236645264e-05 0.00033653055816958583
leaf_weight=512 35 27 37 27 25 28 35
leaf_count=512 35 27 37 27 25 28 35
internal_value=0.000619835 0.00119392 -0.00431034 0.000316456 0.00576923 0.00230435 0.00992063
internal_weight=726 691 116 79 52 575 63
internal_count=726 691 116 79 52 575 63
is_linear=0
shrinkage=0.05


Tree=13
num_leaves=8
num_cat=0
split_feature=15 5 8 14 15 6 5
split_gain=2.47933 1.89504 1.32627 1.32312 2.05382 1.50769 1.26562
threshold=0.0022997475603522281 0.017271424305533887 0.076803151462830579 -0.071225645536492452 0.015375623755145342 0.68650591596066812 0.014213285876139603
decision_type=2 2 10 2 2 2 2
left_child=1 -1 3 4 -2 -5 -4
right_child=2 -3 6 5 -6 -7 -8
leaf_value=7.4473414307955649e-05 0.00014065040565034936 -0.00020781201598670752 0.00019316735053452833 -0.00014150285345648843 -0.00023816573107076868 7.3046809415421452e-05 -5.137561515056377e-05
leaf_weight=318 28 62 32 195 36 39 32
leaf_count=318 28 62 32 195 36 39 32
internal_value=0.000336927 0.00315789 -0.00262431 -0.00402685 0.00234375 -0.00576923 0.00390625
internal_weight=742 380 362 298 64 234 64
internal_count=742 380 362 298 64 234 64
is_linear=0
shrinkage=0.05


Tree=14
num_leaves=8
num_cat=0
split_feature=5 15 12 14 15 0 4
split_gain=2.51057 1.56951 1.97022 1.68588 1.40117 1.54239 1.34848
threshold=0.016563331836396539 -0.0011390527484494981 0.059758748559170745 -0.021011062487688355 -0.0050847051933984302 -0.019630467956461558 0.023852147359545741
decision_type=2 2 2 2 2 2 2
left_child=1 4 3 -3 5 -1 -7
right_child=-2 2 -4 -5 -6 6 -8
leaf_value=0.00028192789788271882 -0.00014092673593548056 7.3290695945789006e-05 0.00014016632325165916 -5.5909211173872046e-05 0.00010697533180526174 -8.0150737784977612e-05 0.0001714541633283268
leaf_weight=40 150 166 26 163 70 74 35
leaf_count=40 150 166 26 163 70 74 35
internal_value=0.000759669 0.00226481 0.000211268 -0.000835866 0.00559361 0.00285235 -0.000229358
internal_weight=724 574 355 329 219 149 109
internal_count=724 574 355 329 219 149 109
is_linear=0
shrinkage=0.05


Tree=15
num_leaves=8
num_cat=0
split_feature=3 15 9 15 1 13 16
split_gain=1.43444 1.85782 1.8 1.76313 1.60958 1.68534 1.5844
threshold=0.022028112024181427 -0.0011390527484494981 -0.052315370210022631 -0.0091603441292236725 -0.0068559051085632086 18.719999313354496 -0.026391808934725033
decision_type=2 2 10 2 2 2 2
left_child=1 2 4 -4 5 -1 -3
right_child=-2 6 3 -5 -6 -7 -8
leaf_value=0.00017730549235254285 0.0001860188362490028 -0.00035844426114952125 5.8605504049210043e-05 0.00015114681091270575 -0.00026678154619278556 -0.00010518026348181162 -3.839496685947115e-06
leaf_weight=36 25 31 84 78 38 34 406
leaf_count=36 25 31 84 78 38 34 406
internal_value=0.00122951 0.000813296 0.00407407 0.00740741 -0.000925926 0.00357143 -0.00120137
internal_weight=732 707 270 162 108 70 437
internal_count=732 707 270 162 108 70 437
is_linear=0
shrinkage=0.05


Tree=16
num_leaves=8
num_cat=0
split_feature=13 0 1 3 2 14 15
split_gain=1.60305 2.42457 1.93739 1.64602 1.78321 1.59617 2.51135
threshold=17.994999885559086 -0.016332721119595824 0.015130654490980168 0.0025701312573986894 -0.020441917718719834 -0.03533310709284803 0.017085442459090053
decision_type=2 2 2 2 2 2 2
left_child=1 -1 3 -2 -5 6 -3
right_child=2 5 -4 4 -6 -7 -8
leaf_value=0.00018965664004524636 6.9805222232121553e-05 0.00014762362104450358 -0.00024230805565015804 5.9902680835909923e-06 -0.0002579669003627551 -2.4170251575631431e-06 -0.00013533029743465383
leaf_weight=53 121 88 75 34 27 316 37
leaf_count=53 121 88 75 34 27 316 37
internal_value=0.000965379 0.00263158 -0.00223735 0.000549451 -0.00614754 0.00141723 0.0062
internal_weight=751 494 257 182 61 441 125
internal_count=751 494 257 182 61 441 125
is_linear=0
shrinkage=0.05


Tree=17
num_leaves=8
num_cat=0
split_feature=3 15 8 1 1 15 11
split_gain=1.81876 2.13534 1.60403 1.32702 2.66549 1.97885 1.46739
threshold=0.022028112024181427 0.014235041540094586 -0.051468156668147629 -0.045507555814053906 -0.034745094194495334 -0.0054576038208281599 0.0035059532242039952
decision_type=2 2 8 2 2 2 2
left_child=1 3 -3 5 -5 -1 -6
right_child=-2 2 -4 4 6 -7 -8
leaf_value=0.00024706685216434999 0.00018999704145222191 0.00011543821979637034 -0.00023172719633562258 0.00017599096653921704 -4.9564160317046004e-05 -0.00024367292964137208 6.4694825378384686e-05
leaf_weight=26 26 26 73 44 224 30 295
leaf_count=26 26 26 73 44 224 30 295
internal_value=0.00047043 0 -0.00681818 0.00109047 0.0018206 -0.00625 0.000818882
internal_weight=744 718 99 619 563 56 519
internal_count=744 718 99 619 563 56 519
is_linear=0
shrinkage=0.05


Tree=18
num_leaves=8
num_cat=0
split_feature=13 15 9 9 6 0 15
split_gain=1.6084 1.71671 1.66284 1.7769 1.69287 1.63786 2.66073
threshold=17.994999885559086 -0.0011390527484494981 0.10948299407843366 -0.051669700176963089 -0.11841221584342078 -0.0081861420138923374 -0.0038955620054010871
decision_type=2 2 8 10 2 2 2
left_child=1 5 3 -2 -5 -1 -7
right_child=2 -3 -4 4 -6 6 -8
leaf_value=0.00019754361808213829 -0.00015384615925778449 -1.7774975456970321e-06 -0.00021213144822607817 -5.4836006504930575e-05 0.00021505556058571884 -0.00015120217864534924 0.00010255357755976106
leaf_weight=77 69 323 93 52 47 54 35
leaf_count=77 69 323 93 52 47 54 35
internal_value=0.0002 0.00189162 -0.00296935 0 0.00429293 0.0060241 0.00140449
internal_weight=750 489 261 168 99 166 89
internal_count=750 489 261 168 99 166 89
is_linear=0
shrinkage=0.05


Tree=19
num_leaves=8
num_cat=0
split_feature=15 4 15 15 9 10 11
split_gain=1.83033 1.75682 2.31 2.24583 1.44284 1.40853 1.39402
threshold=-0.0011390527484494981 0.024236639528088376 0.0079064743279586586 0.012170227073911468 -0.10104784131581084 0.0033239655967035602 -0.0083605121660306741
decision_type=2 2 2 2 8 2 2
left_child=4 6 5 -4 -1 -3 -2
right_child=1 2 3 -5 -6 -7 -8
leaf_value=-0.00012272888328386118 0.00011879274421529468 -9.0580418979654102e-05 0.00015697117077480201 -8.8601988393313945e-05 7.7503566730219604e-05 -0.00042384416811042217 -1.4903944493225523e-06
leaf_weight=26 32 63 30 80 251 37 222
leaf_count=26 32 63 30 80 251 37 222
internal_value=0.000303644 -0.00161638 -0.005 0 0.00351986 -0.0105 0.0011811
internal_weight=741 464 210 110 277 100 254
internal_count=741 464 210 110 277 100 254
is_linear=0
shrinkage=0.05


Tree=20
num_leaves=8
num_cat=0
split_feature=3 15 13 9 3 15 11
split_gain=1.43727 1.71616 1.87134 1.56199 1.44153 2.27906 2.01605
threshold=0.012892505508149689 -1.0000000180025095e-35 16.375000000000004 -0.013379766952663017 -0.0012054295679576053 0.011752675564564165 0.016138382759851803
decision_type=2 2 2 8 2 2 2
left_child=1 2 -1 -3 -5 6 -6
right_child=-2 3 -4 4 5 -7 -8
leaf_value=0.00011262348327770096 8.4777556757903186e-05 3.029948274721351e-05 -1.1922454619166116e-05 6.7893512427585033e-06 1.1903854099051078e-05 -0.00026217674686413616 -0.00018027751907957244
leaf_weight=117 62 115 172 97 86 59 31
leaf_count=117 62 115 172 97 86 59 31
internal_value=0.000778078 0.000110783 0.00302768 -0.00206186 -0.00412088 -0.00681818 -0.00277778
internal_weight=739 677 289 388 273 176 117
internal_count=739 677 289 388 273 176 117
is_linear=0
shrinkage=0.05


Tree=21
num_leaves=8
num_cat=0
split_feature=13 0 7 7 14 15 11
split_gain=1.86649 1.95245 1.80144 1.79388 1.6788 2.31226 1.80674
threshold=17.994999885559086 -0.016332721119595824 0.041368380021490465 0.057998447058136622 -0.03533310709284803 0.017085442459090053 0.011742947758078383
decision_type=2 2 2 2 2 2 2
left_child=1 -1 4 -4 5 6 -3
right_child=-2 2 3 -5 -6 -7 -8
leaf_value=0.00013320825888243684 -9.8775018843341765e-05 0.00026254404110811677 0.00024385141803602231 2.9483349417378392e-05 -3.7363806434170033e-05 -0.00020404243315647812 -1.821581378613317e-05
leaf_weight=54 256 38 40 71 231 30 26
leaf_count=54 256 38 40 71 231 30 26
internal_value=0.000335121 0.00214286 0.00103211 0.00653153 -0.000846154 0.00478723 0.0101563
internal_weight=746 490 436 111 325 94 64
internal_count=746 490 436 111 325 94 64
is_linear=0
shrinkage=0.05


Tree=22
num_leaves=8
num_cat=0
split_feature=15 9 1 14 4 11 13
split_gain=2.09816 1.57098 1.66137 1.42772 2.05427 2.41901 1.93136
threshold=-0.0011390527484494981 0.18611135744522214 -0.043506449082982672 -0.086337752297859935 0.024056562737152388 -0.0047149308765757616 15.355000019073488
decision_type=2 10 2 2 2 2 2
left_child=-1 2 -2 -4 -5 -6 -7
right_child=1 -3 3 4 5 6 -8
leaf_value=6.8429397446510319e-05 -0.00024708320346386565 -0.00024632408018938917 0.00011226633633140085 2.9560202298569523e-05 -0.00037059677883568534 -0.00022813399158382486 3.5324964213579066e-05
leaf_weight=284 33 34 41 212 26 27 83
leaf_count=284 33 34 41 212 26 27 83
internal_value=0.000675676 -0.00142544 -0.000592417 0.000321337 -0.000718391 -0.00551471 -0.00227273
internal_weight=740 456 422 389 348 136 110
internal_count=740 456 422 389 348 136 110
is_linear=0
shrinkage=0.05


Tree=23
num_leaves=8
num_cat=0
split_feature=5 16 6 2 2 7 14
split_gain=1.68229 1.33776 1.26263 1.24318 1.25874 0.961328 0.905259
threshold=0.017244261099966077 -0.0056680370522956261 -0.38649045906527546 -0.10458253249264825 0.11983858384163594 -0.03948838963701911 -0.077913276979976895
decision_type=2 2 2 2 2 2 2
left_child=3 5 -3 -1 6 -2 -5
right_child=1 2 -4 4 -6 -7 -8
leaf_value=0.0001686631570071515 -0.00013472438683502776 -0.00013870411011244135 8.6581416418907416e-05 9.6017803556041313e-05 0.00013542588037158111 -0.00030443780867280175 3.1062729674426455e-06
leaf_weight=25 25 36 44 34 48 29 506
leaf_count=25 25 36 44 34 48 29 506
internal_value=0.000970549 -0.00410448 0 0.00207993 0.00161565 -0.0101852 0.000925926
internal_weight=747 134 80 613 588 54 540
internal_count=747 134 80 613 588 54 540
is_linear=0
shrinkage=0.05


Tree=24
num_leaves=8
num_cat=0
split_feature=3 15 1 10 13 5 4
split_gain=1.76274 1.72284 2.38786 1.73373 1.48717 1.66382 2.12667
threshold=0.022028112024181427 0.011752675564564165 0.01456975911193348 0.0077632939110665608 14.00500011444092 0.011917671515177726 0.017346174024526557
decision_type=2 2 2 2 2 2 2
left_child=1 4 3 -3 5 6 -1
right_child=-2 2 -4 -5 -6 -7 -8
leaf_value=0.00024830163603664282 0.00016170945720844025 -0.00022882519390580872 -0.0002188323993082145 0.000179251052520585 1.1000227674104122e-06 0.00010905595373687395 -0.0001128420412271347
leaf_weight=25 26 25 62 43 463 67 33
leaf_count=25 26 25 62 43 463 67 33
internal_value=0.000672043 0.000208914 -0.005 0.00147059 0.00136054 0.0062 0
internal_weight=744 718 130 68 588 125 58
internal_count=744 718 130 68 588 125 58
is_linear=0
shrinkage=0.05


Tree=25
num_leaves=8
num_cat=0
split_feature=13 12 1 8 7 9 9
split_gain=1.19368 1.36439 1.31863 1.41667 2.39251 1.39924 1.36638
threshold=17.994999885559086 0.059758748559170745 0.0075594500935302076 -0.0572038756181159 -0.0055939396116213005 -0.1382051862162392 0.10948299407843366
decision_type=2 2 2 10 2 10 10
left_child=1 -1 3 -2 -5 -4 -7
right_child=2 -3 5 4 -6 6 -8
leaf_value=1.055951581741205e-05 3.1399668549813914e-05 0.0001263926478821981 -0.00024878664584807188 -0.00045664986019868631 7.4508106815791156e-05 4.2119236387518861e-05 -0.00029022947239906168
leaf_weight=463 80 28 29 44 47 33 26
leaf_count=463 80 28 29 44 47 33 26
internal_value=0.000333333 0.00178208 -0.00241313 0.000146199 -0.00412088 -0.00738636 -0.0029661
internal_weight=750 491 259 171 91 88 59
internal_count=750 491 259 171 91 88 59
is_linear=0
shrinkage=0.05


Tree=26
num_leaves=8
num_cat=0
split_feature=1 7 2 9 3 10 8
split_gain=0.981825 2.16514 1.52509 1.22002 1.14219 1.05802 1.93809
threshold=-0.045507555814053906 -0.042329031775421459 -0.063540442211210954 -0.07930101561054613 -0.0018042217730372954 0.0034066774365857371 0.037108139140780601
decision_type=2 2 2 8 2 2 10
left_child=4 -2 -3 -4 -1 -5 -7
right_child=1 2 3 5 -6 6 -8
leaf_value=4.1139961803658353e-06 0.00010996833915644143 -0.00010364319275396319 0.0001048724285613138 2.4218347899604508e-05 -0.00025441396997924476 -0.00015385719488735037 5.2027209642488158e-05
leaf_weight=33 69 61 28 311 32 108 101
leaf_count=33 69 61 28 311 32 108 101
internal_value=0.000100942 0.000663717 -0.000287356 0.000547445 -0.00576923 0 -0.0027512
internal_weight=743 678 609 548 65 520 209
internal_count=743 678 609 548 65 520 209
is_linear=0
shrinkage=0.05


Tree=27
num_leaves=8
num_cat=0
split_feature=5 9 13 10 13 2 11
split_gain=1.46251 1.92145 1.26244 1.78158 1.62206 1.22152 1.60017
threshold=0.015898153043775055 -0.034933499100492808 17.840000152587894 0.0018732766831597305 20.060000419616703 0.11656416662308057 0.014627027210111112
decision_type=2 8 2 2 2 2 2
left_child=1 -1 3 -2 -4 6 -3
right_child=2 5 4 -5 -6 -7 -8
leaf_value=0.00013969190753596326 0.00029955237808064564 2.5077181460121018e-05 -0.00029039183148274055 -2.6713328970200818e-05 -5.8231097157711257e-05 0.00013669133538029001 -8.9168904102234292e-05
leaf_weight=77 30 328 44 37 84 41 104
leaf_count=77 30 328 44 37 84 41 104
internal_value=0.000771812 0.00209091 -0.00294872 0.00261194 -0.00585938 0.00089852 0.000115741
internal_weight=745 550 195 67 128 473 432
internal_count=745 550 195 67 128 473 432
is_linear=0
shrinkage=0.05


Tree=28
num_leaves=8
num_cat=0
split_feature=3 13 14 15 15 4 4
split_gain=1.44873 1.17045 2.41435 2.95774 1.64041 1.58824 2.51609
threshold=0.022028112024181427 17.994999885559086 -0.034719790282674072 0.017375841110130467 -0.0011390527484494981 0.018773838358854385 0.020905799502453758
decision_type=2 2 2 2 2 2 2
left_child=1 2 3 -1 5 -4 -7
right_child=-2 -3 4 -5 -6 6 -8
leaf_value=0.00014301040525045887 0.00013729090066062332 -6.2101782288702398e-05 0.00015386677015331616 -0.00017325546305972905 -3.6852637206969419e-05 -0.00035231919642004692 8.6314550665303734e-05
leaf_weight=96 27 235 28 35 212 32 87
leaf_count=96 27 235 28 35 212 32 87
internal_value=0.000664894 0.000241379 0.00163265 0.00744275 -0.000487465 0.00357143 0.00105042
internal_weight=752 725 490 131 359 147 119
internal_count=752 725 490 131 359 147 119
is_linear=0
shrinkage=0.05


Tree=29
num_leaves=8
num_cat=0
split_feature=9 2 8 8 9 14 15
split_gain=1.55531 1.43735 1.45204 1.9961 1.77346 1.81333 1.60286
threshold=0.19616456696435694 0.11773847911257797 -0.049448338756221892 -0.033036152518957466 -0.085904712683080184 -0.039477048520880569 0.019132937846716661
decision_type=10 2 8 8 8 2 2
left_child=1 2 4 -4 -1 -6 -5
right_child=-2 -3 3 6 5 -7 -8
leaf_value=-6.6471463302233012e-05 -0.00025334565225590248 6.2056620894353228e-05 -0.00013586608483153251 1.0299224884858984e-05 -4.6551453620944513e-05 0.0001512965827415785 -0.00024731856313691655
leaf_weight=60 36 60 64 379 27 75 29
leaf_count=60 36 60 64 379 27 75 29
internal_value=0.000410959 0.000936599 0.000236593 -0.00116525 0.00432099 0.00833333 0.000122549
internal_weight=730 694 634 472 162 102 408
internal_count=730 694 634 472 162 102 408
is_linear=0
shrinkage=0.05


Tree=30
num_leaves=8
num_cat=0
split_feature=0 5 9 14 13 14 2
split_gain=1.23531 1.40741 1.43024 1.78132 2.04588 1.30932 1.87479
threshold=-0.0063907501594913643 0.017378781200864946 0.038802396664135437 -0.03286597934359297 14.50500011444092 -0.0049345356588886271 0.0036445248017503711
decision_type=2 2 8 2 2 2 2
left_child=5 2 3 -2 -5 6 -1
right_child=1 -3 -4 4 -6 -7 -8
leaf_value=9.5510086471101152e-05 0.00016129150073278828 -0.00016784773671186509 -1.2927804557068182e-05 -7.0578566553837008e-05 5.5969254587559854e-05 7.8764230943573828e-05 -0.00011131903598863396
leaf_weight=39 61 81 239 44 68 171 34
leaf_count=39 61 81 239 44 68 171 34
internal_value=0.000983718 -0.000456389 0.000728155 0.00419075 0.000446429 0.00389344 -0.00171233
internal_weight=737 493 412 173 112 244 73
internal_count=737 493 412 173 112 244 73
is_linear=0
shrinkage=0.05


Tree=31
num_leaves=8
num_cat=0
split_feature=9 8 2 14 2 14 13
split_gain=1.62825 1.37538 1.57387 1.55007 1.43415 1.36246 2.29942
threshold=0.18712580577826834 0.076803151462830579 -0.021730602507063154 -0.060408912479391223 0.11773847911257797 0.053057710402313336 14.244999885559084
decision_type=10 10 2 2 2 2 2
left_child=1 2 3 -1 -3 6 -4
right_child=-2 4 5 -5 -6 -7 -8
leaf_value=0.0001389221536696437 -0.00022728595259942946 2.4038082080366734e-05 5.1285933213269208e-05 9.5408244025141198e-06 0.0001591360660705042 6.6969841330028799e-05 -0.0001250666152905192
leaf_weight=53 43 49 93 235 38 47 173
leaf_count=53 43 49 93 235 38 47 173
internal_value=0.000718194 0.00130814 0.000457571 0.003125 0.00718391 -0.00199681 -0.00338346
internal_weight=731 688 601 288 87 313 266
internal_count=731 688 601 288 87 313 266
is_linear=0
shrinkage=0.05


Tree=32
num_leaves=8
num_cat=0
split_feature=7 15 12 8 8 7 16
split_gain=1.19489 1.08677 1.69436 1.08892 2.14401 1.33398 0.941176
threshold=-0.062441529275290779 -1.0000000180025095e-35 -0.008121323465966555 -0.0528994887303103 -0.018546679367481941 -0.009089612032367687 -0.026790326293764651
decision_type=2 2 2 8 8 2 2
left_child=-1 2 -2 -4 -5 -6 -3
right_child=1 6 3 4 5 -7 -8
leaf_value=0.00012333718575953192 -8.5142570011000158e-05 -0.00025084941178576264 0.00015632473478299969 -0.00015867808490069551 9.2421304077348413e-05 6.4843099217171224e-05 -4.3973177639821359e-06
leaf_weight=50 60 25 27 31 30 129 400
leaf_count=50 60 25 27 31 30 129 400
internal_value=0.000531915 0 0.00243682 0.00449309 0.00315789 0.00550314 -0.00158824
internal_weight=752 702 277 217 190 159 425
internal_count=752 702 277 217 190 159 425
is_linear=0
shrinkage=0.05


Tree=33
num_leaves=8
num_cat=0
split_feature=3 13 13 3 1 5 15
split_gain=1.25553 1.6195 2.03807 1.74561 1.91709 1.82152 1.59669
threshold=0.012892505508149689 17.994999885559086 19.115000724792484 0.0050074068190335561 0.013838469477310713 0.01584462284144449 -0.0011390527484494981
decision_type=2 2 2 2 2 2 2
left_child=1 6 -3 4 5 -4 -1
right_child=-2 2 3 -5 -6 -7 -8
leaf_value=7.0955003313256937e-05 0.00010033536562028423 -0.00017686365834724126 0.00020644263583109352 -0.00021191496032380871 -0.00021074879562853443 -5.5411189995817522e-05 -3.1615125665081234e-06
leaf_weight=161 64 73 45 27 31 52 289
leaf_count=161 64 73 45 27 31 52 289
internal_value=0.000336927 -0.000294985 -0.00372807 -0.000483871 0.00195312 0.00541237 0.00144444
internal_weight=742 678 228 155 128 97 450
internal_count=742 678 228 155 128 97 450
is_linear=0
shrinkage=0.05


Tree=34
num_leaves=8
num_cat=0
split_feature=5 11 2 8 5 12 9
split_gain=1.85511 1.67937 1.31981 1.40002 1.37783 1.33268 2.37087
threshold=0.017378781200864946 -0.0047149308765757616 -0.10458253249264825 0.076803151462830579 0.010832702622633033 0.015576127060618618 -0.034933499100492808
decision_type=2 2 2 10 2 2 10
left_child=2 -2 -1 4 -4 -6 -7
right_child=1 -3 3 -5 5 6 -8
leaf_value=0.00012791335192550586 -0.00019201387880098364 -3.2924991636019716e-05 0.00020066473584581004 5.8053194090649817e-05 3.1955133598326332e-05 9.8468775197118295e-06 -0.0001109390316165161
leaf_weight=28 36 90 36 99 203 119 136
leaf_count=28 36 90 36 99 203 119 136
internal_value=0.000769746 -0.0047619 0.00189211 0.00139123 0.000303644 -0.000436681 -0.00284314
internal_weight=747 126 621 593 494 458 255
internal_count=747 126 621 593 494 458 255
is_linear=0
shrinkage=0.05


Tree=35
num_leaves=8
num_cat=0
split_feature=7 13 0 1 9 14 13
split_gain=1.29664 1.19273 1.13357 1.33733 1.70546 1.63636 1.51492
threshold=-0.062441529275290779 17.994999885559086 -0.016332721119595824 1.0000000180025095e-35 0.039975672876852449 -0.035596703045515869 15.025000095367433
decision_type=2 2 2 2 10 2 2
left_child=-1 2 -2 4 5 -4 -5
right_child=1 -3 3 6 -6 -7 -8
leaf_value=0.00012381306027050141 9.8633511868010586e-05 -6.5385212218935321e-05 0.00011614868312538764 -2.8592807673540057e-06 -7.3836274545548231e-05 -0.00011007531274659734 7.7427055304193058e-05
leaf_weight=51 49 216 36 137 25 96 133
leaf_count=51 49 216 36 137 25 96 133
internal_value=0.0006393 7.22543e-05 0.00147059 0.000644028 -0.00302548 -0.000757576 0.00277778
internal_weight=743 692 476 427 157 132 270
internal_count=743 692 476 427 157 132 270
is_linear=0
shrinkage=0.05


Tree=36
num_leaves=8
num_cat=0
split_feature=5 8 7 11 5 4 0
split_gain=1.1193 2.2258 1.38535 1.51621 1.74317 1.14486 1.07625
threshold=0.017244261099966077 -0.073267719173334619 0.041027398680179024 0.019556764027941379 0.012617601422477436 0.023494487706906212 -0.0079526900141895212
decision_type=2 8 2 2 2 2 2
left_child=1 -1 3 6 -5 -4 -3
right_child=-2 2 5 4 -6 -7 -8
leaf_value=0.0002928077800310549 -6.2720645805973595e-05 5.0070805293362742e-05 0.00011765324863585686 -0.00022043120996459158 -1.816654839477145e-06 1.8402489325337673e-05 -6.6199950244029595e-07
leaf_weight=28 145 132 59 25 38 48 278
leaf_count=28 145 132 59 25 38 48 278
internal_value=0.00136122 0.00230263 0.00163793 0.000475687 -0.00674603 0.0067757 0.00158537
internal_weight=753 608 580 473 63 107 410
internal_count=753 608 580 473 63 107 410
is_linear=0
shrinkage=0.05


Tree=37
num_leaves=8
num_cat=0
split_feature=16 16 11 8 10 11 2
split_gain=0.879702 2.22857 1.2033 0.997995 1.40654 1.64538 1.66766
threshold=-0.037135859699262634 -0.046290294771689826 -0.020171834808393903 0.29771129741550667 0.0083806190799177189 0.0035059532242039952 0.084667520007240996
decision_type=2 2 2 8 2 2 2
left_child=1 -1 -2 4 5 -4 -7
right_child=2 -3 3 -5 -6 6 -8
leaf_value=8.3441330700057605e-05 0.00011601227349147259 -0.00029300937377994303 -2.9169828217123252e-05 -0.00013338953257489676 7.1952638666777238e-05 1.5672090713604593e-06 0.00012890399429071691
leaf_weight=35 39 30 205 30 102 242 74
leaf_count=35 39 30 205 30 102 242 74
internal_value=0.000561427 -0.005 0.00108382 0.000574273 0.00100321 -4.79846e-05 0.00221519
internal_weight=757 65 692 653 623 521 316
internal_count=757 65 692 653 623 521 316
is_linear=0
shrinkage=0.05


Tree=38
num_leaves=8
num_cat=0
split_feature=9 2 3 1 9 11 2
split_gain=1.21014 0.970478 0.917378 0.910858 1.34964 1.20688 2.12104
threshold=0.19616456696435694 0.11773847911257797 0.0009483549682693938 0.027449693218766228 -0.11628536096532459 0.0035059532242039952 -0.049839595665655038
decision_type=10 2 2 2 10 2 2
left_child=1 3 -3 5 -5 -1 -7
right_child=-2 2 -4 4 -6 6 -8
leaf_value=-3.8067001966029038e-06 -0.0002027278345481506 0.00011640769095281345 4.0694965190166046e-05 -0.00020389540841743781 -3.5746613938359049e-06 0.00020164866510980723 6.0591524927660401e-06
leaf_weight=297 36 30 29 34 101 51 162
leaf_count=297 36 30 29 34 101 51 162
internal_value=0.000608108 0.00106534 0.00720339 0.000503876 -0.00314815 0.00147059 0.00434272
internal_weight=740 704 59 645 135 510 213
internal_count=740 704 59 645 135 510 213
is_linear=0
shrinkage=0.05


Tree=39
num_leaves=8
num_cat=0
split_feature=5 9 8 11 15 11 10
split_gain=0.924468 1.64746 1.677 1.75304 1.5754 2.09686 1.32432
threshold=0.017130243088042858 -0.013777384870490792 0.06636166662314337 0.019998306186617913 0.0022997475603522281 0.003813504719322514 0.0079905561282167543
decision_type=2 8 8 2 2 2 2
left_child=1 -1 3 4 5 -3 -6
right_child=-2 2 -4 -5 6 -7 -8
leaf_value=5.5295109644009324e-05 -2.7528422195506435e-05 -3.6163651867727849e-06 4.8896608447049614e-05 -0.00015522854398283383 -0.00016143913299483046 0.00020403766854901889 8.6953147285302694e-05
leaf_weight=140 144 107 115 53 82 52 43
leaf_count=140 144 107 115 53 82 52 43
internal_value=0.000815217 0.00168919 0.000221239 -0.00155786 0 0.00330189 -0.0042
internal_weight=736 592 452 337 284 159 125
internal_count=736 592 452 337 284 159 125
is_linear=0
shrinkage=0.05


Tree=40
num_leaves=8
num_cat=0
split_feature=15 10 2 4 10 7 14
split_gain=1.33462 1.53866 1.41032 1.41414 1.88595 1.59375 1.21405
threshold=-0.0011390527484494981 -0.0017656020457615382 -0.10155939010515024 0.023313159425810515 0.0098339065977474122 0.0069728705187046556 -0.041613677684134036
decision_type=2 2 2 2 2 2 2
left_child=-1 -2 -3 4 -4 -5 -7
right_child=1 2 3 5 -6 6 -8
leaf_value=3.9281094518320727e-05 -0.00024562212454364582 7.2099463867802624e-05 6.2267311213150375e-05 -0.0002049977703705839 -0.0001552276944151181 0.00011309615115433509 -2.2277644170521412e-05
leaf_weight=275 39 25 168 96 32 39 69
leaf_count=275 39 25 168 96 32 39 69
internal_value=0.000235532 -0.00138889 -0.000524476 -0.00123762 0.00175 -0.00416667 0
internal_weight=743 468 429 404 200 204 108
internal_count=743 468 429 404 200 204 108
is_linear=0
shrinkage=0.05


Tree=41
num_leaves=8
num_cat=0
split_feature=11 11 2 0 8 13 14
split_gain=0.99491 1.3691 1.77515 1.7547 1.54457 1.40331 1.76314
threshold=0.0035059532242039952 0.019556764027941379 0.074219886303426033 -0.0059535790429558469 0.012670108350532285 16.875000000000004 -0.021011062487688355
decision_type=2 2 2 2 8 2 2
left_child=-1 3 4 -2 -3 6 -5
right_child=1 2 -4 5 -6 -7 -8
leaf_value=-5.735828554690554e-06 0.00011080673676169817 -1.9622120577133737e-06 8.2833124948389198e-05 0.00015155404558645066 -0.0002529528861714591 -8.5642355230944938e-05 -7.9092900366382813e-06
leaf_weight=352 78 47 40 62 37 64 71
leaf_count=352 78 47 40 62 37 64 71
internal_value=0.000233023 0.00194236 -0.00241935 0.00390909 -0.00654762 0.00139594 0.00432331
internal_weight=751 399 124 275 84 197 133
internal_count=751 399 124 275 84 197 133
is_linear=0
shrinkage=0.05


Tree=42
num_leaves=8
num_cat=0
split_feature=3 3 11 7 8 6 5
split_gain=1.61628 1.10286 1.50261 1.41362 2.22383 2.12521 1.73782
threshold=0.022028112024181427 0.0014929667180905162 0.017238129431086383 -0.050777036693157467 -0.019695846756152987 -0.80433190513536112 0.016271082471060367
decision_type=2 2 2 2 8 2 2
left_child=1 3 -3 -1 -5 -6 -7
right_child=-2 2 -4 4 5 6 -8
leaf_value=0.00010166946328659457 0.00013715404705786431 -1.986491041895515e-06 -0.00016835037847825137 -7.0255272231596394e-05 0.00010095367830692589 4.8802267827331281e-05 -0.00012652986112424427
leaf_weight=49 25 241 58 128 49 160 39
leaf_count=49 25 241 58 128 49 160 39
internal_value=0.000500668 6.90608e-05 -0.00225753 0.00170588 0.000664894 0.00342742 0.00113065
internal_weight=749 724 299 425 376 248 199
internal_count=749 724 299 425 376 248 199
is_linear=0
shrinkage=0.05


Tree=43
num_leaves=8
num_cat=0
split_feature=0 11 11 10 9 11 3
split_gain=0.838164 1.09365 1.05395 2.16088 1.87278 1.75549 1.28955
threshold=0.035828060651080358 0.037714619913018062 0.0035059532242039952 0.010510737947986739 -0.031683053242969099 0.0015109510563884323 0.0026168588917059314
decision_type=2 2 2 2 8 2 2
left_child=1 2 5 4 -4 6 -1
right_child=-2 -3 3 -5 -6 -7 -8
leaf_value=3.1645424249924951e-05 0.00010666234301450855 -0.00021702940937501082 0.0002441681211250282 -0.00017836374122678873 1.5367082698950929e-05 -0.00038398077147698708 -3.5713425131383807e-05
leaf_weight=206 25 27 48 38 258 41 101
leaf_count=206 25 27 48 38 258 41 101
internal_value=0 -0.000312935 7.22543e-05 0.00203488 0.00343137 -0.00186782 -0.000570033
internal_weight=744 719 692 344 306 348 307
internal_count=744 719 692 344 306 348 307
is_linear=0
shrinkage=0.05


Tree=44
num_leaves=8
num_cat=0
split_feature=16 16 3 6 6 11 16
split_gain=1.20013 2.14343 1.14186 1.20589 2.871 1.57546 1.5139
threshold=-0.036049236201765637 -0.046290294771689826 0.019966145898676516 0.12954513730060493 0.72922369028515577 0.034061336593809395 0.040580458402017634
decision_type=2 2 2 2 2 2 2
left_child=1 -1 3 5 -5 6 -2
right_child=2 -3 -4 4 -6 -7 -8
leaf_value=6.4672738723241995e-05 1.5716103259764319e-05 -0.00019375730674626854 0.00010479630315116214 -0.00016459024439929366 5.2970444146322533e-05 -0.00018050949046335683 0.00019367161406189912
leaf_weight=32 390 31 26 95 110 26 25
leaf_count=32 390 31 26 95 110 26 25
internal_value=0.000646259 -0.00595238 0.00126488 0.000851393 -0.00231707 0.00232426 0.00307229
internal_weight=735 63 672 646 205 441 415
internal_count=735 63 672 646 205 441 415
is_linear=0
shrinkage=0.05


Tree=45
num_leaves=8
num_cat=0
split_feature=16 16 14 13 9 16 5
split_gain=1.56537 2.22149 1.53458 2.27389 1.75441 1.57118 1.44857
threshold=-0.037135859699262634 -0.046290294771689826 -0.034719790282674072 20.500000000000004 -0.016778108740506222 0.017202817988670297 0.013334382201894522
decision_type=2 2 2 2 8 2 2
left_child=1 -1 3 4 -2 6 -6
right_child=2 -3 -4 -5 5 -7 -8
leaf_value=5.2257281716372538e-05 0.00015003072013473973 -0.00038502655791768981 -4.6335171631514772e-07 -0.00014258654378050892 0.00020135872044224883 -7.2408666232047329e-05 2.0569360123215075e-05
leaf_weight=31 41 30 488 31 35 47 40
leaf_count=31 41 30 488 31 35 47 40
internal_value=0.000706595 -0.00696721 0.00139296 0.00515464 0.00751534 0.0045082 0.009
internal_weight=743 61 682 194 163 122 75
internal_count=743 61 682 194 163 122 75
is_linear=0
shrinkage=0.05


Tree=46
num_leaves=8
num_cat=0
split_feature=8 12 9 9 1 10 10
split_gain=1.23532 1.19157 1.08351 1.33155 2.40857 1.6538 2.48385
threshold=0.30919559313386985 0.066825641747697576 0.18611135744522214 0.090551971565158165 0.00044103591692223892 0.0079905561282167543 0.010510737947986739
decision_type=8 2 10 10 2 2 2
left_child=1 2 3 5 -5 -1 -7
right_child=-2 -3 -4 4 -6 6 -8
leaf_value=-5.8783024343993805e-06 -8.2256833295557685e-05 9.0943594284026517e-05 -0.00023010378886759885 -4.457224673482185e-05 0.00016750759702302377 0.00034830091500593718 -4.2705587056003294e-06
leaf_weight=434 36 34 28 48 79 41 47
leaf_count=434 36 34 28 48 79 41 47
internal_value=0.000702811 0.00116034 0.000701625 0.0011171 0.00570866 0 0.00625
internal_weight=747 711 677 649 127 522 88
internal_count=747 711 677 649 127 522 88
is_linear=0
shrinkage=0.05


Tree=47
num_leaves=8
num_cat=0
split_feature=13 9 3 13 9 0 5
split_gain=1.04306 1.46604 1.3986 1.35803 1.71778 1.75754 1.2139
threshold=17.840000152587894 -0.034933499100492808 -0.00049524685073692998 19.115000724792484 0.017501712273844786 -0.0043622336993270885 0.015898153043775055
decision_type=2 8 2 2 8 2 2
left_child=1 2 -1 -2 -5 -6 -7
right_child=3 -3 -4 4 5 6 -8
leaf_value=4.8806570675422916e-06 -0.00010427482833302859 2.9985779780236643e-06 0.00018413367095814986 -9.6424529983043776e-05 0.00018755369957029029 3.1858408046461263e-05 -0.00032242430433329058
leaf_weight=33 92 393 39 82 41 29 25
leaf_count=33 92 393 39 82 41 29 25
internal_value=0.000340599 0.00177419 0.00833333 -0.00213755 0.000423729 0.005 -0.000925926
internal_weight=734 465 72 269 177 95 54
internal_count=734 465 72 269 177 95 54
is_linear=0
shrinkage=0.05


Tree=48
num_leaves=8
num_cat=0
split_feature=8 12 0 3 10 3 3
split_gain=1.12343 1.92805 1.15222 1.89279 0.954157 1.13958 1.55797
threshold=0.29771129741550667 0.066825641747697576 -0.016332721119595824 -0.0046025183938049876 0.0082831266767603457 0.0049491403988234381 0.006840449053846843
decision_type=8 2 2 2 2 2 2
left_child=1 2 3 -1 5 -4 -7
right_child=-2 -3 4 -5 -6 6 -8
leaf_value=-1.1942228185796893e-05 -7.5612085371904716e-05 0.00010953082059223185 1.1084655524487954e-06 0.00019635499398496889 4.7294526672841046e-05 -0.00017467541887039993 -1.3133435210145204e-05
leaf_weight=57 38 30 346 40 104 37 82
leaf_count=57 38 30 346 40 104 37 82
internal_value=0.000476839 0.000933908 0.000375375 0.00541237 -0.000483304 -0.00145161 -0.00567227
internal_weight=734 696 666 97 569 465 119
internal_count=734 696 666 97 569 465 119
is_linear=0
shrinkage=0.05


Tree=49
num_leaves=8
num_cat=0
split_feature=0 9 1 9 1 6 2
split_gain=0.840355 1.7477 0.982988 2.56637 1.48464 1.33339 1.14679
threshold=0.02592436596272896 0.050717488419371744 0.028435851496051549 0.024303056317455444 0.023617871985527897 -0.15503518267794611 0.083865482502024316
decision_type=2 8 2 10 2 2 2
left_child=2 -2 4 5 6 -4 -1
right_child=1 -3 3 -5 -6 -7 -8
leaf_value=4.1791523154965321e-06 0.00035035470658338619 -0.00014199915638280188 -1.1459231237010608e-05 3.5329443288551659e-05 0.00024348055168928846 -0.00018424161220911015 -0.00010693999171855501
leaf_weight=436 26 27 38 86 27 28 64
leaf_count=436 26 27 38 86 27 28 64
internal_value=6.8306e-05 0.00613208 -0.000405007 -0.00394737 0.000616698 -0.0113636 0
internal_weight=732 53 679 152 527 66 500
internal_count=732 53 679 152 527 66 500
is_linear=0
shrinkage=0.05


Tree=50
num_leaves=8
num_cat=0
split_feature=8 8 1 3 8 14 9
split_gain=0.878855 0.853532 2.10252 1.55947 1.82699 1.41715 1.75534
threshold=-0.077435325369535277 -0.031192034629423767 0.016361974610921707 0.0025701312573986894 -0.043510148610063741 -0.034719790282674072 0.11096170216322244
decision_type=8 10 2 2 10 2 10
left_child=-1 2 3 4 -2 6 -3
right_child=1 5 -4 -5 -6 -7 -8
leaf_value=8.2557501253238368e-05 3.4492618258407091e-05 0.00013335505949775396 -0.0002531904218208199 -9.759324166265702e-05 -0.00039096704147405654 1.007120926179014e-06 -8.6977279034537776e-05
leaf_weight=56 103 88 37 46 25 342 38
leaf_count=56 103 88 37 46 25 342 38
internal_value=0.00112245 0.00062592 -0.00201422 0.000287356 0.003125 0.00181624 0.00634921
internal_weight=735 679 211 174 128 468 126
internal_count=735 679 211 174 128 468 126
is_linear=0
shrinkage=0.05


Tree=51
num_leaves=8
num_cat=0
split_feature=5 9 6 11 9 15 16
split_gain=1.09324 1.67377 1.51826 1.62755 1.22887 1.43862 2.11816
threshold=0.017130243088042858 -0.015604317429056545 0.24137410498919362 0.0023967132721236521 0.081668800969681446 0.0021699647082250588 0.0057626211128291036
decision_type=2 8 2 2 10 2 2
left_child=1 2 3 -1 5 6 -3
right_child=-2 4 -4 -5 -6 -7 -8
leaf_value=0.00017874592749597511 -3.3483517354545439e-05 4.9378228869678669e-05 -2.2216251114939856e-07 2.2603684552673306e-05 6.0518138678966326e-05 -0.00011820006227682736 -9.7894509191183163e-05
leaf_weight=38 143 118 47 52 130 157 68
leaf_count=38 143 118 47 52 130 157 68
internal_value=0.000962815 0.00188525 0.00675182 0.0105556 0.000475687 -0.00109329 0.00188172
internal_weight=753 610 137 90 473 343 186
internal_count=753 610 137 90 473 343 186
is_linear=0
shrinkage=0.05


Tree=52
num_leaves=8
num_cat=0
split_feature=16 15 8 10 10 2 2
split_gain=1.26582 1.85744 0.792999 1.46037 1.62851 2.40873 2.04118
threshold=-0.037135859699262634 -0.013930302503303514 0.29771129741550667 0.0083806190799177189 0.0034066774365857371 0.074219886303426033 0.027221817759044867
decision_type=2 2 8 2 2 2 2
left_child=1 -1 3 4 -2 6 -6
right_child=2 -3 -4 -5 5 -7 -8
leaf_value=1.0759509804146106e-05 1.4135323398586008e-05 -0.00035415653943416081 -4.9867437944779544e-05 7.2187937457196416e-05 -6.4120754583942967e-05 0.00012050900317984145 -0.0002571458006446025
leaf_weight=32 403 28 35 104 75 42 32
leaf_count=32 403 28 35 104 75 42 32
internal_value=0.000299601 -0.00666667 0.000904486 0.00129573 0.000271739 -0.00419463 -0.00817757
internal_weight=751 60 691 656 552 149 107
internal_count=751 60 691 656 552 149 107
is_linear=0
shrinkage=0.05


Tree=53
num_leaves=8
num_cat=0
split_feature=14 12 9 6 16 14 1
split_gain=1.1398 2.19146 1.64091 1.4997 1.52431 1.20724 1.99767
threshold=-0.035596703045515869 0.02697009064661449 0.038044302249248381 0.067320895121524851 0.014428103668959859 -0.0059106162699663059 0.00044103591692223892
decision_type=2 2 8 2 2 2 2
left_child=1 3 -3 4 -1 6 -2
right_child=5 2 -4 -5 -6 -7 -8
leaf_value=1.1881092060875201e-05 -0.00018234280674012376 0.00029223550516915923 3.2364839048761314e-05 0.0001071743823834692 -0.00018228348660727568 7.0806169189428173e-06 9.9790277098121138e-08
leaf_weight=49 59 30 36 50 32 372 108
leaf_count=49 59 30 36 50 32 372 108
internal_value=0.000679348 0.00393401 0.0113636 0.00019084 -0.00401235 -0.000510204 -0.00404192
internal_weight=736 197 66 131 81 539 167
internal_count=736 197 66 131 81 539 167
is_linear=0
shrinkage=0.05


Tree=54
num_leaves=8
num_cat=0
split_feature=3 13 12 4 13 9 10
split_gain=0.782672 0.740935 1.51864 1.8563 1.41569 1.60463 1.6218
threshold=0.022028112024181427 17.840000152587894 0.0027925929369287954 0.021201251844886092 19.115000724792484 -0.08098697595068842 -0.0049765791871394507
decision_type=2 2 2 2 2 8 2
left_child=1 2 3 -1 -3 -6 -7
right_child=-2 4 -4 -5 5 6 -8
leaf_value=-0.00013984929191426061 0.00013563871514112236 -0.00011498958854376423 6.6064486211072073e-07 0.00023375308693627156 -7.8338915197555823e-05 0.00020967716574125697 -5.3143114189631567e-06
leaf_weight=28 25 83 396 40 48 51 70
leaf_count=28 25 83 396 40 48 51 70
internal_value=0.000303644 0 0.00118534 0.00808824 -0.00218254 0.000443787 0.0035124
internal_weight=741 716 464 68 252 169 121
internal_count=741 716 464 68 252 169 121
is_linear=0
shrinkage=0.05


Tree=55
num_leaves=8
num_cat=0
split_feature=12 9 3 7 8 4 3
split_gain=1.12917 1.64284 1.756 2.12585 1.41145 1.34093 1.01832
threshold=-0.034828252855943369 -0.0091544092485600897 -0.00049524685073692998 -0.0008255664891645419 -0.053120958127872257 0.023494487706906212 0.0014929667180905162
decision_type=2 8 2 2 8 2 2
left_child=4 2 5 -4 -1 -2 -3
right_child=1 6 3 -5 -6 -7 -8
leaf_value=3.2049456175359349e-06 0.00024738267716531756 2.8914025410116483e-05 7.0022480894862534e-05 5.7365141738589809e-06 -0.0002037035886713235 -3.634863712246605e-05 -1.6252350818452433e-05
leaf_weight=38 31 275 56 42 36 68 212
leaf_count=38 31 275 56 42 36 68 212
internal_value=0.000461741 0.00109649 0.00494924 0.00969388 -0.00540541 0.000252525 -0.000462012
internal_weight=758 684 197 98 74 99 487
internal_count=758 684 197 98 74 99 487
is_linear=0
shrinkage=0.05


Tree=56
num_leaves=8
num_cat=0
split_feature=0 11 10 4 4 15 3
split_gain=1.49945 1.16528 2.12203 2.39378 2.33934 1.66539 1.69439
threshold=-0.016332721119595824 0.0035059532242039952 0.0033239655967035602 0.021413514911196901 0.029741874183235529 0.0059886550960652771 0.0019692258121279953
decision_type=2 2 2 2 2 2 2
left_child=-1 -2 3 -3 -5 6 -4
right_child=1 2 5 4 -6 -7 -8
leaf_value=6.3253289236489928e-05 -1.4607003468336804e-05 -7.5673590456092066e-06 -4.7871557659616431e-05 0.00012507531244491778 -8.9858274509142067e-05 3.4267240343528869e-06 -0.00024971689576684691
leaf_weight=104 281 63 25 89 26 128 26
leaf_count=104 281 63 25 89 26 128 26
internal_value=0.000202156 -0.000705329 0.00119048 0.00505618 0.00934783 -0.00265363 -0.0102941
internal_weight=742 638 357 178 115 179 51
internal_count=742 638 357 178 115 179 51
is_linear=0
shrinkage=0.05


Tree=57
num_leaves=8
num_cat=0
split_feature=13 15 10 9 9 4 7
split_gain=1.4606 1.65659 2.69917 1.47527 1.27992 2.00754 1.37603
threshold=17.994999885559086 -0.0018539125831273926 -0.00015260304164599334 0.089693252290058437 -0.011124124124951116 0.023583158148081731 0.0004148480198715721
decision_type=2 2 2 10 8 2 2
left_child=1 3 -3 -1 5 -4 -6
right_child=-2 2 4 -5 6 -7 -8
leaf_value=2.0189366441462304e-05 -2.5492727399112565e-05 -0.0001915821969286813 0.00025089845887107476 0.0001711362741582206 -8.8795706045050746e-05 1.7295835789535309e-06 2.7108996895202146e-05
leaf_weight=120 250 50 34 35 67 44 133
leaf_count=120 250 50 34 35 67 44 133
internal_value=0.000102319 0.00170807 -0.000304878 0.00596774 0.00161871 0.00705128 -0.0005
internal_weight=733 483 328 155 278 78 200
internal_count=733 483 328 155 278 78 200
is_linear=0
shrinkage=0.05


Tree=58
num_leaves=8
num_cat=0
split_feature=0 15 5 15 10 6 10
split_gain=1.20502 2.09968 1.38929 2.06162 1.74308 1.14433 1.05516
threshold=-0.0081861420138923374 -0.0092970305806808744 0.01189280654521487 -0.0011390527484494981 -0.0027125726307745119 1.2525525702208018 0.00038112321022931722
decision_type=2 2 2 2 2 2 2
left_child=5 -2 6 4 -4 -1 -3
right_child=1 2 3 -5 -6 -7 -8
leaf_value=2.3296191355713042e-05 -0.00035877876963938301 -0.00039923513167183002 3.6259716644872212e-06 -1.3852202761271277e-06 0.00010956907694248855 6.4310597444624886e-05 -1.0846961057686223e-05
leaf_weight=183 47 27 33 322 36 34 68
leaf_count=183 47 27 33 322 36 34 68
internal_value=0.0002 -0.0010788 -0.000102881 0.00121483 0.00905797 0.00334101 -0.00552632
internal_weight=750 533 486 391 69 217 95
internal_count=750 533 486 391 69 217 95
is_linear=0
shrinkage=0.05


Tree=59
num_leaves=8
num_cat=0
split_feature=3 8 7 3 3 0 9
split_gain=0.819335 1.21793 2.50688 1.89219 1.27832 1.17382 1.10744
threshold=0.0049491403988234381 -0.019695846756152987 -0.051557274672165136 -0.0016949846574948466 -0.0088870690163777005 0.0016397328146776637 -0.027508538102525789
decision_type=2 8 2 2 2 2 8
left_child=1 2 -1 4 -4 -5 -6
right_child=-2 -3 3 5 6 -7 -8
leaf_value=4.3262899444427975e-05 -1.3042111816974931e-05 2.2236452006411296e-05 -2.0478338578246246e-05 6.3534463499810532e-05 -0.00023795223120975833 -6.2391253075245282e-05 -0.00019377183950152128
leaf_weight=60 220 308 35 26 28 32 32
leaf_count=60 220 308 35 26 28 32 32
internal_value=-0.000168691 0.000911708 -0.00199531 -0.00539216 -0.00973684 0.00172414 -0.0141667
internal_weight=741 521 213 153 95 58 60
internal_count=741 521 213 153 95 58 60
is_linear=0
shrinkage=0.05


Tree=60
num_leaves=8
num_cat=0
split_feature=3 3 6 0 9 14 9
split_gain=1.0213 2.38541 2.26526 1.20489 2.02253 1.92146 1.38743
threshold=0.0049491403988234381 0.0066299796352102822 -0.3996908364033937 0.0098478487842367252 -0.08305180261580751 -0.042370343814534299 0.05983273488688013
decision_type=2 2 2 2 10 2 10
left_child=3 -2 -3 5 -5 -1 -7
right_child=1 2 -4 4 -6 6 -8
leaf_value=0.00012565650659647349 -0.00013301484915748297 -3.6730561086998405e-05 3.5810705190303929e-05 -0.00015561665023143729 9.7214193591162182e-06 -7.0326594806106614e-07 0.00014867451494672399
leaf_weight=58 50 51 116 26 63 282 100
leaf_count=58 50 51 116 26 63 282 100
internal_value=0.000469169 -0.00241935 0.000449102 0.00165406 -0.00365169 0.00272727 0.00143979
internal_weight=746 217 167 529 89 440 382
internal_count=746 217 167 529 89 440 382
is_linear=0
shrinkage=0.05


Tree=61
num_leaves=8
num_cat=0
split_feature=8 14 13 10 15 16 5
split_gain=1.12999 1.31608 1.89479 1.54851 1.42558 3.08642 1.43969
threshold=0.14952396603402132 -0.034719790282674072 19.159999847412113 0.0023061717874046654 0.0037177992705033085 0.010799191080899663 0.013928161890152693
decision_type=8 2 2 2 2 2 2
left_child=1 2 3 -1 -3 -6 -7
right_child=-2 4 -4 -5 5 6 -8
leaf_value=0.00018464569495469028 -5.4869711472998544e-05 3.8093135360793865e-06 -2.4616510692317044e-05 3.4020169930788749e-05 -0.0001894877511260495 -2.4010376287769351e-05 0.00010073979551257827
leaf_weight=28 65 356 44 124 54 53 28
leaf_count=28 65 356 44 124 54 53 28
internal_value=0.000531915 0.00112809 0.00459184 0.00723684 -0.000254582 -0.00462963 0.00154321
internal_weight=752 687 196 152 491 135 81
internal_count=752 687 196 152 491 135 81
is_linear=0
shrinkage=0.05


Tree=62
num_leaves=8
num_cat=0
split_feature=0 3 0 3 13 12 8
split_gain=1.03324 1.23261 0.803391 1.37787 1.83898 1.69888 1.34113
threshold=-0.016332721119595824 -0.0028272315162625734 -0.011909432074824531 -0.0058782549123447816 17.204999923706058 1.0000000180025095e-35 -0.034474068837921416
decision_type=2 2 2 2 2 2 10
left_child=1 -1 -2 -4 5 -5 -7
right_child=2 -3 3 4 -6 6 -8
leaf_value=5.142761961428235e-06 -9.0647490582713465e-05 0.0002031646288146344 5.4934744624051979e-05 0.00012554196114330843 -5.0499880695573359e-05 -0.00010527612782889502 1.5926354518049079e-05
leaf_weight=69 51 36 89 37 177 53 228
leaf_count=69 51 36 89 37 177 53 228
internal_value=0.000405405 0.005 -0.000354331 0.000171233 -0.000858586 0.00141509 8.8968e-05
internal_weight=740 105 635 584 495 318 281
internal_count=740 105 635 584 495 318 281
is_linear=0
shrinkage=0.05


Tree=63
num_leaves=8
num_cat=0
split_feature=3 9 3 12 7 11 13
split_gain=1.09162 1.90225 1.48263 1.34565 1.21895 1.1728 2.51769
threshold=0.00065861576491499385 -0.015604317429056545 -0.00040815866063681478 -0.0080596429832442956 -0.0042620204879657555 0.017238129431086383 14.244999885559084
decision_type=2 8 2 2 2 2 2
left_child=2 3 -1 -2 -5 6 -3
right_child=1 5 -4 4 -6 -7 -8
leaf_value=4.8856238633568102e-06 -5.2985293577955018e-05 0.0001478286360396551 6.9108073355248284e-05 6.5296167774939794e-05 6.7380221687184801e-06 -0.00013074412303533669 -6.9900072351876136e-05
leaf_weight=337 29 50 54 38 29 59 152
leaf_count=337 29 50 54 38 29 59 152
internal_value=0.000668449 -0.00133053 0.00249361 0.0046875 0.00858209 -0.00354406 -0.00173267
internal_weight=748 357 391 96 67 261 202
internal_count=748 357 391 96 67 261 202
is_linear=0
shrinkage=0.05


Tree=64
num_leaves=8
num_cat=0
split_feature=12 12 8 5 9 6 6
split_gain=0.922926 2.13207 1.82521 1.51965 2.40392 1.78524 1.45795
threshold=0.02751670136279594 0.018300587263459293 -0.021652383091893209 0.016151125525882885 0.090551971565158165 -0.96866779613287712 -0.42843755811445405
decision_type=2 2 8 2 10 2 2
left_child=1 3 -2 4 -1 -5 -7
right_child=2 -3 -4 5 -6 6 -8
leaf_value=4.8885372615436802e-06 7.0581556074195053e-05 -7.876138933817963e-05 2.2139806562158655e-06 5.2101081437827505e-05 0.00035120957984604944 -0.00021942204795274116 -1.7684061960455879e-05
leaf_weight=210 48 86 248 28 26 26 67
leaf_count=210 48 86 248 28 26 26 67
internal_value=0.000372124 -0.00107223 0.00253378 0.000630252 0.0029661 -0.00392562 -0.00725806
internal_weight=739 443 296 357 236 121 93
internal_count=739 443 296 357 236 121 93
is_linear=0
shrinkage=0.05


Tree=65
num_leaves=8
num_cat=0
split_feature=1 0 7 3 10 14 8
split_gain=0.934452 1.41045 1.09759 1.46278 1.2419 1.15828 1.55644
threshold=-0.043506449082982672 -0.0043622336993270885 -0.042329031775421459 0.0026985038693340129 0.013844778774777857 -0.083456210331023115 -0.034474068837921416
decision_type=2 2 2 2 2 2 8
left_child=1 -1 3 -2 5 -4 -7
right_child=2 -3 4 -5 -6 6 -8
leaf_value=-5.2054278161801481e-06 0.00012940393759061498 -0.00038035613085743024 6.0433636465977072e-05 -9.4282515264291523e-07 -6.5197878266205861e-05 -0.00014814724628103398 5.3834944754064045e-06
leaf_weight=42 43 25 30 25 30 101 443
leaf_count=42 43 25 30 25 30 101 443
internal_value=3.38295e-05 -0.00559701 0.000595238 0.00661765 -8.27815e-05 0.00043554 -9.19118e-05
internal_weight=739 67 672 68 604 574 544
internal_count=739 67 672 68 604 574 544
is_linear=0
shrinkage=0.05


Tree=66
num_leaves=8
num_cat=0
split_feature=5 2 9 5 7 1 2
split_gain=0.974819 1.31206 1.08555 1.35883 1.67712 1.67485 1.23206
threshold=0.017426895665578337 0.11983858384163594 -0.013777384870490792 0.013844799470311872 -0.03049237070870436 0.030274958786176812 0.036891408977757785
decision_type=2 2 10 2 2 2 2
left_child=1 2 3 5 -5 6 -1
right_child=-2 -3 -4 4 -6 -7 -8
leaf_value=3.0344834998616984e-06 -4.5243385498235093e-05 3.9457274422928817e-05 -1.4170988086269297e-05 8.5710318554897932e-05 9.0684539536888417e-06 -0.00013099738662373297 0.00013050383556912633
leaf_weight=155 123 47 275 28 54 26 32
leaf_count=155 123 47 275 28 54 26 32
internal_value=0.000202703 0.00101297 0.000350877 0.00245763 0.00792683 0.000352113 0.00200535
internal_weight=740 617 570 295 82 213 187
internal_count=740 617 570 295 82 213 187
is_linear=0
shrinkage=0.05


Tree=67
num_leaves=8
num_cat=0
split_feature=9 8 7 8 5 3 9
split_gain=0.783376 0.866219 1.53187 1.4169 1.29874 0.991487 1.45974
threshold=0.18611135744522214 0.080288647004619365 0.060376971915378504 0.057546691268095203 0.010896671084611483 0.0017477286602446409 -0.013777384870490792
decision_type=10 10 2 10 2 2 10
left_child=1 3 -3 4 -1 -6 -7
right_child=-2 2 -4 -5 5 6 -8
leaf_value=0.00020992686123688881 -0.00015086935731987622 0.00010249879755530834 -3.9721403605166982e-05 -0.00014667156216140263 8.3439205708664772e-06 3.4787817343937857e-06 -9.8192090725972644e-05
leaf_weight=33 46 56 31 44 330 130 88
leaf_count=33 46 56 31 44 330 130 88
internal_value=-0.000197889 0.000210674 0.00488506 -0.00044 0.000215146 -0.000364964 -0.00298165
internal_weight=758 712 87 625 581 548 218
internal_count=758 712 87 625 581 548 218
is_linear=0
shrinkage=0.05


Tree=68
num_leaves=8
num_cat=0
split_feature=0 10 5 10 11 4 14
split_gain=0.785308 1.26806 1.12183 1.22942 1.60146 1.57293 1.82184
threshold=-0.0081861420138923374 -0.0041401831937402647 0.011917671515177726 0.0033239655967035602 0.010672166565218634 0.020905799502453758 -0.042370343814534299
decision_type=2 2 2 2 2 2 2
left_child=-1 -2 -3 4 -4 -5 -7
right_child=1 2 3 5 -6 6 -8
leaf_value=2.2627078259323218e-05 -0.00013839067290480944 -4.2779471326028592e-05 6.5176773210615885e-07 0.00014504868746426685 4.2276917503877378e-05 6.9779771840094294e-06 -0.00013830524281610338
leaf_weight=213 67 89 96 27 69 101 81
leaf_count=213 67 89 96 27 69 101 81
internal_value=0.000370121 -0.000660377 0.000269978 0.00147059 0.00469697 -0.00107656 -0.00274725
internal_weight=743 530 463 374 165 209 182
internal_count=743 530 463 374 165 209 182
is_linear=0
shrinkage=0.05


Tree=69
num_leaves=8
num_cat=0
split_feature=2 6 10 0 9 3 1
split_gain=0.837612 1.44048 0.946402 0.858382 3.1919 1.31015 1.19495
threshold=-0.10048569874352518 -0.39131191056771147 0.013844778774777857 0.014495565396983491 0.050717488419371744 0.00065861576491499385 0.031151255708536389
decision_type=2 2 2 2 8 2 2
left_child=1 -1 3 5 -5 -2 -6
right_child=2 -3 -4 4 6 -7 -8
leaf_value=-0.00010559339249362512 4.5868046223889862e-06 0.0001987848369658837 -8.0948061165671362e-05 0.00014342643595067922 -0.00013036518978276707 -2.6149755531333968e-05 2.8449389595633022e-05
leaf_weight=27 328 36 33 44 30 214 33
leaf_count=27 328 36 33 44 30 214 33
internal_value=0.000436242 0.00595238 -7.33138e-05 0.000346687 0.00443925 -0.000461255 -0.00277778
internal_weight=745 63 682 649 107 542 63
internal_count=745 63 682 649 107 542 63
is_linear=0
shrinkage=0.05


Tree=70
num_leaves=8
num_cat=0
split_feature=11 16 16 3 9 0 1
split_gain=1.00666 1.19882 2.48496 1.54714 1.15466 2.4121 3.0234
threshold=0.037714619913018062 0.041754111928017819 0.0345124392496673 -0.0010443885477083856 0.045918216050023559 -0.013658979876104147 1.0000000180025095e-35
decision_type=2 2 2 2 10 2 2
left_child=1 2 4 -3 -1 -6 -7
right_child=-2 3 -4 -5 5 6 -8
leaf_value=9.1488813015084752e-06 -0.00015094218754791388 0.00033453205113075969 -7.8373848188511251e-05 9.4589139587948796e-06 0.00018499792399234011 -0.00013527890904643775 -2.2872173886280761e-06
leaf_weight=433 28 25 49 35 26 47 98
leaf_count=433 28 25 49 35 26 47 98
internal_value=0.00037112 0.000736325 0.000114855 0.0075 0.000993377 -0.00248538 -0.005
internal_weight=741 713 653 60 604 171 145
internal_count=741 713 653 60 604 171 145
is_linear=0
shrinkage=0.05


Tree=71
num_leaves=8
num_cat=0
split_feature=16 16 0 16 0 16 9
split_gain=1.15395 2.31408 1.31068 1.64918 1.3367 1.2317 1.2273
threshold=0.041754111928017819 0.0345124392496673 0.014495565396983491 0.027643208181169724 0.010049455103007589 0.04954323388425997 0.050717488419371744
decision_type=2 2 2 2 2 2 8
left_child=1 2 3 4 -1 -2 -4
right_child=5 -3 6 -5 -6 -7 -8
leaf_value=6.8506772794929909e-07 0.00023716827624901743 -0.00011169489346451118 0.0001228696981513549 0.00015079512500531554 -0.00015158234513038319 8.5057071814202946e-06 1.2584260485469513e-06
leaf_weight=431 26 48 52 32 44 62 49
leaf_count=431 26 48 52 32 44 62 49
internal_value=0.000873656 0.000152439 0.000986842 -4.93097e-05 -0.000789474 0.00625 0.00618812
internal_weight=744 656 608 507 475 88 101
internal_count=744 656 608 507 475 88 101
is_linear=0
shrinkage=0.05


end of trees

feature_importances:
dist_ma200=59
sector_ret_1d=44
overnight_gap=39
vix_level=34
parkinson_20=32
ret_1d=31
dist_ma50=31
spy_ret_1d=31
spy_ret_5d=28
sector_ret_5d=28
vix_chg_1d=26
ret_5d=25
dist_ma20=24
ret_20d=23
atr_pct=20
dvol_z_20=15
spy_ret_20d=14

parameters:
[boosting: gbdt]
[objective: quantile]
[metric: quantile]
[tree_learner: serial]
[device_type: cpu]
[data_sample_strategy: bagging]
[data: ]
[valid: ]
[num_iterations: 80]
[learning_rate: 0.05]
[num_leaves: 8]
[num_threads: 1]
[seed: 0]
[deterministic: 0]
[force_col_wise: 1]
[force_row_wise: 0]
[histogram_pool_size: -1]
[max_depth: -1]
[min_data_in_leaf: 25]
[min_sum_hessian_in_leaf: 0.001]
[bagging_fraction: 0.9]
[pos_bagging_fraction: 1]
[neg_bagging_fraction: 1]
[bagging_freq: 1]
[bagging_seed: 3]
[bagging_by_query: 0]
[feature_fraction: 0.9]
[feature_fraction_bynode: 1]
[feature_fraction_seed: 2]
[extra_trees: 0]
[extra_seed: 6]
[early_stopping_round: 0]
[early_stopping_min_delta: 0]
[first_metric_only: 0]
[max_delta_step: 0]
[lambda_l1: 0]
[lambda_l2: 0]
[linear_lambda: 0]
[min_gain_to_split: 0]
[drop_rate: 0.1]
[max_drop: 50]
[skip_drop: 0.5]
[xgboost_dart_mode: 0]
[uniform_drop: 0]
[drop_seed: 4]
[top_rate: 0.2]
[other_rate: 0.1]
[min_data_per_group: 100]
[max_cat_threshold: 32]
[cat_l2: 10]
[cat_smooth: 10]
[max_cat_to_onehot: 4]
[top_k: 20]
[monotone_constraints: ]
[monotone_constraints_method: basic]
[monotone_penalty: 0]
[feature_contri: ]
[forcedsplits_filename: ]
[refit_decay_rate: 0.9]
[cegb_tradeoff: 1]
[cegb_penalty_split: 0]
[cegb_penalty_feature_lazy: ]
[cegb_penalty_feature_coupled: ]
[path_smooth: 0]
[interaction_constraints: ]
[verbosity: -1]
[saved_feature_importance_type: 0]
[use_quantized_grad: 0]
[num_grad_quant_bins: 4]
[quant_train_renew_leaf: 0]
[stochastic_rounding: 1]
[linear_tree: 0]
[max_bin: 255]
[max_bin_by_feature: ]
[min_data_in_bin: 3]
[bin_construct_sample_cnt: 200000]
[data_random_seed: 1]
[is_enable_sparse: 1]
[enable_bundle: 1]
[use_missing: 1]
[zero_as_missing: 0]
[feature_pre_filter: 1]
[pre_partition: 0]
[two_round: 0]
[header: 0]
[label_column: ]
[weight_column: ]
[group_column: ]
[ignore_column: ]
[categorical_feature: ]
[forcedbins_filename: ]
[precise_float_parser: 0]
[parser_config_file: ]
[objective_seed: 5]
[num_class: 1]
[is_unbalance: 0]
[scale_pos_weight: 1]
[sigmoid: 1]
[boost_from_average: 1]
[reg_sqrt: 0]
[alpha: 0.5]
[fair_c: 1]
[poisson_max_delta_step: 0.7]
[tweedie_variance_power: 1.5]
[lambdarank_truncation_level: 30]
[lambdarank_norm: 1]
[label_gain: ]
[lambdarank_position_bias_regularization: 0]
[eval_at: ]
[multi_error_top_k: 1]
[auc_mu_weights: ]
[num_machines: 1]
[local_listen_port: 12400]
[time_out: 120]
[machine_list_filename: ]
[machines: ]
[gpu_platform_id: -1]
[gpu_device_id: -1]
[gpu_device_id_list: ]
[gpu_use_dp: 0]
[num_gpu: 1]

end of parameters

pandas_categorical:[]
