tree
version=v4
num_class=1
num_tree_per_iteration=1
label_index=0
max_feature_idx=16
objective=quantile
feature_names=ret_1d ret_5d ret_20d overnight_gap atr_pct parkinson_20 dvol_z_20 dist_ma20 dist_ma50 dist_ma200 spy_ret_1d spy_ret_5d spy_ret_20d vix_level vix_chg_1d sector_ret_1d sector_ret_5d
feature_infos=[-0.19813624063994151:0.32423692176531871] [-0.23966939578962465:0.44104715036402409] [-0.40634608083143986:0.74501765160956679] [-0.17816726944018657:0.18597122945677236] [0.027347934861469723:0.11259761132511611] [0.016755588533056601:0.05467266096892319] [-2.2250888629025574:4.218148221386306] [-0.31111894221906844:0.50229901633928531] [-0.43686970813220061:0.65384688930313795] [-0.41763128947693828:1.0009055683347126] [-0.058542971330535654:0.10501930183911301] [-0.11496151859245618:0.082843162776128354] [-0.1226559005192206:0.15756591020035837] [11.859999656677246:52.330001831054688] [-0.35753873962348437:0.74039073966007019] [-0.068247998544687438:0.13425697132599002] [-0.13587196028298487:0.11773217696052685]
tree_sizes=828 852 854 856 854 866 853 852 859 856 867 860 853 860 871 857 859 861 866 856 866 856 847 854 829 858 854 866 857 861 860 858 864 859 853 858 863 851 864 860 862 855 863 858 844 858 863 868 851 859 845 853 836 856 869 865 849 857 863 851 855 860 850 856 868 848 854 857 850 854 849

Tree=0
num_leaves=8
num_cat=0
split_feature=16 4 4 8 16 14 1
split_gain=4.44267 2.30009 2.90241 2.61656 1.86338 3.66661 2.21678
threshold=-0.040573350661120271 0.047128346709982526 0.045399949513948067 -0.15843519132391762 0.0042975134181607597 -0.056925165822572281 -0.022485966789734742
decision_type=2 2 2 10 2 2 2
left_child=-1 2 4 -3 6 -6 -2
right_child=1 3 -4 -5 5 -7 -8
leaf_value=0.020109421759843826 0.018964232224971057 0.018372493286733516 0.018383760444703513 0.019475423637777566 0.019399715587496758 0.018833926925435663 0.019502264494076372
leaf_weight=48 91 34 30 223 27 201 96
leaf_count=48 91 34 30 223 27 201 96
internal_value=0.0190748 0.0180686 0.0158936 0.0218346 0.0169793 0.013945 0.0206788
internal_weight=750 702 445 257 415 228 187
internal_count=750 702 445 257 415 228 187
is_linear=0
shrinkage=1


Tree=1
num_leaves=8
num_cat=0
split_feature=11 4 5 11 16 4 8
split_gain=4.30129 2.6093 2.56405 2.81995 2.25294 1.79132 1.75258
threshold=-0.017068850621732742 0.051266935593731286 0.027561574600348276 0.014107180383983399 -0.022199295756145373 0.060352002556460733 0.04288257256080797
decision_type=2 2 2 2 2 2 8
left_child=6 2 3 4 -2 -3 -1
right_child=1 5 -4 -5 -6 -7 -8
leaf_value=0.0004675061814486981 -0.00035582356154918677 0.00037115999031811964 -0.00045126922894269224 -0.00035506566287949685 5.9226851444691389e-05 -0.00013415268156677479 0.00096344489356852141
leaf_weight=68 26 108 71 121 269 42 29
leaf_count=68 26 108 71 121 269 42 29
internal_value=-0.00027248 -0.00176609 -0.00354209 -0.00204327 0.00059322 0.004 0.00953608
internal_weight=734 637 487 416 295 150 97
internal_count=734 637 487 416 295 150 97
is_linear=0
shrinkage=0.05


Tree=2
num_leaves=8
num_cat=0
split_feature=4 11 0 3 11 8 9
split_gain=2.91677 2.73749 3.13273 2.21875 1.92166 1.84808 1.82927
threshold=0.051888643087800536 0.019556764027941379 0.0068233726947618542 0.024685544181275113 -0.021243807178240256 -0.12912367573669173 0.10847930602977564
decision_type=2 2 2 2 2 10 10
left_child=1 -1 -3 4 -2 -6 -7
right_child=3 2 -4 -5 5 6 -8
leaf_value=-1.8731104093603834e-05 0.00093204983789473776 -0.0006163668027729728 -6.3498596427962947e-06 0.0011037535900250077 -0.00090396422546473341 0.00050411079055629685 -0.0003149441864807158
leaf_weight=469 32 44 45 29 26 41 63
leaf_count=469 32 44 45 29 26 41 63
internal_value=3.33778e-05 -0.00179211 -0.00983146 0.00536649 0.00308642 0.000384615 0.00336538
internal_weight=749 558 89 191 162 130 104
internal_count=749 558 89 191 162 130 104
is_linear=0
shrinkage=0.05


Tree=3
num_leaves=8
num_cat=0
split_feature=4 11 11 14 2 8 13
split_gain=3.90829 3.04954 2.25488 1.87375 1.76584 1.54116 2.23301
threshold=0.051266935593731286 0.026483501755781628 -0.021243807178240256 0.083812216488613714 -0.14693773940954549 0.12268335752878169 14.444999694824221
decision_type=2 2 2 2 2 8 2
left_child=1 3 -2 5 -4 -1 -7
right_child=2 -3 4 -5 -6 6 -8
leaf_value=-0.00024202423343522251 0.00088691743868403146 -0.00037625885486777415 -0.00056236340476898457 0.00027887083327514118 0.00030964642089093122 -0.0004809368088666817 0.00035176225809263991
leaf_weight=314 41 41 27 48 137 48 87
leaf_count=314 41 41 27 48 137 48 87
internal_value=0.000100942 -0.00213755 0.00597561 -0.00105634 0.00335366 -0.00206013 0.00240741
internal_weight=743 538 205 497 164 449 135
internal_count=743 538 205 497 164 449 135
is_linear=0
shrinkage=0.05


Tree=4
num_leaves=8
num_cat=0
split_feature=4 5 14 13 8 9 13
split_gain=4.24892 1.75091 1.56726 3.06849 2.32528 1.51039 1.4748
threshold=0.051888643087800536 0.027242427430916347 -0.035621573523768706 19.295000076293949 0.0049340054374553697 0.23011445501800146 25.010000228881839
decision_type=2 2 2 2 10 8 2
left_child=1 2 4 5 -1 -4 -2
right_child=6 -3 3 -5 -6 -7 -8
leaf_value=-0.00011432673382580118 0.00021943582171748879 -0.00027546804611403795 -8.1581088227212622e-05 0.00052855696500802869 0.00036951795227341787 -0.00043220200992476757 0.0011669748847244776
leaf_weight=46 155 114 202 37 54 104 34
leaf_count=46 155 114 202 37 54 104 34
internal_value=0.000268097 -0.00192998 -0.000507901 -0.0021137 0.005 -0.00375817 0.00674603
internal_weight=746 557 443 343 100 306 189
internal_count=746 557 443 343 100 306 189
is_linear=0
shrinkage=0.05


Tree=5
num_leaves=8
num_cat=0
split_feature=11 4 5 11 15 16 15
split_gain=3.49164 2.15365 2.71178 1.74491 2.43414 1.56643 1.38912
threshold=-0.017068850621732742 0.051266935593731286 0.027242427430916347 0.015296127885016332 0.0028508252936871874 -0.02188896273457391 -0.0021569799901034466
decision_type=2 2 2 2 2 2 2
left_child=-1 2 3 5 -5 -2 -7
right_child=1 -3 -4 4 -6 6 -8
leaf_value=0.00050212911675762736 -0.00039046826417515873 0.00016158049676570242 -0.00036972017753756888 -0.0006381602091175755 -4.3683569176795547e-05 0.00022007641706926919 -1.9480293211106975e-05
leaf_weight=99 25 154 96 37 64 85 177
leaf_count=99 25 154 96 37 64 85 177
internal_value=0.000101764 -0.00125392 -0.00289256 -0.00103093 -0.00668317 0.000958188 0.00209924
internal_weight=737 638 484 388 101 287 262
internal_count=737 638 484 388 101 287 262
is_linear=0
shrinkage=0.05


Tree=6
num_leaves=8
num_cat=0
split_feature=4 16 3 14 8 15 10
split_gain=2.61808 2.26241 1.99627 1.90381 1.85039 1.80999 2.23094
threshold=0.051888643087800536 0.0042975134181607597 0.02768276642805512 -0.036136320679139293 0.003633244741311104 0.0027254925316753113 -0.00262768472957231
decision_type=2 2 2 2 8 2 2
left_child=1 4 -2 -3 -1 6 -6
right_child=2 3 -4 -5 5 -7 -8
leaf_value=-0.00013779379440800426 9.0648643006831242e-05 3.3806444662142381e-05 0.00088694287615155793 -0.00038340858943653605 0.00015873976459213797 -0.00023416968312685028 0.00055998606229172489
leaf_weight=114 163 80 27 221 57 45 39
leaf_count=114 163 80 27 221 57 45 39
internal_value=-6.70241e-05 -0.00179856 0.005 -0.00473422 0.00166667 0.00549645 0.009375
internal_weight=746 556 190 301 255 141 96
internal_count=746 556 190 301 255 141 96
is_linear=0
shrinkage=0.05


Tree=7
num_leaves=8
num_cat=0
split_feature=4 3 15 14 5 2 1
split_gain=2.73725 2.65098 2.12353 1.81619 1.82197 1.51354 1.51207
threshold=0.051266935593731286 0.024685544181275113 0.0030786707126864159 0.090336443973437111 0.026921106311852874 0.005528094970788989 -0.02553190247856468
decision_type=2 2 2 2 2 2 2
left_child=3 2 5 4 6 -2 -1
right_child=1 -3 -4 -5 -6 -7 -8
leaf_value=-0.00027076216699426349 0.00020196364430273691 0.0008358676120333215 -0.00020709408832852197 0.00027187466213211711 -0.00029988931841301808 0.0009331686839657051 2.0268576776426295e-05
leaf_weight=93 48 34 85 46 109 37 293
leaf_count=93 48 34 85 46 109 37 293
internal_value=-3.3557e-05 0.00490196 0.00235294 -0.00189464 -0.00277778 0.00794118 -0.0011658
internal_weight=745 204 170 541 495 85 386
internal_count=745 204 170 541 495 85 386
is_linear=0
shrinkage=0.05


Tree=8
num_leaves=8
num_cat=0
split_feature=13 13 12 12 4 6 3
split_gain=2.47289 1.34402 1.76417 2.82507 2.11543 1.6951 1.45817
threshold=25.319999694824222 14.765000343322756 0.023201690371345566 0.036024186060428572 0.050134961666667706 -0.65745401893581323 -0.0068268738295185196
decision_type=2 2 2 2 2 2 2
left_child=1 5 -3 -4 -5 -1 -7
right_child=-2 2 3 4 -6 6 -8
leaf_value=-0.00046617223298981792 0.00089008363946528927 -3.9977165387673419e-05 0.00029995251140694742 -0.00050325310477332028 0.00057485945551180335 0.00028426664098484699 -0.00015066461647952526
leaf_weight=64 35 325 82 63 40 36 119
leaf_count=64 35 325 82 63 40 36 119
internal_value=0.000589005 -3.42936e-05 0.00137255 0.00527027 -0.000242718 -0.0033105 -0.000483871
internal_weight=764 729 510 185 103 219 155
internal_count=764 729 510 185 103 219 155
is_linear=0
shrinkage=0.05


Tree=9
num_leaves=8
num_cat=0
split_feature=13 3 9 9 0 7 7
split_gain=3.11879 1.25058 1.98453 2.00338 1.66799 2.2604 1.96207
threshold=25.319999694824222 -0.0013320350067038131 -0.13407428268775803 0.27262021593910363 -0.0037134780925483497 0.031415825259170756 0.031059836326753579
decision_type=2 2 8 10 2 2 2
left_child=1 4 -3 -4 6 -6 -1
right_child=-2 2 3 -5 5 -7 -8
leaf_value=-0.00010021752418049105 0.00099196327509477595 0.0003031388512181507 -3.2603747785744933e-05 0.00046068787160084314 -6.1225684842560005e-05 -0.00083156293175487236 0.0004042841706462675
leaf_weight=141 30 26 310 73 66 41 57
leaf_count=141 30 26 310 73 66 41 57
internal_value=0.000873656 0.000210084 0.00201711 0.00110966 -0.00221311 -0.00724299 0.000505051
internal_weight=744 714 409 383 305 107 198
internal_count=744 714 409 383 305 107 198
is_linear=0
shrinkage=0.05


Tree=10
num_leaves=8
num_cat=0
split_feature=11 8 2 14 8 1 16
split_gain=1.68546 1.68756 1.8481 2.02863 2.05805 1.80857 2.85634
threshold=-0.023324981642921735 0.33920906041883087 0.19996336417051433 -0.037983330078441173 0.11471936594054834 -0.047995515790324843 0.0038520933134809092
decision_type=2 10 2 2 10 2 2
left_child=-1 2 3 4 -2 -5 -7
right_child=1 -3 -4 5 -6 6 -8
leaf_value=0.00054180478533873589 6.3738855618563581e-05 0.00082690121748546963 -0.00031671315082769971 -0.00039378055600832672 0.00056174507027510496 0.00019333546510841174 -0.00023488215115478607
leaf_weight=58 126 37 77 69 27 142 213
leaf_count=58 126 37 77 69 27 142 213
internal_value=0.000433912 -0.000253256 -0.000840979 0.000129983 0.00506536 -0.00165094 -0.000211268
internal_weight=749 691 654 577 153 424 355
internal_count=749 691 654 577 153 424 355
is_linear=0
shrinkage=0.05


Tree=11
num_leaves=8
num_cat=0
split_feature=11 4 5 12 2 14 11
split_gain=2.54652 1.28767 2.30104 1.90434 1.88462 1.80638 1.46639
threshold=-0.017068850621732742 0.051888643087800536 0.026921106311852874 -0.017557998492747081 -0.088115684328538821 -0.056925165822572281 0.014107180383983399
decision_type=2 2 2 2 2 2 2
left_child=-1 2 4 -3 -2 -6 -7
right_child=1 3 -4 -5 5 6 -8
leaf_value=0.0004058448260839142 -0.0002702195057958422 -0.00029800666067159227 -0.00029572242930002196 0.00031006130287169185 0.00048504103639707125 6.7497993092730142e-05 -0.00029305669235993369
leaf_weight=102 28 37 115 101 42 227 95
leaf_count=102 28 37 115 101 42 227 95
internal_value=0.000502008 -0.000658915 -0.00182446 0.00362319 0 0.000961538 -0.000310559
internal_weight=747 645 507 138 392 364 322
internal_count=747 645 507 138 392 364 322
is_linear=0
shrinkage=0.05


Tree=12
num_leaves=8
num_cat=0
split_feature=13 0 10 8 16 3 16
split_gain=2.12668 2.13438 2.04085 1.94611 1.35186 1.55156 1.2897
threshold=17.494999885559086 0.021015794885576814 0.000540884636322292 0.027418154592821934 0.034945768918470684 0.0048378845436367621 0.027358645496494031
decision_type=2 2 2 10 2 2 2
left_child=4 2 -2 -3 6 -6 -1
right_child=1 3 -4 -5 5 -7 -8
leaf_value=-2.9503043608023092e-05 0.00023987634443079967 4.0822339265547767e-05 -0.00039187097454691322 0.00070502610080733252 5.3591058256069647e-06 -0.00038645639403833319 0.0005319504717457294
leaf_weight=330 147 30 67 44 38 41 37
leaf_count=330 147 30 67 44 38 41 37
internal_value=0.000817439 0.00416667 0.00163551 0.0114865 -0.00134529 -0.00727848 -6.81199e-05
internal_weight=734 288 214 74 446 79 367
internal_count=734 288 214 74 446 79 367
is_linear=0
shrinkage=0.05


Tree=13
num_leaves=8
num_cat=0
split_feature=16 6 6 2 13 12 3
split_gain=2.26104 1.63578 1.63541 1.88225 2.27027 1.60064 1.50666
threshold=-0.035579500804644275 -0.34838727549014337 -0.23254691384053952 -0.088115684328538821 17.494999885559086 -0.011160123859114189 0.011693758525497923
decision_type=2 2 2 2 2 2 2
left_child=-1 -2 -3 -4 6 -6 -5
right_child=1 2 3 4 5 -7 -8
leaf_value=0.00050373425095183607 -0.00017053434943006492 0.00028372442610276235 -0.00054250560200859129 0.00010083738446692512 -3.4596170055437375e-05 0.00069799382302596872 -0.00025099723682510904
leaf_weight=69 288 40 44 116 25 78 85
leaf_count=69 288 40 44 116 25 78 85
internal_value=0.000436242 -0.000443787 0.00167526 0.000574713 0.00197368 0.00800971 -0.0011194
internal_weight=745 676 388 348 304 103 201
internal_count=745 676 388 348 304 103 201
is_linear=0
shrinkage=0.05


Tree=14
num_leaves=8
num_cat=0
split_feature=11 15 7 16 12 14 3
split_gain=1.77176 1.92712 1.64113 2.13498 1.49587 1.42658 1.63027
threshold=0.00036209902272010824 0.0074022685247603368 -0.019858462264926432 -0.037135859699262634 -0.0011596374910577965 -0.034475777702634207 0.013093671734645375
decision_type=2 2 2 2 2 2 2
left_child=1 2 3 -1 -5 -2 -7
right_child=5 -3 -4 4 -6 6 -8
leaf_value=0.00061547300985187936 4.4708698771792761e-05 -0.00015384482805016336 0.00027464840157452505 -0.00031946498455673767 6.2555542475906901e-05 -0.00022123439909872927 -0.00045783408942799979
leaf_weight=38 143 58 104 34 40 237 65
leaf_count=38 143 58 104 34 40 237 65
internal_value=-0.000243394 0.00291971 0.00509259 0.000892857 -0.00405405 -0.00219101 -0.00413907
internal_weight=719 274 216 112 74 445 302
internal_count=719 274 216 112 74 445 302
is_linear=0
shrinkage=0.05


Tree=15
num_leaves=8
num_cat=0
split_feature=7 2 11 1 15 12 16
split_gain=1.94752 1.73969 1.64557 1.61807 1.54368 1.49822 1.4652
threshold=-0.13497441385991418 -0.073094377361788795 0.00053831818388905283 -0.054926509012597872 0.002661722857901561 0.013329890655183642 -0.032577672604407408
decision_type=2 2 2 2 2 2 2
left_child=-1 -2 3 6 5 -5 -3
right_child=1 2 -4 4 -6 -7 -8
leaf_value=0.00068353577910614568 -0.00020095746755565422 0.0002931926467764686 -4.0869569024190591e-05 0.00059340883616825022 2.8486147529334372e-05 0.00021166446125469898 -0.00020327952382737113
leaf_weight=27 104 26 395 54 60 49 28
leaf_count=27 104 26 395 54 60 49 28
internal_value=0.000706595 0.000209497 0.00122549 0.0047235 0.00720859 0.0109223 -0.00277778
internal_weight=743 716 612 217 163 103 54
internal_count=743 716 612 217 163 103 54
is_linear=0
shrinkage=0.05


Tree=16
num_leaves=8
num_cat=0
split_feature=11 10 2 13 6 3 11
split_gain=2.58836 1.59523 1.57875 1.42857 1.34255 1.7229 2.39484
threshold=-0.017068850621732742 -0.0023625599212317434 -0.091008890811485596 17.125000000000004 -0.34838727549014337 -0.014773934994874281 0.025508848097117291
decision_type=2 2 2 2 2 2 2
left_child=1 -1 3 -2 5 -4 -7
right_child=2 -3 4 -5 -6 6 -8
leaf_value=0.0005957013692502503 -7.5249387203714903e-05 0.00011443970199890713 -0.00051041203645615831 -0.0005823739018899493 5.3900184678451828e-05 3.3251938916624683e-05 -0.00049615716266421771
leaf_weight=59 35 38 31 35 337 196 26
leaf_count=59 35 38 31 35 337 196 26
internal_value=0.000363276 0.00798969 -0.000757576 -0.00785714 8.47458e-05 -0.00266798 -0.00112613
internal_weight=757 97 660 70 590 253 222
internal_count=757 97 660 70 590 253 222
is_linear=0
shrinkage=0.05


Tree=17
num_leaves=8
num_cat=0
split_feature=16 4 4 3 14 14 12
split_gain=2.3644 1.51332 2.15503 1.61602 1.39473 1.30575 1.69436
threshold=-0.043074199358928138 0.048078337293910915 0.045063671547309163 0.020659806978341692 0.083812216488613714 -0.031629138048926246 0.038133523914403618
decision_type=2 2 2 2 2 2 2
left_child=-1 2 3 4 5 6 -2
right_child=1 -3 -4 -5 -6 -7 -8
leaf_value=0.00062496005301919855 -3.1509817824345015e-05 8.1220805098236774e-05 -0.00044703305170206179 0.00019411987631498662 0.00012099515560866029 -0.00031827304704541291 0.00060086151880645695
leaf_weight=43 62 243 65 39 25 244 25
leaf_count=43 62 243 65 39 25 244 25
internal_value=-0.000335121 -0.00103129 -0.00271739 -0.00132911 -0.00238764 -0.00324773 0.00201149
internal_weight=746 703 460 395 356 331 87
internal_count=746 703 460 395 356 331 87
is_linear=0
shrinkage=0.05


Tree=18
num_leaves=8
num_cat=0
split_feature=12 12 13 3 2 16 14
split_gain=1.81026 1.71369 1.57649 1.16439 1.09242 1.54541 2.37265
threshold=0.078665410711505027 0.059758748559170745 25.960000038146976 -0.026945819373387022 -0.13649063285126459 0.0038520933134809092 -0.036136320679139293
decision_type=2 2 2 2 2 2 2
left_child=1 2 3 -1 -5 -6 -7
right_child=-2 -3 -4 4 5 6 -8
leaf_value=0.00044438742896915016 -0.00067333892930997717 0.00051643842337262475 0.00067850929985433829 -0.00023264821148695318 4.814053152889615e-05 0.00010361462551779986 -0.00028932214642825391
leaf_weight=28 26 30 31 44 276 87 231
leaf_count=28 26 30 31 44 276 87 231
internal_value=-0.000498008 -3.43879e-05 -0.00053802 -0.00105105 -0.00148903 -0.000925926 -0.00330189
internal_weight=753 727 697 666 638 594 318
internal_count=753 727 697 666 638 594 318
is_linear=0
shrinkage=0.05


Tree=19
num_leaves=8
num_cat=0
split_feature=13 8 7 12 12 12 3
split_gain=2.33059 1.55246 2.11508 1.03937 1.34269 1.03643 1.92743
threshold=19.085000038146976 -0.020980132924832414 -0.060165802573364673 0.0053623366190914687 0.019647566703835165 -0.017557998492747081 -0.011461695671282078
decision_type=2 10 2 2 2 2 2
left_child=1 2 -1 -4 -5 -2 -7
right_child=5 -3 3 4 -6 6 -8
leaf_value=0.0002139016022086708 5.5520220136372547e-06 -5.4850666654031842e-06 -0.00013927386324172073 -0.00033678070267610194 -0.0001385255253126605 -0.00021197841999875643 0.00057032275164152079
leaf_weight=51 86 392 48 30 37 29 66
leaf_count=51 86 392 48 30 37 29 66
internal_value=-0.000372124 -0.00197133 -0.0060241 -0.00978261 -0.013806 0.00455801 0.00815789
internal_weight=739 558 166 115 67 181 95
internal_count=739 558 166 115 67 181 95
is_linear=0
shrinkage=0.05


Tree=20
num_leaves=8
num_cat=0
split_feature=13 12 9 12 14 12 12
split_gain=2.4949 1.36312 1.68354 1.60542 3.10037 1.18954 2.43732
threshold=19.115000724792484 0.023201690371345566 -0.13407428268775803 0.029255281131715608 -0.0092544987085180757 0.0053623366190914687 -0.0011596374910577965
decision_type=2 2 8 2 2 2 2
left_child=1 5 -3 4 -4 6 -1
right_child=-2 2 3 -5 -6 -7 -8
leaf_value=-0.0001767562869051503 0.00029712704525441144 0.00038012967687057098 0.00061655714101832397 -8.0929768557425245e-05 -0.00026849801527640101 -0.00025801700397303618 0.00048693963885641876
leaf_weight=92 178 28 30 217 35 143 28
leaf_count=92 178 28 30 217 35 143 28
internal_value=0.000166445 -0.00143979 0.000806452 -0.00035461 0.00653846 -0.00408745 -0.000416667
internal_weight=751 573 310 282 65 263 120
internal_count=751 573 310 282 65 263 120
is_linear=0
shrinkage=0.05


Tree=21
num_leaves=8
num_cat=0
split_feature=13 16 8 3 3 16 6
split_gain=2.3608 1.0789 1.60481 1.37339 1.26287 1.56991 1.2512
threshold=25.505000114440922 -0.045426613673476827 -0.15843519132391762 -0.026945819373387022 -0.014773934994874281 0.0042008580462833409 -0.79071233582412914
decision_type=2 2 10 2 2 2 2
left_child=1 -1 -3 -4 5 -5 -6
right_child=-2 2 3 4 6 -7 -8
leaf_value=0.0004696759638557564 0.00066693348288084499 -0.00063474546985451839 0.00041960588055759915 5.3007150666938014e-06 -0.00019817679804191304 -0.00044081252086257693 2.0081414791985227e-05
leaf_weight=26 31 46 28 29 119 31 438
leaf_count=26 31 46 28 29 119 31 438
internal_value=0.000200535 -0.000383543 -0.000759768 -0.000116279 -0.00060778 -0.0075 0.00013465
internal_weight=748 717 691 645 617 60 557
internal_count=748 717 691 645 617 60 557
is_linear=0
shrinkage=0.05


Tree=22
num_leaves=8
num_cat=0
split_feature=16 8 8 8 8 8 9
split_gain=2.34406 1.17737 1.04559 1.85117 1.11987 1.22476 1.06667
threshold=-0.040573350661120271 0.33920906041883087 0.20336436798525639 0.15265366592231946 0.13730100961618821 0.12217367536227876 0.2193923437128136
decision_type=2 10 8 10 10 10 10
left_child=-1 2 3 4 5 -2 -5
right_child=1 -3 -4 6 -6 -7 -8
leaf_value=0.00051906260442333672 -1.9184147614647805e-05 0.00058677133786541298 -0.00029743745233469228 0.00038836480833578414 -0.00034738922425842371 0.00013348657646656054 2.2934208046035065e-05
leaf_weight=45 475 39 56 30 33 34 30
leaf_count=45 475 39 56 30 33 34 30
internal_value=0.000606469 -0.000107604 -0.000607903 0 -0.000922509 -0.000343811 0.00833333
internal_weight=742 697 658 602 542 509 60
internal_count=742 697 658 602 542 509 60
is_linear=0
shrinkage=0.05


Tree=23
num_leaves=8
num_cat=0
split_feature=6 13 4 3 10 10 15
split_gain=2.00317 1.91886 1.77749 1.40999 1.42619 1.82083 1.26711
threshold=-0.49949755884789537 20.255000114440922 0.051266935593731286 0.027291566564798812 0.0074825257104576002 -0.0092548931155976826 0.0021699647082250588
decision_type=2 2 2 2 2 2 2
left_child=1 -1 -2 4 5 -4 -7
right_child=2 -3 3 -5 -6 6 -8
leaf_value=-0.00018952126729912422 1.0562107696759915e-06 0.00027026868312809114 -0.00014497097281853771 0.00078557973924587774 -7.3496978588095352e-05 0.00058696628745301188 9.0953082147023946e-05
leaf_weight=212 343 43 26 26 30 40 31
leaf_count=212 343 43 26 26 30 40 31
internal_value=0.000366178 -0.00323529 0.00221774 0.00669935 0.00452756 0.00747423 0.0116197
internal_weight=751 255 496 153 127 97 71
internal_count=751 255 496 153 127 97 71
is_linear=0
shrinkage=0.05


Tree=24
num_leaves=8
num_cat=0
split_feature=11 8 13 8 4 8 5
split_gain=2.70185 1.2856 1.5327 2.09364 1.28 1.26322 1.00201
threshold=-0.023324981642921735 0.15265366592231946 17.795000076293949 0.20100227441971166 0.051266935593731286 0.14310266928368501 0.027295069037968789
decision_type=2 10 2 10 2 8 2
left_child=-1 5 3 -3 -5 6 -2
right_child=1 2 -4 4 -6 -7 -8
leaf_value=0.00046376115982951928 1.5870675474006884e-06 0.00010815828582763374 0.00071592009716133853 -0.000392079558695753 1.023291457736466e-05 -0.00057353528920050991 -0.00017861131264168079
leaf_weight=53 372 44 41 25 25 41 148
leaf_count=53 372 44 41 25 25 41 148
internal_value=-3.33778e-05 -0.000862069 0.00351852 0 -0.007 -0.00191622 -0.00125
internal_weight=749 696 135 94 50 561 520
internal_count=749 696 135 94 50 561 520
is_linear=0
shrinkage=0.05


Tree=25
num_leaves=8
num_cat=0
split_feature=13 2 6 2 8 16 13
split_gain=2.37198 1.22996 1.24071 2.00187 2.02061 1.90649 1.96322
threshold=25.505000114440922 -0.073094377361788795 -0.34838727549014337 0.065274650180887864 0.0070120957859638464 0.021325418319259829 16.425000190734867
decision_type=2 2 2 2 8 2 2
left_child=1 -1 3 4 -3 6 -5
right_child=-2 2 -4 5 -6 -7 -8
leaf_value=-0.00013002091868861968 0.00064715143067902402 -0.00010571326552033349 7.8731926748563255e-05 -0.00043615676068851694 0.00027675632529865744 -0.00052752558371443989 2.1655566875990707e-05
leaf_weight=118 31 91 342 40 72 26 37
leaf_count=118 31 91 342 40 72 26 37
internal_value=0.000165125 -0.000413223 0.000493421 -0.00206767 0.00138037 -0.00752427 -0.00357143
internal_weight=757 726 608 266 163 103 77
internal_count=757 726 608 266 163 103 77
is_linear=0
shrinkage=0.05


Tree=26
num_leaves=8
num_cat=0
split_feature=16 8 4 13 15 4 4
split_gain=1.95548 1.24616 1.68188 2.99826 2.08183 1.9685 1.76205
threshold=-0.044122106073568472 -0.15843519132391762 0.049322769030878309 16.914999961853031 0.013427295707727939 0.04525105662310757 0.047128346709982526
decision_type=2 10 2 2 2 2 2
left_child=-1 -2 5 -4 -5 -3 -7
right_child=1 2 3 4 -6 6 -8
leaf_value=0.00044891344259201203 -0.00064208898921443679 -3.0125494836058187e-06 -2.9080083116747764e-05 0.00063766134938181783 -5.6938159066929634e-05 -0.00056407314098892616 -0.00012145877511048758
leaf_weight=42 50 397 83 72 26 30 37
leaf_count=42 50 397 83 72 26 30 37
internal_value=0.000237449 -0.000395683 0.000193798 0.00428177 0.0102041 -0.00140086 -0.00932836
internal_weight=737 695 645 181 98 464 67
internal_count=737 695 645 181 98 464 67
is_linear=0
shrinkage=0.05


Tree=27
num_leaves=8
num_cat=0
split_feature=16 6 1 11 9 11 3
split_gain=1.86809 1.44425 1.5676 2.39532 2.05123 2.06364 1.46748
threshold=-0.037956089809760167 -0.49949755884789537 -0.043261933582371452 -0.0027153641144564973 -0.1234637589312607 -0.0080581821115131552 -0.0017519046324069862
decision_type=2 2 2 2 8 2 2
left_child=-1 6 3 -3 -4 -6 -2
right_child=1 2 4 -5 5 -7 -8
leaf_value=0.00032390809390298107 -0.0002513435215016619 -0.00042994441815621151 0.00061191132268399436 0.00012089665211780189 0.00043721204961676976 -1.6924081120596977e-05 -1.6912848986990695e-05
leaf_weight=57 109 36 32 40 48 289 138
leaf_count=57 109 36 32 40 48 289 138
internal_value=-0.000367156 -0.00108382 0.000617978 -0.00592105 0.00196477 0.000816024 -0.0041498
internal_weight=749 692 445 76 369 337 247
internal_count=749 692 445 76 369 337 247
is_linear=0
shrinkage=0.05


Tree=28
num_leaves=8
num_cat=0
split_feature=7 2 0 14 4 4 4
split_gain=2.24183 1.46884 1.67174 1.526 1.42643 1.70733 1.65068
threshold=-0.13497441385991418 -0.073094377361788795 -0.0014588737039825104 0.083812216488613714 0.032747587992834261 0.051266935593731286 0.030395391620314214
decision_type=2 2 2 2 2 2 2
left_child=-1 2 -2 4 6 -6 -3
right_child=1 3 -4 -5 5 -7 -8
leaf_value=0.00039799542867586558 -0.00029024725425869942 -0.00027259146883387144 1.4743792676450829e-05 0.00014382246919116316 -0.00019023275129180714 0.00029336669665863354 0.00033951609432961838
leaf_weight=27 55 34 56 56 365 123 48
leaf_count=27 55 34 56 56 365 123 48
internal_value=-0.00026178 -0.00078019 -0.00608108 0.000159744 -0.000614035 -0.00163934 0.0054878
internal_weight=764 737 111 626 570 488 82
internal_count=764 737 111 626 570 488 82
is_linear=0
shrinkage=0.05


Tree=29
num_leaves=8
num_cat=0
split_feature=16 16 7 1 13 3 3
split_gain=2.1307 1.16256 2.20448 2.06538 1.71687 1.71617 1.74673
threshold=-0.045426613673476827 0.0038520933134809092 -0.031589726779758846 -0.022485966789734742 16.085000038146976 0.02768276642805512 0.016001661068044907
decision_type=2 2 2 2 2 2 2
left_child=-1 3 -3 -2 -5 6 -4
right_child=1 2 5 4 -6 -7 -8
leaf_value=0.00041014783972382046 -5.7245376978999447e-05 0.00024561486723659738 -6.1101187236809211e-05 -4.8295457537856327e-05 0.0003435613760482657 0.00036186912970582986 -0.00054907186995221643
leaf_weight=37 160 46 264 55 95 35 40
leaf_count=37 160 46 264 55 95 35 40
internal_value=-0.000204918 -0.000827338 -0.00266234 0.00145161 0.00566667 -0.00405605 -0.00526316
internal_weight=732 695 385 310 150 339 304
internal_count=732 695 385 310 150 339 304
is_linear=0
shrinkage=0.05


Tree=30
num_leaves=8
num_cat=0
split_feature=16 3 2 16 1 13 0
split_gain=2.36443 1.22329 2.45094 1.53368 2.74949 1.74693 1.74612
threshold=-0.039836208160089086 0.02768276642805512 0.078097252354486627 0.0038520933134809092 -0.022755202024143658 13.414999961853029 0.0010038759572585933
decision_type=2 2 2 2 2 2 2
left_child=-1 3 -3 4 6 -5 -2
right_child=1 2 -4 5 -6 -7 -8
leaf_value=0.00039866394775528137 -1.5330716526986735e-05 -0.00022787215592724749 0.00067524507585079319 7.772845478366663e-05 0.00022554930044693268 -0.00019462820673910128 -0.00042184148545701384
leaf_weight=47 98 25 38 64 135 287 44
leaf_count=47 98 25 38 64 135 287 44
internal_value=-0.000745257 -0.00148336 0.00515873 -0.00214968 0.000631769 -0.00434473 -0.00422535
internal_weight=738 691 63 628 277 351 142
internal_count=738 691 63 628 277 351 142
is_linear=0
shrinkage=0.05


Tree=31
num_leaves=8
num_cat=0
split_feature=0 10 9 16 4 16 4
split_gain=1.27871 2.68122 1.60176 2.23022 1.45825 1.44665 1.38517
threshold=0.015208317730260547 -0.00083775227081622761 0.076970282965790129 0.030996719198244208 0.057280763496896363 0.042571476863798481 0.04778733125478786
decision_type=2 2 8 2 2 2 2
left_child=2 -2 6 4 -4 -5 -1
right_child=1 -3 3 5 -6 -7 -8
leaf_value=-0.00014370293292770083 0.00077141528625154776 9.2116983400676599e-06 -0.00012394176321303357 -0.00074400606945835353 0.0004914936302397217 -0.00013481271067347262 0.00020424691957127551
leaf_weight=90 34 213 233 26 33 27 82
leaf_count=90 34 213 233 26 33 27 82
internal_value=0.000203252 0.00313765 -0.00127291 -0.00336991 -0.00150376 -0.0127358 0.00261628
internal_weight=738 247 491 319 266 53 172
internal_count=738 247 491 319 266 53 172
is_linear=0
shrinkage=0.05


Tree=32
num_leaves=8
num_cat=0
split_feature=16 8 6 13 16 16 14
split_gain=1.30955 1.26939 1.27051 1.97841 1.59076 1.80667 1.71384
threshold=-0.045426613673476827 -0.10312229172779573 -0.65745401893581323 16.404999732971195 0.0038520933134809092 -0.011871024222094738 -0.035621573523768706
decision_type=2 10 2 2 2 2 2
left_child=-1 -2 3 -3 5 -4 -6
right_child=1 2 4 -5 6 -7 -8
leaf_value=0.00034116352589449653 -0.00030279799669501113 -0.00028402538566228561 2.7931219296744096e-06 5.0137901790016635e-05 6.0327003567903128e-05 0.00025278984998903571 -8.9306178512871953e-05
leaf_weight=38 80 90 96 74 84 92 197
leaf_count=38 80 90 96 74 84 92 197
internal_value=0.000166445 -0.000315568 0.000434439 -0.00335366 0.00175906 0.00531915 -0.000622776
internal_weight=751 713 633 164 469 188 281
internal_count=751 713 633 164 469 188 281
is_linear=0
shrinkage=0.05


Tree=33
num_leaves=8
num_cat=0
split_feature=6 12 12 12 12 13 9
split_gain=1.46127 1.23245 2.49478 1.50374 1.43041 1.45858 1.30908
threshold=1.3452369374282893 0.023201690371345566 0.0072856290131225751 0.078665410711505027 -0.0011596374910577965 25.319999694824222 0.053243242092395622
decision_type=2 2 2 2 2 2 8
left_child=1 2 4 -3 5 -1 -4
right_child=-2 3 6 -5 -6 -7 -8
leaf_value=-7.1165681195086653e-05 0.00020129175388134855 5.295812493404176e-05 4.454459674332022e-06 -0.00026484037983205412 0.00020265857045093417 0.00051578112409940164 -0.00033458485003852424
leaf_weight=158 84 279 36 26 48 26 91
leaf_count=158 84 279 36 26 48 26 91
internal_value=0.000334225 -0.000451807 -0.00243733 0.00188525 0.000646552 -0.0013587 -0.00807087
internal_weight=748 664 359 305 232 184 127
internal_count=748 664 359 305 232 184 127
is_linear=0
shrinkage=0.05


Tree=34
num_leaves=8
num_cat=0
split_feature=11 8 7 13 6 7 5
split_gain=1.61628 1.12698 1.26558 1.30653 1.77881 1.46254 1.40179
threshold=-0.031453464626615406 -0.11417648491653269 -0.070041033418105955 16.73499965667725 -0.75543107822787692 0.00999276938964422 0.027561574600348276
decision_type=2 10 2 2 2 2 2
left_child=-1 -2 -3 4 5 -4 -6
right_child=1 2 3 -5 6 -7 -8
leaf_value=0.00044301289298875825 -0.0003464420735717299 0.00045475325781249467 -2.0030549737617976e-05 5.8235811470165952e-05 3.3368723369683797e-05 -0.00037116996428161611 -0.00017794753573638946
leaf_weight=25 73 26 41 257 239 37 51
leaf_count=25 73 26 41 257 239 37 51
internal_value=0.000500668 6.90608e-05 0.000729647 0.00028 -0.00163043 -0.00833333 0.000172414
internal_weight=749 724 651 625 368 78 290
internal_count=749 724 651 625 368 78 290
is_linear=0
shrinkage=0.05


Tree=35
num_leaves=8
num_cat=0
split_feature=11 4 8 7 15 3 10
split_gain=2.02014 1.48468 1.31093 2.85739 1.82587 1.80639 1.51384
threshold=-0.023324981642921735 0.036920327108924865 0.080156872408411087 0.053128725344968382 0.0071060742431952048 0.0070065306982480821 0.00069579143919507047
decision_type=2 2 10 2 2 2 2
left_child=-1 2 4 -4 6 -5 -2
right_child=1 -3 3 5 -6 -7 -8
leaf_value=0.00032757164760680095 -0.00010242289646699718 -5.4763181918139614e-05 0.00045635711158041755 -0.00034550430130043616 -0.00038239983780237474 0.00011001045470485256 0.00051649692006707675
leaf_weight=60 47 489 34 33 36 25 29
leaf_count=60 47 489 34 33 36 25 29
internal_value=0.000365206 -0.000396825 0.00318627 0.0076087 -0.000446429 0.000862069 0.00394737
internal_weight=753 693 204 92 112 58 76
internal_count=753 693 204 92 112 58 76
is_linear=0
shrinkage=0.05


Tree=36
num_leaves=8
num_cat=0
split_feature=13 14 6 10 4 5 3
split_gain=1.38087 2.21093 2.50995 2.32153 1.63377 1.68793 2.00111
threshold=19.055000305175785 -0.043478201036805324 -0.75543107822787692 0.0076786476751276042 0.035284011252919086 0.022972020318345634 0.010756713838592781
decision_type=2 2 2 2 2 2 2
left_child=1 -1 -3 4 -4 -6 -7
right_child=-2 2 3 -5 5 6 -8
leaf_value=0.00011135996530652406 0.00019018168502151837 -0.00028118797267580721 0.00011916646156658797 -0.00039811735040628404 -0.0002794849572646904 0.00013957913023370013 -0.00023960899720518113
leaf_weight=115 189 97 85 35 59 127 43
leaf_count=115 189 97 85 35 59 127 43
internal_value=0.000933333 -0.000311943 -0.00190583 7.16332e-05 0.00143312 -0.000764192 0.00176471
internal_weight=750 561 446 349 314 229 170
internal_count=750 561 446 349 314 229 170
is_linear=0
shrinkage=0.05


Tree=37
num_leaves=8
num_cat=0
split_feature=9 14 1 11 7 15 7
split_gain=1.6324 1.23837 2.27112 1.73665 1.68079 1.19144 2.23326
threshold=0.14396978035205868 -0.037983330078441173 0.03979007192334539 -0.0075284193939237345 0.12220620172318732 -0.0057967333552202951 -0.020976572154755454
decision_type=8 2 2 2 2 2 2
left_child=5 2 -2 -3 -5 6 -1
right_child=1 3 -4 4 -6 -7 -8
leaf_value=8.0161069315104472e-05 -2.9021432294280317e-05 8.1888375762984285e-05 0.00032362081412861104 -0.00024480281558796269 0.0002514681067225746 8.3401130054580268e-06 0.0010565448780493055
leaf_weight=59 57 62 37 188 44 270 41
leaf_count=59 57 62 37 188 44 270 41
internal_value=0.000461741 -0.00180412 0.00319149 -0.00340136 -0.00538793 0.00283784 0.0075
internal_weight=758 388 94 294 232 370 100
internal_count=758 388 94 294 232 370 100
is_linear=0
shrinkage=0.05


Tree=38
num_leaves=8
num_cat=0
split_feature=13 7 12 12 9 12 15
split_gain=1.68954 1.03761 1.31819 1.68748 2.80457 1.70758 1.78379
threshold=25.960000038146976 0.13166340494066189 0.064838979523685905 0.023201690371345566 -0.13407428268775803 0.0072856290131225751 0.0028508252936871874
decision_type=2 2 2 2 8 2 2
left_child=1 2 3 5 -5 6 -1
right_child=-2 -3 -4 4 -6 -7 -8
leaf_value=0.00010672849098631101 0.00065079015398054646 0.00021715460248579273 -0.00046346142976265133 0.00051171302862849672 2.2908061006582295e-05 -0.00021550485955778448 -0.0001390196987876716
leaf_weight=122 31 64 31 25 246 129 100
leaf_count=122 31 64 31 25 246 129 100
internal_value=0.000668449 0.000174338 -0.000421133 8.03859e-05 0.00304428 -0.00220798 0.00045045
internal_weight=748 717 653 622 271 351 222
internal_count=748 717 653 622 271 351 222
is_linear=0
shrinkage=0.05


Tree=39
num_leaves=8
num_cat=0
split_feature=13 13 7 4 12 0 3
split_gain=1.33703 1.60923 2.40619 2.63258 1.42928 2.09144 2.28172
threshold=13.414999961853029 16.095000267028812 -0.037394652814299482 0.036765767859565694 -0.011160123859114189 -0.035314879676668014 -0.011461695671282078
decision_type=2 2 2 2 2 2 2
left_child=-1 2 -2 -4 -3 -6 -7
right_child=1 4 3 -5 5 6 -8
leaf_value=0.00010942540722763822 0.00026881070568073121 -2.9029893857727974e-05 3.4906866504245615e-05 -0.00029240122595266469 0.00048032692419954019 -0.00031448055374072147 0.00018859925386052528
leaf_weight=91 40 136 72 110 29 55 204
leaf_count=91 40 136 72 110 29 55 204
internal_value=0.000644505 -0.000154799 -0.0036036 -0.00604396 0.00165094 0.00364583 0.00222008
internal_weight=737 646 222 182 424 288 259
internal_count=737 646 222 182 424 288 259
is_linear=0
shrinkage=0.05


Tree=40
num_leaves=8
num_cat=0
split_feature=13 5 9 14 2 2 10
split_gain=1.45445 1.83037 2.83369 1.36279 1.79883 2.1743 1.71429
threshold=25.960000038146976 0.026921106311852874 0.52569854167685404 -0.043478201036805324 0.065274650180887864 0.084831147305006641 0.0038487263964011036
decision_type=2 2 10 2 2 2 2
left_child=1 3 -3 -1 -5 -6 -7
right_child=-2 2 -4 4 5 6 -8
leaf_value=0.00016188715805544633 0.00043790477629036145 -0.00015268157073341818 0.00077436206959255298 4.3701906372525286e-05 -0.0004815313412706123 2.5998077650009419e-05 -0.00030959613010197009
leaf_weight=87 28 228 28 240 27 84 28
leaf_count=87 28 228 28 240 27 84 28
internal_value=-0.000466667 -0.000900277 -0.00429688 0.000965665 -0.000329815 -0.00485612 -0.00178571
internal_weight=750 722 256 466 379 139 112
internal_count=750 722 256 466 379 139 112
is_linear=0
shrinkage=0.05


Tree=41
num_leaves=8
num_cat=0
split_feature=11 4 8 13 3 9 15
split_gain=1.29797 1.17626 1.65009 2.0547 1.16819 2.74186 1.39894
threshold=-0.023324981642921735 0.035564594129235204 0.205331104571326 17.394999504089359 0.0070461995120890695 -0.13407428268775803 0.0082776212568181923
decision_type=2 2 10 2 2 8 2
left_child=-1 -2 4 -4 -3 -6 -7
right_child=1 2 3 -5 5 6 -8
leaf_value=0.0001666376162438938 6.2030007789033728e-05 -6.7102905715182848e-06 -3.7045916955981938e-05 0.0011807560507084234 0.00039166746939934031 -0.00034343955658825629 -0.00017689591174173386
leaf_weight=55 173 303 39 31 25 65 61
leaf_count=55 173 303 39 31 25 65 61
internal_value=0.000332447 -0.000251076 -0.0014313 0.00571429 -0.00253304 -0.00612583 -0.00912698
internal_weight=752 697 524 70 454 151 126
internal_count=752 697 524 70 454 151 126
is_linear=0
shrinkage=0.05


Tree=42
num_leaves=8
num_cat=0
split_feature=16 1 7 13 13 13 16
split_gain=2.11866 1.19376 1.61465 1.61188 1.36007 1.35794 1.75548
threshold=-0.045426613673476827 -0.049477943615458979 -0.068125667260846498 18.82499980926514 22.330000877380375 13.414999961853029 0.0051174841784852329
decision_type=2 2 2 2 2 2 2
left_child=-1 2 -2 5 -5 -3 -7
right_child=1 3 -4 4 -6 6 -8
leaf_value=0.00035538990511431787 0.00025407299697912528 5.9882313416703432e-05 -0.00013309542564810835 0.00023327891174368157 -9.7301148989932014e-05 3.2992480064217293e-05 -0.00015442716427697731
leaf_weight=34 45 84 69 101 45 137 238
leaf_count=34 45 84 69 101 45 137 238
internal_value=-0.000431607 -0.00100834 -0.00570175 -0.000123967 0.00445205 -0.00157952 -0.00286667
internal_weight=753 719 114 605 146 459 375
internal_count=753 719 114 605 146 459 375
is_linear=0
shrinkage=0.05


Tree=43
num_leaves=8
num_cat=0
split_feature=8 1 14 0 0 6 2
split_gain=1.17234 1.12856 1.67916 1.4817 1.57989 1.45226 1.26621
threshold=0.33920906041883087 0.020002991329850509 0.065842641676127869 0.035179114010382324 0.019956238967899224 -0.84803393332037913 0.21418578665863411
decision_type=10 2 2 2 2 2 2
left_child=1 3 5 4 -1 -3 -7
right_child=-2 2 -4 -5 -6 6 -8
leaf_value=2.0121668511185976e-05 0.00043224307798436589 -0.00028067744763739255 -0.00049390326787343802 -0.00030219755511173255 0.00015331316184230377 9.2227162625228672e-06 -0.00024700928375769163
leaf_weight=342 36 52 26 25 42 186 37
leaf_count=342 36 52 26 25 42 186 37
internal_value=-0.000469169 -0.000915493 -0.0032392 0.000794621 0.0015625 -0.00209091 -0.000336323
internal_weight=746 710 301 409 384 275 223
internal_count=746 710 301 409 384 275 223
is_linear=0
shrinkage=0.05


Tree=44
num_leaves=8
num_cat=0
split_feature=4 3 2 1 11 1 1
split_gain=1.29316 1.55056 1.36222 1.5997 1.32389 1.06796 1.78886
threshold=0.051888643087800536 0.027291566564798812 0.20098954413981365 0.016658469792225409 -0.021243807178240256 -0.079982047864755088 -0.049477943615458979
decision_type=2 2 2 2 2 2 2
left_child=5 2 3 4 -2 -1 -7
right_child=1 -3 -4 -5 -6 6 -8
leaf_value=0.00027077984624181796 0.00032045939817073937 0.00057614360601681344 -8.0855488099177393e-05 0.0003934594416904573 -0.00025464472267478264 -0.00039725042173033802 -1.3418819619856471e-05
leaf_weight=27 28 28 34 42 58 47 476
leaf_count=27 28 28 34 42 58 47 476
internal_value=-0.000135135 0.00342105 0.00154321 0.00390625 0 -0.00136364 -0.00186424
internal_weight=740 190 162 128 86 550 523
internal_count=740 190 162 128 86 550 523
is_linear=0
shrinkage=0.05


Tree=45
num_leaves=8
num_cat=0
split_feature=1 16 16 16 10 12 13
split_gain=1.37035 1.05537 1.36601 1.60111 1.19048 1.03656 1.9157
threshold=-0.12361799701408409 0.064906854485418788 0.041754111928017819 0.0345124392496673 0.0020115949089920542 0.023201690371345566 17.605000495910648
decision_type=2 2 2 2 2 2 2
left_child=-1 2 3 5 -4 -2 -7
right_child=1 -3 4 -5 -6 6 -8
leaf_value=0.00062934046640213917 -3.3619967059501933e-05 -0.0003420768726869717 0.00020824583198379988 -0.00040043734713368146 3.357971264435905e-06 -8.1892807609962498e-06 0.00037439365790937199
leaf_weight=30 315 25 25 47 35 215 54
leaf_count=30 315 25 25 47 35 215 54
internal_value=-0.000469169 -0.000907821 -0.000542692 -0.00122821 0.00666667 -0.000513699 0.0017658
internal_weight=746 716 691 631 60 584 269
internal_count=746 716 691 631 60 584 269
is_linear=0
shrinkage=0.05


Tree=46
num_leaves=8
num_cat=0
split_feature=1 14 4 16 16 7 15
split_gain=1.4619 1.20403 2.28585 1.44163 1.92834 2.1359 1.40013
threshold=-0.12361799701408409 -0.031629138048926246 0.05792787670478599 0.041754111928017819 0.0051174841784852329 -0.047029269307625236 0.0017888909441960978
decision_type=2 2 2 2 2 2 2
left_child=-1 6 3 4 5 -3 -2
right_child=1 2 -4 -5 -6 -7 -8
leaf_value=0.00059222638362083947 0.00048473327658169569 -0.00043980823193745457 0.00034161020369190016 0.0001206852473468658 -0.00019741673388754043 4.8081600352713197e-05 1.0602877777203709e-05
leaf_weight=29 32 51 35 51 191 170 189
leaf_count=29 32 51 35 51 191 170 189
internal_value=0.000200535 -0.000243394 -0.00160643 -0.0025378 -0.00351942 -0.000339367 0.00282805
internal_weight=748 719 498 463 412 221 221
internal_count=748 719 498 463 412 221 221
is_linear=0
shrinkage=0.05


Tree=47
num_leaves=8
num_cat=0
split_feature=4 12 13 0 8 5 11
split_gain=0.826137 1.30581 1.17948 1.63831 1.48795 1.38898 1.94649
threshold=0.035383363990560586 0.0072856290131225751 15.025000095367433 -0.018787790169364157 0.29919588903407152 0.026541567124828556 -0.023324981642921735
decision_type=2 2 2 2 10 2 2
left_child=1 -1 3 -2 5 -4 -7
right_child=2 -3 4 -5 -6 6 -8
leaf_value=0.00011605155399493344 0.00017024458521605067 -1.906114151895011e-06 3.6721281905769713e-05 -0.00022229308597563059 0.00070066872898920732 0.00033809500643596332 -0.00015864721819202032
leaf_weight=46 30 132 169 110 31 30 191
leaf_count=46 30 132 169 110 31 30 191
internal_value=-0.000439783 0.00252809 -0.00138146 -0.00535714 -5.93824e-05 -0.000897436 -0.00350679
internal_weight=739 178 561 140 421 390 221
internal_count=739 178 561 140 421 390 221
is_linear=0
shrinkage=0.05


Tree=48
num_leaves=8
num_cat=0
split_feature=7 9 7 12 12 16 16
split_gain=1.12841 1.58704 2.0461 1.96485 1.8187 1.81599 3.1554
threshold=-0.0091064647876574738 0.10215355430218766 -0.042004505132431473 0.0027925929369287954 0.026461496943730015 -0.032577672604407408 -0.004254207559134692
decision_type=2 10 2 2 2 2 2
left_child=1 2 5 -4 -5 -1 -7
right_child=-2 -3 3 4 -6 6 -8
leaf_value=0.0001863458268234781 -1.1271813146919267e-05 -0.00013465190178518074 0.00014754778126771281 -0.00013152500483059137 0.00016843994252488983 -0.0004361975305526735 0.00025652425416431226
leaf_weight=42 462 56 33 25 33 53 36
leaf_count=42 462 56 33 25 33 53 36
internal_value=0.000540541 0.00305755 0.00495495 0.0107143 0.00517241 0.000954198 -0.00308989
internal_weight=740 278 222 91 58 131 89
internal_count=740 278 222 91 58 131 89
is_linear=0
shrinkage=0.05


Tree=49
num_leaves=8
num_cat=0
split_feature=7 8 7 15 1 9 11
split_gain=1.12459 1.70889 1.67696 1.39489 1.32393 2.55076 1.76569
threshold=-0.13497441385991418 -0.11726672408060033 -0.070041033418105955 0.023796500876488883 -0.054926509012597872 0.087612848142603852 -0.01634028611874094
decision_type=2 8 2 2 2 10 2
left_child=-1 -2 -3 4 5 -4 -6
right_child=1 2 3 -5 6 -7 -8
leaf_value=0.00028818070090537022 -0.00039504983309611506 0.00038301580493445444 3.0370504731788708e-05 -0.00061514142409857032 0.00035312402575959629 -0.00039990155406030537 4.9052400466270338e-06
leaf_weight=27 38 33 39 26 32 28 510
leaf_count=27 38 33 39 26 32 28 510
internal_value=0.000170532 -0.000212465 0.000374251 -0.00019685 0.000287356 -0.00634328 0.00110701
internal_weight=733 706 668 635 609 67 542
internal_count=733 706 668 635 609 67 542
is_linear=0
shrinkage=0.05


Tree=50
num_leaves=8
num_cat=0
split_feature=6 11 11 1 6 13 6
split_gain=1.34229 1.9218 1.49857 1.40645 1.38528 1.30246 1.78689
threshold=0.30350408995427164 0.026101740885835282 0.01199540999330473 0.11779148909950034 0.48586661123248226 20.375000000000004 -0.31950365568713462
decision_type=2 2 2 2 2 2 2
left_child=3 2 4 5 -2 -1 -7
right_child=1 -3 -4 -5 -6 6 -8
leaf_value=-2.1148455082969746e-05 0.00036386501468773183 0.00033320935708639984 -0.00018320938707936039 -0.00035504400019984676 0.0001087271815180339 0.00025625632917067911 -0.00035162772868069171
leaf_weight=421 27 27 35 25 125 54 26
leaf_count=421 27 27 35 25 125 54 26
internal_value=-6.75676e-05 0.00327103 0.00147059 -0.00142586 0.00361842 -0.000848303 0.005
internal_weight=740 214 187 526 152 501 80
internal_count=740 214 187 526 152 501 80
is_linear=0
shrinkage=0.05


Tree=51
num_leaves=8
num_cat=0
split_feature=11 12 9 15 0 3 9
split_gain=1.30793 1.68595 1.65204 1.24035 1.3832 1.42964 1.69671
threshold=-0.017068850621732742 -0.013091202195066818 -0.18284366433682928 -0.018886319813829763 -0.019280378291865682 -0.0044435293216897312 0.17333275057958888
decision_type=2 2 10 2 2 2 8
left_child=1 2 -1 -2 5 6 -5
right_child=3 -3 -4 4 -6 -7 -8
leaf_value=0.00024179360199031997 -0.00014110794737117973 0.00037199365484845708 -0.00014925297088491248 0.00045815212294773996 -7.3909355887814486e-06 -1.2715856652333047e-05 2.9068324248221609e-05
leaf_weight=27 28 37 37 36 518 33 46
leaf_count=27 28 37 37 36 518 33 46
internal_value=0.000393701 0.00569307 0.00078125 -0.000416036 3.94945e-05 0.005 0.00853659
internal_weight=762 101 64 661 633 115 82
internal_count=762 101 64 661 633 115 82
is_linear=0
shrinkage=0.05


Tree=52
num_leaves=8
num_cat=0
split_feature=16 16 13 16 1 16 12
split_gain=1.36987 3.11294 1.36364 1.2233 0.806979 1.71799 1.87532
threshold=0.041754111928017819 0.04954323388425997 17.914999961853031 0.0345124392496673 -0.020994192174149436 -0.040573350661120271 0.037030624356881099
decision_type=2 2 2 2 2 2 2
left_child=3 -2 -3 4 5 -1 -7
right_child=1 2 -4 -5 -6 6 -8
leaf_value=0.00024967979271376404 0.00048925872424837244 -0.00014138287617308901 0.00033277462654059104 -0.00029596986324883145 2.048191989332919e-05 -0.00011939775046953504 7.9132490767087031e-05
leaf_weight=44 25 33 27 43 366 165 45
leaf_count=44 25 33 27 43 366 165 45
internal_value=0.000200535 0.00617647 0 -0.000565611 0 -0.00216535 -0.00404762
internal_weight=748 85 60 663 620 254 210
internal_count=748 85 60 663 620 254 210
is_linear=0
shrinkage=0.05


Tree=53
num_leaves=8
num_cat=0
split_feature=5 7 5 11 7 6 9
split_gain=1.58311 1.47333 1.41476 1.64998 2.08424 1.26456 1.45071
threshold=0.034987245836741641 -0.040117503143142212 0.027397478367889212 -0.022672211523631577 0.13032283906026235 -0.23581551125441277 0.041846895663171131
decision_type=2 2 2 2 2 2 10
left_child=2 -2 -1 -4 5 6 -5
right_child=1 -3 3 4 -6 -7 -8
leaf_value=7.4038894152176144e-06 -7.1848724652070264e-05 0.00095769090208449009 0.00027537751336652577 7.4344732362638046e-06 0.00012958693782335191 -0.00032454404408105501 -0.00024205399177931088
leaf_weight=474 26 25 26 33 41 66 52
leaf_count=474 26 25 26 33 41 66 52
internal_value=-0.000168237 0.00833333 -0.000794798 -0.00412844 -0.00572917 -0.00844371 -0.00441176
internal_weight=743 51 692 218 192 151 85
internal_count=743 51 692 218 192 151 85
is_linear=0
shrinkage=0.05


Tree=54
num_leaves=8
num_cat=0
split_feature=11 11 15 9 5 10 8
split_gain=1.00617 1.33348 1.10348 1.69013 1.52525 3.36534 1.45267
threshold=0.0013310128060490813 -0.0019312453480846423 0.0079495206014560411 0.0056043369568711263 0.02118641771110754 -0.00083775227081622761 -0.035804864619509984
decision_type=2 2 2 8 2 2 10
left_child=1 -1 4 -4 -2 6 -6
right_child=2 -3 3 -5 5 -7 -8
leaf_value=1.2117816235584448e-05 5.2528166163946964e-05 0.00017992578646397074 0.00042601321585223413 -3.9791026736069046e-07 -0.00048432629876047934 -0.00026341028118772035 0.00035468855968575491
leaf_weight=260 66 48 40 119 25 132 57
leaf_count=260 66 48 40 119 25 132 57
internal_value=0.000568942 0.00275974 -0.000968109 0.00235849 -0.00285714 -0.00490654 0.00304878
internal_weight=747 308 439 159 280 214 82
internal_count=747 308 439 159 280 214 82
is_linear=0
shrinkage=0.05


Tree=55
num_leaves=8
num_cat=0
split_feature=16 16 3 2 8 16 6
split_gain=1.18198 1.53179 1.26295 1.81429 1.83956 1.73554 1.33683
threshold=-0.032577672604407408 -0.025119205696318144 0.02768276642805512 0.065274650180887864 0.066694380849876903 0.0021020614385012242 -0.34313730308756407
decision_type=2 2 2 2 10 2 2
left_child=-1 -2 3 4 -3 -5 -7
right_child=1 2 -4 5 -6 6 -8
leaf_value=0.00012107567787053228 -0.00040067361747466498 3.7499075798930369e-06 0.00022161507405519325 2.3084948087272879e-05 0.00028414533380532531 -0.00031556445412600986 -6.4823900054699146e-05
leaf_weight=77 27 302 61 77 54 58 107
leaf_count=77 27 302 61 77 54 58 107
internal_value=0.000294889 -0.000364431 0.000113809 -0.000585284 0.00168539 -0.00392562 -0.00681818
internal_weight=763 686 659 598 356 242 165
internal_count=763 686 659 598 356 242 165
is_linear=0
shrinkage=0.05


Tree=56
num_leaves=8
num_cat=0
split_feature=3 4 13 3 11 7 7
split_gain=1.19355 2.35323 2.24328 1.09353 2.23312 1.34193 2.17882
threshold=0.020659806978341692 0.039278469393772664 17.615000724792484 0.011577471259029417 0.0060643629866489199 0.13166340494066189 0.081765541619489915
decision_type=2 2 2 2 2 2 2
left_child=3 -2 -3 5 -5 6 -1
right_child=1 2 -4 4 -6 -7 -8
leaf_value=1.0147267505640316e-05 0.00072557234112339381 -0.00039202421455009962 0.000361451084624124 3.8437678076788666e-05 -0.00023437680776570324 0.00062980571241778654 -0.00034810423674450585
leaf_weight=460 25 39 37 46 56 29 47
leaf_count=460 25 39 37 46 56 29 47
internal_value=0.00064276 0.00569307 0.00131579 -0.00015674 -0.00490196 0.000746269 0.000147929
internal_weight=739 101 76 638 102 536 507
internal_count=739 101 76 638 102 536 507
is_linear=0
shrinkage=0.05


Tree=57
num_leaves=8
num_cat=0
split_feature=1 16 11 16 5 5 9
split_gain=1.14287 1.0372 2.13459 1.95239 1.21081 1.55147 1.63862
threshold=-0.12361799701408409 0.041754111928017819 0.025024646146281086 0.054748975145843322 0.034987245836741641 0.026964729465307449 0.041846895663171131
decision_type=2 2 2 2 2 2 10
left_child=-1 2 4 -3 5 -2 -7
right_child=1 3 -4 -5 -6 6 -8
leaf_value=0.00052382357124598235 8.3249046868367347e-06 0.00017701722114935923 -0.00040273925788727864 -1.5263814188398555e-05 0.00035490319086711785 1.6024235259729654e-05 -0.00017167713399204659
leaf_weight=30 395 39 25 49 32 64 101
leaf_count=30 395 39 25 49 32 64 101
internal_value=0.000442177 3.5461e-05 -0.000688817 0.00511364 -8.44595e-05 -0.000625 -0.00469697
internal_weight=735 705 617 88 592 560 165
internal_count=735 705 617 88 592 560 165
is_linear=0
shrinkage=0.05


Tree=58
num_leaves=8
num_cat=0
split_feature=11 14 2 13 14 1 14
split_gain=1.17701 1.4505 1.29571 1.83836 2.4506 2.13762 1.89801
threshold=-0.031453464626615406 -0.028276541619188519 -0.091980379140579924 16.935000419616703 -0.001242221342315941 0.067099183417756905 0.012431899030548645
decision_type=2 2 2 2 2 2 2
left_child=-1 -2 -3 4 5 -4 -6
right_child=1 2 3 -5 6 -7 -8
leaf_value=0.00031917285695844577 1.9327435932527638e-05 -0.00018769283784692838 -0.00041412016914897388 4.6502058032012704e-05 0.00051453826582915951 1.0677940548358508e-05 -0.00014916131208066115
leaf_weight=25 234 53 70 177 49 30 112
leaf_count=25 234 53 70 177 49 30 112
internal_value=0.000333333 -3.44828e-05 -0.00157841 -0.000684932 -0.00335249 -0.0095 0.000465839
internal_weight=750 725 491 438 261 100 161
internal_count=750 725 491 438 261 100 161
is_linear=0
shrinkage=0.05


Tree=59
num_leaves=8
num_cat=0
split_feature=16 15 7 2 4 10 5
split_gain=0.84551 1.77356 2.35102 2.51735 2.03732 1.56523 1.44379
threshold=0.0038520933134809092 0.0074022685247603368 -0.0014697876080671521 0.040310936710076802 0.032990005444475203 0.0047561334202744785 0.022604739009915897
decision_type=2 2 2 2 2 2 2
left_child=5 4 -3 -4 -2 -1 -5
right_child=1 2 3 6 -6 -7 -8
leaf_value=7.447108439117192e-05 0.0002089604722980067 0.00038414694403469572 -0.00038747190715484925 0.00035992697055087821 -0.00016853133820429807 -0.0001091114499090805 -2.9983912437222052e-05
leaf_weight=281 38 39 44 30 198 77 51
leaf_count=281 38 39 44 30 198 77 51
internal_value=0.000329815 -0.00125 0.0027439 -0.0006 -0.00402542 0.00209497 0.00462963
internal_weight=758 400 164 125 236 358 81
internal_count=758 400 164 125 236 358 81
is_linear=0
shrinkage=0.05


Tree=60
num_leaves=8
num_cat=0
split_feature=14 4 9 7 2 7 7
split_gain=1.32485 1.3135 1.58978 1.7188 1.66419 2.18112 1.69899
threshold=-0.028276541619188519 0.05792787670478599 0.11468468658524524 -0.046182092168510873 0.055241102262455606 0.0044000041993258474 0.040359263976383793
decision_type=2 2 8 2 2 2 2
left_child=-1 2 4 -4 5 -2 -6
right_child=1 -3 3 -5 6 -7 -8
leaf_value=2.2087618008253924e-05 6.6680344136059883e-06 0.00010550493862959863 -0.00049112889527566162 -0.0001175357907310329 -0.00069073534103582734 0.00040510142447347123 1.9301902620119402e-05
leaf_weight=244 88 54 26 250 26 29 36
leaf_count=244 88 54 26 250 26 29 36
internal_value=-0.000365206 -0.00181729 -0.00269231 -0.00507246 0.000977654 0.00448718 -0.00564516
internal_weight=753 509 455 276 179 117 62
internal_count=753 509 455 276 179 117 62
is_linear=0
shrinkage=0.05


Tree=61
num_leaves=8
num_cat=0
split_feature=8 1 1 11 6 16 13
split_gain=0.979315 1.48175 1.28228 1.28337 0.953343 1.63698 1.4552
threshold=-0.10312229172779573 -0.070716385543942537 -0.054926509012597872 -0.01634028611874094 -0.63769102564236257 -0.010058985822232467 12.765000343322756
decision_type=10 2 2 2 2 2 2
left_child=-1 -2 -3 -4 5 -5 -6
right_child=1 2 3 4 6 -7 -8
leaf_value=-9.2399022324576088e-05 0.0001977021950892796 -0.00011918411434655675 0.00032255723233929771 0.00023596962610574463 0.00026048740890085144 -0.00015626760907353249 1.8642114212618193e-05
leaf_weight=97 52 36 27 25 29 118 352
leaf_count=97 52 36 27 25 29 118 352
internal_value=0.000815217 0.00152582 0.000809199 0.00140653 0.000858779 -0.00262238 0.00216535
internal_weight=736 639 587 551 524 143 381
internal_count=736 639 587 551 524 143 381
is_linear=0
shrinkage=0.05


Tree=62
num_leaves=8
num_cat=0
split_feature=0 12 6 0 8 13 4
split_gain=1.08145 2.58033 1.43316 1.45905 1.28 1.21157 1.22169
threshold=-0.018943761725654092 -0.028469935291830225 0.51068006829927637 -0.032552198973867789 0.0049340054374553697 15.025000095367433 0.039589744011613463
decision_type=2 2 2 2 10 2 2
left_child=1 -1 3 4 -3 6 -2
right_child=5 2 -4 -5 -6 -7 -8
leaf_value=-0.0002239376916452116 -6.7368773468613754e-06 -0.00023430979759767514 -9.1887864282796776e-05 0.00021413754919488134 0.00071911401309929636 4.0122374592041493e-06 -0.00032690858446262684
leaf_weight=32 125 25 39 58 25 369 78
leaf_count=32 125 25 39 58 25 369 78
internal_value=9.98668e-05 0.00349162 0.00629252 0.00925926 0.003 -0.000961538 -0.00406404
internal_weight=751 179 147 108 50 572 203
internal_count=751 179 147 108 50 572 203
is_linear=0
shrinkage=0.05


Tree=63
num_leaves=8
num_cat=0
split_feature=14 9 12 9 8 3 1
split_gain=1.09351 2.18105 1.56297 1.3688 1.24584 1.76786 1.37147
threshold=-0.028276541619188519 0.15450388727779676 -0.027973012120020454 0.21082068663242351 0.047656700680872251 0.014157951021681827 0.070631732457530752
decision_type=2 8 2 8 8 2 2
left_child=-1 2 -2 -3 -5 6 -6
right_child=1 3 -4 4 5 -7 -8
leaf_value=2.7022856745358929e-05 -0.00022626959085684319 -0.00029000479847497414 8.129288653672281e-05 -0.00026024030313095118 -5.5388791563998347e-07 -0.00019559769979056826 0.00033825394785129713
leaf_weight=233 39 52 224 70 70 35 29
leaf_count=233 39 52 224 70 70 35 29
internal_value=0.000265957 -0.00101156 0.00218631 -0.00429688 -0.00245098 0.000373134 0.00378788
internal_weight=752 519 263 256 204 134 99
internal_count=752 519 263 256 204 134 99
is_linear=0
shrinkage=0.05


Tree=64
num_leaves=8
num_cat=0
split_feature=12 1 14 15 9 0 1
split_gain=1.21596 0.986142 0.8371 2.14182 1.51599 1.23475 1.90796
threshold=0.078665410711505027 -0.12361799701408409 -0.024483541073895273 0.0027254925316753113 0.0056043369568711263 0.00070631231747719802 -0.055817951339517162
decision_type=2 2 2 2 8 2 2
left_child=1 -1 3 -3 -5 6 -4
right_child=-2 2 5 4 -6 -7 -8
leaf_value=0.00049913340250918486 -0.00028631330696073635 0.00034948169654615247 -0.00026136572190143485 0.00024442407962457834 -2.5885894970311809e-05 -0.00011425146341262566 9.5076826439114215e-05
leaf_weight=25 31 54 54 41 140 186 201
leaf_count=25 31 54 54 41 140 186 201
internal_value=0.000819672 0.00124822 0.000887574 0.00329787 0.000690608 -0.000396825 0.00186275
internal_weight=732 701 676 235 181 441 255
internal_count=732 701 676 235 181 441 255
is_linear=0
shrinkage=0.05


Tree=65
num_leaves=8
num_cat=0
split_feature=9 8 12 12 3 7 7
split_gain=1.19874 1.52081 1.81281 1.76353 1.63427 1.53986 2.81327
threshold=-0.17599108687633111 -0.11417648491653269 0.0053623366190914687 0.0011335726897910849 -0.014773934994874281 -0.0055108474789217756 -0.046182092168510873
decision_type=8 8 2 2 2 2 2
left_child=-1 -2 3 5 -4 6 -3
right_child=1 2 4 -5 -6 -7 -8
leaf_value=0.00014363767345834173 -0.0001658616051488782 -0.00013326138023741948 -0.00019887755598327063 0.00065441738060459582 -1.1718331454077699e-06 -1.4941305493827544e-05 0.0001075082578791877
leaf_weight=62 29 44 64 25 408 81 39
leaf_count=62 29 44 64 25 408 81 39
internal_value=0.000598404 0 0.000491679 0.00462963 -0.00116525 0.0027439 0.00753012
internal_weight=752 690 661 189 472 164 83
internal_count=752 690 661 189 472 164 83
is_linear=0
shrinkage=0.05


Tree=66
num_leaves=8
num_cat=0
split_feature=16 9 6 1 7 1 8
split_gain=1.4021 1.0836 1.7516 1.54216 0.96881 0.92283 1.37733
threshold=-0.044122106073568472 -0.071205478775108841 -0.37006464703169295 -0.019718745588620076 -0.012989124738431388 0.0089642759985684179 -0.10190125401183124
decision_type=2 8 2 2 2 2 10
left_child=-1 2 4 -4 -2 6 -3
right_child=1 5 3 -5 -6 -7 -8
leaf_value=0.00025342169680323478 2.3489976661856659e-05 -0.00032943672435916966 -1.4564018744203136e-06 0.00040022579972012978 -0.0004056905019903242 -0.00010335699957545056 2.6179721357858129e-05
leaf_weight=37 30 30 26 34 29 322 237
leaf_count=37 30 30 26 34 29 322 237
internal_value=-0.000704698 -0.00120056 0.00315126 0.00916667 -0.0029661 -0.0020798 9.3633e-05
internal_weight=745 708 119 60 59 589 267
internal_count=745 708 119 60 59 589 267
is_linear=0
shrinkage=0.05


Tree=67
num_leaves=8
num_cat=0
split_feature=9 16 5 13 13 9 5
split_gain=0.867647 3.07753 1.13739 1.31816 1.26872 1.21361 1.60898
threshold=0.31300720529282439 0.014017335432473523 0.027397478367889212 25.960000038146976 18.719999313354496 0.16095418376246298 0.026324201837967003
decision_type=10 2 2 2 2 8 2
left_child=2 -2 4 -4 5 6 -1
right_child=1 -3 3 -5 -6 -7 -8
leaf_value=6.4374037389904401e-06 0.00043458756827446308 -0.00011528478091710156 -9.4695282159047375e-05 0.00033027298788607595 0.00010856083312943358 -7.2223876202259134e-05 0.0004902326174883409
leaf_weight=186 39 42 184 29 71 182 29
leaf_count=186 39 42 184 29 71 182 29
internal_value=-0.000262467 0.00462963 -0.000844347 -0.00387324 0.000534188 -0.000566751 0.00197674
internal_weight=762 81 681 213 468 397 215
internal_count=762 81 681 213 468 397 215
is_linear=0
shrinkage=0.05


Tree=68
num_leaves=8
num_cat=0
split_feature=3 3 6 2 6 9 7
split_gain=1.098 1.96074 1.48149 1.2921 0.690203 0.861331 1.42895
threshold=-0.014684376460294689 -0.017204230185315302 0.80050903840134369 0.005528094970788989 -1.1111158406521648 0.050211633786525052 -0.041221561943682698
decision_type=2 2 2 2 2 8 2
left_child=1 2 3 -1 -2 6 -6
right_child=4 -3 -4 -5 5 -7 -8
leaf_value=-0.00034939604621777817 -0.00011766006109422386 -0.00022204164594598854 0.00012015590987289838 6.6981408653966204e-05 -0.00012078344410496236 -6.8118148828545668e-07 0.00021770692836095356
leaf_weight=31 39 34 28 29 55 433 104
leaf_count=31 39 34 28 29 55 433 104
internal_value=-0.000166003 -0.0045082 -0.000568182 -0.005 0.000673534 0.00109797 0.00424528
internal_weight=753 122 88 60 631 592 159
internal_count=753 122 88 60 631 592 159
is_linear=0
shrinkage=0.05


Tree=69
num_leaves=8
num_cat=0
split_feature=13 8 13 8 14 14 6
split_gain=1.16072 1.51766 1.35799 1.14762 1.18652 1.42097 1.1409
threshold=16.095000267028812 -0.11726672408060033 20.335000038146976 -0.070146170258931537 -0.001242221342315941 -0.01013918808565367 -0.75543107822787692
decision_type=2 10 2 10 2 2 2
left_child=3 2 -2 -1 5 -5 -6
right_child=1 -3 -4 4 6 -7 -8
leaf_value=0.00027571885579160977 -0.00028350094039853189 2.6591158341278227e-05 1.6211906525932797e-06 -3.0298734633772651e-05 -0.00023689509573214282 -0.00038721831673390087 6.4127633127657267e-05
leaf_weight=26 32 329 55 140 32 38 98
leaf_count=26 32 329 55 140 32 38 98
internal_value=-0.0002 0.0015625 -0.00431034 -0.00239521 -0.00324675 -0.00589888 0.000384615
internal_weight=750 416 87 334 308 178 130
internal_count=750 416 87 334 308 178 130
is_linear=0
shrinkage=0.05


Tree=70
num_leaves=8
num_cat=0
split_feature=1 8 8 4 8 3 0
split_gain=1.32795 1.26981 1.38393 0.909422 1.65213 1.82653 1.76
threshold=-0.12361799701408409 0.29919588903407152 0.20336436798525639 0.035564594129235204 0.084182905151008028 0.0081238299647508078 0.0079241153880623711
decision_type=2 10 10 2 10 2 2
left_child=-1 2 3 4 6 -6 -2
right_child=1 -3 -4 -5 5 -7 -8
leaf_value=0.00049383098916723771 9.7244286904557044e-05 0.00041156269101809038 -7.1727000673756786e-05 -2.0399408842193111e-05 0.00011512630657300175 0.00033606832739148005 -0.00029732661361762773
leaf_weight=26 55 47 29 470 39 30 45
leaf_count=26 55 47 29 470 39 30 45
internal_value=0.000438596 3.4965e-05 -0.000523952 -3.91236e-05 0.00310651 0.00905797 -0.001
internal_weight=741 715 668 639 169 69 100
internal_count=741 715 668 639 169 69 100
is_linear=0
shrinkage=0.05


end of trees

feature_importances:
sector_ret_5d=50
vix_level=44
dist_ma50=40
atr_pct=36
spy_ret_5d=35
spy_ret_20d=35
overnight_gap=33
dist_ma20=32
dist_ma200=29
ret_5d=28
vix_chg_1d=27
dvol_z_20=24
ret_20d=21
parkinson_20=18
sector_ret_1d=18
ret_1d=15
spy_ret_1d=12

parameters:
[boosting: gbdt]
[objective: quantile]
[metric: quantile]
[tree_learner: serial]
[device_type: cpu]
[data_sample_strategy: bagging]
[data: ]
[valid: ]
[num_iterations: 80]
[learning_rate: 0.05]
[num_leaves: 8]
[num_threads: 1]
[seed: 0]
[deterministic: 0]
[force_col_wise: 1]
[force_row_wise: 0]
[histogram_pool_size: -1]
[max_depth: -1]
[min_data_in_leaf: 25]
[min_sum_hessian_in_leaf: 0.001]
[bagging_fraction: 0.9]
[pos_bagging_fraction: 1]
[neg_bagging_fraction: 1]
[bagging_freq: 1]
[bagging_seed: 3]
[bagging_by_query: 0]
[feature_fraction: 0.9]
[feature_fraction_bynode: 1]
[feature_fraction_seed: 2]
[extra_trees: 0]
[extra_seed: 6]
[early_stopping_round: 0]
[early_stopping_min_delta: 0]
[first_metric_only: 0]
[max_delta_step: 0]
[lambda_l1: 0]
[lambda_l2: 0]
[linear_lambda: 0]
[min_gain_to_split: 0]
[drop_rate: 0.1]
[max_drop: 50]
[skip_drop: 0.5]
[xgboost_dart_mode: 0]
[uniform_drop: 0]
[drop_seed: 4]
[top_rate: 0.2]
[other_rate: 0.1]
[min_data_per_group: 100]
[max_cat_threshold: 32]
[cat_l2: 10]
[cat_smooth: 10]
[max_cat_to_onehot: 4]
[top_k: 20]
[monotone_constraints: ]
[monotone_constraints_method: basic]
[monotone_penalty: 0]
[feature_contri: ]
[forcedsplits_filename: ]
[refit_decay_rate: 0.9]
[cegb_tradeoff: 1]
[cegb_penalty_split: 0]
[cegb_penalty_feature_lazy: ]
[cegb_penalty_feature_coupled: ]
[path_smooth: 0]
[interaction_constraints: ]
[verbosity: -1]
[saved_feature_importance_type: 0]
[use_quantized_grad: 0]
[num_grad_quant_bins: 4]
[quant_train_renew_leaf: 0]
[stochastic_rounding: 1]
[linear_tree: 0]
[max_bin: 255]
[max_bin_by_feature: ]
[min_data_in_bin: 3]
[bin_construct_sample_cnt: 200000]
[data_random_seed: 1]
[is_enable_sparse: 1]
[enable_bundle: 1]
[use_missing: 1]
[zero_as_missing: 0]
[feature_pre_filter: 1]
[pre_partition: 0]
[two_round: 0]
[header: 0]
[label_column: ]
[weight_column: ]
[group_column: ]
[ignore_column: ]
[categorical_feature: ]
[forcedbins_filename: ]
[precise_float_parser: 0]
[parser_config_file: ]
[objective_seed: 5]
[num_class: 1]
[is_unbalance: 0]
[scale_pos_weight: 1]
[sigmoid: 1]
[boost_from_average: 1]
[reg_sqrt: 0]
[alpha: 0.5]
[fair_c: 1]
[poisson_max_delta_step: 0.7]
[tweedie_variance_power: 1.5]
[lambdarank_truncation_level: 30]
[lambdarank_norm: 1]
[label_gain: ]
[lambdarank_position_bias_regularization: 0]
[eval_at: ]
[multi_error_top_k: 1]
[auc_mu_weights: ]
[num_machines: 1]
[local_listen_port: 12400]
[time_out: 120]
[machine_list_filename: ]
[machines: ]
[gpu_platform_id: -1]
[gpu_device_id: -1]
[gpu_device_id_list: ]
[gpu_use_dp: 0]
[num_gpu: 1]

end of parameters

pandas_categorical:[]
