tree
version=v4
num_class=1
num_tree_per_iteration=1
label_index=0
max_feature_idx=16
objective=quantile
feature_names=ret_1d ret_5d ret_20d overnight_gap atr_pct parkinson_20 dvol_z_20 dist_ma20 dist_ma50 dist_ma200 spy_ret_1d spy_ret_5d spy_ret_20d vix_level vix_chg_1d sector_ret_1d sector_ret_5d
feature_infos=[-0.19813624063994151:0.32423692176531871] [-0.23966939578962465:0.44104715036402409] [-0.40634608083143986:0.74501765160956679] [-0.17816726944018657:0.18597122945677236] [0.027347934861469723:0.11259761132511611] [0.016755588533056601:0.05467266096892319] [-2.2250888629025574:4.218148221386306] [-0.31111894221906844:0.50229901633928531] [-0.43686970813220061:0.65384688930313795] [-0.41763128947693828:0.96846342025129495] [-0.058542971330535654:0.10501930183911301] [-0.11496151859245618:0.082843162776128354] [-0.1226559005192206:0.15756591020035837] [11.859999656677246:52.330001831054688] [-0.35753873962348437:0.74039073966007019] [-0.068247998544687438:0.13425697132599002] [-0.13587196028298487:0.11773217696052685]
tree_sizes=821 853 854 847 851 852 853 854 858 858 853 850 863 861 854 866 863 858 856 860 865 870 864 859 842 867 860 859 859 852 856 859 874 861 864 864 865 864 859 868 866 859 863 872 867 865 865 865 865 867

Tree=0
num_leaves=8
num_cat=0
split_feature=6 4 5 6 5 13 9
split_gain=3.10533 2.46017 1.74767 0.986265 0.936 1.16273 0.592253
threshold=1.2885008285468336 0.052059312047746935 0.022428183656903238 1.9630944138019448 0.030232915127464094 17.494999885559086 0.15331157013149546
decision_type=2 2 2 2 2 2 10
left_child=1 -1 -2 -4 5 -3 -6
right_child=2 4 3 -5 6 -7 -8
leaf_value=-0.049306183752634146 -0.049259554889411347 -0.050267439282862633 -0.050872506752902946 -0.053233848269498611 -0.049379782946358926 -0.050855188794672573 -0.050645157415812027
leaf_weight=493 34 33 29 30 70 28 29
leaf_count=493 34 33 29 30 70 28 29
internal_value=-0.0496035 -0.0483861 -0.0581516 -0.0633548 -0.0537732 -0.0586451 -0.0507713
internal_weight=746 653 93 59 160 61 99
internal_count=746 653 93 59 160 61 99
is_linear=0
shrinkage=1


Tree=1
num_leaves=8
num_cat=0
split_feature=4 11 5 9 12 1 2
split_gain=1.64682 1.39153 1.05382 0.820513 0.795596 0.855591 2.05169
threshold=0.044965646389969978 0.011695310622020451 0.027552042998235774 0.04146982313119086 -0.018675976456826889 0.020002991329850509 0.035405667686816751
decision_type=2 2 2 8 2 2 2
left_child=-1 2 3 -2 -4 6 -6
right_child=1 -3 4 -5 5 -7 -8
leaf_value=0.00037949270237749681 0.00076020462992578254 0.00014464790810321136 -0.00088717041113010062 -0.00037487139503710755 -0.001310264361690822 -0.0017371808482706339 0.00063713265431218158
leaf_weight=401 39 117 57 39 28 26 26
leaf_count=401 39 117 57 39 28 26 26
internal_value=0.000225103 -0.00237952 -0.00476744 -0.000128205 -0.00740876 -0.010625 -0.00703704
internal_weight=733 332 215 78 137 80 54
internal_count=733 332 215 78 137 80 54
is_linear=0
shrinkage=0.05


Tree=2
num_leaves=8
num_cat=0
split_feature=6 4 5 11 14 1 5
split_gain=2.32514 1.53319 1.45436 1.32295 0.762562 1.04003 0.363498
threshold=0.95824531890379672 0.051655771128047444 0.022428183656903238 0.0070762794177224872 0.063421642021299643 -0.067756322907652919 0.034482357356073641
decision_type=2 2 2 2 2 2 2
left_child=1 -1 -2 -4 5 -3 -7
right_child=2 4 3 -5 -6 6 -8
leaf_value=0.00031824504460748262 0.00056452012227516351 -0.00057959820029136386 -0.0021471069674929579 -0.0010122791210807577 -0.0012795921194077751 0.00046976853691439838 -0.00099596331807419772
leaf_weight=470 46 26 45 32 29 69 28
leaf_count=470 46 26 45 32 29 69 28
internal_value=-0.000100671 0.00114148 -0.00638211 -0.0105844 -0.00322368 -0.00150406 0.000876289
internal_weight=745 622 123 77 152 123 97
internal_count=745 622 123 77 152 123 97
is_linear=0
shrinkage=0.05


Tree=3
num_leaves=8
num_cat=0
split_feature=4 6 9 0 7 6 12
split_gain=1.6324 1.25536 0.998698 1.09363 0.862523 0.72194 0.482143
threshold=0.043622653888010739 1.6850023090930084 0.15331157013149546 0.016401876174709677 -0.053838162985994746 0.9880698852179548 -0.050232690438178178
decision_type=2 2 10 2 2 2 2
left_child=5 2 4 -4 6 -1 -2
right_child=1 -3 3 -5 -6 -7 -8
leaf_value=0.00048222534113990178 0.0001256835327214399 -0.0015679782475274961 -0.00091392125107128772 3.6974183586650499e-06 0.00038566612320119616 -0.00062274391911417608 -0.00097556285998906317
leaf_weight=313 28 29 46 40 166 59 56
leaf_count=313 28 29 46 40 166 59 56
internal_value=0.000115333 -0.00226027 -0.00139881 -0.00604651 0.0002 0.00244624 -0.00392857
internal_weight=737 365 336 86 250 372 84
internal_count=737 365 336 86 250 372 84
is_linear=0
shrinkage=0.05


Tree=4
num_leaves=8
num_cat=0
split_feature=6 8 14 6 0 9 0
split_gain=1.82801 1.47563 0.998803 0.472266 0.466532 0.796737 0.892827
threshold=2.6201073581517682 0.37582247809364228 0.12708615320093045 0.10852717321910509 0.019677927852549296 -0.17278336253606888 -0.022931768556740392
decision_type=2 10 2 2 2 10 2
left_child=1 2 3 -1 5 -5 -7
right_child=-2 -3 -4 4 -6 6 -8
leaf_value=0.00038341716009228529 -0.0032653561295250045 -0.001216482364920746 -0.0012042942259753644 0.00024029951088676651 0.00034702909318084775 0.00042831211417010748 -0.0019469541965877848
leaf_weight=454 30 25 33 38 84 30 49
leaf_count=454 30 25 33 38 84 30 49
internal_value=0.000423957 0.000932679 0.00136628 0.00179389 -0.00022388 -0.00226496 -0.00512658
internal_weight=743 713 688 655 201 117 79
internal_count=743 713 688 655 201 117 79
is_linear=0
shrinkage=0.05


Tree=5
num_leaves=8
num_cat=0
split_feature=8 7 4 9 8 5 6
split_gain=1.65148 0.85422 0.551708 0.484598 0.562478 0.602336 0.329621
threshold=-0.14695660527962504 0.18616631869871916 0.043782040104553742 0.13879880331682884 0.14853929512896094 0.029269527700465887 1.1756027385465226
decision_type=8 2 2 10 10 2 2
left_child=-1 2 6 -4 5 -5 -2
right_child=1 -3 3 4 -6 -7 -8
leaf_value=-0.0022057288877041881 0.00039557277760450782 -0.0011385088676075738 0.00014410552484554268 -9.1142340303180125e-06 0.00034266226801247623 -0.00082153441267273232 -0.00055053810004361894
leaf_weight=48 320 28 196 31 33 27 49
leaf_count=48 320 28 196 31 33 27 49
internal_value=0.000423497 0.00105263 0.00141768 -0.000226481 -0.00324176 -0.0062069 0.00269648
internal_weight=732 684 656 287 91 58 369
internal_count=732 684 656 287 91 58 369
is_linear=0
shrinkage=0.05


Tree=6
num_leaves=8
num_cat=0
split_feature=2 8 6 16 9 2 8
split_gain=1.60292 1.13849 0.798284 0.445939 0.367774 0.651503 0.241179
threshold=-0.16164769190570324 0.37582247809364228 2.0801278542186408 -0.038656880421716604 0.23531771299937179 0.097845796715696501 0.095486951976056625
decision_type=2 10 2 2 10 2 10
left_child=-1 2 3 -2 6 -6 -5
right_child=1 -3 -4 4 5 -7 -8
leaf_value=-0.0016065493557505806 -0.00045942832790434344 -0.00109729079193794 -0.0016894968572892179 0.00023598442861367782 -0.00082752228552615624 0.00054752265989793138 0.00046382321565616885
leaf_weight=48 34 29 37 397 29 54 116
leaf_count=48 34 29 37 397 29 54 116
internal_value=0.000295699 0.000905173 0.00132684 0.00174603 0.00206376 -0.0010241 0.00256335
internal_weight=744 696 667 630 596 83 513
internal_count=744 696 667 630 596 83 513
is_linear=0
shrinkage=0.05


Tree=7
num_leaves=8
num_cat=0
split_feature=4 6 11 3 15 5 0
split_gain=1.36598 1.16377 0.944238 0.867562 0.660981 0.606369 0.277439
threshold=0.052059312047746935 1.2885008285468336 0.003813504719322514 0.014528786895168235 0.0052305007860595784 0.030232915127464094 0.022199190203076594
decision_type=2 2 2 2 2 2 2
left_child=1 -1 3 5 -3 -2 -4
right_child=2 4 6 -5 -6 -7 -8
leaf_value=0.00034385030906899537 -0.0010596517080586764 -0.00021608417080010717 -0.00042758444158603982 7.8065568219910515e-05 -0.0014034832850659685 -0.00068566317487301048 0.00048714453301563392
leaf_weight=484 34 39 56 27 30 44 26
leaf_count=484 34 39 56 27 30 44 26
internal_value=0.000405406 0.00165461 -0.00328877 -0.00642857 -0.00442029 -0.00910256 0.000731707
internal_weight=740 553 187 105 69 78 82
internal_count=740 553 187 105 69 78 82
is_linear=0
shrinkage=0.05


Tree=8
num_leaves=8
num_cat=0
split_feature=6 4 7 3 2 11 11
split_gain=1.18629 0.967308 0.691581 0.642192 0.610202 0.582424 0.572284
threshold=1.2885008285468336 0.043622653888010739 0.029282769456380534 0.014405398354205625 -0.17177566694464355 0.0070762794177224872 0.011695310622020451
decision_type=2 2 2 2 2 2 2
left_child=1 -1 -2 4 -3 -4 -6
right_child=2 3 5 -5 6 -7 -8
leaf_value=0.00036836468616875586 -0.0024092850161471307 -0.0014678964068244931 -0.0012166451566007991 0.00018692160820282816 -0.00043995264604202491 0.00049488709727888889 0.00032853368231894396
leaf_weight=338 36 29 25 81 145 30 77
leaf_count=338 36 29 25 81 145 30 77
internal_value=0.000466492 0.00119403 -0.00489011 -0.000722891 -0.00197211 -0.00136364 -0.00108108
internal_weight=761 670 91 332 251 55 222
internal_count=761 670 91 332 251 55 222
is_linear=0
shrinkage=0.05


Tree=9
num_leaves=8
num_cat=0
split_feature=4 6 9 12 16 9 6
split_gain=1.33566 0.919261 0.902998 1.10079 0.798043 0.457955 0.379711
threshold=0.043782040104553742 1.331628423192124 0.19670743103626745 0.020115024475367619 -0.029864869151533021 -0.22124087613558266 0.28071289141384764
decision_type=2 2 10 2 2 8 2
left_child=6 2 4 -4 -2 -6 -1
right_child=1 -3 3 -5 5 -7 -8
leaf_value=0.00042986209502250753 -0.00052304756443464823 -0.0011666941393583964 4.5765415138081924e-05 -0.0010711210681828842 -0.0006116807668294493 0.00026799805533197048 -1.0740024951319008e-05
leaf_weight=270 47 43 38 34 26 179 101
leaf_count=270 47 43 38 34 26 179 101
internal_value=5.42007e-05 -0.00208447 -0.00117284 -0.00611111 0.000238095 0.00158537 0.00216981
internal_weight=738 367 324 72 252 205 371
internal_count=738 367 324 72 252 205 371
is_linear=0
shrinkage=0.05


Tree=10
num_leaves=8
num_cat=0
split_feature=6 4 9 14 9 7 12
split_gain=1.39318 1.16964 1.23361 1.10345 0.892073 0.413513 0.329491
threshold=1.2885008285468336 0.053686332119977483 0.10628755599160812 -0.017376391061688031 0.085516347290579345 -0.053838162985994746 -0.031709461576504387
decision_type=2 2 10 2 10 2 2
left_child=1 6 5 -4 -2 -3 -1
right_child=4 2 3 -5 -6 -7 -8
leaf_value=-0.00027280420057916463 -0.0017688582457898836 -0.00068582623625005983 -9.5770026729017951e-05 -0.00098919050236432205 -0.00049708746683509218 0.00075395199646662503 0.000384717803236091
leaf_weight=31 49 40 29 29 45 34 491
leaf_count=31 49 40 29 29 45 34 491
internal_value=5.34761e-05 0.00087156 -0.00333333 -0.0087931 -0.0056383 0.000945946 0.00193487
internal_weight=748 654 132 58 94 74 522
internal_count=748 654 132 58 94 74 522
is_linear=0
shrinkage=0.05


Tree=11
num_leaves=8
num_cat=0
split_feature=9 1 7 6 2 14 0
split_gain=0.780353 1.26632 2.15291 0.738464 0.408571 0.293045 0.344491
threshold=0.22345611770867205 0.031019428090502957 0.091140801911732919 2.0110358403823478 -0.19500343569948733 0.010891009150098998 -0.01320382860336866
decision_type=10 2 2 2 2 2 2
left_child=3 -2 -3 4 -1 6 -6
right_child=1 2 -4 -5 5 -7 -8
leaf_value=-0.00096806289957462118 0.00061914259204681721 -0.001034563731971297 -0.00039916788370991007 -0.0016950896248805469 -7.2695895605267243e-05 0.00033910740524590167 0.00020360440856189238
leaf_weight=35 50 28 45 38 62 202 286
leaf_count=35 50 28 45 38 62 202 286
internal_value=0.000509384 -0.00313008 -0.00732877 0.00122793 0.00166667 0.002 0.00112069
internal_weight=746 123 73 623 585 550 348
internal_count=746 123 73 623 585 550 348
is_linear=0
shrinkage=0.05


Tree=12
num_leaves=8
num_cat=0
split_feature=8 8 16 11 11 6 4
split_gain=0.961998 0.586262 0.49163 0.839327 1.79128 1.24697 1.04776
threshold=-0.14695660527962504 0.37582247809364228 0.038254741483967243 0.0013310128060490813 0.0035059532242039952 0.10852717321910509 0.034786110555304117
decision_type=8 10 2 2 2 2 2
left_child=-1 2 3 -2 -5 -6 -7
right_child=1 -3 -4 4 5 6 -8
leaf_value=-0.0017335789307571263 0.00029756838852986064 -0.00081725205621762612 0.00059980768209188053 -0.00095347930769538287 0.00036805175792874596 0.00017417085343464356 -0.00067984806205183919
leaf_weight=46 264 25 83 35 190 26 57
leaf_count=46 264 25 83 35 190 26 57
internal_value=4.13225e-05 0.000514706 0.000801527 0.00027972 -0.00149351 -0.000128205 -0.00524096
internal_weight=726 680 655 572 308 273 83
internal_count=726 680 655 572 308 273 83
is_linear=0
shrinkage=0.05


Tree=13
num_leaves=8
num_cat=0
split_feature=5 10 14 6 1 14 14
split_gain=1.15997 1.03733 0.751118 0.796262 0.438832 0.373011 0.425086
threshold=0.033270930741378012 0.0014013847331743048 0.12708615320093045 1.2885008285468336 0.021201163042943953 0.013647468145900345 -0.0080681674930397889
decision_type=2 2 2 2 2 2 2
left_child=2 -2 3 5 -5 6 -1
right_child=1 -3 -4 4 -6 -7 -8
leaf_value=0.00015519345662584109 0.00030444526526241726 -0.0015223921314669307 -0.00096126845049942275 0.00037593467911421074 -0.0013263852446252769 0.00024239687787962119 -3.511663352150449e-05
leaf_weight=275 32 35 35 27 47 180 111
leaf_count=275 32 35 35 27 47 180 111
internal_value=8.08627e-05 -0.00619403 0.000703704 0.00109375 -0.00378378 0.00173145 0.000854922
internal_weight=742 67 675 640 74 566 386
internal_count=742 67 675 640 74 566 386
is_linear=0
shrinkage=0.05


Tree=14
num_leaves=8
num_cat=0
split_feature=6 5 11 15 4 5 7
split_gain=0.980663 1.08268 1.45122 1.70018 0.577985 0.694206 0.400133
threshold=0.40020619028445614 0.025391823945595391 0.011525613692411897 0.0011918279541154322 0.052059312047746935 0.030232915127464094 0.0074856729100021288
decision_type=2 2 2 2 2 2 2
left_child=4 6 3 -3 -1 -6 -2
right_child=1 2 -4 -5 5 -7 -8
leaf_value=0.00030547503649781664 0.0005294991875774693 -0.0010141138197915934 0.00040635745114908314 -0.0020862323778628265 -0.00045110489598523189 0.00020192673085361521 -0.00084101762471652699
leaf_weight=417 37 34 26 25 37 78 70
leaf_count=417 37 34 26 25 37 78 70
internal_value=0.00051105 -0.00255208 -0.00676471 -0.0111017 0.00161654 -0.00152174 0.000794393
internal_weight=724 192 85 59 532 115 107
internal_count=724 192 85 59 532 115 107
is_linear=0
shrinkage=0.05


Tree=15
num_leaves=8
num_cat=0
split_feature=9 7 13 10 11 16 16
split_gain=0.883097 0.691043 0.78214 0.932036 0.373588 0.358091 1.19726
threshold=0.53483108549746816 -0.046182092168510873 16.875000000000004 0.00097851086285993837 -0.023324981642921735 0.024484859568932208 0.0069934531171157452
decision_type=10 2 2 2 2 2 2
left_child=1 2 -1 4 -4 6 -3
right_child=-2 5 3 -5 -6 -7 -8
leaf_value=0.00075088669192601614 -0.00076976710795621404 0.00035447446517379013 0.00068735200140577514 -0.0021184393164000825 -0.00068851518220382722 0.00033273122408117919 -0.00035511614283133931
leaf_weight=55 31 278 32 28 27 164 117
leaf_count=55 31 278 32 28 27 164 117
internal_value=0.000355191 0.0007204 -0.00239437 -0.00534483 -0.00177966 0.00151163 0.000696203
internal_weight=732 701 142 87 59 559 395
internal_count=732 701 142 87 59 559 395
is_linear=0
shrinkage=0.05


Tree=16
num_leaves=8
num_cat=0
split_feature=6 8 12 8 11 11 0
split_gain=0.846842 0.561984 0.334813 0.376792 0.32522 1.27691 0.341036
threshold=2.0110358403823478 0.37067799700661469 -0.038043904409190692 -0.31683282539182261 0.0019507060207528684 0.0035059532242039952 -0.012260939189612461
decision_type=2 10 2 10 2 2 2
left_child=1 2 3 -1 -4 -6 -7
right_child=-2 -3 4 -5 5 6 -8
leaf_value=-0.00045654043757191822 -0.00153448583679398 -0.00063619031205933239 0.00035621417083893316 0.00034101510180443144 -0.00070727944857939802 -8.6821335414374444e-05 0.00033336847974260709
leaf_weight=25 45 27 249 37 27 89 252
leaf_count=25 45 27 249 37 27 89 252
internal_value=0.000539281 0.000963173 0.00124448 -0.00225806 0.00159643 0.000652174 0.00148094
internal_weight=751 706 679 62 617 368 341
internal_count=751 706 679 62 617 368 341
is_linear=0
shrinkage=0.05


Tree=17
num_leaves=8
num_cat=0
split_feature=4 11 1 5 5 14 4
split_gain=0.852935 0.608864 1.47704 0.641824 0.792151 0.788604 0.484485
threshold=0.043622653888010739 0.011695310622020451 0.070058927541548313 0.028090760320126702 0.029938323641420978 -0.034191014747727892 0.047782241372730155
decision_type=2 2 2 2 2 2 2
left_child=-1 2 3 6 -5 -6 -2
right_child=1 -3 -4 4 5 -7 -8
leaf_value=0.00023491053950415583 -0.00010502053257706355 0.00017430972745793904 -0.0012507269743842891 -0.0010799935439287744 -0.00044512427699209232 0.0004327528631901911 0.00040385477735094396
leaf_weight=373 37 133 26 36 26 53 60
leaf_count=373 37 133 26 36 26 53 60
internal_value=0.000228495 -0.001469 -0.00298319 -0.00160377 -0.00413043 -0.00132911 0.00139175
internal_weight=744 371 238 212 115 79 97
internal_count=744 371 238 212 115 79 97
is_linear=0
shrinkage=0.05


Tree=18
num_leaves=8
num_cat=0
split_feature=8 9 12 12 6 1 2
split_gain=0.966667 0.685332 1.50798 0.666667 0.631897 0.757745 0.529791
threshold=-0.12912367573669173 0.38639637459782522 0.020115024475367619 -0.042339723299349867 1.2885008285468336 -0.06911762934454245 -0.0078087994338233982
decision_type=8 10 2 2 2 2 2
left_child=3 4 -3 -1 5 6 -2
right_child=1 2 -4 -5 -6 -7 -8
leaf_value=0.00013559065198876508 0.00027299746610016083 0.00077174693252874652 -0.0010593849623826274 -0.0019723503398248188 -0.00073534907578515435 0.00016893558320059811 -0.00027278957621604656
leaf_weight=27 34 25 34 27 75 503 25
leaf_count=27 34 25 34 27 75 503 25
internal_value=0.000333334 0.000833334 -0.00432203 -0.00611111 0.00131083 0.00188612 -0.00347458
internal_weight=750 696 59 54 637 562 59
internal_count=750 696 59 54 637 562 59
is_linear=0
shrinkage=0.05


Tree=19
num_leaves=8
num_cat=0
split_feature=8 8 3 12 16 1 9
split_gain=0.962232 0.618333 0.381433 0.326431 0.232652 0.50697 0.865733
threshold=-0.14695660527962504 0.37582247809364228 0.03814220812435843 -0.038043904409190692 0.037843384396831888 0.031019428090502957 0.22788373397453734
decision_type=8 10 2 2 2 2 10
left_child=-1 2 3 -2 5 -5 -7
right_child=1 -3 -4 4 -6 6 -8
leaf_value=-0.0011915795131776043 -0.00010613521710465092 -0.00041383167044050767 -0.00045042653647653434 0.00029731955802259026 0.00058674593340175179 3.633258879878084e-05 -0.00048472713429331292
leaf_weight=49 29 26 26 384 78 120 29
leaf_count=49 29 26 26 384 78 120 29
internal_value=0.000546559 0.00102601 0.00132132 0.0015625 0.00180851 0.00143527 -0.00104027
internal_weight=741 692 666 640 611 533 149
internal_count=741 692 666 640 611 533 149
is_linear=0
shrinkage=0.05


Tree=20
num_leaves=8
num_cat=0
split_feature=2 7 16 11 11 0 0
split_gain=0.822001 0.612383 0.354807 0.367474 1.15205 0.413377 0.388282
threshold=-0.16164769190570324 0.18616631869871916 -0.037135859699262634 0.0019507060207528684 0.0039565944761287284 -0.00786664054266961 -0.022160475552897903
decision_type=2 2 2 2 2 2 2
left_child=-1 2 -2 -4 -5 6 -6
right_child=1 -3 3 4 5 -7 -8
leaf_value=-0.00058727662772620789 -0.00027316689466841702 -0.00039547033498393662 0.00033949089036120844 -0.00083761719500089057 0.00023762213756654208 0.00030312906104961444 -0.00018101314158314587
leaf_weight=44 41 25 232 39 47 258 53
leaf_count=44 41 25 232 39 47 258 53
internal_value=0.00026387 0.000683453 0.000970149 0.00126391 0.000340051 0.00122905 -0.0015
internal_weight=739 695 670 629 397 358 100
internal_count=739 695 670 629 397 358 100
is_linear=0
shrinkage=0.05


Tree=21
num_leaves=8
num_cat=0
split_feature=8 8 0 14 1 0 12
split_gain=0.71628 0.760059 0.512487 0.495605 0.545809 0.512369 0.535746
threshold=-0.14695660527962504 0.37582247809364228 -0.049216106051849888 0.013647468145900345 0.031019428090502957 0.0098258493965665012 0.0082902171521933594
decision_type=8 10 2 2 2 2 2
left_child=-1 2 -2 5 -5 6 -4
right_child=1 -3 3 4 -6 -7 -8
leaf_value=-0.0012143605481003757 -0.00035649405030554771 -0.00046441656273280425 0.00015284447202677318 0.00034765489464119481 -1.2653271101633268e-05 0.00028434968476748977 -0.00032353030572063765
leaf_weight=46 28 28 60 140 76 213 155
leaf_count=46 28 28 60 140 76 213 155
internal_value=0.000174263 0.000571429 0.000907738 0.00119565 0.00314815 0.000210281 -0.00151163
internal_weight=746 700 672 644 216 428 215
internal_count=746 700 672 644 216 428 215
is_linear=0
shrinkage=0.05


Tree=22
num_leaves=8
num_cat=0
split_feature=4 11 1 7 7 11 14
split_gain=0.898865 0.760489 1.216 0.715477 0.954446 0.674298 0.403333
threshold=0.043622653888010739 0.012360939559302066 0.051902579384687904 -0.053838162985994746 -0.090045904274051444 0.0069117178035681412 -0.048564324883399894
decision_type=2 2 2 2 2 2 2
left_child=-1 2 3 4 -2 6 -5
right_child=1 -3 -4 5 -6 -7 -8
leaf_value=0.00019805617797627914 -8.5715162411229419e-05 0.00028604133205698874 -0.00067630953407121254 -3.8826716590876438e-05 -0.00058172854542699762 -0.00022744207852482508 0.00049216333132910651
leaf_weight=374 54 118 40 25 28 26 75
leaf_count=374 54 118 40 25 28 26 75
internal_value=6.75678e-05 -0.00169399 -0.00326613 -0.00173077 -0.00536585 0.000634921 0.0025
internal_weight=740 366 248 208 82 126 100
internal_count=740 366 248 208 82 126 100
is_linear=0
shrinkage=0.05


Tree=23
num_leaves=8
num_cat=0
split_feature=6 1 1 12 1 5 14
split_gain=0.903713 0.696052 1.44007 1.09409 0.411088 0.445602 0.414065
threshold=0.40020619028445614 0.035069545979445345 0.072416049077290282 -0.013091202195066818 -0.088012929212346144 0.035104788032564359 0.038811658900465458
decision_type=2 2 2 2 2 2 2
left_child=4 3 -3 -2 -1 6 -6
right_child=1 2 -4 -5 5 -7 -8
leaf_value=-0.00027009765735981834 -0.0023351397369198814 -0.00060199161191995011 -0.00032332100813651198 0.00048802856470746134 5.3971307549108111e-05 -0.00011386590362412772 0.00042362121404407403
leaf_weight=40 33 34 63 61 381 25 110
leaf_count=40 33 34 63 61 381 25 110
internal_value=0.000113789 -0.0028534 -0.00582474 0.000212766 0.00113309 0.00151163 0.00184318
internal_weight=747 191 97 94 556 516 491
internal_count=747 191 97 94 556 516 491
is_linear=0
shrinkage=0.05


Tree=24
num_leaves=8
num_cat=0
split_feature=6 1 11 2 7 11 7
split_gain=0.712715 0.604646 0.65744 0.568744 0.548137 0.571038 0.5
threshold=1.2885008285468336 -0.079982047864755088 -0.014879372351697838 0.26380930386340801 0.029282769456380534 0.0063364892264597969 0.14419769604518753
decision_type=2 2 2 2 2 2 2
left_child=1 2 -1 -3 -2 -6 -5
right_child=4 3 -4 6 5 -7 -8
leaf_value=-0.00067465660296265825 -0.0020087471361950166 8.2203405624789818e-05 0.00043668120265895739 -0.00040843506786235589 -0.00063351367082250935 0.00086358599002768857 0.0003162369039704024
leaf_weight=32 36 540 28 25 26 32 25
leaf_count=32 36 540 28 25 26 32 25
internal_value=2.68819e-05 0.000615385 -0.00416667 0.0011017 -0.00404255 -0.00103448 -0.004
internal_weight=744 650 60 590 94 58 50
internal_count=744 650 60 590 94 58 50
is_linear=0
shrinkage=0.05


Tree=25
num_leaves=8
num_cat=0
split_feature=9 2 3 12 15 3 3
split_gain=0.779068 0.645246 0.395967 0.619192 1.36297 0.49605 0.456821
threshold=0.53483108549746816 -0.17792497893885814 -0.0060795367470312658 0.040667203232477307 0.0018874120505504301 -0.0035897413359845527 -0.015902300299733937
decision_type=10 2 2 2 2 2 2
left_child=1 -1 6 5 -5 -4 -3
right_child=-2 2 3 4 -6 -7 -8
leaf_value=-0.00073308486718374653 -0.0006053827683864272 1.0904331979910701e-06 -0.00016919661451962487 -0.0010264223714971281 0.00019167933346365089 9.9780459328313229e-05 0.00046747557147389513
leaf_weight=43 32 88 44 28 57 334 124
leaf_count=43 32 88 44 28 57 334 124
internal_value=0.000133334 0.000473538 0.000851852 3.23976e-05 -0.00382353 0.000899471 0.00264151
internal_weight=750 718 675 463 85 378 212
internal_count=750 718 675 463 85 378 212
is_linear=0
shrinkage=0.05


Tree=26
num_leaves=8
num_cat=0
split_feature=9 2 3 9 15 7 16
split_gain=0.750362 0.621877 0.403242 0.341484 0.574877 0.806667 0.5
threshold=0.53483108549746816 -0.17177566694464355 0.038963715703570163 0.10757472455033258 -0.00094955178852162969 0.047306493438206483 -0.0063508645076572603
decision_type=10 2 2 10 2 2 2
left_child=1 -1 3 -3 5 6 -5
right_child=-2 2 -4 4 -6 -7 -8
leaf_value=-0.00067712386527499745 -0.0005028374038507623 0.0002160820472143763 -0.00028038012635631375 0.00045695728477263339 0.00021237214903023624 -0.0011727800259079804 -0.00022900869505170326
leaf_weight=46 34 412 25 25 151 25 25
leaf_count=46 34 412 25 25 151 25 25
internal_value=0.000491252 0.00083921 0.00122926 0.00147335 -8.84954e-05 -0.00366667 1.86265e-10
internal_weight=743 709 663 638 226 75 50
internal_count=743 709 663 638 226 75 50
is_linear=0
shrinkage=0.05


Tree=27
num_leaves=8
num_cat=0
split_feature=6 12 11 5 11 12 13
split_gain=0.745417 0.570653 0.41923 0.499072 0.725514 0.426031 1.08606
threshold=2.6201073581517682 0.076145654651098141 0.022655260909184464 0.0265955777646345 0.017370532095548511 0.028194980259768524 16.469999313354496
decision_type=2 2 2 2 2 2 2
left_child=1 2 3 4 -1 6 -5
right_child=-2 -3 -4 5 -6 -7 -8
leaf_value=0.00032656169853262319 -0.0028915311594690687 -0.00051383364671639593 0.00043959297990384778 -0.00048895891673010259 -0.00033869818627496015 0.00026328609552085213 -1.9927053934464805e-05
leaf_weight=346 28 33 85 27 27 59 140
leaf_count=346 28 33 85 27 27 59 140
internal_value=0.000503356 0.0008159 0.00112573 0.000659433 0.00178284 -0.00119469 -0.00248503
internal_weight=745 717 684 599 373 226 167
internal_count=745 717 684 599 373 226 167
is_linear=0
shrinkage=0.05


Tree=28
num_leaves=8
num_cat=0
split_feature=6 11 5 4 10 14 4
split_gain=0.554038 0.647838 0.412325 0.539077 0.413323 0.978942 0.335761
threshold=1.2885008285468336 0.0079258155566226413 0.029054013538025388 0.050311123233238157 0.0060226165635326465 -0.014609583018452553 0.047612398106899496
decision_type=2 2 2 2 2 2 2
left_child=2 6 -1 -4 5 -5 -2
right_child=1 -3 3 4 -6 -7 -8
leaf_value=0.00015436188635758349 -0.0014182286771346054 0.0003711839066579748 -0.0006876566558565167 -0.00069571080679485943 0.00059960382296619366 3.6270819597037811e-05 -0.00045763759396177109
leaf_weight=500 29 42 33 27 45 50 26
leaf_count=500 29 42 33 27 45 50 26
internal_value=0.000279255 -0.00324742 0.000801527 -0.00145161 8.19674e-05 -0.00214286 -0.00681818
internal_weight=752 97 655 155 122 77 55
internal_count=752 97 655 155 122 77 55
is_linear=0
shrinkage=0.05


Tree=29
num_leaves=8
num_cat=0
split_feature=6 5 11 15 1 7 1
split_gain=0.819033 0.670004 1.24455 1.33879 0.576696 0.977778 0.539046
threshold=0.40020619028445614 0.025391823945595391 0.011915744624196202 0.0011918279541154322 -0.06911762934454245 -0.06919542339739447 0.0039847081993685815
decision_type=2 2 2 2 2 2 2
left_child=4 6 3 -3 5 -1 -2
right_child=1 2 -4 -5 -6 -7 -8
leaf_value=0.00069704754426395303 0.00042659283428312414 -0.00065523870309376132 0.00046347052680021045 -0.0016813062983550974 0.00010585082035190857 -0.00018751853587681868 -0.0006919383986427924
leaf_weight=36 34 30 25 25 478 30 72
leaf_count=36 34 30 25 25 478 30 72
internal_value=6.84933e-05 -0.0027957 -0.00625 -0.0104545 0.00104779 -0.00333333 -0.000188679
internal_weight=730 186 80 55 544 66 106
internal_count=730 186 80 55 544 66 106
is_linear=0
shrinkage=0.05


Tree=30
num_leaves=8
num_cat=0
split_feature=9 6 6 4 0 9 11
split_gain=0.780966 0.97852 0.821672 0.825694 0.574473 0.537033 0.58991
threshold=0.10628755599160812 1.331628423192124 -0.7832355945846684 0.053618588365398769 0.011666518888776458 0.17375597248819943 0.0075989053282219396
decision_type=10 2 2 2 2 10 2
left_child=1 -1 -2 5 -5 6 -4
right_child=2 -3 3 4 -6 -7 -8
leaf_value=0.00022465112091819419 0.00059914463422855631 -0.00069567917243896918 -0.00032489892749555215 -0.00034722940915379375 -0.00040529131267621338 1.079870123477448e-05 0.00012417334529588945
leaf_weight=407 52 51 25 27 25 116 34
leaf_count=407 52 51 25 27 25 116 34
internal_value=0.000454546 0.00172489 -0.00163082 -0.00292952 -0.00846154 -0.00128571 -0.00516949
internal_weight=737 458 279 227 52 175 59
internal_count=737 458 279 227 52 175 59
is_linear=0
shrinkage=0.05


Tree=31
num_leaves=8
num_cat=0
split_feature=1 16 0 9 8 12 8
split_gain=0.62062 1.13023 1.40888 1.19717 0.641434 0.687619 0.500298
threshold=0.031019428090502957 0.038254741483967243 -0.010015527278997514 0.22345611770867205 -0.14695660527962504 -0.050232690438178178 0.12240952422061847
decision_type=2 2 2 10 10 2 8
left_child=4 2 -2 6 5 -1 -4
right_child=1 -3 3 -5 -6 -7 -8
leaf_value=0.00024386779701026677 -0.0012962275261868689 0.00038112289965650426 -6.8483466620196233e-05 -0.00060526803388359358 0.00023339205354612255 -0.0017692112036042117 0.00044118122454211891
leaf_weight=25 33 95 73 33 395 35 42
leaf_count=25 33 95 73 33 395 35 42
internal_value=0.000348837 -0.00152174 -0.00383978 -0.00175676 0.00148352 -0.00333333 0.000652174
internal_weight=731 276 181 148 455 60 115
internal_count=731 276 181 148 455 60 115
is_linear=0
shrinkage=0.05


Tree=32
num_leaves=8
num_cat=0
split_feature=8 2 2 12 12 10 11
split_gain=0.560053 0.583931 0.560008 0.561106 1.19168 0.589336 1.34091
threshold=-0.17828808888182671 -0.0078087994338233982 0.005528094970788989 0.018681855298992137 0.023117382956200586 0.0034066774365857371 0.0058629672128354135
decision_type=8 2 2 2 2 2 2
left_child=-1 -2 -3 -4 -5 -6 -7
right_child=1 2 3 4 5 6 -8
leaf_value=-0.0019623488964633676 0.00018780593935452253 -0.00018223047047953548 0.00041062964239110301 -0.0011577382247963031 0.00010373170163218062 -0.00026529243898813868 9.2338854742352501e-06
leaf_weight=35 261 38 117 27 153 28 93
leaf_count=35 261 38 117 27 153 28 93
internal_value=-0.000252659 4.88147e-05 -0.0010307 -0.000502392 -0.00164452 -0.000656934 -0.00326446
internal_weight=752 717 456 418 301 274 121
internal_count=752 717 456 418 301 274 121
is_linear=0
shrinkage=0.05


Tree=33
num_leaves=8
num_cat=0
split_feature=12 16 14 9 13 3 5
split_gain=0.55915 0.465403 0.558621 0.712727 0.457557 0.59737 1.30503
threshold=0.076145654651098141 -0.024149137194696465 -0.010446241084373918 0.063994639467767303 19.055000305175785 0.01869681464347284 0.026212811952651946
decision_type=2 2 2 10 2 2 2
left_child=1 2 -1 -4 5 -3 -7
right_child=-2 4 3 -5 -6 6 -8
leaf_value=-0.00056439207573684544 -0.00057440552386077643 5.1278520684372421e-05 0.00042874263513581847 -0.00040596422665998411 0.00018611025917889494 0.00032797339225549053 -0.00016465828786119135
leaf_weight=36 31 402 55 25 126 42 25
leaf_count=36 31 402 55 25 126 42 25
internal_value=0.000283019 0.00056962 -0.00232759 1.86265e-10 0.00113445 0.000415778 -0.00395522
internal_weight=742 711 116 80 595 469 67
internal_count=742 711 116 80 595 469 67
is_linear=0
shrinkage=0.05


Tree=34
num_leaves=8
num_cat=0
split_feature=8 13 8 8 2 3 14
split_gain=0.358436 0.430824 0.351672 0.854681 0.47608 0.491218 0.637573
threshold=-0.14695660527962504 19.055000305175785 0.028713537842304796 0.046680954840781282 0.024467151785315781 -0.0060795367470312658 -0.027760594315615391
decision_type=8 2 10 10 2 2 2
left_child=-1 2 -2 -4 -5 -6 -7
right_child=1 -3 3 4 5 6 -8
leaf_value=-0.00071377146709526544 0.00012840559575490605 0.00023300327937751132 -0.00034354090315257381 0.00041307267014458024 0.00015134299150557 0.00013963246802228994 -0.00076015569644579252
leaf_weight=47 235 152 34 43 58 65 113
leaf_count=47 235 152 34 43 58 65 113
internal_value=0.000716198 0.001 0.000346716 -0.000750799 0.000161291 -0.000720339 -0.00202247
internal_weight=747 700 548 313 279 236 178
internal_count=747 700 548 313 279 236 178
is_linear=0
shrinkage=0.05


Tree=35
num_leaves=8
num_cat=0
split_feature=6 1 10 12 0 0 1
split_gain=0.710881 0.364098 0.689101 0.317046 0.304037 0.335035 0.604432
threshold=2.0110358403823478 -0.057939474506785875 0.0023061717874046654 0.017951128324421587 -0.032534483747314817 -0.012260939189612461 0.017585661806060363
decision_type=2 2 2 2 2 2 2
left_child=1 2 3 -1 -3 6 -6
right_child=-2 4 -4 -5 5 -7 -8
leaf_value=-5.3933648251181955e-06 -0.0011739559264677937 0.00022125730145336605 -0.00019855589685265743 0.00053956152504580266 3.2516540584763055e-05 0.00021216364651518982 -0.00042749094172470959
leaf_weight=54 41 51 36 29 61 425 46
leaf_count=54 41 51 36 29 61 425 46
internal_value=0.000423957 0.000797721 -0.00172269 0.000783133 0.00131218 0.000958647 -0.00154206
internal_weight=743 702 119 83 583 532 107
internal_count=743 702 119 83 583 532 107
is_linear=0
shrinkage=0.05


Tree=36
num_leaves=8
num_cat=0
split_feature=14 14 0 14 15 12 0
split_gain=0.519117 0.883025 0.582593 0.472674 0.454545 0.37955 0.643836
threshold=-0.056340529311790281 -0.077913276979976895 0.021214285301735861 -0.02368562203831703 0.016189764619892969 -0.031331833469953822 -0.021212961049766995
decision_type=2 2 2 2 2 2 2
left_child=1 4 -3 -2 -1 -5 -7
right_child=3 2 -4 5 -6 6 -8
leaf_value=0.00061256074235062482 0.00035064203609340276 -0.00061326131371748605 -8.2143807191982122e-06 -0.0003973809216032461 -4.99655219858085e-05 0.00014861928949453458 -9.5710519472842346e-06
leaf_weight=36 139 25 27 51 30 124 321
leaf_count=36 139 25 27 51 30 124 321
internal_value=0.000418327 -0.00262712 -0.0075 0.000984252 0.00121212 0.000262097 0.000730337
internal_weight=753 118 52 635 66 496 445
internal_count=753 118 52 635 66 496 445
is_linear=0
shrinkage=0.05


Tree=37
num_leaves=8
num_cat=0
split_feature=11 2 1 9 2 9 0
split_gain=0.63483 1.53006 0.552425 0.904353 0.564211 1.09292 0.686719
threshold=0.0091429221400685119 0.24446780472351951 0.031019428090502957 0.22345611770867205 0.013635417831355691 0.10628755599160812 -0.046222935937237745
decision_type=2 2 2 8 2 10 2
left_child=1 2 4 -4 5 6 -1
right_child=-2 -3 3 -5 -6 -7 -8
leaf_value=-0.00042105971828193599 0.00011230358091179101 -0.00010830336918619202 2.8589494866000873e-05 -0.00067536272201582852 0.00033937789882819533 -4.9090455373987486e-05 0.00015516153520440642
leaf_weight=25 300 29 51 32 131 41 148
leaf_count=25 300 29 51 32 131 41 148
internal_value=4.62353e-05 -0.00112691 -0.000373832 -0.00403614 0.000507247 -0.00107477 0.00066474
internal_weight=757 457 428 83 345 214 173
internal_count=757 457 428 83 345 214 173
is_linear=0
shrinkage=0.05


Tree=38
num_leaves=8
num_cat=0
split_feature=9 4 16 16 11 6 0
split_gain=0.568355 0.8672 0.631087 1.10231 1.49811 0.523519 0.413194
threshold=0.026370061641107782 0.044965646389969978 -0.032577672604407408 0.0090525107441445946 0.014319946344864666 1.0996214074964152 0.014152996967256139
decision_type=10 2 2 2 2 2 2
left_child=5 -2 -3 -4 -5 6 -1
right_child=1 2 3 4 -6 -7 -8
leaf_value=3.1934499807817342e-05 2.9724399764183655e-05 -0.00064283979896744415 0.00033283367547958556 -0.00050476219737475105 2.159722204042869e-05 -0.00068745209168530092 0.00043213810966999513
leaf_weight=204 232 28 72 32 42 46 84
leaf_count=204 232 28 72 32 42 46 84
internal_value=-0.00027027 -0.00152709 -0.0041954 -0.00287671 -0.00716216 0.00125749 0.00204861
internal_weight=740 406 174 146 74 334 288
internal_count=740 406 174 146 74 334 288
is_linear=0
shrinkage=0.05


Tree=39
num_leaves=8
num_cat=0
split_feature=0 6 9 4 3 10 6
split_gain=0.360364 0.691087 0.591387 0.979204 0.550613 0.512558 0.456597
threshold=0.033611610867796078 1.0996214074964152 0.10757472455033258 0.053618588365398769 -0.0051994075376285412 -0.0019771286698093134 -0.5112446873397789
decision_type=2 2 10 2 2 2 2
left_child=1 2 6 5 -3 -4 -1
right_child=-2 4 3 -5 -6 -7 -8
leaf_value=-8.3657410449875867e-07 0.00038832815838353254 0.00073134482685397167 -5.4740064267700842e-05 -0.00043537410001604702 -0.0011332346979185176 4.6900153937302285e-05 0.00013073359628872845
leaf_weight=162 107 25 43 46 41 106 206
leaf_count=162 107 25 43 46 41 106 206
internal_value=0.00044837 -7.94894e-06 0.000559503 -0.00166667 -0.00484848 0.000302014 0.00173913
internal_weight=736 629 563 195 66 149 368
internal_count=736 629 563 195 66 149 368
is_linear=0
shrinkage=0.05


Tree=40
num_leaves=8
num_cat=0
split_feature=6 0 0 1 14 1 1
split_gain=0.569342 0.401651 0.621118 0.481428 0.640327 0.351591 0.594254
threshold=2.0110358403823478 -0.021212961049766995 -0.014971475756126671 -0.045953573904197569 -0.001390218635627771 0.020002991329850509 0.04636036340171313
decision_type=2 2 2 2 2 2 2
left_child=1 -1 -3 4 -4 -5 -7
right_child=-2 2 3 5 -6 6 -8
leaf_value=5.7510181384346707e-05 -0.00089038020309126209 -0.00042481007452956174 -0.00023873737617144983 0.00032516091650410688 0.00042656571007774482 -0.00027274131134173121 0.0001333835321378616
leaf_weight=147 44 48 47 170 26 91 170
leaf_count=147 44 48 47 170 26 91 170
internal_value=0.000289368 0.000636624 1.81161e-05 0.000535714 -0.00321918 0.00117169 1.91573e-05
internal_weight=743 699 552 504 73 431 261
internal_count=743 699 552 504 73 431 261
is_linear=0
shrinkage=0.05


Tree=41
num_leaves=8
num_cat=0
split_feature=16 9 3 11 5 12 7
split_gain=0.500623 0.524322 0.570394 1.0313 1.5842 0.505919 0.5
threshold=0.038254741483967243 -0.13407428268775803 0.0035865023286225655 0.017370532095548511 0.029709138121985831 -0.031331833469953822 -0.099533287375721022
decision_type=2 10 2 2 2 2 2
left_child=1 5 -3 4 -4 6 -1
right_child=-2 2 3 -5 -6 -7 -8
leaf_value=0.00054419158779811549 0.00032055651387393109 1.6498336265025844e-05 3.5794816384927193e-05 -0.00064115242226751379 -0.00049903246678438128 0.00018136416199866347 -0.0003955566849623017
leaf_weight=25 106 229 143 27 35 161 25
leaf_count=25 106 229 143 27 35 161 25
internal_value=0.000872171 0.000348837 -0.000645161 -0.00256098 -0.00117978 0.00239337 -0.002
internal_weight=751 645 434 205 178 211 50
internal_count=751 645 434 205 178 211 50
is_linear=0
shrinkage=0.05


Tree=42
num_leaves=8
num_cat=0
split_feature=8 15 2 13 13 6 8
split_gain=0.480414 0.525611 0.424795 0.331233 0.300083 0.341372 0.388537
threshold=-0.14695660527962504 0.0032469475414346198 -0.058419934354607454 19.625000000000004 13.824999809265138 1.2885008285468336 0.095486951976056625
decision_type=8 2 2 2 2 2 8
left_child=1 -1 -2 4 -4 6 -6
right_child=2 -3 3 -5 5 -7 -8
leaf_value=0.00036785050371636606 0.00013253909955917664 -0.001756681590776011 0.00043218018982736509 0.00034089045309142185 -3.9389371236163736e-05 -0.0012626580576390798 0.0001741276338311398
leaf_weight=26 127 25 125 92 182 40 132
leaf_count=26 127 25 125 92 182 40 132
internal_value=0.000861148 -0.00382353 0.00120344 0.000621716 9.39459e-05 -0.000649717 -9.55412e-05
internal_weight=749 51 698 571 479 354 314
internal_count=749 51 698 571 479 354 314
is_linear=0
shrinkage=0.05


Tree=43
num_leaves=8
num_cat=0
split_feature=0 2 0 8 3 1 0
split_gain=0.428586 0.437541 0.563572 0.352949 0.352327 0.357937 0.40453
threshold=0.033611610867796078 -0.043678251463465372 0.02710469001844407 -0.14695660527962504 0.016876164466438807 -0.057939474506785875 -0.010015527278997514
decision_type=2 2 2 10 2 2 2
left_child=1 3 4 -1 5 -3 -7
right_child=-2 2 -4 -5 -6 6 -8
leaf_value=-0.00031190127441696236 0.00025594222271433905 -0.00012772470099576403 -0.00082112048437054199 0.0002952071911562625 -0.00041770148112815558 -1.1655566210681747e-05 0.00031181361894845979
leaf_weight=46 108 45 28 137 42 125 213
leaf_count=46 108 45 28 137 42 125 213
internal_value=0.000698925 0.000204403 -0.000629139 0.00226776 -0.00017647 0.000300261 0.000857988
internal_weight=744 636 453 183 425 383 338
internal_count=744 636 453 183 425 383 338
is_linear=0
shrinkage=0.05


Tree=44
num_leaves=8
num_cat=0
split_feature=12 16 8 10 11 12 12
split_gain=0.330361 0.63169 0.479915 0.800476 0.453889 0.784692 0.703015
threshold=0.076145654651098141 0.04101999171987037 -0.14695660527962504 0.00048355916176134889 0.00081108963534770606 0.023117382956200586 0.015576127060618618
decision_type=2 2 10 2 2 2 2
left_child=1 2 3 -1 -4 6 -6
right_child=-2 -3 4 -5 5 -7 -8
leaf_value=7.401600189922602e-05 -0.00057499618459887366 0.00049350399307615306 0.00018423665248543358 -0.0023030276328073079 -1.8233687931698856e-05 5.2521062559831888e-05 -0.00045709937853669687
leaf_weight=35 31 73 246 25 87 200 38
leaf_count=35 31 73 246 25 87 200 38
internal_value=0.00037415 0.000596591 8.71634e-05 -0.00416667 0.000534151 -0.000692307 -0.0038
internal_weight=735 704 631 60 571 325 125
internal_count=735 704 631 60 571 325 125
is_linear=0
shrinkage=0.05


Tree=45
num_leaves=8
num_cat=0
split_feature=16 11 14 0 5 5 3
split_gain=0.608632 0.688886 0.45042 0.771076 0.504376 1.37259 0.541658
threshold=0.038254741483967243 0.020527358618941841 0.13092898697672287 -0.021212961049766995 0.029054013538025388 0.03076121571006666 0.019898814359724185
decision_type=2 2 2 2 2 2 2
left_child=1 2 3 -1 6 -6 -5
right_child=-2 -3 -4 4 5 -7 -8
leaf_value=0.0001519775917666455 0.0003000884344798668 -0.00024005441700235728 -0.00038116880988782893 -1.5570755654528911e-05 -0.00032757538803363987 7.2804329954572768e-06 0.00034143453438189903
leaf_weight=121 104 33 34 301 28 65 57
leaf_count=121 104 33 34 301 28 65 57
internal_value=0.000491252 -8.60718e-05 0.00029703 0.000629371 -0.000321508 -0.00360215 0.000530726
internal_weight=743 639 606 572 451 93 358
internal_count=743 639 606 572 451 93 358
is_linear=0
shrinkage=0.05


Tree=46
num_leaves=8
num_cat=0
split_feature=0 9 1 2 2 15 16
split_gain=0.385502 0.541946 0.809435 0.912791 0.517677 0.384324 0.776586
threshold=0.033611610867796078 0.16776766870076346 0.023205604948392192 0.12871350049328381 0.20098954413981365 0.0054758971288857436 -0.0048375899186188223
decision_type=2 10 2 2 2 2 2
left_child=1 5 -3 -4 -5 -1 -7
right_child=-2 2 3 4 -6 6 -8
leaf_value=4.9581098211594529e-05 0.00024505995888572982 0.00029418633524839729 -0.00052142802401847438 0.00043270466948673299 -0.00084130828159749069 -0.0017234131547569738 5.792829483333926e-05
leaf_weight=366 110 60 31 26 25 29 100
leaf_count=366 110 60 31 26 25 29 100
internal_value=0.000448461 -2.35477e-05 -0.00274648 -0.00597561 -0.00186274 0.000757576 -0.00158915
internal_weight=747 637 142 82 51 495 129
internal_count=747 637 142 82 51 495 129
is_linear=0
shrinkage=0.05


Tree=47
num_leaves=8
num_cat=0
split_feature=16 1 1 9 14 14 6
split_gain=0.461125 0.573653 1.05622 1.20247 0.611706 0.940085 0.339202
threshold=0.038254741483967243 0.040329116485227641 0.049815483594798156 0.22345611770867205 -0.056925165822572281 -0.091137781806863202 -0.5112446873397789
decision_type=2 2 2 10 2 2 2
left_child=1 4 -3 -4 5 -1 -6
right_child=-2 2 3 -5 6 -7 -8
leaf_value=0.00023578000539854383 0.00022905900528205747 -0.00045063850245470485 0.00026469104883371382 -0.0011277274087425771 1.7367555211667073e-06 -0.00031708703043897244 0.0001631646547031368
leaf_weight=36 105 27 90 32 164 35 245
leaf_count=36 105 27 90 32 164 35 245
internal_value=0.000504087 -7.94894e-06 -0.00271812 -0.000737705 0.000833334 -0.0034507 0.00157702
internal_weight=734 629 149 122 480 71 409
internal_count=734 629 149 122 480 71 409
is_linear=0
shrinkage=0.05


Tree=48
num_leaves=8
num_cat=0
split_feature=13 12 5 16 3 0 0
split_gain=0.333061 0.431742 0.73484 0.820467 0.587362 0.71455 0.651963
threshold=13.744999885559084 0.015576127060618618 0.0265955777646345 -0.037135859699262634 0.026650884989797733 -0.03159335241859295 0.01438310575396662
decision_type=2 2 2 2 2 2 2
left_child=-1 2 -2 -4 5 -3 -7
right_child=1 4 3 -5 -6 6 -8
leaf_value=0.00040028625914050714 0.00022650098666008144 0.00014196864392427801 -0.00055677321965595509 1.3993353537268952e-05 0.00032268542054699547 -0.00029287766311793088 1.7635693137763673e-05
leaf_weight=129 151 41 29 133 31 138 82
leaf_count=129 151 41 29 133 31 138 82
internal_value=0.000367848 -0.000123967 0.00116613 -0.00117284 -0.00150685 -0.00227969 -0.00340909
internal_weight=734 605 313 162 292 261 220
internal_count=734 605 313 162 292 261 220
is_linear=0
shrinkage=0.05


Tree=49
num_leaves=8
num_cat=0
split_feature=16 1 9 8 9 9 15
split_gain=0.564257 0.585824 0.702565 0.9 0.547595 0.553855 0.612468
threshold=0.038254741483967243 0.035069545979445345 0.22345611770867205 0.0017650500771786428 0.22788373397453734 0.17001015459776606 0.0068358131873802472
decision_type=2 2 10 8 8 10 2
left_child=1 4 3 -3 5 6 -1
right_child=-2 2 -4 -5 -6 -7 -8
leaf_value=8.4416948896524628e-05 0.00031191671680915985 -0.0001877792449702508 -0.0011269605703588957 0.00023337364540150434 0.00013045257274838418 -5.7136131398396595e-05 -0.00026700038701555631
leaf_weight=196 113 30 41 90 159 35 68
leaf_count=196 113 30 41 90 159 35 68
internal_value=0.000423497 -0.000169628 -0.00276397 -0.000833333 0.000742358 -0.000518394 0.000265152
internal_weight=732 619 161 120 458 299 264
internal_count=732 619 161 120 458 299 264
is_linear=0
shrinkage=0.05


end of trees

feature_importances:
dvol_z_20=34
dist_ma200=31
spy_ret_5d=29
ret_1d=28
ret_5d=27
dist_ma50=25
spy_ret_20d=24
parkinson_20=21
vix_chg_1d=21
ret_20d=19
atr_pct=19
sector_ret_5d=19
dist_ma20=15
overnight_gap=14
sector_ret_1d=9
vix_level=8
spy_ret_1d=7

parameters:
[boosting: gbdt]
[objective: quantile]
[metric: quantile]
[tree_learner: serial]
[device_type: cpu]
[data_sample_strategy: bagging]
[data: ]
[valid: ]
[num_iterations: 80]
[learning_rate: 0.05]
[num_leaves: 8]
[num_threads: 1]
[seed: 0]
[deterministic: 0]
[force_col_wise: 1]
[force_row_wise: 0]
[histogram_pool_size: -1]
[max_depth: -1]
[min_data_in_leaf: 25]
[min_sum_hessian_in_leaf: 0.001]
[bagging_fraction: 0.9]
[pos_bagging_fraction: 1]
[neg_bagging_fraction: 1]
[bagging_freq: 1]
[bagging_seed: 3]
[bagging_by_query: 0]
[feature_fraction: 0.9]
[feature_fraction_bynode: 1]
[feature_fraction_seed: 2]
[extra_trees: 0]
[extra_seed: 6]
[early_stopping_round: 0]
[early_stopping_min_delta: 0]
[first_metric_only: 0]
[max_delta_step: 0]
[lambda_l1: 0]
[lambda_l2: 0]
[linear_lambda: 0]
[min_gain_to_split: 0]
[drop_rate: 0.1]
[max_drop: 50]
[skip_drop: 0.5]
[xgboost_dart_mode: 0]
[uniform_drop: 0]
[drop_seed: 4]
[top_rate: 0.2]
[other_rate: 0.1]
[min_data_per_group: 100]
[max_cat_threshold: 32]
[cat_l2: 10]
[cat_smooth: 10]
[max_cat_to_onehot: 4]
[top_k: 20]
[monotone_constraints: ]
[monotone_constraints_method: basic]
[monotone_penalty: 0]
[feature_contri: ]
[forcedsplits_filename: ]
[refit_decay_rate: 0.9]
[cegb_tradeoff: 1]
[cegb_penalty_split: 0]
[cegb_penalty_feature_lazy: ]
[cegb_penalty_feature_coupled: ]
[path_smooth: 0]
[interaction_constraints: ]
[verbosity: -1]
[saved_feature_importance_type: 0]
[use_quantized_grad: 0]
[num_grad_quant_bins: 4]
[quant_train_renew_leaf: 0]
[stochastic_rounding: 1]
[linear_tree: 0]
[max_bin: 255]
[max_bin_by_feature: ]
[min_data_in_bin: 3]
[bin_construct_sample_cnt: 200000]
[data_random_seed: 1]
[is_enable_sparse: 1]
[enable_bundle: 1]
[use_missing: 1]
[zero_as_missing: 0]
[feature_pre_filter: 1]
[pre_partition: 0]
[two_round: 0]
[header: 0]
[label_column: ]
[weight_column: ]
[group_column: ]
[ignore_column: ]
[categorical_feature: ]
[forcedbins_filename: ]
[precise_float_parser: 0]
[parser_config_file: ]
[objective_seed: 5]
[num_class: 1]
[is_unbalance: 0]
[scale_pos_weight: 1]
[sigmoid: 1]
[boost_from_average: 1]
[reg_sqrt: 0]
[alpha: 0.1]
[fair_c: 1]
[poisson_max_delta_step: 0.7]
[tweedie_variance_power: 1.5]
[lambdarank_truncation_level: 30]
[lambdarank_norm: 1]
[label_gain: ]
[lambdarank_position_bias_regularization: 0]
[eval_at: ]
[multi_error_top_k: 1]
[auc_mu_weights: ]
[num_machines: 1]
[local_listen_port: 12400]
[time_out: 120]
[machine_list_filename: ]
[machines: ]
[gpu_platform_id: -1]
[gpu_device_id: -1]
[gpu_device_id_list: ]
[gpu_use_dp: 0]
[num_gpu: 1]

end of parameters

pandas_categorical:[]
