tree
version=v4
num_class=1
num_tree_per_iteration=1
label_index=0
max_feature_idx=16
objective=quantile
feature_names=ret_1d ret_5d ret_20d overnight_gap atr_pct parkinson_20 dvol_z_20 dist_ma20 dist_ma50 dist_ma200 spy_ret_1d spy_ret_5d spy_ret_20d vix_level vix_chg_1d sector_ret_1d sector_ret_5d
feature_infos=[-0.15551770952094723:0.095236435871825842] [-0.16509018421570543:0.11997341444162779] [-0.20081364177369276:0.19337074067901794] [-0.12073444554574242:0.093841116828827564] [0.011984307285046937:0.048697381638534376] [0.0077956526367908112:0.029319640395943203] [-1.9847578990859718:4.1485176412834193] [-0.16091612164454971:0.099261216469769931] [-0.18586327852138018:0.14700606671786698] [-0.23286873384891971:0.27154054604920619] [-0.058542971330535654:0.10501930183911301] [-0.11496151859245618:0.082843162776128354] [-0.1226559005192206:0.15756591020035837] [11.859999656677246:52.330001831054688] [-0.35753873962348437:0.74039073966007019] [-0.062590328153952823:0.087383947576493481] [-0.13939752008440254:0.088326450578892102]
tree_sizes=824 863 850 854 860 862 861 857 865 857 862 864 864 863 862 861 864 870 877 862 860 864

Tree=0
num_leaves=8
num_cat=0
split_feature=4 8 13 6 16 13 7
split_gain=1.39438 0.812388 1.15099 1.29285 1.86974 0.852771 0.817945
threshold=0.028661393731916462 0.022264629093026182 14.715000152587892 -0.011853150614146003 1.0000000180025095e-35 17.994999885559086 -0.021337942395527273
decision_type=2 8 2 2 2 2 2
left_child=1 2 -1 6 5 -5 -4
right_child=-2 -3 3 4 -6 -7 -8
leaf_value=0.016104430950896764 0.01670288441601181 0.016021114738887655 0.016000443458042701 0.015972273476160974 0.016741772239014251 0.016407212500065781 0.016300160198783685
leaf_weight=123 50 271 75 46 47 31 107
leaf_count=123 50 271 75 46 47 31 107
internal_value=0.016154 0.0155778 0.0169316 0.0185736 0.0225109 0.0177141 0.015891
internal_weight=750 700 429 306 124 77 182
internal_count=750 700 429 306 124 77 182
is_linear=0
shrinkage=1


Tree=1
num_leaves=8
num_cat=0
split_feature=11 10 12 14 7 14 5
split_gain=1.26878 1.01305 0.876708 0.663041 0.809243 0.588649 0.462963
threshold=-0.011940050299307501 0.0039394105391010745 0.048426875368409401 -0.02817624153510306 -0.013548830657085563 -0.098691693357393515 0.014498937661754602
decision_type=2 2 2 2 2 2 2
left_child=3 -2 5 -1 -5 -3 -7
right_child=1 2 -4 4 -6 6 -8
leaf_value=-0.0003416158685192161 -0.00019360259479871245 0.00013215837742893861 0.00027325915889751503 0.00013048139442526217 0.00023226424406445307 -0.00017174356335505206 0.00015491806068640147
leaf_weight=33 375 25 43 51 47 135 25
leaf_count=33 375 25 43 51 47 135 25
internal_value=-0.000299729 -0.00126866 0.00135965 0.0041603 0.00622449 -0.000135136 -0.00125
internal_weight=734 603 228 131 98 185 160
internal_count=734 603 228 131 98 185 160
is_linear=0
shrinkage=0.05


Tree=2
num_leaves=8
num_cat=0
split_feature=4 11 12 0 6 1 2
split_gain=1.43892 1.13245 1.02701 0.761583 0.518754 0.502309 0.5
threshold=0.029057191837205388 -0.011940050299307501 -0.0062518932096157767 0.012030527893176159 -0.37920371468110542 0.021768339181344912 -0.012572118046019652
decision_type=2 2 2 2 2 2 2
left_child=1 2 6 -3 -5 -6 -1
right_child=-2 3 -4 4 5 -7 -8
leaf_value=5.7629601235093436e-05 0.00048337652673977787 -0.00015127851933338375 0.00018511048375157769 -0.00018833896126141037 1.7385525744078776e-05 0.00014583656098971927 -0.00031197137515737085
leaf_weight=54 43 493 43 26 33 30 27
leaf_count=54 43 493 43 26 33 30 27
internal_value=7.343e-05 -0.000467423 0.00387097 -0.00139175 0.00286517 0.00531746 0.000555554
internal_weight=749 706 124 582 89 63 81
internal_count=749 706 124 582 89 63 81
is_linear=0
shrinkage=0.05


Tree=3
num_leaves=8
num_cat=0
split_feature=4 11 12 8 11 16 3
split_gain=1.175 0.927184 0.823281 0.681669 0.452645 0.669443 0.381935
threshold=0.028661393731916462 -0.011940050299307501 0.001711050909807055 -0.0149097246055353 0.022655260909184464 0.015033962788483237 0.00081451730570769609
decision_type=2 2 2 10 2 2 2
left_child=1 2 3 6 -3 -6 -1
right_child=-2 4 -4 -5 5 -7 -8
leaf_value=-0.00026078804869341537 0.00044939782655647022 -0.00011084001659920139 0.00031030292706707831 0.00025358756580902967 0.00056035751207177045 -5.8047097060574525e-05 5.3185551168494932e-05
leaf_weight=37 47 489 28 33 25 59 25
leaf_count=37 47 489 28 33 25 59 25
internal_value=0.0001144 -0.0004023 0.00353658 0.00131579 -0.00124782 0.00214286 -0.00177419
internal_weight=743 696 123 95 573 84 62
internal_count=743 696 123 95 573 84 62
is_linear=0
shrinkage=0.05


Tree=4
num_leaves=8
num_cat=0
split_feature=7 16 6 9 13 4 16
split_gain=1.24586 0.867547 0.587327 0.707993 0.814286 1.08571 1.12548
threshold=-0.068037868828947898 -0.03178139086793829 -0.011853150614146003 0.15978273450578886 14.904999732971193 0.02362946843009011 1.0000000180025095e-35
decision_type=2 2 2 8 2 2 2
left_child=-1 -2 -3 4 -4 6 -6
right_child=1 2 3 -5 5 -7 -8
leaf_value=0.00061046026811862534 0.00016900630027369607 -0.00013917707968605749 -2.3651922084556693e-05 -0.00023350519776472393 4.8860878095633542e-05 -6.4327125130911772e-05 0.00053131110595445769
leaf_weight=25 50 404 57 77 40 38 55
leaf_count=25 50 404 57 77 40 38 55
internal_value=2.68085e-05 -0.000353677 -0.000827125 0.000992508 0.00263158 0.00477443 0.00763158
internal_weight=746 721 671 267 190 133 95
internal_count=746 721 671 267 190 133 95
is_linear=0
shrinkage=0.05


Tree=5
num_leaves=8
num_cat=0
split_feature=11 4 14 15 4 3 3
split_gain=1.52323 0.891351 0.859356 0.944078 0.992063 0.463878 0.581883
threshold=-0.011940050299307501 0.028661393731916462 -0.02817624153510306 -0.015434739637147031 0.020910259218620979 -0.0089693483199997353 -0.00022401677950473206
decision_type=2 2 2 2 2 2 2
left_child=2 5 -1 -4 -5 -2 -7
right_child=1 -3 3 4 -6 6 -8
leaf_value=-0.00032425817048849052 6.8770070570636893e-05 0.00011980814288846231 -0.00017831650658559404 0.00015861989274231224 0.00041622804098036947 -0.00019554505818772895 -1.1963893968757038e-05
leaf_weight=33 32 40 25 42 30 232 303
leaf_count=33 32 40 25 42 30 232 303
internal_value=8.81942e-05 -0.000963757 0.005 0.00737113 0.0102778 -0.00147266 -0.00182243
internal_weight=737 607 130 97 72 567 535
internal_count=737 607 130 97 72 567 535
is_linear=0
shrinkage=0.05


Tree=6
num_leaves=8
num_cat=0
split_feature=11 12 4 0 14 6 3
split_gain=1.22529 0.830212 0.6497 0.624677 0.488877 0.412179 0.486496
threshold=-0.011940050299307501 0.0011335726897910849 0.028661393731916462 0.01168703468871868 -0.0054293361358405115 -0.011853150614146003 -0.0015873489823702289
decision_type=2 2 2 2 2 2 2
left_child=1 5 3 -2 -5 6 -1
right_child=2 -3 -4 4 -6 -7 -8
leaf_value=0.00028449861248363298 -0.0001399061647579331 0.00035160962372027992 0.00011316748663331449 -9.8950975712384331e-06 0.00023755791367445573 0.00021088356497285358 -0.0002794848298885886
leaf_weight=25 478 31 41 59 34 36 42
leaf_count=25 478 31 41 59 34 36 42
internal_value=-0.000375336 0.00395522 -0.00132353 -0.00176007 0.00198925 0.00179612 -0.000522389
internal_weight=746 134 612 571 93 103 67
internal_count=746 134 612 571 93 103 67
is_linear=0
shrinkage=0.05


Tree=7
num_leaves=8
num_cat=0
split_feature=5 11 8 9 10 7 12
split_gain=1.23721 0.802665 0.799332 1.73066 0.723178 0.894662 1.06341
threshold=0.016676954803301034 -0.011940050299307501 -0.0149097246055353 0.055966106500059738 0.0080340527889744013 0.016096646058995415 0.023812257227728287
decision_type=2 2 10 10 2 2 2
left_child=1 2 -1 -4 -3 6 -6
right_child=-2 4 3 -5 5 -7 -8
leaf_value=-1.0712765891553989e-05 0.00028447711645172255 -0.00011723044557594267 0.00023999773000669847 -0.000490267222037688 -7.4977850574744437e-05 -0.00014375184092758439 0.00066170858037614103
leaf_weight=68 46 463 32 29 38 38 31
leaf_count=68 46 463 32 29 38 38 31
internal_value=0.00010067 -0.000422033 0.00313953 0.00729508 -0.00122807 0.00247663 0.00586956
internal_weight=745 699 129 61 570 107 69
internal_count=745 699 129 61 570 107 69
is_linear=0
shrinkage=0.05


Tree=8
num_leaves=8
num_cat=0
split_feature=7 1 7 0 3 0 3
split_gain=1.19644 0.836615 0.922706 1.05404 0.542035 0.55774 0.494945
threshold=-0.068037868828947898 -0.0073406670972946389 -0.041789526861745856 -0.015500950086218988 0.0018293610834816401 0.0027461690113848029 -0.0083138909496495144
decision_type=2 2 2 2 2 2 2
left_child=-1 2 -2 -4 -5 -6 -3
right_child=1 6 3 4 5 -7 -8
leaf_value=0.00053951011771151479 -0.0002184228619860929 7.1834719252914555e-05 0.0001358714152388203 -8.8387182183789342e-06 0.00038631749148302226 -6.9215211971031138e-06 -0.00010023960728855972
leaf_weight=26 56 25 34 120 34 35 434
leaf_count=26 56 25 34 120 34 35 434
internal_value=-0.000157069 -0.000528456 0.00163082 0.00307175 0.00161376 0.00514493 -0.00184096
internal_weight=764 738 279 223 189 69 459
internal_count=764 738 279 223 189 69 459
is_linear=0
shrinkage=0.05


Tree=9
num_leaves=8
num_cat=0
split_feature=5 14 6 13 9 15 11
split_gain=0.942555 0.387581 0.425939 0.903096 1.07933 1.60018 0.38209
threshold=0.019508094968948651 -0.10816573528732347 -0.10144186329979758 16.164999961853031 0.11251929449229404 0.00048332276045726102 0.023858955233929894
decision_type=2 2 2 2 8 2 2
left_child=1 -1 -3 6 5 -5 -4
right_child=-2 2 3 4 -6 -7 -8
leaf_value=4.53063735795326e-05 8.7307938323830957e-05 -0.00012034762161199649 -0.00011917223990418654 5.1757242658894964e-05 -0.00020018124767523152 0.00056418450453030265 0.00012890804151739077
leaf_weight=32 31 380 123 54 59 40 25
leaf_count=32 31 380 123 54 59 40 25
internal_value=-0.000631722 -0.00100281 -0.00125551 0.0001495 0.00284314 0.00617021 -0.00263514
internal_weight=744 713 681 301 153 94 148
internal_count=744 713 681 301 153 94 148
is_linear=0
shrinkage=0.05


Tree=10
num_leaves=8
num_cat=0
split_feature=4 11 14 8 9 3 12
split_gain=1.08766 0.736421 1.11487 0.70052 1.29275 0.377622 0.351936
threshold=0.029057191837205388 -0.011940050299307501 -0.10344834121785244 -0.0149097246055353 0.055966106500059738 -0.002568311927355404 0.057873618969341407
decision_type=2 2 2 10 10 2 2
left_child=1 3 -3 5 -5 -1 -4
right_child=-2 2 6 4 -6 -7 -8
leaf_value=-0.00033297191681673873 0.00035409633908108074 7.1961812084298229e-05 -0.00010463161202939333 0.00026363836807019933 -0.00033539785063219009 5.4002850194565861e-05 0.00016208596142319831
leaf_weight=27 44 25 503 28 25 39 58
leaf_count=27 44 25 503 28 25 39 58
internal_value=-0.000126837 -0.000602838 -0.00133106 0.00298319 0.00726415 -0.000454547 -0.00179145
internal_weight=749 705 586 119 53 66 561
internal_count=749 705 586 119 53 66 561
is_linear=0
shrinkage=0.05


Tree=11
num_leaves=8
num_cat=0
split_feature=11 0 6 14 0 4 14
split_gain=0.996136 1.08435 1.47223 0.911994 0.845865 0.581394 0.54924
threshold=-0.011940050299307501 0.0046611060955503722 0.023279593953044745 -0.10344834121785244 -0.0086346260284174119 0.028661393731916462 -0.01759756320211869
decision_type=2 2 2 2 2 2 2
left_child=1 2 4 -2 -1 6 -5
right_child=3 -3 -4 5 -6 -7 -8
leaf_value=-0.00029627008264930462 7.2613580995736619e-05 -0.00025085008037109948 0.00039626601841742036 -0.00010454677686008598 0.00015901704888160559 4.3961848825665031e-05 -1.9123732893333105e-05
leaf_weight=25 27 36 32 213 38 36 340
leaf_count=25 27 36 32 213 38 36 340
internal_value=-0.000180724 0.00377862 0.00657895 -0.00102273 0.00214286 -0.00143464 -0.00183544
internal_weight=747 131 95 616 63 589 553
internal_count=747 131 95 616 63 589 553
is_linear=0
shrinkage=0.05


Tree=12
num_leaves=8
num_cat=0
split_feature=0 6 6 12 10 11 10
split_gain=1.30746 1.24889 0.663329 0.548576 0.891124 0.443304 0.574504
threshold=-0.015500950086218988 0.11725156977061892 1.8665209730962979 0.048426875368409401 0.0039394105391010745 -0.0075284193939237345 -0.00045040499871334955
decision_type=2 2 2 2 2 2 2
left_child=1 -1 3 5 -5 6 -2
right_child=2 -3 -4 4 -6 -7 -8
leaf_value=-4.7100213603430875e-05 0.00014005856540040735 0.00031731709511920061 0.00036401460195647784 -0.00015883048044509901 0.00029446994517273929 -0.0001382839978754983 -0.0003605761510934157
leaf_weight=28 77 37 38 50 38 410 56
leaf_count=28 77 37 38 50 38 410 56
internal_value=-0.000231609 0.00653846 -0.000889388 -0.00127575 0.00238636 -0.00186925 0.000639097
internal_weight=734 65 669 631 88 543 133
internal_count=734 65 669 631 88 543 133
is_linear=0
shrinkage=0.05


Tree=13
num_leaves=8
num_cat=0
split_feature=14 16 13 12 3 6 14
split_gain=0.630123 0.640029 0.753062 0.523536 1.20129 0.542662 0.474015
threshold=-0.096084571305829466 -0.03178139086793829 20.255000114440922 0.051085048604070045 0.0012914574223126254 1.8665209730962979 -0.01759756320211869
decision_type=2 2 2 2 2 2 2
left_child=-1 2 -2 5 -5 6 -3
right_child=1 3 -4 4 -6 -7 -8
leaf_value=5.6651829898435187e-05 -0.00024016112312889583 -0.00013672090219544306 0.00034782570705648667 -6.438534173818628e-05 0.00029823605539263173 0.00025243571777128199 -1.6298653026446752e-05
leaf_weight=42 26 192 25 46 39 38 337
leaf_count=42 26 192 25 46 39 38 337
internal_value=-0.000234901 -0.000590328 0.00480392 -0.00101227 0.00264706 -0.00156085 -0.00197543
internal_weight=745 703 51 652 85 567 529
internal_count=745 703 51 652 85 567 529
is_linear=0
shrinkage=0.05


Tree=14
num_leaves=8
num_cat=0
split_feature=5 15 11 4 14 6 6
split_gain=0.89335 0.59198 0.706943 0.35094 0.482484 0.920004 0.763752
threshold=0.018830565897567566 0.012038983236224878 0.0072949527951166057 0.021047705671635362 0.020125848996620292 0.071291325795197161 0.57990382804121821
decision_type=2 2 2 2 2 2 2
left_child=1 3 -3 4 -1 -6 -7
right_child=-2 2 -4 -5 5 6 -8
leaf_value=-0.00012795607904760343 0.00028588337207529089 8.1235501653289795e-05 -7.4661189690041163e-05 -7.7115466441424814e-05 -2.3007127067925895e-05 0.00010493543528155903 -0.00013354405326204197
leaf_weight=280 38 33 40 184 88 29 27
leaf_count=280 38 33 40 184 88 29 27
internal_value=-0.000618916 -0.00103524 0.00321918 -0.00154605 -0.000754718 0.00159722 0.00660714
internal_weight=719 681 73 608 424 144 56
internal_count=719 681 73 608 424 144 56
is_linear=0
shrinkage=0.05


Tree=15
num_leaves=8
num_cat=0
split_feature=7 1 3 4 13 1 2
split_gain=1.09726 0.575518 0.822028 0.631201 0.975452 0.456104 0.378788
threshold=-0.068037868828947898 -0.011342972921318415 -0.00018703091948102377 0.02053510204806808 16.164999961853031 0.057785254535746462 -0.02439202741804097
decision_type=2 2 2 2 2 2 2
left_child=-1 2 -2 4 -4 -3 -5
right_child=1 5 3 6 -6 -7 -8
leaf_value=0.00046463365300935091 -0.0001474049042830328 -7.8306605278121154e-05 0.00021251502357363174 -0.00010738208469975675 0.00056448763289095592 2.4155837594843407e-05 0.00021585864387132386
leaf_weight=28 130 446 30 30 28 26 25
leaf_count=28 130 446 30 30 28 26 25
internal_value=-0.000423958 -0.000804197 0.00117284 0.00429203 0.00793103 -0.00182204 0.000454544
internal_weight=743 715 243 113 58 472 55
internal_count=743 715 243 113 58 472 55
is_linear=0
shrinkage=0.05


Tree=16
num_leaves=8
num_cat=0
split_feature=6 2 14 14 6 16 3
split_gain=0.977845 1.16757 0.732952 0.661866 0.752728 0.55431 1.00627
threshold=0.071291325795197161 -0.076409298145878421 -0.067583665573298909 -0.030119880421319408 0.30554519608222935 -0.0068952367593573252 0.0018293610834816401
decision_type=2 2 2 2 2 2 2
left_child=-1 -2 -3 -4 -5 -6 -7
right_child=1 2 3 4 5 6 -8
leaf_value=-7.1279839641482054e-05 0.00047668550034332127 3.773770314745127e-05 -0.00024077056554736259 9.5041813265142635e-05 -0.00022054374435239848 -6.7173113921787763e-05 0.00029609490793243789
leaf_weight=463 35 30 51 40 43 63 32
leaf_count=463 35 30 51 40 43 63 32
internal_value=-0.000112287 0.00214286 0.000984555 2.18329e-05 0.00146067 -0.000289856 0.0018421
internal_weight=757 294 259 229 178 138 95
internal_count=757 294 259 229 178 138 95
is_linear=0
shrinkage=0.05


Tree=17
num_leaves=8
num_cat=0
split_feature=1 8 9 11 7 2 7
split_gain=0.676664 0.580986 0.568155 0.566966 0.924478 1.11481 0.521749
threshold=0.054538785876345426 0.038637854766800046 0.030784569738625759 -0.011940050299307501 -0.0085211179626229466 -0.059513774711344052 0.03194398364695817
decision_type=2 8 8 2 2 2 2
left_child=1 3 -3 4 5 -1 -5
right_child=-2 2 -4 6 -6 -7 -8
leaf_value=0.00051967736506401696 2.6119478533107131e-05 2.3813712922707365e-06 -0.00024251703577890475 -4.3270735622420411e-05 0.00032602561283059819 -0.00018761929465415999 7.7509695191327254e-05
leaf_weight=27 36 47 135 397 33 43 28
leaf_count=27 36 47 135 397 33 43 28
internal_value=-0.000576409 -0.000915494 -0.00335165 -7.57588e-05 0.00325243 -1.19209e-09 -0.000882354
internal_weight=746 710 182 528 103 70 425
internal_count=746 710 182 528 103 70 425
is_linear=0
shrinkage=0.05


Tree=18
num_leaves=8
num_cat=0
split_feature=10 15 3 6 11 10 10
split_gain=0.970648 0.68428 0.940737 0.838619 0.540659 1.30284 0.480914
threshold=-0.015213589282174643 -0.0072524509153613628 -0.0085131283463712997 1.6501578481733399 -0.0075284193939237345 -0.0036395989223323984 0.0080340527889744013
decision_type=2 2 2 2 2 2 2
left_child=-1 -2 -3 4 5 -4 -6
right_child=1 2 3 -5 6 -7 -8
leaf_value=0.00029667288863439133 -0.00021191957320969702 4.2375327976965363e-05 0.00045784675343430641 0.00024709072009530076 -9.1675227730323279e-05 -7.3522206911821951e-05 3.2523604270161225e-05
leaf_weight=34 139 28 26 37 331 71 87
leaf_count=34 139 28 26 37 331 71 87
internal_value=-1.99215e-05 -0.000410293 0.000344826 -0.000108697 -0.000631069 0.00273196 -0.00141148
internal_weight=753 719 580 552 515 97 418
internal_count=753 719 580 552 515 97 418
is_linear=0
shrinkage=0.05


Tree=19
num_leaves=8
num_cat=0
split_feature=13 15 3 13 5 1 1
split_gain=0.590966 0.654118 1.36411 0.61198 0.767468 1.27732 0.460694
threshold=25.505000114440922 0.0044239344095604602 -0.0040687566362579411 14.340000152587892 0.011341360581670894 0.010727615477252763 0.043031618977035453
decision_type=2 2 2 2 2 2 2
left_child=1 -1 -3 -4 5 -5 -6
right_child=-2 2 3 4 6 -7 -8
leaf_value=-7.5812979772541417e-05 0.00032078165298848031 0.00039360650934162661 -0.00019627260595200371 0.00037501772666571816 -0.00010101381408568519 -4.6602856202376853e-05 2.8631582734573511e-05
leaf_weight=463 31 31 49 26 87 27 25
leaf_count=463 31 31 49 26 87 27 25
internal_value=-0.000466848 -0.000762713 0.00132653 -9.34591e-05 0.00136364 0.00632075 -0.000982144
internal_weight=739 708 245 214 165 53 112
internal_count=739 708 245 214 165 53 112
is_linear=0
shrinkage=0.05


Tree=20
num_leaves=8
num_cat=0
split_feature=7 10 7 9 3 2 2
split_gain=0.78466 0.466287 0.740577 1.16499 0.408298 0.519546 1.1702
threshold=-0.068037868828947898 0.0080340527889744013 0.016096646058995415 -0.036037996070791327 -0.0085131283463712997 0.085842009948223233 0.10393106584376489
decision_type=2 2 2 10 2 2 2
left_child=-1 4 3 -3 -2 -6 -7
right_child=1 2 -4 -5 5 6 -8
leaf_value=0.0003924515569718413 1.6707695017565063e-05 -2.1510586559802247e-05 -0.00012370620992549974 0.00057355122852342625 -5.6877863827019773e-05 0.00045020593527192047 -0.00013514050605720757
leaf_weight=27 41 46 46 27 507 25 32
leaf_count=27 41 46 46 27 507 25 32
internal_value=-0.000406126 -0.000718233 0.00214286 0.00527397 -0.00128099 -0.00163121 0.00289474
internal_weight=751 724 119 73 605 564 57
internal_count=751 724 119 73 605 564 57
is_linear=0
shrinkage=0.05


Tree=21
num_leaves=8
num_cat=0
split_feature=6 8 13 7 0 10 15
split_gain=0.559631 0.607994 1.21557 0.966308 1.14784 0.866622 0.552832
threshold=-0.67387267756642288 0.022264629093026182 14.734999656677248 -0.0040807597239542739 -0.015500950086218988 0.0039394105391010745 0.0018748591879355072
decision_type=2 8 2 2 2 2 2
left_child=-1 2 -2 4 -4 -5 -6
right_child=1 -3 3 5 6 -7 -8
leaf_value=-0.00020821909227205249 -4.9727474621404156e-05 -0.00010523430412891773 0.00018143491966209128 4.163982714339986e-05 -0.00016377363819432148 0.00029591583006695582 0.00045197577959140962
leaf_weight=211 96 211 36 42 68 31 53
leaf_count=211 96 211 36 42 68 31 53
internal_value=-0.000922461 -6.51781e-05 0.00128834 0.00326087 0.00105095 0.0080137 -0.00128099
internal_weight=748 537 326 230 157 73 121
internal_count=748 537 326 230 157 73 121
is_linear=0
shrinkage=0.05


end of trees

feature_importances:
dvol_z_20=15
spy_ret_5d=14
overnight_gap=13
vix_chg_1d=13
dist_ma20=12
atr_pct=11
spy_ret_1d=9
vix_level=9
ret_1d=8
spy_ret_20d=8
ret_5d=7
ret_20d=6
dist_ma50=6
dist_ma200=6
sector_ret_1d=6
sector_ret_5d=6
parkinson_20=5

parameters:
[boosting: gbdt]
[objective: quantile]
[metric: quantile]
[tree_learner: serial]
[device_type: cpu]
[data_sample_strategy: bagging]
[data: ]
[valid: ]
[num_iterations: 80]
[learning_rate: 0.05]
[num_leaves: 8]
[num_threads: 1]
[seed: 0]
[deterministic: 0]
[force_col_wise: 1]
[force_row_wise: 0]
[histogram_pool_size: -1]
[max_depth: -1]
[min_data_in_leaf: 25]
[min_sum_hessian_in_leaf: 0.001]
[bagging_fraction: 0.9]
[pos_bagging_fraction: 1]
[neg_bagging_fraction: 1]
[bagging_freq: 1]
[bagging_seed: 3]
[bagging_by_query: 0]
[feature_fraction: 0.9]
[feature_fraction_bynode: 1]
[feature_fraction_seed: 2]
[extra_trees: 0]
[extra_seed: 6]
[early_stopping_round: 0]
[early_stopping_min_delta: 0]
[first_metric_only: 0]
[max_delta_step: 0]
[lambda_l1: 0]
[lambda_l2: 0]
[linear_lambda: 0]
[min_gain_to_split: 0]
[drop_rate: 0.1]
[max_drop: 50]
[skip_drop: 0.5]
[xgboost_dart_mode: 0]
[uniform_drop: 0]
[drop_seed: 4]
[top_rate: 0.2]
[other_rate: 0.1]
[min_data_per_group: 100]
[max_cat_threshold: 32]
[cat_l2: 10]
[cat_smooth: 10]
[max_cat_to_onehot: 4]
[top_k: 20]
[monotone_constraints: ]
[monotone_constraints_method: basic]
[monotone_penalty: 0]
[feature_contri: ]
[forcedsplits_filename: ]
[refit_decay_rate: 0.9]
[cegb_tradeoff: 1]
[cegb_penalty_split: 0]
[cegb_penalty_feature_lazy: ]
[cegb_penalty_feature_coupled: ]
[path_smooth: 0]
[interaction_constraints: ]
[verbosity: -1]
[saved_feature_importance_type: 0]
[use_quantized_grad: 0]
[num_grad_quant_bins: 4]
[quant_train_renew_leaf: 0]
[stochastic_rounding: 1]
[linear_tree: 0]
[max_bin: 255]
[max_bin_by_feature: ]
[min_data_in_bin: 3]
[bin_construct_sample_cnt: 200000]
[data_random_seed: 1]
[is_enable_sparse: 1]
[enable_bundle: 1]
[use_missing: 1]
[zero_as_missing: 0]
[feature_pre_filter: 1]
[pre_partition: 0]
[two_round: 0]
[header: 0]
[label_column: ]
[weight_column: ]
[group_column: ]
[ignore_column: ]
[categorical_feature: ]
[forcedbins_filename: ]
[precise_float_parser: 0]
[parser_config_file: ]
[objective_seed: 5]
[num_class: 1]
[is_unbalance: 0]
[scale_pos_weight: 1]
[sigmoid: 1]
[boost_from_average: 1]
[reg_sqrt: 0]
[alpha: 0.9]
[fair_c: 1]
[poisson_max_delta_step: 0.7]
[tweedie_variance_power: 1.5]
[lambdarank_truncation_level: 30]
[lambdarank_norm: 1]
[label_gain: ]
[lambdarank_position_bias_regularization: 0]
[eval_at: ]
[multi_error_top_k: 1]
[auc_mu_weights: ]
[num_machines: 1]
[local_listen_port: 12400]
[time_out: 120]
[machine_list_filename: ]
[machines: ]
[gpu_platform_id: -1]
[gpu_device_id: -1]
[gpu_device_id_list: ]
[gpu_use_dp: 0]
[num_gpu: 1]

end of parameters

pandas_categorical:[]
