tree
version=v4
num_class=1
num_tree_per_iteration=1
label_index=0
max_feature_idx=16
objective=quantile
feature_names=ret_1d ret_5d ret_20d overnight_gap atr_pct parkinson_20 dvol_z_20 dist_ma20 dist_ma50 dist_ma200 spy_ret_1d spy_ret_5d spy_ret_20d vix_level vix_chg_1d sector_ret_1d sector_ret_5d
feature_infos=[-0.093176053147141391:0.079971544795501837] [-0.1321822567717954:0.14440211582138041] [-0.15606544157144331:0.22034905167622809] [-0.058762044384433665:0.029057753452003343] [0.012555298954678187:0.043055313072551095] [0.008000334381153721:0.029400826868238181] [-1.9337383776808621:4.1444149170630373] [-0.11097557415075354:0.11853153820786311] [-0.14370661515100247:0.15904963147212103] [-0.19664250969445007:0.38567574618693468] [-0.058542971330535654:0.10501930183911301] [-0.11496151859245618:0.082843162776128354] [-0.1226559005192206:0.15756591020035837] [11.859999656677246:52.330001831054688] [-0.35753873962348437:0.74039073966007019] [-0.068247998544687438:0.13425697132599002] [-0.13587196028298487:0.11773217696052685]
tree_sizes=848 861 871 874 870 865 869 871 870 852 868 863 862 863 856 869 869 865 878 869 875 862 863 871 871 864 867 862 861 871 868 882 871 866 873 868 860 858 868 867 875 873 870 858 876

Tree=0
num_leaves=8
num_cat=0
split_feature=8 12 9 3 6 7 1
split_gain=2.10448 1.85483 0.796031 0.656877 0.881819 1.14224 1.07272
threshold=-0.084013377097036698 1.0000000180025095e-35 -0.070859458130411987 0.0029744860823690549 -0.55805859271435743 -0.010372514816879118 0.045925311636467743
decision_type=10 2 10 2 2 2 2
left_child=1 -1 -2 4 -4 -6 -7
right_child=2 -3 3 -5 5 6 -8
leaf_value=-0.013576860942463496 -0.013434120942441053 -0.014054945190643186 -0.013443419142230835 -0.013482954380594461 -0.014063060325594904 -0.013568540686656375 -0.013966341083905464
leaf_weight=29 265 28 110 92 46 155 25
leaf_count=29 265 28 110 92 46 155 25
internal_value=-0.0133884 -0.0226235 -0.0126288 -0.0139623 -0.0149872 -0.0167743 -0.0149773
internal_weight=750 57 693 428 336 226 180
internal_count=750 57 693 428 336 226 180
is_linear=0
shrinkage=1


Tree=1
num_leaves=8
num_cat=0
split_feature=4 8 1 1 9 9 12
split_gain=1.05625 0.705352 0.68157 0.379385 0.515163 0.667314 0.509919
threshold=0.03294781780123722 0.14091072165645227 0.044410385065668419 0.022445586255937847 -0.06927922236754018 -0.052406610452443429 -0.014960350168733092
decision_type=2 8 2 2 8 8 2
left_child=1 2 3 4 6 -6 -1
right_child=-2 -3 -4 -5 5 -7 -8
leaf_value=-0.00060218307351572796 -0.00028212638023421423 -0.00032917778355616271 -0.00022447545878118074 0.00021835525365609517 -0.00027618023899111504 2.137360917221986e-05 0.0001690820218974815
leaf_weight=25 27 34 50 96 39 365 98
leaf_count=25 27 34 50 96 39 365 98
internal_value=-0.000108992 0.000261669 0.000616642 0.00106742 0.000540797 -0.000321782 0.00337398
internal_weight=734 707 673 623 527 404 123
internal_count=734 707 673 623 527 404 123
is_linear=0
shrinkage=0.05


Tree=2
num_leaves=8
num_cat=0
split_feature=8 2 9 14 0 1 3
split_gain=1.32639 1.72414 0.705331 0.444164 0.787901 1.05369 0.807421
threshold=-0.072762025928952909 -0.097194860986058271 -0.057877167947228407 -0.026106823606350468 0.011521352636224337 0.016347185698486037 0.0019925626715344706
decision_type=10 2 10 2 2 2 2
left_child=1 -1 -2 -4 5 6 -5
right_child=2 -3 3 4 -6 -7 -8
leaf_value=4.7326453964627988e-05 0.00012957370407284217 -0.00036959482206772411 0.00010154745856567234 -0.00030829671048319371 -0.00044686448391063373 0.00019319360881423381 0.00012896683446621385
leaf_weight=29 297 29 127 112 37 84 34
leaf_count=29 297 29 127 112 37 84 34
internal_value=0.000193592 -0.00706897 0.000803184 -0.000583756 -0.00174157 -0.000652174 -0.00321918
internal_weight=749 58 691 394 267 230 146
internal_count=749 58 691 394 267 230 146
is_linear=0
shrinkage=0.05


Tree=3
num_leaves=8
num_cat=0
split_feature=8 12 9 1 1 10 0
split_gain=1.67138 1.7579 0.779006 0.670262 0.654352 0.732655 0.836915
threshold=-0.084013377097036698 1.0000000180025095e-35 -0.070859458130411987 0.042879070604389453 0.016954942381001373 0.0094657292137089195 0.0055825492544263619
decision_type=10 2 10 2 2 2 2
left_child=1 -1 -2 4 5 6 -4
right_child=2 -3 3 -5 -6 -7 -8
leaf_value=3.0100721090462684e-05 0.00013985362792594754 -0.00049000329916387589 -9.0542982313714083e-05 -0.00036248390501651771 0.00020033623179325973 0.00030846228560380581 -0.00049405580504623993
leaf_weight=29 265 26 180 42 117 36 48
leaf_count=29 265 26 180 42 117 36 48
internal_value=-0.00024899 -0.00863636 0.000421512 -0.000910165 -0.000249344 -0.00162879 -0.00267544
internal_weight=743 55 688 423 381 264 228
internal_count=743 55 688 423 381 264 228
is_linear=0
shrinkage=0.05


Tree=4
num_leaves=8
num_cat=0
split_feature=4 6 3 9 9 9 14
split_gain=0.912097 0.711828 0.69708 0.652548 0.726384 0.630241 0.823112
threshold=0.031431251360212471 0.62682236200243169 0.00099377681670331807 -0.070859458130411987 -0.043703580806089153 -0.032846249542258892 -0.0029443342389950384
decision_type=2 2 2 10 10 8 2
left_child=1 3 5 -1 -5 -3 -7
right_child=-2 2 -4 4 -6 6 -8
leaf_value=0.00014038106692023018 -0.00016840847629953388 -1.1395099078562313e-07 2.5432669697067014e-05 -0.00017411170543942729 5.7392493487542194e-05 -0.00010430266245060692 -0.00082281549811309912
leaf_weight=250 47 38 51 45 260 27 28
leaf_count=250 47 38 51 45 260 27 28
internal_value=4.02147e-05 0.000493562 -0.00263889 0.00130631 -0.000245901 -0.00521505 -0.00863636
internal_weight=746 699 144 555 305 93 55
internal_count=746 699 144 555 305 93 55
is_linear=0
shrinkage=0.05


Tree=5
num_leaves=8
num_cat=0
split_feature=4 1 1 9 12 3 6
split_gain=0.987925 0.554839 0.686226 0.739119 0.725926 0.635185 0.901135
threshold=0.034098454035802576 0.044410385065668419 0.022769090623096736 -0.06927922236754018 -0.014960350168733092 0.0023240804031308131 -0.04262234304150269
decision_type=2 2 2 8 2 2 2
left_child=1 2 3 4 -1 6 -5
right_child=-2 -3 -4 5 -6 -7 -8
leaf_value=-0.00040923051679705292 -0.00028655583635667112 -0.0002193220293703765 0.00029576108503574035 -1.7272135760607088e-06 0.00014013750085665639 4.5612103772877874e-05 -0.00040035523477768706
leaf_weight=27 27 49 104 189 98 112 131
leaf_count=27 27 49 104 189 98 112 131
internal_value=-0.000427408 -7.04223e-05 0.000310136 -0.000385996 0.003 -0.00136574 -0.0025
internal_weight=737 710 661 557 125 432 320
internal_count=737 710 661 557 125 432 320
is_linear=0
shrinkage=0.05


Tree=6
num_leaves=8
num_cat=0
split_feature=8 12 6 0 9 16 0
split_gain=1.66798 1.62582 0.606921 0.718409 0.504065 0.488971 0.521902
threshold=-0.084013377097036698 1.0000000180025095e-35 1.4079145684459327 -0.0045715644534398683 -0.070859458130411987 -0.007831416492475261 0.011521352636224337
decision_type=10 2 2 2 10 2 2
left_child=1 -1 4 -4 -2 -6 -7
right_child=2 -3 3 -5 5 6 -8
leaf_value=5.0632236161652401e-05 0.00013734375376000087 -0.00042372034308622386 -0.0003107610855206291 -2.5593949599912748e-05 0.00015459270863057376 -2.9443292805132692e-06 -0.0003742002518547624
leaf_weight=29 238 27 26 49 111 221 45
leaf_count=29 238 27 26 49 111 221 45
internal_value=-9.38336e-05 -0.00839286 0.00057971 -0.00366667 0.00109756 -3.97876e-05 -0.00120301
internal_weight=746 56 690 75 615 377 266
internal_count=746 56 690 75 615 377 266
is_linear=0
shrinkage=0.05


Tree=7
num_leaves=8
num_cat=0
split_feature=8 12 6 6 15 10 3
split_gain=1.51626 1.56355 0.558125 1.20935 0.566504 0.712089 0.617997
threshold=-0.084013377097036698 1.0000000180025095e-35 -0.57663527738821119 -0.50505521101751183 0.010006673656324462 0.0014013847331743048 0.0032932591975903818
decision_type=10 2 2 2 2 2 2
left_child=1 -1 -2 -4 5 -5 -7
right_child=2 -3 3 4 -6 6 -8
leaf_value=6.1389616736341363e-05 0.00010946553570420983 -0.00036920916358646865 -0.0002672144582608456 3.6112804088220665e-05 0.00013898679605282884 -0.00023841106765528286 0.00030292868767172799
leaf_weight=30 198 28 40 233 104 87 25
leaf_count=30 198 28 40 233 104 87 25
internal_value=-0.000167785 -0.00793103 0.000487628 -0.000419223 0.00032294 -0.000652174 -0.00392857
internal_weight=745 58 687 489 449 345 112
internal_count=745 58 687 489 449 345 112
is_linear=0
shrinkage=0.05


Tree=8
num_leaves=8
num_cat=0
split_feature=4 15 0 15 6 10 3
split_gain=1.17684 0.708699 0.778285 0.744878 0.534757 1.1266 0.845314
threshold=0.03294781780123722 0.011134392959063268 0.011521352636224337 0.0026193076940523867 -0.034329394702050882 0.0031270998422653355 -0.0049630319135488534
decision_type=2 2 2 2 2 2 2
left_child=1 2 4 -4 -1 6 -6
right_child=-2 -3 3 -5 5 -7 -8
leaf_value=9.3306499796687466e-05 -0.00022219205786582334 0.00010663523452565062 4.8889151711596423e-05 -0.00071756272800752247 -0.00037639549934996352 -0.0004154945777332545 5.4515481450086601e-05
leaf_weight=318 31 157 36 31 32 28 131
leaf_count=318 31 157 36 31 32 28 131
internal_value=2.61782e-05 0.000429741 -0.000381944 -0.00544776 0.000284872 -0.00180628 -0.000214724
internal_weight=764 733 576 67 509 191 163
internal_count=764 733 576 67 509 191 163
is_linear=0
shrinkage=0.05


Tree=9
num_leaves=8
num_cat=0
split_feature=4 0 15 15 13 6 12
split_gain=0.953353 0.40595 0.58107 0.731336 0.328098 0.274871 0.663947
threshold=0.03294781780123722 0.011521352636224337 0.010736878536835583 0.0026193076940523867 13.795000076293947 1.1476644014808062 0.010183672155494096
decision_type=2 2 2 2 2 2 2
left_child=1 4 3 -3 -1 -6 -7
right_child=-2 2 -4 -5 5 6 -8
leaf_value=9.7695278730597541e-05 -0.00014282165843433915 0.00010563879368856606 0.00012066988132303691 -0.00081958501000519704 5.1396556307080467e-05 -0.0006749270687112631 1.2703968162122243e-05
leaf_weight=118 29 35 38 27 440 25 32
leaf_count=118 29 35 38 27 440 25 32
internal_value=9.40862e-05 0.000454546 -0.0025 -0.00548387 0.00093496 0.000372234 -0.00289474
internal_weight=744 715 100 62 615 497 57
internal_count=744 715 100 62 615 497 57
is_linear=0
shrinkage=0.05


Tree=10
num_leaves=8
num_cat=0
split_feature=4 5 5 9 2 0 14
split_gain=1.2484 0.56128 1.07735 0.475438 0.953858 0.959305 1.03528
threshold=0.03294781780123722 0.011196725502576778 0.011390785611492675 0.088841627988394914 -0.0086939219853811572 -0.0038833420497088596 -0.017044659763988276
decision_type=2 2 2 10 2 2 2
left_child=1 -1 -3 4 -4 -6 -7
right_child=-2 2 3 -5 5 6 -8
leaf_value=5.63792162587583e-05 -0.00021106350671815219 -0.00024626484325901708 0.00012719207121444679 0.00014066416263336083 0.00014966361739618902 -0.00022482353206391216 -0.00037974060155577518
leaf_weight=338 30 30 120 118 35 37 41
leaf_count=338 30 30 120 118 35 37 41
internal_value=-6.67538e-06 0.000410292 -0.000905512 -0.000128205 -0.00143777 -0.00473451 -0.00782051
internal_weight=749 719 381 351 233 113 78
internal_count=749 719 381 351 233 113 78
is_linear=0
shrinkage=0.05


Tree=11
num_leaves=8
num_cat=0
split_feature=8 12 6 11 0 9 9
split_gain=1.20275 1.39249 0.797549 0.683595 0.610948 0.528374 0.680095
threshold=-0.084013377097036698 1.0000000180025095e-35 1.1476644014808062 0.012360939559302066 1.0000000180025095e-35 -0.070859458130411987 -0.043703580806089153
decision_type=10 2 2 2 2 8 8
left_child=1 -1 5 4 -4 -2 -7
right_child=2 -3 3 -5 -6 6 -8
leaf_value=0.00010041298443216315 0.00011382298614370961 -0.00036590105965699665 -0.00034614082869514516 -0.00021001459552913839 0.00016606585452859899 -0.00014957222566093996 5.8514704411855495e-05
leaf_weight=31 115 27 31 25 33 56 429
leaf_count=31 115 27 31 25 33 56 429
internal_value=-0.000153949 -0.00706897 0.000428157 -0.00398876 -0.00125 0.00108333 0.000360825
internal_weight=747 58 689 89 64 600 485
internal_count=747 58 689 89 64 600 485
is_linear=0
shrinkage=0.05


Tree=12
num_leaves=8
num_cat=0
split_feature=4 9 9 9 6 15 13
split_gain=1.36261 0.409091 0.295229 0.559612 0.805963 0.66075 0.427844
threshold=0.03294781780123722 -0.070859458130411987 0.09781324515331237 0.019773445444151831 -0.29959278314270948 0.015837232947678029 13.744999885559084
decision_type=2 8 10 10 2 2 2
left_child=1 -1 3 5 -5 6 -3
right_child=-2 2 -4 4 -6 -7 -8
leaf_value=0.00011648131202374557 -0.00018454684761229058 0.00018272059775675383 4.7808215602461625e-05 2.2130620219166054e-05 -0.00043356909203094967 -9.6942474486569333e-05 2.2912962351377217e-05
leaf_weight=128 30 56 182 26 28 36 248
leaf_count=128 30 56 182 26 28 36 248
internal_value=0.000435967 0.000880682 0.0003125 -0.000456853 -0.00518518 0.000294118 0.00105263
internal_weight=734 704 576 394 54 340 304
internal_count=734 704 576 394 54 340 304
is_linear=0
shrinkage=0.05


Tree=13
num_leaves=8
num_cat=0
split_feature=4 5 15 0 15 4 0
split_gain=1.1307 0.594205 0.825754 1.40063 1.55756 1.42926 0.875521
threshold=0.03294781780123722 0.011196725502576778 0.010307789242930855 -0.0038833420497088596 0.0069585949899086961 0.017408453234722909 0.00029058317530672456
decision_type=2 2 2 2 2 2 2
left_child=1 -1 3 -3 5 -5 -7
right_child=-2 2 -4 4 -6 6 -8
leaf_value=5.5041432974155346e-05 -0.00016586580135144336 0.00014590128719800722 0.00012490663569045211 -0.00030868593280550087 -0.00068290595991637483 -0.00085358483747203595 9.8214123819043159e-05
leaf_weight=339 31 96 95 27 29 30 98
leaf_count=339 31 96 95 27 29 30 98
internal_value=-0.000167785 0.000238095 -0.00113333 -0.0025 -0.00505435 -0.00306452 -0.000859375
internal_weight=745 714 375 280 184 155 128
internal_count=745 714 375 280 184 155 128
is_linear=0
shrinkage=0.05


Tree=14
num_leaves=8
num_cat=0
split_feature=4 6 8 8 0 13 14
split_gain=0.771283 0.507588 0.54902 0.484221 0.390551 0.910364 0.270595
threshold=0.03294781780123722 1.1476644014808062 -0.017221858756173877 0.13131746210954179 0.011521352636224337 17.795000076293949 -0.051474636784154308
decision_type=2 2 8 8 2 2 2
left_child=1 3 -3 4 6 -6 -1
right_child=-2 2 -4 -5 5 -7 -8
leaf_value=-2.4777090656230719e-05 -7.0783034387617567e-05 -0.00058508931393846345 2.4716043530475765e-05 -0.00034031541608467924 -0.0003774021520435507 8.3170990761237773e-05 8.6563486010715781e-05
leaf_weight=85 26 34 50 43 42 26 413
leaf_count=85 26 34 50 43 42 26 413
internal_value=-6.95392e-06 0.000310245 -0.00333333 0.000812808 0.00120141 -0.00235294 0.00168675
internal_weight=719 693 84 609 566 68 498
internal_count=719 693 84 609 566 68 498
is_linear=0
shrinkage=0.05


Tree=15
num_leaves=8
num_cat=0
split_feature=8 12 1 1 9 15 15
split_gain=1.00195 2.10781 0.436372 0.38463 0.667442 0.51817 0.994693
threshold=-0.084013377097036698 1.0000000180025095e-35 0.055324353523487975 0.016954942381001373 -0.06927922236754018 -0.0018539125831273926 -0.0068244944557029332
decision_type=10 2 2 2 10 2 2
left_child=1 -1 3 4 -2 6 -6
right_child=2 -3 -4 -5 5 -7 -8
leaf_value=0.00019815131285824653 8.4045389455763143e-05 -0.0003918297517857496 -0.00024729770905727996 0.00010761032822312984 -9.4051230427857091e-05 2.686296065940351e-06 -0.00021734515161760251
leaf_weight=27 216 25 29 186 59 172 29
leaf_count=27 216 25 29 186 59 172 29
internal_value=0.000154778 -0.00653846 0.000658466 0.00092145 0.000168067 -0.00153846 -0.00465909
internal_weight=743 52 691 662 476 260 88
internal_count=743 52 691 662 476 260 88
is_linear=0
shrinkage=0.05


Tree=16
num_leaves=8
num_cat=0
split_feature=8 12 14 16 10 14 0
split_gain=0.959121 0.883678 0.349975 0.952747 1.08774 0.470617 0.443382
threshold=-0.084013377097036698 1.0000000180025095e-35 -0.051474636784154308 -0.007831416492475261 0.0092143531748835068 -0.026106823606350468 0.011521352636224337
decision_type=10 2 2 2 2 2 2
left_child=1 -1 3 -2 -5 -4 -7
right_child=2 -3 5 4 -6 6 -8
leaf_value=7.8629979127278329e-05 0.0002025603249814575 -0.00037223826419646223 0.00028099862896472917 -0.00041715564212277108 0.00013849258233393459 3.1756090434060907e-05 -0.00025054107515407015
leaf_weight=29 39 25 98 43 48 415 60
leaf_count=29 39 25 98 43 48 415 60
internal_value=0.000310436 -0.00611111 0.000803699 -0.00153846 -0.00434066 0.00133508 0.000684211
internal_weight=757 54 703 130 91 573 475
internal_count=757 54 703 130 91 573 475
is_linear=0
shrinkage=0.05


Tree=17
num_leaves=8
num_cat=0
split_feature=8 6 6 7 7 12 9
split_gain=0.686269 0.499834 0.679799 0.564938 0.826393 0.491799 0.370427
threshold=-0.084013377097036698 -0.04262234304150269 0.094045925223163143 -0.010372514816879118 -0.023358053460059477 1.0000000180025095e-35 -0.064521638817918933
decision_type=10 2 2 2 2 2 8
left_child=5 6 -3 4 -4 -1 -2
right_child=1 2 3 -5 -6 -7 -8
leaf_value=6.074119021704812e-05 8.7283116463250581e-05 -0.00023782411845087552 6.9288648189460214e-05 5.1354245279060405e-05 -0.00082887205069633117 -0.00029160815477243337 3.0392131220907129e-05
leaf_weight=28 102 37 36 175 25 27 316
leaf_count=28 102 37 36 175 25 27 316
internal_value=0.000375335 0.000803184 -0.000860806 0.000127119 -0.00401639 -0.005 0.00188995
internal_weight=746 691 273 236 61 55 418
internal_count=746 691 273 236 61 55 418
is_linear=0
shrinkage=0.05


Tree=18
num_leaves=8
num_cat=0
split_feature=14 1 10 16 10 13 14
split_gain=0.879109 0.752143 0.388929 0.641368 0.833606 0.589418 0.44344
threshold=0.15436855290822041 -0.049968895096641368 -0.0042544467454991288 -0.016506626659326392 -0.0028568237545411042 13.744999885559084 -0.048319541899194234
decision_type=2 2 2 2 2 2 2
left_child=1 -1 -3 -4 -5 -6 -7
right_child=-2 2 3 4 5 6 -8
leaf_value=-0.00032473726582403283 -0.0012611035215037037 0.00020511342654311703 0.00018938066381901696 -0.00032667039103635872 0.00011027439325664919 -2.8675593806992163e-05 1.0591839461711004e-05
leaf_weight=28 25 140 81 35 101 98 245
leaf_count=28 25 140 81 35 101 98 245
internal_value=0.000219124 0.000535714 0.000857143 0.000267857 -0.000427975 0.000157658 -0.000830904
internal_weight=753 728 700 560 479 444 343
internal_count=753 728 700 560 479 444 343
is_linear=0
shrinkage=0.05


Tree=19
num_leaves=8
num_cat=0
split_feature=5 15 15 9 13 7 10
split_gain=0.684536 0.736951 1.39765 0.874415 0.762624 0.522008 0.383513
threshold=0.011196725502576778 0.010307789242930855 0.0069585949899086961 -0.10184530653831457 18.510000228881839 0.042655268625092953 0.0059882716894145158
decision_type=2 2 2 10 2 2 2
left_child=6 2 3 4 -2 -5 -1
right_child=1 -3 -4 5 -6 -7 -8
leaf_value=0.00010346136849381293 -0.00038366792180958794 0.00014946950927910473 -0.00058308836142447547 8.2248514576274754e-05 -3.8467898953817997e-07 -0.00035846327169336968 -1.4101749118297619e-05
leaf_weight=258 25 96 37 180 26 42 75
leaf_count=258 25 96 37 180 26 42 75
internal_value=0.000466847 -0.00091133 -0.00209677 -0.000860806 -0.00676471 0.000495496 0.00214715
internal_weight=739 406 310 273 51 222 333
internal_count=739 406 310 273 51 222 333
is_linear=0
shrinkage=0.05


Tree=20
num_leaves=8
num_cat=0
split_feature=1 14 16 14 16 15 14
split_gain=0.601948 0.289173 0.415827 0.445816 0.671896 0.625727 0.404047
threshold=-0.049968895096641368 0.14228104891203866 -0.016506626659326392 -0.051474636784154308 -0.010672540707364174 0.010153072507063434 -0.0022749768251851816
decision_type=2 2 2 2 2 2 2
left_child=-1 2 -2 5 -5 -4 -6
right_child=1 -3 3 4 6 -7 -8
leaf_value=-0.00025245552867334187 0.00016766136046390636 -0.0010749626937055334 -0.00018329379896253394 -0.00018981695518536176 5.5340408668594139e-05 1.9387153226392467e-05 -9.2277644866922113e-07
leaf_weight=30 139 26 39 31 212 63 211
leaf_count=30 139 26 39 31 212 63 211
internal_value=0.00027297 0.00056172 0.000755396 0.000143885 0.000814978 -0.00284314 0.0013357
internal_weight=751 721 695 556 454 102 423
internal_count=751 721 695 556 454 102 423
is_linear=0
shrinkage=0.05


Tree=21
num_leaves=8
num_cat=0
split_feature=6 12 8 12 15 15 15
split_gain=0.402134 0.524309 0.449073 0.421159 0.320099 0.609062 0.342822
threshold=1.1476644014808062 0.0066896408709551389 -0.09469753086587672 0.028151180192127593 0.018274054510013519 0.015138863026823325 0.011134392959063268
decision_type=2 2 10 2 2 2 2
left_child=2 -2 -1 -3 5 6 -4
right_child=1 3 4 -5 -6 -7 -8
leaf_value=-0.00019482141104231908 -0.00071485063507343563 0.00010772513680525631 3.0259534708910991e-05 -0.00010891157080456652 0.00024337979899246169 -6.6079387804942485e-05 0.00033377998552334872
leaf_weight=45 31 25 484 28 53 26 56
leaf_count=45 31 25 484 28 53 26 56
internal_value=0.000521391 -0.00273809 0.000933735 0.000283019 0.00128433 0.000936396 0.0012963
internal_weight=748 84 664 53 619 566 540
internal_count=748 84 664 53 619 566 540
is_linear=0
shrinkage=0.05


Tree=22
num_leaves=8
num_cat=0
split_feature=1 1 1 16 13 12 1
split_gain=0.37051 1.08786 0.38098 1.04584 1.31196 0.73623 0.44292
threshold=0.0038327172719059281 0.0011912866799791424 -0.0086942972205566443 0.0065496768281508863 17.164999961853031 0.049504532457416379 -0.025513257234720085
decision_type=2 2 2 2 2 2 2
left_child=1 2 5 4 -4 6 -1
right_child=-2 -3 3 -5 -6 -7 -8
leaf_value=-2.9307083581739853e-05 5.1478214767112383e-05 -0.00020859919915021771 -0.00037463664013938575 0.00010936126506673927 0.00022207225199083214 -9.3449895282074637e-05 0.00013961074991839371
leaf_weight=99 363 31 33 44 35 26 111
leaf_count=99 363 31 33 44 35 26 111
internal_value=0.000552561 -0.000540897 0.000258621 -0.00214286 -0.00602941 0.00139831 0.00238095
internal_weight=742 379 348 112 68 236 210
internal_count=742 379 348 112 68 236 210
is_linear=0
shrinkage=0.05


Tree=23
num_leaves=8
num_cat=0
split_feature=4 9 9 6 14 7 7
split_gain=0.535949 0.392851 0.498439 0.495982 0.449363 0.392133 0.587209
threshold=0.03294781780123722 -0.070859458130411987 -0.052406610452443429 0.62682236200243169 -0.019792958121071843 -0.035655022421195386 -0.014074443669271351
decision_type=2 8 8 2 2 2 2
left_child=1 3 -3 -1 -4 -6 -7
right_child=-2 2 4 -5 5 6 -8
leaf_value=8.8163082123782021e-05 -0.00013520161371537414 -0.00010953737307778272 3.8865379221602533e-05 -0.00038766383501057192 0.00034231181022772078 -0.00028929728806841514 3.1931380894592664e-05
leaf_weight=108 27 48 204 26 33 52 253
leaf_count=108 27 48 204 26 33 52 253
internal_value=0.000805593 0.00106354 0.000508475 0.00350746 0.00094096 -0.000177515 -0.000737705
internal_weight=751 724 590 134 542 338 305
internal_count=751 724 590 134 542 338 305
is_linear=0
shrinkage=0.05


Tree=24
num_leaves=8
num_cat=0
split_feature=8 6 11 11 7 1 16
split_gain=0.478735 0.349887 0.566509 0.836678 0.697738 0.583649 0.518844
threshold=-0.09469753086587672 -0.56566185152145265 0.0053660058673883357 0.010411831074112256 0.0037208104665614754 0.044410385065668419 -0.047562386574093445
decision_type=10 2 2 2 2 2 2
left_child=-1 -2 6 4 -4 -5 -3
right_child=1 2 3 5 -6 -7 -8
leaf_value=-0.00016418955945272213 5.2612661036290373e-05 -0.0010054441907859236 -0.00039183071430831873 3.2904907312786767e-05 -1.3891893627587869e-07 -0.00025628879129147014 7.9735427731691952e-05
leaf_weight=49 211 25 29 144 31 32 228
leaf_count=49 211 25 29 144 31 32 228
internal_value=0.000594126 0.000928572 0.000194274 -0.0015678 -0.00666667 0.000170455 0.00183794
internal_weight=749 700 489 236 60 176 253
internal_count=749 700 489 236 60 176 253
is_linear=0
shrinkage=0.05


Tree=25
num_leaves=8
num_cat=0
split_feature=12 12 13 14 8 0 9
split_gain=0.381735 0.837821 0.662686 0.356868 0.438121 0.469919 0.407
threshold=0.048152369041769456 0.053746423182394205 18.214999198913578 0.13936216153879713 0.051292544227306454 -0.0094026746352539031 -0.061006851265067157
decision_type=2 2 2 2 8 2 10
left_child=3 -2 -3 4 5 -1 -7
right_child=1 2 -4 -5 -6 6 -8
leaf_value=7.9659834559202917e-05 -0.00015815995826382775 0.00033153528247878254 -0.00018709395011607327 -0.00087488658805784294 0.00017237658992972003 2.3876368276271288e-05 -6.8408261110265164e-05
leaf_weight=82 28 53 29 27 128 215 195
leaf_count=82 28 53 29 27 128 215 195
internal_value=0.000904888 -0.00181818 0.000731707 0.00136785 0.0016129 0.00093496 0.000243903
internal_weight=757 110 82 647 620 492 410
internal_count=757 110 82 647 620 492 410
is_linear=0
shrinkage=0.05


Tree=26
num_leaves=8
num_cat=0
split_feature=8 8 5 1 4 2 2
split_gain=0.464997 0.576507 0.341797 0.569881 0.470657 0.560188 0.920886
threshold=-0.09469753086587672 -0.040693640576924532 0.018576056255613527 0.044410385065668419 0.024806830383252567 0.068190096943477232 0.054187009394070958
decision_type=10 8 2 2 2 2 2
left_child=-1 -2 3 4 5 6 -3
right_child=1 2 -4 -5 -6 -7 -8
leaf_value=-0.00014873508640371718 0.00012145427813837101 1.2950993989131326e-05 0.00045040405337688723 -0.00021796686239279928 -0.00028145408766600737 0.00018389409428337284 -0.00057666961614281573
leaf_weight=49 95 389 36 36 34 68 30
leaf_count=49 95 389 36 36 34 68 30
internal_value=0.000522388 0.000857558 0.000278246 -2.69298e-05 0.000393474 0.000790555 0.000107399
internal_weight=737 688 593 557 521 487 419
internal_count=737 688 593 557 521 487 419
is_linear=0
shrinkage=0.05


Tree=27
num_leaves=8
num_cat=0
split_feature=5 11 16 14 15 14 16
split_gain=0.393083 0.546281 0.875744 0.883895 0.98 0.620513 0.402068
threshold=0.011196725502576778 -0.00043728349314975373 0.0038520933134809092 0.023650626144740231 -0.0028513532486323374 0.12708615320093045 0.016536914336346967
decision_type=2 2 2 2 2 2 2
left_child=-1 5 -3 6 -5 -2 -4
right_child=1 2 3 4 -6 -7 -8
leaf_value=4.4899551481570112e-05 6.3148788898946941e-05 -0.00023342167076161529 -9.9749179224770722e-05 7.3682049352608077e-05 -0.00052060732609044411 -0.00092356706216018426 0.00011864448891652491
leaf_weight=349 130 32 38 25 25 26 124
leaf_count=349 130 32 38 25 25 26 124
internal_value=0.00119493 0.000125 -0.00135246 -0.000188679 -0.006 0.0024359 0.00160494
internal_weight=749 400 244 212 50 156 162
internal_count=749 400 244 212 50 156 162
is_linear=0
shrinkage=0.05


Tree=28
num_leaves=8
num_cat=0
split_feature=0 11 0 16 0 16 3
split_gain=0.591452 0.685158 0.7437 0.731438 0.600458 0.720238 0.738272
threshold=-0.0038833420497088596 0.0023967132721236521 0.0010098621328303861 0.029193496916584131 0.010556197873720087 0.037843384396831888 0.0019925626715344706
decision_type=2 2 2 2 2 2 2
left_child=-1 -2 3 -3 -4 6 -6
right_child=1 2 4 -5 5 -7 -8
leaf_value=3.4832074797495754e-05 6.052733972397934e-05 -0.000313691392516157 4.5319650114274559e-05 5.4133814069639049e-05 -0.0004170345527643743 0.0002409582095265536 -2.9130526096286912e-06
leaf_weight=265 198 39 148 30 25 28 31
leaf_count=265 198 39 148 30 25 28 31
internal_value=0.00120419 0.000190381 -0.00131229 -0.00586956 4.31036e-05 -0.00333333 -0.00660714
internal_weight=764 499 301 69 232 84 56
internal_count=764 499 301 69 232 84 56
is_linear=0
shrinkage=0.05


Tree=29
num_leaves=8
num_cat=0
split_feature=11 3 3 7 14 14 8
split_gain=0.482496 0.72833 0.682217 0.510338 0.711937 0.546703 0.727349
threshold=0.0069117178035681412 -0.0057699846666788837 -0.0015013799482277987 0.015114220287133497 -0.0054293361358405115 -0.019478059273714762 -0.015228700088678103
decision_type=2 2 2 2 2 2 8
left_child=-1 -2 -3 5 -5 6 -4
right_child=1 2 3 4 -6 -7 -8
leaf_value=5.7579285823309538e-05 -0.00046247548142672526 0.00019935321419890705 -0.00037583473002627925 -4.2110835105126677e-07 -0.00053381574293105412 0.00027658459730903613 7.7178659314551372e-05
leaf_weight=398 27 85 31 59 25 79 28
leaf_count=398 27 85 31 59 25 79 28
internal_value=0.00131148 -8.98202e-05 0.000602606 -0.000855856 -0.00392857 0.00101449 -0.00262712
internal_weight=732 334 307 222 84 138 59
internal_count=732 334 307 222 84 138 59
is_linear=0
shrinkage=0.05


Tree=30
num_leaves=8
num_cat=0
split_feature=8 12 1 1 9 1 9
split_gain=0.592066 0.785071 0.324728 0.519488 0.722238 0.704988 0.561812
threshold=-0.091089231406710033 1.0000000180025095e-35 -0.019653373651243585 0.0038327172719059281 0.26688902545285825 -0.0069775497465482386 0.11584508536651518
decision_type=10 2 2 2 8 2 8
left_child=1 -1 -2 4 -4 -6 -5
right_child=2 -3 3 6 5 -7 -8
leaf_value=0.00015108263156687633 5.1916044615407203e-05 -0.00026368216282046084 4.2989539532380001e-06 -2.9307639135058102e-06 9.5883854715323952e-05 -0.0002265982139666869 9.522772107917879e-05
leaf_weight=27 118 25 161 165 29 35 178
leaf_count=27 118 25 161 165 29 35 178
internal_value=0.000528455 -0.00461538 0.000918368 0.000422535 -0.00144444 -0.0059375 0.00164723
internal_weight=738 52 686 568 225 64 343
internal_count=738 52 686 568 225 64 343
is_linear=0
shrinkage=0.05


Tree=31
num_leaves=8
num_cat=0
split_feature=16 8 9 9 6 10 15
split_gain=0.496591 0.614603 0.781908 0.786126 0.400465 0.374094 0.878035
threshold=-0.0082691690305963222 -0.09469753086587672 -0.070859458130411987 -0.043703580806089153 0.62682236200243169 -0.0042544467454991288 0.00057923249945746058
decision_type=2 10 10 10 2 2 2
left_child=-1 -2 4 -4 -3 -5 -7
right_child=1 2 3 5 -6 6 -8
leaf_value=6.0635160727539654e-05 -0.00020394204962509313 9.9390407624691822e-05 -0.00024081624040130434 0.00039239708987151057 -0.00024674417230532265 -0.00029619332504403833 1.1104564025563919e-05
leaf_weight=228 29 153 45 32 26 59 166
leaf_count=228 29 153 45 32 26 59 166
internal_value=0.000867209 1.86265e-10 0.000426196 -0.00112583 0.00304469 -5.83656e-05 -0.000777778
internal_weight=738 510 481 302 179 257 225
internal_count=738 510 481 302 179 257 225
is_linear=0
shrinkage=0.05


Tree=32
num_leaves=8
num_cat=0
split_feature=8 6 3 0 9 9 0
split_gain=0.470746 0.398514 0.335347 0.381723 0.716006 0.862454 0.890624
threshold=-0.09469753086587672 1.9485375107293685 0.0047584625223107144 -0.0035770828462306499 0.088841627988394914 -0.069783482598245558 -0.00011346287306357449
decision_type=10 2 2 2 8 10 2
left_child=-1 2 3 -2 5 -5 -7
right_child=1 -3 -4 4 -6 6 -8
leaf_value=-0.00011314169626796618 8.0425416335026218e-05 -0.00012228421931387442 0.00011965955643877125 3.2282080218084413e-05 7.2209053563530428e-05 -0.00027784243930563455 -0.00027332297959700171
leaf_weight=46 197 43 74 70 194 26 101
leaf_count=46 197 43 74 70 194 26 101
internal_value=0.00120506 0.00152482 0.00182779 0.00142857 0.000524297 -0.00159898 -0.00405512
internal_weight=751 705 662 588 391 197 127
internal_count=751 705 662 588 391 197 127
is_linear=0
shrinkage=0.05


Tree=33
num_leaves=8
num_cat=0
split_feature=9 9 3 6 16 12 2
split_gain=0.359272 0.929478 0.662104 0.337841 0.480994 0.463768 0.581638
threshold=0.11584508536651518 0.019773445444151831 -0.0015013799482277987 -0.04262234304150269 0.027643208181169724 0.019260487188196843 -0.0086939219853811572
decision_type=8 10 2 2 2 2 2
left_child=1 3 -3 -1 5 6 -5
right_child=-2 2 -4 4 -6 -7 -8
leaf_value=6.0340180795197046e-05 6.1422620472232874e-05 0.00014700755935768514 -0.00036276313384631684 5.7236244612862212e-05 -0.00043490018286038748 0.00011404481502018446 -0.00034264760401699372
leaf_weight=215 324 26 43 32 25 40 43
leaf_count=215 324 26 43 32 25 40 43
internal_value=0.00112299 0.000165095 -0.00514493 0.00119718 -0.000714286 0.000652174 -0.00166667
internal_weight=748 424 69 355 140 115 75
internal_count=748 424 69 355 140 115 75
is_linear=0
shrinkage=0.05


Tree=34
num_leaves=8
num_cat=0
split_feature=16 8 16 1 10 10 8
split_gain=0.497628 0.622887 0.460933 0.588231 0.364239 1.16593 0.382713
threshold=-0.012788159845553424 -0.09469753086587672 -0.0040564513815541372 -0.0086942972205566443 -0.0042544467454991288 -0.00262768472957231 0.014119172310018692
decision_type=2 10 2 2 2 2 10
left_child=-1 -2 3 -3 -4 -6 -7
right_child=1 2 4 -5 5 6 -8
leaf_value=8.4951944121879587e-05 -0.00026289742398520366 0.00020594138738743367 0.0002587292590628503 -0.00020815849612417588 -0.00041681442325513466 5.5093299720128506e-05 -8.798868462240568e-07
leaf_weight=196 35 25 52 48 28 188 177
leaf_count=196 35 25 52 48 28 188 177
internal_value=0.000794393 2.7125e-05 0.000463321 -0.00321918 0.00106742 0.000547074 0.00130137
internal_weight=749 553 518 73 445 393 365
internal_count=749 553 518 73 445 393 365
is_linear=0
shrinkage=0.05


Tree=35
num_leaves=8
num_cat=0
split_feature=13 1 1 15 10 6 3
split_gain=0.301565 0.449201 0.750535 0.692084 0.784158 0.821407 1.01173
threshold=13.305000305175783 0.016954942381001373 -0.0086942972205566443 0.010398504649352104 -0.0040208105245407846 0.073926295659762289 -0.0023534685924749272
decision_type=2 2 2 2 2 2 2
left_child=-1 2 -2 4 -4 6 -6
right_child=1 -3 3 -5 5 -7 -8
leaf_value=4.9217260654821159e-05 3.8374733027917136e-05 4.5182090675758205e-05 1.660759285832549e-05 0.00010856714391135673 0.00019769790358528379 -0.00038159590929070077 -0.00028645039354033427
leaf_weight=90 226 199 60 47 32 30 69
leaf_count=90 226 199 60 47 32 30 69
internal_value=0.00061753 0.000248869 -0.000603448 -0.00256302 -0.00390052 -0.0060687 -0.00391089
internal_weight=753 663 464 238 191 131 101
internal_count=753 663 464 238 191 131 101
is_linear=0
shrinkage=0.05


Tree=36
num_leaves=8
num_cat=0
split_feature=3 13 1 1 7 14 8
split_gain=0.482492 0.948219 0.431508 0.50931 0.412292 1.04551 0.35873
threshold=-0.0045050637332733059 16.425000190734867 0.045169059004055774 0.021095944120350877 0.023048108549882821 -1.0000000180025095e-35 0.031008898787918685
decision_type=2 2 2 2 2 2 8
left_child=1 -1 3 4 6 -6 -2
right_child=2 -3 -4 -5 5 -7 -8
leaf_value=-0.00012618766213912772 1.2981561622215391e-05 0.0001197381464021186 -0.00011262128413453478 0.00014363336147245838 0.00012009033697438592 -0.00051966448468943971 0.00011879486418669254
leaf_weight=42 353 79 41 101 34 32 68
leaf_count=42 353 79 41 101 34 32 68
internal_value=0.000866667 -0.00202479 0.00142289 0.00176871 0.00109856 -0.00257576 0.00167458
internal_weight=750 121 629 588 487 66 421
internal_count=750 121 629 588 487 66 421
is_linear=0
shrinkage=0.05


Tree=37
num_leaves=8
num_cat=0
split_feature=9 8 15 13 10 0 7
split_gain=0.421365 0.32937 0.29596 0.402085 0.515675 0.678243 0.391813
threshold=0.2784038375977857 0.13131746210954179 -0.0062288542324983034 18.154999732971195 -0.00262768472957231 0.01082932704903661 -0.029494195053276381
decision_type=10 8 2 2 2 2 2
left_child=1 2 -1 4 -4 6 -6
right_child=-2 -3 3 -5 5 -7 -8
leaf_value=0.00013645169826659217 -0.00045461023293311717 -3.4488591580648881e-05 -0.00022135584737001005 4.8987963023061622e-05 -0.00032573640453381928 -0.00010568955954211174 2.4414127293776757e-05
leaf_weight=171 32 37 40 117 39 63 259
leaf_count=171 32 37 40 117 39 63 259
internal_value=0.00124011 0.0014876 0.0017344 0.001139 0.000386534 0.00098338 0.00197987
internal_weight=758 726 689 518 401 361 298
internal_count=758 726 689 518 401 361 298
is_linear=0
shrinkage=0.05


Tree=38
num_leaves=8
num_cat=0
split_feature=2 7 14 10 0 14 10
split_gain=0.432051 0.908681 0.623456 0.739441 0.597216 0.666499 0.44231
threshold=-0.0086939219853811572 -0.011373505926974446 -0.017044659763988276 -0.0042544467454991288 0.011521352636224337 0.0053913947730825926 0.00057749123294836846
decision_type=2 2 2 2 2 2 2
left_child=-1 -2 -3 -4 5 -5 -7
right_child=1 2 3 4 -6 6 -8
leaf_value=4.6783108314727897e-05 -0.00022542297279077878 3.3090939848105533e-05 0.00012783331052616473 6.5905453959491674e-05 -0.00031609752582409628 -0.0003726409077045517 1.8833011350732394e-05
leaf_weight=305 25 179 89 51 37 33 29
leaf_count=305 25 179 89 51 37 33 29
internal_value=0.00125668 0.000259594 0.000813397 -0.00085774 -0.003 -0.00119469 -0.00467742
internal_weight=748 443 418 239 150 113 62
internal_count=748 443 418 239 150 113 62
is_linear=0
shrinkage=0.05


Tree=39
num_leaves=8
num_cat=0
split_feature=5 5 11 10 10 13 11
split_gain=0.379625 0.291978 0.283766 0.381264 0.754937 0.3759 0.458208
threshold=0.0088473758253867548 0.0093933214326136615 0.0023967132721236521 -0.0042544467454991288 -0.0024813117634456812 14.404999732971193 -0.023324981642921735
decision_type=2 2 2 2 2 2 2
left_child=-1 -2 5 -4 -5 -3 -7
right_child=1 2 3 4 -6 6 -8
leaf_value=-1.7036089762909726e-06 4.6668563033193976e-05 -3.6566521776817842e-06 0.00027573706208265306 -0.0002694062636853281 3.5361926861502701e-06 -2.66649113410892e-06 0.00010801020515507441
leaf_weight=34 82 33 38 26 285 48 191
leaf_count=34 82 33 38 26 285 48 191
internal_value=0.0013365 0.00158606 0.00121578 0.000272206 -0.000305466 0.00242647 0.00311715
internal_weight=737 703 621 349 311 272 239
internal_count=737 703 621 349 311 272 239
is_linear=0
shrinkage=0.05


Tree=40
num_leaves=8
num_cat=0
split_feature=14 1 1 9 10 14 2
split_gain=0.347829 0.373742 0.472865 0.483437 0.369026 0.713383 0.40634
threshold=0.15436855290822041 0.055324353523487975 0.015651420602683878 -0.074158613273665616 0.0075490953385423118 -0.051474636784154308 -0.0081868126966291293
decision_type=2 2 2 8 2 2 2
left_child=1 2 3 -1 5 -5 -7
right_child=-2 -3 -4 4 -6 6 -8
leaf_value=4.6441730626369983e-05 -0.00086535691899676526 -9.3732615648938597e-05 8.6108197209296022e-05 -0.00032810749260818917 8.1618987583264994e-05 1.8723998131430884e-05 -6.3823577782664475e-05
leaf_weight=123 26 26 203 30 73 127 142
leaf_count=123 26 26 203 30 73 127 142
internal_value=0.00106667 0.00127072 0.00148997 0.000656566 -0.000241935 -0.00102007 -0.000204461
internal_weight=750 724 698 495 372 299 269
internal_count=750 724 698 495 372 299 269
is_linear=0
shrinkage=0.05


Tree=41
num_leaves=8
num_cat=0
split_feature=15 9 9 0 9 1 3
split_gain=0.304139 0.406476 0.918217 0.984634 0.962847 1.13819 0.315936
threshold=0.011134392959063268 -0.061006851265067157 0.088841627988394914 -0.0038833420497088596 0.019773445444151831 0.0097319967168418859 -0.0041780850108077963
decision_type=2 10 10 2 10 2 2
left_child=1 -1 3 -3 5 -5 -4
right_child=-2 2 6 4 -6 -7 -8
leaf_value=3.7056405126058201e-05 7.0931330435972451e-05 9.9697247870932809e-05 -0.00059458512518279513 -0.00022839585943416801 -0.00063151286304631126 0.00010055390113509008 5.3945072445027664e-05
leaf_weight=275 161 56 26 43 26 42 123
leaf_count=275 161 56 26 43 26 42 123
internal_value=0.00121011 0.000685279 -0.000537974 -0.00308383 -0.00581081 -0.00323529 0.00231544
internal_weight=752 591 316 167 111 85 149
internal_count=752 591 316 167 111 85 149
is_linear=0
shrinkage=0.05


Tree=42
num_leaves=8
num_cat=0
split_feature=9 7 14 9 8 16 16
split_gain=0.507252 1.10194 0.561193 0.457641 0.656809 0.502552 0.56964
threshold=0.088841627988394914 0.042655268625092953 0.040951993391927573 -0.081096974599075541 0.02548162498523943 -0.0040564513815541372 0.021325418319259829
decision_type=8 2 2 10 10 2 2
left_child=1 2 3 -1 5 -5 -7
right_child=-2 -3 -4 4 -6 6 -8
leaf_value=3.1757926486240924e-05 5.5179213035226376e-05 -0.00015371904959596093 4.5662888375443119e-05 -0.00016847361416487993 0.00020991888168542234 3.9736790506719973e-05 -0.00026467808834602441
leaf_weight=79 350 31 86 47 40 61 59
leaf_count=79 350 31 86 47 40 61 59
internal_value=0.000750332 -0.000459057 0.000295699 -0.000769231 -0.00200483 -0.00338323 -0.00166667
internal_weight=753 403 372 286 207 167 120
internal_count=753 403 372 286 207 167 120
is_linear=0
shrinkage=0.05


Tree=43
num_leaves=8
num_cat=0
split_feature=8 11 8 3 0 13 2
split_gain=0.312388 0.357379 0.316224 0.263725 0.375822 0.668518 0.321684
threshold=-0.09469753086587672 0.0030141112553000453 -0.05062519590026026 0.0069433047870467455 0.011521352636224337 16.375000000000004 -0.051810298056627395
decision_type=10 2 10 2 2 2 2
left_child=1 -1 -2 4 6 -6 -4
right_child=2 -3 3 -5 5 -7 -8
leaf_value=6.6516614823447875e-05 0.00012734513040717199 -0.00023277391073259161 -0.0002272749509173435 5.7531621923788654e-05 -0.00029466253873407857 2.6303645038652678e-05 2.8199754522486952e-05
leaf_weight=27 54 25 28 39 36 54 483
leaf_count=27 54 25 28 39 36 54 483
internal_value=0.00104558 -0.00269231 0.00132565 0.00101563 0.000757072 -0.00222222 0.0012818
internal_weight=746 52 694 640 601 90 511
internal_count=746 52 694 640 601 90 511
is_linear=0
shrinkage=0.05


Tree=44
num_leaves=8
num_cat=0
split_feature=8 8 6 12 10 10 12
split_gain=0.690974 0.430006 0.426393 0.406924 0.319359 0.621452 0.568091
threshold=-0.072762025928952909 -0.036899473782861562 -0.19468603835420537 -0.0011596374910577965 -0.0040208105245407846 -0.00262768472957231 0.0066896408709551389
decision_type=10 10 2 2 2 2 2
left_child=2 -2 -1 -3 -5 -6 -7
right_child=1 3 -4 4 5 6 -8
leaf_value=7.5774851357026069e-06 0.00015143942028310038 8.2434396442990663e-05 -0.00020370816531991654 9.3518068272606611e-05 -0.00022382846778118689 -0.00026447697969695505 1.0318861936800417e-05
leaf_weight=25 103 146 36 65 28 25 312
leaf_count=25 103 146 36 65 28 25 312
internal_value=0.00108108 0.00153903 -0.00401639 0.00100694 0.000232558 -0.000342466 0.000252226
internal_weight=740 679 61 576 430 365 337
internal_count=740 679 61 576 430 365 337
is_linear=0
shrinkage=0.05


end of trees

feature_importances:
dist_ma200=37
dist_ma50=30
ret_5d=29
vix_chg_1d=23
ret_1d=22
dvol_z_20=21
sector_ret_1d=21
spy_ret_20d=20
spy_ret_1d=19
sector_ret_5d=17
overnight_gap=15
atr_pct=12
dist_ma20=12
vix_level=12
spy_ret_5d=9
ret_20d=8
parkinson_20=8

parameters:
[boosting: gbdt]
[objective: quantile]
[metric: quantile]
[tree_learner: serial]
[device_type: cpu]
[data_sample_strategy: bagging]
[data: ]
[valid: ]
[num_iterations: 80]
[learning_rate: 0.05]
[num_leaves: 8]
[num_threads: 1]
[seed: 0]
[deterministic: 0]
[force_col_wise: 1]
[force_row_wise: 0]
[histogram_pool_size: -1]
[max_depth: -1]
[min_data_in_leaf: 25]
[min_sum_hessian_in_leaf: 0.001]
[bagging_fraction: 0.9]
[pos_bagging_fraction: 1]
[neg_bagging_fraction: 1]
[bagging_freq: 1]
[bagging_seed: 3]
[bagging_by_query: 0]
[feature_fraction: 0.9]
[feature_fraction_bynode: 1]
[feature_fraction_seed: 2]
[extra_trees: 0]
[extra_seed: 6]
[early_stopping_round: 0]
[early_stopping_min_delta: 0]
[first_metric_only: 0]
[max_delta_step: 0]
[lambda_l1: 0]
[lambda_l2: 0]
[linear_lambda: 0]
[min_gain_to_split: 0]
[drop_rate: 0.1]
[max_drop: 50]
[skip_drop: 0.5]
[xgboost_dart_mode: 0]
[uniform_drop: 0]
[drop_seed: 4]
[top_rate: 0.2]
[other_rate: 0.1]
[min_data_per_group: 100]
[max_cat_threshold: 32]
[cat_l2: 10]
[cat_smooth: 10]
[max_cat_to_onehot: 4]
[top_k: 20]
[monotone_constraints: ]
[monotone_constraints_method: basic]
[monotone_penalty: 0]
[feature_contri: ]
[forcedsplits_filename: ]
[refit_decay_rate: 0.9]
[cegb_tradeoff: 1]
[cegb_penalty_split: 0]
[cegb_penalty_feature_lazy: ]
[cegb_penalty_feature_coupled: ]
[path_smooth: 0]
[interaction_constraints: ]
[verbosity: -1]
[saved_feature_importance_type: 0]
[use_quantized_grad: 0]
[num_grad_quant_bins: 4]
[quant_train_renew_leaf: 0]
[stochastic_rounding: 1]
[linear_tree: 0]
[max_bin: 255]
[max_bin_by_feature: ]
[min_data_in_bin: 3]
[bin_construct_sample_cnt: 200000]
[data_random_seed: 1]
[is_enable_sparse: 1]
[enable_bundle: 1]
[use_missing: 1]
[zero_as_missing: 0]
[feature_pre_filter: 1]
[pre_partition: 0]
[two_round: 0]
[header: 0]
[label_column: ]
[weight_column: ]
[group_column: ]
[ignore_column: ]
[categorical_feature: ]
[forcedbins_filename: ]
[precise_float_parser: 0]
[parser_config_file: ]
[objective_seed: 5]
[num_class: 1]
[is_unbalance: 0]
[scale_pos_weight: 1]
[sigmoid: 1]
[boost_from_average: 1]
[reg_sqrt: 0]
[alpha: 0.1]
[fair_c: 1]
[poisson_max_delta_step: 0.7]
[tweedie_variance_power: 1.5]
[lambdarank_truncation_level: 30]
[lambdarank_norm: 1]
[label_gain: ]
[lambdarank_position_bias_regularization: 0]
[eval_at: ]
[multi_error_top_k: 1]
[auc_mu_weights: ]
[num_machines: 1]
[local_listen_port: 12400]
[time_out: 120]
[machine_list_filename: ]
[machines: ]
[gpu_platform_id: -1]
[gpu_device_id: -1]
[gpu_device_id_list: ]
[gpu_use_dp: 0]
[num_gpu: 1]

end of parameters

pandas_categorical:[]
