tree
version=v4
num_class=1
num_tree_per_iteration=1
label_index=0
max_feature_idx=16
objective=quantile
feature_names=ret_1d ret_5d ret_20d overnight_gap atr_pct parkinson_20 dvol_z_20 dist_ma20 dist_ma50 dist_ma200 spy_ret_1d spy_ret_5d spy_ret_20d vix_level vix_chg_1d sector_ret_1d sector_ret_5d
feature_infos=[-0.13091453095291261:0.1788380501263116] [-0.1734679530291775:0.19654214593297969] [-0.2168260099046464:0.27516899474926126] [-0.051799609463907492:0.055014658602851263] [0.015331919230886936:0.064643962968850943] [0.0096019217552928363:0.033348514694818476] [-2.0622362687978186:4.2622891703742756] [-0.16919136769862198:0.17333504614425621] [-0.21235540523443497:0.21449230757185345] [-0.26731222830015033:0.26306619230289474] [-0.058542971330535654:0.10501930183911301] [-0.11496151859245618:0.082843162776128354] [-0.1226559005192206:0.15756591020035837] [11.859999656677246:52.330001831054688] [-0.35753873962348437:0.74039073966007019] [-0.068247998544687438:0.13425697132599002] [-0.13587196028298487:0.11773217696052685]
tree_sizes=816 863 864 860 859 861 859 854 869 859 866 854 868 864 856 865 861 864 862 857

Tree=0
num_leaves=8
num_cat=0
split_feature=12 9 6 9 6 5 7
split_gain=4.78611 2.325 1.34286 0.325185 0.408396 0.338944 0.316238
threshold=-0.051373899775069835 -0.1523067907141529 2.4480996010320539 0.17056577350844285 1.1007081590083834 0.015095537822547005 0.039499032812849728
decision_type=2 8 2 10 2 2 2
left_child=-1 -2 3 4 6 -6 -3
right_child=1 2 -4 -5 5 -7 -8
leaf_value=0.028104163796496273 0.027659415396993171 0.02669367749476893 0.027676065211337097 0.026587583007548064 0.027936333248123189 0.026788484289634529 0.027015338384360842
leaf_weight=31 27 424 28 101 25 26 84
leaf_count=31 27 424 28 101 25 26 84
internal_value=0.0268556 0.0260217 0.0254569 0.0250019 0.0254737 0.029739 0.0250455
internal_weight=746 715 688 660 559 51 508
internal_count=746 715 688 660 559 51 508
is_linear=0
shrinkage=1


Tree=1
num_leaves=8
num_cat=0
split_feature=2 12 5 11 16 3 0
split_gain=5.09627 1.38863 0.817193 1.08383 0.424626 0.355605 0.453083
threshold=-0.15403046926552114 -0.049048436065559579 0.019605891227672576 0.011258220737919157 0.056311592973609666 0.001251271326357495 0.00083076215081234761
decision_type=2 2 2 2 2 2 2
left_child=-1 -2 4 -4 5 6 -3
right_child=1 2 3 -5 -6 -7 -8
leaf_value=0.00086997895018060009 0.0011836249286640177 -0.00015684083326569055 0.00037245644258137922 -0.00016852839994153219 0.00041601622509499273 -0.00025803971817483557 0.00012236496272784395
leaf_weight=29 30 213 42 38 26 244 111
leaf_count=29 30 213 42 38 26 244 111
internal_value=0.000320599 -0.000525569 -0.000994066 0.00375 -0.001633 -0.00191902 -0.000833335
internal_weight=733 704 674 80 594 568 324
internal_count=733 704 674 80 594 568 324
is_linear=0
shrinkage=0.05


Tree=2
num_leaves=8
num_cat=0
split_feature=2 6 2 9 2 2 12
split_gain=3.44139 1.5321 0.496109 0.589065 0.603763 0.46015 0.401083
threshold=-0.15403046926552114 2.1232189902993546 -0.032333235065846726 0.07365080295834571 0.10572722494546628 -0.042821562017104513 -0.0093119022308690274
decision_type=2 2 2 8 2 2 2
left_child=-1 2 5 4 -4 6 -2
right_child=1 -3 3 -5 -6 -7 -8
leaf_value=0.00061025306932383254 0.00010748515910004492 0.00059433908961462241 -0.00011041386395656307 -0.00033255022547129499 0.0010222388767526383 0.00015723426124675998 -0.00027311873033853497
leaf_weight=27 82 47 164 295 25 38 67
leaf_count=27 82 47 164 295 25 38 67
internal_value=-0.000302015 -0.000961004 -0.00157228 -0.00241736 -0.000238096 0.000614972 -0.000637585
internal_weight=745 718 671 484 189 187 149
internal_count=745 718 671 484 189 187 149
is_linear=0
shrinkage=0.05


Tree=3
num_leaves=8
num_cat=0
split_feature=2 6 13 3 1 12 7
split_gain=3.65311 1.56577 0.637507 0.420365 0.474647 0.383396 0.486903
threshold=-0.15403046926552114 2.1232189902993546 23.409999847412113 0.001251271326357495 0.038566698871564727 0.015576127060618618 -0.025319363957952309
decision_type=2 2 2 2 2 2 2
left_child=-1 2 3 4 5 6 -2
right_child=1 -3 -4 -5 -6 -7 -8
leaf_value=0.00079596734920537844 -0.00023095996397807194 0.00059596013435516456 0.00045142206027433792 -0.00022513157442499341 0.00016969173414608168 -0.00018891811409144866 0.0001036699011328779
leaf_weight=29 51 45 49 260 43 181 79
leaf_count=29 51 45 49 260 43 181 79
internal_value=2.03516e-05 -0.000692092 -0.00130468 -0.00174267 -0.00062147 -0.00130225 0.00076923
internal_weight=737 708 663 614 354 311 130
internal_count=737 708 663 614 354 311 130
is_linear=0
shrinkage=0.05


Tree=4
num_leaves=8
num_cat=0
split_feature=2 0 13 3 3 9 2
split_gain=4.61483 0.823281 0.565647 0.370256 0.310516 0.398002 0.398396
threshold=-0.14598668236565102 0.021661475331104966 24.385000228881839 0.0058741835819474683 0.001577375243892565 0.05146686447402516 0.0029759652674179464
decision_type=2 2 2 2 2 8 2
left_child=-1 2 4 -3 -2 6 -6
right_child=1 3 -4 -5 5 -7 -8
leaf_value=0.00067532003150131781 -0.00011124945514958685 0.0005760060163847036 0.00035660577963636119 -2.0165771763323219e-05 -0.00023715366157429997 -0.00029585161691474864 0.00024886090096204558
leaf_weight=26 403 25 31 27 38 166 27
leaf_count=26 403 25 31 27 38 166 27
internal_value=-0.000693137 -0.00144352 -0.00191729 0.00461538 -0.00223975 -0.0037013 -0.000384617
internal_weight=743 717 665 52 634 231 65
internal_count=743 717 665 52 634 231 65
is_linear=0
shrinkage=0.05


Tree=5
num_leaves=8
num_cat=0
split_feature=8 6 9 3 8 16 11
split_gain=3.72572 1.58149 0.860119 0.637697 0.690794 0.499673 0.56916
threshold=-0.12777217237894758 2.4480996010320539 0.05664442189359354 0.0081471624463557175 0.034143366459069131 -0.026391808934725033 0.028003232862589215
decision_type=8 2 8 2 10 2 2
left_child=-1 2 3 4 5 -2 -7
right_child=1 -3 -4 -5 -6 6 -8
leaf_value=0.00067751506388049785 0.00031842499750655786 0.00065250314960667321 -0.00017209566437790061 0.00032824516840305546 0.00045734119789982581 -0.0002198430084614636 0.00043108179864942051
leaf_weight=32 29 28 448 25 27 118 25
leaf_count=32 29 28 448 25 27 118 25
internal_value=0.000191256 -0.00057143 -0.00105655 0.00147321 0.000527637 -0.000639536 -0.00185315
internal_weight=732 700 672 224 199 172 143
internal_count=732 700 672 224 199 172 143
is_linear=0
shrinkage=0.05


Tree=6
num_leaves=8
num_cat=0
split_feature=2 6 9 9 4 15 10
split_gain=4.37083 0.876034 1.13171 0.99654 0.411878 0.542129 0.528714
threshold=-0.15403046926552114 1.1007081590083834 0.079156540543928858 0.044334108728427586 0.025768506405168985 0.0040598003312706252 -0.0022466027012056906
decision_type=2 2 10 8 2 2 2
left_child=-1 4 3 -3 -2 6 -6
right_child=1 2 -4 -5 5 -7 -8
leaf_value=0.00057171722134352696 -0.00018822271535749342 -4.5143480783813414e-05 -0.00033294180483378979 0.0012541548440150208 -8.2452781396861552e-05 -0.00024705025341970462 0.00015737657895506976
leaf_weight=30 416 28 27 33 68 93 49
leaf_count=30 416 28 27 33 68 93 49
internal_value=-0.000362904 -0.00114846 0.00352273 0.00729508 -0.00180511 -1.19209e-09 0.00226496
internal_weight=744 714 88 61 626 210 117
internal_count=744 714 88 61 626 210 117
is_linear=0
shrinkage=0.05


Tree=7
num_leaves=8
num_cat=0
split_feature=2 6 14 10 2 7 6
split_gain=3.0234 0.822083 1.2079 1.23941 0.453254 0.752158 1.5577
threshold=-0.15403046926552114 1.1007081590083834 0.031250907350716124 0.0057742598660092135 -0.032333235065846726 -0.025319363957952309 -0.43858430325461212
decision_type=2 2 2 2 2 2 2
left_child=-1 4 3 -3 5 -2 -7
right_child=1 2 -4 -5 -6 6 -8
leaf_value=0.00058801921226253368 -0.00013812828016012378 -0.00025432912559910048 0.00073345920727187859 0.0010268215685471365 -0.00018413117124312981 -0.00012119759337652452 0.00035672571736626194
leaf_weight=29 102 43 25 25 443 43 30
leaf_count=29 102 43 25 25 443 43 30
internal_value=-0.000135136 -0.000780592 0.00360215 0.000147058 -0.00144013 0.000714285 0.00458904
internal_weight=740 711 93 68 618 175 73
internal_count=740 711 93 68 618 175 73
is_linear=0
shrinkage=0.05


Tree=8
num_leaves=8
num_cat=0
split_feature=2 6 10 0 4 3 3
split_gain=2.97113 1.25705 0.516652 0.711916 0.435835 0.501047 0.700735
threshold=-0.15403046926552114 2.4480996010320539 -0.0074311148447236399 -0.020945201323339931 0.021685121732457551 -0.0076154679155652208 -0.00086726416270721518
decision_type=2 2 2 2 2 2 2
left_child=-1 2 3 -2 -4 -6 -7
right_child=1 -3 4 -5 5 6 -8
leaf_value=0.00063054040529571568 -9.7824816902856819e-05 0.0005154918029507471 -0.00025163605878928151 0.00035293645219183355 -0.00013380854311778657 0.00018959784933276336 -0.00016792490656861048
leaf_weight=29 39 32 233 47 54 97 230
leaf_count=29 39 32 233 47 54 97 230
internal_value=-6.57149e-06 -0.000628416 -0.00107143 0.00255814 -0.00157981 -0.000538059 0.000198776
internal_weight=761 732 700 86 614 381 327
internal_count=761 732 700 86 614 381 327
is_linear=0
shrinkage=0.05


Tree=9
num_leaves=8
num_cat=0
split_feature=5 6 9 10 0 7 16
split_gain=2.36852 1.15929 0.82109 0.365453 0.891862 0.287054 0.29872
threshold=0.023459991850666016 2.4480996010320539 -0.13630856533663391 -0.0074311148447236399 -0.020945201323339931 0.078817300916771096 0.051403326628023834
decision_type=2 2 8 2 2 2 2
left_child=1 2 -1 4 -4 6 -5
right_child=-2 -3 3 5 -6 -7 -8
leaf_value=0.00036374038252982394 0.00059901334223752751 0.00054071818500955589 -0.00019493257061671803 -0.00015698249374786416 0.00025142879010958962 9.1620678431573351e-05 0.00014667188804179726
leaf_weight=30 39 29 32 501 46 35 26
leaf_count=30 39 29 32 501 46 35 26
internal_value=-0.000325204 -0.000994279 -0.00141791 -0.00179688 0.00141026 -0.00224199 -0.00253321
internal_weight=738 699 670 640 78 562 527
internal_count=738 699 670 640 78 562 527
is_linear=0
shrinkage=0.05


Tree=10
num_leaves=8
num_cat=0
split_feature=9 12 0 2 7 6 10
split_gain=1.41336 0.801751 0.429872 0.393636 0.755323 0.947434 0.45981
threshold=-0.14694973126175745 -0.049048436065559579 0.021661475331104966 -0.028739204888293787 -0.016200724254373296 -0.49664476701479382 -0.0074311148447236399
decision_type=8 2 2 2 2 2 2
left_child=-1 -2 3 4 -3 -6 -5
right_child=1 2 -4 6 5 -7 -8
leaf_value=0.00050619427393515804 0.0012019132988334293 -8.0985833176262627e-05 0.0004610372435812967 7.3149465869266653e-05 -0.00010059815332619992 0.00030533179237334212 -0.00016947823551224716
leaf_weight=34 34 122 47 47 33 26 405
leaf_count=34 34 122 47 47 33 26 405
internal_value=-0.000254012 -0.000728293 -0.00110294 -0.0014455 0.000524861 0.00516949 -0.00223451
internal_weight=748 714 680 633 181 59 452
internal_count=748 714 680 633 181 59 452
is_linear=0
shrinkage=0.05


Tree=11
num_leaves=8
num_cat=0
split_feature=2 10 6 0 15 12 9
split_gain=2.16941 0.933625 1.03387 0.645003 0.921818 0.582613 0.567864
threshold=-0.15403046926552114 -0.0074311148447236399 0.67660558458470066 0.021194939886168499 0.013522796706326392 0.016494776846734397 0.055446215339583167
decision_type=2 2 2 2 2 2 8
left_child=-1 2 6 5 -5 -3 -2
right_child=1 3 -4 4 -6 -7 -8
leaf_value=0.0005223255748896859 0.00020971133739035986 8.9534675256209452e-06 0.00054047882860465131 0.00048002307180820591 -8.7333598884848342e-05 -0.00023450294052400748 -0.00025523173856994817
leaf_weight=30 25 221 25 30 25 349 41
leaf_count=30 25 221 25 30 25 349 41
internal_value=0.000160857 -0.000391063 0.00434066 -0.00108 0.00409091 -0.00157895 0.0010606
internal_weight=746 716 91 625 55 570 66
internal_count=746 716 91 625 55 570 66
is_linear=0
shrinkage=0.05


Tree=12
num_leaves=8
num_cat=0
split_feature=12 9 6 16 16 3 0
split_gain=2.19709 0.881317 0.501034 0.374527 0.512704 0.502998 0.860504
threshold=-0.05793872793170584 -0.15115369936885256 2.1232189902993546 0.0059513811627999189 -0.0037883205537940774 -0.0039026557092659005 0.0081424095585156415
decision_type=2 8 2 2 2 2 2
left_child=-1 -2 3 4 -3 -6 -7
right_child=1 2 -4 -5 5 6 -8
leaf_value=0.0010849385739753012 0.00025223881929742602 -7.2047536300006991e-05 0.00035205260736660449 -0.00020731153922015942 -9.8136353867850845e-05 0.00023993759726562738 -0.00014733709159532474
leaf_weight=26 26 220 43 318 25 40 28
leaf_count=26 26 220 43 318 25 40 28
internal_value=-4.13235e-05 -0.00057143 -0.000919882 -0.00127575 -4.79245e-05 0.00306451 0.00529412
internal_weight=726 700 674 631 313 93 68
internal_count=726 700 674 631 313 93 68
is_linear=0
shrinkage=0.05


Tree=13
num_leaves=8
num_cat=0
split_feature=2 10 10 16 7 8 2
split_gain=1.14206 0.709514 0.723966 0.421799 0.434231 0.923023 0.352069
threshold=-0.15403046926552114 -0.0074311148447236399 -0.01378806518059311 0.064906854485418788 0.05190128570981168 0.091928414319083732 -0.032333235065846726
decision_type=2 2 2 2 2 10 2
left_child=-1 2 -2 4 6 -6 -3
right_child=1 3 -4 -5 5 -7 -8
leaf_value=0.00050004741027336941 -4.6007686023501497e-05 -2.3635097784132855e-05 0.0003778485096875945 0.00034220603714538899 0.00052614683303532812 -0.00032003020978902644 -0.00020510604822402767
leaf_weight=28 44 138 49 26 36 50 371
leaf_count=28 44 138 49 26 36 50 371
internal_value=-0.000619947 -0.0010084 0.00306451 -0.00161836 -0.00189076 0.00139535 -0.00244597
internal_weight=742 714 93 621 595 86 509
internal_count=742 714 93 621 595 86 509
is_linear=0
shrinkage=0.05


Tree=14
num_leaves=8
num_cat=0
split_feature=5 1 5 16 6 14 1
split_gain=1.84507 1.14292 0.952747 0.567822 0.43641 0.720961 0.532744
threshold=0.019605891227672576 0.024125826647447338 0.022020071691695026 0.056311592973609666 0.55596023767202085 -0.0026760061162229838 0.0065027871365376253
decision_type=2 2 2 2 2 2 2
left_child=3 2 -2 4 -1 -6 -7
right_child=1 -3 -4 -5 5 6 -8
leaf_value=-0.00013161741677847141 8.8989859843848233e-05 -1.7889106953716816e-05 0.00090599011935681834 0.0002924337629228205 -0.00016349710818050028 0.00046143223637548137 -0.00022388484506695721
leaf_weight=446 30 46 26 27 76 47 26
leaf_count=446 30 46 26 27 76 47 26
internal_value=4.14353e-05 0.00627451 0.0110714 -0.000980709 -0.00130252 0.00104027 0.00458904
internal_weight=724 102 56 622 595 149 73
internal_count=724 102 56 622 595 149 73
is_linear=0
shrinkage=0.05


Tree=15
num_leaves=8
num_cat=0
split_feature=5 11 9 16 9 7 12
split_gain=1.09262 0.851959 0.843941 0.680048 0.276058 0.408384 0.453509
threshold=0.019548538196756744 0.011258220737919157 -0.050635891497992407 0.054748975145843322 0.16632899221693423 0.060671186263767003 0.01609265809314964
decision_type=2 2 10 2 10 2 2
left_child=3 2 -2 4 5 6 -1
right_child=1 -3 -4 -5 -6 -7 -8
leaf_value=-4.6513576639615962e-06 0.00029860177788365258 -9.2630305480203429e-05 0.00064930840154848275 0.00031047404714197835 -0.00023735570457346529 0.00016939925876265224 -0.00026845347412485389
leaf_weight=234 37 49 25 26 83 33 245
leaf_count=234 37 49 25 26 83 33 245
internal_value=-0.00056011 0.00400901 0.00790322 -0.00137681 -0.00172269 -0.00128906 -0.00165971
internal_weight=732 111 62 621 595 512 479
internal_count=732 111 62 621 595 512 479
is_linear=0
shrinkage=0.05


Tree=16
num_leaves=8
num_cat=0
split_feature=6 13 3 6 2 14 13
split_gain=1.40937 0.531553 0.529791 0.469302 0.851107 0.680565 0.798885
threshold=2.7446636358519414 23.409999847412113 0.0014603102685404325 -0.38444509887079448 0.1556733506689231 -0.016820561404990383 15.425000190734865
decision_type=2 2 2 2 2 2 2
left_child=1 3 -3 -1 5 -5 -7
right_child=-2 2 -4 4 -6 6 -8
leaf_value=-0.00021574214851995431 0.00050275341659203885 -0.00010400564265978764 0.00053241647043206816 -0.00015957434476769736 0.00035093323821879186 9.5595298278855576e-05 -8.8373518667237783e-05
leaf_weight=295 25 34 25 131 32 69 140
leaf_count=295 25 34 25 131 32 69 140
internal_value=-0.000672438 -0.00107438 0.00347458 -0.00147676 -0.0002957 -0.00102941 0.000741626
internal_weight=751 726 59 667 372 340 209
internal_count=751 726 59 667 372 340 209
is_linear=0
shrinkage=0.05


Tree=17
num_leaves=8
num_cat=0
split_feature=9 6 9 7 15 12 6
split_gain=1.55006 0.942395 0.479572 0.677306 0.947556 0.641252 0.653221
threshold=-0.1523067907141529 2.5271640557052568 0.17056577350844285 0.047713144133246239 0.0059886550960652771 0.012544135938263425 -1.0260103876943509
decision_type=8 2 10 2 2 2 2
left_child=-1 2 3 5 -5 6 -2
right_child=1 -3 -4 4 -6 -7 -8
leaf_value=0.00033106088675230173 7.4854228615086523e-05 0.0004776157457624368 -0.00016879374508602584 -0.0002371891348976475 0.00035002423708598186 -0.000244205651425042 -1.2409878383230649e-05
leaf_weight=27 32 25 103 38 32 261 226
leaf_count=27 32 25 103 38 32 261 226
internal_value=-9.40872e-05 -0.000536961 -0.000881504 -0.000331071 0.00428571 -0.000953758 0.000813952
internal_weight=744 717 692 589 70 519 258
internal_count=744 717 692 589 70 519 258
is_linear=0
shrinkage=0.05


Tree=18
num_leaves=8
num_cat=0
split_feature=6 9 13 3 9 16 9
split_gain=1.36018 1.00734 0.380305 0.450107 0.300474 0.332075 0.371768
threshold=2.7446636358519414 -0.1523067907141529 23.409999847412113 -0.0010028727224085652 -0.062826181937302369 -0.034321490035760675 0.018646131947748227
decision_type=2 8 2 2 8 2 8
left_child=1 -1 4 -4 -3 -6 -7
right_child=-2 2 3 -5 5 6 -8
leaf_value=0.00033952937651098345 0.00045373495847431485 -0.00012464459954755609 -0.00012893661038607948 0.00020387514337013386 -0.00016900399781865906 0.00018409857418958338 -8.1330847341304173e-05
leaf_weight=25 25 58 30 29 53 32 498
leaf_count=25 25 58 30 29 53 32 498
internal_value=-0.000466668 -0.00086207 -0.00121429 0.00262712 -0.00156786 -0.00122642 -0.000849058
internal_weight=750 725 700 59 641 583 530
internal_count=750 725 700 59 641 583 530
is_linear=0
shrinkage=0.05


Tree=19
num_leaves=8
num_cat=0
split_feature=12 3 9 7 9 4 8
split_gain=0.748541 0.632324 0.770775 0.81903 0.538113 1.09415 0.616765
threshold=-0.05793872793170584 -0.00086726416270721518 0.11654732716773676 0.039199045592094979 -0.1587643891775716 0.025462330665513101 -0.019176105498840742
decision_type=2 2 10 2 10 2 10
left_child=-1 2 3 4 5 -2 -6
right_child=1 -3 -4 -5 6 -7 -8
leaf_value=0.0009783374603957039 -0.00010531040847327176 -0.0001054668565066159 -0.00040342774059069758 0.00049967404447376069 -8.092670963686494e-05 0.00031442537812570643 6.6202483179495926e-05
leaf_weight=27 46 418 55 39 65 34 57
leaf_count=27 46 418 55 39 65 34 57
internal_value=-0.000209178 -0.000518208 0.00125 0.00246888 0.00118812 0.004375 -0.000901641
internal_weight=741 714 296 241 202 80 122
internal_count=741 714 296 241 202 80 122
is_linear=0
shrinkage=0.05


end of trees

feature_importances:
dist_ma200=20
dvol_z_20=19
ret_20d=17
overnight_gap=11
spy_ret_20d=10
dist_ma20=9
sector_ret_5d=9
spy_ret_1d=8
ret_1d=7
parkinson_20=6
vix_level=5
dist_ma50=4
ret_5d=3
atr_pct=3
spy_ret_5d=3
vix_chg_1d=3
sector_ret_1d=3

parameters:
[boosting: gbdt]
[objective: quantile]
[metric: quantile]
[tree_learner: serial]
[device_type: cpu]
[data_sample_strategy: bagging]
[data: ]
[valid: ]
[num_iterations: 80]
[learning_rate: 0.05]
[num_leaves: 8]
[num_threads: 1]
[seed: 0]
[deterministic: 0]
[force_col_wise: 1]
[force_row_wise: 0]
[histogram_pool_size: -1]
[max_depth: -1]
[min_data_in_leaf: 25]
[min_sum_hessian_in_leaf: 0.001]
[bagging_fraction: 0.9]
[pos_bagging_fraction: 1]
[neg_bagging_fraction: 1]
[bagging_freq: 1]
[bagging_seed: 3]
[bagging_by_query: 0]
[feature_fraction: 0.9]
[feature_fraction_bynode: 1]
[feature_fraction_seed: 2]
[extra_trees: 0]
[extra_seed: 6]
[early_stopping_round: 0]
[early_stopping_min_delta: 0]
[first_metric_only: 0]
[max_delta_step: 0]
[lambda_l1: 0]
[lambda_l2: 0]
[linear_lambda: 0]
[min_gain_to_split: 0]
[drop_rate: 0.1]
[max_drop: 50]
[skip_drop: 0.5]
[xgboost_dart_mode: 0]
[uniform_drop: 0]
[drop_seed: 4]
[top_rate: 0.2]
[other_rate: 0.1]
[min_data_per_group: 100]
[max_cat_threshold: 32]
[cat_l2: 10]
[cat_smooth: 10]
[max_cat_to_onehot: 4]
[top_k: 20]
[monotone_constraints: ]
[monotone_constraints_method: basic]
[monotone_penalty: 0]
[feature_contri: ]
[forcedsplits_filename: ]
[refit_decay_rate: 0.9]
[cegb_tradeoff: 1]
[cegb_penalty_split: 0]
[cegb_penalty_feature_lazy: ]
[cegb_penalty_feature_coupled: ]
[path_smooth: 0]
[interaction_constraints: ]
[verbosity: -1]
[saved_feature_importance_type: 0]
[use_quantized_grad: 0]
[num_grad_quant_bins: 4]
[quant_train_renew_leaf: 0]
[stochastic_rounding: 1]
[linear_tree: 0]
[max_bin: 255]
[max_bin_by_feature: ]
[min_data_in_bin: 3]
[bin_construct_sample_cnt: 200000]
[data_random_seed: 1]
[is_enable_sparse: 1]
[enable_bundle: 1]
[use_missing: 1]
[zero_as_missing: 0]
[feature_pre_filter: 1]
[pre_partition: 0]
[two_round: 0]
[header: 0]
[label_column: ]
[weight_column: ]
[group_column: ]
[ignore_column: ]
[categorical_feature: ]
[forcedbins_filename: ]
[precise_float_parser: 0]
[parser_config_file: ]
[objective_seed: 5]
[num_class: 1]
[is_unbalance: 0]
[scale_pos_weight: 1]
[sigmoid: 1]
[boost_from_average: 1]
[reg_sqrt: 0]
[alpha: 0.9]
[fair_c: 1]
[poisson_max_delta_step: 0.7]
[tweedie_variance_power: 1.5]
[lambdarank_truncation_level: 30]
[lambdarank_norm: 1]
[label_gain: ]
[lambdarank_position_bias_regularization: 0]
[eval_at: ]
[multi_error_top_k: 1]
[auc_mu_weights: ]
[num_machines: 1]
[local_listen_port: 12400]
[time_out: 120]
[machine_list_filename: ]
[machines: ]
[gpu_platform_id: -1]
[gpu_device_id: -1]
[gpu_device_id_list: ]
[gpu_use_dp: 0]
[num_gpu: 1]

end of parameters

pandas_categorical:[]
