tree
version=v4
num_class=1
num_tree_per_iteration=1
label_index=0
max_feature_idx=16
objective=quantile
feature_names=ret_1d ret_5d ret_20d overnight_gap atr_pct parkinson_20 dvol_z_20 dist_ma20 dist_ma50 dist_ma200 spy_ret_1d spy_ret_5d spy_ret_20d vix_level vix_chg_1d sector_ret_1d sector_ret_5d
feature_infos=[-0.046099708103677806:0.059244523443427566] [-0.071531923937915964:0.11309244053542877] [-0.14978816386468163:0.23076925360785561] [-0.060072605579690408:0.040591261980114313] [0.0098001918726782003:0.032248989923320655] [0.006173865360142243:0.019349498031150256] [-2.1070330265418615:3.9033991999094906] [-0.082189643490696351:0.10291714264374319] [-0.11091751024982466:0.1605122122224858] [-0.14211356907157691:0.21204688860704768] [-0.058542971330535654:0.10501930183911301] [-0.11496151859245618:0.082843162776128354] [-0.1226559005192206:0.15756591020035837] [11.859999656677246:52.330001831054688] [-0.35753873962348437:0.74039073966007019] [-0.043404019803684024:0.038768816550480256] [-0.066511827613557339:0.073218486155716356]
tree_sizes=822 871 849 854 854 859 869 853 849 870 865 863 859 862 861 866 857 865 862 862 854 867 864 857 872 864 854 854 866 866 857 855 872

Tree=0
num_leaves=8
num_cat=0
split_feature=4 16 3 10 9 16 2
split_gain=1.54848 0.999578 0.998758 0.839608 0.9075 0.72 0.56917
threshold=0.017921528359319105 0.014927370020523136 0.0045216025051668671 0.0025856466909506275 0.0039327582262489455 -0.0033639820457912468 -0.0066810964679134268
decision_type=2 2 2 2 8 2 2
left_child=-1 2 3 4 5 -2 -5
right_child=1 -3 -4 6 -6 -7 -8
leaf_value=0.013751423083053166 0.014505273464961287 0.013771422057395576 0.014112948136372561 0.013615910026368871 0.013769371712640083 0.014067102845844115 0.013999840602618007
leaf_weight=522 25 38 37 36 30 25 33
leaf_count=522 25 38 37 36 30 25 33
internal_value=0.0140852 0.0175626 0.0190723 0.0172465 0.0207323 0.0248573 0.0132051
internal_weight=746 224 186 149 80 50 69
internal_count=746 224 186 149 80 50 69
is_linear=0
shrinkage=1


Tree=1
num_leaves=8
num_cat=0
split_feature=3 8 10 10 9 11 2
split_gain=1.21147 1.17757 0.841776 0.850518 0.509218 0.700839 0.405109
threshold=0.0088606005739712019 -0.06550106582540903 -0.0037750757818245657 -0.0050682190267434804 0.15254993274431608 0.023193318891049478 -0.020008065193349297
decision_type=2 8 2 2 8 2 2
left_child=1 -1 3 -3 5 6 -4
right_child=-2 2 4 -5 -6 -7 -8
leaf_value=0.00037160863805974647 0.00019377093391656386 7.481780282034018e-06 -0.00035569364960600118 0.00024133151104734302 -0.0002032136246650415 0.00010396993069826528 -5.236290685209221e-05
leaf_weight=33 31 136 76 26 160 46 225
leaf_count=33 31 136 76 26 160 46 225
internal_value=-0.000156891 -0.000584047 -0.00103887 0.00209876 -0.00204142 -0.000965419 -0.00184386
internal_weight=733 702 669 162 507 347 301
internal_count=733 702 669 162 507 347 301
is_linear=0
shrinkage=0.05


Tree=2
num_leaves=8
num_cat=0
split_feature=4 6 8 9 3 14 14
split_gain=1.41302 1.08641 1.06389 0.793866 1.12195 0.766667 0.550298
threshold=0.017434536375471269 1.9828332025700861 -0.063348479078882622 -0.08567001947812096 -0.0010654517113883875 0.024414321868059811 -0.048564324883399894
decision_type=2 2 8 10 2 2 2
left_child=1 -1 -2 -4 -5 6 -6
right_child=2 -3 3 4 5 -7 -8
leaf_value=-0.00015363534438344795 0.00034054653341185343 0.00016740292633825397 -0.00010283220315531728 -4.9028494535640471e-05 0.0002367137973836192 0.00046225185868611283 -4.0521342177193115e-05
leaf_weight=470 25 32 54 72 28 32 32
leaf_count=470 25 32 54 72 28 32 32
internal_value=0.00010067 -0.00141434 0.00323045 0.00211009 0.00384146 0.0075 0.00416667
internal_weight=745 502 243 218 164 92 60
internal_count=745 502 243 218 164 92 60
is_linear=0
shrinkage=0.05


Tree=3
num_leaves=8
num_cat=0
split_feature=4 16 13 13 9 7 2
split_gain=1.32273 1.04991 0.837644 1.58457 1.60184 0.854256 0.591705
threshold=0.017434536375471269 0.014927370020523136 24.855000495910648 19.72500038146973 0.0027595113000700171 -0.019887987665559655 0.029728795396034128
decision_type=2 2 2 2 10 2 2
left_child=6 2 3 4 5 -2 -1
right_child=1 -3 -4 -5 -6 -7 -8
leaf_value=-7.6868206465846878e-06 0.00029855581661346656 -8.4455517325055329e-05 0.00043913926575180724 -0.00019187177372356211 0.00034888224277360716 -3.0119033731791358e-05 -0.00016592886221077145
leaf_weight=331 39 43 32 51 27 56 158
leaf_count=331 39 43 32 51 27 56 158
internal_value=0.000291722 0.00326613 0.0047561 0.0033815 0.00647541 0.00342105 -0.00121677
internal_weight=737 248 205 173 122 95 489
internal_count=737 248 205 173 122 95 489
is_linear=0
shrinkage=0.05


Tree=4
num_leaves=8
num_cat=0
split_feature=4 8 6 8 16 3 9
split_gain=1.59009 1.40926 0.796737 0.691244 0.832613 0.741326 1.22671
threshold=0.017434536375471269 -0.06550106582540903 2.1863713683764021 -0.052809171180014318 0.014927370020523136 -0.0010654517113883875 0.0095224335754986473
decision_type=2 8 2 10 2 2 10
left_child=2 -2 -1 -3 5 -5 -7
right_child=1 3 -4 4 -6 6 -8
leaf_value=-0.00014519358306767241 0.00037454213886740147 -0.00017980485351158174 0.00010822345272112355 3.6075570064095676e-05 -3.6937038192654032e-05 0.00016694365998741066 0.00033113884074099215
leaf_weight=475 26 31 25 68 37 53 28
leaf_count=475 26 31 25 68 37 53 28
internal_value=-8.74844e-05 0.00323045 -0.0017 0.00191244 0.00306451 0.00473154 0.00796296
internal_weight=743 243 500 217 186 149 81
internal_count=743 243 500 217 186 149 81
is_linear=0
shrinkage=0.05


Tree=5
num_leaves=8
num_cat=0
split_feature=4 16 15 11 12 10 14
split_gain=1.07956 1.01427 0.919076 0.767877 1.0614 0.749797 1.46408
threshold=0.017921528359319105 0.01359404643094775 0.0061661347247647944 0.0069842899086436381 0.023603379375990999 -0.0029081479641121506 0.042851800685698833
decision_type=2 2 2 2 2 2 2
left_child=5 2 3 -2 -5 6 -1
right_child=1 -3 -4 4 -6 -7 -8
leaf_value=0.00027945606870779588 -6.0812387411386296e-05 -5.4591889778479459e-05 0.0001833833199588849 0.00049150309523691754 0.00013734376372142172 -0.00013220378077993878 -0.00023954587804766916
leaf_weight=59 84 45 32 25 32 372 83
leaf_count=59 84 45 32 25 32 372 83
internal_value=-0.000150274 0.00279816 0.00453757 0.00280142 0.0072807 -0.00140078 0.00169014
internal_weight=732 218 173 141 57 514 142
internal_count=732 218 173 141 57 514 142
is_linear=0
shrinkage=0.05


Tree=6
num_leaves=8
num_cat=0
split_feature=8 3 12 10 10 13 14
split_gain=1.08548 0.622705 0.60734 0.782796 0.768241 0.569966 0.314816
threshold=-0.06550106582540903 0.0090457152095785327 0.078665410711505027 -0.0037750757818245657 -0.0050682190267434804 22.625000000000004 0.039671535485110161
decision_type=8 2 2 2 2 2 2
left_child=-1 2 3 4 5 6 -2
right_child=1 -3 -4 -5 -6 -7 -8
leaf_value=0.00024631618340317628 0.00015636175378285269 0.00010410805347538561 0.00023708040364896012 -8.3982299930117279e-05 0.00017281455123320698 0.00039692040198933308 -0.00016326762086031204
leaf_weight=33 32 31 26 491 28 25 78
leaf_count=33 32 31 26 491 28 25 78
internal_value=-0.000228496 -0.000639945 -0.000955884 -0.00125382 0.00174847 0.000185184 -0.00136364
internal_weight=744 711 680 654 163 135 110
internal_count=744 711 680 654 163 135 110
is_linear=0
shrinkage=0.05


Tree=7
num_leaves=8
num_cat=0
split_feature=8 4 2 5 6 5 5
split_gain=1.49116 0.982383 0.861467 1.27637 0.49896 0.484615 0.338033
threshold=-0.06550106582540903 0.017921528359319105 -0.0070784189024108981 0.011531986784702327 1.790013562945024 0.01272090009236849 0.0076634182497703441
decision_type=8 2 2 2 2 2 2
left_child=-1 4 5 -4 6 -3 -2
right_child=1 2 3 -5 -6 -7 -8
leaf_value=0.00030252424578797464 4.4688044425189584e-05 -0.00010231117047613577 0.00028280579048658934 0.00014888155881538379 2.0912396627287931e-05 0.00014419679528593026 -0.0001864413015540898
leaf_weight=32 75 65 28 88 40 26 386
leaf_count=32 75 65 28 88 40 26 386
internal_value=6.75664e-05 -0.000409606 0.00248792 0.00534483 -0.00160679 -0.00115385 -0.00207158
internal_weight=740 708 207 116 501 91 461
internal_count=740 708 207 116 501 91 461
is_linear=0
shrinkage=0.05


Tree=8
num_leaves=8
num_cat=0
split_feature=4 8 6 11 3 2 8
split_gain=1.34619 1.6 0.757872 0.794288 0.744475 0.462448 0.730891
threshold=0.017434536375471269 -0.06550106582540903 1.0065514533219855 0.0028224739741974374 0.0043650132725858723 -0.038270038664422461 0.0019050080440483621
decision_type=2 8 2 2 2 2 8
left_child=2 -2 -1 -4 5 -3 -7
right_child=1 4 3 -5 -6 6 -8
leaf_value=-0.00014984562051610864 0.00033083089111303953 -0.00031015287356059708 -0.00010742922485859038 0.00022230571716337738 0.00014028517405456653 0.00020272310389987571 -2.0794317388094957e-05
leaf_weight=429 25 48 38 44 44 53 80
leaf_count=429 25 48 38 44 44 53 80
internal_value=-6.57149e-06 0.003 -0.0014775 0.00292683 0.00166667 0.000248618 0.00176692
internal_weight=761 250 511 82 225 181 133
internal_count=761 250 511 82 225 181 133
is_linear=0
shrinkage=0.05


Tree=9
num_leaves=8
num_cat=0
split_feature=8 3 12 10 10 4 5
split_gain=1.50665 1.21768 0.970492 0.686921 0.898848 0.723172 0.451132
threshold=-0.06550106582540903 0.0088606005739712019 0.064838979523685905 -0.0037750757818245657 -0.0050682190267434804 0.018107820110299714 0.0075437755634859063
decision_type=8 2 2 2 2 2 2
left_child=-1 2 3 4 5 -2 -5
right_child=1 -3 -4 6 -6 -7 -8
leaf_value=0.00027085648894292395 -0.00021352526695776622 0.00012536373986994154 0.00027877713879755815 5.5772835322627157e-05 0.00019504300342371118 0.00024648625881556395 -9.0483812943258738e-05
leaf_weight=32 88 32 38 48 27 38 435
leaf_count=32 88 32 38 48 27 38 435
internal_value=1.35489e-05 -0.000467423 -0.000919882 -0.00138365 0.00153595 -0.000238096 -0.00230849
internal_weight=738 706 674 636 153 126 483
internal_count=738 706 674 636 153 126 483
is_linear=0
shrinkage=0.05


Tree=10
num_leaves=8
num_cat=0
split_feature=4 8 2 16 5 10 10
split_gain=1.10722 1.25729 0.793405 1.67521 1.18127 0.51878 0.794745
threshold=0.017434536375471269 -0.06550106582540903 -0.0070784189024108981 0.012220335388085759 0.011586364197493652 -0.0029081479641121506 -0.0068180084305178293
decision_type=2 8 2 2 2 2 2
left_child=5 -2 -3 4 -4 6 -1
right_child=1 2 3 -5 -6 -7 -8
leaf_value=-0.00026106800498701524 0.00030074652211024144 -8.5771927714852492e-05 0.00027535004538826113 -3.1978537490201894e-05 0.00014537692603836216 -0.00010523812253284444 0.00017528959164812973
leaf_weight=69 25 102 25 36 56 369 66
leaf_count=69 25 102 25 36 56 369 66
internal_value=-0.000387702 0.00237705 0.00116438 0.00397436 0.00796296 -0.00172619 0.000925925
internal_weight=748 244 219 117 81 504 135
internal_count=748 244 219 117 81 504 135
is_linear=0
shrinkage=0.05


Tree=11
num_leaves=8
num_cat=0
split_feature=6 1 8 4 2 5 12
split_gain=0.822025 1.52692 0.895738 0.820509 0.365154 0.58247 0.379142
threshold=1.790013562945024 0.0047165586001526325 -0.06550106582540903 0.022134555584666694 0.029728795396034128 0.0076634182497703441 0.057873618969341407
decision_type=2 2 8 2 2 2 2
left_child=2 -2 -1 4 5 -4 -7
right_child=1 -3 3 -5 -6 6 -8
leaf_value=0.00024887413925433029 -0.00010500872740696469 0.00017002007633308122 0.00010951917886966906 0.00014845067934199214 -0.00010186075664086427 -9.6503835139020772e-05 0.00019387653242654469
leaf_weight=31 32 29 46 62 191 329 26
leaf_count=31 32 29 46 62 191 329 26
internal_value=9.38326e-05 0.00565574 -0.000401461 -0.000795108 -0.00136824 -0.000511223 -0.00119718
internal_weight=746 61 685 654 592 401 355
internal_count=746 61 685 654 592 401 355
is_linear=0
shrinkage=0.05


Tree=12
num_leaves=8
num_cat=0
split_feature=4 16 2 5 9 15 6
split_gain=0.961778 1.17887 1.29056 0.983059 0.94805 0.643942 0.428756
threshold=0.017434536375471269 0.012220335388085759 -0.0070784189024108981 0.011586364197493652 -0.036914810703012106 -0.00086111234116947866 1.0065514533219855
decision_type=2 2 2 2 8 2 2
left_child=6 2 4 -4 5 -2 -1
right_child=1 -3 3 -5 -6 -7 -8
leaf_value=-0.00012240810710767116 0.00023643046733961063 -3.1664352382693968e-05 0.00025841202515694631 0.00021429940382106018 -0.00025562356781973428 -8.4644103545826954e-05 0.00010495953640490908
leaf_weight=409 31 57 25 59 46 26 73
leaf_count=409 31 57 25 59 46 26 73
internal_value=-0.000385676 0.00217213 0.00409091 0.00869047 0.000339805 0.00464912 -0.0016805
internal_weight=726 244 187 84 103 57 482
internal_count=726 244 187 84 103 57 482
is_linear=0
shrinkage=0.05


Tree=13
num_leaves=8
num_cat=0
split_feature=4 16 7 8 3 10 10
split_gain=0.997178 0.869511 0.869206 0.992306 0.526911 0.496155 0.797721
threshold=0.017434536375471269 0.014927370020523136 0.012579026795061623 -0.06550106582540903 0.00053180066573665929 -0.0028933762148355964 -0.0068180084305178293
decision_type=2 2 2 8 2 2 2
left_child=5 2 3 -2 -4 6 -1
right_child=1 -3 4 -5 -6 -7 -8
leaf_value=-0.00020482948993612513 0.00026144396567503233 -3.9387619840748634e-05 9.4674020139325261e-05 -4.4922416900961893e-06 0.0002784418567397322 -8.0241721782971776e-05 0.00015168235916540802
leaf_weight=65 25 43 27 119 29 364 70
leaf_count=65 25 43 27 119 29 364 70
internal_value=-1.34783e-05 0.00261317 0.004 0.00194444 0.00928571 -0.00129259 0.0012963
internal_weight=742 243 200 144 56 499 135
internal_count=742 243 200 144 56 499 135
is_linear=0
shrinkage=0.05


Tree=14
num_leaves=8
num_cat=0
split_feature=4 16 2 4 1 2 12
split_gain=1.04285 0.761905 0.911148 1.4594 0.753117 0.670876 0.743552
threshold=0.017921528359319105 0.012220335388085759 -0.0070784189024108981 0.022546557976761038 -0.027889889080041471 -0.010525763370949235 0.039000972037425148
decision_type=2 2 2 2 2 2 2
left_child=5 2 4 -4 -2 6 -1
right_child=1 -3 3 -5 -6 -7 -8
leaf_value=-8.5265992056819497e-05 0.00021960050748331207 -1.9520173982502876e-05 0.0002646149483619012 3.4971396132057455e-06 -0.00012515130683819818 -9.7581126609211599e-05 0.00048955460743591711
leaf_weight=171 28 49 41 30 59 320 26
leaf_count=171 28 49 41 30 59 320 26
internal_value=-0.000511051 0.00248792 0.00417721 0.00838028 0.000747125 -0.0017118 0.000583755
internal_weight=724 207 158 71 87 517 197
internal_count=724 207 158 71 87 517 197
is_linear=0
shrinkage=0.05


Tree=15
num_leaves=8
num_cat=0
split_feature=4 16 15 14 9 8 10
split_gain=0.98589 0.975191 0.821934 0.647769 0.620606 0.583848 0.529835
threshold=0.017434536375471269 0.012220335388085759 0.0057994064214624838 0.018374042720191389 -0.021154495646310219 -0.043363783984459052 -0.0028933762148355964
decision_type=2 2 2 2 8 8 2
left_child=6 2 3 5 -5 -2 -1
right_child=1 -3 -4 4 -6 -7 -8
leaf_value=5.8642546869490995e-05 0.00014859385439028097 -2.114968625582045e-05 0.00011211859273802401 0.00036061766395718809 5.9246951142330669e-05 -0.00010454577581695608 -8.8656371186818491e-05
leaf_weight=137 27 57 38 30 25 64 354
leaf_count=137 27 57 38 30 25 64 354
internal_value=-0.000150274 0.00246888 0.00423913 0.00253425 0.00681818 -5.49462e-05 -0.00143585
internal_weight=732 241 184 146 55 91 491
internal_count=732 241 184 146 55 91 491
is_linear=0
shrinkage=0.05


Tree=16
num_leaves=8
num_cat=0
split_feature=13 6 1 8 3 11 0
split_gain=0.614623 0.569792 0.781288 0.512937 0.62751 0.594368 0.435186
threshold=24.855000495910648 1.790013562945024 0.0047165586001526325 -0.038203352290155083 0.0021661234917158549 0.009090553623087862 0.015965030100031922
decision_type=2 2 2 8 2 2 2
left_child=1 3 -3 4 5 -1 -5
right_child=-2 2 -4 6 -6 -7 -8
leaf_value=-4.1599819451440617e-06 0.00014716482287452232 -0.00018046577792286793 0.00012087080830870153 -9.250534419510289e-05 -0.00016285855948698194 0.00020668407993513932 0.00010101006774864205
leaf_weight=52 37 29 26 516 25 31 35
leaf_count=52 37 29 26 516 25 31 35
internal_value=-0.000472704 -0.000798321 0.00409091 -0.00120637 0.00194444 0.00403614 -0.00182396
internal_weight=751 714 55 659 108 83 551
internal_count=751 714 55 659 108 83 551
is_linear=0
shrinkage=0.05


Tree=17
num_leaves=8
num_cat=0
split_feature=9 3 14 9 12 7 12
split_gain=0.854352 0.817282 1.09018 0.617278 0.515384 1.33166 0.511252
threshold=0.15254993274431608 0.0050706446926463986 0.023268635347166725 -0.10228598601755211 -0.016903988497052599 0.0040151524914464618 0.060736878271406176
decision_type=8 2 2 10 2 2 2
left_child=1 3 -3 -1 5 -5 -6
right_child=-2 2 -4 4 6 -7 -8
leaf_value=7.9670211221083566e-05 -8.4100788286453526e-05 1.6772772157655222e-06 0.00060896867280300134 -4.3485614278157354e-05 -5.9369744781708379e-05 0.00057238870080826446 0.00023622741066819608
leaf_weight=28 231 35 26 43 320 25 36
leaf_count=28 231 35 26 43 320 25 36
internal_value=-9.40872e-05 0.00104288 0.00647541 0.000309733 -0.000165096 0.00382353 -0.000926967
internal_weight=744 513 61 452 424 68 356
internal_count=744 513 61 452 424 68 356
is_linear=0
shrinkage=0.05


Tree=18
num_leaves=8
num_cat=0
split_feature=3 0 9 11 6 14 10
split_gain=0.699331 0.933838 0.568482 1.02177 0.51886 0.492841 0.668735
threshold=0.0062004959685360026 0.011294898698871238 -0.039789834638114523 -0.010447917606839994 1.8652526862696921 0.028971532531295811 0.0053939228347296151
decision_type=2 2 8 2 2 2 2
left_child=2 -2 3 -1 -4 6 -5
right_child=1 -3 4 5 -6 -7 -8
leaf_value=0.00028864627805563471 0.00014912301765702916 -0.00013353577663705895 -5.3146480448194557e-05 0.00019563236262501189 0.00010120634328760091 -0.00018633424000096525 -0.00011370477561508649
leaf_weight=34 36 30 481 58 30 36 45
leaf_count=34 36 30 481 58 30 36 45
internal_value=-6.66679e-05 0.00484848 -0.000540937 0.00193641 -0.00137965 3.597e-05 0.00179612
internal_weight=750 66 684 173 511 139 103
internal_count=750 66 684 173 511 139 103
is_linear=0
shrinkage=0.05


Tree=19
num_leaves=8
num_cat=0
split_feature=5 14 3 9 13 14 9
split_gain=0.73927 0.755156 0.920731 0.693763 0.691313 0.270896 0.406949
threshold=0.012110790718322925 -0.062752290881895975 0.0023254565872000703 -0.020280203970988005 18.675000190734867 0.013234785210327617 -0.093468012463451863
decision_type=2 2 2 10 2 2 8
left_child=1 2 -1 -2 -5 6 -3
right_child=3 5 -4 4 -6 -7 -8
leaf_value=-6.4724128856677335e-05 0.00027943239054722128 7.8198994615906399e-05 0.00018919591572573102 0.000135581707224282 -0.00018268846561702253 -8.3362389695080454e-06 -0.00012865925869850063
leaf_weight=48 43 25 25 32 57 216 295
leaf_count=48 43 25 25 32 57 216 295
internal_value=-0.000816465 -0.00155173 0.00321918 0.00257576 5.61786e-05 -0.00220149 -0.003125
internal_weight=741 609 73 132 89 536 320
internal_count=741 609 73 132 89 536 320
is_linear=0
shrinkage=0.05


Tree=20
num_leaves=8
num_cat=0
split_feature=12 4 9 12 3 7 2
split_gain=0.77369 0.8476 1.83358 0.616649 0.903318 0.576841 0.529655
threshold=-0.017557998492747081 0.01535559511033599 -0.01413002655707468 0.060736878271406176 1.0000000180025095e-35 -0.028276553406054835 0.0069542644463379552
decision_type=2 2 10 2 2 2 2
left_child=1 -1 6 5 -5 -2 -3
right_child=3 2 -4 4 -6 -7 -8
leaf_value=-0.00020951562132356374 0.0001234943789454722 0.00048222092570105807 -5.0318602462549563e-05 0.0002515191075972896 -3.6299845452143847e-05 -5.2624004324279788e-05 0.00031437879982087211
leaf_weight=42 54 25 32 25 31 501 29
leaf_count=42 54 25 32 25 31 501 29
internal_value=-0.00033153 0.00320312 0.00604651 -0.00107201 0.00392857 -0.00157658 0.0116667
internal_weight=739 128 86 611 56 555 54
internal_count=739 128 86 611 56 555 54
is_linear=0
shrinkage=0.05


Tree=21
num_leaves=8
num_cat=0
split_feature=2 8 11 7 3 10 10
split_gain=0.506131 1.10243 0.778849 0.746781 0.675512 0.56336 1.22231
threshold=0.029728795396034128 0.019107303112439692 0.02573480883905466 0.010015271727205179 0.0033750258976266161 -0.0037750757818245657 -0.0068180084305178293
decision_type=2 10 2 2 2 2 2
left_child=1 2 5 -3 -2 6 -1
right_child=4 3 -4 -5 -6 -7 -8
leaf_value=-8.5966075033255023e-05 -7.9880996363822774e-05 2.9807735601753346e-05 0.00040812070258892854 0.00015319634224436493 0.00011545867351019617 -0.00010164157100054581 0.00023383625764844776
leaf_weight=68 190 37 39 32 49 287 44
leaf_count=68 190 37 39 32 49 287 44
internal_value=-0.000174264 0.00071992 -0.000205481 0.0065942 -0.00207113 -0.000864663 0.00214286
internal_weight=746 507 438 69 239 399 112
internal_count=746 507 438 69 239 399 112
is_linear=0
shrinkage=0.05


Tree=22
num_leaves=8
num_cat=0
split_feature=12 7 2 14 16 4 9
split_gain=0.50513 0.783297 0.848385 0.584666 0.48843 0.342193 0.333765
threshold=-0.011548252560612314 -0.022102207195948628 0.027384208302721817 -0.093449770795740669 -0.021262184434412631 0.016837888148877756 -0.069047614356818762
decision_type=2 2 2 2 2 2 8
left_child=1 -1 5 -2 -5 -3 -6
right_child=3 2 -4 4 6 -7 -8
leaf_value=-0.00021256289330389249 0.00011651174820551817 0.00012957029901131475 -1.2814243717815761e-05 0.00028447330480642737 2.8103006416929432e-05 0.00050673354231973143 -5.5768727351167975e-05
leaf_weight=50 27 34 45 31 81 25 447
leaf_count=50 27 34 45 31 81 25 447
internal_value=-0.000405407 0.00214286 0.00461538 -0.00107509 -0.00142218 0.00855932 -0.0017803
internal_weight=740 154 104 586 559 59 528
internal_count=740 154 104 586 559 59 528
is_linear=0
shrinkage=0.05


Tree=23
num_leaves=8
num_cat=0
split_feature=5 16 10 6 13 13 14
split_gain=0.728621 0.706853 0.522592 0.681333 0.687422 1.09306 0.679355
threshold=0.01275366187660713 -0.0064767177467476835 -0.0027818426552366766 0.54915792006611974 17.195000648498539 14.84500026702881 0.03328086000020148
decision_type=2 2 2 2 2 2 2
left_child=2 -2 6 -4 5 -5 -1
right_child=1 -3 3 4 -6 -7 -8
leaf_value=0.00013699850716515245 0.00027348610423415704 4.9093011930479729e-05 -8.4354557698250563e-05 -5.0191021510454075e-06 -0.00032279209626666908 0.00022885302925413641 -4.2381736674277203e-05
leaf_weight=62 25 52 391 33 26 35 123
leaf_count=62 25 52 391 33 26 35 123
internal_value=-0.000515396 0.00409091 -0.00104478 -0.00190722 0.00191489 0.00455882 0.00121622
internal_weight=747 77 670 485 94 68 185
internal_count=747 77 670 485 94 68 185
is_linear=0
shrinkage=0.05


Tree=24
num_leaves=8
num_cat=0
split_feature=13 0 15 3 14 14 15
split_gain=0.572756 0.363187 0.400209 0.616506 0.324332 0.69383 1.38381
threshold=25.505000114440922 -0.016380744221425322 -0.007211542952523963 -0.00075902904602320731 0.013234785210327617 0.03328086000020148 0.00077093499404290455
decision_type=2 2 2 2 2 2 2
left_child=1 -1 3 -3 -4 6 -6
right_child=-2 2 4 -5 5 -7 -8
leaf_value=-0.00018310352835804457 0.00013188163017906573 -5.9232808421460218e-05 -2.7926023749851125e-05 0.00036678604742004626 0.00047751254254737186 -1.0692387783506974e-05 -9.2386354136847664e-06
leaf_weight=45 31 45 409 29 31 121 33
leaf_count=45 31 45 409 29 31 121 33
internal_value=-0.000362904 -0.000652175 -0.000359283 0.00310811 -0.000791247 0.000945945 0.00515625
internal_weight=744 713 668 74 594 185 64
internal_count=744 713 668 74 594 185 64
is_linear=0
shrinkage=0.05


Tree=25
num_leaves=8
num_cat=0
split_feature=9 8 2 8 8 16 3
split_gain=0.613332 0.939538 0.551051 1.25336 0.789808 0.463938 0.7
threshold=-0.021154495646310219 0.016012818561808476 0.029728795396034128 0.019107303112439692 0.037911670319662701 -0.012123389959258433 -0.00083762759393307673
decision_type=8 10 2 10 10 2 2
left_child=1 -1 3 5 -5 6 -2
right_child=2 -3 -4 4 -6 -7 -8
leaf_value=1.2674530026231903e-05 -0.00035417623987302226 0.00025670658513373518 -3.1070941319843103e-05 0.00014432394902016122 -1.1764265620492713e-05 -0.00013447264968494271 0.00011180519470946424
leaf_weight=216 35 26 213 39 25 161 35
leaf_count=216 35 26 213 39 25 161 35
internal_value=-0.000666668 0.00140496 -0.00165354 -0.000254238 0.0059375 -0.0019697 0.00142857
internal_weight=750 242 508 295 64 231 70
internal_count=750 242 508 295 64 231 70
is_linear=0
shrinkage=0.05


Tree=26
num_leaves=8
num_cat=0
split_feature=6 1 13 8 5 4 5
split_gain=0.773597 1.33198 0.911674 0.393471 0.349322 0.762385 0.372449
threshold=1.790013562945024 0.0047165586001526325 25.505000114440922 -0.06550106582540903 0.0076634182497703441 0.012014296064515885 0.012110790718322925
decision_type=2 2 2 8 2 2 2
left_child=2 -2 3 -1 5 -5 -6
right_child=1 -3 -4 4 6 -7 -8
leaf_value=8.0629926558017408e-05 -0.00014846960853904837 0.00010194384715591665 0.00014988598821754793 -7.6399600771166293e-05 -8.021382203011741e-05 0.00010468435491461556 4.7409614638634137e-05
leaf_weight=26 33 28 27 51 456 26 96
leaf_count=26 33 28 27 51 456 26 96
internal_value=-0.000558548 0.00483606 -0.00104106 -0.00141221 -0.00166137 0.00149351 -0.00210145
internal_weight=743 61 682 655 629 77 552
internal_count=743 61 682 655 629 77 552
is_linear=0
shrinkage=0.05


Tree=27
num_leaves=8
num_cat=0
split_feature=10 10 6 13 6 12 4
split_gain=0.741863 1.21688 0.545865 0.768473 0.710099 0.48 0.412832
threshold=-0.0037750757818245657 -0.0050682190267434804 1.0065514533219855 18.335000038146976 1.9220654079990263 0.064838979523685905 0.017499020668115161
decision_type=2 2 2 2 2 2 2
left_child=1 6 5 4 -4 -2 -1
right_child=2 -3 3 -5 -6 -7 -8
leaf_value=-0.0001145754185707089 -6.7920019916402824e-05 0.00012272257287392708 0.00025039787742211144 -0.00017125192258319959 -2.1984364463280506e-06 0.00015159527868897796 0.00012850767073314698
leaf_weight=93 450 31 28 26 30 36 51
leaf_count=93 450 31 28 26 30 36 51
internal_value=-0.000704699 0.00214286 -0.00157895 0.00214286 0.00534483 -0.00222222 0.000208332
internal_weight=745 175 570 84 58 486 144
internal_count=745 175 570 84 58 486 144
is_linear=0
shrinkage=0.05


Tree=28
num_leaves=8
num_cat=0
split_feature=2 5 12 5 5 0 0
split_gain=0.662549 0.833089 1.05861 0.451675 0.439648 0.411111 0.62007
threshold=0.032161226574731756 0.0076634182497703441 0.021693998685899721 0.013538304135420022 0.01275366187660713 0.0061647697703324242 0.0041122335922044737
decision_type=2 2 2 2 2 2 2
left_child=1 2 -1 5 -2 6 -3
right_child=4 3 -4 -5 -6 -7 -8
leaf_value=-0.00021068915919327769 -4.96303088606926e-05 -5.4956148443313028e-05 0.00020700598356501905 0.0002011166179235385 7.6307745654316612e-05 -0.00011646305285014372 0.00014623683002138306
leaf_weight=26 191 295 28 28 35 120 29
leaf_count=26 191 295 28 28 35 120 29
internal_value=-0.000744682 0.000228136 0.00611111 -0.000444916 -0.00300885 -0.000833335 9.25914e-05
internal_weight=752 526 54 472 226 444 324
internal_count=752 526 54 472 226 444 324
is_linear=0
shrinkage=0.05


Tree=29
num_leaves=8
num_cat=0
split_feature=8 8 9 8 0 3 14
split_gain=0.536186 0.845208 1.225 0.466818 0.459405 0.461072 0.879289
threshold=0.035030290001430771 0.019107303112439692 0.15095481431449256 -0.06550106582540903 -0.0095783659032013229 -1.0000000180025095e-35 0.013234785210327617
decision_type=8 10 8 10 2 2 2
left_child=1 3 -3 -1 -5 6 -6
right_child=-2 2 -4 4 5 -7 -8
leaf_value=0.00012798415301067337 -2.6950672730748523e-05 0.00012620459874030057 -0.0001741758838507856 -0.000147820549028022 -5.0905501445549757e-05 -4.7281288787610067e-05 0.00020606018757332752
leaf_weight=34 231 45 26 75 77 189 53
leaf_count=34 231 45 26 75 77 189 53
internal_value=-0.00041096 0.000511021 0.00556338 -0.000327104 -0.000812184 1.56728e-05 0.00230769
internal_weight=730 499 71 428 394 319 130
internal_count=730 499 71 428 394 319 130
is_linear=0
shrinkage=0.05


Tree=30
num_leaves=8
num_cat=0
split_feature=12 8 5 8 8 1 14
split_gain=0.479195 0.98 0.427259 0.813755 0.444642 0.401234 0.512549
threshold=0.060736878271406176 -0.00068383738761107471 0.0076634182497703441 0.023927603962659475 -0.06550106582540903 0.021304876071173266 0.038811658900465458
decision_type=2 8 2 10 8 2 2
left_child=2 -2 3 -1 -4 -6 -7
right_child=1 -3 4 -5 5 6 -8
leaf_value=0.00011848646600123589 0.00021729180219771328 -0.00011234021692251397 0.00011439305621321716 -1.7535730143699008e-05 -9.0752531233238796e-05 -1.9755852206654261e-05 0.00027702568333043344
leaf_weight=34 25 25 25 48 458 91 31
leaf_count=34 25 25 25 48 458 91 31
internal_value=-0.000725917 0.004 -0.00106987 0.00231707 -0.00152893 -0.00181035 0.000737704
internal_weight=737 50 687 82 605 580 122
internal_count=737 50 687 82 605 580 122
is_linear=0
shrinkage=0.05


Tree=31
num_leaves=8
num_cat=0
split_feature=4 16 0 2 7 4 0
split_gain=0.623884 0.662199 0.643809 0.600147 0.674298 0.62004 0.381368
threshold=0.017434536375471269 0.016453012922885483 -0.016583146004972401 -0.0070784189024108981 -0.03055308251011973 0.022546557976761038 0.014086204449252905
decision_type=2 2 2 2 2 2 2
left_child=6 2 -2 4 -4 -5 -1
right_child=1 -3 3 5 -6 -7 -8
leaf_value=-4.5622220129449951e-05 -0.000116732563723754 -3.5938046270958501e-05 0.00015293468518855655 0.00011038895916124278 -3.7424427597888649e-05 3.806109751949404e-05 9.193840902580769e-05
leaf_weight=461 35 33 28 48 63 36 27
leaf_count=461 35 33 28 48 63 36 27
internal_value=-0.000485637 0.00158436 0.00261905 0.00385714 0.00104395 0.00690476 -0.00151639
internal_weight=731 243 210 175 91 84 488
internal_count=731 243 210 175 91 84 488
is_linear=0
shrinkage=0.05


Tree=32
num_leaves=8
num_cat=0
split_feature=9 11 16 13 10 10 12
split_gain=0.596941 0.638548 1.74126 0.604396 0.379501 0.466683 1.00655
threshold=-0.10228598601755211 0.023193318891049478 0.00068060990130658372 14.870000362396242 -0.0019771286698093134 -0.0068180084305178293 -0.0033130043707785268
decision_type=8 2 2 2 2 2 2
left_child=-1 4 -3 -4 5 -2 -7
right_child=1 2 3 -5 -6 6 -8
leaf_value=6.8643377846307627e-05 -3.8642382275068426e-05 0.00039800436754774856 0.00011593549242366755 -0.00021213324785434066 -4.1312226968314335e-05 0.00015210007493586067 -1.1189814097778333e-05
leaf_weight=32 102 27 26 44 392 30 99
leaf_count=32 102 27 26 44 392 30 99
internal_value=-0.000744682 -0.00104167 0.00273196 -0.00142857 -0.00162921 -2.16462e-05 0.00197674
internal_weight=752 720 97 70 623 231 129
internal_count=752 720 97 70 623 231 129
is_linear=0
shrinkage=0.05


end of trees

feature_importances:
dist_ma50=25
atr_pct=21
spy_ret_1d=21
overnight_gap=17
dist_ma200=17
ret_20d=16
parkinson_20=15
vix_chg_1d=15
sector_ret_5d=15
spy_ret_20d=14
dvol_z_20=12
vix_level=11
ret_1d=8
dist_ma20=7
spy_ret_5d=7
ret_5d=5
sector_ret_1d=5

parameters:
[boosting: gbdt]
[objective: quantile]
[metric: quantile]
[tree_learner: serial]
[device_type: cpu]
[data_sample_strategy: bagging]
[data: ]
[valid: ]
[num_iterations: 80]
[learning_rate: 0.05]
[num_leaves: 8]
[num_threads: 1]
[seed: 0]
[deterministic: 0]
[force_col_wise: 1]
[force_row_wise: 0]
[histogram_pool_size: -1]
[max_depth: -1]
[min_data_in_leaf: 25]
[min_sum_hessian_in_leaf: 0.001]
[bagging_fraction: 0.9]
[pos_bagging_fraction: 1]
[neg_bagging_fraction: 1]
[bagging_freq: 1]
[bagging_seed: 3]
[bagging_by_query: 0]
[feature_fraction: 0.9]
[feature_fraction_bynode: 1]
[feature_fraction_seed: 2]
[extra_trees: 0]
[extra_seed: 6]
[early_stopping_round: 0]
[early_stopping_min_delta: 0]
[first_metric_only: 0]
[max_delta_step: 0]
[lambda_l1: 0]
[lambda_l2: 0]
[linear_lambda: 0]
[min_gain_to_split: 0]
[drop_rate: 0.1]
[max_drop: 50]
[skip_drop: 0.5]
[xgboost_dart_mode: 0]
[uniform_drop: 0]
[drop_seed: 4]
[top_rate: 0.2]
[other_rate: 0.1]
[min_data_per_group: 100]
[max_cat_threshold: 32]
[cat_l2: 10]
[cat_smooth: 10]
[max_cat_to_onehot: 4]
[top_k: 20]
[monotone_constraints: ]
[monotone_constraints_method: basic]
[monotone_penalty: 0]
[feature_contri: ]
[forcedsplits_filename: ]
[refit_decay_rate: 0.9]
[cegb_tradeoff: 1]
[cegb_penalty_split: 0]
[cegb_penalty_feature_lazy: ]
[cegb_penalty_feature_coupled: ]
[path_smooth: 0]
[interaction_constraints: ]
[verbosity: -1]
[saved_feature_importance_type: 0]
[use_quantized_grad: 0]
[num_grad_quant_bins: 4]
[quant_train_renew_leaf: 0]
[stochastic_rounding: 1]
[linear_tree: 0]
[max_bin: 255]
[max_bin_by_feature: ]
[min_data_in_bin: 3]
[bin_construct_sample_cnt: 200000]
[data_random_seed: 1]
[is_enable_sparse: 1]
[enable_bundle: 1]
[use_missing: 1]
[zero_as_missing: 0]
[feature_pre_filter: 1]
[pre_partition: 0]
[two_round: 0]
[header: 0]
[label_column: ]
[weight_column: ]
[group_column: ]
[ignore_column: ]
[categorical_feature: ]
[forcedbins_filename: ]
[precise_float_parser: 0]
[parser_config_file: ]
[objective_seed: 5]
[num_class: 1]
[is_unbalance: 0]
[scale_pos_weight: 1]
[sigmoid: 1]
[boost_from_average: 1]
[reg_sqrt: 0]
[alpha: 0.9]
[fair_c: 1]
[poisson_max_delta_step: 0.7]
[tweedie_variance_power: 1.5]
[lambdarank_truncation_level: 30]
[lambdarank_norm: 1]
[label_gain: ]
[lambdarank_position_bias_regularization: 0]
[eval_at: ]
[multi_error_top_k: 1]
[auc_mu_weights: ]
[num_machines: 1]
[local_listen_port: 12400]
[time_out: 120]
[machine_list_filename: ]
[machines: ]
[gpu_platform_id: -1]
[gpu_device_id: -1]
[gpu_device_id_list: ]
[gpu_use_dp: 0]
[num_gpu: 1]

end of parameters

pandas_categorical:[]
