tree
version=v4
num_class=1
num_tree_per_iteration=1
label_index=0
max_feature_idx=16
objective=quantile
feature_names=ret_1d ret_5d ret_20d overnight_gap atr_pct parkinson_20 dvol_z_20 dist_ma20 dist_ma50 dist_ma200 spy_ret_1d spy_ret_5d spy_ret_20d vix_level vix_chg_1d sector_ret_1d sector_ret_5d
feature_infos=[-0.092456103464526818:0.15328852926139658] [-0.22747436586363012:0.17236980359773613] [-0.21925375372159273:0.235802304819279] [-0.094469226848000964:0.078714646091861074] [0.011840020033799628:0.069851240470999262] [0.0070892932969310873:0.036833710486825468] [-2.3231283107540208:4.2996666967629809] [-0.18609729764786231:0.10757452345339846] [-0.24059174992193899:0.17563371229622837] [-0.245940025907467:0.25854156829951558] [-0.058542971330535654:0.10501930183911301] [-0.11496151859245618:0.082843162776128354] [-0.1226559005192206:0.15756591020035837] [11.859999656677246:52.330001831054688] [-0.35753873962348437:0.74039073966007019] [-0.068247998544687438:0.13425697132599002] [-0.13587196028298487:0.11773217696052685]
tree_sizes=844 857 853 864 865 862 849 861 864 844 858 864 836 863 860 857 861

Tree=0
num_leaves=8
num_cat=0
split_feature=8 3 5 4 16 9 7
split_gain=4.36229 2.54719 2.08155 2.90014 2.5002 1.8375 1.71478
threshold=0.01833648461279758 -0.00092690105811166202 0.0139430732457027 0.018319746755065237 0.00842393269295383 0.14368237172058665 0.065616389964172198
decision_type=10 2 2 2 2 8 2
left_child=2 5 3 4 -1 -2 -3
right_child=1 6 -4 -5 -6 -7 -8
leaf_value=-0.00757175637409091 -0.0070803096517920491 -0.0071043721400201321 -0.007415647734887898 -0.0071439386112615464 -0.0072107631014659999 -0.0073417311068624258 -0.0073608440114185216
leaf_weight=51 40 229 112 167 39 80 28
leaf_count=51 40 229 112 167 39 80 28
internal_value=-0.00748222 -0.00369953 -0.0113469 -0.00886782 -0.016103 -0.00971412 -0.000891166
internal_weight=746 377 369 257 90 120 257
internal_count=746 377 369 257 90 120 257
is_linear=0
shrinkage=1


Tree=1
num_leaves=8
num_cat=0
split_feature=3 1 7 4 8 7 10
split_gain=4.01192 2.87711 2.5766 2.54965 2.21456 2.09459 2.58596
threshold=-0.0065892653222172073 0.043951512883895545 0.00087370435151956649 0.016831518013905391 0.017377943128342069 -0.022145961352583728 0.0014013847331743048
decision_type=2 2 2 2 10 2 2
left_child=-1 2 3 -2 -3 6 -5
right_child=1 4 -4 5 -6 -7 -8
leaf_value=-0.00010081794462166727 -0.00017367504769936204 -0.00033573946449905634 9.7526493482291707e-05 0.00027542190742678939 -3.2124295830726799e-06 -0.00014571281266398728 -0.00012711693998426198
leaf_weight=108 45 26 305 57 53 102 37
leaf_count=108 45 26 305 57 53 102 37
internal_value=0.000102319 0.00164 0.0029304 -0.00093361 -0.00727848 0.00153061 0.00691489
internal_weight=733 625 546 241 79 196 94
internal_count=733 625 546 241 79 196 94
is_linear=0
shrinkage=0.05


Tree=2
num_leaves=8
num_cat=0
split_feature=8 7 3 7 11 7 13
split_gain=4.07691 2.15027 2.06275 2.35375 2.16004 1.89668 1.86917
threshold=-0.0014322752128383407 -0.030472942467116734 -0.004432922810704675 0.065616389964172198 0.0047087811443838898 -0.039652076799633555 19.105000495910648
decision_type=10 2 2 2 2 2 2
left_child=1 5 4 -4 -2 -1 -3
right_child=2 6 3 -5 -6 -7 -8
leaf_value=-9.6665425080573209e-05 -0.00011937985225813465 -6.5004495321773008e-05 9.3571980250999325e-05 -0.0002213265097234398 1.0349088115617617e-05 0.00018618553521810099 -0.0002048585804004688
leaf_weight=66 33 126 346 29 29 28 88
leaf_count=66 33 126 346 29 29 28 88
internal_value=-0.000302013 -0.00470779 0.0028032 0.0042 -0.00564516 0.00159574 -0.00747664
internal_weight=745 308 437 375 62 94 214
internal_count=745 308 437 375 62 94 214
is_linear=0
shrinkage=0.05


Tree=3
num_leaves=8
num_cat=0
split_feature=8 2 3 8 16 10 2
split_gain=3.04669 2.07966 1.8422 1.702 2.40358 1.57786 1.94825
threshold=0.01833648461279758 0.0048405807294237277 -0.0057420210670474639 0.069254615770384068 -0.0077836745017356148 -0.0077272897241722474 -0.04195126137101373
decision_type=10 2 2 10 2 2 2
left_child=1 2 -1 4 -2 -4 -7
right_child=3 -3 5 -5 -6 6 -8
leaf_value=-9.4932121035526537e-05 -6.3959811173845083e-05 -0.00018129765609046445 0.00021046961944666691 -1.5042485843878244e-05 0.00014678064390318468 -0.00012875259817519692 9.4231541210319846e-05
leaf_weight=76 55 101 25 149 156 90 85
leaf_count=76 55 101 25 149 156 90 85
internal_value=-0.000373134 -0.00351459 -0.00126812 0.00291667 0.00580569 0.00125 -0.000428571
internal_weight=737 377 276 360 211 200 175
internal_count=737 377 276 360 211 200 175
is_linear=0
shrinkage=0.05


Tree=4
num_leaves=8
num_cat=0
split_feature=3 1 7 2 4 8 15
split_gain=3.93596 2.64569 2.80164 2.57343 2.1679 2.04871 1.68235
threshold=-0.0065892653222172073 0.043951512883895545 -0.0013217633927954384 0.0048405807294237277 0.016874841214483401 0.017377943128342069 -0.0035639249438272898
decision_type=2 2 2 2 2 10 2
left_child=-1 2 3 4 -2 -3 -4
right_child=1 5 6 -5 -6 -7 -8
leaf_value=-8.5051393025059949e-05 -0.00018339516792984799 -0.00026728897796056124 -1.5922232443699734e-06 -0.00015582431214279497 0.00012912838931370061 -1.4517085862462412e-05 0.00010098166868265252
leaf_weight=109 31 25 86 57 130 56 249
leaf_count=109 31 25 86 57 130 56 249
internal_value=-0.000168237 0.00134069 0.00257685 -0.00183486 0.00139752 -0.00709877 0.00544776
internal_weight=743 634 553 218 161 81 335
internal_count=743 634 553 218 161 81 335
is_linear=0
shrinkage=0.05


Tree=5
num_leaves=8
num_cat=0
split_feature=5 3 8 5 10 12 7
split_gain=3.21677 2.57811 2.44379 1.47995 1.24483 2.31145 2.26515
threshold=0.0139430732457027 -0.010867953720878952 0.073039816788888282 0.015825424943401428 0.0004408774644957259 0.013329890655183642 -0.0013217633927954384
decision_type=2 2 10 2 2 2 2
left_child=1 -1 3 -2 5 -3 -6
right_child=2 4 -4 -5 6 -7 -8
leaf_value=-8.3503271627450922e-05 -0.00035281450503374802 0.00011776959316930514 6.9053622028295643e-05 -9.5402768940985015e-05 -7.8258920271000621e-05 -0.00011816424883058065 9.4483598080259955e-05
leaf_weight=29 39 104 28 99 95 135 203
leaf_count=29 39 104 28 99 95 135 203
internal_value=-0.000204918 0.00159011 -0.0063253 -0.00905797 0.0023743 -0.000313808 0.0045302
internal_weight=732 566 166 138 537 239 298
internal_count=732 566 166 138 537 239 298
is_linear=0
shrinkage=0.05


Tree=6
num_leaves=8
num_cat=0
split_feature=8 13 13 7 0 4 10
split_gain=3.22904 2.14205 2.06217 2.37218 2.69247 2.02511 1.73361
threshold=0.018923194088425691 14.454999923706056 18.015000343322757 0.0078541026738654391 0.0035894714514295161 0.016831518013905391 0.0028760808963153033
decision_type=10 2 2 2 2 2 2
left_child=2 -2 5 4 -4 -1 -3
right_child=1 6 3 -5 -6 -7 -8
leaf_value=-0.00014036730445007474 0.00010896849866839326 -5.2580030111154443e-05 -0.00018746581569605497 -0.00031939813270849668 0.00013067811979300317 7.5677244181853882e-05 7.8226954655830929e-05
leaf_weight=42 123 150 95 41 43 160 90
leaf_count=42 123 150 95 41 43 160 90
internal_value=0 0.00337466 -0.00321522 -0.00712291 -0.00398551 0.000247525 0.000625
internal_weight=744 363 381 179 138 202 240
internal_count=744 363 381 179 138 202 240
is_linear=0
shrinkage=0.05


Tree=7
num_leaves=8
num_cat=0
split_feature=3 5 0 4 9 10 1
split_gain=3.32123 2.63108 2.02001 2.72329 2.15151 1.71566 1.65806
threshold=-0.00092690105811166202 0.010398601619606722 0.0065577723211780467 0.017840235046505611 0.20502807863124597 -0.00075291424678586283 0.03949106513154655
decision_type=2 2 2 2 8 2 2
left_child=-1 5 3 -3 -5 -2 -4
right_child=1 2 6 4 -6 -7 -8
leaf_value=-6.7327609034946797e-05 -1.1671856659090401e-05 -0.00016215426115233735 -3.4140057523542135e-06 8.7921486272673401e-05 -0.00014085812935082386 0.00013992044898244091 -0.00020791462103438528
leaf_weight=307 29 26 83 114 31 108 42
leaf_count=307 29 26 83 114 31 108 42
internal_value=-0.000337838 0.00248268 -0.000168919 0.00336257 0.00603448 0.00821168 -0.005
internal_weight=740 433 296 171 145 137 125
internal_count=740 433 296 171 145 137 125
is_linear=0
shrinkage=0.05


Tree=8
num_leaves=8
num_cat=0
split_feature=3 1 7 2 13 15 4
split_gain=2.70355 1.7402 2.09781 2.95768 1.98432 2.20694 1.52778
threshold=-0.0065892653222172073 0.043951512883895545 -0.0013217633927954384 0.0048405807294237277 20.555000305175785 -0.0082487658961080661 0.016874841214483401
decision_type=2 2 2 2 2 2 2
left_child=-1 2 3 6 5 -4 -2
right_child=1 -3 4 -5 -6 -7 -8
leaf_value=-6.6090386127243365e-05 -0.00013094854606564597 -0.00013523651598941214 -0.00012199406889361778 -0.00015649779319049526 -0.00017637445150746648 9.2597497522402394e-05 0.00012250549089452636
leaf_weight=113 30 85 50 61 25 265 132
leaf_count=113 30 85 50 61 25 265 132
internal_value=-0.000164258 0.00108025 0.00208703 -0.00168161 0.00455882 0.00563492 0.00185185
internal_weight=761 648 563 223 340 315 162
internal_count=761 648 563 223 340 315 162
is_linear=0
shrinkage=0.05


Tree=9
num_leaves=8
num_cat=0
split_feature=3 13 6 13 6 9 4
split_gain=2.85761 1.67139 1.61829 1.90919 1.89466 1.78155 2.77192
threshold=-0.0065892653222172073 17.795000076293949 -0.27582331304764901 16.935000419616703 -0.41014429077953907 0.13874458504062528 0.017677952293969856
decision_type=2 2 2 2 2 10 2
left_child=-1 2 3 4 -2 6 -4
right_child=1 -3 5 -5 -6 -7 -8
leaf_value=-6.2934394811821248e-05 3.9011009838399623e-05 -7.8537545091949805e-05 -6.249050756887348e-05 0.00016261037945680372 0.00014850853038638896 -0.00013827534093711474 0.00014911796995351634
leaf_weight=115 147 193 74 36 37 46 90
leaf_count=115 147 193 74 36 37 46 90
internal_value=6.77507e-05 0.00140449 0.00313953 0.00613636 0.00407609 0 0.00243902
internal_weight=738 623 430 220 184 210 164
internal_count=738 623 430 220 184 210 164
is_linear=0
shrinkage=0.05


Tree=10
num_leaves=8
num_cat=0
split_feature=8 8 4 5 7 3 9
split_gain=3.18594 3.59987 1.67848 2.20781 1.52005 1.47502 1.91454
threshold=1.0000000180025095e-35 -0.051101027587786056 0.016874841214483401 0.014233872987989062 -0.033984068620219181 -0.004432922810704675 0.15449922699429411
decision_type=10 8 2 2 2 2 8
left_child=1 4 -3 -4 -1 6 -2
right_child=5 2 3 -5 -6 -7 -8
leaf_value=-0.00015247649217756438 0.00012012835691277574 -0.00017676761120902565 -4.2471632053809817e-05 -0.0002560451500592756 0.00024376564644476955 6.3645060325484779e-05 -0.00013025516296921637
leaf_weight=39 26 29 147 66 32 374 35
leaf_count=39 26 29 147 66 32 374 35
internal_value=-6.68449e-05 -0.00391374 -0.00681818 -0.00528169 0.00598592 0.00270115 -0.0045082
internal_weight=748 313 242 213 71 435 61
internal_count=748 313 242 213 71 435 61
is_linear=0
shrinkage=0.05


Tree=11
num_leaves=8
num_cat=0
split_feature=8 8 10 0 15 5 8
split_gain=2.22758 2.29267 2.16628 3.20479 2.04537 1.71554 2.02133
threshold=-0.0014322752128383407 -0.051101027587786056 0.0004408774644957259 0.001871322029831757 -0.0083122309438530811 0.010920004094493818 0.074697925291808756
decision_type=10 8 2 2 2 2 10
left_child=1 4 3 -2 -1 6 -4
right_child=2 -3 5 -5 -6 -7 -8
leaf_value=0.00031956086071773134 1.0642694348477248e-05 -9.8611690759873666e-05 0.00015560270237368969 -0.00015813706672745091 -9.9675754126818745e-06 3.2192739997242979e-05 -4.6216947873072058e-05
leaf_weight=27 128 234 83 46 45 152 31
leaf_count=27 128 234 83 46 45 152 31
internal_value=0.000335121 -0.00294118 0.00261364 -0.00172414 0.00486111 0.00545113 0.0100877
internal_weight=746 306 440 174 72 266 114
internal_count=746 306 440 174 72 266 114
is_linear=0
shrinkage=0.05


Tree=12
num_leaves=8
num_cat=0
split_feature=0 8 10 13 9 4 6
split_gain=2.45906 1.98757 1.7562 1.67931 1.42012 1.52571 1.53552
threshold=-0.012252951662507615 0.11238140178544599 -0.0057598786545655081 15.375000000000002 0.12204381531152299 0.018526799141731397 0.31774562406188306
decision_type=2 8 2 2 10 2 2
left_child=2 3 -1 4 5 6 -2
right_child=1 -3 -4 -5 -6 -7 -8
leaf_value=-3.3108849234110994e-05 5.2661247700304959e-05 -0.00016826647934699182 -6.1978365893221397e-05 -4.5085865517595577e-06 0.00011675660173359536 0.00013629121385093308 -0.00014694153539533089
leaf_weight=58 96 44 41 366 31 61 29
leaf_count=58 96 44 41 366 31 61 29
internal_value=0 0.0011563 -0.00732323 0.00192967 0.00541475 0.00376344 0.0006
internal_weight=726 627 99 583 217 186 125
internal_count=726 627 99 583 217 186 125
is_linear=0
shrinkage=0.05


Tree=13
num_leaves=8
num_cat=0
split_feature=5 0 16 3 12 8 2
split_gain=2.65901 2.10029 1.75535 1.88601 1.20255 1.73265 1.39123
threshold=0.012494732990913348 -0.012252951662507615 0.040580458402017634 0.0045929970436567888 0.021693998685899721 -0.011255535444273766 0.037004411685157675
decision_type=2 2 2 2 2 10 2
left_child=1 -1 3 -2 6 -6 -3
right_child=2 4 -4 -5 5 -7 -8
leaf_value=-3.8385042753160027e-05 -0.00014641923305183069 9.2093547451334388e-05 3.0307288032087147e-05 6.7880985379544217e-05 -4.6434734381756161e-05 9.1718134790301592e-05 -9.5564596976406265e-05
leaf_weight=49 174 147 55 53 42 183 39
leaf_count=49 174 147 55 53 42 183 39
internal_value=0.000808625 0.00315217 -0.00301418 -0.00495595 0.00431873 0.00677778 0.00134409
internal_weight=742 460 282 227 411 225 186
internal_count=742 460 282 227 411 225 186
is_linear=0
shrinkage=0.05


Tree=14
num_leaves=8
num_cat=0
split_feature=5 16 6 4 7 3 1
split_gain=2.80013 1.75772 1.77928 1.61735 2.98687 1.92344 1.62206
threshold=0.0139430732457027 -0.0029957964475908479 -0.0047885086095403066 0.018319746755065237 -0.0013217633927954384 -0.00092690105811166202 0.0065427100486474829
decision_type=2 2 2 2 2 2 2
left_child=3 2 -2 4 -1 6 -6
right_child=1 -3 -4 -5 5 -7 -8
leaf_value=-0.00012865378758315817 -2.4824230810436764e-05 -1.1934876587639272e-05 -0.00076193221318784942 5.9208214961454025e-05 3.4720355779618372e-05 6.576899779445036e-05 -0.00020032938373822949
leaf_weight=77 43 83 28 310 25 121 37
leaf_count=77 43 83 28 310 25 121 37
internal_value=0.000138122 -0.00584416 -0.0116197 0.00175439 -0.00115385 0.0023224 -0.00483871
internal_weight=724 154 71 570 260 183 62
internal_count=724 154 71 570 260 183 62
is_linear=0
shrinkage=0.05


Tree=15
num_leaves=8
num_cat=0
split_feature=8 4 5 13 10 2 5
split_gain=3.3813 2.28254 2.05432 2.02317 2.61002 1.9488 1.8
threshold=0.0059629827788000309 0.016831518013905391 0.014233872987989062 14.454999923706056 0.0019017631763441625 0.0033241857347438013 0.016412675084266394
decision_type=10 2 2 2 2 2 2
left_child=1 -1 5 -2 -5 -3 -4
right_child=3 2 6 4 -6 -7 -8
leaf_value=-0.00015154778629910377 0.00010317997679517909 8.0461523157388844e-05 -0.00039207695946221095 -5.9920606208975063e-05 6.5579558648823155e-05 -0.00023838221728723398 -4.3438133323108961e-05
leaf_weight=33 128 161 30 147 130 43 60
leaf_count=33 128 161 30 147 130 43 60
internal_value=0.00034153 -0.00344037 -0.00204082 0.00339506 0.00099278 0.000735294 -0.00833333
internal_weight=732 327 294 405 277 204 90
internal_count=732 327 294 405 277 204 90
is_linear=0
shrinkage=0.05


Tree=16
num_leaves=8
num_cat=0
split_feature=8 8 8 8 0 4 8
split_gain=2.51782 1.93441 1.70847 2.8978 2.50086 1.96512 1.71425
threshold=0.018923194088425691 0.065932976701906357 -0.051101027587786056 -0.061027046635915731 -0.0066445022295591452 0.02089617526815905 -0.023827630962921672
decision_type=10 10 8 10 2 2 10
left_child=2 -2 3 -1 5 -4 -6
right_child=1 -3 4 -5 6 -7 -8
leaf_value=-4.5264545867224759e-05 8.7973165363359974e-05 -3.3292399299852168e-06 -0.00030226359918544572 0.00024974064974675085 -9.6654077606626176e-05 -4.3449277521444156e-05 1.923975910516412e-05
leaf_weight=45 206 172 43 29 86 43 127
leaf_count=45 206 172 43 29 86 43 127
internal_value=0.000166445 0.00304233 -0.00274799 0.00405405 -0.00443144 -0.0116279 -0.00152582
internal_weight=751 378 373 74 299 86 213
internal_count=751 378 373 74 299 86 213
is_linear=0
shrinkage=0.05


end of trees

feature_importances:
dist_ma50=21
overnight_gap=12
atr_pct=12
dist_ma20=12
parkinson_20=10
spy_ret_1d=8
vix_level=8
ret_1d=6
ret_20d=6
ret_5d=5
dist_ma200=5
dvol_z_20=4
sector_ret_5d=4
sector_ret_1d=3
spy_ret_20d=2
spy_ret_5d=1

parameters:
[boosting: gbdt]
[objective: quantile]
[metric: quantile]
[tree_learner: serial]
[device_type: cpu]
[data_sample_strategy: bagging]
[data: ]
[valid: ]
[num_iterations: 80]
[learning_rate: 0.05]
[num_leaves: 8]
[num_threads: 1]
[seed: 0]
[deterministic: 0]
[force_col_wise: 1]
[force_row_wise: 0]
[histogram_pool_size: -1]
[max_depth: -1]
[min_data_in_leaf: 25]
[min_sum_hessian_in_leaf: 0.001]
[bagging_fraction: 0.9]
[pos_bagging_fraction: 1]
[neg_bagging_fraction: 1]
[bagging_freq: 1]
[bagging_seed: 3]
[bagging_by_query: 0]
[feature_fraction: 0.9]
[feature_fraction_bynode: 1]
[feature_fraction_seed: 2]
[extra_trees: 0]
[extra_seed: 6]
[early_stopping_round: 0]
[early_stopping_min_delta: 0]
[first_metric_only: 0]
[max_delta_step: 0]
[lambda_l1: 0]
[lambda_l2: 0]
[linear_lambda: 0]
[min_gain_to_split: 0]
[drop_rate: 0.1]
[max_drop: 50]
[skip_drop: 0.5]
[xgboost_dart_mode: 0]
[uniform_drop: 0]
[drop_seed: 4]
[top_rate: 0.2]
[other_rate: 0.1]
[min_data_per_group: 100]
[max_cat_threshold: 32]
[cat_l2: 10]
[cat_smooth: 10]
[max_cat_to_onehot: 4]
[top_k: 20]
[monotone_constraints: ]
[monotone_constraints_method: basic]
[monotone_penalty: 0]
[feature_contri: ]
[forcedsplits_filename: ]
[refit_decay_rate: 0.9]
[cegb_tradeoff: 1]
[cegb_penalty_split: 0]
[cegb_penalty_feature_lazy: ]
[cegb_penalty_feature_coupled: ]
[path_smooth: 0]
[interaction_constraints: ]
[verbosity: -1]
[saved_feature_importance_type: 0]
[use_quantized_grad: 0]
[num_grad_quant_bins: 4]
[quant_train_renew_leaf: 0]
[stochastic_rounding: 1]
[linear_tree: 0]
[max_bin: 255]
[max_bin_by_feature: ]
[min_data_in_bin: 3]
[bin_construct_sample_cnt: 200000]
[data_random_seed: 1]
[is_enable_sparse: 1]
[enable_bundle: 1]
[use_missing: 1]
[zero_as_missing: 0]
[feature_pre_filter: 1]
[pre_partition: 0]
[two_round: 0]
[header: 0]
[label_column: ]
[weight_column: ]
[group_column: ]
[ignore_column: ]
[categorical_feature: ]
[forcedbins_filename: ]
[precise_float_parser: 0]
[parser_config_file: ]
[objective_seed: 5]
[num_class: 1]
[is_unbalance: 0]
[scale_pos_weight: 1]
[sigmoid: 1]
[boost_from_average: 1]
[reg_sqrt: 0]
[alpha: 0.5]
[fair_c: 1]
[poisson_max_delta_step: 0.7]
[tweedie_variance_power: 1.5]
[lambdarank_truncation_level: 30]
[lambdarank_norm: 1]
[label_gain: ]
[lambdarank_position_bias_regularization: 0]
[eval_at: ]
[multi_error_top_k: 1]
[auc_mu_weights: ]
[num_machines: 1]
[local_listen_port: 12400]
[time_out: 120]
[machine_list_filename: ]
[machines: ]
[gpu_platform_id: -1]
[gpu_device_id: -1]
[gpu_device_id_list: ]
[gpu_use_dp: 0]
[num_gpu: 1]

end of parameters

pandas_categorical:[]
