tree
version=v4
num_class=1
num_tree_per_iteration=1
label_index=0
max_feature_idx=16
objective=quantile
feature_names=ret_1d ret_5d ret_20d overnight_gap atr_pct parkinson_20 dvol_z_20 dist_ma20 dist_ma50 dist_ma200 spy_ret_1d spy_ret_5d spy_ret_20d vix_level vix_chg_1d sector_ret_1d sector_ret_5d
feature_infos=[-0.15740506097372964:0.17978997943854647] [-0.31839838057809267:0.25593874632185432] [-0.28261054090705828:0.29095876313520841] [-0.088611366347068232:0.18033201744334293] [0.016928962455305199:0.08196121073419553] [0.011085370280902111:0.047035398657266379] [-2.4021474271620686:4.340742795572706] [-0.24903145710179486:0.18367096410881412] [-0.27616959660782359:0.26222945941126108] [-0.39487090114629475:0.53421845573631543] [-0.058542971330535654:0.10501930183911301] [-0.11496151859245618:0.082843162776128354] [-0.1226559005192206:0.15756591020035837] [11.859999656677246:52.330001831054688] [-0.35753873962348437:0.74039073966007019] [-0.068247998544687438:0.13425697132599002] [-0.13587196028298487:0.11773217696052685]
tree_sizes=840 866 857 854 846 862 861 856 862 862 863 866 858 857 866 863 866 854

Tree=0
num_leaves=8
num_cat=0
split_feature=9 13 16 1 6 10 6
split_gain=2.69435 1.52176 1.79523 1.25038 1.07251 0.641527 0.582751
threshold=0.0082246597656331372 24.855000495910648 0.032058703486522074 -0.058935956993119869 0.50290973646846893 -0.0042544467454991288 1.4073019103251336
decision_type=8 2 2 2 2 2 2
left_child=1 2 3 -1 -2 -6 -7
right_child=4 -3 -4 -5 5 6 -8
leaf_value=-0.036094999855860593 -0.034177805312396815 -0.037211371942750045 -0.036006231566650775 -0.034628451385852042 -0.034101302232522224 -0.035693771368183663 -0.034735831525148475
leaf_weight=29 380 26 35 135 38 51 56
leaf_count=29 380 26 35 135 38 51 56
internal_value=-0.0349357 -0.0395135 -0.0380272 -0.0358333 -0.0329738 -0.0366323 -0.0386142
internal_weight=750 225 199 164 525 145 107
internal_count=750 225 199 164 525 145 107
is_linear=0
shrinkage=1


Tree=1
num_leaves=8
num_cat=0
split_feature=0 9 12 5 16 1 11
split_gain=1.73232 1.21374 0.749579 0.596329 0.932259 0.963172 0.684134
threshold=-0.042223896548016442 0.023055969589115159 -0.037333160893422583 0.038110516101207713 0.032058703486522074 -0.056471402561182597 0.0036681526021306037
decision_type=2 8 2 2 2 2 2
left_child=-1 3 -3 4 5 -2 -7
right_child=1 2 -4 -5 -6 6 -8
leaf_value=-0.0020082801947603384 -0.0006370094030445165 -0.00044998814921258279 0.00042049287226142049 0.00023821628390635651 -0.0012028275620682084 -0.00070284636306932973 0.00037571885730512504
leaf_weight=26 25 28 459 46 26 71 53
leaf_count=26 25 28 459 46 26 71 53
internal_value=0.000367848 0.000833334 0.00222793 -0.00223982 -0.00357143 -0.00204698 -0.000241935
internal_weight=734 708 487 221 175 149 124
internal_count=734 708 487 221 175 149 124
is_linear=0
shrinkage=0.05


Tree=2
num_leaves=8
num_cat=0
split_feature=0 9 6 6 11 8 6
split_gain=2.80912 1.60874 0.6418 1.37374 0.95391 0.982176 0.636696
threshold=-0.046695175735447618 0.071117077175545287 -0.61543704581074798 -0.43450487034056801 0.0021655694557776166 -0.014273976668556119 0.52485899612282516
decision_type=2 8 2 2 2 10 2
left_child=-1 2 -2 -4 5 -5 -3
right_child=1 6 3 4 -6 -7 -8
leaf_value=-0.0019302771100745833 0.00023668886532036339 0.00054553478486766215 -0.0017376701053502112 -0.0014716152748088466 0.0001718362718321317 9.8740828902091395e-05 -6.8531069783594673e-05
leaf_weight=26 89 336 25 47 89 26 111
leaf_count=26 89 336 25 47 89 26 111
internal_value=-6.67538e-06 0.000573997 -0.00242754 -0.00409091 -0.00240741 -0.00664384 0.00242729
internal_weight=749 723 276 187 162 73 447
internal_count=749 723 276 187 162 73 447
is_linear=0
shrinkage=0.05


Tree=3
num_leaves=8
num_cat=0
split_feature=0 9 6 4 6 16 13
split_gain=2.03388 1.00313 0.88088 0.678843 0.597898 0.57216 1.20342
threshold=-0.042223896548016442 0.071117077175545287 0.52485899612282516 0.029208690391137659 1.4073019103251336 0.034945768918470684 21.82499980926514
decision_type=2 8 2 2 2 2 2
left_child=-1 3 -3 -2 -4 6 -5
right_child=1 2 4 5 -6 -7 -8
leaf_value=-0.0017721744374442111 -0.00072812265250239 0.00050236287341125197 -0.00089309799030408649 0.00018239643153906526 0.00035195468963430645 -0.00052237548848583332 -0.0012798516026094543
leaf_weight=27 33 334 50 164 57 39 39
leaf_count=27 33 334 50 164 57 39 39
internal_value=-4.71061e-05 0.000460894 0.00193878 -0.00190909 -0.00200935 -0.000991735 7.38918e-05
internal_weight=743 716 441 275 107 242 203
internal_count=743 716 441 275 107 242 203
is_linear=0
shrinkage=0.05


Tree=4
num_leaves=8
num_cat=0
split_feature=0 8 1 2 12 5 1
split_gain=2.80252 1.04039 1.62381 0.816494 0.735049 0.5 0.48
threshold=-0.046695175735447618 -0.088237485366995813 -0.0033027098835219921 0.19167578103128627 -0.037333160893422583 0.020902914557704832 -0.058935956993119869
decision_type=2 8 2 2 2 2 2
left_child=-1 2 6 4 5 -3 -2
right_child=1 3 -4 -5 -6 -7 -8
leaf_value=-0.0021637690077846274 -0.00044186668319014981 -0.00075846588791524507 -0.0019574932875852076 -0.00093541362290954107 0.00035285813089580472 0.00027424933054003345 0.00032883924808747232
leaf_weight=26 30 25 33 30 527 25 50
leaf_count=26 30 25 33 30 527 25 50
internal_value=-2.68095e-05 0.000555556 -0.00384956 0.00137562 0.00179376 -0.004 1.86265e-10
internal_weight=746 720 113 607 577 50 80
internal_count=746 720 113 607 577 50 80
is_linear=0
shrinkage=0.05


Tree=5
num_leaves=8
num_cat=0
split_feature=0 9 12 4 8 14 14
split_gain=1.83621 1.00507 0.760589 0.748758 0.621356 0.570923 0.618077
threshold=-0.046695175735447618 0.023055969589115159 -0.037333160893422583 0.029208690391137659 0.14801045621883727 -0.054330610723124943 0.03328086000020148
decision_type=2 8 2 2 10 2 2
left_child=-1 3 -3 -2 -4 -5 -7
right_child=1 2 4 5 -6 6 -8
leaf_value=-0.0020777146335939109 -0.0007301915809166499 -0.00037825784750510104 0.00039417596202654136 -0.002098395098034697 -0.00044310029325767431 0.00037771170655916862 -0.00096657878779389441
leaf_weight=25 27 27 431 40 33 96 58
leaf_count=25 27 27 431 40 33 96 58
internal_value=0.00031886 0.000786517 0.00204684 -0.00201357 0.00252155 -0.000927835 0.000454546
internal_weight=737 712 491 221 464 194 154
internal_count=737 712 491 221 464 194 154
is_linear=0
shrinkage=0.05


Tree=6
num_leaves=8
num_cat=0
split_feature=0 4 10 15 6 6 9
split_gain=1.59701 0.702521 0.627334 0.412234 0.458014 0.693184 0.659866
threshold=-0.046695175735447618 0.045758954106412501 -3.2316766858164751e-05 -0.0080136933192340703 0.50290973646846893 2.1200105272874432 -0.030673088516653676
decision_type=2 2 2 2 2 2 10
left_child=-1 3 -3 -2 -5 6 -6
right_child=1 2 -4 4 5 -7 -8
leaf_value=-0.0019074266733186706 0.00031023682431073857 -0.001810700324818871 6.4812874038220396e-05 0.00037647709510350955 0.00020532074862054879 0.00029903864464842552 -0.00065846039923553399
leaf_weight=28 148 28 58 365 32 29 58
leaf_count=28 148 28 58 365 32 29 58
internal_value=0.000643432 0.00110028 -0.00313953 0.00167722 0.000971075 -0.00172269 -0.00388889
internal_weight=746 718 86 632 484 119 90
internal_count=746 718 86 632 484 119 90
is_linear=0
shrinkage=0.05


Tree=7
num_leaves=8
num_cat=0
split_feature=0 2 14 3 3 15 8
split_gain=1.5955 0.805701 0.590192 1.05908 0.589945 0.386813 0.249074
threshold=-0.046695175735447618 0.19167578103128627 -0.056340529311790281 0.0019681899829113729 -0.011301403607090752 0.01924922719598288 -0.082746987530247049
decision_type=2 2 2 2 2 2 8
left_child=-1 2 3 -2 -4 -5 -6
right_child=1 -3 4 5 6 -7 -8
leaf_value=-0.0018120553396527373 -0.0021109449397501232 -0.00084806881775337109 -4.6781566913002407e-05 0.00032695721067611529 7.1675089871202528e-05 -0.00053836510891022021 0.0004174311865200467
leaf_weight=28 48 29 40 44 94 26 436
leaf_count=28 48 29 40 44 94 26 436
internal_value=0.000637584 0.00109484 0.00143895 -0.00177966 0.00210526 0.00214286 0.00254717
internal_weight=745 717 688 118 570 70 530
internal_count=745 717 688 118 570 70 530
is_linear=0
shrinkage=0.05


Tree=8
num_leaves=8
num_cat=0
split_feature=0 2 9 10 11 3 8
split_gain=1.60001 0.733688 0.678254 0.61524 1.13648 0.695402 0.560376
threshold=-0.046695175735447618 0.19167578103128627 0.023055969589115159 -0.0018123772327252594 0.0039565944761287284 -8.7781027235001017e-05 -0.11431223966566099
decision_type=2 2 8 2 2 2 10
left_child=-1 2 3 -2 5 -5 -6
right_child=1 -3 -4 4 6 -7 -8
leaf_value=-0.0017435866488686152 0.00012108063977478152 -0.00080566537686570239 0.00030451354850878366 -0.00059273267567339473 -0.00067406311450535585 -0.0017339905990661692 0.00032037386631731968
leaf_weight=27 77 29 483 25 28 29 66
leaf_count=27 77 29 483 25 28 29 66
internal_value=0.000287958 0.000725916 0.0010452 -0.00122222 -0.00310811 -0.00888889 0.000212766
internal_weight=764 737 708 225 148 54 94
internal_count=764 737 708 225 148 54 94
is_linear=0
shrinkage=0.05


Tree=9
num_leaves=8
num_cat=0
split_feature=9 0 14 8 14 4 14
split_gain=0.976143 0.760333 0.755131 0.586706 1.07796 0.334491 0.420875
threshold=0.0082246597656331372 -0.030621683193883528 -0.040011250304013861 0.14801045621883727 1.0000000180025095e-35 0.030593525550335874 0.048234950984074383
decision_type=8 2 2 8 2 2 2
left_child=1 -1 -3 -2 -5 -4 -7
right_child=3 2 5 4 -6 6 -8
leaf_value=-0.00089241084308681038 0.00025654773011062759 -0.00094713559514253908 -0.00056309604188972489 0.00064021551784236282 -0.00069895051144091191 0.00011696037509029519 -0.0011886865196298847
leaf_weight=26 449 46 25 38 25 99 36
leaf_count=26 449 46 25 38 25 99 36
internal_value=0.000362903 -0.00232759 -0.00131068 0.00158203 -0.00293651 0.0003125 0.0012963
internal_weight=744 232 206 512 63 160 135
internal_count=744 232 206 512 63 160 135
is_linear=0
shrinkage=0.05


Tree=10
num_leaves=8
num_cat=0
split_feature=0 2 8 3 6 9 9
split_gain=0.883522 0.720548 0.662118 0.634247 0.990388 0.732906 0.518332
threshold=-0.042223896548016442 0.19167578103128627 -0.0062524019404514566 0.0020857115308474676 -0.047067958115128879 -0.098478737579518902 0.3818106624628837
decision_type=2 2 8 2 2 10 10
left_child=-1 2 3 4 5 -2 -4
right_child=1 -3 6 -5 -6 -7 -8
leaf_value=-0.0012153063753833748 -0.0013230174789639598 -0.00071842897637169423 0.00036099877495566774 0.00015804305872054553 -0.0010666135466353384 0.00028787080088284151 -3.3184642392108677e-05
leaf_weight=26 36 30 422 91 57 42 45
leaf_count=26 36 30 422 91 57 42 45
internal_value=0.000594126 0.000919779 0.0012482 -0.000973451 -0.00314815 0.000512821 0.00232334
internal_weight=749 723 693 226 135 78 467
internal_count=749 723 693 226 135 78 467
is_linear=0
shrinkage=0.05


Tree=11
num_leaves=8
num_cat=0
split_feature=8 14 8 12 0 2 8
split_gain=0.650699 0.734958 0.58597 0.510364 0.531444 0.982345 0.313943
threshold=1.0000000180025095e-35 0.079615825148664734 0.14801045621883727 -0.037333160893422583 -0.0078901660556687219 -0.079666432145590757 -0.096920845500284777
decision_type=10 2 10 2 2 2 8
left_child=1 3 -2 -1 5 -5 -6
right_child=2 -3 -4 4 6 -7 -8
leaf_value=-0.0012101712350338677 0.00035084840741141533 -0.00080177514138526278 -0.00034911103201683529 0.00036016964120467445 -0.00011281524450803675 -0.0019879436940885135 0.00033042337948203666
leaf_weight=26 433 41 40 37 56 26 88
leaf_count=26 433 41 40 37 56 26 88
internal_value=0.000917002 -0.0010219 0.00204017 6.43779e-05 0.00089372 -0.00293651 0.00256944
internal_weight=747 274 473 233 207 63 144
internal_count=747 274 473 233 207 63 144
is_linear=0
shrinkage=0.05


Tree=12
num_leaves=8
num_cat=0
split_feature=9 15 0 2 11 6 15
split_gain=1.14487 0.679229 1.22659 1.06869 0.647344 0.650037 0.725336
threshold=0.071117077175545287 -0.011410133740554771 -0.0087418425598683163 -0.083233719095897815 0.013148939613643941 -0.55777274610455196 0.0044872553089198028
decision_type=8 2 2 2 2 2 2
left_child=1 -1 3 -3 5 -4 -7
right_child=-2 2 4 -5 -6 6 -8
leaf_value=0.00020782062962024781 0.00027744596283702964 -0.00030890702521187266 0.00028429439940998272 -0.0032307364945935203 0.0003145184318130673 -0.0012830960387078755 4.0092704064091921e-05
leaf_weight=57 434 30 41 36 52 45 39
leaf_count=57 434 30 41 36 52 45 39
internal_value=0.000708447 -0.00166667 -0.00281893 -0.00863636 -0.000649717 -0.0026 -0.00511905
internal_weight=734 300 243 66 177 125 84
internal_count=734 300 243 66 177 125 84
is_linear=0
shrinkage=0.05


Tree=13
num_leaves=8
num_cat=0
split_feature=8 1 2 12 5 1 0
split_gain=1.15171 1.17486 0.699551 0.68968 1.03934 0.580453 0.350558
threshold=-0.088237485366995813 -0.0033027098835219921 0.18545042209561272 -0.037333160893422583 0.020601848652443983 -0.046787192750411592 -0.014426161435772298
decision_type=8 2 2 2 2 2 2
left_child=1 5 3 4 -2 -1 -5
right_child=2 -3 -4 6 -6 -7 -8
leaf_value=-0.00064170909559575513 -0.00077966419066742836 -0.0015330907060162571 -0.00062972360280823746 -3.2000287623228882e-05 0.00052513454912485292 0.00026480571161317432 0.00026568020884260929
leaf_weight=46 25 37 26 79 27 50 455
leaf_count=46 25 37 26 79 27 50 455
internal_value=0.00057047 -0.00364662 0.00148693 0.001843 -0.00365385 -0.000729166 0.00237828
internal_weight=745 133 612 586 52 96 534
internal_count=745 133 612 586 52 96 534
is_linear=0
shrinkage=0.05


Tree=14
num_leaves=8
num_cat=0
split_feature=0 2 7 7 8 6 2
split_gain=1.11138 1.01187 0.444576 0.802736 0.492349 0.672572 1.05857
threshold=-0.042223896548016442 0.19167578103128627 0.035103010635035521 0.030415199534579277 -0.0062524019404514566 0.031267135525229264 -0.059195688813581886
decision_type=2 2 2 2 10 2 2
left_child=-1 2 3 4 5 -2 -7
right_child=1 -3 -4 -5 -6 6 -8
leaf_value=-0.0014758099453384211 0.00010171827089466139 -0.00060617280615162319 0.00031945251174997667 -0.00040361601810800249 0.00030598520263210775 -7.3692319355103829e-05 -0.0014995226859167094
leaf_weight=28 125 25 198 27 237 54 25
leaf_count=28 125 25 198 27 237 54 25
internal_value=0.000479833 0.000875543 0.00124625 0.000405983 0.000918368 -0.000882353 -0.00449367
internal_weight=719 691 666 468 441 204 79
internal_count=719 691 666 468 441 204 79
is_linear=0
shrinkage=0.05


Tree=15
num_leaves=8
num_cat=0
split_feature=8 1 1 2 3 9 16
split_gain=0.892433 0.828305 0.915773 0.659676 0.329194 0.292521 0.212973
threshold=-0.091044640278725317 -0.0022966480540846375 -0.058935956993119869 0.19167578103128627 -0.011915147176549621 0.3818106624628837 0.0013742837431667267
decision_type=8 2 2 2 2 10 2
left_child=1 2 -1 4 -2 6 -6
right_child=3 -3 -4 -5 5 -7 -8
leaf_value=-0.0014020194459432608 -0.00023013788572550143 -0.0018161800069011185 0.00028818804073235731 -0.00048199848190980712 0.00035338658401078517 -5.0783000053600433e-05 0.000219360615333861
leaf_weight=38 40 29 56 27 227 45 281
leaf_count=38 40 29 56 27 227 45 281
internal_value=0.000760431 -0.00313008 -0.000851064 0.00153226 0.00188027 0.00219711 0.00253937
internal_weight=743 123 94 620 593 553 508
internal_count=743 123 94 620 593 553 508
is_linear=0
shrinkage=0.05


Tree=16
num_leaves=8
num_cat=0
split_feature=0 2 14 10 13 8 8
split_gain=0.961171 0.729721 0.508286 0.818787 0.495806 0.443854 0.534295
threshold=-0.046695175735447618 0.19167578103128627 -0.056340529311790281 0.0072501492901362328 19.520000457763675 -0.0062524019404514566 -0.045229040856459617
decision_type=2 2 2 2 2 8 10
left_child=-1 2 3 -2 -5 6 -4
right_child=1 -3 5 4 -6 -7 -8
leaf_value=-0.0011493101130607799 -0.0022028726049731391 -0.00051208732432956325 0.00014765450521367568 0.00026552280585985164 -0.000243688888343862 0.00029267066024429958 -0.00021509289758900614
leaf_weight=25 34 30 140 61 25 396 46
leaf_count=25 34 30 140 61 25 396 46
internal_value=0.000640687 0.000969946 0.0012963 -0.00166667 0.000930233 0.00190722 -0.000107527
internal_weight=757 732 702 120 86 582 186
internal_count=757 732 702 120 86 582 186
is_linear=0
shrinkage=0.05


Tree=17
num_leaves=8
num_cat=0
split_feature=9 5 4 5 4 6 6
split_gain=1.12542 0.681216 0.533499 0.794483 0.496013 0.470843 0.589869
threshold=0.0082246597656331372 0.020482220799643135 0.045758954106412501 0.03664755739828663 0.034196881894775523 0.52485899612282516 1.4073019103251336
decision_type=8 2 2 2 2 2 2
left_child=1 -1 4 -4 -3 -2 -7
right_child=5 2 3 -5 -6 6 -8
leaf_value=-0.00040145860415247533 0.00028341125723475218 -0.00060693938679020666 -0.0015088723863992937 0.00017521412723112514 0.00028088021261426539 -0.00043565972183299699 0.00020854718607628267
leaf_weight=41 386 28 38 58 59 64 72
leaf_count=41 386 28 38 58 59 64 72
internal_value=0.000375335 -0.00258929 -0.00128415 -0.00385417 0.00155172 0.00164751 -0.000882353
internal_weight=746 224 183 96 87 522 136
internal_count=746 224 183 96 87 522 136
is_linear=0
shrinkage=0.05


end of trees

feature_importances:
ret_1d=15
dist_ma50=15
dvol_z_20=14
dist_ma200=13
ret_20d=11
ret_5d=8
vix_chg_1d=8
atr_pct=6
overnight_gap=5
parkinson_20=5
spy_ret_20d=5
spy_ret_1d=4
spy_ret_5d=4
sector_ret_1d=4
sector_ret_5d=4
vix_level=3
dist_ma20=2

parameters:
[boosting: gbdt]
[objective: quantile]
[metric: quantile]
[tree_learner: serial]
[device_type: cpu]
[data_sample_strategy: bagging]
[data: ]
[valid: ]
[num_iterations: 80]
[learning_rate: 0.05]
[num_leaves: 8]
[num_threads: 1]
[seed: 0]
[deterministic: 0]
[force_col_wise: 1]
[force_row_wise: 0]
[histogram_pool_size: -1]
[max_depth: -1]
[min_data_in_leaf: 25]
[min_sum_hessian_in_leaf: 0.001]
[bagging_fraction: 0.9]
[pos_bagging_fraction: 1]
[neg_bagging_fraction: 1]
[bagging_freq: 1]
[bagging_seed: 3]
[bagging_by_query: 0]
[feature_fraction: 0.9]
[feature_fraction_bynode: 1]
[feature_fraction_seed: 2]
[extra_trees: 0]
[extra_seed: 6]
[early_stopping_round: 0]
[early_stopping_min_delta: 0]
[first_metric_only: 0]
[max_delta_step: 0]
[lambda_l1: 0]
[lambda_l2: 0]
[linear_lambda: 0]
[min_gain_to_split: 0]
[drop_rate: 0.1]
[max_drop: 50]
[skip_drop: 0.5]
[xgboost_dart_mode: 0]
[uniform_drop: 0]
[drop_seed: 4]
[top_rate: 0.2]
[other_rate: 0.1]
[min_data_per_group: 100]
[max_cat_threshold: 32]
[cat_l2: 10]
[cat_smooth: 10]
[max_cat_to_onehot: 4]
[top_k: 20]
[monotone_constraints: ]
[monotone_constraints_method: basic]
[monotone_penalty: 0]
[feature_contri: ]
[forcedsplits_filename: ]
[refit_decay_rate: 0.9]
[cegb_tradeoff: 1]
[cegb_penalty_split: 0]
[cegb_penalty_feature_lazy: ]
[cegb_penalty_feature_coupled: ]
[path_smooth: 0]
[interaction_constraints: ]
[verbosity: -1]
[saved_feature_importance_type: 0]
[use_quantized_grad: 0]
[num_grad_quant_bins: 4]
[quant_train_renew_leaf: 0]
[stochastic_rounding: 1]
[linear_tree: 0]
[max_bin: 255]
[max_bin_by_feature: ]
[min_data_in_bin: 3]
[bin_construct_sample_cnt: 200000]
[data_random_seed: 1]
[is_enable_sparse: 1]
[enable_bundle: 1]
[use_missing: 1]
[zero_as_missing: 0]
[feature_pre_filter: 1]
[pre_partition: 0]
[two_round: 0]
[header: 0]
[label_column: ]
[weight_column: ]
[group_column: ]
[ignore_column: ]
[categorical_feature: ]
[forcedbins_filename: ]
[precise_float_parser: 0]
[parser_config_file: ]
[objective_seed: 5]
[num_class: 1]
[is_unbalance: 0]
[scale_pos_weight: 1]
[sigmoid: 1]
[boost_from_average: 1]
[reg_sqrt: 0]
[alpha: 0.1]
[fair_c: 1]
[poisson_max_delta_step: 0.7]
[tweedie_variance_power: 1.5]
[lambdarank_truncation_level: 30]
[lambdarank_norm: 1]
[label_gain: ]
[lambdarank_position_bias_regularization: 0]
[eval_at: ]
[multi_error_top_k: 1]
[auc_mu_weights: ]
[num_machines: 1]
[local_listen_port: 12400]
[time_out: 120]
[machine_list_filename: ]
[machines: ]
[gpu_platform_id: -1]
[gpu_device_id: -1]
[gpu_device_id_list: ]
[gpu_use_dp: 0]
[num_gpu: 1]

end of parameters

pandas_categorical:[]
