tree
version=v4
num_class=1
num_tree_per_iteration=1
label_index=0
max_feature_idx=16
objective=quantile
feature_names=ret_1d ret_5d ret_20d overnight_gap atr_pct parkinson_20 dvol_z_20 dist_ma20 dist_ma50 dist_ma200 spy_ret_1d spy_ret_5d spy_ret_20d vix_level vix_chg_1d sector_ret_1d sector_ret_5d
feature_infos=[-0.19172985223155614:0.18932149795843878] [-0.28483374004820616:0.27337380404925371] [-0.36471202335382258:0.34792365867292774] [-0.10389114783536146:0.12312508166759351] [0.010587292844133398:0.074601047594972533] [0.0067247453358129069:0.04265877530798446] [-3.0128863268270352:4.3215530107887083] [-0.23946115096258858:0.21816062945191872] [-0.3133107431285268:0.29236096054659844] [-0.50194308735897819:0.44978944550552846] [-0.058542971330535654:0.10501930183911301] [-0.11496151859245618:0.082843162776128354] [-0.1226559005192206:0.15756591020035837] [11.859999656677246:52.330001831054688] [-0.35753873962348437:0.74039073966007019] [-0.045565914362008186:0.057443288787383029] [-0.11461315937536976:0.085316917045247465]
tree_sizes=3008 2999 3005 3006 3004

Tree=0
num_leaves=31
num_cat=0
split_feature=8 12 16 14 8 12 12 12 16 13 10 10 12 13 8 12 3 13 13 10 15 15 13 15 10 16 14 16 16 10
split_gain=8.80371 15.3855 6.9775 12.7128 5.68893 3.48232 7.45858 6.74919 11.9978 5.53934 5.18677 6.85063 8.27947 5.22373 6.06212 4.75798 5.13579 6.17417 11.7927 3.5997 2.90527 4.99264 10.8923 4.01568 2.78022 13.911 20.0478 4.47148 10.3153 21.7478
threshold=0.13822279029293585 0.082959740110242888 0.048526925274887563 -0.024970108459849868 -0.019277584433311675 -0.026522895581630176 -0.005215251084133842 -0.007281546892151213 -0.0094113162894032803 28.970000267028812 0.0051414850262681009 -0.0016341493086314272 -0.023938025174318197 22.429999351501468 -0.01055863497481707 0.026624440586497603 0.0059426058854052952 15.194999694824221 14.904999732971193 -0.0068180084305178293 0.0098804021618207356 0.014222580527427088 15.234999656677248 0.012642653339192568 0.010510737947986739 0.0097457113702721383 -0.035596703045515869 0.016443709042978986 0.020201860721614121 0.0022597993773114671
decision_type=8 2 2 2 10 2 2 2 2 2 2 2 2 2 10 2 2 2 2 2 2 2 2 2 2 2 2 2 2 2
left_child=2 -2 5 4 -4 -1 7 9 19 10 11 -7 -13 14 -14 16 20 18 -18 -9 -8 22 -22 -24 27 26 -26 -17 29 -29
right_child=1 -3 3 -5 -6 6 15 8 -10 -11 -12 12 13 -15 -16 24 17 -19 -20 -21 21 -23 23 -25 25 -27 -28 28 -30 -31
leaf_value=-0.0010466806747754021 -0.0012707522225974457 -0.0017328402697871326 -0.001560572847695793 -0.0011919785138522327 -0.0013349001931638334 -0.001118012218350368 -0.0010630227932368838 -0.00081265493044388047 -0.0014977056976406486 -0.0015429488349955217 -0.00089321104155515394 -0.0017076671000296009 -0.0013719450570752879 -0.0010769268128904821 -0.0012675462804944315 -0.0011306729087457144 -0.001250234473932538 -0.0011204733819051166 -0.0019949030021006843 -0.0013111993585975346 -0.0023334322801021401 -0.0010297815163576511 -0.00090476211766936723 -0.0015054008522533482 -0.0012427000986359328 -0.0010599799453814866 -0.0017117140518295667 -0.0021560979714622354 -0.0011857887577112103 -0.0011353966482204195
leaf_weight=2707 1003 68 54 312 61 694 5383 125 125 54 470 75 106 180 171 5625 272 646 79 48 42 189 137 85 169 370 96 67 1564 98
leaf_count=2707 1003 68 54 312 61 694 5383 125 125 54 470 75 106 180 171 5625 272 646 79 48 42 189 137 85 169 370 96 67 1564 98
internal_value=-0.00108034 -0.00549689 -0.000843885 -0.00716685 -0.0213772 -0.000705973 -0.0009731 -0.00380142 -0.0107571 -0.00261696 -0.00211501 -0.00382703 -0.00809591 -0.00556901 -0.00987823 -0.000582302 0.000386351 -0.00293013 -0.00826808 -0.00222919 0.000952927 -0.00289271 -0.00733406 -0.00291658 -0.00141079 -0.00458502 -0.0133296 -0.0011367 -0.00336052 -0.0152507
internal_weight=21075 1071 20004 427 115 19577 16870 2048 298 1750 1696 1226 532 457 277 14822 6833 997 351 173 5836 453 264 222 7989 635 265 7354 1729 165
internal_count=21075 1071 20004 427 115 19577 16870 2048 298 1750 1696 1226 532 457 277 14822 6833 997 351 173 5836 453 264 222 7989 635 265 7354 1729 165
is_linear=0
shrinkage=1


Tree=1
num_leaves=31
num_cat=0
split_feature=16 14 8 12 11 11 14 11 10 14 10 14 3 13 9 10 11 9 16 13 14 14 13 7 11 16 14 13 11 11
split_gain=6.59782 13.3147 6.57789 18.3363 4.61137 4.71804 12.8558 8.17396 6.92337 8.77536 4.74453 27.0142 5.8609 5.84667 4.31165 3.80268 4.2697 3.19393 3.0574 8.04493 2.77926 4.25865 6.07586 4.92911 4.5292 3.59799 4.57754 3.02424 2.79651 2.69982
threshold=0.048526925274887563 -0.028276541619188519 0.1595456265209412 0.082959740110242888 0.02573480883905466 0.014880662239239896 0.039671535485110161 0.015047056175498954 0.0053216631929108313 0.076607678117126224 0.010510737947986739 -0.03286597934359297 -0.0057056535892732177 21.82499980926514 -0.010690994267273711 -0.0026372338745276331 0.021985340636656584 -0.15814208537447458 -0.033185543703460822 20.659999847412113 -0.035596703045515869 -0.011298954547856009 14.484999656677248 0.01179457141569751 0.018972561057233887 0.025688752631684356 0.0080830591469587282 21.295000076293949 0.021985340636656584 -0.011292664141508811
decision_type=2 2 8 2 2 2 2 2 2 2 2 2 2 2 8 2 2 10 2 2 2 2 2 2 2 2 2 2 2 2
left_child=2 14 4 18 5 10 7 -7 9 -8 17 12 13 -12 -2 16 -9 29 -4 -20 27 22 -22 24 -24 -23 -27 -17 -26 -1
right_child=1 -3 3 -5 -6 6 8 15 -10 -11 11 -13 -14 -15 -16 20 -18 -19 19 -21 21 25 23 -25 28 26 -28 -29 -30 -31
leaf_value=-0.00010036619946740911 -0.0003726119031007293 -5.6580197901852048e-05 0.00028652301643959405 -0.00053896831939194445 0.0001075513040841926 -0.00019232164806604328 -0.00016988328214130821 -2.3940945611084279e-05 0.00014605694076439505 -0.00094716997952619213 2.1531539157075493e-05 -0.00050931950076650958 3.4525685524803582e-05 -0.00042382204255605403 -0.00016545587042709898 0.0001285038118212319 -0.00013854314883161343 5.233403373877011e-05 -4.3765844108257466e-05 -0.00033302044360762178 3.4523993304835507e-05 6.4915523155401742e-05 -3.71149985494367e-07 -0.00010222102114822974 -0.00030175911218710425 -0.00034662260572231718 0.00029222587619531592 -0.00021074415775476499 -0.00017047561574649333 6.4046943175795987e-06
leaf_weight=784 48 354 181 58 1875 48 187 79 51 52 67 80 948 72 58 785 50 10833 527 120 247 834 41 154 65 64 43 54 51 2232
leaf_count=784 48 354 181 58 1875 48 187 79 51 52 67 80 948 72 58 785 50 10833 527 120 247 834 41 154 65 64 43 54 51 2232
internal_value=5.27518e-05 -0.00586956 0.000185113 -0.00402935 0.000374696 0.000126536 -0.00175579 -0.000606362 -0.0117241 -0.0152929 0.000478157 -0.00258355 -0.000519779 -0.0101079 -0.0214151 -0.000208755 -0.00856589 0.000736154 -0.0021256 -0.00373261 0.000252353 -0.00103736 -0.00449821 -0.00914791 -0.0153822 0.00101488 -0.00761682 0.00255662 -0.020431 -0.000702918
internal_weight=21042 460 20582 886 19696 17821 2805 2515 290 239 15016 1167 1087 139 106 2467 129 13849 828 647 2338 1499 558 311 157 941 107 839 116 3016
internal_count=21042 460 20582 886 19696 17821 2805 2515 290 239 15016 1167 1087 139 106 2467 129 13849 828 647 2338 1499 558 311 157 941 107 839 116 3016
is_linear=0
shrinkage=0.05


Tree=2
num_leaves=31
num_cat=0
split_feature=0 16 8 9 12 3 12 13 13 1 11 8 11 4 4 12 16 12 11 12 12 11 12 3 3 7 16 16 3 16
split_gain=6.66445 5.25305 9.61153 4.50151 6.28695 3.66616 3.5904 2.99911 9.95982 5.3283 4.65795 4.22854 2.73581 3.67987 2.1125 2.09325 1.89394 3.82735 3.95909 1.85942 5.28669 7.38171 4.01926 3.04928 1.83851 1.836 2.98205 4.79303 2.12077 1.95519
threshold=0.0083138453151513376 0.045591510792764363 -0.059701660848596454 -0.29135765716717105 0.082959740110242888 -0.0091351644952397098 0.028594304422147613 14.194999694824221 13.84500026702881 0.0086123759236541603 -0.0013567736689930052 0.054360005512854255 0.027231962502118127 0.022721816768151097 0.022617704340645955 -0.0045413562786246189 -0.032577148641308222 -0.018675976456826889 -0.023324981642921735 -0.018266326902635351 -0.010634821304977891 0.0053660058673883357 -0.039191714476565991 -0.002198982652251102 -0.0059294994632911316 0.013093579081557951 0.016443709042978986 0.020201860721614121 -0.0051102649906240574 -0.0014660679466163005
decision_type=2 2 10 10 2 2 2 2 2 2 2 10 2 2 2 2 2 2 2 2 2 2 2 2 2 2 2 2 2 2
left_child=3 5 -3 4 19 15 -5 8 10 14 11 -7 -4 -14 -10 -2 17 -9 -19 22 21 23 24 -21 -1 26 29 -28 -29 -8
right_child=1 2 12 6 -6 7 25 16 9 -11 -12 -13 13 -15 -16 -17 -18 18 -20 20 -22 -23 -24 -25 -26 -27 27 28 -30 -31
leaf_value=-0.00020196646102075674 -0.00082829280493150839 -0.00051247110126718975 3.6112818956614216e-05 7.2393592418497514e-05 -0.0003729632624325274 -5.9506131093638382e-05 -3.8617572239206452e-05 0.00019425163945408375 -0.00023875267103978383 -0.00015074595673318232 1.5733019872367505e-05 -0.00034660515708725709 -0.00023544424306068957 -0.00012876357677706903 -0.00059074012841652934 -0.00010688103520991573 3.0772296163977224e-06 -0.00031294990972941862 -8.6656433389906216e-05 -0.00022843701948562195 -2.5935143261013734e-05 0.0004254435949188522 0.00017537956023521922 -0.00020365493571765229 -2.8208659103460546e-05 2.9495499963633622e-05 -0.0006681870930015304 -0.00022079140120016824 -9.4389634132519532e-06 6.8964431964611351e-05
leaf_weight=76 73 61 171 7431 48 46 1366 74 40 125 792 40 51 86 40 66 3757 42 47 45 2488 49 537 49 207 1802 62 68 285 1024
leaf_count=76 73 61 171 7431 48 46 1366 74 40 125 792 40 51 86 40 66 3757 42 47 45 2488 49 537 49 207 1802 62 68 285 1024
internal_value=6.12887e-05 -0.00143259 -0.00719512 0.00059117 -0.000987425 -0.00101906 0.00105001 -0.000796522 -0.00312558 -0.0130488 -0.000808656 -0.0118605 -0.0036039 -0.00886861 -0.023125 -0.00902878 -0.000153061 -0.00542945 -0.0124157 -0.000737467 -0.0013854 -0.0107343 0.00134146 -0.0189362 -0.00348057 -4.66679e-05 -0.000846702 -0.00475904 -0.00250708 -0.000167364
internal_weight=21048 5511 369 15537 3499 5142 12038 5003 1083 205 878 86 308 137 80 139 3920 163 89 3451 2631 143 820 94 283 4607 2805 415 353 2390
internal_count=21048 5511 369 15537 3499 5142 12038 5003 1083 205 878 86 308 137 80 139 3920 163 89 3451 2631 143 820 94 283 4607 2805 415 353 2390
is_linear=0
shrinkage=0.05


Tree=3
num_leaves=31
num_cat=0
split_feature=16 14 8 12 11 12 12 16 3 10 14 16 2 16 16 14 0 11 10 10 16 10 11 10 9 3 13 11 12 13
split_gain=5.52039 10.0804 5.15798 15.6176 4.00091 3.13372 3.36432 5.19309 3.37212 3.09779 28.305 4.93878 3.70026 3.57237 7.18424 7.84149 3.50761 3.40773 13.2148 6.53538 4.51426 5.46434 3.97541 3.41584 3.09339 3.0744 5.29944 2.55785 3.14009 2.16292
threshold=0.048526925274887563 -0.028276541619188519 0.1595456265209412 0.082959740110242888 0.02573480883905466 -0.015496687592758017 0.029654960476763418 -0.033185543703460822 -0.0029121144074522594 0.010510737947986739 -0.035596703045515869 -0.018996526127870336 -0.017171921129840114 0.011224867287150555 0.011499989177745642 -0.026106823606350468 0.011113587511554225 0.014880662239239896 0.00074647751592549227 -0.00045040499871334955 0.030196849518355776 -0.0061039058742593513 0.015629796183489589 0.00034889263673931753 -0.0027300336869034987 -0.0036675198410082706 21.82499980926514 0.048369851131751858 0.037776300760474342 13.174999713897707
decision_type=2 2 8 2 2 2 2 2 2 2 2 2 2 2 2 2 2 2 2 2 2 2 2 2 8 2 2 2 2 2
left_child=2 24 4 5 9 -4 7 -7 -9 13 11 16 -12 -1 15 -15 -11 -16 19 20 21 -19 -20 -21 -2 26 -13 -6 -29 -3
right_child=1 29 3 -5 27 6 -8 8 -10 10 12 25 -14 14 17 -17 -18 18 22 23 -22 -23 -24 -25 -26 -27 -28 28 -30 -31
leaf_value=3.2521872023579332e-05 -0.00028653490654997904 -0.00019063592315963197 7.338405033900548e-05 -0.00054851251632697859 0.00013762543024100124 0.0001354645075023123 -3.2262476990838832e-05 -0.00031876581547828423 -0.00031823967080424359 -4.1892121649862145e-05 -0.00070623988577671304 3.8670319047986558e-05 -0.00030803524241608884 0.00023019474951218373 1.5806997800968617e-05 -0.00025246796868022098 -0.00029588565964356814 -0.00011206631799106876 -0.00011183036792934986 -0.00089671367639947088 -0.00026407469335439895 8.5576038220265422e-05 4.802270651056012e-05 -0.00033443882844337732 -0.00015151400397506125 8.4626952171144257e-05 -0.00030507137478254606 4.4153895023177116e-05 -0.00013710576235373206 4.4186696493708458e-05
leaf_weight=12244 50 76 315 58 1618 76 291 41 103 102 41 118 63 54 2769 78 76 50 50 48 74 143 781 46 54 1018 54 181 83 279
leaf_count=12244 50 76 315 58 1618 76 291 41 103 102 41 118 63 54 2769 78 76 50 50 48 74 143 781 46 54 1018 54 181 83 279
internal_value=7.46412e-05 -0.00534858 0.000195626 -0.00354072 0.000363364 -0.00177966 -0.00419765 -0.00886364 -0.0144444 0.000131675 -0.00206522 -0.000153509 -0.0272115 0.00032962 -0.000949181 -0.0124242 -0.00792135 -0.000566776 -0.00280201 -0.0107895 -0.00679775 -0.00277202 0.00066787 -0.0221277 -0.0190385 0.0010084 -0.00517442 0.00255579 -0.00200758 -0.00133803
internal_weight=21034 459 20575 884 19691 826 511 220 144 17809 1472 1368 104 16337 4093 132 178 3961 1192 361 267 193 831 94 104 1190 172 1882 264 355
internal_count=21034 459 20575 884 19691 826 511 220 144 17809 1472 1368 104 16337 4093 132 178 3961 1192 361 267 193 831 94 104 1190 172 1882 264 355
is_linear=0
shrinkage=0.05


Tree=4
num_leaves=31
num_cat=0
split_feature=15 15 13 16 8 16 15 13 15 16 14 13 14 15 3 16 9 15 9 15 15 15 16 14 15 14 13 13 14 15
split_gain=6.8218 7.1682 10.6927 7.95292 7.91115 5.17631 5.75263 5.19224 5.48843 7.25613 6.75161 11.8585 5.58348 4.88599 4.18355 3.71807 5.20492 2.78064 2.77353 2.4372 4.88764 6.43982 6.30539 5.2173 8.14123 5.75872 3.54773 18.4009 5.64569 4.26194
threshold=0.0092065881637597453 0.0094531405670176278 17.914999961853031 0.045591510792764363 -0.098306936601779235 -0.028451646858905718 0.015828075684331647 16.375000000000004 0.014222580527427088 -0.013965506967057504 -0.041613677684134036 14.960000038146974 -0.015515001009757 0.012074295160052874 -0.0036003041101694273 0.049963491730885663 -0.0056383166235571261 0.011241937042340446 -0.29135765716717105 0.0032323322702374484 0.005548705561548962 0.0046609515273349231 -0.0043803615194223369 0.013234785210327617 0.0052439594679883914 -0.071225645536492452 13.934999942779543 13.84500026702881 0.048234950984074383 -0.0026029450069424138
decision_type=2 2 2 2 10 2 2 2 2 2 2 2 2 2 2 2 8 2 10 2 2 2 2 2 2 2 2 2 2 2
left_child=18 2 -2 5 -5 6 -3 8 9 -7 -11 12 17 -13 -4 -6 -17 -12 -1 26 21 -21 -23 25 -25 -24 27 28 -20 -30
right_child=1 3 14 4 15 7 -8 -9 -10 10 11 13 -14 -15 -16 16 -18 -19 19 20 -22 22 23 24 -26 -27 -28 -29 29 -31
leaf_value=-2.4173296203777631e-05 -0.00033237576342774549 -0.00031362924150610754 -0.00038303569663483667 -0.00059573832426775746 9.4298708506235611e-06 -0.00024845666384164656 -0.00023725430175010472 6.0866270827896076e-05 3.5075555785963739e-05 9.5733715393235699e-05 -0.00012013899687459075 -0.00024917286908721152 9.8196721153185121e-05 -0.0013193327378673626 0.00015262032663853101 -0.00023009518754267056 -0.00014040689674641425 -0.00024033415013595177 3.8955196320888598e-05 -2.1991832858517809e-06 4.6037790335813809e-05 0.00017233683216922029 -0.00023066618927632208 4.6726336223225113e-06 -0.00043456133773058956 -0.00015125135836441256 7.3007406209226765e-05 -0.00077587286728553022 -0.00035342199276745492 6.5022681747372722e-05
leaf_weight=3714 49 51 40 43 142 53 84 1616 591 230 73 48 199 50 66 44 111 51 1598 1124 1987 101 51 50 107 231 8146 75 100 73
leaf_count=3714 49 51 40 43 142 53 84 1616 591 230 73 48 199 50 66 44 111 51 1598 1124 1987 101 51 50 107 231 8146 75 100 73
internal_value=9.52246e-05 -0.00190483 -0.0124194 -0.00142351 -0.00867647 -0.00061392 -0.0101852 -0.000170044 -0.00252896 -0.00551136 -0.00406298 -0.0078266 -0.00320433 -0.0230612 -0.00349057 -0.00577441 -0.011129 -0.0115323 0.000503255 0.000833028 -0.000272528 -0.00227163 -0.00675926 -0.0093508 -0.0166561 -0.00528369 0.00123699 -0.000742145 0.00028515 -0.0082948
internal_weight=20898 3541 155 3386 340 3046 135 2911 1295 704 651 421 323 98 106 297 155 124 17357 13643 3651 1664 540 439 157 282 9992 1846 1771 173
internal_count=20898 3541 155 3386 340 3046 135 2911 1295 704 651 421 323 98 106 297 155 124 17357 13643 3651 1664 540 439 157 282 9992 1846 1771 173
is_linear=0
shrinkage=0.05


end of trees

feature_importances:
sector_ret_5d=24
spy_ret_20d=18
vix_level=18
vix_chg_1d=17
spy_ret_5d=15
sector_ret_1d=14
spy_ret_1d=13
overnight_gap=9
dist_ma50=8
dist_ma200=6
ret_1d=2
atr_pct=2
dist_ma20=2
ret_5d=1
ret_20d=1

parameters:
[boosting: gbdt]
[objective: quantile]
[metric: quantile]
[tree_learner: serial]
[device_type: cpu]
[data_sample_strategy: bagging]
[data: ]
[valid: ]
[num_iterations: 120]
[learning_rate: 0.05]
[num_leaves: 31]
[num_threads: -1]
[seed: 0]
[deterministic: 0]
[force_col_wise: 1]
[force_row_wise: 0]
[histogram_pool_size: -1]
[max_depth: -1]
[min_data_in_leaf: 40]
[min_sum_hessian_in_leaf: 0.001]
[bagging_fraction: 0.85]
[pos_bagging_fraction: 1]
[neg_bagging_fraction: 1]
[bagging_freq: 1]
[bagging_seed: 3]
[bagging_by_query: 0]
[feature_fraction: 0.85]
[feature_fraction_bynode: 1]
[feature_fraction_seed: 2]
[extra_trees: 0]
[extra_seed: 6]
[early_stopping_round: 0]
[early_stopping_min_delta: 0]
[first_metric_only: 0]
[max_delta_step: 0]
[lambda_l1: 0]
[lambda_l2: 0]
[linear_lambda: 0]
[min_gain_to_split: 0]
[drop_rate: 0.1]
[max_drop: 50]
[skip_drop: 0.5]
[xgboost_dart_mode: 0]
[uniform_drop: 0]
[drop_seed: 4]
[top_rate: 0.2]
[other_rate: 0.1]
[min_data_per_group: 100]
[max_cat_threshold: 32]
[cat_l2: 10]
[cat_smooth: 10]
[max_cat_to_onehot: 4]
[top_k: 20]
[monotone_constraints: ]
[monotone_constraints_method: basic]
[monotone_penalty: 0]
[feature_contri: ]
[forcedsplits_filename: ]
[refit_decay_rate: 0.9]
[cegb_tradeoff: 1]
[cegb_penalty_split: 0]
[cegb_penalty_feature_lazy: ]
[cegb_penalty_feature_coupled: ]
[path_smooth: 0]
[interaction_constraints: ]
[verbosity: -1]
[saved_feature_importance_type: 0]
[use_quantized_grad: 0]
[num_grad_quant_bins: 4]
[quant_train_renew_leaf: 0]
[stochastic_rounding: 1]
[linear_tree: 0]
[max_bin: 255]
[max_bin_by_feature: ]
[min_data_in_bin: 3]
[bin_construct_sample_cnt: 200000]
[data_random_seed: 1]
[is_enable_sparse: 1]
[enable_bundle: 1]
[use_missing: 1]
[zero_as_missing: 0]
[feature_pre_filter: 1]
[pre_partition: 0]
[two_round: 0]
[header: 0]
[label_column: ]
[weight_column: ]
[group_column: ]
[ignore_column: ]
[categorical_feature: ]
[forcedbins_filename: ]
[precise_float_parser: 0]
[parser_config_file: ]
[objective_seed: 5]
[num_class: 1]
[is_unbalance: 0]
[scale_pos_weight: 1]
[sigmoid: 1]
[boost_from_average: 1]
[reg_sqrt: 0]
[alpha: 0.1]
[fair_c: 1]
[poisson_max_delta_step: 0.7]
[tweedie_variance_power: 1.5]
[lambdarank_truncation_level: 30]
[lambdarank_norm: 1]
[label_gain: ]
[lambdarank_position_bias_regularization: 0]
[eval_at: ]
[multi_error_top_k: 1]
[auc_mu_weights: ]
[num_machines: 1]
[local_listen_port: 12400]
[time_out: 120]
[machine_list_filename: ]
[machines: ]
[gpu_platform_id: -1]
[gpu_device_id: -1]
[gpu_device_id_list: ]
[gpu_use_dp: 0]
[num_gpu: 1]

end of parameters

pandas_categorical:[]
