tree
version=v4
num_class=1
num_tree_per_iteration=1
label_index=0
max_feature_idx=16
objective=quantile
feature_names=ret_1d ret_5d ret_20d overnight_gap atr_pct parkinson_20 dvol_z_20 dist_ma20 dist_ma50 dist_ma200 spy_ret_1d spy_ret_5d spy_ret_20d vix_level vix_chg_1d sector_ret_1d sector_ret_5d
feature_infos=[-0.19172985223155614:0.18932149795843878] [-0.28483374004820616:0.27337380404925371] [-0.36471202335382258:0.34792365867292774] [-0.10389114783536146:0.12312508166759351] [0.010587292844133398:0.074601047594972533] [0.0067247453358129069:0.04265877530798446] [-3.0128863268270352:4.3215530107887083] [-0.23946115096258858:0.21816062945191872] [-0.3133107431285268:0.29236096054659844] [-0.50194308735897819:0.44978944550552846] [-0.058542971330535654:0.10501930183911301] [-0.11496151859245618:0.082843162776128354] [-0.1226559005192206:0.15756591020035837] [11.859999656677246:52.330001831054688] [-0.35753873962348437:0.74039073966007019] [-0.045565914362008186:0.057443288787383029] [-0.11461315937536976:0.085316917045247465]
tree_sizes=2933 2980 2964

Tree=0
num_leaves=31
num_cat=0
split_feature=15 16 16 13 13 13 10 10 8 15 15 16 7 15 16 12 14 10 8 15 13 16 12 10 10 14 15 13 12 15
split_gain=13.2778 8.2778 16.4477 7.58214 14.3725 10.426 5.08028 10.9766 11.2131 8.75704 7.38684 10.2606 11.0862 7.94071 12.1366 6.42522 5.68535 7.9236 5.38541 5.02946 8.03132 17.9408 14.5754 4.96112 6.33595 5.89623 4.61825 4.25062 10.613 3.45971
threshold=0.023677051162612987 0.03624647087254685 0.046561824763298516 30.345000267028812 38.065000534057624 31.844999313354496 0.0077313966519441122 0.010824112764753148 -0.11656169762029288 -0.0078591589944712031 0.0079747392665521239 0.0043111150430181775 -0.0083174529823765147 0.0040474942044707038 -0.0028615624111837375 0.0086975784270316731 -0.043478201036805324 0.0049263446860405855 -0.019241201622830825 -0.01370888234699119 14.870000362396242 -0.010789201101767841 0.048152369041769456 -0.0045512534975928323 -0.0034865672578678337 0.01016731697942619 0.0067418207878517942 25.505000114440922 -0.029032351633034689 0.0027895573879758166
decision_type=2 2 2 2 2 2 2 2 10 2 2 2 2 2 2 2 2 2 8 2 2 2 2 2 2 2 2 2 2 2
left_child=3 -2 -3 6 5 -5 9 8 -8 16 11 13 -13 -10 -15 -14 17 18 -1 -18 21 22 -21 -22 25 -25 29 -11 -29 -17
right_child=1 2 -4 4 -6 -7 7 -9 10 27 -12 12 15 14 -16 26 19 -19 -20 20 23 -23 -24 24 -26 -27 -28 28 -30 -31
leaf_value=0.001519167995828749 0.0012378019302175629 0.0020821855938187861 0.00097341604268808284 0.0014994481512560498 0.00088937925757427141 0.0016611530618184877 0.0016688764024167745 0.0011351588591953057 0.0011430113227106631 0.0011497673240497895 0.0011185706796837658 0.0018110080800592511 0.0017607987355340417 0.0015328880945956135 0.001110098692759685 0.0013425247845277489 0.0011638965096348315 0.0010218343259553702 0.0013510438730252843 0.0025617732109392442 0.0010434288688769167 0.0012843967821317636 0.0011992281352389417 0.0016347794697486151 0.0012367266227497509 0.0012439660327124846 0.0018027225862124075 0.0011514098635254349 0.0015960806698957497 0.0010588587226482496
leaf_weight=82 150 103 50 95 132 72 93 1644 551 12723 599 89 71 119 99 212 1647 76 40 107 561 461 51 53 805 53 60 180 79 124
leaf_count=82 150 103 50 95 132 72 93 1644 551 12723 599 89 71 119 99 212 1647 76 40 107 561 461 51 53 805 53 60 180 79 124
internal_value=0.00115808 0.0115497 0.0197326 0.00100727 0.0089122 0.0186583 0.000892415 0.00258121 0.00505295 0.000526966 0.00423331 0.00631638 0.0114909 0.00257508 0.0106527 0.00840874 0.0025929 0.0108496 0.0187442 0.00215555 0.00378327 0.00856181 0.0231019 0.00177382 0.00405169 0.0155428 0.00592539 -9.94042e-05 0.00624178 0.00364364
internal_weight=21181 303 153 20878 299 167 20579 3661 2017 16918 1924 1325 556 769 218 467 3936 198 122 3738 2091 619 158 1472 911 106 396 12982 259 336
internal_count=21181 303 153 20878 299 167 20579 3661 2017 16918 1924 1325 556 769 218 467 3936 198 122 3738 2091 619 158 1472 911 106 396 12982 259 336
is_linear=0
shrinkage=1


Tree=1
num_leaves=31
num_cat=0
split_feature=10 11 12 13 13 11 16 16 11 3 4 16 11 12 10 12 13 3 11 12 16 16 16 16 13 14 9 13 12 12
split_gain=10.6365 8.54502 9.85996 13.7304 8.34239 8.40378 21.6842 9.99546 7.76083 7.63668 5.03129 5.04557 5.29036 9.73083 7.91354 6.63655 5.96713 4.64936 4.60827 4.60061 4.09692 9.73572 3.56175 5.13724 5.12612 3.76171 3.42305 3.34388 2.83918 3.22952
threshold=0.0069471165760636175 0.021459782264152908 0.04851916087108233 13.605000019073488 15.025000095367433 0.034061336593809395 0.011943368902158859 0.0019666290487474485 -0.0073194397976522043 0.011206772814487566 0.0450886054435145 -0.0015609107441427736 -0.0087472165989830857 0.013329890655183642 -0.0021138805299539261 0.044456917101200373 16.954999923706058 -0.0021248446873223799 -0.033420125215974254 0.053746423182394205 0.028020493240257908 0.035456208989506306 -0.015153235479692993 -0.014815260392677885 21.134999275207523 -0.060408912479391223 0.085327952317140868 17.125000000000004 -0.075828258528587975 -0.037333160893422583
decision_type=2 2 2 2 2 2 2 2 2 2 2 2 2 2 2 2 2 2 2 2 2 2 2 2 2 2 8 2 2 2
left_child=8 20 3 -3 -5 6 -6 -7 10 -9 11 12 15 14 -14 16 -1 -4 -13 -17 28 -22 25 -24 26 -18 -25 -27 -2 -30
right_child=1 2 17 4 5 7 -8 9 -10 -11 -12 18 13 -15 -16 19 22 -19 -20 -21 21 -23 23 24 -26 27 -28 -29 29 -31
leaf_value=-0.00016199629786688602 0.000490595068308565 0.00085008407148749472 0.00033645035950515158 -7.7072947345772626e-05 -7.1731964721948209e-05 0.00024735838540578822 0.00049821194884643071 -0.00011237143726660948 -4.4889214752551703e-05 0.00086577100139332847 0.00029814691365812035 0.00023795604752113619 0.0004664348583500719 -9.6439233173387082e-05 8.4055443881998439e-05 0.00020454894140233424 0.0002348347509297545 -0.00016515542283430416 -9.0109805708568969e-05 3.0293759536295488e-05 0.00072755729543176714 -5.1020209807386555e-05 0.00025511945453736065 0.00015383784585078604 2.5970992645636889e-05 0.00015220256992901191 0.00030303631777115034 -2.0169768707521467e-06 -0.00019457879483320754 2.7324417585794006e-05
leaf_weight=539 49 79 59 155 104 53 157 251 12370 48 65 77 75 102 49 74 74 325 1059 54 48 74 48 133 373 54 50 1550 336 2647
leaf_count=539 49 79 59 155 104 53 157 251 12370 48 65 77 75 102 49 74 74 325 1059 54 48 74 48 133 373 54 50 1550 336 2647
internal_value=-4.28293e-05 0.00214937 0.00568237 0.00869539 0.00665364 0.00927406 0.0160728 0.00423295 -0.000616865 0.000685618 0.00119287 0.000984689 0.00200787 0.00938053 0.0187903 0.00144286 0.00093761 -0.000963543 -0.001875 0.0125781 0.000770449 0.0097541 0.00205521 0.00534768 0.0039928 0.000870082 0.010847 0.000361595 0.00040897 0.000212872
internal_weight=21131 4385 1231 847 768 613 261 352 16746 299 4376 4311 3175 226 124 2949 2821 384 1136 128 3154 122 2282 604 556 1678 183 1604 3032 2983
internal_count=21131 4385 1231 847 768 613 261 352 16746 299 4376 4311 3175 226 124 2949 2821 384 1136 128 3154 122 2282 604 556 1678 183 1604 3032 2983
is_linear=0
shrinkage=0.05


Tree=2
num_leaves=31
num_cat=0
split_feature=13 16 12 12 11 11 12 3 13 12 13 12 16 13 11 12 12 11 12 5 16 8 16 16 3 9 12 13 12 12
split_gain=6.19664 7.29968 8.63209 9.44058 5.34906 15.7558 9.2915 6.45598 4.64953 3.91271 3.76915 3.76253 3.69797 3.43959 3.11954 4.0323 2.92566 5.09798 2.85764 2.74859 2.85628 5.47693 3.69871 4.20734 1.90126 3.05644 1.78723 3.51383 1.75967 2.39167
threshold=25.505000114440922 -0.014972294621050595 -0.0800835440536906 -0.029032351633034689 0.02573480883905466 0.028003232862589215 0.014776442004869829 0.01379775858097654 30.750000000000004 -0.022997185287748575 27.365000724792484 -0.05793872793170584 -0.017050990951074704 12.644999980926515 -0.023324981642921735 0.02175136827995228 -0.023938025174318197 0.037714619913018062 -0.071455509470426767 0.012850945767395571 0.031196491328680857 -0.068943566893144667 0.038613830636895725 0.03624647087254685 -0.0077680099121097404 -0.055269160906731833 0.037030624356881099 17.32499980926514 0.076145654651098141 0.060736878271406176
decision_type=2 2 2 2 2 2 2 2 2 2 2 2 2 2 2 2 2 2 2 2 2 10 2 2 2 8 2 2 2 2
left_child=4 10 -3 8 14 6 9 -8 -4 -6 11 -2 -7 -14 15 24 17 -15 -10 -16 -21 -22 23 26 25 -1 27 -23 29 -18
right_child=1 2 3 -5 5 12 7 -9 18 -11 -12 -13 13 16 19 -17 28 -19 -20 20 21 22 -24 -25 -26 -27 -28 -29 -30 -31
leaf_value=0.00020091235340720978 0.00042393359972876343 0.00047856651929108272 -9.1477678385420042e-05 0.00040877314630591321 0.00023157692322450666 0.0002334437230630049 0.00049669530383152441 4.7613658129616776e-05 0.00028123316424394709 -0.00025728589031733098 -0.00060003807183653954 3.5184854095223972e-06 0.00080651242270171988 0.00030399183779644559 -4.4472096034211064e-05 0.00019531343779438955 -3.1276542984768771e-05 -9.7596630479884696e-05 0.00013940270580889899 -1.2308953305665314e-05 0.00061383335580198232 0.00050696374735088878 -8.1963113484442669e-05 0.00034059485236596394 1.5519993477563794e-05 8.5757998013695339e-06 -0.00021667993530317519 -2.5050067779011535e-05 -0.00025088309693379441 0.00017040537008019679
leaf_weight=48 49 55 228 77 56 69 135 40 46 80 237 127 51 50 8659 78 1236 47 76 7832 46 50 245 43 961 83 65 73 261 53
leaf_count=48 49 55 228 77 56 69 135 40 46 80 237 127 51 50 8659 78 1236 47 76 7832 46 50 245 43 961 83 65 73 261 53
internal_value=-7.70479e-05 0.00399441 0.00817427 0.00577283 -0.000256899 0.00214629 0.0125241 0.0201429 0.00228571 0.00272059 -0.000883778 0.00465909 0.00031975 -0.000141344 -0.000531542 0.00196581 -0.000537342 0.0078866 0.0101639 -0.000703287 -5.62617e-05 0.0035249 0.00193277 0.00647186 0.00118132 0.00683206 0.00324468 0.00678862 -0.00106452 -0.00030644
internal_weight=21156 895 482 427 20261 2078 311 175 350 136 413 176 1767 1698 18183 1170 1647 97 122 17013 8354 522 476 231 1092 131 188 123 1550 1289
internal_count=21156 895 482 427 20261 2078 311 175 350 136 413 176 1767 1698 18183 1170 1647 97 122 17013 8354 522 476 231 1092 131 188 123 1550 1289
is_linear=0
shrinkage=0.05


end of trees

feature_importances:
spy_ret_20d=20
sector_ret_5d=17
vix_level=15
spy_ret_5d=9
spy_ret_1d=7
sector_ret_1d=7
overnight_gap=4
dist_ma50=3
vix_chg_1d=3
dist_ma200=2
atr_pct=1
parkinson_20=1
dist_ma20=1

parameters:
[boosting: gbdt]
[objective: quantile]
[metric: quantile]
[tree_learner: serial]
[device_type: cpu]
[data_sample_strategy: bagging]
[data: ]
[valid: ]
[num_iterations: 120]
[learning_rate: 0.05]
[num_leaves: 31]
[num_threads: -1]
[seed: 0]
[deterministic: 0]
[force_col_wise: 1]
[force_row_wise: 0]
[histogram_pool_size: -1]
[max_depth: -1]
[min_data_in_leaf: 40]
[min_sum_hessian_in_leaf: 0.001]
[bagging_fraction: 0.85]
[pos_bagging_fraction: 1]
[neg_bagging_fraction: 1]
[bagging_freq: 1]
[bagging_seed: 3]
[bagging_by_query: 0]
[feature_fraction: 0.85]
[feature_fraction_bynode: 1]
[feature_fraction_seed: 2]
[extra_trees: 0]
[extra_seed: 6]
[early_stopping_round: 0]
[early_stopping_min_delta: 0]
[first_metric_only: 0]
[max_delta_step: 0]
[lambda_l1: 0]
[lambda_l2: 0]
[linear_lambda: 0]
[min_gain_to_split: 0]
[drop_rate: 0.1]
[max_drop: 50]
[skip_drop: 0.5]
[xgboost_dart_mode: 0]
[uniform_drop: 0]
[drop_seed: 4]
[top_rate: 0.2]
[other_rate: 0.1]
[min_data_per_group: 100]
[max_cat_threshold: 32]
[cat_l2: 10]
[cat_smooth: 10]
[max_cat_to_onehot: 4]
[top_k: 20]
[monotone_constraints: ]
[monotone_constraints_method: basic]
[monotone_penalty: 0]
[feature_contri: ]
[forcedsplits_filename: ]
[refit_decay_rate: 0.9]
[cegb_tradeoff: 1]
[cegb_penalty_split: 0]
[cegb_penalty_feature_lazy: ]
[cegb_penalty_feature_coupled: ]
[path_smooth: 0]
[interaction_constraints: ]
[verbosity: -1]
[saved_feature_importance_type: 0]
[use_quantized_grad: 0]
[num_grad_quant_bins: 4]
[quant_train_renew_leaf: 0]
[stochastic_rounding: 1]
[linear_tree: 0]
[max_bin: 255]
[max_bin_by_feature: ]
[min_data_in_bin: 3]
[bin_construct_sample_cnt: 200000]
[data_random_seed: 1]
[is_enable_sparse: 1]
[enable_bundle: 1]
[use_missing: 1]
[zero_as_missing: 0]
[feature_pre_filter: 1]
[pre_partition: 0]
[two_round: 0]
[header: 0]
[label_column: ]
[weight_column: ]
[group_column: ]
[ignore_column: ]
[categorical_feature: ]
[forcedbins_filename: ]
[precise_float_parser: 0]
[parser_config_file: ]
[objective_seed: 5]
[num_class: 1]
[is_unbalance: 0]
[scale_pos_weight: 1]
[sigmoid: 1]
[boost_from_average: 1]
[reg_sqrt: 0]
[alpha: 0.9]
[fair_c: 1]
[poisson_max_delta_step: 0.7]
[tweedie_variance_power: 1.5]
[lambdarank_truncation_level: 30]
[lambdarank_norm: 1]
[label_gain: ]
[lambdarank_position_bias_regularization: 0]
[eval_at: ]
[multi_error_top_k: 1]
[auc_mu_weights: ]
[num_machines: 1]
[local_listen_port: 12400]
[time_out: 120]
[machine_list_filename: ]
[machines: ]
[gpu_platform_id: -1]
[gpu_device_id: -1]
[gpu_device_id_list: ]
[gpu_use_dp: 0]
[num_gpu: 1]

end of parameters

pandas_categorical:[]
