tree
version=v4
num_class=1
num_tree_per_iteration=1
label_index=0
max_feature_idx=16
objective=quantile
feature_names=ret_1d ret_5d ret_20d overnight_gap atr_pct parkinson_20 dvol_z_20 dist_ma20 dist_ma50 dist_ma200 spy_ret_1d spy_ret_5d spy_ret_20d vix_level vix_chg_1d sector_ret_1d sector_ret_5d
feature_infos=[-0.26160723918018836:0.12356351078959316] [-0.27381229316836986:0.19987998405780738] [-0.28156924473116918:0.32559364614332909] [-0.141682321509361:0.082414374328110718] [0.011375278775816261:0.057283818390271385] [0.0077421507143169586:0.031100098606395624] [-1.9785138322914615:4.2703724799666798] [-0.27100594219809293:0.16098409715733464] [-0.29433880656594735:0.2675247910431009] [-0.3292359684679983:0.55340950746792839] [-0.058542971330535654:0.10501930183911301] [-0.11496151859245618:0.082843162776128354] [-0.1226559005192206:0.15756591020035837] [11.859999656677246:52.330001831054688] [-0.35753873962348437:0.74039073966007019] [-0.062852571542473257:0.088816390052506744] [-0.11675896877857916:0.085294626879873769]
tree_sizes=833 857 840 853 858 853 853 857 858 859 853 854 853 857 856

Tree=0
num_leaves=8
num_cat=0
split_feature=5 6 6 5 3 5 7
split_gain=7.69742 3.43055 2.49509 2.40014 2.40143 2.00173 1.99336
threshold=0.015385835582922159 -0.18169863798726085 -0.81861474135786083 0.01012755065977111 -0.0028759653813397175 0.013847017387221553 -0.028550806254349522
decision_type=2 2 2 2 2 2 2
left_child=1 3 -2 -1 -5 -6 -4
right_child=2 -3 6 4 5 -7 -8
leaf_value=0.0091675500385463241 0.009280376136302948 0.0093457601498812444 0.0097805053461343053 0.009425796894356608 0.0092351394821889692 0.009155951801221817 0.0094891821499913931
leaf_weight=61 44 229 62 35 96 44 179
leaf_count=61 44 229 62 35 96 44 179
internal_value=0.00927194 0.00530635 0.0157421 0.00107589 0.00405289 0.00112432 0.0177411
internal_weight=750 465 285 236 175 140 241
internal_count=750 465 285 236 175 140 241
is_linear=0
shrinkage=1


Tree=1
num_leaves=8
num_cat=0
split_feature=4 7 12 14 9 12 0
split_gain=6.35232 3.15872 1.40393 1.627 1.67263 3.02871 2.81493
threshold=0.018826970729550269 -0.055029130239299666 0.058395968691513429 0.10157519013318318 0.24867221431384948 0.028594683923194867 0.022270359748001182
decision_type=2 2 2 2 8 2 2
left_child=-1 -2 3 4 5 -3 -6
right_child=1 2 -4 -5 6 -7 -8
leaf_value=-0.00012064004316926003 0.00041180881584296003 0.00023175968555733562 -0.00015954000642523175 -5.9014672879129614e-05 -6.388182635419073e-05 -5.7381361257284868e-05 0.00047032806323841217
leaf_weight=248 52 135 31 42 140 61 25
leaf_count=248 52 135 31 42 140 61 25
internal_value=-0.000544959 0.00277778 0.00138249 0.00217122 0.00325485 0.00637755 -0.000454545
internal_weight=734 486 434 403 361 196 165
internal_count=734 486 434 403 361 196 165
is_linear=0
shrinkage=0.05


Tree=2
num_leaves=8
num_cat=0
split_feature=4 6 0 4 9 0 0
split_gain=6.36493 3.00408 2.00376 2.65032 1.8422 1.80824 2.28851
threshold=0.018884016679771819 -0.1952019395498181 0.011044555843755745 0.04518275087132801 0.11933659954538979 0.01555511049440639 0.022270359748001182
decision_type=2 2 2 2 8 2 2
left_child=1 -1 3 -2 -3 -4 -7
right_child=2 4 5 -5 -6 6 -8
leaf_value=-0.00015408165968256072 4.3739759130403613e-06 8.902029180899259e-05 0.0002759809038834646 0.00042191478850872946 -6.8742981646209998e-05 -9.0531002613715794e-05 0.00021238729171454905
leaf_weight=138 343 30 36 28 85 37 52
leaf_count=138 343 30 36 28 85 37 52
internal_value=-0.000166889 -0.00662055 0.003125 0.00128032 -0.000652174 0.0086 0.00477528
internal_weight=749 253 496 371 115 125 89
internal_count=749 253 496 371 115 125 89
is_linear=0
shrinkage=0.05


Tree=3
num_leaves=8
num_cat=0
split_feature=7 13 6 16 4 12 3
split_gain=4.05449 2.73424 4.19692 2.56259 2.17438 1.58795 1.98177
threshold=-0.055029130239299666 14.244999885559084 -0.1612051120676227 0.010557269196267096 0.01581415341451535 0.061412549385283739 -0.00212055652442189
decision_type=2 2 2 2 2 2 2
left_child=-1 2 -2 -4 -3 6 -6
right_child=1 4 3 -5 5 -7 -8
leaf_value=0.00038115021057201373 -0.00017483954508206801 -0.00018597057637234689 8.0614580051042135e-05 -0.00017493437395896765 0.00010386639854405075 -0.00017852579096215777 -5.9412880218591604e-07
leaf_weight=51 97 29 39 28 145 30 324
leaf_count=51 97 29 39 28 145 30 324
internal_value=-0.000370121 -0.00137283 -0.0070122 0.00261194 0.000378788 0.0011523 0.00186567
internal_weight=743 692 164 67 528 499 469
internal_count=743 692 164 67 528 499 469
is_linear=0
shrinkage=0.05


Tree=4
num_leaves=8
num_cat=0
split_feature=4 1 6 15 2 14 8
split_gain=5.03507 2.92454 2.46447 1.92592 1.76553 2.46838 1.90757
threshold=0.018884016679771819 -0.034557785583078253 -0.1952019395498181 0.0074072914135810972 0.095474431577552324 0.028010740507291913 0.13701761824237504
decision_type=2 2 2 2 2 2 8
left_child=2 -2 3 -1 6 -6 -3
right_child=1 4 -4 -5 5 -7 -8
leaf_value=-0.00014843022180226401 0.00026192997856152938 1.1698731531942014e-05 -7.6571838802192749e-06 1.0709968132723534e-05 0.00019998729971630383 -0.00019198743007611485 -0.00011667464294849196
leaf_weight=106 81 294 117 29 64 26 29
leaf_count=106 81 294 117 29 64 26 29
internal_value=-0.000201072 0.00273279 -0.00595238 -0.0105556 0.00102906 0.00722222 -0.000696594
internal_weight=746 494 252 135 413 90 323
internal_count=746 494 252 135 413 90 323
is_linear=0
shrinkage=0.05


Tree=5
num_leaves=8
num_cat=0
split_feature=4 6 7 6 8 9 8
split_gain=4.24439 2.89886 2.34639 2.33692 1.7372 1.6625 1.62617
threshold=0.018826970729550269 -0.1612051120676227 -0.055029130239299666 0.44320907590511871 0.050346581419163823 0.16493021841316471 -0.13421123026257406
decision_type=2 2 2 2 8 8 10
left_child=1 -1 -2 6 -5 -3 -4
right_child=2 5 3 4 -6 -7 -8
leaf_value=-0.00012992255208310965 0.00034781809185184472 7.1359205961285616e-05 -0.00013577771302066685 5.2078008342541527e-05 0.00022373122653600145 -7.4113203076834916e-05 2.6037912510582311e-06
leaf_weight=133 57 50 28 58 48 52 311
leaf_count=133 57 50 28 58 48 52 311
internal_value=-0.000305292 -0.00585106 0.00229084 0.00106742 0.00754717 0.000490196 -0.000958702
internal_weight=737 235 502 445 106 102 339
internal_count=737 235 502 445 106 102 339
is_linear=0
shrinkage=0.05


Tree=6
num_leaves=8
num_cat=0
split_feature=4 6 3 8 16 16 4
split_gain=5.31215 3.86696 2.40181 2.03382 2.20806 1.90271 1.88353
threshold=0.027221381088728621 -0.68184542000085457 -0.005128341465548524 0.075342948575396154 0.011738478464418891 0.0088661061440878947 0.01581415341451535
decision_type=2 2 2 8 2 2 2
left_child=2 -2 -1 4 5 6 -4
right_child=1 -3 3 -5 -6 -7 -8
leaf_value=0.00013752429235342601 -6.2889315431375505e-05 0.00026829308893029337 -0.00016586297054293618 -0.00013143032710052143 6.7959826031450181e-05 -0.00017769758766037399 -1.8709406428978363e-05
leaf_weight=47 48 180 41 109 99 26 196
leaf_count=47 48 180 41 109 99 26 196
internal_value=0 0.00635965 -0.00279923 -0.00387473 -0.00207182 -0.00446768 -0.00305907
internal_weight=746 228 518 471 362 263 237
internal_count=746 228 518 471 362 263 237
is_linear=0
shrinkage=0.05


Tree=7
num_leaves=8
num_cat=0
split_feature=4 7 2 14 5 1 4
split_gain=4.65538 2.84212 2.04255 1.54894 1.76312 1.52446 1.46278
threshold=0.018884016679771819 -0.055029130239299666 0.18255887244044069 -0.068623004427642229 0.012797326108268827 -0.034557785583078253 0.02389562527959533
decision_type=2 2 2 2 2 2 2
left_child=-1 -2 3 6 -5 -6 -3
right_child=1 2 -4 4 5 -7 -8
leaf_value=-9.0958145536091268e-05 0.00032260991901695478 -5.3431143071365746e-05 0.00022587830505113569 8.6230117351576935e-05 0.00025785466325357843 -4.9408647866385416e-05 0.00039506850531659932
leaf_weight=239 56 25 27 48 27 280 43
leaf_count=239 56 25 27 48 27 280 43
internal_value=-0.000838926 0.00187747 0.000555556 -0.000295508 -0.00161972 -0.00301303 0.00661765
internal_weight=745 506 450 423 355 307 68
internal_count=745 506 450 423 355 307 68
is_linear=0
shrinkage=0.05


Tree=8
num_leaves=8
num_cat=0
split_feature=7 6 1 4 10 9 8
split_gain=4.24289 3.29847 2.17035 1.8413 1.78367 1.90016 2.32232
threshold=-0.055029130239299666 0.43115320178412059 -0.026971359700251881 0.026658097966205902 0.0024545779679250317 0.2459552449290642 -0.015609058219373138
decision_type=2 2 2 2 2 8 10
left_child=-1 2 -2 -3 -4 6 -6
right_child=1 3 4 -5 5 -7 -8
leaf_value=0.00043645094529508706 0.00014039063465804522 3.8682156405166901e-05 -8.7184608419248804e-05 0.0004000314181224013 -8.1732247324760874e-05 -0.00012298414443546847 0.00013921679362823553
leaf_weight=55 64 132 279 41 32 81 80
leaf_count=55 64 132 279 41 32 81 80
internal_value=-0.000196335 -0.00123413 -0.00317164 0.00476879 -0.00434322 -0.000647668 0.00357143
internal_weight=764 709 536 173 472 193 112
internal_count=764 709 536 173 472 193 112
is_linear=0
shrinkage=0.05


Tree=9
num_leaves=8
num_cat=0
split_feature=7 4 6 3 6 4 0
split_gain=4.42777 2.91561 2.65665 1.94685 1.7259 1.69059 2.0851
threshold=-0.055029130239299666 0.018884016679771819 -0.1612051120676227 -0.0073664667563852473 0.25745463162873539 0.020071848998625328 0.011044555843755745
decision_type=2 2 2 2 2 2 2
left_child=-1 2 -2 -3 -4 -5 -7
right_child=1 3 4 5 -6 6 -8
leaf_value=0.00025684357617674849 -0.00011488140159907507 0.0003488952010198968 0.00012073411069180029 0.00016863055567672861 -2.6263383750761012e-05 -4.5160304446851838e-05 0.00011983659596463328
leaf_weight=55 138 48 39 39 76 246 103
leaf_count=55 138 48 39 39 76 246 103
internal_value=-0.00047043 -0.00156023 -0.00583004 0.000917431 -0.000217391 -0.000257732 -0.00136103
internal_weight=744 689 253 436 115 388 349
internal_count=744 689 253 436 115 388 349
is_linear=0
shrinkage=0.05


Tree=10
num_leaves=8
num_cat=0
split_feature=3 6 4 8 7 7 4
split_gain=3.64821 3.1824 2.69517 1.71145 2.67008 2.44679 1.51986
threshold=-0.005882199084063732 -0.27114426109406237 0.027834521031782408 0.082915647295971465 0.016964036208362402 -0.013504774694315434 0.017949942786141659
decision_type=2 2 2 8 2 2 2
left_child=-1 3 -3 4 5 -2 -7
right_child=1 2 -4 -5 -6 6 -8
leaf_value=0.00013103586223703152 -1.5471894207901537e-05 -6.4912952694897236e-06 0.00033433382729582248 -0.00011179806957134059 8.5209462223373715e-05 -0.00014729142881575574 -0.00014245058013321135
leaf_weight=96 81 257 82 72 61 34 66
leaf_count=96 81 257 82 72 61 34 66
internal_value=-0.00076769 -0.00210567 0.00125369 -0.00573248 -0.00371901 -0.00676796 -0.012
internal_weight=749 653 339 314 242 181 100
internal_count=749 653 339 314 242 181 100
is_linear=0
shrinkage=0.05


Tree=11
num_leaves=8
num_cat=0
split_feature=4 1 10 6 8 16 0
split_gain=3.70621 1.93638 2.61333 1.82933 1.75198 2.15443 1.69435
threshold=0.018884016679771819 -0.034557785583078253 0.003591599140665203 -0.82916602076064738 0.075342948575396154 0.0021907609799732834 -0.0058953188718818819
decision_type=2 2 2 2 10 2 2
left_child=3 2 -2 -1 5 6 -5
right_child=1 -3 -4 4 -6 -7 -8
leaf_value=-0.00017562214963103158 0.00032931654820037427 1.2161304598435741e-05 -2.9314084507335236e-05 1.8219837062325968e-05 -0.0001579401127976569 6.7356736782662194e-05 -0.00010277911013751559
leaf_weight=40 48 422 27 32 46 74 58
leaf_count=40 48 422 27 32 46 74 58
internal_value=-0.00023427 0.00226358 0.00966667 -0.0052 -0.00333333 -0.000914634 -0.00611111
internal_weight=747 497 75 250 210 164 90
internal_count=747 497 75 250 210 164 90
is_linear=0
shrinkage=0.05


Tree=12
num_leaves=8
num_cat=0
split_feature=6 9 9 3 3 5 1
split_gain=3.55553 2.86399 1.69832 1.90058 2.19476 1.64783 1.52254
threshold=-0.83720327589939969 -0.25161711561480282 -0.24428439872770333 -0.0028759653813397175 0.0034265611140169576 0.013922773458076266 0.009969432222004861
decision_type=2 8 10 2 2 2 2
left_child=6 -2 3 -3 5 -5 -1
right_child=1 2 -4 4 -6 -7 -8
leaf_value=-6.7741410039531477e-05 0.00036280452486791496 0.00010558027438531143 2.9427015131488437e-05 -6.5914911990301413e-05 9.5824431848841147e-05 -0.00022791141487872482 -0.00034233659947654246
leaf_weight=55 26 26 476 54 31 28 38
leaf_count=55 26 26 476 54 31 28 38
internal_value=-0.00027248 0.00105304 0.000365854 -0.0044964 -0.00730088 -0.0115854 -0.0094086
internal_weight=734 641 615 139 113 82 93
internal_count=734 641 615 139 113 82 93
is_linear=0
shrinkage=0.05


Tree=13
num_leaves=8
num_cat=0
split_feature=6 7 12 3 8 13 4
split_gain=2.65946 2.51097 2.10675 1.59013 1.87394 1.43728 1.41207
threshold=0.44320907590511871 -0.055029130239299666 0.029468601645572527 0.00010889796228275018 0.034366477648458911 14.244999885559084 0.016123078331161646
decision_type=2 2 2 2 8 2 2
left_child=1 -1 3 -2 -5 -3 -7
right_child=2 5 -4 4 -6 6 -8
leaf_value=0.00021779222314255166 0.00020293608261316839 -0.00010655149136131748 -1.9717721941266403e-05 -2.4675736937228648e-05 0.00011646375006029602 -0.00014506566642196432 -9.1218216121770338e-06
leaf_weight=35 47 125 50 47 36 28 377
leaf_count=35 47 125 50 47 36 28 377
internal_value=-0.00057047 -0.00225664 0.00472222 0.00807692 0.00391566 -0.00311321 -0.00166667
internal_weight=745 565 180 130 83 530 405
internal_count=745 565 180 130 83 530 405
is_linear=0
shrinkage=0.05


Tree=14
num_leaves=8
num_cat=0
split_feature=7 6 12 8 14 8 6
split_gain=2.96559 2.59498 2.31973 2.27554 1.83606 2.33039 1.94225
threshold=-0.061243008782318413 0.43115320178412059 0.028951944914526465 -0.017096087189625572 -0.068623004427642229 0.052530847233230545 -0.83720327589939969
decision_type=2 2 2 8 2 8 2
left_child=-1 4 3 -3 5 -2 -6
right_child=1 2 -4 -5 6 -7 -8
leaf_value=0.00023633067821617534 0.00030870632118452527 -2.4366608381543511e-05 -3.2386880304093168e-05 0.0001536023606841327 -0.00014909846953383238 -5.4695604413804688e-05 -3.9880791364832989e-05
leaf_weight=40 37 34 48 80 78 27 375
leaf_count=40 37 34 48 80 78 27 375
internal_value=-0.000730181 -0.00150957 0.00401235 0.00789474 -0.00323985 0.0046875 -0.00435982
internal_weight=719 679 162 114 517 64 453
internal_count=719 679 162 114 517 64 453
is_linear=0
shrinkage=0.05


end of trees

feature_importances:
atr_pct=17
dvol_z_20=17
dist_ma20=11
dist_ma50=10
overnight_gap=8
ret_1d=6
dist_ma200=6
ret_5d=5
parkinson_20=5
spy_ret_20d=5
vix_chg_1d=4
sector_ret_5d=4
ret_20d=2
spy_ret_1d=2
vix_level=2
sector_ret_1d=1

parameters:
[boosting: gbdt]
[objective: quantile]
[metric: quantile]
[tree_learner: serial]
[device_type: cpu]
[data_sample_strategy: bagging]
[data: ]
[valid: ]
[num_iterations: 80]
[learning_rate: 0.05]
[num_leaves: 8]
[num_threads: 1]
[seed: 0]
[deterministic: 0]
[force_col_wise: 1]
[force_row_wise: 0]
[histogram_pool_size: -1]
[max_depth: -1]
[min_data_in_leaf: 25]
[min_sum_hessian_in_leaf: 0.001]
[bagging_fraction: 0.9]
[pos_bagging_fraction: 1]
[neg_bagging_fraction: 1]
[bagging_freq: 1]
[bagging_seed: 3]
[bagging_by_query: 0]
[feature_fraction: 0.9]
[feature_fraction_bynode: 1]
[feature_fraction_seed: 2]
[extra_trees: 0]
[extra_seed: 6]
[early_stopping_round: 0]
[early_stopping_min_delta: 0]
[first_metric_only: 0]
[max_delta_step: 0]
[lambda_l1: 0]
[lambda_l2: 0]
[linear_lambda: 0]
[min_gain_to_split: 0]
[drop_rate: 0.1]
[max_drop: 50]
[skip_drop: 0.5]
[xgboost_dart_mode: 0]
[uniform_drop: 0]
[drop_seed: 4]
[top_rate: 0.2]
[other_rate: 0.1]
[min_data_per_group: 100]
[max_cat_threshold: 32]
[cat_l2: 10]
[cat_smooth: 10]
[max_cat_to_onehot: 4]
[top_k: 20]
[monotone_constraints: ]
[monotone_constraints_method: basic]
[monotone_penalty: 0]
[feature_contri: ]
[forcedsplits_filename: ]
[refit_decay_rate: 0.9]
[cegb_tradeoff: 1]
[cegb_penalty_split: 0]
[cegb_penalty_feature_lazy: ]
[cegb_penalty_feature_coupled: ]
[path_smooth: 0]
[interaction_constraints: ]
[verbosity: -1]
[saved_feature_importance_type: 0]
[use_quantized_grad: 0]
[num_grad_quant_bins: 4]
[quant_train_renew_leaf: 0]
[stochastic_rounding: 1]
[linear_tree: 0]
[max_bin: 255]
[max_bin_by_feature: ]
[min_data_in_bin: 3]
[bin_construct_sample_cnt: 200000]
[data_random_seed: 1]
[is_enable_sparse: 1]
[enable_bundle: 1]
[use_missing: 1]
[zero_as_missing: 0]
[feature_pre_filter: 1]
[pre_partition: 0]
[two_round: 0]
[header: 0]
[label_column: ]
[weight_column: ]
[group_column: ]
[ignore_column: ]
[categorical_feature: ]
[forcedbins_filename: ]
[precise_float_parser: 0]
[parser_config_file: ]
[objective_seed: 5]
[num_class: 1]
[is_unbalance: 0]
[scale_pos_weight: 1]
[sigmoid: 1]
[boost_from_average: 1]
[reg_sqrt: 0]
[alpha: 0.5]
[fair_c: 1]
[poisson_max_delta_step: 0.7]
[tweedie_variance_power: 1.5]
[lambdarank_truncation_level: 30]
[lambdarank_norm: 1]
[label_gain: ]
[lambdarank_position_bias_regularization: 0]
[eval_at: ]
[multi_error_top_k: 1]
[auc_mu_weights: ]
[num_machines: 1]
[local_listen_port: 12400]
[time_out: 120]
[machine_list_filename: ]
[machines: ]
[gpu_platform_id: -1]
[gpu_device_id: -1]
[gpu_device_id_list: ]
[gpu_use_dp: 0]
[num_gpu: 1]

end of parameters

pandas_categorical:[]
