tree
version=v4
num_class=1
num_tree_per_iteration=1
label_index=0
max_feature_idx=16
objective=quantile
feature_names=ret_1d ret_5d ret_20d overnight_gap atr_pct parkinson_20 dvol_z_20 dist_ma20 dist_ma50 dist_ma200 spy_ret_1d spy_ret_5d spy_ret_20d vix_level vix_chg_1d sector_ret_1d sector_ret_5d
feature_infos=[-0.044934921935127603:0.06081139747097275] [-0.086934467981124364:0.076090998111122854] [-0.11721533115483174:0.15854769187805551] [-0.037971820854371896:0.04508732876281063] [0.011112911827763151:0.030848713391286548] [0.0072828742816035495:0.017788050721416458] [-2.7766312126191246:4.2388699322701662] [-0.076458076005142095:0.085381007697876488] [-0.10088288562765158:0.12358683332264131] [-0.14663410610945571:0.21312666448843132] [-0.058542971330535654:0.10501930183911301] [-0.11496151859245618:0.082843162776128354] [-0.1226559005192206:0.15756591020035837] [11.859999656677246:52.330001831054688] [-0.35753873962348437:0.74039073966007019] [-0.055625943886246643:0.039932904849798945] [-0.11091775398112247:0.072664397618361631]
tree_sizes=829 869 865 859 864 866 870 861 858 856 855 865 861 859 863 868 860 875 862 861 858 860 863 868 863 868 870 866 867 867 871 874 858 866 866 874 875 877 873 873 871 873 868 869 871 863 862 874 863 875 875 875 869 873 868 870 856 866 865 864 861

Tree=0
num_leaves=8
num_cat=0
split_feature=8 4 15 4 4 10 6
split_gain=0.980972 1.21033 0.870532 0.860119 0.901236 0.849902 0.854644
threshold=-0.03868621307242353 0.020974779580711891 0.0094183404160604906 0.020974779580711891 0.018084000571945678 -0.00015260304164599334 1.0682410247803442
decision_type=10 2 2 2 2 2 2
left_child=1 -1 5 4 -4 6 -2
right_child=2 -3 3 -5 -6 -7 -8
leaf_value=0.014145522956122569 0.014083645016100044 0.014587398719864763 0.014224921628536179 0.013842918397590952 0.01474756859470483 0.014021445359058794 0.014366219706892513
leaf_weight=93 184 32 52 25 28 296 36
leaf_count=93 184 32 52 25 28 296 36
internal_value=0.0138933 0.0179346 0.0130798 0.0172298 0.0197596 0.0122354 0.0145891
internal_weight=746 125 621 105 80 516 220
internal_count=746 125 621 105 80 516 220
is_linear=0
shrinkage=1


Tree=1
num_leaves=8
num_cat=0
split_feature=7 10 9 2 8 2 0
split_gain=1.27451 0.764431 1.31444 0.530552 0.951929 0.576038 0.513315
threshold=-0.044851749580526894 -0.00015260304164599334 0.029521140999748677 -0.012511422557860084 0.0093300524847296246 0.0041281066983936974 -0.0039423427621886878
decision_type=2 2 8 2 10 2 2
left_child=-1 2 6 -3 5 -5 -2
right_child=1 3 -4 4 -6 -7 -8
leaf_value=0.00027136873908194687 0.00030998662995114338 -0.00025999253837990144 -4.8840696624941061e-05 0.0005494724855759234 -0.00011157648223085685 1.3790966170662556e-05 0.00028369055043583842
leaf_weight=42 25 124 234 27 215 38 28
leaf_count=42 25 124 234 27 215 38 28
internal_value=-0.000361529 -0.000875544 0.00109756 -0.00227723 -0.00107143 0.00423077 0.00820755
internal_weight=733 691 287 404 280 65 53
internal_count=733 691 287 404 280 65 53
is_linear=0
shrinkage=0.05


Tree=2
num_leaves=8
num_cat=0
split_feature=11 6 9 1 3 14 12
split_gain=1.02238 0.769973 0.797415 0.683552 0.618414 0.423043 0.872298
threshold=-0.029337474403061222 -0.09780426191120288 0.022768999680340633 -0.035334457142702828 0.0059754189818242995 0.013647468145900345 0.024444486921004319
decision_type=2 2 8 2 2 2 2
left_child=-1 4 -3 -4 -2 -5 -7
right_child=1 2 3 5 -6 6 -8
leaf_value=0.00030911251699950679 -0.000119774907063644 0.0007957036006344799 0.00026846538098315882 -8.9794144155463419e-05 0.00021359639588387877 -5.2253143642062941e-05 0.00031589045938645649
leaf_weight=34 366 50 28 151 31 57 28
leaf_count=34 366 50 28 151 31 57 28
internal_value=-0.000234901 -0.000639945 0.00121019 0.000113635 -0.00210328 -0.000762713 0.00205882
internal_weight=745 711 314 264 397 236 85
internal_count=745 711 314 264 397 236 85
is_linear=0
shrinkage=0.05


Tree=3
num_leaves=8
num_cat=0
split_feature=4 2 14 2 6 8 0
split_gain=1.12884 1.92691 1.13129 0.638095 0.861401 0.750243 0.896
threshold=0.02042594503001445 -0.05814820163743372 0.066707247335420675 -0.019295970533984571 1.3724628754667314 0.052340836960077526 0.0052298651098309232
decision_type=2 2 2 2 2 8 2
left_child=3 -2 -3 -1 5 6 -5
right_child=1 2 -4 4 -6 -7 -8
leaf_value=-0.00015509864893988593 0.00051743572832440448 -2.9552488107478739e-05 0.00030401147804184057 -5.6406088598493161e-05 0.00028552137630449744 -0.00025899185406348142 0.000163375139080166
leaf_weight=166 27 127 26 180 45 96 70
leaf_count=166 27 127 26 180 45 96 70
internal_value=-0.000386704 0.00305555 0.000882352 -0.0014991 -0.000396421 -0.00124278 0.000199999
internal_weight=737 180 153 557 391 346 250
internal_count=737 180 153 557 391 346 250
is_linear=0
shrinkage=0.05


Tree=4
num_leaves=8
num_cat=0
split_feature=1 8 3 15 15 8 4
split_gain=1.15085 0.493606 1.01023 0.438123 0.63613 0.878854 0.571568
threshold=-0.044775782416538117 -0.047051948932089187 -1.0000000180025095e-35 0.0094183404160604906 -0.0087948096332301478 0.0038545724195340196 0.020974779580711891
decision_type=2 8 2 2 2 10 2
left_child=-1 2 -2 4 5 -3 -5
right_child=1 3 -4 6 -6 -7 -8
leaf_value=0.00039678379312852759 0.00023586346192064724 -0.00014404099648293448 -0.00036552970834440534 0.00014130635595680798 -8.2520054831579736e-05 0.00026596338914338708 -0.00021466062429265217
leaf_weight=33 25 48 26 89 449 47 26
leaf_count=33 25 48 26 89 449 47 26
internal_value=-0.000491253 -0.000915494 0.00382353 -0.00128225 -0.001875 0.0018421 0.00152174
internal_weight=743 710 51 659 544 95 115
internal_count=743 710 51 659 544 95 115
is_linear=0
shrinkage=0.05


Tree=5
num_leaves=8
num_cat=0
split_feature=1 10 15 0 0 10 9
split_gain=1.14429 0.907538 0.705173 0.86252 1.40962 0.424078 0.641021
threshold=-0.047130512900569403 -0.014256563971479506 0.0088033212617665297 0.01405058970902995 0.0063754430926513681 -0.00015260304164599334 0.029521140999748677
decision_type=2 2 2 2 2 2 8
left_child=-1 -2 5 4 -4 6 -3
right_child=1 2 3 -5 -6 -7 -8
leaf_value=0.00051352211666962164 0.00032747969639708549 0.00027213192037583804 -0.00019663827168015389 -0.0002083825721760621 0.00062153401530777043 -9.6904904212902204e-05 -4.7593946563323345e-05
leaf_weight=27 38 44 28 48 47 327 173
leaf_count=27 38 44 28 48 47 327 173
internal_value=-0.000286886 -0.00067376 -0.00110195 0.00231707 0.00566667 -0.001875 -0.000161292
internal_weight=732 705 667 123 75 544 217
internal_count=732 705 667 123 75 544 217
is_linear=0
shrinkage=0.05


Tree=6
num_leaves=8
num_cat=0
split_feature=7 11 6 3 14 11 15
split_gain=1.3631 0.850366 0.689688 0.708695 0.507819 1.11815 0.398721
threshold=-0.044851749580526894 -0.030384470516343128 0.036036831540195539 0.0059754189818242995 0.013647468145900345 -0.014879372351697838 -0.0079013074667390586
decision_type=2 2 2 2 2 2 2
left_child=-1 -2 3 -3 6 -6 -4
right_child=1 2 4 -5 5 -7 -8
leaf_value=0.00019565358996880035 0.00024891473314817838 -8.5829745513601869e-05 0.00026239725877747014 0.00019799359401366336 -0.0002893363321801894 0.00027570769059137606 -6.3574785663247918e-05
leaf_weight=40 27 389 25 38 26 70 129
leaf_count=40 27 389 25 38 26 70 129
internal_value=-0.000228496 -0.000738638 -0.00108567 -0.00230679 0.000999999 0.00385417 -0.000779222
internal_weight=744 704 677 427 250 96 154
internal_count=744 704 677 427 250 96 154
is_linear=0
shrinkage=0.05


Tree=7
num_leaves=8
num_cat=0
split_feature=8 10 15 7 0 0 7
split_gain=1.21005 0.942494 0.815568 0.72133 0.434849 0.891006 0.361424
threshold=-0.05872180856109132 -0.015213589282174643 0.0094183404160604906 -0.036530978226372128 0.0063754430926513681 0.01405058970902995 -0.01146583477763091
decision_type=10 2 2 2 2 2 2
left_child=3 -2 6 -1 -4 -6 -3
right_child=1 2 4 -5 5 -7 -8
leaf_value=0.0004990946756954776 0.00024630502330663391 -0.00012485649904595797 -0.00018534182806787146 0.00016022454037259383 0.00044050797493576708 -0.00013442243125856161 -4.6854785598645634e-05
leaf_weight=25 32 140 26 36 41 45 395
leaf_count=25 32 140 26 36 41 45 395
internal_value=-0.000270271 -0.00087629 -0.00129057 0.00647541 0.00258928 0.00430232 -0.0021028
internal_weight=740 679 647 61 112 86 535
internal_count=740 679 647 61 112 86 535
is_linear=0
shrinkage=0.05


Tree=8
num_leaves=8
num_cat=0
split_feature=4 7 14 15 2 8 15
split_gain=1.01884 1.06875 1.0868 0.562282 0.735632 0.906745 1.15303
threshold=0.020192487581375037 -0.037468683153718201 0.066707247335420675 0.0073571541918037173 -0.0034645150826086986 0.051562244546791265 0.01199894728116835
decision_type=2 2 2 2 2 10 2
left_child=3 -2 -3 -1 -5 6 -6
right_child=1 2 -4 4 5 -7 -8
leaf_value=-7.5787508404049516e-05 0.00033365863527677684 -2.0297484061905331e-05 0.00026245728879272271 -0.00036357063795321067 0.00067064417965134466 -0.00023042072864393523 -1.199185112690489e-07
leaf_weight=451 30 139 25 29 31 28 28
leaf_count=451 30 139 25 29 31 28 28
internal_value=-0.000137978 0.00298969 0.00140244 -0.00120811 0.00189655 0.0041954 0.00771186
internal_weight=761 194 164 567 116 87 59
internal_count=761 194 164 567 116 87 59
is_linear=0
shrinkage=0.05


Tree=9
num_leaves=8
num_cat=0
split_feature=7 12 9 6 15 15 3
split_gain=1.27124 0.863558 1.40019 0.41277 0.669443 0.576271 0.320052
threshold=-0.044851749580526894 -0.026522895581630176 0.077007665640974957 1.0223916853886275 -0.00430729748942582 0.0096107128387072933 0.0024288806202126261
decision_type=2 2 8 2 2 2 2
left_child=-1 2 -2 -3 -5 -6 -4
right_child=1 3 6 4 5 -7 -8
leaf_value=0.00014735297178695213 0.00021242076155439575 -5.9483814200102379e-05 -0.00017395680300247068 0.00025871813929935819 -0.00012751143372055374 0.00045722647814006208 0.0002652879233469524
leaf_weight=40 31 520 34 25 34 25 29
leaf_count=40 31 520 34 25 34 25 29
internal_value=8.12996e-05 -0.000415474 0.00404255 -0.00110927 0.00214286 -0.000762713 -0.000238096
internal_weight=738 698 94 604 84 59 63
internal_count=738 698 94 604 84 59 63
is_linear=0
shrinkage=0.05


Tree=10
num_leaves=8
num_cat=0
split_feature=8 7 6 10 4 5 2
split_gain=0.938661 0.818526 0.527512 0.551652 1.04176 0.964286 0.677196
threshold=-0.05872180856109132 -0.037468683153718201 -1.1182995931172999 0.0004408774644957259 0.020192487581375037 0.013126681685539991 -0.016615742398111973
decision_type=10 2 2 2 2 2 2
left_child=1 -1 -2 4 -4 -6 -5
right_child=2 -3 3 6 5 -7 -8
leaf_value=0.00045629445921948101 -0.00033111713990301655 0.00012347422322072214 3.3585259507592681e-06 -0.00019510005439891693 0.0003498997958523348 7.214785405916837e-05 -6.6302876263954487e-09
leaf_weight=25 57 39 226 92 25 35 249
leaf_count=25 57 39 226 92 25 35 249
internal_value=0.000147058 0.0059375 -0.000394738 2.39223e-05 0.00164336 0.0075 -0.00133431
internal_weight=748 64 684 627 286 60 341
internal_count=748 64 684 627 286 60 341
is_linear=0
shrinkage=0.05


Tree=11
num_leaves=8
num_cat=0
split_feature=4 14 1 0 8 8 11
split_gain=0.924313 1.49818 0.772424 0.553747 0.653571 0.853836 0.545635
threshold=0.020554434661162753 0.066707247335420675 -0.032751728397415462 -0.0020847715258379136 0.05506592454608062 0.041625733079655121 -0.0037732110910037582
decision_type=2 2 2 2 8 10 2
left_child=3 2 -2 -1 5 6 -5
right_child=1 -3 -4 4 -6 -7 -8
leaf_value=-8.5749187673097747e-05 0.00040309567676187507 0.00022331932440568204 -3.4961742278130291e-05 0.00021407927279977143 -0.00015209925870329373 0.00028370091563916189 -4.2864740506258364e-05
leaf_weight=221 25 30 116 57 80 32 185
leaf_count=221 25 30 116 57 80 32 185
internal_value=-4.02157e-05 0.00318713 0.00102837 -0.001 0.000225988 0.00138686 0.0003719
internal_weight=746 171 141 575 354 274 242
internal_count=746 171 141 575 354 274 242
is_linear=0
shrinkage=0.05


Tree=12
num_leaves=8
num_cat=0
split_feature=4 15 8 9 15 13 8
split_gain=0.872229 1.20165 0.842382 0.652425 0.458796 0.629762 0.30328
threshold=0.019975271111635932 -0.0081016909369232542 0.0099821446277548204 -0.11374269838235339 0.0094183404160604906 16.375000000000004 0.05506592454608062
decision_type=2 2 8 10 2 2 8
left_child=4 -2 3 -3 6 -6 -1
right_child=1 2 -4 -5 5 -7 -8
leaf_value=-2.942815428790852e-05 0.00019207689956417199 -8.24106077959583e-06 -0.00011146875470546461 0.00053532054721180727 0.00043375466182988301 -0.00017775543133652458 -0.00018195112117248071
leaf_weight=368 40 30 109 29 40 30 80
leaf_count=368 40 30 109 29 40 30 80
internal_value=-0.000523417 0.00221154 0.000357142 0.00516949 -0.00162162 0.00214286 -0.00220982
internal_weight=726 208 168 59 518 70 448
internal_count=726 208 168 59 518 70 448
is_linear=0
shrinkage=0.05


Tree=13
num_leaves=8
num_cat=0
split_feature=4 14 5 12 6 1 0
split_gain=1.27426 1.85824 1.60256 0.817317 0.554568 0.837942 0.438682
threshold=0.020192487581375037 0.012431899030548645 0.012639760092918336 -0.017557998492747081 1.0223916853886275 0.0028963706392005632 0.0041683362456681481
decision_type=2 2 2 2 2 2 2
left_child=4 3 -3 -2 6 -6 -1
right_child=1 2 -4 -5 5 -7 -8
leaf_value=-0.00011912209621972373 0.00013760023105948894 0.00045847264785660644 0.00025011635601016844 -0.00014038874000491734 0.00022625678288054184 -1.5489926926956279e-05 4.8937493513073097e-06
leaf_weight=329 43 26 39 79 27 51 148
leaf_count=329 43 26 39 79 27 51 148
internal_value=-1.34783e-05 0.00355615 0.0103846 -8.19684e-05 -0.00121622 0.00269231 -0.00185535
internal_weight=742 187 65 122 555 78 477
internal_count=742 187 65 122 555 78 477
is_linear=0
shrinkage=0.05


Tree=14
num_leaves=8
num_cat=0
split_feature=8 11 14 4 5 0 2
split_gain=0.779531 0.614293 0.600457 0.764589 0.731737 0.503809 0.994736
threshold=-0.062779751043211415 -0.030384470516343128 0.013234785210327617 0.020213955572230487 0.012639760092918336 0.00016291176382166042 0.014232041142467235
decision_type=8 2 2 2 2 2 2
left_child=-1 -2 -3 5 -5 -4 -7
right_child=1 2 3 4 -6 6 -8
leaf_value=0.00013546600549755268 0.0002146905055014694 -6.8583568036182358e-05 -0.00020251810648301487 0.0003784605866533805 3.7262558602823973e-05 0.00026462091150333003 -9.1491610444608025e-05
leaf_weight=27 25 431 98 26 27 37 53
leaf_count=27 25 431 98 26 27 37 53
internal_value=-0.000372929 -0.000695841 -0.000982144 0.0010166 0.00632075 -0.000478725 0.00222222
internal_weight=724 697 672 241 53 188 90
internal_count=724 697 672 241 53 188 90
is_linear=0
shrinkage=0.05


Tree=15
num_leaves=8
num_cat=0
split_feature=4 2 15 2 8 5 5
split_gain=0.794316 1.63202 0.945255 0.575456 0.680089 0.528438 1.04608
threshold=0.020192487581375037 -0.05814820163743372 -0.0075585550628705081 -0.027419432096189519 0.05506592454608062 0.008881830903391336 0.009349755240756449
decision_type=2 2 2 2 8 2 2
left_child=3 -2 -3 -1 5 -5 -7
right_child=1 2 -4 4 -6 6 -8
leaf_value=-9.0729730903369246e-05 0.0002330502621731249 0.00018970377737741734 -5.3879516902662522e-05 -0.00011242231001957612 -0.00011577149149813107 0.00024140899562036328 4.7198495241231694e-06
leaf_weight=138 30 29 131 47 93 43 221
leaf_count=138 30 29 131 47 93 43 221
internal_value=-0.000150274 0.00263158 0.000624999 -0.00112546 -0.000173269 0.000948552 0.00181818
internal_weight=732 190 160 542 404 311 264
internal_count=732 190 160 542 404 311 264
is_linear=0
shrinkage=0.05


Tree=16
num_leaves=8
num_cat=0
split_feature=6 8 2 2 4 1 7
split_gain=0.610247 0.557829 0.542548 1.04939 0.867128 1.12986 1.60532
threshold=-1.1182995931172999 -0.062779751043211415 -0.019295970533984571 0.025997453539684749 0.015520317319238142 -0.020623088232096572 0.012770777949436487
decision_type=2 10 2 2 2 2 2
left_child=-1 -2 -3 4 -4 -6 -7
right_child=1 2 3 -5 5 6 -8
leaf_value=-0.00035079477082510717 0.00017462404352193298 -6.7559125535000656e-05 -4.9502691164085744e-05 -5.6121484634290205e-05 -6.5491035529325128e-05 0.00037367813058578303 1.7311330199046e-05
leaf_weight=61 48 180 65 269 27 51 50
leaf_count=61 48 180 65 269 27 51 50
internal_value=-0.000206393 0.00021739 -0.000171341 0.00073593 0.00354922 0.0059375 0.00836634
internal_weight=751 690 642 462 193 128 101
internal_count=751 690 642 462 193 128 101
is_linear=0
shrinkage=0.05


Tree=17
num_leaves=8
num_cat=0
split_feature=9 10 8 14 7 14 8
split_gain=0.636664 0.60503 1.15196 0.625144 0.537697 0.515342 0.461698
threshold=0.13421798633536755 -0.00015260304164599334 -0.030366356574365979 0.0053913947730825926 -0.012436224000775984 0.005094684764536229 -0.062779751043211415
decision_type=8 2 10 2 2 2 10
left_child=1 2 -1 -4 -3 -6 -2
right_child=6 4 3 -5 5 -7 -8
leaf_value=0.0002073005702325812 0.00015241937334041587 -0.00013091902130406876 0.00037376779856097624 -5.9078411628474408e-06 -1.655365425939819e-05 8.8298306064339902e-05 -0.00011005095820978961
leaf_weight=25 49 73 48 135 176 36 202
leaf_count=25 49 73 48 135 176 36 202
internal_value=-0.000161292 0.000882352 0.00293269 0.00155738 -0.000614036 0.000660376 -0.00221116
internal_weight=744 493 208 183 285 212 251
internal_count=744 493 208 183 285 212 251
is_linear=0
shrinkage=0.05


Tree=18
num_leaves=8
num_cat=0
split_feature=10 9 6 16 14 10 9
split_gain=0.67371 1.0898 0.814854 0.73964 0.894489 0.541148 0.475157
threshold=-0.00015260304164599334 0.12913847249195545 1.0682410247803442 -0.0048867502621645067 0.058009640559056781 0.015021993582677752 0.019655009309260677
decision_type=2 8 2 2 2 2 10
left_child=1 2 3 4 -1 -2 -5
right_child=5 -3 -4 6 -6 -7 -8
leaf_value=0.00030115951663515144 -4.9046854804847088e-05 -7.2434192956272953e-05 0.00034822404931621149 0.00011232690420118094 -1.6723581002410733e-06 8.5074840142241616e-05 -0.00012931586414152935
leaf_weight=33 401 113 41 25 31 32 74
leaf_count=33 401 113 41 25 31 32 74
internal_value=-0.000600001 0.00115142 0.00333333 0.00174847 0.0059375 -0.00188222 -0.000959597
internal_weight=750 317 204 163 64 433 99
internal_count=750 317 204 163 64 433 99
is_linear=0
shrinkage=0.05


Tree=19
num_leaves=8
num_cat=0
split_feature=4 14 5 14 7 12 5
split_gain=0.663561 1.4279 1.62684 0.648942 0.521219 0.544895 0.607293
threshold=0.020192487581375037 0.01466553224775591 0.012639760092918336 -0.05546753287916955 -0.012436224000775984 0.050860094870715973 0.011284501731670372
decision_type=2 2 2 2 2 2 2
left_child=4 3 -3 -2 -1 -6 -7
right_child=1 2 -4 -5 5 6 -8
leaf_value=-9.7273730834472965e-05 7.8251523294299813e-05 0.00040289538767077857 0.0002606644943114329 -6.3577159534373211e-05 -1.5240799523134388e-05 0.00014522223783054936 -8.0365610762940894e-05
leaf_weight=147 43 26 37 85 351 27 25
leaf_count=147 43 26 37 85 351 27 25
internal_value=-0.000209178 0.00232984 0.00849206 -0.000703126 -0.00109091 -0.000161292 0.00461538
internal_weight=741 191 63 128 550 403 52
internal_count=741 191 63 128 550 403 52
is_linear=0
shrinkage=0.05


Tree=20
num_leaves=8
num_cat=0
split_feature=14 4 5 10 3 13 0
split_gain=0.825293 0.761255 1.10554 0.659257 0.599807 1.11375 0.464429
threshold=0.013234785210327617 0.02042594503001445 0.012639760092918336 0.015021993582677752 0.00011674450827803275 16.73499965667725 0.011725841604670719
decision_type=2 2 2 2 2 2 2
left_child=3 4 -3 6 -2 -6 -1
right_child=1 2 -4 -5 5 -7 -8
leaf_value=-5.9733432873367826e-05 -8.9221529664179573e-05 0.00032899581449533029 0.00013806275213791894 9.8505905317551997e-05 0.00037362477420329281 -5.0834237466125521e-05 6.4417258401306152e-06
leaf_weight=381 103 25 33 27 41 54 75
leaf_count=381 103 25 33 27 41 54 75
internal_value=-0.000263871 0.00203125 0.00706896 -0.00148033 0.000555554 0.00342105 -0.00192983
internal_weight=739 256 58 483 198 95 456
internal_count=739 256 58 483 198 95 456
is_linear=0
shrinkage=0.05


Tree=21
num_leaves=8
num_cat=0
split_feature=4 14 11 14 0 8 12
split_gain=0.661832 1.17941 0.964286 0.642759 0.494169 0.83192 0.571128
threshold=0.020192487581375037 0.01466553224775591 -0.0086028412340181642 -0.05546753287916955 0.0056841148077634305 0.050021086379102304 0.0082902171521933594
decision_type=2 2 2 2 2 8 2
left_child=4 3 -3 -2 -1 6 -6
right_child=1 2 -4 -5 5 -7 -8
leaf_value=-5.1173498945927766e-05 0.00010899152265866266 4.8575553491092296e-06 0.00047595067125358087 -3.935104706904015e-05 9.899143700109479e-05 -0.00010576738715770702 8.189426691012711e-05
leaf_weight=388 43 27 36 84 32 55 81
leaf_count=388 43 27 36 84 32 55 81
internal_value=-0.00044236 0.00210526 0.00769841 -0.000669293 -0.00131295 0.00095238 0.00340708
internal_weight=746 190 63 127 556 168 113
internal_count=746 190 63 127 556 168 113
is_linear=0
shrinkage=0.05


Tree=22
num_leaves=8
num_cat=0
split_feature=11 8 9 10 2 10 16
split_gain=0.702817 0.594819 0.712696 0.872409 0.775793 1.13078 1.23404
threshold=-0.030384470516343128 -0.062779751043211415 0.13421798633536755 -0.00015260304164599334 -0.025058110422104481 -0.0036836018296790836 0.0039787801514077356
decision_type=2 8 8 2 2 2 2
left_child=-1 -2 3 4 -3 -6 -7
right_child=1 2 -4 -5 5 6 -8
leaf_value=0.00014491049709040686 0.0001359439208593857 -1.7826736393432084e-05 -0.00013441863531909629 -3.2245186114199024e-05 4.4486982592953519e-06 0.00064294478146467412 0.00019577430622826596
leaf_weight=28 25 54 221 275 77 29 31
leaf_count=28 25 54 221 275 77 29 31
internal_value=-0.000270271 -0.000575844 -0.00085153 0.00025751 0.0028534 0.00485401 0.01
internal_weight=740 712 687 466 191 137 60
internal_count=740 712 687 466 191 137 60
is_linear=0
shrinkage=0.05


Tree=23
num_leaves=8
num_cat=0
split_feature=4 15 7 7 5 2 6
split_gain=0.604205 1.20009 0.777143 1.16675 0.462292 0.658187 1.07108
threshold=0.020680129079368226 -0.0075585550628705081 -0.01283443812060414 -0.008508937761068534 0.008881830903391336 0.025997453539684749 -0.1960572649377805
decision_type=2 2 2 2 2 2 2
left_child=2 -2 -1 -4 -5 6 -6
right_child=1 -3 3 4 5 -7 -8
leaf_value=-6.4715515053010881e-05 0.00015709685731271628 -3.0499984577519351e-06 0.00023051749374612495 -0.00010818928898269818 -3.9742263819866208e-05 -6.2060184962671846e-05 0.0001780303329657533
leaf_weight=170 40 112 31 51 79 200 64
leaf_count=170 40 112 31 51 79 200 64
internal_value=-0.000247658 0.00256579 -0.000966388 0.000176469 -0.000558377 0.00010204 0.00269231
internal_weight=747 152 595 425 394 343 143
internal_count=747 152 595 425 394 343 143
is_linear=0
shrinkage=0.05


Tree=24
num_leaves=8
num_cat=0
split_feature=4 4 11 14 4 14 0
split_gain=0.625913 0.77448 0.642239 0.66104 0.902569 0.562751 0.846283
threshold=0.017948637641715906 0.018235383067635089 -0.026323618530511902 0.01466553224775591 0.020213955572230487 -0.049735428455543622 0.0056841148077634305
decision_type=2 2 2 2 2 2 2
left_child=-1 -2 -3 5 -5 6 -4
right_child=1 2 3 4 -6 -7 -8
leaf_value=-3.8286490054659307e-05 0.00015280232680068076 0.00012981012937025079 -0.00039494787736381082 -4.1056665525234126e-05 0.00034453183867575761 -8.6721229432345002e-05 0.00026094016018820784
leaf_weight=392 29 28 42 47 46 135 25
leaf_count=392 29 28 42 47 46 135 25
internal_value=-0.000564517 0.000965908 0.000263157 -0.00042373 0.00306451 -0.0020297 0.00171642
internal_weight=744 352 323 295 93 202 67
internal_count=744 352 323 295 93 202 67
is_linear=0
shrinkage=0.05


Tree=25
num_leaves=8
num_cat=0
split_feature=8 15 9 6 0 9 12
split_gain=0.846008 0.744633 1.04236 0.462787 0.454002 0.574962 0.513739
threshold=-0.062779751043211415 -0.010902746645946258 0.085383710923778625 -1.045715596551561 0.0041683362456681481 -0.018678694083326449 0.00075812242422568243
decision_type=8 2 8 2 2 8 2
left_child=-1 2 -2 -3 5 -5 -6
right_child=1 3 -4 4 6 -7 -8
leaf_value=0.00011650109967904699 0.00030715270903387739 -0.00028757336121846368 -9.3449657481694366e-05 0.00018648164496868019 6.7302167661662169e-05 -6.098053094786946e-05 -7.9565019490390009e-06
leaf_weight=26 42 75 45 32 83 301 146
leaf_count=26 42 75 45 32 83 301 146
internal_value=-0.000400001 -0.000718233 0.00362069 -0.00131083 -0.000818507 -0.001997 0.000895195
internal_weight=750 724 87 637 562 333 229
internal_count=750 724 87 637 562 333 229
is_linear=0
shrinkage=0.05


Tree=26
num_leaves=8
num_cat=0
split_feature=8 2 9 15 1 4 5
split_gain=0.552897 0.499452 0.852945 0.929413 0.719138 0.511096 1.17088
threshold=-0.062779751043211415 -0.019295970533984571 0.12870720133308081 -0.011852544669722463 0.013801098567083449 0.021207934705995062 0.012020070013014628
decision_type=10 2 8 2 2 2 2
left_child=-1 4 3 -3 -2 6 -5
right_child=1 2 -4 5 -6 -7 -8
leaf_value=6.8169707660691091e-05 -7.189255399141334e-05 0.00032526435615523754 -6.7197508581993875e-05 -2.3003895524794971e-07 7.8228129814486645e-05 -9.5818695811160341e-05 0.00024571470458439751
leaf_weight=52 166 30 175 205 25 48 42
leaf_count=52 166 30 175 205 25 48 42
internal_value=-0.000356663 -0.000730826 9.99988e-05 0.00161538 -0.00290576 0.000762711 0.00168016
internal_weight=743 691 500 325 191 295 247
internal_count=743 691 500 325 191 295 247
is_linear=0
shrinkage=0.05


Tree=27
num_leaves=8
num_cat=0
split_feature=4 15 2 10 10 12 0
split_gain=0.614236 0.541015 0.9152 1.3027 0.405314 0.352338 0.886701
threshold=0.02687736928981976 -0.010902746645946258 -0.03241123620936686 -0.0036836018296790836 0.015021993582677752 0.016494776846734397 -0.0056518281657950134
decision_type=2 2 2 2 2 2 2
left_child=1 2 -1 -4 5 -3 -7
right_child=-2 4 3 -5 -6 6 -8
leaf_value=-5.3424640021976899e-05 6.5548610498804806e-05 -5.7046475710534254e-05 -9.3125768726321843e-05 0.00056044415401482629 5.5394111158105437e-05 6.7176299356968463e-05 -6.7465717547539905e-05
leaf_weight=36 25 266 27 29 26 54 282
leaf_count=36 25 266 27 29 26 54 282
internal_value=-0.000704699 -0.000972223 0.00260869 0.00660714 -0.00149682 -0.0017608 -0.000684525
internal_weight=745 720 92 56 628 602 336
internal_count=745 720 92 56 628 602 336
is_linear=0
shrinkage=0.05


Tree=28
num_leaves=8
num_cat=0
split_feature=11 11 11 2 0 4 6
split_gain=0.580138 0.418705 0.85948 0.791968 1.02617 0.46218 0.417391
threshold=-0.030384470516343128 0.00036209902272010824 0.0056452584945124737 0.032136660369004318 -0.0025876880531492947 0.021011328545262182 0.24013528609744042
decision_type=2 2 2 2 2 2 2
left_child=-1 5 3 4 -3 -2 -4
right_child=1 2 6 -5 -6 -7 -8
leaf_value=0.00011041210057214921 -7.9980418029233438e-05 0.00010374489060430013 -6.4568422096614262e-05 -0.00020729548720815305 0.00019916626949694331 0.00010056107335341117 7.6406272335625839e-05
leaf_weight=30 218 36 270 32 31 37 98
leaf_count=30 218 36 270 32 31 37 98
internal_value=-0.000146278 -0.000429364 0.000460384 0.00459596 0.00768657 -0.00205882 -0.000652175
internal_weight=752 722 467 99 67 255 368
internal_count=752 722 467 99 67 255 368
is_linear=0
shrinkage=0.05


Tree=29
num_leaves=8
num_cat=0
split_feature=4 6 4 2 14 5 11
split_gain=0.545049 0.588359 0.548148 0.675602 0.619496 0.86163 0.813846
threshold=0.017948637641715906 -0.024130967840024702 0.018219583518030383 0.070510149714357664 0.012431899030548645 0.011903882305836949 -0.011292664141508811
decision_type=2 2 2 2 2 2 2
left_child=1 -1 -2 4 -4 -6 -7
right_child=2 -3 3 -5 5 6 -8
leaf_value=-0.00012685448330866468 0.00025487619491106512 2.6500974337774247e-05 -3.5214569302531679e-06 -0.00014572475267227055 -2.3086683904803217e-05 -9.0752021746201192e-06 0.00041048832657113068
leaf_weight=225 27 145 181 47 40 25 40
leaf_count=225 27 145 181 47 40 25 40
internal_value=-0.000273974 -0.00162162 0.00111111 0.000555554 0.00146853 0.00452381 0.00807692
internal_weight=730 370 360 333 286 105 65
internal_count=730 370 360 333 286 105 65
is_linear=0
shrinkage=0.05


Tree=30
num_leaves=8
num_cat=0
split_feature=8 15 15 8 12 13 15
split_gain=0.402209 0.687619 0.536397 0.432156 0.517094 0.579745 0.392949
threshold=-0.060265503731803664 -0.00045292465236745899 0.0075265136346271974 -0.014018686749391938 0.0033715039290467268 15.050000190734865 -0.010902746645946258
decision_type=10 2 2 10 2 2 2
left_child=1 -1 6 -4 -5 -6 -2
right_child=2 -3 3 4 5 -7 -8
leaf_value=0.00012877141516251994 9.8507822231971539e-05 -0.00011894367484556886 -3.0518294680477192e-05 0.00043302263523193056 0.00016779010978198777 -0.00012429299907252002 -4.1006999772137352e-05
leaf_weight=35 75 25 32 39 32 46 453
leaf_count=35 75 25 32 39 32 46 453
internal_value=-0.000590232 0.00333333 -0.000937963 0.00171141 0.00311966 0.00076923 -0.00168561
internal_weight=737 60 677 149 117 78 528
internal_count=737 60 677 149 117 78 528
is_linear=0
shrinkage=0.05


Tree=31
num_leaves=8
num_cat=0
split_feature=6 8 7 16 16 8 7
split_gain=0.571826 0.456805 0.637 0.889118 0.559477 0.450001 0.569059
threshold=-1.1182995931172999 -0.062779751043211415 -0.016395289756697625 -0.021885612276832774 -0.010575454622489098 0.050021086379102304 0.011998197197893969
decision_type=2 10 2 2 2 10 2
left_child=-1 -2 -3 -4 -5 6 -6
right_child=1 2 3 4 5 -7 -8
leaf_value=-0.00026180785092820796 0.00011147086678658263 -4.7293165578443103e-05 0.00024986799812436042 -0.00013069735461160366 -3.54378259251515e-06 -6.9143716060180075e-05 0.00011482354966233767
leaf_weight=59 45 139 28 48 150 125 137
leaf_count=59 45 139 28 48 150 125 137
internal_value=-0.000280439 0.000133927 -0.000215312 0.000635245 0.000108694 0.000703882 0.00179442
internal_weight=731 672 627 488 460 412 287
internal_count=731 672 627 488 460 412 287
is_linear=0
shrinkage=0.05


Tree=32
num_leaves=8
num_cat=0
split_feature=14 2 4 11 9 2 15
split_gain=0.55419 0.743894 0.722215 1.14286 0.734303 0.651206 0.538624
threshold=0.013234785210327617 0.072374194966310715 0.020213955572230487 -0.0086028412340181642 0.054735565809558191 0.027607973451817983 -0.010209857594986103
decision_type=2 2 2 2 10 2 2
left_child=6 2 4 -4 -2 -6 -1
right_child=1 -3 3 -5 5 -7 -8
leaf_value=0.00010160486556728573 -4.3687122149897026e-05 -0.00013952846365806079 -2.1629387007572479e-05 0.00042563908929943071 0.00020479211934970091 -0.00017449548700029864 -2.3092363306597539e-05
leaf_weight=45 98 38 28 28 44 41 430
leaf_count=45 98 38 28 28 44 41 430
internal_value=-0.000279257 0.00149819 0.00253138 0.0075 0.00101093 0.00441176 -0.00131579
internal_weight=752 277 239 56 183 85 475
internal_count=752 277 239 56 183 85 475
is_linear=0
shrinkage=0.05


Tree=33
num_leaves=8
num_cat=0
split_feature=11 6 2 2 6 16 16
split_gain=0.579814 0.43967 0.38009 0.825 0.475602 0.503747 0.704112
threshold=-0.030384470516343128 -1.1309650562251201 -0.019295970533984571 -0.0083499306961087854 1.3724628754667314 -0.0048867502621645067 -0.010575454622489098
decision_type=2 2 2 2 2 2 2
left_child=-1 -2 -3 -4 5 6 -5
right_child=1 2 3 4 -6 -7 -8
leaf_value=0.00010901226616825693 -0.00026631774346039776 -1.6817578834629921e-05 0.00027013082870947305 -1.9754984660941455e-05 0.0001767520419683444 -3.03679192028903e-05 0.00028873731324173519
leaf_weight=25 56 210 47 50 48 277 29
leaf_count=25 56 210 47 50 48 277 29
internal_value=-0.000485176 -0.000746166 -0.00038578 0.000432371 -0.000297031 -0.000926967 0.00259494
internal_weight=742 717 661 451 404 356 79
internal_count=742 717 661 451 404 356 79
is_linear=0
shrinkage=0.05


Tree=34
num_leaves=8
num_cat=0
split_feature=12 3 6 6 1 1 2
split_gain=0.475633 0.865142 0.730015 0.823362 0.384855 0.858547 0.423752
threshold=-0.017557998492747081 -0.0024388236112663493 -0.17598096461722076 0.6234224118205548 0.028012829816801092 0.02260399882666542 -0.016615742398111973
decision_type=2 2 2 2 2 2 2
left_child=1 -1 -3 -4 5 6 -2
right_child=4 2 3 -5 -6 -7 -8
leaf_value=-8.4326991120503586e-05 -5.7324669005670396e-05 6.7951838886572772e-07 0.00020591315762151063 2.1142846311093439e-05 -0.0002449166352500543 0.00021939942370251926 -1.2373506371800762e-06
leaf_weight=33 184 50 25 27 103 33 292
leaf_count=33 184 50 25 27 103 33 292
internal_value=-0.000649265 0.00203704 0.00431372 0.00846154 -0.00124183 -0.000677801 -0.00121849
internal_weight=747 135 102 52 612 509 476
internal_count=747 135 102 52 612 509 476
is_linear=0
shrinkage=0.05


Tree=35
num_leaves=8
num_cat=0
split_feature=4 15 3 2 15 15 10
split_gain=0.612065 0.461272 0.657409 0.818927 0.523229 0.59463 0.523921
threshold=0.014822297550287083 -0.010209857594986103 -0.0053177022064922466 -0.019295970533984571 -0.0054052506920258528 -0.0040478126610009593 0.014545936349149692
decision_type=2 2 2 2 2 2 2
left_child=-1 2 -2 -4 -3 -6 -7
right_child=1 4 3 -5 5 6 -8
leaf_value=-0.00012525731393275936 -0.00013690127821647458 -0.00014461727132443554 -1.5113527630982494e-05 0.00031943839319011666 0.00021764340756695997 -1.0538883654871206e-05 5.0506683202690433e-05
leaf_weight=123 28 76 31 38 29 392 26
leaf_count=123 28 76 31 38 29 392 26
internal_value=-0.000558548 8.0644e-05 0.00324742 0.00586956 -0.000506693 0.000145413 -0.000334929
internal_weight=743 620 97 69 523 447 418
internal_count=743 620 97 69 523 447 418
is_linear=0
shrinkage=0.05


Tree=36
num_leaves=8
num_cat=0
split_feature=0 14 10 15 10 3 12
split_gain=0.538527 0.747562 0.823753 0.565613 0.741026 0.551186 0.490196
threshold=-0.0073842217287145564 -0.001242221342315941 -0.0036836018296790836 0.0071474728556591991 0.0094914683342374202 -0.0016582586995025348 -0.013091202195066818
decision_type=2 2 2 2 2 2 2
left_child=1 -1 5 -2 6 -3 -5
right_child=3 2 -4 4 -6 -7 -8
leaf_value=-1.3269997893107706e-05 -3.7075270568100375e-05 -0.0001289442062849934 0.00041459216740646833 0.00011987096112311873 0.00027278062851322603 3.8820837392122384e-05 -6.5936238693500607e-05
leaf_weight=80 405 28 33 28 35 25 119
leaf_count=80 405 28 33 28 35 25 119
internal_value=-0.000285526 0.00222891 0.00546512 -0.000996594 0.00131868 0.00160377 -0.000238096
internal_weight=753 166 86 587 182 53 147
internal_count=753 166 86 587 182 53 147
is_linear=0
shrinkage=0.05


Tree=37
num_leaves=8
num_cat=0
split_feature=15 2 7 8 7 15 13
split_gain=0.513425 0.825397 0.374181 0.416341 0.379383 0.602056 0.552274
threshold=-0.011852544669722463 -0.017649701841096318 -0.012168225398374198 -0.060265503731803664 -0.0060045649235429535 0.00049422266216558885 15.97499990463257
decision_type=2 2 2 8 2 2 2
left_child=1 -1 3 -2 -4 -6 -7
right_child=2 -3 4 -5 5 6 -8
leaf_value=-2.6291090310276275e-05 0.00019624384207383717 0.00014129579355453463 5.2717150663486383e-05 -5.917886731500124e-05 -5.8679551571710335e-05 -5.176349669643863e-05 2.2537361885223964e-05
leaf_weight=36 25 42 51 147 163 127 166
leaf_count=36 25 42 51 147 163 127 166
internal_value=-0.000508588 0.00333333 -0.000949928 -0.00296512 -0.000266273 -0.000723685 0.000631398
internal_weight=757 78 679 172 507 456 293
internal_count=757 78 679 172 507 456 293
is_linear=0
shrinkage=0.05


Tree=38
num_leaves=8
num_cat=0
split_feature=7 10 6 10 15 1 3
split_gain=0.584905 0.528068 0.386461 0.405253 0.909491 0.488604 0.567075
threshold=-0.012436224000775984 -0.0045587761694280129 -1.1182995931172999 -0.0036836018296790836 -0.0099356478456829028 0.014860926460660064 0.0027493186731519796
decision_type=2 2 2 2 2 2 2
left_child=1 -1 -2 5 -5 -4 -7
right_child=2 -3 3 4 -6 6 -8
leaf_value=4.0973313149144665e-05 -0.00025464475029258067 -3.7768376242947904e-05 -7.4309104350530803e-05 0.00033711318364490592 2.0937697902710138e-06 -0.00015104110344573007 7.5145818876513499e-05
leaf_weight=44 51 159 63 26 343 29 25
leaf_count=44 51 159 63 26 343 29 25
internal_value=-0.000743244 -0.00302956 0.000121042 0.000555554 0.00136856 -0.00200855 0.00148148
internal_weight=740 203 537 486 369 117 54
internal_count=740 203 537 486 369 117 54
is_linear=0
shrinkage=0.05


Tree=39
num_leaves=8
num_cat=0
split_feature=4 7 7 8 10 7 9
split_gain=0.506006 0.48738 0.626022 0.584712 0.54268 0.456902 0.500909
threshold=0.02687736928981976 -0.012436224000775984 -0.008508937761068534 -0.022155799120011029 -0.0061039058742593513 0.0021981709002406595 0.18549466270248741
decision_type=2 2 2 10 2 2 8
left_child=1 4 -3 -4 -1 -5 -7
right_child=-2 2 3 5 -6 6 -8
leaf_value=5.7507946149336054e-05 6.3968425045757429e-05 0.0001121898481808121 2.2859610439334151e-05 -0.00015855417625118629 -4.8856257778621726e-05 4.6976568448643934e-06 -0.00024863898365348958
leaf_weight=40 26 40 44 76 155 310 45
leaf_count=40 26 40 44 76 155 310 45
internal_value=-0.000312501 -0.000563381 0.000242717 -0.000263159 -0.00269231 -0.000823667 -7.04237e-05
internal_weight=736 710 515 475 195 431 355
internal_count=736 710 515 475 195 431 355
is_linear=0
shrinkage=0.05


Tree=40
num_leaves=8
num_cat=0
split_feature=6 11 12 7 15 14 2
split_gain=0.67202 0.72616 0.36836 0.275473 0.860852 0.846564 0.580106
threshold=1.3724628754667314 0.0032511544819977538 -0.049048436065559579 0.011486879157774689 0.0008817089639038268 0.010891009150098998 0.072374194966310715
decision_type=2 2 2 2 2 2 2
left_child=2 -2 -1 5 -5 -4 -6
right_child=1 -3 3 4 6 -7 -8
leaf_value=0.00019209170940504087 -8.6739834334555502e-06 0.00024261667669025805 -7.6095479897373707e-05 -0.00013433396745580423 2.1070931871244588e-05 9.5331323565527164e-06 -7.2832179938283671e-05
leaf_weight=31 50 39 226 107 116 134 40
leaf_count=31 50 39 226 107 116 134 40
internal_value=-8.74844e-05 0.00398876 -0.000642203 -0.000906903 0.000323193 -0.00180556 0.00269231
internal_weight=743 89 654 623 263 360 156
internal_count=743 89 654 623 263 360 156
is_linear=0
shrinkage=0.05


Tree=41
num_leaves=8
num_cat=0
split_feature=15 15 9 14 9 0 15
split_gain=0.432857 0.527337 0.420194 0.70837 0.723903 0.452073 0.52423
threshold=0.014979347274697631 0.010980014964311781 0.13421798633536755 -0.013287751267225366 0.11409105571644264 0.0057923448494043859 0.0016073287922028225
decision_type=2 2 8 2 10 2 2
left_child=1 2 3 -1 5 6 -5
right_child=-2 -3 -4 4 -6 -7 -8
leaf_value=-5.6072416429837602e-05 -7.9458069830018528e-05 7.5398319131097374e-05 -4.6484306112942209e-05 1.2135428841708526e-05 7.163534119235215e-05 3.7176926918093805e-05 -3.4854729541212978e-05
leaf_weight=171 48 51 219 140 27 54 41
leaf_count=171 48 51 219 140 27 54 41
internal_value=-0.000406126 -9.24621e-05 -0.000475461 0.000427251 0.00206107 0.00117021 -2.76255e-05
internal_weight=751 703 652 433 262 235 181
internal_count=751 703 652 433 262 235 181
is_linear=0
shrinkage=0.05


Tree=42
num_leaves=8
num_cat=0
split_feature=15 15 11 8 11 16 2
split_gain=0.363453 0.944272 0.786784 0.553138 0.585356 0.589139 0.701088
threshold=0.0094183404160604906 0.013588978458955349 0.0086496038184588082 -0.060265503731803664 0.006555889816587058 -0.013149815235960425 0.012228053004967212
decision_type=2 2 2 8 2 2 2
left_child=3 2 -2 -1 5 -5 -7
right_child=1 -3 -4 4 -6 6 -8
leaf_value=0.00014508138345179723 4.9948738535864773e-06 -1.6846707801508353e-05 0.00084162934952923714 -2.4166102900979769e-05 -0.00014289841956343933 3.8160950386241785e-05 -1.8888616018042155e-05
leaf_weight=28 38 62 25 93 274 93 136
leaf_count=28 38 62 25 93 274 93 136
internal_value=-0.000660882 0.0018 0.00611111 -0.00115385 -0.00147651 -3.10571e-05 0.00133188
internal_weight=749 125 63 624 596 322 229
internal_count=749 125 63 624 596 322 229
is_linear=0
shrinkage=0.05


Tree=43
num_leaves=8
num_cat=0
split_feature=2 10 10 14 11 4 5
split_gain=0.60308 0.54663 0.57999 0.642227 0.519484 0.526332 0.486067
threshold=-0.019295970533984571 -0.014256563971479506 -0.0036836018296790836 0.040951993391927573 0.018473495823320477 0.014822297550287083 0.009349755240756449
decision_type=2 2 2 2 2 2 2
left_child=-1 -2 -3 4 5 -4 -7
right_child=1 2 3 -5 -6 6 -8
leaf_value=-1.3116786026005446e-05 0.0001846514946903568 -4.2463644907469586e-05 -0.00017228860871516425 0.00025347860893558784 -0.00011522566568748189 9.3762106875070535e-05 1.219982225320866e-05
leaf_weight=235 29 97 53 26 82 25 197
leaf_count=235 29 97 53 26 82 25 197
internal_value=-0.000564517 0.000402749 -1.19209e-09 0.000874672 0.000322128 0.00136364 0.00243243
internal_weight=744 509 480 383 357 275 222
internal_count=744 509 480 383 357 275 222
is_linear=0
shrinkage=0.05


Tree=44
num_leaves=8
num_cat=0
split_feature=3 15 10 15 12 13 1
split_gain=0.475662 0.471916 0.864286 0.558258 0.489683 0.662224 0.579607
threshold=-0.0056815526274855968 -0.010209857594986103 -0.0036836018296790836 -0.0062902852752702567 0.050860094870715973 16.875000000000004 -0.004493971284120323
decision_type=2 2 2 2 2 2 2
left_child=-1 2 -2 -3 6 -6 -5
right_child=1 3 -4 4 5 -7 -8
leaf_value=-8.4702456609142305e-05 -2.9269962183398471e-05 -0.00018509668928429847 0.00029145428484740409 -3.7483178102183128e-05 4.8364377966155945e-05 -4.3071627499274616e-05 1.6424057596404352e-06
leaf_weight=85 35 58 45 148 31 34 299
leaf_count=85 35 58 45 148 31 34 299
internal_value=-0.000306124 0.000153845 0.00375 -0.000350878 0.00017578 0.00423077 -0.000413871
internal_weight=735 650 80 570 512 65 447
internal_count=735 650 80 570 512 65 447
is_linear=0
shrinkage=0.05


Tree=45
num_leaves=8
num_cat=0
split_feature=3 3 6 6 10 6 3
split_gain=0.370192 0.483629 0.62455 0.606382 0.831033 0.540852 0.632039
threshold=0.0073693152032500162 0.0018955427353783973 -0.90439550290418069 1.0223916853886275 0.0036325888728027116 -0.65741057089487431 0.0026507771451619315
decision_type=2 2 2 2 2 2 2
left_child=1 3 -3 -1 -5 -4 -7
right_child=-2 2 5 4 -6 6 -8
leaf_value=-1.896754012478753e-05 -5.1998586845699571e-05 -0.00034301975636599102 0.00016611034145137869 4.9704640674921085e-05 -8.3530862034489182e-05 4.0112369215461147e-05 1.1723734077486274e-06
leaf_weight=413 54 26 27 42 27 29 125
leaf_count=413 54 26 27 42 27 29 125
internal_value=-8.74844e-05 0.000224963 0.00224638 -0.000643155 0.00369565 0.00328729 0.00214286
internal_weight=743 689 207 482 69 181 154
internal_count=743 689 207 482 69 181 154
is_linear=0
shrinkage=0.05


Tree=46
num_leaves=8
num_cat=0
split_feature=14 8 6 3 4 5 15
split_gain=0.448631 0.711857 0.634219 0.62134 0.724687 0.416667 0.329238
threshold=0.010891009150098998 -0.039275765193727878 1.3724628754667314 0.00011674450827803275 0.015664327075917823 0.011356068824176111 -0.011165651679067799
decision_type=2 10 2 2 2 2 2
left_child=6 -2 3 -3 -5 -6 -1
right_child=1 2 -4 4 5 -7 -8
leaf_value=5.485429722039806e-05 0.00016263769797610444 -0.00014841067149640392 0.000144695000718991 0.00035972201489971344 -3.8079637574936347e-05 1.9006985898766076e-05 -2.4258328201065097e-05
leaf_weight=36 46 115 29 29 30 30 432
leaf_count=36 46 115 29 29 30 30 432
internal_value=-0.000314593 0.0012724 0.000150213 -0.000833335 0.00230337 -0.000833335 -0.00126068
internal_weight=747 279 233 204 89 60 468
internal_count=747 279 233 204 89 60 468
is_linear=0
shrinkage=0.05


Tree=47
num_leaves=8
num_cat=0
split_feature=11 3 8 7 14 10 9
split_gain=0.609721 0.434183 0.480769 0.603042 0.485527 1.00838 0.357521
threshold=-0.030384470516343128 -0.0056815526274855968 -0.049513886240693909 -0.016395289756697625 0.039671535485110161 -0.0055253029172103165 0.071627464728814885
decision_type=2 2 8 2 2 2 10
left_child=-1 -2 -3 -4 -5 6 -6
right_child=1 2 3 4 5 -7 -8
leaf_value=3.8881342178774813e-05 -0.00014087902622390039 8.6876516084045683e-05 -7.9335163785089317e-05 -7.9665417074673145e-06 -0.00032877430985788099 0.0003263316416544748 8.4652100573935412e-05
leaf_weight=31 79 48 95 389 27 33 32
leaf_count=31 79 48 95 389 27 33 32
internal_value=-0.000572208 -0.000874823 -0.000432693 -0.000833335 -0.000114346 0.00315217 -0.000762713
internal_weight=734 703 624 576 481 92 59
internal_count=734 703 624 576 481 92 59
is_linear=0
shrinkage=0.05


Tree=48
num_leaves=8
num_cat=0
split_feature=4 16 9 4 3 7 7
split_gain=0.487041 0.919728 0.862047 1.04362 0.53202 0.373899 0.700337
threshold=0.019975271111635932 0.0066767412047620276 0.085383710923778625 0.021049736140914644 0.0048024720850103906 -0.01283443812060414 -0.008508937761068534
decision_type=2 2 8 2 2 2 2
left_child=5 2 3 -2 -3 -1 -7
right_child=1 4 -4 -5 -6 6 -8
leaf_value=-8.6986307465011564e-05 0.00031441524646385916 -4.5822047056086156e-05 -3.4643945895908105e-06 9.6434394839263531e-05 0.00022274948497042672 0.00019368094218970416 -9.4157294072639591e-06
leaf_weight=132 25 87 47 26 25 29 363
leaf_count=132 25 87 47 26 25 29 363
internal_value=-0.000367849 0.00166667 0.00520408 0.00970588 -0.00142857 -0.00118321 -0.000408164
internal_weight=734 210 98 51 112 524 392
internal_count=734 210 98 51 112 524 392
is_linear=0
shrinkage=0.05


Tree=49
num_leaves=8
num_cat=0
split_feature=0 16 2 16 8 15 7
split_gain=0.345535 0.437391 0.561225 0.408684 0.336162 0.366034 0.570767
threshold=-0.010983032012221892 -0.0048867502621645067 -0.017649701841096318 -0.012046000315160064 -0.040201624482526115 0.0021296866276017128 0.0070482620914226199
decision_type=2 2 2 2 8 2 2
left_child=1 2 -1 -2 -5 -6 -7
right_child=3 -3 -4 4 5 6 -8
leaf_value=-4.6310401166789321e-06 -2.0648826443429079e-05 -7.9656724821468495e-05 0.00020342768270427284 3.1858627926694357e-05 -3.2044040028132e-05 -0.0001403452887229464 1.6860814864916155e-05
leaf_weight=39 124 39 32 32 202 93 171
leaf_count=39 124 39 32 32 202 93 171
internal_value=-0.000765029 0.00181818 0.00415493 -0.00122187 -0.000582331 -0.000922748 0.000303029
internal_weight=732 110 71 622 498 466 264
internal_count=732 110 71 622 498 466 264
is_linear=0
shrinkage=0.05


Tree=50
num_leaves=8
num_cat=0
split_feature=4 1 7 2 0 15 10
split_gain=0.379467 0.344236 0.691997 0.634541 0.696216 0.454989 0.589223
threshold=0.02687736928981976 0.025540302900919579 0.0056984511946707181 0.0029962289376208599 -0.0073842217287145564 0.0014486127073721768 -0.00018001810557455308
decision_type=2 2 2 2 2 2 2
left_child=1 2 -1 -4 -5 -6 -7
right_child=-2 -3 3 4 5 6 -8
leaf_value=-9.4313457700238207e-06 2.4913190849714264e-05 -0.00018389364886235075 0.00040202419420618099 5.5136939198706493e-05 -0.00019297721285823922 0.00080144915938111679 -1.0556037778956121e-05
leaf_weight=359 25 136 25 27 60 28 75
leaf_count=359 25 136 25 27 60 28 75
internal_value=-0.00105442 -0.00126761 -0.000731709 0.00151163 0.000526315 -0.000705523 0.00131068
internal_weight=735 710 574 215 190 163 103
internal_count=735 710 574 215 190 163 103
is_linear=0
shrinkage=0.05


Tree=51
num_leaves=8
num_cat=0
split_feature=16 16 15 12 12 2 16
split_gain=0.35144 0.4658 0.858413 0.507382 0.756649 0.440509 0.404917
threshold=-0.010983212758938264 -0.0048867502621645067 -0.0042661117987776156 0.0033715039290467268 -0.005215251084133842 0.010797379340558468 -0.024148505509501369
decision_type=2 2 2 2 2 2 2
left_child=6 2 -2 4 5 -3 -1
right_child=1 3 -4 -5 -6 -7 -8
leaf_value=-1.6418397604283487e-06 0.00038173724004868448 1.413548546687167e-05 -3.5223524477830596e-05 -4.6035752207507398e-05 0.00032691607461941949 -5.9368057126944991e-05 -4.4758808253838282e-05
leaf_weight=99 25 49 45 346 34 58 97
leaf_count=99 25 49 45 346 34 58 97
internal_value=-0.000883135 -0.000242371 0.00357143 -0.000790556 0.00173759 -0.000327104 -0.00270408
internal_weight=753 557 70 487 141 107 196
internal_count=753 557 70 487 141 107 196
is_linear=0
shrinkage=0.05


Tree=52
num_leaves=8
num_cat=0
split_feature=6 8 16 16 8 6 6
split_gain=0.490786 0.490395 0.49449 0.663952 1.05975 0.414771 0.297542
threshold=-1.1182995931172999 -0.062779751043211415 -0.012046000315160064 -0.0048867502621645067 0.0059966434817355649 1.9171194696792995 0.1230491334118201
decision_type=2 10 2 2 10 2 2
left_child=-1 -2 -3 4 -4 6 -5
right_child=1 2 3 5 -6 -7 -8
leaf_value=-0.00020128783927819273 2.213729452942599e-05 -3.0023268396998905e-05 -6.3201780433419914e-06 -1.0317391772525148e-06 0.0004190981055641082 0.00017795891411119351 -2.2926651634912188e-05
leaf_weight=62 47 160 32 256 35 30 129
leaf_count=62 47 160 32 256 35 30 129
internal_value=-0.000739016 -0.000355589 -0.000716512 8.29864e-05 0.00470149 -0.000662652 -0.0011039
internal_weight=751 689 642 482 67 415 385
internal_count=751 689 642 482 67 415 385
is_linear=0
shrinkage=0.05


Tree=53
num_leaves=8
num_cat=0
split_feature=2 6 11 16 5 14 12
split_gain=0.47721 0.476591 0.384584 0.450238 0.560817 0.514237 0.541933
threshold=0.076291576074587267 -1.1309650562251201 -0.029337474403061222 -0.010575454622489098 0.011743670845840956 -0.016820561404990383 -0.011548252560612314
decision_type=2 2 2 2 2 2 2
left_child=1 -1 -3 4 -4 -5 -7
right_child=-2 2 3 5 -6 6 -8
leaf_value=-0.00026457580295424657 -6.7966401978598594e-05 4.6858406352249291e-05 -2.7115124204563417e-05 -6.380485775161175e-06 2.9658022095233879e-06 0.0001185430591643449 4.2102695515543233e-06
leaf_weight=46 74 27 128 171 46 29 215
leaf_count=46 74 27 128 171 46 29 215
internal_value=-0.000516306 -9.06356e-05 0.000275973 8.48777e-06 -0.00212644 0.000903613 0.00237705
internal_weight=736 662 616 589 174 415 244
internal_count=736 662 616 589 174 415 244
is_linear=0
shrinkage=0.05


Tree=54
num_leaves=8
num_cat=0
split_feature=8 7 7 14 8 4 5
split_gain=0.334008 0.353977 0.551472 1.00119 0.295737 1.06614 0.394684
threshold=-0.062779751043211415 -0.016395289756697625 -0.008508937761068534 -0.011938112467112181 0.0099821446277548204 0.019432206210621448 0.009327105409980772
decision_type=8 2 2 2 8 2 2
left_child=-1 -2 3 -3 5 -4 -6
right_child=1 2 4 -5 6 -7 -8
leaf_value=2.0172376180888651e-05 -4.2783396128778082e-05 -0.00011221622606581866 -1.2814726775205747e-05 3.3094258252259013e-05 1.1653088068168772e-05 0.00018920785711580524 -4.6658830791773842e-05
leaf_weight=26 149 30 105 40 48 33 310
leaf_count=26 149 30 105 40 48 33 310
internal_value=-0.000951418 -0.00115385 -0.00058304 0.00357143 -0.00116936 0.0007971 -0.00192738
internal_weight=741 715 566 70 496 138 358
internal_count=741 715 566 70 496 138 358
is_linear=0
shrinkage=0.05


Tree=55
num_leaves=8
num_cat=0
split_feature=8 11 2 7 7 1 7
split_gain=0.583947 0.46135 0.447105 0.465956 0.428692 0.545096 0.60421
threshold=-0.05872180856109132 -0.030384470516343128 -0.019295970533984571 -0.0090549889293021196 0.0015192598741516907 0.025540302900919579 0.037649006528213021
decision_type=8 2 2 2 2 2 2
left_child=-1 -2 -3 -4 -5 6 -6
right_child=1 2 3 4 5 -7 -8
leaf_value=3.4865428196614761e-05 2.9740636644549816e-05 -4.1053956302682551e-05 0.00013463010427163671 -0.00011208251498727152 1.7474273722398884e-06 -6.258285577654291e-05 7.2275074125584124e-05
leaf_weight=38 29 190 48 73 222 132 26
leaf_count=38 29 190 48 73 222 132 26
internal_value=-0.000514513 -0.000833335 -0.00109262 -0.000309382 -0.000805741 -0.00013158 0.00125
internal_weight=758 720 691 501 453 380 248
internal_count=758 720 691 501 453 380 248
is_linear=0
shrinkage=0.05


Tree=56
num_leaves=8
num_cat=0
split_feature=6 10 6 4 2 0 3
split_gain=0.455168 0.741811 0.997344 0.351747 0.277334 0.283295 0.435484
threshold=1.3724628754667314 0.0035872584015200775 2.0262460855867812 0.02687736928981976 0.072374194966310715 0.0041683362456681481 0.0018955427353783973
decision_type=2 2 2 2 2 2 2
left_child=3 2 -2 4 5 -1 -7
right_child=1 -3 -4 -5 -6 6 -8
leaf_value=-8.1720986204476346e-06 0.00013113780755132475 -6.0932706428368106e-05 -1.5162990239466031e-06 1.4400175380885966e-05 -7.9940827905991576e-05 -2.6410824085517382e-05 1.9605285147467039e-05
leaf_weight=369 28 32 31 26 70 93 93
leaf_count=369 28 32 31 26 70 93 93
internal_value=-0.000619947 0.00269231 0.00601695 -0.00108295 -0.00132 -0.000945947 0.00064516
internal_weight=742 91 59 651 625 555 186
internal_count=742 91 59 651 625 555 186
is_linear=0
shrinkage=0.05


Tree=57
num_leaves=8
num_cat=0
split_feature=12 12 11 0 1 16 6
split_gain=0.475278 0.743515 1.14057 0.573413 0.39602 0.464063 0.446788
threshold=-0.017790302697979262 -0.032606247407298776 -0.0076796209830086162 0.0094843015168885065 0.025540302900919579 0.010522282003113339 1.0223916853886275
decision_type=2 2 2 2 2 2 2
left_child=1 3 -3 -1 5 6 -2
right_child=4 2 -4 -5 -6 -7 -8
leaf_value=-0.00012812016573140764 -5.6321673680163607e-05 -1.0760153109905368e-06 8.4341775617005556e-05 6.2741845558335671e-05 -0.00017011985806830016 1.4193609802521231e-05 1.8780376888094433e-05
leaf_weight=56 307 26 27 25 119 128 45
leaf_count=56 307 26 27 25 119 128 45
internal_value=-0.000975445 0.00171642 0.00632075 -0.0012963 -0.00157763 -0.000937501 -0.001875
internal_weight=733 134 53 81 599 480 352
internal_count=733 134 53 81 599 480 352
is_linear=0
shrinkage=0.05


Tree=58
num_leaves=8
num_cat=0
split_feature=14 14 6 5 4 12 11
split_gain=0.346244 0.637439 0.884077 0.927744 0.647976 0.601604 0.332727
threshold=0.012431899030548645 0.068214198873392098 -0.12146651635555407 0.012040703863769125 0.015182264643446667 -0.029032351633034689 0.018972561057233887
decision_type=2 2 2 2 2 2 2
left_child=6 2 4 -4 -2 -3 -1
right_child=1 5 3 -5 -6 -7 -8
leaf_value=-1.1433564774402089e-06 0.00016553700534542129 6.4758045297017011e-05 3.2320213839944391e-05 0.00031794312457493956 -3.1849683744276122e-05 -9.2119136986024402e-05 -0.00010574566024159577
leaf_weight=368 26 25 49 25 67 85 105
leaf_count=368 26 25 49 25 67 85 105
internal_value=-0.000266668 0.00113718 0.00308383 0.00716216 -0.000161292 -0.00181818 -0.0010888
internal_weight=750 277 167 74 93 110 473
internal_count=750 277 167 74 93 110 473
is_linear=0
shrinkage=0.05


Tree=59
num_leaves=8
num_cat=0
split_feature=6 8 15 3 8 2 7
split_gain=0.385202 0.338542 0.429382 0.646778 0.759961 0.903231 0.610861
threshold=-1.1309650562251201 -0.060265503731803664 0.0021296866276017128 0.0018596975809800356 0.041625733079655121 0.0064064276150350716 0.012424332804683804
decision_type=2 8 2 2 8 2 2
left_child=-1 -2 -3 6 5 -5 -4
right_child=1 2 3 4 -6 -7 -8
leaf_value=-0.00015199418942905135 7.1177447748331358e-05 -6.4288154484334677e-06 -0.00011847899840926153 2.7156940513746811e-05 0.0003499184735862458 -0.0001004092028485757 2.6686487468230083e-05
leaf_weight=59 29 366 73 38 52 55 69
leaf_count=59 29 366 73 38 52 55 69
internal_value=-0.000276654 5.86498e-05 -0.000176111 0.00127178 0.00362069 0.000913977 -0.00112676
internal_weight=741 682 653 287 145 93 142
internal_count=741 682 653 287 145 93 142
is_linear=0
shrinkage=0.05


Tree=60
num_leaves=8
num_cat=0
split_feature=15 15 12 8 7 8 0
split_gain=0.43459 1.06238 0.942308 0.386361 0.358573 0.648616 0.620822
threshold=0.010980014964311781 0.014979347274697631 0.0090147692043446321 -0.05872180856109132 -0.020159668122197157 0.04734506945828932 -0.010983032012221892
decision_type=2 2 2 8 2 8 2
left_child=3 2 -2 -1 -5 6 -6
right_child=1 -3 -4 4 5 -7 -8
leaf_value=2.149686872621316e-05 0.00033634537912926996 -0.00014561208310363336 -5.1571935870741214e-06 -0.000104332215579489 8.8706509813981627e-05 -4.5292137858660942e-05 -1.337626359531234e-06
leaf_weight=32 26 47 26 100 46 157 312
leaf_count=32 26 47 26 100 46 157 312
internal_value=-0.000509385 0.00257576 0.0075 -0.000981454 -0.00126016 -0.000728157 0.000446926
internal_weight=746 99 52 647 615 515 358
internal_count=746 99 52 647 615 515 358
is_linear=0
shrinkage=0.05


end of trees

feature_importances:
sector_ret_1d=43
dist_ma50=40
atr_pct=36
ret_20d=34
dvol_z_20=33
dist_ma20=33
vix_chg_1d=29
spy_ret_1d=27
spy_ret_5d=23
ret_1d=22
spy_ret_20d=19
overnight_gap=18
dist_ma200=18
sector_ret_5d=17
parkinson_20=16
ret_5d=14
vix_level=5

parameters:
[boosting: gbdt]
[objective: quantile]
[metric: quantile]
[tree_learner: serial]
[device_type: cpu]
[data_sample_strategy: bagging]
[data: ]
[valid: ]
[num_iterations: 80]
[learning_rate: 0.05]
[num_leaves: 8]
[num_threads: 1]
[seed: 0]
[deterministic: 0]
[force_col_wise: 1]
[force_row_wise: 0]
[histogram_pool_size: -1]
[max_depth: -1]
[min_data_in_leaf: 25]
[min_sum_hessian_in_leaf: 0.001]
[bagging_fraction: 0.9]
[pos_bagging_fraction: 1]
[neg_bagging_fraction: 1]
[bagging_freq: 1]
[bagging_seed: 3]
[bagging_by_query: 0]
[feature_fraction: 0.9]
[feature_fraction_bynode: 1]
[feature_fraction_seed: 2]
[extra_trees: 0]
[extra_seed: 6]
[early_stopping_round: 0]
[early_stopping_min_delta: 0]
[first_metric_only: 0]
[max_delta_step: 0]
[lambda_l1: 0]
[lambda_l2: 0]
[linear_lambda: 0]
[min_gain_to_split: 0]
[drop_rate: 0.1]
[max_drop: 50]
[skip_drop: 0.5]
[xgboost_dart_mode: 0]
[uniform_drop: 0]
[drop_seed: 4]
[top_rate: 0.2]
[other_rate: 0.1]
[min_data_per_group: 100]
[max_cat_threshold: 32]
[cat_l2: 10]
[cat_smooth: 10]
[max_cat_to_onehot: 4]
[top_k: 20]
[monotone_constraints: ]
[monotone_constraints_method: basic]
[monotone_penalty: 0]
[feature_contri: ]
[forcedsplits_filename: ]
[refit_decay_rate: 0.9]
[cegb_tradeoff: 1]
[cegb_penalty_split: 0]
[cegb_penalty_feature_lazy: ]
[cegb_penalty_feature_coupled: ]
[path_smooth: 0]
[interaction_constraints: ]
[verbosity: -1]
[saved_feature_importance_type: 0]
[use_quantized_grad: 0]
[num_grad_quant_bins: 4]
[quant_train_renew_leaf: 0]
[stochastic_rounding: 1]
[linear_tree: 0]
[max_bin: 255]
[max_bin_by_feature: ]
[min_data_in_bin: 3]
[bin_construct_sample_cnt: 200000]
[data_random_seed: 1]
[is_enable_sparse: 1]
[enable_bundle: 1]
[use_missing: 1]
[zero_as_missing: 0]
[feature_pre_filter: 1]
[pre_partition: 0]
[two_round: 0]
[header: 0]
[label_column: ]
[weight_column: ]
[group_column: ]
[ignore_column: ]
[categorical_feature: ]
[forcedbins_filename: ]
[precise_float_parser: 0]
[parser_config_file: ]
[objective_seed: 5]
[num_class: 1]
[is_unbalance: 0]
[scale_pos_weight: 1]
[sigmoid: 1]
[boost_from_average: 1]
[reg_sqrt: 0]
[alpha: 0.9]
[fair_c: 1]
[poisson_max_delta_step: 0.7]
[tweedie_variance_power: 1.5]
[lambdarank_truncation_level: 30]
[lambdarank_norm: 1]
[label_gain: ]
[lambdarank_position_bias_regularization: 0]
[eval_at: ]
[multi_error_top_k: 1]
[auc_mu_weights: ]
[num_machines: 1]
[local_listen_port: 12400]
[time_out: 120]
[machine_list_filename: ]
[machines: ]
[gpu_platform_id: -1]
[gpu_device_id: -1]
[gpu_device_id_list: ]
[gpu_use_dp: 0]
[num_gpu: 1]

end of parameters

pandas_categorical:[]
