tree
version=v4
num_class=1
num_tree_per_iteration=1
label_index=0
max_feature_idx=16
objective=quantile
feature_names=ret_1d ret_5d ret_20d overnight_gap atr_pct parkinson_20 dvol_z_20 dist_ma20 dist_ma50 dist_ma200 spy_ret_1d spy_ret_5d spy_ret_20d vix_level vix_chg_1d sector_ret_1d sector_ret_5d
feature_infos=[-0.047648083912755546:0.084087674546629687] [-0.081435929030004073:0.093819869066482209] [-0.11283817117561568:0.14992993438424773] [-0.066532413895957765:0.047224278398587671] [0.012287588213421857:0.037097517928535509] [0.0079813583256006151:0.020670164395505314] [-2.1730913055250514:3.9754210735626372] [-0.074779443900146569:0.090139269467803596] [-0.10615944130287025:0.12629098041724496] [-0.099552097837466214:0.20274123127155907] [-0.058542971330535654:0.10501930183911301] [-0.11496151859245618:0.082843162776128354] [-0.1226559005192206:0.15756591020035837] [11.859999656677246:52.330001831054688] [-0.35753873962348437:0.74039073966007019] [-0.060400368534546778:0.10888055657805773] [-0.11617886647053255:0.1006018727753657]
tree_sizes=856 843 851 852 839 859 846 863 855 847 859 855 852

Tree=0
num_leaves=8
num_cat=0
split_feature=9 13 1 6 8 14 4
split_gain=3.35154 2.27554 2.07115 2.88569 2.15151 1.80077 1.91406
threshold=-1.0000000180025095e-35 16.469999313354496 0.026428988721048711 0.28626618222264283 -0.0064815618721337223 -0.010446241084373918 0.015762920321390043
decision_type=8 2 2 2 8 2 2
left_child=1 -1 3 5 -5 6 -2
right_child=2 -3 -4 4 -6 -7 -8
leaf_value=-0.0067160028149373828 -0.00665597541956231 -0.0069858949631452557 -0.0066672254470176995 -0.0067314802203327414 -0.0069047157652676102 -0.0066539733437821266 -0.0068405037280172111
leaf_weight=34 32 80 140 31 114 191 128
leaf_count=34 32 80 140 31 114 191 128
internal_value=-0.00674842 -0.0146432 -0.00533332 -0.00684922 -0.0127829 -0.00439799 -0.00831092
internal_weight=750 114 636 496 145 351 160
internal_count=750 114 636 496 145 351 160
is_linear=0
shrinkage=1


Tree=1
num_leaves=8
num_cat=0
split_feature=13 9 7 14 1 0 9
split_gain=2.62084 2.70468 2.15675 1.81966 1.80457 1.77064 2.00071
threshold=16.73499965667725 0.03152823922468951 -0.023424029848353674 0.023814289245349455 0.026428988721048711 0.0015658050653084568 0.096038005979171018
decision_type=2 8 2 2 2 2 10
left_child=4 3 -3 -2 -1 -6 -7
right_child=1 2 -4 -5 5 6 -8
leaf_value=2.0890967280138272e-05 -0.0002256059041246772 0.000126222402905114 -6.8967984407208857e-05 -3.069714410230519e-05 0.0001595187612110749 0.00016549125139135869 -0.00014907089935149999
leaf_weight=302 52 36 233 34 25 25 27
leaf_count=302 52 36 233 34 25 25 27
internal_value=0.000340599 -0.00274648 -0.00027881 -0.0104651 0.00323219 0.0100649 0.00480769
internal_weight=734 355 269 86 379 77 52
internal_count=734 355 269 86 379 77 52
is_linear=0
shrinkage=0.05


Tree=2
num_leaves=8
num_cat=0
split_feature=5 6 14 9 9 13 16
split_gain=3.4323 2.68836 2.05518 1.95741 1.80005 1.18056 3.02308
threshold=0.013674598998199273 -1.2654953381614045 -0.01013918808565367 0.16004812035166441 0.021208928217019477 16.73499965667725 -0.03459281390416518
decision_type=2 2 2 10 8 2 2
left_child=1 -1 -2 5 -4 -3 -7
right_child=2 3 4 -5 -6 6 -8
leaf_value=0.00017293428295670312 -0.00028450872772373261 4.9074621390900579e-05 -0.00016042738710530103 -0.00019038756805093727 7.2531570767750975e-05 0.00019858217134606092 -8.817194835864943e-05
leaf_weight=26 60 327 33 42 35 33 193
leaf_count=26 60 327 33 42 35 33 193
internal_value=3.33778e-05 0.00157005 -0.00742188 0.000882353 -0.00147059 0.00167269 -0.00110619
internal_weight=749 621 128 595 68 553 226
internal_count=749 621 128 595 68 553 226
is_linear=0
shrinkage=0.05


Tree=3
num_leaves=8
num_cat=0
split_feature=9 8 9 13 6 0 0
split_gain=3.45118 2.4293 2.26416 2.66676 2.0092 1.8053 1.7805
threshold=-1.0000000180025095e-35 -0.0030749740378013253 0.090104138185272756 15.355000019073488 1.135104020699518 0.003972235418769233 -0.01018174780802472
decision_type=8 10 10 2 2 2 2
left_child=1 6 -2 -4 5 -5 -1
right_child=2 -3 3 4 -6 -7 -8
leaf_value=-0.00017766655933810398 6.0517474160587872e-05 -0.00026061371858231727 4.6620890321355571e-05 -0.00010968041587802874 -0.00045525839464589815 6.7152188112049778e-05 2.2629325661182537e-05
leaf_weight=25 392 26 85 67 32 54 62
leaf_count=25 392 26 85 67 32 54 62
internal_value=0.000302826 -0.00774336 0.00174603 -0.00210084 -0.00604575 -0.00309917 -0.00373563
internal_weight=743 113 630 238 153 121 87
internal_count=743 113 630 238 153 121 87
is_linear=0
shrinkage=0.05


Tree=4
num_leaves=8
num_cat=0
split_feature=13 9 6 4 15 1 14
split_gain=2.59743 2.24398 2.16537 2.12769 3.1303 2.87435 2.0532
threshold=16.73499965667725 0.03152823922468951 0.44955065206084954 0.01931943482678903 0.0072208234198876129 -0.01399197761652987 0.023814289245349455
decision_type=2 8 2 2 2 2 2
left_child=3 6 -3 4 -1 -5 -2
right_child=1 2 -4 5 -6 -7 -8
leaf_value=4.4463214774186775e-05 -0.0002095916842480074 3.5543728390111933e-05 -0.0001806190696317208 -4.8527641775362967e-05 -0.0001584923901942784 0.00016093491765735966 -8.7720494220411886e-06
leaf_weight=203 55 194 76 33 68 80 37
leaf_count=203 55 194 76 33 68 80 37
internal_value=0 -0.00303867 -0.000740741 0.00286458 0.000461255 0.00862832 -0.00978261
internal_weight=746 362 270 384 271 113 92
internal_count=746 362 270 384 271 113 92
is_linear=0
shrinkage=0.05


Tree=5
num_leaves=8
num_cat=0
split_feature=1 1 9 14 16 4 14
split_gain=2.01324 2.26154 2.22355 2.28968 2.14313 1.82851 1.7234
threshold=0.026428988721048711 0.033685431934664674 0.15424347467265545 -0.01759756320211869 -0.037423739544768068 0.015762920321390043 -0.049735428455543622
decision_type=2 2 10 2 2 2 2
left_child=2 -2 3 5 -5 -1 -7
right_child=1 -3 -4 4 -6 6 -8
leaf_value=2.9924813410678321e-05 0.00019253576638590675 3.2710353184849022e-07 -0.00023171878996627675 7.7736507478087346e-05 -5.2702039643191033e-07 -3.8938102865622981e-05 -0.00021361577300193902
leaf_weight=35 47 100 31 28 308 94 94
leaf_count=35 47 100 31 28 308 94 94
internal_value=-0.000983718 0.0042517 -0.00228814 -0.0015653 0.00104167 -0.00549327 -0.00744681
internal_weight=737 147 590 559 336 223 188
internal_count=737 147 590 559 336 223 188
is_linear=0
shrinkage=0.05


Tree=6
num_leaves=8
num_cat=0
split_feature=13 14 9 3 3 13 13
split_gain=2.35558 2.61955 2.26444 3.56427 2.95317 3.18391 2.56608
threshold=20.714999198913578 0.090336443973437111 0.026595063612405382 -0.0032574227135856444 0.0026763502562057177 15.825000286102297 13.34500026702881
decision_type=2 2 8 2 2 2 2
left_child=1 2 4 -4 5 -1 -5
right_child=-2 -3 3 6 -6 -7 -8
leaf_value=0.00012505845868964719 -0.00011224046269409061 0.00019287587274538552 -0.00012980816390056261 -0.00012413690165460453 -0.00013957447057644451 -0.00015827729613897683 6.8670482767093098e-05
leaf_weight=43 114 36 84 54 36 47 332
leaf_count=43 114 36 84 54 36 47 332
internal_value=-0.000402145 0.000791139 0 0.00159574 -0.00595238 -0.00111111 0.00362694
internal_weight=746 632 596 470 126 90 386
internal_count=746 632 596 470 126 90 386
is_linear=0
shrinkage=0.05


Tree=7
num_leaves=8
num_cat=0
split_feature=9 9 3 5 3 15 14
split_gain=2.04892 2.65073 3.31968 2.15047 2.02328 2.28042 2.01196
threshold=0.1537886608174456 0.026595063612405382 0.0017953195492769194 0.015048485291070512 -0.0023864116230961625 -0.0099560758952793021 -0.0080681674930397889
decision_type=10 8 2 2 2 2 2
left_child=1 2 3 6 -3 -6 -1
right_child=-2 4 -4 -5 5 -7 -8
leaf_value=-0.00010024353603263303 -0.00018459784645091906 -0.00010784985724255182 -0.00019400923296320337 -0.00010552332241527606 0.00015289559611912515 4.3275969361903852e-05 0.00010530719382477257
leaf_weight=38 57 118 46 28 59 349 50
leaf_count=38 57 118 46 28 59 349 50
internal_value=-0.000100671 0.00065407 -0.00493827 -0.000431034 0.00237643 0.00404412 0.00340909
internal_weight=745 688 162 116 526 408 88
internal_count=745 688 162 116 526 408 88
is_linear=0
shrinkage=0.05


Tree=8
num_leaves=8
num_cat=0
split_feature=9 0 1 6 9 8 0
split_gain=2.42788 1.91269 1.83739 2.2555 2.30529 1.68438 1.67728
threshold=-1.0000000180025095e-35 0.010436880548451046 0.026428988721048711 0.3442840730516149 0.081870645334364958 -0.0030749740378013253 0.0033145008138052439
decision_type=8 2 2 2 10 10 2
left_child=5 2 3 -2 -5 6 -1
right_child=1 -3 -4 4 -6 -7 -8
leaf_value=-9.5327090801095162e-05 7.0360501314333101e-05 -0.0001017422996963279 0.00013346407757827887 9.333186394153691e-06 -0.00019218191606371103 -0.00018661413577280065 8.373839971529052e-05
leaf_weight=58 316 131 84 68 49 30 28
leaf_count=58 316 131 84 68 49 30 28
internal_value=0.000196335 0.00138889 0.00275629 0.00144342 -0.00448718 -0.00646552 -0.00290698
internal_weight=764 648 517 433 117 116 86
internal_count=764 648 517 433 117 116 86
is_linear=0
shrinkage=0.05


Tree=9
num_leaves=8
num_cat=0
split_feature=13 13 9 3 14 6 14
split_gain=2.32507 2.29514 2.20355 2.06424 1.98509 1.9413 1.8206
threshold=15.464999675750734 13.34500026702881 0.023584223862894053 -7.0152600158190901e-05 -0.019792958121071843 1.0759841280996454 0.054586954999164335
decision_type=2 2 8 2 2 2 2
left_child=1 3 6 -1 -5 -4 -2
right_child=2 -3 5 4 -6 -7 -8
leaf_value=0.00014000486470855256 -0.00017728342898416062 6.9666956141168973e-05 6.357874781585667e-06 -0.00017024057548586886 -7.5259413851233067e-06 -0.00013474689563447597 5.980160067373809e-05
leaf_weight=35 70 183 316 26 33 55 26
leaf_count=35 70 183 316 26 33 55 26
internal_value=-0.00047043 0.00315884 -0.00262313 -0.00319149 -0.00889831 -0.000876011 -0.009375
internal_weight=744 277 467 94 59 371 96
internal_count=744 277 467 94 59 371 96
is_linear=0
shrinkage=0.05


Tree=10
num_leaves=8
num_cat=0
split_feature=6 4 6 3 14 0 9
split_gain=2.46698 2.30019 1.82397 1.64337 1.81734 2.03651 1.59026
threshold=0.41463496762404839 0.017300570785350255 0.68258545385514757 -0.0023182928855099423 0.059971774713864064 -0.004343151037222547 0.16545551725744737
decision_type=2 2 2 2 2 2 8
left_child=1 -1 -2 -3 5 -5 -7
right_child=2 3 -4 4 -6 6 -8
leaf_value=7.9316395994812188e-05 -0.00022288766953971917 -8.7979403798111626e-05 -2.4629983001050931e-05 -0.00014483354793169429 0.00018823366889951 5.895836987275787e-05 -0.0001117529603695827
leaf_weight=187 47 100 157 50 35 135 38
leaf_count=187 47 100 157 50 35 135 38
internal_value=3.33778e-05 0.00178899 -0.00465686 -0.000558659 0.00155039 -0.000112108 0.00245665
internal_weight=749 545 204 358 258 223 173
internal_count=749 545 204 358 258 223 173
is_linear=0
shrinkage=0.05


Tree=11
num_leaves=8
num_cat=0
split_feature=1 1 14 16 9 6 15
split_gain=1.33093 2.35146 1.79312 1.8182 1.78622 1.63636 1.61863
threshold=0.026428988721048711 0.032005533046872821 -0.01786915050429105 0.01325084350745487 0.1537886608174456 -0.24698687077743256 0.0054975492909677967
decision_type=2 2 2 2 10 2 2
left_child=2 -2 3 -1 -4 -5 -3
right_child=1 6 4 5 -6 -7 -8
leaf_value=-0.00012904053267870523 0.00014053304846337869 -5.9453771838502076e-05 2.2156607418333296e-05 0.00011791154239405503 -6.4774723882600631e-05 -0.00015784577203134238 6.6656098424564431e-05
leaf_weight=144 39 64 340 44 26 44 46
leaf_count=144 39 64 340 44 26 44 46
internal_value=-3.34672e-05 0.00419463 -0.00108696 -0.00452586 0.0010929 0.00113636 0.000454545
internal_weight=747 149 598 232 366 88 110
internal_count=747 149 598 232 366 88 110
is_linear=0
shrinkage=0.05


Tree=12
num_leaves=8
num_cat=0
split_feature=6 15 5 1 6 6 12
split_gain=1.842 1.36826 1.50511 1.28505 1.81275 1.85128 1.55101
threshold=-1.2368576756461924 -0.011568631833059393 0.015162529246620099 0.026428988721048711 0.28626618222264283 0.8882461902633364 0.024994032932905811
decision_type=2 2 2 2 2 2 2
left_child=-1 -2 3 4 -3 -6 -5
right_child=1 2 -4 6 5 -7 -8
leaf_value=9.6312758155741538e-05 7.3139206707549859e-05 3.0218562259813403e-06 -0.00022285135469822862 6.4316267155822149e-05 -0.00015560666576547742 -1.0143103858902773e-05 -4.7919730277503836e-06
leaf_weight=41 108 300 52 61 60 65 47
leaf_count=41 108 300 52 61 60 65 47
internal_value=6.81199e-05 -0.000541126 -0.00149573 -0.000703565 -0.00194118 -0.007 0.00416667
internal_weight=734 693 585 533 425 125 108
internal_count=734 693 585 533 425 125 108
is_linear=0
shrinkage=0.05


end of trees

feature_importances:
dist_ma200=17
dvol_z_20=12
vix_chg_1d=12
vix_level=10
ret_5d=9
ret_1d=6
overnight_gap=6
atr_pct=4
sector_ret_1d=4
parkinson_20=3
dist_ma50=3
sector_ret_5d=3
dist_ma20=1
spy_ret_20d=1

parameters:
[boosting: gbdt]
[objective: quantile]
[metric: quantile]
[tree_learner: serial]
[device_type: cpu]
[data_sample_strategy: bagging]
[data: ]
[valid: ]
[num_iterations: 80]
[learning_rate: 0.05]
[num_leaves: 8]
[num_threads: 1]
[seed: 0]
[deterministic: 0]
[force_col_wise: 1]
[force_row_wise: 0]
[histogram_pool_size: -1]
[max_depth: -1]
[min_data_in_leaf: 25]
[min_sum_hessian_in_leaf: 0.001]
[bagging_fraction: 0.9]
[pos_bagging_fraction: 1]
[neg_bagging_fraction: 1]
[bagging_freq: 1]
[bagging_seed: 3]
[bagging_by_query: 0]
[feature_fraction: 0.9]
[feature_fraction_bynode: 1]
[feature_fraction_seed: 2]
[extra_trees: 0]
[extra_seed: 6]
[early_stopping_round: 0]
[early_stopping_min_delta: 0]
[first_metric_only: 0]
[max_delta_step: 0]
[lambda_l1: 0]
[lambda_l2: 0]
[linear_lambda: 0]
[min_gain_to_split: 0]
[drop_rate: 0.1]
[max_drop: 50]
[skip_drop: 0.5]
[xgboost_dart_mode: 0]
[uniform_drop: 0]
[drop_seed: 4]
[top_rate: 0.2]
[other_rate: 0.1]
[min_data_per_group: 100]
[max_cat_threshold: 32]
[cat_l2: 10]
[cat_smooth: 10]
[max_cat_to_onehot: 4]
[top_k: 20]
[monotone_constraints: ]
[monotone_constraints_method: basic]
[monotone_penalty: 0]
[feature_contri: ]
[forcedsplits_filename: ]
[refit_decay_rate: 0.9]
[cegb_tradeoff: 1]
[cegb_penalty_split: 0]
[cegb_penalty_feature_lazy: ]
[cegb_penalty_feature_coupled: ]
[path_smooth: 0]
[interaction_constraints: ]
[verbosity: -1]
[saved_feature_importance_type: 0]
[use_quantized_grad: 0]
[num_grad_quant_bins: 4]
[quant_train_renew_leaf: 0]
[stochastic_rounding: 1]
[linear_tree: 0]
[max_bin: 255]
[max_bin_by_feature: ]
[min_data_in_bin: 3]
[bin_construct_sample_cnt: 200000]
[data_random_seed: 1]
[is_enable_sparse: 1]
[enable_bundle: 1]
[use_missing: 1]
[zero_as_missing: 0]
[feature_pre_filter: 1]
[pre_partition: 0]
[two_round: 0]
[header: 0]
[label_column: ]
[weight_column: ]
[group_column: ]
[ignore_column: ]
[categorical_feature: ]
[forcedbins_filename: ]
[precise_float_parser: 0]
[parser_config_file: ]
[objective_seed: 5]
[num_class: 1]
[is_unbalance: 0]
[scale_pos_weight: 1]
[sigmoid: 1]
[boost_from_average: 1]
[reg_sqrt: 0]
[alpha: 0.5]
[fair_c: 1]
[poisson_max_delta_step: 0.7]
[tweedie_variance_power: 1.5]
[lambdarank_truncation_level: 30]
[lambdarank_norm: 1]
[label_gain: ]
[lambdarank_position_bias_regularization: 0]
[eval_at: ]
[multi_error_top_k: 1]
[auc_mu_weights: ]
[num_machines: 1]
[local_listen_port: 12400]
[time_out: 120]
[machine_list_filename: ]
[machines: ]
[gpu_platform_id: -1]
[gpu_device_id: -1]
[gpu_device_id_list: ]
[gpu_use_dp: 0]
[num_gpu: 1]

end of parameters

pandas_categorical:[]
