tree
version=v4
num_class=1
num_tree_per_iteration=1
label_index=0
max_feature_idx=16
objective=quantile
feature_names=ret_1d ret_5d ret_20d overnight_gap atr_pct parkinson_20 dvol_z_20 dist_ma20 dist_ma50 dist_ma200 spy_ret_1d spy_ret_5d spy_ret_20d vix_level vix_chg_1d sector_ret_1d sector_ret_5d
feature_infos=[-0.10135998535156254:0.1545372848677502] [-0.13385766276159017:0.21922730843455973] [-0.1588773799015647:0.39147906415486089] [-0.072400024414062458:0.1170791159479212] [0.013729087462533629:0.063967047555260267] [0.0083504102480181502:0.035715403573349729] [-2.0855863029452149:4.2766481823073246] [-0.12917753570603285:0.19763699991695227] [-0.1309104218490712:0.22383417598329713] [-0.041092380236739778:0.49248216144947876] [-0.058542971330535654:0.10501930183911301] [-0.11496151859245618:0.082843162776128354] [-0.1226559005192206:0.15756591020035837] [11.859999656677246:52.330001831054688] [-0.35753873962348437:0.74039073966007019] [-0.062852571542473257:0.088816390052506744] [-0.11675896877857916:0.085294626879873769]
tree_sizes=811 847 857 856 855 851 858 852 865 859 855 858 851 854 861 863 864 848 858

Tree=0
num_leaves=8
num_cat=0
split_feature=13 6 9 9 15 6 6
split_gain=6.34551 6.09865 4.26465 3.19938 2.37409 2.139 3.43871
threshold=14.059999942779543 -0.37076793310429995 0.38995799039244478 0.19840330268044484 0.0011481298285909161 0.72234428439290832 0.01757040772191127
decision_type=2 2 8 8 2 2 2
left_child=4 3 5 -2 -1 6 -3
right_child=1 2 -4 -5 -6 -7 -8
leaf_value=0.010515012126415969 0.010845515644177794 0.0107588529586792 0.010553120053373277 0.010450863977894187 0.010356984310783445 0.0109724011272192 0.01057230643928051
leaf_weight=73 38 79 98 191 83 103 85
leaf_count=73 38 79 98 191 83 103 85
internal_value=0.0105783 0.0129352 0.0169482 0.006539 0.00160394 0.0202225 0.0166759
internal_weight=750 594 365 229 156 267 164
internal_count=750 594 365 229 156 267 164
is_linear=0
shrinkage=1


Tree=1
num_leaves=8
num_cat=0
split_feature=13 9 5 14 16 9 0
split_gain=5.77737 4.7287 3.51562 2.8008 2.67896 2.56253 2.29443
threshold=13.934999942779543 0.38638374053367469 0.020238873093292541 -0.0080681674930397889 0.0099479331042453562 0.24499217343507976 -0.020507990656052241
decision_type=2 8 2 2 2 10 2
left_child=-1 2 6 4 -3 -4 -2
right_child=1 3 5 -5 -6 -7 -8
leaf_value=-0.00014026731019839647 0.0004832892678678036 0.00018583029741421343 0.0002166474657133222 -0.00016066586831584573 -6.8802793975919485e-05 -0.00022145665367133915 0.00013063436374068259
leaf_weight=146 33 46 42 101 41 38 287
leaf_count=146 33 46 42 101 41 38 287
internal_value=0.000340599 0.00255102 0.005625 -0.00398936 0.00258621 -0.00375 0.00796875
internal_weight=734 588 400 188 87 80 320
internal_count=734 588 400 188 87 80 320
is_linear=0
shrinkage=0.05


Tree=2
num_leaves=8
num_cat=0
split_feature=6 11 8 14 4 8 0
split_gain=5.97084 5.3134 2.87968 2.75443 2.43742 2.30497 2.46435
threshold=0.68573501903476786 -0.023324981642921735 0.079392208671185918 -0.068623004427642229 0.025931551560634414 0.072761153488723598 0.01377688137477995
decision_type=2 2 8 2 2 10 2
left_child=1 -1 3 -3 -2 6 -5
right_child=4 2 -4 5 -6 -7 -8
leaf_value=0.00044347339635714893 8.6644637398421769e-05 0.00022959360014647244 -0.00014388200000394142 -1.814277819357814e-05 0.00039073694963008164 0.00013458679523319005 -0.0002543078656308353
leaf_weight=45 95 35 205 237 71 26 35
leaf_count=45 95 35 205 237 71 26 35
internal_value=-0.000233645 -0.00261578 -0.00399628 -0.00112613 0.00813253 -0.00268456 -0.00404412
internal_weight=749 583 538 333 166 298 272
internal_count=749 583 538 333 166 298 272
is_linear=0
shrinkage=0.05


Tree=3
num_leaves=8
num_cat=0
split_feature=11 13 6 14 1 9 11
split_gain=5.15294 2.91716 3.03961 2.66928 3.76788 2.26635 1.70508
threshold=-0.003308881386918205 20.335000038146976 -0.96190283779777697 -0.011938112467112181 -0.0051733721386627565 0.38441395182555643 0.0049014316460139771
decision_type=2 2 2 2 2 8 2
left_child=5 2 -2 -4 6 -1 -5
right_child=1 -3 3 4 -6 -7 -8
leaf_value=0.00017716460587107578 -0.00015899174547812442 0.0002118250609957613 2.6832033233949867e-05 0.00034433695557527244 -0.00018847190315718771 -1.5025448647793417e-05 -8.9580246218247403e-05
leaf_weight=175 54 36 194 27 155 68 34
leaf_count=175 54 36 194 27 155 68 34
internal_value=0.000302826 -0.0026 -0.00366379 -0.00219512 -0.00601852 0.00627572 0.0045082
internal_weight=743 500 464 410 216 243 61
internal_count=743 500 464 410 216 243 61
is_linear=0
shrinkage=0.05


Tree=4
num_leaves=8
num_cat=0
split_feature=4 6 12 8 15 9 9
split_gain=5.83374 4.19867 3.17919 3.16894 2.00154 1.95571 2.17197
threshold=0.021045401485731873 0.7847310904132806 0.012875909391154241 0.14113148030702508 0.00062506969054787487 0.28524259236363952 0.22660723246708639
decision_type=2 2 2 8 2 10 10
left_child=-1 2 3 5 -4 6 -2
right_child=1 -3 4 -5 -6 -7 -8
leaf_value=-7.8563135868535078e-05 0.00026881823594929297 0.00030944652827194659 3.8328992427268467e-05 -0.00017521940658727546 -0.00014610750395484506 0.00019964579415420299 -0.00019858850450254979
leaf_weight=276 100 110 79 31 97 26 27
leaf_count=276 100 110 79 31 97 26 27
internal_value=0.000335121 0.0037234 0.00111111 0.00570652 -0.00369318 0.00866013 0.00610236
internal_weight=746 470 360 184 176 153 127
internal_count=746 470 360 184 176 153 127
is_linear=0
shrinkage=0.05


Tree=5
num_leaves=8
num_cat=0
split_feature=6 9 12 5 6 8 9
split_gain=3.82114 3.95315 3.27833 2.05496 2.13038 1.88397 1.73545
threshold=1.5693960583598283 0.13316896329282205 0.0094949334570126904 0.011313686861956466 -1.067415979392029 0.079860098396457149 0.4045104515514269
decision_type=2 8 2 2 2 8 10
left_child=1 -1 3 -3 -5 -6 -4
right_child=-2 2 6 4 5 -7 -8
leaf_value=0.00021224936032701949 0.00029797788211268378 -0.00013520581008893718 -6.0939841986997709e-05 -0.00023722145080590421 0.00022869872498542822 -1.8640240569315226e-05 -0.00018081739812732673
leaf_weight=41 72 36 353 25 123 51 36
leaf_count=41 72 36 353 25 123 51 36
internal_value=0.000169607 -0.00101504 -0.00200321 0.00265957 0.00464824 0.0066092 -0.00482005
internal_weight=737 665 624 235 199 174 389
internal_count=737 665 624 235 199 174 389
is_linear=0
shrinkage=0.05


Tree=6
num_leaves=8
num_cat=0
split_feature=13 9 6 11 16 13 15
split_gain=5.02027 4.82301 3.66631 2.63402 2.20841 1.76282 2.13227
threshold=13.934999942779543 0.38995799039244478 -0.37076793310429995 -0.0073194397976522043 0.0083304878034657932 19.295000076293949 0.0074072914135810972
decision_type=2 8 2 2 2 2 2
left_child=-1 2 3 -2 -5 6 -3
right_child=1 5 -4 4 -6 -7 -8
leaf_value=-0.00012924395307297305 9.8090069319588336e-05 -0.00015869300548063925 0.00015061176434322693 -0.00023145353244736073 3.074655648328253e-05 0.00021063317881899011 1.8900803475844663e-05
leaf_weight=148 47 105 278 52 45 33 38
leaf_count=148 47 105 278 52 45 33 38
internal_value=-0.000201072 0.00183946 0.00473934 -0.00173611 -0.0064433 -0.00511364 -0.00751748
internal_weight=746 598 422 144 97 176 143
internal_count=746 598 422 144 97 176 143
is_linear=0
shrinkage=0.05


Tree=7
num_leaves=8
num_cat=0
split_feature=2 6 11 12 15 8 6
split_gain=3.57179 2.62741 3.44992 2.82802 2.29609 2.01166 1.50298
threshold=-0.07334992534281036 0.72234428439290832 -0.023324981642921735 0.023812257227728287 0.011722306013954078 0.14113148030702508 1.5693960583598283
decision_type=2 2 2 2 2 8 2
left_child=-1 2 -2 -3 5 -4 -5
right_child=1 3 4 6 -6 -7 -8
leaf_value=0.0002788506026461265 0.00032082245738403506 0.00027014339921092791 -5.1421237331533313e-05 -0.00013382624945606361 5.1710292738316008e-05 -0.00016297121638057376 0.00019073296614526881
leaf_weight=30 43 97 394 30 51 69 31
leaf_count=30 43 97 394 30 51 69 31
internal_value=-0.000234899 -0.000944056 -0.00255835 0.00474684 -0.0036965 -0.00480562 -0.00368852
internal_weight=745 715 557 158 514 463 61
internal_count=745 715 557 158 514 463 61
is_linear=0
shrinkage=0.05


Tree=8
num_leaves=8
num_cat=0
split_feature=13 9 6 11 15 10 15
split_gain=4.80733 3.77119 2.60482 3.05095 2.31498 2.33453 1.83618
threshold=13.934999942779543 0.4003033076377876 -0.37076793310429995 -0.017068850621732742 0.0074072914135810972 -0.00083775227081622761 -0.0042783515257603369
decision_type=2 8 2 2 2 2 2
left_child=-1 2 3 -2 5 -3 -4
right_child=1 4 6 -5 -6 -7 -8
leaf_value=-0.00011438351294993316 0.00031087387419205314 -4.1296559704469708e-05 0.00027731616583841234 -5.4851404685202009e-05 7.3904868399291443e-05 -0.00028016559530436795 0.00010763717377073887
leaf_weight=152 26 69 88 136 46 50 197
leaf_count=152 26 69 88 136 46 50 197
internal_value=0.00039267 0.00236928 0.00475391 -0.000308642 -0.00409091 -0.00777311 0.00763158
internal_weight=764 612 447 162 165 119 285
internal_count=764 612 447 162 165 119 285
is_linear=0
shrinkage=0.05


Tree=9
num_leaves=8
num_cat=0
split_feature=13 9 13 14 5 16 12
split_gain=4.27791 2.79342 3.22516 2.56872 2.51729 1.80892 1.63016
threshold=25.505000114440922 0.39969890127023294 13.869999885559084 -0.0080681674930397889 0.020346282000201988 0.0045931003912819133 0.0037862010061723299
decision_type=2 8 2 2 2 2 2
left_child=1 2 3 -1 6 -3 -4
right_child=-2 5 4 -5 -6 -7 -8
leaf_value=1.9022524052781864e-05 0.00094612465180166766 -7.9002054072398357e-06 0.00021282285568728805 -0.00012919039967826518 -4.1302415727675123e-05 -0.0001547688870928635 5.1583823003764108e-05
leaf_weight=44 28 109 101 51 62 100 249
leaf_count=44 28 109 101 51 62 100 249
internal_value=0.00047043 -0.00027933 0.00172584 -0.00657895 0.00364078 -0.00514354 0.00528571
internal_weight=744 716 507 95 412 209 350
internal_count=744 716 507 95 412 209 350
is_linear=0
shrinkage=0.05


Tree=10
num_leaves=8
num_cat=0
split_feature=12 6 9 6 9 7 11
split_gain=3.45419 4.40709 3.10888 2.43122 2.11558 1.63333 1.47863
threshold=0.012875909391154241 -1.1381197947394712 -0.022217446638350787 1.7989903026925265 0.14125416288514073 0.018007892236695858 0.01081338505568419
decision_type=2 2 10 2 8 2 2
left_child=1 -1 -3 4 -2 -6 -7
right_child=3 2 -4 -5 5 6 -8
leaf_value=-0.00024288739106145021 0.00012048329196270315 -3.9149921421533258e-05 0.00017994186215180451 0.00019865063472884962 -0.0001507794546268664 2.5025073945682614e-06 -0.00012273087969435188
leaf_weight=29 26 80 199 40 125 127 123
leaf_count=29 26 80 199 40 125 127 123
internal_value=-0.000166889 0.0038961 0.00582437 -0.00300454 -0.00417706 -0.00513333 -0.0028
internal_weight=749 308 279 441 401 375 250
internal_count=749 308 279 441 401 375 250
is_linear=0
shrinkage=0.05


Tree=11
num_leaves=8
num_cat=0
split_feature=5 11 6 9 14 0 0
split_gain=3.18712 3.10467 2.41127 1.93977 1.86935 1.78033 2.06347
threshold=0.011166112922162328 -0.0028065543471134653 2.1304248602410412 0.22893438943568425 -0.041031725575055404 0.014068961360360068 -0.0082210894955498919
decision_type=2 2 2 8 2 2 2
left_child=-1 -2 3 4 -3 6 -5
right_child=1 2 -4 5 -6 -7 -8
leaf_value=-0.00014096773813017504 0.00011631823232739064 0.00039577728850318276 0.00037163227295733343 -0.0001432404818955231 2.3773820248398221e-06 -0.00014480120285549568 9.3901127274705499e-06
leaf_weight=113 202 27 27 49 73 64 192
leaf_count=113 202 27 27 49 73 64 192
internal_value=0.000435074 0.00181388 -0.000578704 -0.00154321 0.0045 -0.00352459 -0.00155602
internal_weight=747 634 432 405 100 305 241
internal_count=747 634 432 405 100 305 241
is_linear=0
shrinkage=0.05


Tree=12
num_leaves=8
num_cat=0
split_feature=13 6 6 6 3 9 11
split_gain=3.61555 3.80126 3.20363 3.54832 2.71066 2.572 2.05006
threshold=13.869999885559084 -0.37076793310429995 0.01757040772191127 0.72234428439290832 0.00079677913993236882 0.20783105825680029 0.0063364892264597969
decision_type=2 2 2 2 2 8 2
left_child=6 5 -3 4 -4 -2 -1
right_child=1 2 3 -5 -6 -7 -8
leaf_value=1.1718129189818711e-05 0.00027858959420076806 0.00012059673540977452 5.1529190658828339e-05 0.00024049237038274805 -0.00018350748613140471 -6.2663653864964647e-05 -0.00016713757206654155
leaf_weight=47 44 108 68 132 57 187 91
leaf_count=47 44 108 68 132 57 187 91
internal_value=0.000408719 0.00209732 0.00527397 0.00223735 -0.0038 -0.00292208 -0.00688406
internal_weight=734 596 365 257 125 231 138
internal_count=734 596 365 257 125 231 138
is_linear=0
shrinkage=0.05


Tree=13
num_leaves=8
num_cat=0
split_feature=5 6 13 6 12 0 6
split_gain=3.72043 2.438 2.21711 3.45422 2.09873 2.15363 1.60249
threshold=0.013930264827499202 1.5466426630492502 13.869999885559084 -0.88744275101218772 0.013329890655183642 0.01377688137477995 -1.067415979392029
decision_type=2 2 2 2 2 2 2
left_child=2 4 -1 -4 6 -6 -2
right_child=1 -3 3 -5 5 -7 -8
leaf_value=-0.00015264170236353741 -0.00012896390466768509 0.00034102604079032931 -0.00016852754438474615 1.8450979695536652e-05 2.4146330582354004e-05 -0.00013585429484577784 0.00012553942271677446
leaf_weight=108 26 43 30 184 154 39 161
leaf_count=108 26 43 30 184 154 39 161
internal_value=0.000167785 0.00325059 -0.00388199 -0.000934579 0.00197368 -0.00168394 0.00574866
internal_weight=745 423 322 214 380 193 187
internal_count=745 423 322 214 380 193 187
is_linear=0
shrinkage=0.05


Tree=14
num_leaves=8
num_cat=0
split_feature=5 2 12 7 5 3 14
split_gain=3.27996 2.98996 2.37327 2.76666 2.29042 2.2881 2.15952
threshold=0.011166112922162328 -0.06962762805951854 0.0048491257127185614 -0.0043183715706311956 0.020371066822048454 -0.0014644596385111617 -0.068623004427642229
decision_type=2 2 2 2 2 2 2
left_child=5 -2 3 -3 -5 -1 -4
right_child=1 2 6 4 -6 -7 -8
leaf_value=1.2689137999468987e-05 0.00030043005073316839 -3.280934329130212e-05 -0.00012640039823234956 0.00023593310934780779 -4.6432069081467962e-05 -0.00017683008056986339 -7.2127808036811895e-06
leaf_weight=42 30 73 35 81 30 70 358
leaf_count=42 30 73 35 81 30 70 358
internal_value=-0.000173853 0.00127677 0.000476603 0.00516304 0.0101351 -0.00803571 -0.00171756
internal_weight=719 607 577 184 111 112 393
internal_count=719 607 577 184 111 112 393
is_linear=0
shrinkage=0.05


Tree=15
num_leaves=8
num_cat=0
split_feature=11 8 5 14 10 5 8
split_gain=3.18703 2.04645 2.42722 2.64077 4.15042 2.04114 1.99238
threshold=-0.022672211523631577 0.079392208671185918 0.013618865563472604 -0.039477048520880569 -0.00020808109627140634 0.019643858122936928 0.091790518616076469
decision_type=2 8 2 2 2 2 10
left_child=-1 2 3 -2 -5 -4 -3
right_child=1 6 5 4 -6 -7 -8
leaf_value=0.00033235580299163531 7.1041668533057024e-05 -0.00014825953146494752 0.00011921255023309769 2.995872209746952e-05 -0.00019943276504000128 -6.0857149943299676e-05 -1.4567303855992503e-05
leaf_weight=62 46 72 187 78 58 52 188
leaf_count=62 46 72 187 78 58 52 188
internal_value=0.000437416 -0.000550661 0.00160333 -0.00274725 -0.00625 0.00491632 -0.00403846
internal_weight=743 681 421 182 136 239 260
internal_count=743 681 421 182 136 239 260
is_linear=0
shrinkage=0.05


Tree=16
num_leaves=8
num_cat=0
split_feature=12 15 13 6 6 3 15
split_gain=2.94027 2.73134 2.13224 3.10919 1.69835 1.58148 2.07982
threshold=0.0037862010061723299 -0.0035766982211415384 13.934999942779543 0.9117374966196482 -0.97301362579308248 0.0012590108213530462 -0.0088102283290973343
decision_type=2 2 2 2 2 2 2
left_child=4 5 -3 -4 -1 6 -2
right_child=1 2 3 -5 -6 -7 -8
leaf_value=-0.00010469758377271012 -0.0001879777571731107 -0.00010806249096610293 -5.3710987238900485e-05 0.00020513023035452602 0.00011271184283816738 0.00021155463428974283 6.5960182327213683e-05
leaf_weight=36 31 114 227 44 205 50 50
leaf_count=36 31 114 227 44 205 50 50
internal_value=-9.90753e-05 -0.00222868 -0.00435065 -0.00193727 0.00446058 0.00400763 -0.000308642
internal_weight=757 516 385 271 241 131 81
internal_count=757 516 385 271 241 131 81
is_linear=0
shrinkage=0.05


Tree=17
num_leaves=8
num_cat=0
split_feature=11 6 5 2 9 14 15
split_gain=2.9399 2.6996 1.98562 1.84889 1.83231 1.79946 1.485
threshold=0.0057915448439024306 -0.98337875486025672 0.013407852425937292 0.046116655961197302 0.38995799039244478 -0.008595690120394071 0.0030274234133490512
decision_type=2 2 2 2 8 2 2
left_child=1 -1 6 5 -5 -2 -3
right_child=3 2 -4 4 -6 -7 -8
leaf_value=-6.2133401411579387e-05 7.9554599058924433e-05 -2.528201720049528e-05 0.00011118667181039414 -2.203933539053505e-05 -0.00014034949307456542 -5.7806921820972814e-05 4.9021062225130217e-05
leaf_weight=38 91 100 215 127 69 74 32
leaf_count=38 91 100 215 127 69 74 32
internal_value=0.000402145 0.00344156 0.00482709 -0.00283934 -0.00612245 0.00106061 0
internal_weight=746 385 347 361 196 165 132
internal_count=746 385 347 361 196 165 132
is_linear=0
shrinkage=0.05


Tree=18
num_leaves=8
num_cat=0
split_feature=2 11 6 13 9 14 4
split_gain=2.4904 1.80149 2.73893 1.70513 1.49155 1.50149 1.43614
threshold=-0.06962762805951854 0.0093718282563531891 -0.98337875486025672 19.625000000000004 0.45410769079190133 -0.0078563959177023728 0.019961346956220722
decision_type=2 2 2 2 8 2 2
left_child=-1 2 -2 6 -4 -6 -3
right_child=1 3 4 -5 5 -7 -8
leaf_value=0.00024252155795166349 -0.00013852771586786729 -0.0001714837028590988 3.3934065003890079e-05 0.00017640310244689973 3.0069920007358595e-05 -0.00011661971430969778 -4.7742542992445554e-05
leaf_weight=38 46 60 293 26 41 62 187
leaf_count=38 46 60 293 26 41 62 187
internal_value=-0.00063081 -0.00129371 0.000678733 -0.00448718 0.0020202 -0.00315534 -0.00576923
internal_weight=753 715 442 273 396 103 247
internal_count=753 715 442 273 396 103 247
is_linear=0
shrinkage=0.05


end of trees

feature_importances:
dvol_z_20=25
dist_ma200=18
spy_ret_5d=12
vix_level=12
parkinson_20=10
vix_chg_1d=9
sector_ret_1d=9
spy_ret_20d=8
dist_ma50=7
ret_1d=5
ret_20d=4
overnight_gap=3
atr_pct=3
sector_ret_5d=3
dist_ma20=2
spy_ret_1d=2
ret_5d=1

parameters:
[boosting: gbdt]
[objective: quantile]
[metric: quantile]
[tree_learner: serial]
[device_type: cpu]
[data_sample_strategy: bagging]
[data: ]
[valid: ]
[num_iterations: 80]
[learning_rate: 0.05]
[num_leaves: 8]
[num_threads: 1]
[seed: 0]
[deterministic: 0]
[force_col_wise: 1]
[force_row_wise: 0]
[histogram_pool_size: -1]
[max_depth: -1]
[min_data_in_leaf: 25]
[min_sum_hessian_in_leaf: 0.001]
[bagging_fraction: 0.9]
[pos_bagging_fraction: 1]
[neg_bagging_fraction: 1]
[bagging_freq: 1]
[bagging_seed: 3]
[bagging_by_query: 0]
[feature_fraction: 0.9]
[feature_fraction_bynode: 1]
[feature_fraction_seed: 2]
[extra_trees: 0]
[extra_seed: 6]
[early_stopping_round: 0]
[early_stopping_min_delta: 0]
[first_metric_only: 0]
[max_delta_step: 0]
[lambda_l1: 0]
[lambda_l2: 0]
[linear_lambda: 0]
[min_gain_to_split: 0]
[drop_rate: 0.1]
[max_drop: 50]
[skip_drop: 0.5]
[xgboost_dart_mode: 0]
[uniform_drop: 0]
[drop_seed: 4]
[top_rate: 0.2]
[other_rate: 0.1]
[min_data_per_group: 100]
[max_cat_threshold: 32]
[cat_l2: 10]
[cat_smooth: 10]
[max_cat_to_onehot: 4]
[top_k: 20]
[monotone_constraints: ]
[monotone_constraints_method: basic]
[monotone_penalty: 0]
[feature_contri: ]
[forcedsplits_filename: ]
[refit_decay_rate: 0.9]
[cegb_tradeoff: 1]
[cegb_penalty_split: 0]
[cegb_penalty_feature_lazy: ]
[cegb_penalty_feature_coupled: ]
[path_smooth: 0]
[interaction_constraints: ]
[verbosity: -1]
[saved_feature_importance_type: 0]
[use_quantized_grad: 0]
[num_grad_quant_bins: 4]
[quant_train_renew_leaf: 0]
[stochastic_rounding: 1]
[linear_tree: 0]
[max_bin: 255]
[max_bin_by_feature: ]
[min_data_in_bin: 3]
[bin_construct_sample_cnt: 200000]
[data_random_seed: 1]
[is_enable_sparse: 1]
[enable_bundle: 1]
[use_missing: 1]
[zero_as_missing: 0]
[feature_pre_filter: 1]
[pre_partition: 0]
[two_round: 0]
[header: 0]
[label_column: ]
[weight_column: ]
[group_column: ]
[ignore_column: ]
[categorical_feature: ]
[forcedbins_filename: ]
[precise_float_parser: 0]
[parser_config_file: ]
[objective_seed: 5]
[num_class: 1]
[is_unbalance: 0]
[scale_pos_weight: 1]
[sigmoid: 1]
[boost_from_average: 1]
[reg_sqrt: 0]
[alpha: 0.5]
[fair_c: 1]
[poisson_max_delta_step: 0.7]
[tweedie_variance_power: 1.5]
[lambdarank_truncation_level: 30]
[lambdarank_norm: 1]
[label_gain: ]
[lambdarank_position_bias_regularization: 0]
[eval_at: ]
[multi_error_top_k: 1]
[auc_mu_weights: ]
[num_machines: 1]
[local_listen_port: 12400]
[time_out: 120]
[machine_list_filename: ]
[machines: ]
[gpu_platform_id: -1]
[gpu_device_id: -1]
[gpu_device_id_list: ]
[gpu_use_dp: 0]
[num_gpu: 1]

end of parameters

pandas_categorical:[]
