tree
version=v4
num_class=1
num_tree_per_iteration=1
label_index=0
max_feature_idx=16
objective=quantile
feature_names=ret_1d ret_5d ret_20d overnight_gap atr_pct parkinson_20 dvol_z_20 dist_ma20 dist_ma50 dist_ma200 spy_ret_1d spy_ret_5d spy_ret_20d vix_level vix_chg_1d sector_ret_1d sector_ret_5d
feature_infos=[-0.15958335664537215:0.11646907772566117] [-0.26165640033524462:0.13423140135537226] [-0.31358800661624264:0.25702698166305948] [-0.11999999152289498:0.1013309563953968] [0.015023079585214375:0.075138183435850173] [0.010036848234706621:0.036184999222173629] [-1.7783372691708772:4.2935480456312103] [-0.2471305660516917:0.12299267106949729] [-0.30214215464577632:0.18307218014193438] [-0.30272338481116456:0.25668121588093196] [-0.058542971330535654:0.10501930183911301] [-0.11496151859245618:0.082843162776128354] [-0.1226559005192206:0.15756591020035837] [11.859999656677246:52.330001831054688] [-0.35753873962348437:0.74039073966007019] [-0.05484528635308028:0.043465174951121455] [-0.079035639478724384:0.068782341876153064]
tree_sizes=826 860 866 856 863 871 860 867 865 865 868 862 869

Tree=0
num_leaves=8
num_cat=0
split_feature=8 12 6 12 12 15 3
split_gain=0.931754 0.571969 0.982717 0.826803 0.765509 0.68323 0.651629
threshold=-0.11359662695815463 0.0027925929369287954 1.0329559757311924 0.048426875368409401 0.055910594976570589 0.0050345823344430949 -0.0070759099401139771
decision_type=8 2 2 2 2 2 2
left_child=-1 2 5 -3 -5 6 -2
right_child=1 3 -4 4 -6 -7 -8
leaf_value=0.022091575225411119 0.02105323499219559 0.021190253914109735 0.021624595659625268 0.02185367308500865 0.021344581383456074 0.021212760171987061 0.021929327338754034
leaf_weight=35 26 405 25 32 65 44 114
leaf_count=35 26 405 25 32 65 44 114
internal_value=0.02134 0.0209479 0.0231458 0.0200329 0.0241792 0.021882 0.0235901
internal_weight=746 711 209 502 97 184 140
internal_count=746 711 209 502 97 184 140
is_linear=0
shrinkage=1


Tree=1
num_leaves=8
num_cat=0
split_feature=5 11 9 5 0 3 0
split_gain=1.85657 0.616417 0.606058 1.17098 0.47619 0.432945 0.428129
threshold=0.024162493769476375 -0.028186654574093969 -0.059274729920367135 0.014114428038344966 -0.0055886793403596693 -0.010353270038251259 0.020012230295688997
decision_type=2 2 8 2 2 2 2
left_child=1 -1 3 -3 -5 -4 -7
right_child=-2 2 5 4 -6 6 -8
leaf_value=0.00057943866397293885 0.0010530070689683691 0.000506093076378714 0.00043206707485083219 0.00036121869743711794 -0.00037033338164152977 -0.00019408515022319769 5.3350960244123036e-05
leaf_weight=38 29 38 26 30 40 476 56
leaf_count=38 29 38 26 30 40 476 56
internal_value=-0.000156891 -0.000667615 -0.00102102 0.00240741 -0.00142857 -0.00168459 -0.00199248
internal_weight=733 704 666 108 70 558 532
internal_count=733 704 666 108 70 558 532
is_linear=0
shrinkage=0.05


Tree=2
num_leaves=8
num_cat=0
split_feature=9 6 8 12 12 4 0
split_gain=2.2042 0.641849 0.753077 0.678289 0.558391 0.712064 0.696298
threshold=-0.1496815946939383 -0.86619124376787882 -0.12354913448218506 0.048021249302454556 0.0048491257127185614 0.028504130464474791 0.0097474140516437009
decision_type=8 2 10 2 2 2 2
left_child=-1 -2 -3 4 5 6 -4
right_child=1 2 3 -5 -6 -7 -8
leaf_value=0.0010074210780304099 -0.00048934181040969445 0.00036715874675545058 0.00023166467832726398 0.00031079518322677343 -0.00018638641182361864 -0.00022436930906497991 0.00052491462147671929
leaf_weight=40 101 27 82 65 341 59 30
leaf_count=40 101 27 82 65 341 59 30
internal_value=-0.000167786 -0.000815604 -0.000198677 -0.00058059 -0.00119141 0.00114035 0.00348214
internal_weight=745 705 604 577 512 171 112
internal_count=745 705 604 577 512 171 112
is_linear=0
shrinkage=0.05


Tree=3
num_leaves=8
num_cat=0
split_feature=13 9 3 12 6 9 12
split_gain=1.11535 1.16748 0.618306 0.545381 0.671176 0.82672 0.505686
threshold=23.409999847412113 -0.088612743861833307 -0.010353270038251259 0.048021249302454556 -0.61525557246029761 -0.15683392115335551 0.01698171514572289
decision_type=2 8 2 2 2 10 2
left_child=2 -2 -1 6 -5 -6 -4
right_child=1 -3 3 4 5 -7 -8
leaf_value=0.00047876645335677729 0.0010136103064711927 -6.8909931013599413e-05 -2.0519279271549599e-05 -0.0007804404754101317 -0.00027594108888686681 0.00050562391770113434 -0.00033787888702717405
leaf_weight=32 26 37 276 33 27 36 270
leaf_count=32 26 37 276 33 27 36 270
internal_value=-0.000251019 0.00611111 -0.000845699 -0.0011838 0.00229167 0.00531746 -0.00179487
internal_weight=737 63 674 642 96 63 546
internal_count=737 63 674 642 96 63 546
is_linear=0
shrinkage=0.05


Tree=4
num_leaves=8
num_cat=0
split_feature=9 6 8 1 5 0 12
split_gain=1.21936 0.625188 0.702153 0.510418 0.746026 0.512821 0.405285
threshold=-0.1496815946939383 -0.86619124376787882 -0.12354913448218506 0.013820569747574731 0.012814399940985792 -0.0076902541279719175 0.048426875368409401
decision_type=8 2 10 2 2 2 2
left_child=-1 -2 -3 6 -5 -6 -4
right_child=1 2 3 4 5 -7 -8
leaf_value=0.0011121849923314247 -0.00045433214233700026 0.00033400125412618982 -0.0001654905917263657 0.00038203512297786278 0.00036304868407938806 -4.0440405746560407e-05 0.0004974521893165156
leaf_weight=36 107 27 339 44 26 130 34
leaf_count=36 107 27 339 44 26 130 34
internal_value=-8.74844e-05 -0.000544556 8.33321e-05 -0.000287959 0.00175 0.000128204 -0.0013807
internal_weight=743 707 600 573 200 156 373
internal_count=743 707 600 573 200 156 373
is_linear=0
shrinkage=0.05


Tree=5
num_leaves=8
num_cat=0
split_feature=8 6 12 11 11 1 1
split_gain=1.41076 0.555032 0.919457 0.963291 0.583354 0.370621 0.558141
threshold=-0.11359662695815463 -0.86619124376787882 0.048021249302454556 0.0081473860033931551 -0.026323618530511902 0.013820569747574731 0.029505031615534087
decision_type=8 2 2 2 2 2 2
left_child=-1 -2 4 -4 -3 -6 -7
right_child=1 2 3 -5 5 6 -8
leaf_value=0.00053005782810940821 -0.00046975774571550081 0.00052177811474064535 0.00056306248595216634 3.7109317841177113e-06 -0.00019635848867348909 0.00042113754546237197 -0.00020661474406912905
leaf_weight=39 104 33 29 45 313 57 112
leaf_count=39 104 33 29 45 313 57 112
internal_value=-0.000150274 -0.000670997 -7.64019e-05 0.00513513 -0.000825244 -0.00126556 0.000621301
internal_weight=732 693 589 74 515 482 169
internal_count=732 693 589 74 515 482 169
is_linear=0
shrinkage=0.05


Tree=6
num_leaves=8
num_cat=0
split_feature=9 13 16 14 13 13 12
split_gain=0.845887 0.75933 0.582864 0.65147 0.523248 0.96096 0.371784
threshold=-0.062135286946726813 17.164999961853031 -0.0050369959408519396 -0.003811601511204465 19.880000114440922 20.865000724792484 0.0048491257127185614
decision_type=8 2 2 2 2 2 2
left_child=1 -1 3 -3 6 -6 -2
right_child=4 2 -4 -5 5 -7 -8
leaf_value=0.00049565735902059585 1.9013232755838297e-05 0.00097861910310341796 -0.00043682536571775762 -5.280035137436598e-05 0.00046548583953779385 -0.00015958072123929045 -0.00022981130651553627
leaf_weight=30 120 27 40 34 32 60 401
leaf_count=30 120 27 40 34 32 60 401
internal_value=-0.000631722 0.00301527 0.000940593 0.00401639 -0.00141109 0.00206522 -0.00202495
internal_weight=744 131 101 61 613 92 521
internal_count=744 131 101 61 613 92 521
is_linear=0
shrinkage=0.05


Tree=7
num_leaves=8
num_cat=0
split_feature=9 1 6 6 5 11 15
split_gain=0.811293 0.323499 0.449034 0.407181 0.484805 0.395303 0.348077
threshold=-0.1496815946939383 0.013820569747574731 -0.86619124376787882 -0.59687580668424822 0.012814399940985792 -0.024572919887126395 -0.0051199255528939771
decision_type=8 2 2 2 2 2 2
left_child=-1 5 -3 -4 -5 -2 -6
right_child=1 2 3 4 6 -7 -8
leaf_value=0.00077532641262811723 0.00035482093273109819 -0.00050198611031593125 0.00047838478202197397 0.00015086011000854953 0.00018140544401781686 -0.00015850411492343507 -6.4615694619326431e-05
leaf_weight=40 37 33 30 32 27 423 118
leaf_count=40 37 33 30 32 27 423 118
internal_value=-0.000675677 -0.00107143 0.000416665 0.00128019 0.00036723 -0.00184783 -0.00086207
internal_weight=740 700 240 207 177 460 145
internal_count=740 700 240 207 177 460 145
is_linear=0
shrinkage=0.05


Tree=8
num_leaves=8
num_cat=0
split_feature=8 13 4 14 15 15 12
split_gain=1.57703 0.464102 0.590088 0.514541 0.501788 0.630545 0.598086
threshold=-0.11359662695815463 15.025000095367433 0.019106492952722615 -0.042837654521053752 0.0030733357184490333 -0.011835266142907806 0.01698171514572289
decision_type=8 2 2 2 2 2 2
left_child=-1 -2 -3 -4 5 -5 -7
right_child=1 2 3 4 -6 6 -8
leaf_value=0.00044741225233844864 -0.00019781340687954907 0.0002298999579749821 -0.00016001156078782511 -0.00030955628555606344 -0.000279174495542228 0.0004646685899232183 -2.7122389660396169e-05
leaf_weight=37 241 35 113 30 85 125 95
leaf_count=37 241 35 113 30 85 125 95
internal_value=-0.000203681 -0.000718233 0.000175982 -0.000312501 0.000671641 0.0018 0.00272727
internal_weight=761 724 483 448 335 250 220
internal_count=761 724 483 448 335 250 220
is_linear=0
shrinkage=0.05


Tree=9
num_leaves=8
num_cat=0
split_feature=8 11 6 12 11 8 13
split_gain=1.12952 0.59533 0.525004 0.536199 0.746914 0.537037 0.465603
threshold=-0.11359662695815463 -0.024572919887126395 -0.9371907369410829 0.048021249302454556 0.0072949527951166057 0.00070344370531116873 14.50500011444092
decision_type=8 2 2 2 2 10 2
left_child=-1 -2 -3 6 -5 -6 -4
right_child=1 2 3 4 5 -7 -8
leaf_value=0.00041701057569196111 0.00037825904989821792 -0.00037003425252342089 -0.0002335434217017542 0.0005955224615803922 -0.00021106673202994937 7.5945125998380355e-05 -2.0630942887704733e-05
leaf_weight=39 40 83 134 27 29 25 361
leaf_count=39 40 83 134 27 29 25 361
internal_value=-0.000460706 -0.000922748 -0.00128225 -0.000746529 0.00302469 -0.000370372 -0.00136364
internal_weight=738 699 659 576 81 54 495
internal_count=738 699 659 576 81 54 495
is_linear=0
shrinkage=0.05


Tree=10
num_leaves=8
num_cat=0
split_feature=8 2 2 11 1 5 7
split_gain=0.856354 0.480207 0.760406 0.504776 0.753032 0.907407 0.543784
threshold=-0.11359662695815463 -0.08028281697850019 -0.067537359550961781 -0.024572919887126395 0.020696879323937271 0.012814399940985792 0.03889342199384916
decision_type=8 2 2 2 2 2 2
left_child=-1 -2 -3 -4 6 -6 -5
right_child=1 2 3 4 5 -7 -8
leaf_value=0.00040419111093692808 -0.00046017353767247591 0.00086621817457013274 0.00034855968341491095 -0.000201803505378997 0.00034272947127378357 -3.4292853370708811e-05 0.00026902774845891293
leaf_weight=37 58 27 41 362 42 147 34
leaf_count=37 58 27 41 362 42 147 34
internal_value=-0.000254012 -0.000639945 -0.000252681 -0.00060703 -0.000982907 0.00161376 -0.00222222
internal_weight=748 711 653 626 585 189 396
internal_count=748 711 653 626 585 189 396
is_linear=0
shrinkage=0.05


Tree=11
num_leaves=8
num_cat=0
split_feature=9 6 12 14 4 4 8
split_gain=1.01182 0.537786 0.553441 0.78642 0.369624 0.28614 0.501465
threshold=-0.1496815946939383 -0.86619124376787882 0.048021249302454556 0.0080830591469587282 0.032903051297589365 0.019106492952722615 0.020310445622171661
decision_type=8 2 2 2 2 2 10
left_child=-1 -2 4 -4 5 6 -3
right_child=1 2 3 -5 -6 -7 -8
leaf_value=0.00093039874945596314 -0.00034707153115667096 0.00030545359747852371 6.9916772645519343e-06 0.00039419372233688837 5.2609069916658784e-05 -0.00011369373012349904 -9.1352994082618592e-05
leaf_weight=35 109 30 49 25 32 431 35
leaf_count=35 109 30 49 25 32 431 35
internal_value=-0.00044236 -0.000850915 -0.000265782 0.00378378 -0.000833335 -0.00116936 0.00192308
internal_weight=746 711 602 74 528 496 65
internal_count=746 711 602 74 528 496 65
is_linear=0
shrinkage=0.05


Tree=12
num_leaves=8
num_cat=0
split_feature=12 12 16 2 2 2 8
split_gain=0.797571 0.774464 0.902781 0.623168 0.593486 0.721446 0.741176
threshold=0.0027925929369287954 -0.011160123859114189 -0.0014277843446613978 -0.010657266579986889 0.029168701524709632 0.018932156453101315 0.0027223590476402886
decision_type=2 2 2 2 2 2 10
left_child=1 -1 -3 -2 5 6 -5
right_child=3 2 -4 4 -6 -7 -8
leaf_value=-2.0416228541344929e-06 -0.00029041698841129275 0.00060124152929662061 1.26096621188436e-06 0.0003191700799024253 -0.00012633636402073714 0.0004227675427900604 -0.00053069026650047035
leaf_weight=146 165 40 43 34 230 32 36
leaf_count=146 165 40 43 34 230 32 36
internal_value=-0.000454547 0.0019869 0.00584337 -0.00157948 -0.000331326 0.00284314 -1.19209e-09
internal_weight=726 229 83 497 332 102 70
internal_count=726 229 83 497 332 102 70
is_linear=0
shrinkage=0.05


end of trees

feature_importances:
spy_ret_20d=15
dist_ma50=10
dvol_z_20=9
dist_ma200=8
spy_ret_5d=7
vix_level=6
ret_5d=5
ret_20d=5
parkinson_20=5
ret_1d=4
atr_pct=4
sector_ret_1d=4
overnight_gap=3
vix_chg_1d=3
sector_ret_5d=2
dist_ma20=1

parameters:
[boosting: gbdt]
[objective: quantile]
[metric: quantile]
[tree_learner: serial]
[device_type: cpu]
[data_sample_strategy: bagging]
[data: ]
[valid: ]
[num_iterations: 80]
[learning_rate: 0.05]
[num_leaves: 8]
[num_threads: 1]
[seed: 0]
[deterministic: 0]
[force_col_wise: 1]
[force_row_wise: 0]
[histogram_pool_size: -1]
[max_depth: -1]
[min_data_in_leaf: 25]
[min_sum_hessian_in_leaf: 0.001]
[bagging_fraction: 0.9]
[pos_bagging_fraction: 1]
[neg_bagging_fraction: 1]
[bagging_freq: 1]
[bagging_seed: 3]
[bagging_by_query: 0]
[feature_fraction: 0.9]
[feature_fraction_bynode: 1]
[feature_fraction_seed: 2]
[extra_trees: 0]
[extra_seed: 6]
[early_stopping_round: 0]
[early_stopping_min_delta: 0]
[first_metric_only: 0]
[max_delta_step: 0]
[lambda_l1: 0]
[lambda_l2: 0]
[linear_lambda: 0]
[min_gain_to_split: 0]
[drop_rate: 0.1]
[max_drop: 50]
[skip_drop: 0.5]
[xgboost_dart_mode: 0]
[uniform_drop: 0]
[drop_seed: 4]
[top_rate: 0.2]
[other_rate: 0.1]
[min_data_per_group: 100]
[max_cat_threshold: 32]
[cat_l2: 10]
[cat_smooth: 10]
[max_cat_to_onehot: 4]
[top_k: 20]
[monotone_constraints: ]
[monotone_constraints_method: basic]
[monotone_penalty: 0]
[feature_contri: ]
[forcedsplits_filename: ]
[refit_decay_rate: 0.9]
[cegb_tradeoff: 1]
[cegb_penalty_split: 0]
[cegb_penalty_feature_lazy: ]
[cegb_penalty_feature_coupled: ]
[path_smooth: 0]
[interaction_constraints: ]
[verbosity: -1]
[saved_feature_importance_type: 0]
[use_quantized_grad: 0]
[num_grad_quant_bins: 4]
[quant_train_renew_leaf: 0]
[stochastic_rounding: 1]
[linear_tree: 0]
[max_bin: 255]
[max_bin_by_feature: ]
[min_data_in_bin: 3]
[bin_construct_sample_cnt: 200000]
[data_random_seed: 1]
[is_enable_sparse: 1]
[enable_bundle: 1]
[use_missing: 1]
[zero_as_missing: 0]
[feature_pre_filter: 1]
[pre_partition: 0]
[two_round: 0]
[header: 0]
[label_column: ]
[weight_column: ]
[group_column: ]
[ignore_column: ]
[categorical_feature: ]
[forcedbins_filename: ]
[precise_float_parser: 0]
[parser_config_file: ]
[objective_seed: 5]
[num_class: 1]
[is_unbalance: 0]
[scale_pos_weight: 1]
[sigmoid: 1]
[boost_from_average: 1]
[reg_sqrt: 0]
[alpha: 0.9]
[fair_c: 1]
[poisson_max_delta_step: 0.7]
[tweedie_variance_power: 1.5]
[lambdarank_truncation_level: 30]
[lambdarank_norm: 1]
[label_gain: ]
[lambdarank_position_bias_regularization: 0]
[eval_at: ]
[multi_error_top_k: 1]
[auc_mu_weights: ]
[num_machines: 1]
[local_listen_port: 12400]
[time_out: 120]
[machine_list_filename: ]
[machines: ]
[gpu_platform_id: -1]
[gpu_device_id: -1]
[gpu_device_id_list: ]
[gpu_use_dp: 0]
[num_gpu: 1]

end of parameters

pandas_categorical:[]
