tree
version=v4
num_class=1
num_tree_per_iteration=1
label_index=0
max_feature_idx=16
objective=quantile
feature_names=ret_1d ret_5d ret_20d overnight_gap atr_pct parkinson_20 dvol_z_20 dist_ma20 dist_ma50 dist_ma200 spy_ret_1d spy_ret_5d spy_ret_20d vix_level vix_chg_1d sector_ret_1d sector_ret_5d
feature_infos=[-0.15958335664537215:0.11646907772566117] [-0.26165640033524462:0.13423140135537226] [-0.31358800661624264:0.25702698166305948] [-0.11999999152289498:0.1013309563953968] [0.015023079585214375:0.075138183435850173] [0.010036848234706621:0.036184999222173629] [-1.7783372691708772:4.2935480456312103] [-0.2471305660516917:0.12299267106949729] [-0.30214215464577632:0.18307218014193438] [-0.30272338481116456:0.25668121588093196] [-0.058542971330535654:0.10501930183911301] [-0.11496151859245618:0.082843162776128354] [-0.1226559005192206:0.15756591020035837] [11.859999656677246:52.330001831054688] [-0.35753873962348437:0.74039073966007019] [-0.05484528635308028:0.043465174951121455] [-0.079035639478724384:0.068782341876153064]
tree_sizes=824 862 860 866 863 866 866 868 858 862 868 864 859 870 862 860 871 867 858 870 866 859 864 861 864 862 867 871 858 866

Tree=0
num_leaves=8
num_cat=0
split_feature=13 9 12 5 4 6 12
split_gain=3.02107 0.796905 0.547205 0.62446 0.921949 0.849005 0.620244
threshold=25.505000114440922 -0.14911282222282649 0.01698171514572289 0.012531513501313445 0.028608047224214107 -0.84467665671423264 -0.014960350168733092
decision_type=2 8 2 2 2 2 2
left_child=1 -1 3 -3 5 -5 -7
right_child=-2 2 -4 4 -6 6 -8
leaf_value=0.030563634102328562 0.030884352116487435 0.029217773149574633 0.029281401893654913 0.029278086939237901 0.02943466209200498 0.029846347404999606 0.030217176314026716
leaf_weight=28 29 45 381 36 80 59 92
leaf_count=28 29 45 381 36 80 59 92
internal_value=0.0295318 0.0288953 0.0285612 0.0301138 0.0310321 0.0329539 0.0345989
internal_weight=750 721 693 312 267 187 151
internal_count=750 721 693 312 267 187 151
is_linear=0
shrinkage=1


Tree=1
num_leaves=8
num_cat=0
split_feature=13 5 10 13 0 13 9
split_gain=3.43007 0.88604 0.819936 0.701293 0.53908 0.537874 0.581899
threshold=25.505000114440922 0.020865327011028636 0.0049263446860405855 15.144999980926515 0.0064919098858691191 15.825000286102297 0.066210727700734787
decision_type=2 2 2 2 2 2 10
left_child=1 2 3 4 -1 -5 -7
right_child=-2 -3 -4 5 -6 6 -8
leaf_value=-0.00045773230862051085 0.0013094042825025688 0.0011583710615839136 -0.0002896834730293351 0.00042359695949806893 0.00011890950058109588 0.00017858078015900141 -0.00051499773464055347
leaf_weight=132 30 26 208 31 38 220 49
leaf_count=132 30 26 208 31 38 220 49
internal_value=0.000108991 -0.000596592 -0.000943954 0.000212765 -0.00235294 0.00166667 0.000947954
internal_weight=734 704 678 470 170 300 269
internal_count=734 704 678 470 170 300 269
is_linear=0
shrinkage=0.05


Tree=2
num_leaves=8
num_cat=0
split_feature=9 11 6 12 5 12 6
split_gain=3.18942 1.19124 0.383542 0.552656 1.00407 0.62794 0.575517
threshold=-0.15568209109410938 -0.028186654574093969 -0.82953670295519488 0.048152369041769456 0.015075556601335393 0.01698171514572289 1.1544560760657923
decision_type=8 2 2 2 2 2 2
left_child=-1 -2 -3 5 -5 6 -4
right_child=1 2 3 4 -6 -7 -8
leaf_value=0.0014165446999627991 0.00030786745297821768 -0.00060407144061195531 -0.00020393297804297233 0.00039607128751866665 -0.00024630108121985656 -0.00039066014675544761 0.00046837858991259336
leaf_weight=37 35 120 211 36 31 249 30
leaf_count=37 35 120 211 36 31 249 30
internal_value=-0.00039386 -0.00113764 -0.00160266 -0.00105027 0.00320895 -0.00163265 0.000186721
internal_weight=749 712 677 557 67 490 241
internal_count=749 712 677 557 67 490 241
is_linear=0
shrinkage=0.05


Tree=3
num_leaves=8
num_cat=0
split_feature=13 16 11 0 14 14 3
split_gain=1.93039 0.623425 0.559217 0.657887 0.551198 0.560596 0.552145
threshold=25.505000114440922 -0.026943844681942161 0.0047087811443838898 0.016438303963265958 0.042440575684467692 0.12307845124318741 -0.0043063957942026656
decision_type=2 2 2 2 2 2 2
left_child=1 -1 3 4 -3 6 -6
right_child=-2 2 -4 -5 5 -7 -8
leaf_value=0.00023436361470666772 0.0011331343958932867 -0.00027398279956130088 -0.00037164800835621056 0.00036276036287452123 0.00042222127506812211 -0.00061352834228942197 -6.8030252581781673e-06
leaf_weight=38 33 193 351 39 29 27 33
leaf_count=38 33 193 351 39 29 27 33
internal_value=-0.000154779 -0.000704227 -0.00105655 0.000451712 -0.000390072 0.00286517 0.00548387
internal_weight=743 710 672 321 282 89 62
internal_count=743 710 672 321 282 89 62
is_linear=0
shrinkage=0.05


Tree=4
num_leaves=8
num_cat=0
split_feature=12 13 12 2 1 4 1
split_gain=1.94589 0.647558 0.551991 0.571379 0.852695 0.840572 0.774708
threshold=-0.051373899775069835 15.025000095367433 -0.032606247407298776 -0.067537359550961781 0.020670010477127469 0.028675576690723112 0.032586104178265025
decision_type=2 2 2 2 2 2 2
left_child=-1 -2 -3 5 -5 -4 -6
right_child=1 2 3 4 6 -7 -8
leaf_value=0.00083069820941057172 -0.00035124285282772552 -0.00045217243866512314 0.0010392605719370183 -0.00014402811780109723 0.00046986322670261647 -0.0001544651255743455 0.00013469545447031422
leaf_weight=34 244 49 27 248 29 32 83
leaf_count=34 244 49 27 248 29 32 83
internal_value=-0.000509385 -0.00106742 2.13663e-05 0.000608591 -0.00013889 0.00516949 0.00348214
internal_weight=746 712 468 419 360 59 112
internal_count=746 712 468 419 360 59 112
is_linear=0
shrinkage=0.05


Tree=5
num_leaves=8
num_cat=0
split_feature=8 11 16 14 1 11 8
split_gain=2.23416 0.944965 0.503124 0.633584 0.541667 0.740463 0.476779
threshold=-0.11359662695815463 -0.028186654574093969 -0.026943844681942161 0.050179471356022971 0.013820569747574731 -0.0041955854167174391 0.0060203661447350018
decision_type=8 2 2 2 2 2 8
left_child=-1 -2 -3 6 5 -5 -4
right_child=1 2 3 4 -6 -7 -8
leaf_value=0.00104777146810009 0.00054359830542706662 0.0002410700352147487 -0.00038966120472644231 0.00018704477907292299 0.00059133994037429164 -0.00032170103821461526 -0.00017138375803331092
leaf_weight=39 31 36 236 41 26 37 291
leaf_count=39 31 36 236 41 26 37 291
internal_value=2.03516e-05 -0.000630374 -0.00102699 -0.00135499 0.00221154 0.000128204 -0.00205882
internal_weight=737 698 667 631 104 78 527
internal_count=737 698 667 631 104 78 527
is_linear=0
shrinkage=0.05


Tree=6
num_leaves=8
num_cat=0
split_feature=8 11 12 12 9 4 2
split_gain=1.90771 1.02864 0.459772 0.72754 0.700805 0.676631 0.853337
threshold=-0.11359662695815463 -0.026323618530511902 0.048152369041769456 0.012058033695657168 -0.02735357324171955 0.027519099598852383 0.055782934500076549
decision_type=8 2 2 2 10 2 2
left_child=-1 -2 3 4 -3 6 -4
right_child=1 2 5 -5 -6 -7 -8
leaf_value=0.00097775533381113506 0.00034718902862652495 -0.00027354616991013457 0.00038733948224493918 -0.00037163275116362674 0.00018480035309804694 -5.3099280240847205e-05 -0.00048534089488595626
leaf_weight=43 36 127 31 322 117 44 26
leaf_count=43 36 127 31 322 117 44 26
internal_value=-0.00010724 -0.000732576 -0.00117691 -0.00173145 0.000327868 0.00193069 0.00552631
internal_weight=746 703 667 566 244 101 57
internal_count=746 703 667 566 244 101 57
is_linear=0
shrinkage=0.05


Tree=7
num_leaves=8
num_cat=0
split_feature=8 11 14 0 9 5 2
split_gain=1.72499 0.790628 0.532603 0.628557 0.563758 0.646538 0.347177
threshold=-0.11359662695815463 -0.028186654574093969 0.050179471356022971 -0.0097835774129079716 -0.068834272534073912 0.014266255774962466 -0.021888738231397916
decision_type=8 2 2 2 8 2 2
left_child=-1 -2 4 -4 5 -3 -6
right_child=1 2 3 -5 6 -7 -8
leaf_value=0.00088937853183938007 0.00039752132180687419 0.00042689633279229016 -0.00015596220890858891 0.00029361378995374811 -0.00043689689805022949 -1.5272816631795761e-05 -0.00017606770351818175
leaf_weight=40 34 25 58 55 168 40 325
leaf_count=40 34 25 58 55 168 40 325
internal_value=-0.000100672 -0.00067376 -0.00105067 0.00207964 -0.00168459 0.00269231 -0.00226166
internal_weight=745 705 671 113 558 65 493
internal_count=745 705 671 113 558 65 493
is_linear=0
shrinkage=0.05


Tree=8
num_leaves=8
num_cat=0
split_feature=13 13 6 2 7 15 12
split_gain=1.78629 0.70823 0.694368 0.551392 1.34155 1.58629 1.02913
threshold=25.505000114440922 15.025000095367433 -0.86619124376787882 -0.044612327430292691 -0.043786465973649484 0.00066045897314048762 0.045723592601736203
decision_type=2 2 2 2 2 2 2
left_child=1 -1 -3 4 -4 -6 -5
right_child=-2 2 3 6 5 -7 -8
leaf_value=-0.00029067773511315924 0.00091788858138192725 -0.00052861006338899598 -0.0002787650884399691 -0.00013782136288044799 0.00068490021069121307 8.5353860517600055e-05 0.00028805435562765383
leaf_weight=244 34 79 54 256 28 30 39
leaf_count=244 34 79 54 256 28 30 39
internal_value=-2.61792e-05 -0.000547946 0.000555554 0.00138821 0.004375 0.00965517 0.000254236
internal_weight=764 730 486 407 112 58 295
internal_count=764 730 486 407 112 58 295
is_linear=0
shrinkage=0.05


Tree=9
num_leaves=8
num_cat=0
split_feature=13 9 6 10 12 12 13
split_gain=1.59344 0.878265 0.705519 0.659585 0.98666 0.59027 0.897725
threshold=23.409999847412113 -0.088612743861833307 -0.86619124376787882 0.0049263446860405855 0.05049188092826485 0.014938847679140889 19.055000305175785
decision_type=2 8 2 2 2 2 2
left_child=2 -2 -1 4 5 6 -4
right_child=1 -3 3 -5 -6 -7 -8
leaf_value=-0.0005077271697772009 0.0014668745832639679 8.5181404595166462e-05 0.00023916156081170678 -0.0001724575085696007 0.00040591314231182686 -0.00021238400693967182 -0.00037219106213589578
leaf_weight=103 25 33 109 170 41 213 50
leaf_count=103 25 33 109 170 41 213 50
internal_value=-2.68829e-05 0.00793103 -0.00069971 -2.57302e-05 0.00105327 0.000241934 0.00254717
internal_weight=744 58 686 583 413 372 159
internal_count=744 58 686 583 413 372 159
is_linear=0
shrinkage=0.05


Tree=10
num_leaves=8
num_cat=0
split_feature=9 6 8 1 5 2 2
split_gain=1.57517 0.583376 0.679806 0.59538 1.1279 0.600083 0.876207
threshold=-0.15568209109410938 -0.86619124376787882 -0.12354913448218506 0.013820569747574731 0.012814399940985792 0.028105105031322911 -0.0063556068072526109
decision_type=8 2 10 2 2 2 2
left_child=-1 -2 -3 -4 -5 6 -6
right_child=1 2 3 4 5 -7 -8
leaf_value=0.00078913299516801191 -0.00056836756098289096 0.00025644879835355649 -0.00019052216850737867 0.00037512239615283821 -0.00016610626971237877 -0.00018951382553590058 0.00026665483027001481
leaf_weight=37 109 28 374 38 38 100 25
leaf_count=37 109 28 374 38 38 100 25
internal_value=-0.000193593 -0.000716293 -0.000107796 -0.000478262 0.00171642 -9.20257e-05 0.00373016
internal_weight=749 712 603 575 201 163 63
internal_count=749 712 603 575 201 163 63
is_linear=0
shrinkage=0.05


Tree=11
num_leaves=8
num_cat=0
split_feature=5 12 6 9 15 12 4
split_gain=1.51346 0.829989 1.20361 0.493273 0.824108 0.480797 0.615072
threshold=0.02142075582734267 0.014938847679140889 1.3588573777249506 -0.02735357324171955 -0.0059827212099273211 0.045723592601736203 0.023130486709709495
decision_type=2 2 2 10 2 2 2
left_child=1 2 3 -1 -5 -3 -7
right_child=-2 5 -4 4 -6 6 -8
leaf_value=-0.00016104944663056348 0.0012962926361815617 -0.0003349594974743045 0.0004009289788976487 0.0004385556081794812 2.3095454858330156e-06 0.00019679799949714737 -5.5714350100248897e-05
leaf_weight=143 38 295 28 31 105 53 54
leaf_count=143 38 295 28 31 105 53 54
internal_value=-0.000247658 -0.000768689 0.00118892 0.000197131 0.00235294 -0.00226368 0.000607475
internal_weight=747 709 307 279 136 402 107
internal_count=747 709 307 279 136 402 107
is_linear=0
shrinkage=0.05


Tree=12
num_leaves=8
num_cat=0
split_feature=13 10 9 6 12 1 9
split_gain=1.34231 0.729254 0.684325 0.75625 0.797701 0.677614 0.659575
threshold=23.409999847412113 0.0049263446860405855 0.072966238224607363 -0.86619124376787882 0.048152369041769456 -0.043630024722478782 -0.088612743861833307
decision_type=2 2 10 2 2 2 10
left_child=1 2 3 -1 5 -5 -2
right_child=6 -3 -4 4 -6 -7 -8
leaf_value=-0.00044394637106931982 0.0013214773668169168 -0.00022496421255723369 -0.00035778803586760494 0.00062986819339596657 0.00035608875709288953 2.968450183207741e-06 8.5725870092109632e-05
leaf_weight=60 29 202 89 31 46 247 30
leaf_count=60 29 202 89 31 46 247 30
internal_value=-0.000367849 -0.001 7.39946e-05 0.000989582 0.00194444 0.000935251 0.00686441
internal_weight=734 675 473 384 324 278 59
internal_count=734 675 473 384 324 278 59
is_linear=0
shrinkage=0.05


Tree=13
num_leaves=8
num_cat=0
split_feature=12 12 15 12 5 16 0
split_gain=0.769972 0.70435 1.38079 0.670765 0.825055 0.748229 0.621609
threshold=0.0027925929369287954 -0.014960350168733092 -0.0014458933667276239 0.048152369041769456 0.014242091748774709 -0.001865767065737711 0.019330194849507491
decision_type=2 2 2 2 2 2 2
left_child=1 6 -3 -2 -5 -6 -1
right_child=3 2 -4 4 5 -7 -8
leaf_value=-6.3366496162121943e-05 -0.00023653593098829227 0.00067372575492691917 -0.00015062099406855023 0.00027126605693059477 0.00016008180715320055 -0.00038501398781353412 0.00071320847428004222
leaf_weight=120 403 45 46 33 29 44 25
leaf_count=120 403 45 46 33 29 44 25
internal_value=-0.000369129 0.00199152 0.00543956 -0.00146366 0.00207547 -0.000890412 -0.000172415
internal_weight=745 236 91 509 106 73 145
internal_count=745 236 91 509 106 73 145
is_linear=0
shrinkage=0.05


Tree=14
num_leaves=8
num_cat=0
split_feature=5 6 12 5 14 14 13
split_gain=1.00587 0.503979 0.579502 0.939984 0.687878 1.25002 0.401732
threshold=0.022612792137586848 -0.84467665671423264 0.051846022032751578 0.015410054149995295 0.049298283120689408 0.068214198873392098 20.980000495910648
decision_type=2 2 2 2 2 2 2
left_child=1 -1 4 -4 -3 -6 -7
right_child=-2 2 3 -5 5 6 -8
leaf_value=-0.00042219329534336762 0.0012613674909474912 -0.00013778635410442415 0.0003776270136047244 -0.00031282564161567273 0.00039382074052007714 4.5229408528763088e-05 -0.0003054124503917331
leaf_weight=104 35 412 28 30 26 55 29
leaf_count=104 35 412 28 30 26 55 29
internal_value=-0.000410293 -0.000833335 -0.000258622 0.00448276 -0.000785442 0.00272727 -0.000238096
internal_weight=719 684 580 58 522 110 84
internal_count=719 684 580 58 522 110 84
is_linear=0
shrinkage=0.05


Tree=15
num_leaves=8
num_cat=0
split_feature=9 14 13 2 1 2 2
split_gain=1.26296 0.794716 0.632784 0.78972 0.73614 0.297038 0.950425
threshold=-0.15568209109410938 0.049298283120689408 20.980000495910648 -0.042374076709495771 0.0026764562918428774 -0.0015374893676073362 0.025779338921234855
decision_type=8 2 2 2 2 2 2
left_child=-1 5 3 -3 -5 -2 -7
right_child=1 2 -4 4 -6 6 -8
leaf_value=0.00089862506726832438 -0.00022120396568249624 0.00041715310038259283 -0.00055089672074356644 -0.00035114298420758455 0.00021530890063164778 0.00020217199183752345 -0.00021118145315338695
leaf_weight=37 239 31 33 42 27 86 248
leaf_count=37 239 31 33 42 27 86 248
internal_value=-0.000491253 -0.000963174 0.0025188 0.0045 0.00152174 -0.00177138 -0.000808384
internal_weight=743 706 133 100 69 573 334
internal_count=743 706 133 100 69 573 334
is_linear=0
shrinkage=0.05


Tree=16
num_leaves=8
num_cat=0
split_feature=12 4 2 2 2 6 12
split_gain=0.88778 0.735848 0.669466 1.79539 0.481425 0.527514 0.712712
threshold=0.0027925929369287954 0.034292114094723179 -0.079910386555194543 -0.043006251245563169 -0.010657266579986889 -0.86619124376787882 0.048152369041769456
decision_type=2 2 2 2 2 2 2
left_child=1 2 -1 -4 -2 -6 -7
right_child=4 -3 3 -5 5 6 -8
leaf_value=-0.00020586883408573722 -0.00031329964018307795 0.00077556067309100644 0.00046034171478678869 -6.4331140527800447e-05 -0.00050845370245452474 -9.1704994832744722e-05 0.0002504930582706849
leaf_weight=50 171 27 38 119 57 236 59
leaf_count=50 171 27 38 119 57 236 59
internal_value=-0.000508588 0.00205128 0.00103865 0.00264331 -0.00165392 -0.000596592 0.000254236
internal_weight=757 234 207 157 523 352 295
internal_count=757 234 207 157 523 352 295
is_linear=0
shrinkage=0.05


Tree=17
num_leaves=8
num_cat=0
split_feature=5 6 12 5 12 4 5
split_gain=0.884726 0.428284 0.479119 0.927117 0.66743 0.584712 0.485354
threshold=0.022612792137586848 -0.84467665671423264 0.045723592601736203 0.015410054149995295 0.01698171514572289 0.028521866688399389 0.012531513501313445
decision_type=2 2 2 2 2 2 2
left_child=1 -1 4 -4 5 6 -3
right_child=-2 2 3 -5 -6 -7 -8
leaf_value=-0.00036244779418136087 0.0011552023408524096 -0.00027555537652586509 0.0002728309155747355 -0.00027734789735766891 -0.00023203641021024904 -0.00012920747395917488 0.00030194860380731964
leaf_weight=110 37 41 46 39 242 73 158
leaf_count=110 37 41 46 39 242 73 158
internal_value=-0.000375336 -0.000768689 -0.000242071 0.00323529 -0.000817122 0.000882352 0.00228643
internal_weight=746 709 599 85 514 272 199
internal_count=746 709 599 85 514 272 199
is_linear=0
shrinkage=0.05


Tree=18
num_leaves=8
num_cat=0
split_feature=9 12 4 12 4 2 8
split_gain=1.09495 0.527185 0.661566 0.491104 0.515043 0.716489 1.06131
threshold=-0.14911282222282649 0.01698171514572289 0.028608047224214107 -0.031709461576504387 0.02079917295560884 -0.044612327430292691 0.020310445622171661
decision_type=8 2 2 2 2 2 8
left_child=-1 2 3 -2 -5 -6 -7
right_child=1 -3 -4 4 5 6 -8
leaf_value=0.0006587552162567765 -1.7035510867486164e-05 -0.00021074278695835144 -0.00011878697259920621 -0.00014699708693686846 0.00054285334701306481 -0.00031809362375926389 0.00034051420738222515
leaf_weight=41 48 378 92 55 40 43 56
leaf_count=41 48 378 92 55 40 43 56
internal_value=-0.000750333 -0.00120787 0.00023952 0.00161157 0.00273196 0.00435252 0.00207071
internal_weight=753 712 334 242 194 139 99
internal_count=753 712 334 242 194 139 99
is_linear=0
shrinkage=0.05


Tree=19
num_leaves=8
num_cat=0
split_feature=13 11 12 3 12 8 2
split_gain=0.906758 0.472479 0.99701 0.594917 0.439277 0.860488 0.371662
threshold=25.505000114440922 0.0074730309850676866 0.048426875368409401 -0.010140520016899133 0.01698171514572289 0.045913418486281062 -0.044612327430292691
decision_type=2 2 2 2 2 8 2
left_child=1 2 3 -1 5 6 -5
right_child=-2 -3 -4 4 -6 -7 -8
leaf_value=0.00045516874204694704 0.00037179075373558923 -0.00015312721155640016 0.00025687118380300704 4.675991386971212e-05 -0.00030166912302661208 0.00069258502024508405 -0.00020054599152095158
leaf_weight=25 31 313 33 77 137 36 87
leaf_count=25 31 313 33 77 137 36 87
internal_value=-0.000466848 -0.000833335 0.000316455 -0.00044199 -0.000994066 0.000499999 -0.00103659
internal_weight=739 708 395 362 337 200 164
internal_count=739 708 395 362 337 200 164
is_linear=0
shrinkage=0.05


Tree=20
num_leaves=8
num_cat=0
split_feature=9 10 0 5 16 1 2
split_gain=1.03592 0.582243 0.629237 1.1834 1.6129 0.562078 0.586129
threshold=-0.17977111132675519 0.0049263446860405855 0.0067073332413148954 0.013004016177977034 -0.002505550137532508 -0.040854640970328863 0.013409704709669958
decision_type=8 2 2 2 2 2 2
left_child=-1 2 5 -4 -5 -2 -7
right_child=1 -3 3 4 -6 6 -8
leaf_value=0.00072575727821254724 0.00020260478817760768 -0.00022125738776609754 0.00041669956096200843 0.00033780549113701294 -0.00037595822519516993 -0.00025709297604007878 1.170892846049806e-05
leaf_weight=29 57 208 25 31 50 178 173
leaf_count=29 57 208 25 31 50 178 173
internal_value=-0.000472704 -0.000844877 5.83646e-05 0.00349056 0.000555554 -0.000833335 -0.0015812
internal_weight=751 722 514 106 81 408 351
internal_count=751 722 514 106 81 408 351
is_linear=0
shrinkage=0.05


Tree=21
num_leaves=8
num_cat=0
split_feature=12 3 6 15 7 6 13
split_gain=1.15968 1.05214 1.255 0.5 0.542226 0.446275 0.412856
threshold=-0.00052816856958670655 -0.00096186012726068293 0.093026607587043883 0.0039089702557846282 -0.025202961120964703 -0.85968648948709969 15.144999980926515
decision_type=2 2 2 2 2 2 2
left_child=1 -1 3 4 -3 -2 -7
right_child=5 2 -4 -5 -6 6 -8
leaf_value=-3.6055718872093254e-05 -0.00036109263414679761 -2.8861267032169414e-06 0.00071417586477894328 -0.00014519921086279217 0.00040315853101562099 -0.00018816368577996172 5.6615692801069393e-06
leaf_weight=92 80 28 38 27 26 208 249
leaf_count=92 80 28 38 27 26 208 249
internal_value=-0.000320857 0.0028199 0.00592437 0.00240741 0.00518518 -0.00155494 -0.000951861
internal_weight=748 211 119 81 54 537 457
internal_count=748 211 119 81 54 537 457
is_linear=0
shrinkage=0.05


Tree=22
num_leaves=8
num_cat=0
split_feature=13 13 1 5 8 7 12
split_gain=1.3732 0.478827 0.432829 0.833058 0.648602 0.751968 0.94697
threshold=25.505000114440922 15.025000095367433 0.020670010477127469 0.01332791992458318 -0.016548655659513075 -0.043786465973649484 -0.014960350168733092
decision_type=2 2 2 2 10 2 2
left_child=1 -1 4 -4 5 -3 -7
right_child=-2 2 3 -5 -6 6 -8
leaf_value=-0.0001770620191020701 0.00058814264321653889 -0.00022987843638509195 0.00054886694178663822 2.6085020583949393e-05 -0.00016252855873166887 -7.3702568492016422e-05 0.00043201148711589828
leaf_weight=234 29 65 25 103 176 44 66
leaf_count=234 29 65 25 103 176 44 66
internal_value=-0.000148249 -0.000582049 0.00032359 0.0028125 -0.000584047 0.00157143 0.00409091
internal_weight=742 713 479 128 351 175 110
internal_count=742 713 479 128 351 175 110
is_linear=0
shrinkage=0.05


Tree=23
num_leaves=8
num_cat=0
split_feature=5 6 12 5 12 1 4
split_gain=1.11041 0.537253 0.508347 1.18191 0.422571 0.487623 0.569008
threshold=0.02142075582734267 -0.85968648948709969 0.045723592601736203 0.015075556601335393 0.01698171514572289 -0.054183535220200411 0.028521866688399389
decision_type=2 2 2 2 2 2 2
left_child=1 -1 4 -4 5 -3 -7
right_child=-2 2 3 -5 -6 6 -8
leaf_value=-0.00031342998895947735 0.001029393152789083 0.00012050487941722059 0.0002578152140821473 -0.00018815806897277206 -0.00021980670264529158 1.9534945004669809e-05 -0.00020088476720446155
leaf_weight=107 41 26 44 46 234 195 58
leaf_count=107 41 26 44 46 234 195 58
internal_value=-0.000805594 -0.00126761 -0.000688227 0.00277778 -0.0012963 1.792e-05 -0.000652175
internal_weight=751 710 603 90 513 279 253
internal_count=751 710 603 90 513 279 253
is_linear=0
shrinkage=0.05


Tree=24
num_leaves=8
num_cat=0
split_feature=13 6 14 0 13 6 3
split_gain=1.1511 0.383901 0.411597 0.734111 0.521632 0.332836 0.393763
threshold=25.505000114440922 -0.85968648948709969 0.049298283120689408 -0.0099571375047416959 21.82499980926514 -0.74325268111669762 0.001061563107359609
decision_type=2 2 2 2 2 2 2
left_child=1 -1 4 -4 5 -3 -7
right_child=-2 2 3 -5 -6 6 -8
leaf_value=-0.00026816629813694039 0.00063014822793130303 9.4577142167868921e-05 -9.8545008453044701e-05 0.00015549590521905704 0.00044183075770986798 -1.3405793728373e-05 -0.00017029681410085168
leaf_weight=115 28 29 59 52 29 234 203
leaf_count=115 28 29 59 52 29 234 203
internal_value=-0.000660882 -0.00104716 -0.000544556 0.00220721 -0.00116162 -0.00156652 -0.00191076
internal_weight=749 721 606 111 495 466 437
internal_count=749 721 606 111 495 466 437
is_linear=0
shrinkage=0.05


Tree=25
num_leaves=8
num_cat=0
split_feature=9 10 6 3 2 2 3
split_gain=1.16126 0.33941 0.74356 0.425268 0.542119 1.15865 0.858413
threshold=-0.17977111132675519 0.011197957811865391 -0.10701736554720183 0.001061563107359609 0.04297707552505526 0.011791673951416228 -0.0049741136312834158
decision_type=8 2 2 2 2 2 2
left_child=-1 3 -3 4 5 -2 -7
right_child=1 2 -4 -5 -6 6 -8
leaf_value=0.00070282275088397899 -1.7701519418768375e-05 -0.00023889798463836885 0.00029643881154264829 -0.00013192653548189283 -0.00028521016231088309 -0.00016492089975226907 0.00036055302055296368
leaf_weight=28 212 26 25 267 129 25 45
leaf_count=28 212 26 25 267 129 25 45
internal_value=-0.000706738 -0.00109054 0.00284314 -0.00138643 -0.00037713 0.000851063 0.00642857
internal_weight=757 729 51 678 411 282 70
internal_count=757 729 51 678 411 282 70
is_linear=0
shrinkage=0.05


Tree=26
num_leaves=8
num_cat=0
split_feature=9 6 2 9 11 1 2
split_gain=1.00257 0.43435 0.38951 0.902679 0.830589 0.68122 0.890009
threshold=-0.17977111132675519 -0.85968648948709969 -0.011682095079479147 -1.0000000180025095e-35 -0.024572919887126395 -0.012837205874207001 0.029168701524709632
decision_type=8 2 2 8 2 2 2
left_child=-1 -2 4 5 -3 -4 -7
right_child=1 2 3 -5 -6 6 -8
leaf_value=0.00063153736418470024 -0.0002195234975439761 0.00017791671931883992 -0.00019452588643094874 -3.2950814810111257e-05 -0.00014775731449775175 0.00033222242020718222 0.00014296357636850958
leaf_weight=29 108 25 28 252 229 28 38
leaf_count=29 108 25 28 252 229 28 38
internal_value=-0.000318861 -0.000692092 -0.000166668 0.000924854 -0.00165354 0.00510638 0.00787879
internal_weight=737 708 600 346 254 94 66
internal_count=737 708 600 346 254 94 66
is_linear=0
shrinkage=0.05


Tree=27
num_leaves=8
num_cat=0
split_feature=9 13 12 12 6 12 0
split_gain=0.948731 0.580907 0.3795 0.80182 0.355276 0.800463 0.414432
threshold=-0.17977111132675519 14.340000152587892 -0.032606247407298776 -0.026522895581630176 -0.85968648948709969 0.045723592601736203 -0.017907436203872081
decision_type=8 2 2 2 2 2 2
left_child=-1 -2 -3 -4 -5 6 -6
right_child=1 2 3 4 5 -7 -8
leaf_value=0.00052767197543712751 -0.00024418534188363279 -7.5462763263045693e-05 0.00044561164786363692 -0.0002512114015904196 -0.00013960550910832367 0.00024134734678490775 2.5341111684117197e-06
leaf_weight=31 173 72 25 68 43 42 295
leaf_count=31 173 72 25 68 43 42 295
internal_value=-0.000660882 -0.00103064 -0.000229359 0.000285411 -0.000200894 0.000394736 -0.000414202
internal_weight=749 718 545 473 448 380 338
internal_count=749 718 545 473 448 380 338
is_linear=0
shrinkage=0.05


Tree=28
num_leaves=8
num_cat=0
split_feature=13 13 5 12 6 6 10
split_gain=1.17675 0.910451 0.720661 0.643017 0.483825 0.580694 0.52272
threshold=19.585000038146976 20.865000724792484 0.02142075582734267 0.0033715039290467268 -0.84467665671423264 -0.74325268111669762 -0.0084264331718765222
decision_type=2 2 2 2 2 2 2
left_child=4 3 -3 -2 -1 -6 -7
right_child=1 2 -4 -5 5 6 -8
leaf_value=-0.00033544797751432681 0.00057885493567119087 -9.7699772814156257e-05 0.00091801862431240943 3.6107766396827211e-05 0.0003124305528290913 0.0001002457659045939 -5.7594769746378241e-05
leaf_weight=90 26 79 28 25 27 38 451
leaf_count=90 26 79 28 25 27 38 451
internal_value=-0.000615184 0.00322785 0.000607475 0.00872549 -0.00161716 -0.00102713 -0.00142127
internal_weight=764 158 107 51 606 516 489
internal_count=764 158 107 51 606 516 489
is_linear=0
shrinkage=0.05


Tree=29
num_leaves=8
num_cat=0
split_feature=9 3 7 9 16 14 6
split_gain=1.08611 0.375552 0.453196 0.438472 0.419768 0.544545 0.594787
threshold=-0.14911282222282649 0.001061563107359609 0.02056064808923275 0.1282816191151083 -0.0023654049836160924 -0.03897851358283843 -0.2563515731127754
decision_type=8 2 2 8 2 2 2
left_child=-1 4 -3 -4 5 -2 -7
right_child=1 2 3 -5 -6 6 -8
leaf_value=0.00078556365237856553 -0.0005085798090842409 -0.00016518896215488192 2.1046020770491279e-05 -0.00025007670295098004 -6.6778421559105905e-05 0.00026287249464734981 -4.8188211595949319e-06
leaf_weight=42 27 188 70 31 232 61 81
leaf_count=42 27 188 70 31 232 61 81
internal_value=-0.000901641 -0.00137681 -0.00275087 -4.95061e-05 -0.000386535 0.00150887 0.00274648
internal_weight=732 690 289 101 401 169 142
internal_count=732 690 289 101 401 169 142
is_linear=0
shrinkage=0.05


end of trees

feature_importances:
spy_ret_20d=34
dvol_z_20=22
vix_level=22
ret_20d=19
dist_ma200=19
parkinson_20=17
ret_5d=10
atr_pct=9
vix_chg_1d=9
dist_ma50=8
spy_ret_5d=8
ret_1d=7
overnight_gap=7
spy_ret_1d=6
sector_ret_5d=5
dist_ma20=4
sector_ret_1d=4

parameters:
[boosting: gbdt]
[objective: quantile]
[metric: quantile]
[tree_learner: serial]
[device_type: cpu]
[data_sample_strategy: bagging]
[data: ]
[valid: ]
[num_iterations: 80]
[learning_rate: 0.05]
[num_leaves: 8]
[num_threads: 1]
[seed: 0]
[deterministic: 0]
[force_col_wise: 1]
[force_row_wise: 0]
[histogram_pool_size: -1]
[max_depth: -1]
[min_data_in_leaf: 25]
[min_sum_hessian_in_leaf: 0.001]
[bagging_fraction: 0.9]
[pos_bagging_fraction: 1]
[neg_bagging_fraction: 1]
[bagging_freq: 1]
[bagging_seed: 3]
[bagging_by_query: 0]
[feature_fraction: 0.9]
[feature_fraction_bynode: 1]
[feature_fraction_seed: 2]
[extra_trees: 0]
[extra_seed: 6]
[early_stopping_round: 0]
[early_stopping_min_delta: 0]
[first_metric_only: 0]
[max_delta_step: 0]
[lambda_l1: 0]
[lambda_l2: 0]
[linear_lambda: 0]
[min_gain_to_split: 0]
[drop_rate: 0.1]
[max_drop: 50]
[skip_drop: 0.5]
[xgboost_dart_mode: 0]
[uniform_drop: 0]
[drop_seed: 4]
[top_rate: 0.2]
[other_rate: 0.1]
[min_data_per_group: 100]
[max_cat_threshold: 32]
[cat_l2: 10]
[cat_smooth: 10]
[max_cat_to_onehot: 4]
[top_k: 20]
[monotone_constraints: ]
[monotone_constraints_method: basic]
[monotone_penalty: 0]
[feature_contri: ]
[forcedsplits_filename: ]
[refit_decay_rate: 0.9]
[cegb_tradeoff: 1]
[cegb_penalty_split: 0]
[cegb_penalty_feature_lazy: ]
[cegb_penalty_feature_coupled: ]
[path_smooth: 0]
[interaction_constraints: ]
[verbosity: -1]
[saved_feature_importance_type: 0]
[use_quantized_grad: 0]
[num_grad_quant_bins: 4]
[quant_train_renew_leaf: 0]
[stochastic_rounding: 1]
[linear_tree: 0]
[max_bin: 255]
[max_bin_by_feature: ]
[min_data_in_bin: 3]
[bin_construct_sample_cnt: 200000]
[data_random_seed: 1]
[is_enable_sparse: 1]
[enable_bundle: 1]
[use_missing: 1]
[zero_as_missing: 0]
[feature_pre_filter: 1]
[pre_partition: 0]
[two_round: 0]
[header: 0]
[label_column: ]
[weight_column: ]
[group_column: ]
[ignore_column: ]
[categorical_feature: ]
[forcedbins_filename: ]
[precise_float_parser: 0]
[parser_config_file: ]
[objective_seed: 5]
[num_class: 1]
[is_unbalance: 0]
[scale_pos_weight: 1]
[sigmoid: 1]
[boost_from_average: 1]
[reg_sqrt: 0]
[alpha: 0.9]
[fair_c: 1]
[poisson_max_delta_step: 0.7]
[tweedie_variance_power: 1.5]
[lambdarank_truncation_level: 30]
[lambdarank_norm: 1]
[label_gain: ]
[lambdarank_position_bias_regularization: 0]
[eval_at: ]
[multi_error_top_k: 1]
[auc_mu_weights: ]
[num_machines: 1]
[local_listen_port: 12400]
[time_out: 120]
[machine_list_filename: ]
[machines: ]
[gpu_platform_id: -1]
[gpu_device_id: -1]
[gpu_device_id_list: ]
[gpu_use_dp: 0]
[num_gpu: 1]

end of parameters

pandas_categorical:[]
