tree
version=v4
num_class=1
num_tree_per_iteration=1
label_index=0
max_feature_idx=16
objective=quantile
feature_names=ret_1d ret_5d ret_20d overnight_gap atr_pct parkinson_20 dvol_z_20 dist_ma20 dist_ma50 dist_ma200 spy_ret_1d spy_ret_5d spy_ret_20d vix_level vix_chg_1d sector_ret_1d sector_ret_5d
feature_infos=[-0.076968464231672584:0.11154046091834968] [-0.15585791588013165:0.19191923516531562] [-0.30917312027550825:0.34792365867292774] [-0.062853440426743123:0.070103499644006195] [0.018550597801143848:0.065314794908132107] [0.012085913943259171:0.032809020291119144] [-2.3816131725984167:4.1772032592547452] [-0.19595347412881137:0.21816062945191872] [-0.29019034940435773:0.28423970451521474] [-0.24339938865982125:0.32975453584294678] [-0.058542971330535654:0.10501930183911301] [-0.11496151859245618:0.082843162776128354] [-0.1226559005192206:0.15756591020035837] [11.859999656677246:52.330001831054688] [-0.35753873962348437:0.74039073966007019] [-0.045565914362008186:0.057443288787383029] [-0.11461315937536976:0.085316917045247465]
tree_sizes=817 851 846 853 852 857 858 859 858 857 861 864 867 869 866 857 855 865 853 860 861 851 858 862 867 860 861 860 863 859 863 860 860 861 866 860 854 866 867 865 861 854 869 861 862 857 869 864 871 852 868 866 859 866 851 870 866 864 865 870 863 872 871 873 873 857 866 870 864 865 859 875 873 868 863

Tree=0
num_leaves=8
num_cat=0
split_feature=8 15 13 13 3 9 5
split_gain=2.02837 1.10946 0.74925 1.11846 0.693362 0.442907 0.317696
threshold=-0.098529720417845953 -0.0081447990434662092 13.050000190734865 12.644999980926515 -0.015987077694153692 -0.10089054759312675 0.017676253013478801
decision_type=8 2 2 2 2 8 2
left_child=1 -1 3 -2 -4 -3 -6
right_child=2 5 4 -5 6 -7 -8
leaf_value=0.035543946715081057 0.033927607865022927 0.03382091115024842 0.034469076227800821 0.03532431737916171 0.033715621444618503 0.034856456203572604 0.033955839499983244
leaf_weight=27 36 28 27 32 304 33 263
leaf_count=27 36 28 27 32 304 33 263
internal_value=0.0339201 0.041052 0.0329721 0.0379437 0.032403 0.0373169 0.0320302
internal_weight=750 88 662 68 594 61 567
internal_count=750 88 662 68 594 61 567
is_linear=0
shrinkage=1


Tree=1
num_leaves=8
num_cat=0
split_feature=8 14 12 3 10 3 1
split_gain=2.71756 0.719728 0.706271 0.511849 0.925641 0.482823 0.359298
threshold=-0.098529720417845953 0.014555585659076444 0.044456917101200373 0.001347047324421258 0.0024545779679250317 -0.015651152039463209 0.015007075566848995
decision_type=8 2 2 2 2 2 2
left_child=1 -1 5 4 -4 -2 -5
right_child=2 -3 3 6 -6 -7 -8
leaf_value=0.0002803183834346021 0.00013521144442399936 0.0008118296901451959 -0.00048106961835210507 0.00033453032477760887 0.0016625321117202455 -0.00029273722956558621 -0.00067348221112642568
leaf_weight=49 27 35 39 25 26 501 32
leaf_count=49 27 35 39 25 26 501 32
internal_value=-0.000367849 0.00809524 -0.00146154 0.00196721 0.005 -0.00225379 -0.00149123
internal_weight=734 84 650 122 65 528 57
internal_count=734 84 650 122 65 528 57
is_linear=0
shrinkage=0.05


Tree=2
num_leaves=8
num_cat=0
split_feature=8 12 0 6 3 13 5
split_gain=2.4598 1.08338 1.01108 0.867657 0.82941 0.722587 0.65331
threshold=-0.098529720417845953 0.045723592601736203 0.018776426243718673 0.15621164741865765 0.001347047324421258 20.154999732971195 0.018699566310167382
decision_type=8 2 2 2 2 2 2
left_child=3 2 -2 5 -3 -1 -4
right_child=1 4 6 -5 -6 -7 -8
leaf_value=0.0005793452438591682 -0.00031070065633233832 0.00042748519978856895 -9.0251189089353537e-05 0.0010757212717513683 -0.00033224817843805328 -0.00021072034992746181 0.00047529290293537728
leaf_weight=27 471 56 42 31 53 29 40
leaf_count=27 471 56 42 31 53 29 40
internal_value=-0.000260348 -0.00129909 -0.00219711 0.00764368 0.00325688 0.00392857 0.00292683
internal_weight=749 662 553 87 109 56 82
internal_count=749 662 553 87 109 56 82
is_linear=0
shrinkage=0.05


Tree=3
num_leaves=8
num_cat=0
split_feature=8 7 12 0 3 4 11
split_gain=2.25812 1.07035 0.961449 0.991758 0.983692 0.579323 0.476792
threshold=-0.098529720417845953 -0.044483128403249743 0.045723592601736203 0.018776426243718673 -0.004698460354047084 0.030622816739846969 -0.0084964669653203023
decision_type=8 2 2 2 2 2 2
left_child=1 6 3 -2 -4 -5 -1
right_child=2 -3 4 5 -6 -7 -8
leaf_value=0.00017800342132859404 -0.00029619397475121869 -0.00011327881625412147 0.00058139821522423666 -7.9786486417254834e-05 2.0250628231296114e-05 0.00092993333543179332 0.00092437769885574854
leaf_weight=28 468 35 32 44 77 34 25
leaf_count=28 468 35 32 44 77 34 25
internal_value=-2.01896e-05 0.0075 -0.00103054 -0.00188645 0.00325688 0.00333333 0.0119811
internal_weight=743 88 655 546 109 78 53
internal_count=743 88 655 546 109 78 53
is_linear=0
shrinkage=0.05


Tree=4
num_leaves=8
num_cat=0
split_feature=8 6 12 15 15 8 0
split_gain=2.22262 1.77784 0.726044 0.8 0.743157 0.625 0.277127
threshold=-0.098529720417845953 0.15621164741865765 0.044456917101200373 -0.0003757968344149098 0.015996972766121002 0.026626382540214769 -0.011151357521179349
decision_type=8 2 2 2 2 10 2
left_child=1 -1 4 -4 6 -5 -2
right_child=2 -3 3 5 -6 -7 -8
leaf_value=5.1124664478293969e-05 -8.6269869865056284e-05 0.00094417044227172579 -0.00057310454104584447 0.001205850603243892 0.00038050255789106333 6.6344410902564511e-05 -0.00028445689649751879
leaf_weight=54 142 33 48 32 28 40 369
leaf_count=54 142 33 48 32 28 40 369
internal_value=-0.00044236 0.00706896 -0.00143399 0.00208333 -0.00221707 0.00541667 -0.00265166
internal_weight=746 87 659 120 539 72 511
internal_count=746 87 659 120 539 72 511
is_linear=0
shrinkage=0.05


Tree=5
num_leaves=8
num_cat=0
split_feature=8 15 0 5 12 11 3
split_gain=1.58891 0.953976 0.726834 1.06548 0.795236 1.30913 0.559157
threshold=-0.098529720417845953 -0.0082598110697255627 0.019819743401916282 0.018699566310167382 0.044456917101200373 0.0051016574870994544 0.0023438918417489911
decision_type=8 2 2 2 2 2 2
left_child=1 -1 4 -4 -2 -6 -3
right_child=2 6 3 -5 5 -7 -8
leaf_value=0.0012065619465234994 -0.00030467093684966148 0.00054309461216335965 -0.00018016058142094908 0.0010390531801256352 0.00069404735571962058 -0.00013434117170369375 -0.00020303300115301454
leaf_weight=27 455 35 45 46 28 74 27
leaf_count=27 455 35 45 46 28 74 27
internal_value=-0.000590232 0.00567416 -0.00145062 0.00269231 -0.00212747 0.00186274 0.00225806
internal_weight=737 89 648 91 557 102 62
internal_count=737 89 648 91 557 102 62
is_linear=0
shrinkage=0.05


Tree=6
num_leaves=8
num_cat=0
split_feature=8 0 14 10 2 2 6
split_gain=1.73165 1.00672 0.661676 0.537424 0.72799 0.495649 0.528278
threshold=-0.098529720417845953 -0.017103277294159887 -0.02368562203831703 0.0090796012734996063 -0.021225056304137731 0.03408813298001568 -0.25915432341837769
decision_type=8 2 2 2 2 2 2
left_child=1 -1 -3 5 -5 -2 -7
right_child=3 2 -4 4 -6 6 -8
leaf_value=0.00081939533304997551 -0.00028794454118360319 0.0005242018786774501 -2.801371625922188e-05 0.00078002413688164202 -7.9212033769011242e-05 0.00018625074271658626 -0.00023228311141684917
leaf_weight=30 370 28 29 36 58 82 113
leaf_count=30 370 28 29 36 58 82 113
internal_value=-0.000710457 0.00591954 0.00201754 -0.00158574 0.00191489 -0.00216814 -0.000128206
internal_weight=746 87 57 659 94 565 195
internal_count=746 87 57 659 94 565 195
is_linear=0
shrinkage=0.05


Tree=7
num_leaves=8
num_cat=0
split_feature=8 15 12 11 0 14 10
split_gain=1.17083 0.789253 0.610531 1.08194 0.573356 0.616411 0.341439
threshold=-0.098529720417845953 0.017748988739592412 0.044456917101200373 0.0051016574870994544 -0.018157438759622831 -0.02368562203831703 0.00446494553626653
decision_type=8 2 2 2 2 2 2
left_child=4 2 -2 -4 -1 -6 -5
right_child=1 -3 3 6 5 -7 -8
leaf_value=0.00077842556639747668 -0.00022871516941303964 0.00080102520540047269 0.00092707837576150212 -0.00067939345577715054 0.00044716047761148562 -2.8567964572613822e-05 8.5953978415253678e-05
leaf_weight=30 518 25 32 41 30 31 38
leaf_count=30 518 25 32 41 30 31 38
internal_value=-0.000973156 -0.00171254 -0.00205882 0.00130631 0.00434066 0.00155738 -0.00183544
internal_weight=745 654 629 111 91 61 79
internal_count=745 654 629 111 91 61 79
is_linear=0
shrinkage=0.05


Tree=8
num_leaves=8
num_cat=0
split_feature=8 0 3 12 15 3 14
split_gain=0.917055 0.833063 0.623424 0.562823 0.915277 0.529986 0.390887
threshold=-0.098529720417845953 -0.018157438759622831 0.015782801600922717 0.044456917101200373 0.0054742252740898065 -0.015987077694153692 -0.02368562203831703
decision_type=8 2 2 2 2 2 2
left_child=1 -1 3 5 -5 -2 -3
right_child=2 6 -4 4 -6 -7 -8
leaf_value=0.0010663428042249517 0.00020121248826774965 0.0004248024537309113 0.00077878096242591074 -2.9010892915084382e-05 0.0015143543286920958 -0.00019424781370985453 -0.0001698144363152745
leaf_weight=27 25 30 33 83 27 511 28
leaf_count=27 25 30 33 83 27 511 28
internal_value=-0.000484294 0.00441176 -0.0010972 -0.00143963 0.00181818 -0.00210821 0.00103448
internal_weight=764 85 679 646 110 536 58
internal_count=764 85 679 646 110 536 58
is_linear=0
shrinkage=0.05


Tree=9
num_leaves=8
num_cat=0
split_feature=0 6 11 3 11 11 9
split_gain=0.90225 1.05419 0.580164 0.558004 0.531286 0.714105 0.517728
threshold=-0.027150743281732444 0.35296008151744673 0.016138382759851803 0.0074666225809432172 -0.020756014565235011 -0.026323618530511902 -0.13663278351185384
decision_type=2 2 2 2 2 2 10
left_child=1 -1 4 6 5 -2 -4
right_child=2 -3 3 -5 -6 -7 -8
leaf_value=-0.00024627589496421706 -0.00021096956263121547 0.0005561360993310327 0.00089251658234909743 -0.00031437756716606017 -0.00018681095717961582 0.00057901689322762578 2.4149291181993013e-05
leaf_weight=37 27 30 29 41 464 26 90
leaf_count=37 27 30 29 41 464 26 90
internal_value=-0.000833335 0.00470149 -0.00138109 0.00125 -0.00219536 0.00254717 0.00298319
internal_weight=744 67 677 160 517 53 119
internal_count=744 67 677 160 517 53 119
is_linear=0
shrinkage=0.05


Tree=10
num_leaves=8
num_cat=0
split_feature=8 3 0 5 12 12 9
split_gain=0.693643 0.71358 0.627678 0.672247 0.513867 0.482203 0.658994
threshold=-0.098529720417845953 -0.0039649446683387981 0.018776426243718673 0.020730626371781444 0.023412728930134134 0.044456917101200373 0.09419140761229329
decision_type=8 2 2 2 2 2 8
left_child=1 -1 5 4 -4 -2 -7
right_child=2 -3 3 -5 -6 6 -8
leaf_value=0.00054915922859529787 -0.00023964244743057375 -4.1924923573480234e-05 0.00017168596801222282 0.0011763559332450572 -0.00017582673214138454 0.00028334555079750169 -0.00048225388661905224
leaf_weight=36 460 45 31 29 42 75 31
leaf_count=36 460 45 31 29 42 75 31
internal_value=-0.000727638 0.00364197 -0.00125749 0.00235294 -0.000205481 -0.00190813 0.00113207
internal_weight=749 81 668 102 73 566 106
internal_count=749 81 668 102 73 566 106
is_linear=0
shrinkage=0.05


Tree=11
num_leaves=8
num_cat=0
split_feature=12 10 2 8 0 15 0
split_gain=0.624676 0.396201 0.797065 1.18436 0.387579 1.1347 0.38593
threshold=-0.050232690438178178 0.0090796012734996063 -0.055292463433407595 -0.015678411100434383 -0.027150743281732444 -0.014057905704319694 0.019819743401916282
decision_type=2 2 2 10 2 2 2
left_child=-1 4 -3 -4 5 -2 -6
right_child=1 2 3 -5 6 -7 -8
leaf_value=0.00050807417136172078 -0.00052077345274758604 -0.00028998253224088265 0.00099406970234548037 -0.00028170791399614853 -0.00016179828447080466 0.00044645391546660213 6.8263746405427788e-05
leaf_weight=36 26 28 32 44 486 32 63
leaf_count=36 26 28 32 44 486 32 63
internal_value=-0.000314593 -0.000639945 0.00221154 0.00486842 -0.0011285 0.00275862 -0.00153916
internal_weight=747 711 104 76 607 58 549
internal_count=747 711 104 76 607 58 549
is_linear=0
shrinkage=0.05


Tree=12
num_leaves=8
num_cat=0
split_feature=3 5 0 12 15 9 9
split_gain=0.621524 0.479876 0.605959 1.21284 0.783537 0.858197 0.471304
threshold=-0.015987077694153692 0.018635102506317967 -0.012421194975928527 0.0094949334570126904 0.0051018111528722274 0.048859904527741478 -0.10569352987549245
decision_type=2 2 2 2 2 8 8
left_child=-1 6 3 -3 -4 -6 -2
right_child=1 2 4 -5 5 -7 -8
leaf_value=0.00070926100440259232 9.9451485946920867e-05 -5.8167661811803277e-05 -0.00014820234255724467 0.0017540408480299302 0.00063104219480031277 -7.4322704320076163e-05 -0.00024020182620862306
leaf_weight=37 26 44 117 28 36 52 394
leaf_count=37 26 44 117 28 36 52 394
internal_value=-0.000504088 -0.000839313 0.000776172 0.00472222 -0.000609757 0.00295454 -0.00190476
internal_weight=734 697 277 72 205 88 420
internal_count=734 697 277 72 205 88 420
is_linear=0
shrinkage=0.05


Tree=13
num_leaves=8
num_cat=0
split_feature=10 8 0 5 13 2 2
split_gain=0.630839 0.811473 0.54474 0.752061 0.807713 0.541659 0.393256
threshold=0.0090796012734996063 -0.025921882972395668 -0.011151357521179349 0.021652942805638096 15.025000095367433 -0.056247101793724989 -0.027597878302401509
decision_type=2 10 2 2 2 2 2
left_child=2 5 3 4 -1 -2 -4
right_child=1 -3 6 -5 -6 -7 -8
leaf_value=0.00050028079639411664 0.00041909401580751882 -0.00017459271429724608 -0.00021141860439190943 0.00041066246359193676 -0.00027566089029627615 0.0010566886189378867 -8.4137905348368686e-05
leaf_weight=44 26 60 153 47 112 25 278
leaf_count=44 26 60 153 47 112 25 278
internal_value=-0.000369129 0.00310811 -0.000977919 0.00115763 -0.000512822 0.0077451 -0.00198376
internal_weight=745 111 634 203 156 51 431
internal_count=745 111 634 203 156 51 431
is_linear=0
shrinkage=0.05


Tree=14
num_leaves=8
num_cat=0
split_feature=3 4 6 4 11 14 12
split_gain=0.989021 0.605587 0.849062 0.531875 0.319394 0.548461 0.269391
threshold=-0.015987077694153692 0.033879267991364065 0.32810048832418948 0.035093082609667287 0.022371704579513211 -0.013693091090924312 -0.034828252855943369
decision_type=2 2 2 2 2 2 2
left_child=-1 4 3 -3 6 -6 -2
right_child=1 2 -4 -5 5 -7 -8
leaf_value=0.00067457832632932717 6.1258541855854784e-05 0.00052766867444652588 0.0014536203160414368 -4.8580629839281864e-05 -0.00053722319012565359 0.00010581770641027226 -0.00021886855485442423
leaf_weight=35 26 27 49 132 29 31 390
leaf_count=35 26 27 49 132 29 31 390
internal_value=-0.000340752 -0.000760235 0.00149038 -0.00028302 -0.0017437 0.00166667 -0.00223558
internal_weight=719 684 208 159 476 60 416
internal_count=719 684 208 159 476 60 416
is_linear=0
shrinkage=0.05


Tree=15
num_leaves=8
num_cat=0
split_feature=8 1 12 13 13 10 8
split_gain=0.492798 0.557041 0.666667 0.404996 0.506317 0.473769 0.36906
threshold=-0.098529720417845953 -0.023366722896183242 -0.019164268352129695 12.925000190734865 12.555000305175783 0.0063549452815370175 -0.0266771557941019
decision_type=8 2 2 2 2 2 10
left_child=1 2 -1 4 -2 -5 -7
right_child=3 -3 -4 5 -6 6 -8
leaf_value=-7.9717403149031339e-05 -0.0001905998005199518 -0.00011830488052748403 0.00048001577249935439 -0.00018709076053082029 0.0012016672867052941 0.00061802849380060681 -0.00010089235333099938
leaf_weight=27 29 34 27 461 27 53 85
leaf_count=27 29 34 27 461 27 53 85
internal_value=-0.000558548 0.00295454 0.00611111 -0.00103054 0.00303571 -0.00141069 0.00115942
internal_weight=743 88 54 655 56 599 138
internal_count=743 88 54 655 56 599 138
is_linear=0
shrinkage=0.05


Tree=16
num_leaves=8
num_cat=0
split_feature=3 8 15 13 13 14 2
split_gain=0.719914 0.454948 0.461538 0.430591 0.68466 0.403416 0.5
threshold=-0.016533425855907887 -0.098529720417845953 -1.0000000180025095e-35 12.925000190734865 12.644999980926515 -0.067583665573298909 -0.028747056533791667
decision_type=2 8 2 2 2 2 2
left_child=-1 2 -2 4 -3 6 -5
right_child=1 3 -4 5 -6 -7 -8
leaf_value=0.00064698275166991462 0.00030530351106103435 -0.00021140554193111447 -3.6505951032943454e-05 0.00063407005641941952 0.001191832315071698 -0.0001778880229022788 -0.00025254720116342749
leaf_weight=35 39 33 39 30 25 511 45
leaf_count=35 39 33 39 30 25 511 45
internal_value=-0.000574638 -0.000914129 0.00269231 -0.00135093 0.00275862 -0.00175768 0.00166667
internal_weight=757 722 78 644 58 586 75
internal_count=757 722 78 644 58 586 75
is_linear=0
shrinkage=0.05


Tree=17
num_leaves=8
num_cat=0
split_feature=10 8 2 9 8 8 1
split_gain=0.853606 0.925926 0.557184 0.554922 0.749615 0.750638 0.605969
threshold=0.0090796012734996063 -0.02381324916474253 -0.055292463433407595 -0.10789956059318344 -0.030063770256809227 0.03689420766373331 -0.043281651493566546
decision_type=2 10 2 10 10 10 2
left_child=3 2 -2 4 6 -6 -1
right_child=1 -3 -4 -5 5 -7 -8
leaf_value=0.00027882725285607965 0.00037313619547178436 -0.00021879157959085337 0.00086584274063847581 -0.00021530957973759794 0.00066719350559196159 7.2405489052251314e-05 -0.00021224015320170828
leaf_weight=44 26 54 28 436 28 51 79
leaf_count=44 26 54 28 436 28 51 79
internal_value=-0.000777481 0.00333333 0.00796296 -0.00147336 0.000693068 0.00449367 -0.00174797
internal_weight=746 108 54 638 202 79 123
internal_count=746 108 54 638 202 79 123
is_linear=0
shrinkage=0.05


Tree=18
num_leaves=8
num_cat=0
split_feature=1 3 12 11 1 13 2
split_gain=0.628136 0.833333 0.697738 0.629711 0.570639 0.533893 0.519231
threshold=-0.043281651493566546 -0.0039649446683387981 -0.010634821304977891 0.02573480883905466 0.020551002422973811 12.925000190734865 0.022072163321136932
decision_type=2 2 2 2 2 2 2
left_child=1 2 -1 5 -5 -2 -6
right_child=3 -3 -4 4 6 -7 -8
leaf_value=0.00010034557600515877 0.00012738103359378377 -0.000168373376666914 0.00076920674656987095 9.3159684153027843e-05 -0.00032865549936048115 -0.00015921048778195631 0.00038185855780486317
leaf_weight=31 51 60 29 25 27 505 25
leaf_count=31 51 60 29 25 27 505 25
internal_value=-0.000816734 0.0025 0.00666667 -0.0014455 0.00279221 -0.00203238 -0.000192309
internal_weight=753 120 60 633 77 556 52
internal_count=753 120 60 633 77 556 52
is_linear=0
shrinkage=0.05


Tree=19
num_leaves=8
num_cat=0
split_feature=8 1 12 4 4 8 12
split_gain=0.884089 0.637466 0.47587 0.674795 0.38447 0.291671 0.432245
threshold=-0.098529720417845953 -0.036657570637263263 0.04760809957201418 0.035281887010282398 0.028011653917775804 -0.072542115718012765 -0.03685301683685837
decision_type=8 2 2 2 2 10 2
left_child=1 -1 5 4 -4 -2 -7
right_child=2 -3 3 -5 -6 6 -8
leaf_value=0.00055909398789975699 -0.00032564598859260812 -1.541982862577745e-06 7.7881713823886551e-05 0.0023948996242598758 -0.00030009738694651089 0.00031620581768658328 -0.00014308512051459138
leaf_weight=40 65 41 48 25 29 33 458
leaf_count=40 65 41 48 25 29 33 458
internal_value=-0.000669825 0.00425926 -0.0012766 0.00186274 -0.000454547 -0.00185252 -0.00143585
internal_weight=739 81 658 102 77 556 491
internal_count=739 81 658 102 77 556 491
is_linear=0
shrinkage=0.05


Tree=20
num_leaves=8
num_cat=0
split_feature=5 1 15 9 2 7 1
split_gain=0.722953 1.06533 0.830137 0.934562 0.451772 0.854993 0.466412
threshold=0.020277966160246307 -0.037764213863534894 0.0051018111528722274 0.18606776070072242 0.10517161587381076 0.077444645123040737 -0.019744282491446271
decision_type=2 2 2 8 2 2 2
left_child=4 -2 -3 -4 6 -6 -1
right_child=1 2 3 -5 5 -7 -8
leaf_value=2.2085539891649472e-06 0.0005472908997381751 -9.5324765311586548e-05 0.0012390500839821433 -7.9059555473961332e-05 0.00031702961911161107 -0.00033101164915225602 -0.00030775478579958483
leaf_weight=166 48 105 27 35 43 25 302
leaf_count=166 48 105 27 35 43 25 302
internal_value=-0.000472704 0.00197674 8.98192e-05 0.00467742 -0.00145523 0.00235294 -0.00200855
internal_weight=751 215 167 62 536 68 468
internal_count=751 215 167 62 536 68 468
is_linear=0
shrinkage=0.05


Tree=21
num_leaves=8
num_cat=0
split_feature=8 6 0 4 13 10 10
split_gain=0.77395 0.654104 0.570665 0.514178 0.487464 0.384662 0.40396
threshold=-0.098529720417845953 0.18516056794375449 0.018776426243718673 0.03288918699139403 20.154999732971195 0.0079281319106555576 0.010655378584307098
decision_type=8 2 2 2 2 2 2
left_child=1 4 5 -4 -1 -2 -7
right_child=2 -3 3 -5 -6 6 -8
leaf_value=0.00021847303918721798 -0.00014841477215167266 0.00058981069310556184 -2.486517568139196e-05 0.00065216994089843769 -0.00025685437875402217 0.00044781133101535445 -0.00035088567185647551
leaf_weight=28 485 30 57 43 31 39 35
leaf_count=28 485 30 57 43 31 39 35
internal_value=-0.000387702 0.00398876 -0.000978757 0.0025 0.000932202 -0.00160107 0.00175676
internal_weight=748 89 659 100 59 559 74
internal_count=748 89 659 100 59 559 74
is_linear=0
shrinkage=0.05


Tree=22
num_leaves=8
num_cat=0
split_feature=10 8 0 12 2 15 8
split_gain=0.671549 0.778846 0.594486 0.678452 0.582593 0.560566 0.55
threshold=0.0090796012734996063 -0.025921882972395668 -0.027150743281732444 0.051085048604070045 -0.055979947177396398 -0.0003757968344149098 -0.066957861260077453
decision_type=2 10 2 2 2 2 8
left_child=2 4 6 -4 -2 -5 -1
right_child=1 -3 3 5 -6 -7 -8
leaf_value=0.00021418200716698439 0.00021200991263716791 -9.9187360166249903e-05 -0.00012577993258081589 -0.00012106536987866357 0.00084512671374898382 0.00027586923303176504 -0.00018484355523567923
leaf_weight=30 27 52 503 32 25 37 36
leaf_count=30 27 52 503 32 25 37 36
internal_value=-0.000552562 0.00317308 -0.00115988 -0.00167832 0.0075 0.00297101 0.00333333
internal_weight=742 104 638 572 52 69 66
internal_count=742 104 638 572 52 69 66
is_linear=0
shrinkage=0.05


Tree=23
num_leaves=8
num_cat=0
split_feature=4 10 9 1 1 11 11
split_gain=0.574807 0.729824 0.678529 1.29385 0.607444 0.330552 1.00665
threshold=0.033879267991364065 0.0090796012734996063 -0.19951338332576615 -0.039584984068430855 0.010443850944302226 0.022371704579513211 0.029305093404121577
decision_type=2 2 10 2 2 2 2
left_child=5 2 3 -2 -5 -1 -7
right_child=1 -3 -4 4 -6 6 -8
leaf_value=-0.00015094356004425696 0.00037912649048672575 0.00059749437903474289 -0.00013097637437797118 -0.00023379779011597362 0.00029448419203836706 0.0004524305613440913 -0.00038035228695119759
leaf_weight=446 25 45 104 34 31 29 37
leaf_count=446 25 45 104 34 31 29 37
internal_value=-0.000539282 0.00148535 0.000154638 0.00333333 -0.000384617 -0.00148438 0.00181818
internal_weight=751 239 194 90 65 512 66
internal_count=751 239 194 90 65 512 66
is_linear=0
shrinkage=0.05


Tree=24
num_leaves=8
num_cat=0
split_feature=8 1 7 7 3 10 15
split_gain=0.551286 1.01338 0.347413 0.389198 0.354769 0.500595 0.533333
threshold=-0.11780925606736541 -0.034713930281504705 -0.054196686036000301 -0.046103090460475941 0.0072592457026821053 0.0069471165760636175 0.007635772595501634
decision_type=8 2 2 2 2 2 2
left_child=1 -1 -2 -4 5 -5 -7
right_child=2 -3 3 4 -6 6 -8
leaf_value=0.00047898467524292115 -0.0002420765551435944 -5.9475320740918866e-05 0.00042101694183025888 -0.00010767811497092047 -0.00020660011127221725 0.00033586392349624887 -0.00013675288072063829
leaf_weight=29 53 26 31 420 110 48 32
leaf_count=29 53 26 31 420 110 48 32
internal_value=-0.000727638 0.00409091 -0.00110951 -0.000787833 -0.00106557 -0.000500001 0.003125
internal_weight=749 55 694 641 610 500 80
internal_count=749 55 694 641 610 500 80
is_linear=0
shrinkage=0.05


Tree=25
num_leaves=8
num_cat=0
split_feature=8 6 12 12 15 0 7
split_gain=0.441947 0.52675 0.453352 0.405416 0.613879 0.755201 0.449145
threshold=-0.098529720417845953 0.18516056794375449 -0.03685301683685837 0.045723592601736203 -0.0003757968344149098 0.010879268656818765 0.035222772670764575
decision_type=8 2 2 2 2 2 2
left_child=1 -1 -2 6 -5 -6 -4
right_child=2 -3 3 4 5 -7 -8
leaf_value=2.9212201293115291e-06 0.00024124989630450817 0.00049344574679721989 -0.00017317608900291377 -0.00032966845420633322 0.00068488491432042089 -0.00035000190156846904 9.5212977098066895e-05
leaf_weight=58 44 30 404 47 39 29 106
leaf_count=58 44 30 404 47 39 29 106
internal_value=-0.000376487 0.00295454 -0.00081465 -0.00116 0.00152174 0.00455882 -0.00176471
internal_weight=757 88 669 625 115 68 510
internal_count=757 88 669 625 115 68 510
is_linear=0
shrinkage=0.05


Tree=26
num_leaves=8
num_cat=0
split_feature=4 4 6 3 13 8 7
split_gain=0.768524 0.809416 0.613218 0.444269 0.357187 0.555097 0.34022
threshold=0.033879267991364065 0.03491565882379824 0.6405165751275349 0.0097719204304509439 13.84500026702881 -0.0081362970695523212 -0.055347781727590022
decision_type=2 2 2 2 2 10 2
left_child=4 -2 3 6 5 -1 -3
right_child=1 2 -4 -5 -6 -7 -8
leaf_value=0.00014873820530069312 0.00071846218946655562 0.00034718792340911008 0.0012825779377434463 0.00015969800520367376 -0.00012219108088344161 -0.00010985847966082049 -0.00015849196946973672
leaf_weight=37 37 25 35 32 417 53 101
leaf_count=37 37 25 35 32 417 53 101
internal_value=-0.000658074 0.00173913 0.000440413 -0.000886077 -0.00174556 0.00111111 -0.00222222
internal_weight=737 230 193 158 507 90 126
internal_count=737 230 193 158 507 90 126
is_linear=0
shrinkage=0.05


Tree=27
num_leaves=8
num_cat=0
split_feature=3 15 6 6 10 5 6
split_gain=0.395495 0.36473 0.258849 0.626121 0.491915 0.311349 0.389302
threshold=-0.016533425855907887 0.018440711012990055 -0.9753145757825612 -0.75400832062672329 0.0031270998422653355 0.020277966160246307 0.32810048832418948
decision_type=2 2 2 2 2 2 2
left_child=-1 2 -2 4 -4 -5 -7
right_child=1 -3 3 5 -6 6 -8
leaf_value=0.00046784878574777613 -0.00015056753328849583 0.00049988530529087682 -2.0555261504845046e-05 -0.00019334087779483868 0.00031210850189713362 -3.171245199644484e-05 0.00074783446328641732
leaf_weight=39 91 26 47 394 25 92 35
leaf_count=39 91 26 47 394 25 92 35
internal_value=-0.000927905 -0.00119718 -0.00141813 -0.0010371 0.00333333 -0.00164108 0.00051181
internal_weight=749 710 684 593 72 521 127
internal_count=749 710 684 593 72 521 127
is_linear=0
shrinkage=0.05


Tree=28
num_leaves=8
num_cat=0
split_feature=1 14 16 15 7 5 16
split_gain=0.353559 0.544166 0.493893 0.537574 0.938616 0.958894 0.474226
threshold=-0.022158753535787553 -0.069744182185856193 -0.028451646858905718 -0.0082598110697255627 -0.03468004239748728 0.01940992907359514 0.01594031844496702
decision_type=2 2 2 2 2 2 2
left_child=2 6 -1 -4 5 -5 -2
right_child=1 -3 3 4 -6 -7 -8
leaf_value=-0.00010563949315239767 -0.0001045935241294154 -0.00013488202170009681 0.00029581664167011929 0.00045176350844144817 -0.00013695298304258402 -0.00026394649285383222 0.0006354966244688147
leaf_weight=65 44 460 40 25 72 31 27
leaf_count=65 44 460 40 25 72 31 27
internal_value=-0.000615184 -0.00132768 0.00100858 0.00244047 0.000859374 0.00571428 0.00274648
internal_weight=764 531 233 168 128 56 71
internal_count=764 531 233 168 128 56 71
is_linear=0
shrinkage=0.05


Tree=29
num_leaves=8
num_cat=0
split_feature=13 13 11 11 11 7 9
split_gain=0.46138 0.800455 0.406539 0.597813 0.423603 0.578239 0.270242
threshold=13.050000190734865 12.644999980926515 0.02573480883905466 0.030772226573239195 -0.020756014565235011 -0.052491005821205965 -0.043728660809130508
decision_type=2 2 2 2 2 2 10
left_child=1 -1 4 -4 5 -2 -6
right_child=2 -3 3 -5 6 -7 -8
leaf_value=-0.00022663111479848119 -0.00016810712608224298 0.0009193371181313439 0.00033609204587590081 -0.0002551040510578109 -2.3986548620141365e-05 0.00027478694757520613 -0.00028157729980863644
leaf_weight=32 32 27 26 49 243 49 274
leaf_count=32 32 27 26 49 243 49 274
internal_value=-0.000765029 0.00347458 -0.0011367 0.00233333 -0.00157191 0.00179012 -0.00209865
internal_weight=732 59 673 75 598 81 517
internal_count=732 59 673 75 598 81 517
is_linear=0
shrinkage=0.05


Tree=30
num_leaves=8
num_cat=0
split_feature=15 15 2 12 8 13 9
split_gain=0.515263 0.798249 0.513446 0.639076 0.482521 0.318732 0.853205
threshold=0.0051018111528722274 0.0066656503011733878 0.10266418661489664 0.035088519804199254 -0.14998972200003277 15.194999694824221 0.052665416745880551
decision_type=2 2 2 2 8 2 8
left_child=2 -2 4 -4 -1 6 -3
right_child=1 5 3 -5 -6 -7 -8
leaf_value=0.00032055683374572372 0.00045637098139122252 0.00035413485200269131 0.00029416921338694759 -3.4616876364625103e-05 -0.00015149629777953003 -5.2808617569214131e-05 -0.00013414617945352431
leaf_weight=25 32 26 36 34 421 124 40
leaf_count=25 32 26 36 34 421 124 40
internal_value=-0.000257454 0.00175676 -0.00112403 0.00285714 -0.00174888 0.000526315 0.00333333
internal_weight=738 222 516 70 446 190 66
internal_count=738 222 516 70 446 190 66
is_linear=0
shrinkage=0.05


Tree=31
num_leaves=8
num_cat=0
split_feature=3 15 9 13 7 10 3
split_gain=0.449197 0.2879 0.315545 0.756308 0.758684 0.424293 0.832596
threshold=-0.016533425855907887 0.018440711012990055 -0.12007053240224934 15.944999694824221 0.05994554719359791 0.0025359002095745047 0.00053050131936349676
decision_type=2 2 10 2 2 2 2
left_child=-1 2 3 4 -2 6 -5
right_child=1 -3 -4 5 -6 -7 -8
leaf_value=0.00049442174377247903 0.0008368568891799884 0.00041998092559881973 -6.2218077202428159e-05 -9.2201824682799081e-05 -5.6247069579203041e-05 -0.00028785379496542614 0.00022329062489694117
leaf_weight=35 32 27 472 64 25 50 33
leaf_count=35 32 27 472 64 25 50 33
internal_value=-0.000528456 -0.0008037 -0.00100592 0.000637254 0.00552631 -0.0012585 0.000670102
internal_weight=738 703 676 204 57 147 97
internal_count=738 703 676 204 57 147 97
is_linear=0
shrinkage=0.05


Tree=32
num_leaves=8
num_cat=0
split_feature=3 15 8 2 12 7 11
split_gain=0.451106 0.374785 0.296147 0.445233 0.296811 0.873636 0.33761
threshold=-0.016533425855907887 0.018440711012990055 -0.098529720417845953 -0.13704472938511861 0.051085048604070045 0.010577534468390494 0.016138382759851803
decision_type=2 2 8 2 2 2 2
left_child=-1 2 3 -2 6 -6 -4
right_child=1 -3 4 -5 5 -7 -8
leaf_value=0.00045654481888825118 -1.8081699883254489e-05 0.00043224125757644583 -0.00011518624724310468 0.00014328722720883123 0.00036847959052360344 -0.00019670448068140854 3.576275097272609e-05
leaf_weight=36 28 25 426 46 25 55 110
leaf_count=36 28 25 426 46 25 55 110
internal_value=-0.000739016 -0.00101399 -0.00123189 0.00175676 -0.00159091 0.00125 -0.00201493
internal_weight=751 715 690 74 616 80 536
internal_count=751 715 690 74 616 80 536
is_linear=0
shrinkage=0.05


Tree=33
num_leaves=8
num_cat=0
split_feature=11 11 1 15 9 5 13
split_gain=0.470985 0.600178 0.393582 0.8458 0.374876 0.639254 0.37126
threshold=0.02573480883905466 0.030456438390909838 -0.022158753535787553 0.0085266818302511833 -0.021523422411012457 0.016921281086431723 12.925000190734865
decision_type=2 2 2 2 10 2 2
left_child=2 -2 3 4 5 -1 -4
right_child=1 -3 6 -5 -6 -7 -8
leaf_value=0.00046300024534384841 0.00032090662925801606 -7.4081179534336526e-06 0.00015788250508923661 9.6116612510295426e-05 -0.00015907837072123596 -9.3175401792659593e-06 -0.00016736857693463653
leaf_weight=29 25 54 42 31 62 97 408
leaf_count=29 25 54 42 31 62 97 408
internal_value=-0.00105615 0.00259494 -0.0014873 0.00025114 -0.00101064 0.000555554 -0.00233333
internal_weight=748 79 669 219 188 126 450
internal_count=748 79 669 219 188 126 450
is_linear=0
shrinkage=0.05


Tree=34
num_leaves=8
num_cat=0
split_feature=11 11 14 14 10 9 8
split_gain=0.456438 0.585544 0.39197 1.01046 0.29366 0.278692 0.307521
threshold=0.02573480883905466 0.030456438390909838 0.078404529959544514 0.10157519013318318 -0.015213589282174643 -0.021832822655565239 -0.043265633383814221
decision_type=2 2 2 2 2 10 10
left_child=2 -2 5 -4 -5 6 -1
right_child=1 -3 3 4 -6 -7 -8
leaf_value=-0.00017221674975722114 0.00030486129779511519 -5.7159340762627967e-05 0.00023397950236054454 0.00010755854379484599 -0.00034845055642890045 -0.0002429515124116369 9.2105154583135449e-05
leaf_weight=153 25 53 27 29 33 273 156
leaf_count=153 25 53 27 29 33 273 156
internal_value=-0.000927905 0.00269231 -0.00134873 0.00174157 -0.00177419 -0.00182131 -0.000792881
internal_weight=749 78 671 89 62 582 309
internal_count=749 78 671 89 62 582 309
is_linear=0
shrinkage=0.05


Tree=35
num_leaves=8
num_cat=0
split_feature=4 0 13 9 8 11 12
split_gain=0.617114 0.490762 0.621216 0.475152 0.32972 0.741026 0.394007
threshold=0.045286436577135165 0.018776426243718673 15.684999942779543 0.06161208052885337 -0.098529720417845953 -0.003308881386918205 0.044456917101200373
decision_type=2 2 2 8 8 2 2
left_child=1 4 3 -3 5 -1 -6
right_child=-2 2 -4 -5 6 -7 -8
leaf_value=-6.0293424859046199e-05 0.00037701518479387136 0.00017321129007868098 -0.00034328879303551613 3.8845270308457351e-05 -0.00013491207495730962 0.00016819673972056447 9.166457613891458e-05
leaf_weight=39 31 25 48 30 454 26 100
leaf_count=39 31 25 48 30 454 26 100
internal_value=-0.000617531 -0.000914129 0.00228155 0.00590909 -0.00144588 0.00192308 -0.00184116
internal_weight=753 722 103 55 619 65 554
internal_count=753 722 103 55 619 65 554
is_linear=0
shrinkage=0.05


Tree=36
num_leaves=8
num_cat=0
split_feature=4 14 11 11 0 7 1
split_gain=0.443878 0.865473 0.592172 0.576349 0.36118 0.28184 0.560207
threshold=0.037306614921970273 0.040951993391927573 0.02573480883905466 0.032599059043066377 0.010780378997719 -0.048714025178163416 -0.045519308752172687
decision_type=2 2 2 2 2 2 2
left_child=2 4 5 -4 -2 -1 -7
right_child=1 -3 3 -5 -6 6 -8
leaf_value=-0.00019152759991555846 -0.00020066669179539889 0.0011960077624780128 0.00026471161365015694 -0.00037786254218340188 0.00033944414238163502 0.00017372057381831812 -7.2707666743478374e-05
leaf_weight=61 54 32 30 29 44 29 471
leaf_count=61 54 32 30 29 44 29 471
internal_value=-0.000733335 0.00192308 -0.00129032 0.00347458 -0.000408164 -0.00179145 -0.0014
internal_weight=750 130 620 59 98 561 500
internal_count=750 130 620 59 98 561 500
is_linear=0
shrinkage=0.05


Tree=37
num_leaves=8
num_cat=0
split_feature=0 0 13 8 8 1 16
split_gain=0.386267 0.452246 0.746667 0.35623 0.578674 0.402506 0.451763
threshold=0.018776426243718673 0.024173635706193023 15.684999942779543 0.14343302756932633 0.11029126966401483 -0.019744282491446271 0.015009177773100403
decision_type=2 2 2 8 10 2 2
left_child=3 -2 -3 4 5 -1 -7
right_child=1 2 -4 -5 -6 6 -8
leaf_value=5.9742556265850519e-06 0.00026525232871043799 0.00057884295679945974 -0.00047210880380348021 -0.00040335323535780379 0.00022899971599785204 -0.00032988452453587704 2.8669391689531927e-06
leaf_weight=208 40 35 40 56 33 234 112
leaf_count=208 40 35 40 56 33 234 112
internal_value=-0.000712402 0.00195652 -0.000333335 -0.00118974 -0.000826236 -0.00120939 -0.00225434
internal_weight=758 115 75 643 587 554 346
internal_count=758 115 75 643 587 554 346
is_linear=0
shrinkage=0.05


Tree=38
num_leaves=8
num_cat=0
split_feature=13 14 3 11 11 3 7
split_gain=0.479464 0.642857 0.389807 0.357052 0.814084 0.39825 0.344141
threshold=12.925000190734865 -0.011298954547856009 -0.015987077694153692 -0.0080581821115131552 -0.011523036265821017 0.0072592457026821053 -0.012275827410085869
decision_type=2 2 2 2 2 2 2
left_child=1 -1 -2 4 5 6 -4
right_child=2 -3 3 -5 -6 -7 -8
leaf_value=-0.00018339626367320369 0.00036130838433321366 0.0010881774858964789 -0.00023667024874154626 -9.6077613517669077e-05 0.00012673281177116689 0.00032497100697126722 0.00024577913532675431
leaf_weight=28 39 28 68 502 30 26 27
leaf_count=28 39 28 68 502 30 26 27
internal_value=-0.000521392 0.00392857 -0.000881504 -0.00117152 0.000960264 -0.00086777 -0.00236842
internal_weight=748 56 692 653 151 121 95
internal_count=748 56 692 653 151 121 95
is_linear=0
shrinkage=0.05


Tree=39
num_leaves=8
num_cat=0
split_feature=8 7 6 6 11 7 11
split_gain=0.628755 0.420121 0.485766 0.814415 0.614477 0.550918 0.480653
threshold=-0.15597727944716752 -0.058479232415981068 -0.9753145757825612 -0.86719560829413955 -0.020171834808393903 -0.046103090460475941 0.02573480883905466
decision_type=8 2 2 2 2 2 2
left_child=-1 -2 -3 -4 -5 -6 -7
right_child=1 2 3 4 5 6 -8
leaf_value=0.00024768441105103563 -0.00022869391430580351 -0.00027101996753878542 0.00013506417618276137 0.00025296320218740385 0.00038753039966594967 -0.00014696823145597768 8.3590390706418083e-05
leaf_weight=25 62 79 26 45 28 414 58
leaf_count=25 62 79 26 45 28 414 58
internal_value=-0.00079376 -0.00106742 -0.000692309 -0.000183889 -0.000596331 -0.0011 -0.00150424
internal_weight=737 712 650 571 545 500 472
internal_count=737 712 650 571 545 500 472
is_linear=0
shrinkage=0.05


Tree=40
num_leaves=8
num_cat=0
split_feature=2 13 14 14 12 15 1
split_gain=0.441305 0.614968 0.425039 0.385861 0.380969 0.629181 0.415738
threshold=0.10266418661489664 17.154999732971195 -0.086337752297859935 -0.015515001009757 0.037030624356881099 0.0054742252740898065 -0.023682983783899322
decision_type=2 2 2 2 2 2 2
left_child=2 3 -1 -2 -4 6 -6
right_child=1 -3 4 -5 5 -7 -8
leaf_value=0.00012654947446632842 -0.00019101593319624421 0.00028956554577822408 -0.00011144352681030788 3.0916748340737265e-05 9.2420595134357823e-05 0.00059485490641703954 -0.0002717073857754952
leaf_weight=49 38 25 456 50 29 35 68
leaf_count=49 38 25 456 50 29 35 68
internal_value=-0.000800001 0.00207964 -0.00131083 0.000113635 -0.00168367 0.000681817 -0.00139175
internal_weight=750 113 637 88 588 132 97
internal_count=750 113 637 88 588 132 97
is_linear=0
shrinkage=0.05


Tree=41
num_leaves=8
num_cat=0
split_feature=14 1 5 1 1 8 5
split_gain=0.364681 0.43104 0.686504 0.546452 0.31019 0.541647 0.534345
threshold=-0.049735428455543622 -0.01073369825359549 0.016792444422516272 0.023731994626294609 -0.022158753535787553 0.0994650482963685 0.015343343015005412
decision_type=2 2 2 2 2 10 2
left_child=1 -1 -3 -4 6 -6 -2
right_child=4 2 3 -5 5 -7 -8
leaf_value=-0.0001551970277879688 -0.00026228961143361324 -0.00011002679639335084 0.0001563314793358218 0.00046593004440262489 -0.00017083891387921751 1.9828062843134228e-05 4.8070566108337642e-05
leaf_weight=56 32 31 25 31 336 86 155
leaf_count=56 32 31 25 31 336 86 155
internal_value=-0.000279257 0.00199301 0.0041954 0.0075 -0.000812809 -0.00156398 0.000882352
internal_weight=752 143 87 56 609 422 187
internal_count=752 143 87 56 609 422 187
is_linear=0
shrinkage=0.05


Tree=42
num_leaves=8
num_cat=0
split_feature=6 15 3 15 3 6 11
split_gain=0.374065 0.47202 0.620139 0.867092 0.598078 0.522612 0.380454
threshold=-0.9448310645445871 0.0054742252740898065 -0.0055905808133571702 0.0085889644929960669 0.01436711726722273 0.026115161704029725 0.0044457003054257935
decision_type=2 2 2 2 2 2 2
left_child=-1 6 -3 5 -5 -4 -2
right_child=1 2 3 4 -6 -7 -8
leaf_value=-0.00022936259312795381 -0.00012673346240171972 0.00013703391924580526 0.00034568695030327997 -0.00040636684272427878 0.00020355712131781033 9.6402543339852866e-06 7.8694685815317275e-06
leaf_weight=93 238 29 29 84 25 32 223
leaf_count=93 238 29 29 84 25 32 223
internal_value=-0.000418328 -1.19209e-09 0.00203517 0.000882352 -0.00178899 0.00565574 -0.000878526
internal_weight=753 660 199 170 109 61 461
internal_count=753 660 199 170 109 61 461
is_linear=0
shrinkage=0.05


Tree=43
num_leaves=8
num_cat=0
split_feature=0 0 13 3 13 9 1
split_gain=0.463304 0.713384 0.737838 0.329778 0.361351 0.445353 0.550456
threshold=0.018776426243718673 0.024173635706193023 15.684999942779543 -0.019663792351747974 22.625000000000004 -0.096698954639729703 -0.011898682885228494
decision_type=2 2 2 2 2 8 2
left_child=3 -2 -3 -1 5 6 -5
right_child=1 2 -4 4 -6 -7 -8
leaf_value=0.00057049191744588479 0.00022645730203045547 0.0005002576456635872 -0.0005120249227360882 0.00012551882416877896 -9.4261963934502975e-05 -3.5626421256753161e-05 -5.1980303633555697e-05
leaf_weight=26 38 35 39 25 55 501 27
leaf_count=26 38 35 39 25 55 501 27
internal_value=-0.000375336 0.00258928 -0.000270271 -0.000899055 -0.00113487 -0.000750453 0.00365384
internal_weight=746 112 74 634 608 553 52
internal_count=746 112 74 634 608 553 52
is_linear=0
shrinkage=0.05


Tree=44
num_leaves=8
num_cat=0
split_feature=10 8 2 7 7 1 15
split_gain=0.385237 0.654072 0.844447 0.336244 0.460262 0.634739 0.493421
threshold=0.0090796012734996063 -0.025921882972395668 -0.055979947177396398 0.033519275802663791 0.076692442173591738 0.037828010546590025 -1.0000000180025095e-35
decision_type=2 10 2 2 2 2 2
left_child=3 2 -2 -1 5 6 -5
right_child=1 -3 -4 4 -6 -7 -8
leaf_value=-3.0175562091465347e-05 5.5951224342111233e-05 -0.00014386166127477388 0.0005878189986780291 0.000386121872273266 -0.00027833063949660712 0.00021331799012527325 -0.00053071068162203713
leaf_weight=497 28 56 25 32 45 32 25
leaf_count=497 28 56 25 32 45 32 25
internal_value=-0.000405407 0.00233945 0.00632075 -0.000879557 0.00134328 0.00342697 0.000263157
internal_weight=740 109 53 631 134 89 57
internal_count=740 109 53 631 134 89 57
is_linear=0
shrinkage=0.05


Tree=45
num_leaves=8
num_cat=0
split_feature=9 0 13 14 13 13 3
split_gain=0.402855 0.574968 1.14573 0.6075 0.470147 0.618947 0.393736
threshold=-0.096698954639729703 -1.0000000180025095e-35 18.035000801086429 0.065842641676127869 12.925000190734865 12.494999885559084 -0.0020121011551068042
decision_type=10 2 2 2 2 2 2
left_child=1 2 6 -4 5 -2 -1
right_child=4 -3 3 -5 -6 -7 -8
leaf_value=0.00038148960500779256 -0.00044954501649597498 -2.4878870854664017e-05 -0.00017614606042387008 1.609395244781786e-05 -0.00013343067028245731 0.00064923232555067509 0.00046336952107954804
leaf_weight=31 25 125 50 30 425 32 28
leaf_count=31 25 125 50 30 425 32 28
internal_value=-0.000509385 0.0010606 0.00327338 -0.000625001 -0.0013693 0.00289474 0.00855932
internal_weight=746 264 139 80 482 57 59
internal_count=746 264 139 80 482 57 59
is_linear=0
shrinkage=0.05


Tree=46
num_leaves=8
num_cat=0
split_feature=3 10 14 10 4 4 8
split_gain=0.697556 0.975932 1.84245 1.01186 0.529253 0.644926 0.425586
threshold=-0.0050441346028111114 -0.0014527022796280706 0.0080830591469587282 0.0054892456255208897 0.033937269022308959 0.034975168519924917 -0.009324389967812095
decision_type=2 2 2 2 2 2 10
left_child=1 6 3 -3 -2 -6 -1
right_child=4 2 -4 -5 5 -7 -8
leaf_value=-0.00034467278165983877 -0.00012675913453588463 -0.00032822473871905772 0.00027251475451414638 0.00026732448623046512 0.00067554948876838233 -6.8997555699100281e-06 3.5240403218148142e-05
leaf_weight=73 385 36 32 33 27 124 38
leaf_count=73 385 36 32 33 27 124 38
internal_value=-0.000588236 0.00183962 0.00539604 0.0007971 -0.00154851 0.000960264 -0.0013964
internal_weight=748 212 101 69 536 151 111
internal_count=748 212 101 69 536 151 111
is_linear=0
shrinkage=0.05


Tree=47
num_leaves=8
num_cat=0
split_feature=12 11 8 5 13 13 10
split_gain=0.402552 0.812271 0.370234 0.713403 0.599003 0.912519 0.308023
threshold=0.019260487188196843 -0.007815536271506494 -0.042521853494043298 0.020054125547679432 17.530000686645511 18.510000228881839 0.012020737458552368
decision_type=2 2 8 2 2 2 2
left_child=6 -2 3 -3 -4 -6 -1
right_child=1 2 4 -5 5 -7 -8
leaf_value=-8.0401041558021271e-05 5.7996333749834198e-05 0.0002372784207817987 -8.9223176855027038e-05 -0.00034880295537097488 0.00046375409595075768 -0.00026850115790663881 9.4153409607046121e-05
leaf_weight=338 25 35 222 26 26 34 33
leaf_count=338 25 35 222 26 26 34 33
internal_value=-0.000872802 0.000298912 -0.000335278 0.00319672 -0.00109929 0.00333333 -0.00203504
internal_weight=739 368 343 61 282 60 371
internal_count=739 368 343 61 282 60 371
is_linear=0
shrinkage=0.05


Tree=48
num_leaves=8
num_cat=0
split_feature=8 16 11 13 0 1 12
split_gain=0.426369 0.391178 0.494515 0.426368 0.305871 0.34178 0.496504
threshold=-0.15597727944716752 -0.028451646858905718 -0.019621569956091153 12.925000190734865 -0.027150743281732444 0.010443850944302226 0.038282081037970601
decision_type=8 2 2 2 2 2 2
left_child=-1 -2 -3 -4 -5 -6 -7
right_child=1 2 3 4 5 6 -8
leaf_value=0.00017264196796530574 -0.00010688383299041601 0.00020641283208187107 0.00067261465503510828 0.00015747102743916765 -0.00015558856381437639 1.3536105766300178e-05 -0.00037641161853451934
leaf_weight=28 66 39 51 35 276 177 68
leaf_count=28 66 39 51 35 276 177 68
internal_value=-0.000337839 -0.000575844 -0.00020124 -0.000551896 -0.000953239 -0.0012572 0.00010204
internal_weight=740 712 646 607 556 521 245
internal_count=740 712 646 607 556 521 245
is_linear=0
shrinkage=0.05


Tree=49
num_leaves=8
num_cat=0
split_feature=14 2 2 12 15 8 14
split_gain=0.394604 0.964484 0.98 0.65014 1.01187 0.384055 0.368813
threshold=0.0053913947730825926 0.10141504655767743 0.1332794150455742 0.030501686071182203 1.0000000180025095e-35 -0.098529720417845953 -0.05212825080923577
decision_type=2 2 2 2 2 8 2
left_child=6 3 -3 5 -5 -2 -1
right_child=1 2 -4 4 -6 -7 -8
leaf_value=5.3513108281193007e-05 0.00015629758154034484 0.00030903250119124182 -8.1030647906089268e-05 -0.00011853307151047117 0.0003191908058302992 -0.00013490975383211791 -4.1288398359819437e-05
leaf_weight=140 35 25 25 35 26 146 301
leaf_count=140 35 25 25 35 26 146 301
internal_value=0.000252386 0.00167808 0.008 0.0003719 0.00483606 -0.0011326 -0.000691611
internal_weight=733 292 50 242 61 181 441
internal_count=733 292 50 242 61 181 441
is_linear=0
shrinkage=0.05


Tree=50
num_leaves=8
num_cat=0
split_feature=14 14 2 3 11 5 13
split_gain=0.397548 0.816914 0.498904 0.747109 0.620975 0.476452 0.417109
threshold=-0.05212825080923577 -0.011513166785666882 -0.055292463433407595 0.0069509944803768384 0.0044457003054257935 0.023098897648183438 18.510000228881839
decision_type=2 2 2 2 2 2 2
left_child=2 5 -1 4 -4 -2 -3
right_child=1 6 3 -5 -6 -7 -8
leaf_value=-0.00010473891142265054 -0.00024850228590620583 2.0144838783490746e-05 4.8715259690960885e-05 -0.00016355800271190823 0.00046120762831997151 9.1490918500674939e-05 -2.3574692683130962e-05
leaf_weight=47 167 290 26 30 27 25 128
leaf_count=47 167 290 26 30 27 25 128
internal_value=-0.000202704 -0.000737706 0.00230769 0.00463855 0.00820755 -0.0034375 0.000502391
internal_weight=740 610 130 83 53 192 418
internal_count=740 610 130 83 53 192 418
is_linear=0
shrinkage=0.05


Tree=51
num_leaves=8
num_cat=0
split_feature=11 15 13 4 11 3 15
split_gain=0.378008 0.783813 0.538621 0.671701 0.420269 0.547355 0.599135
threshold=-0.0075284193939237345 0.008069550839526542 19.98499965667725 0.031507366411794697 0.016138382759851803 0.0074666225809432172 -0.0046316669240665234
decision_type=2 2 2 2 2 2 2
left_child=1 2 3 -1 -2 6 -6
right_child=4 -3 -4 -5 5 -7 -8
leaf_value=0.00040033682420912 -3.6521819700898946e-05 0.00012258826534675954 -8.3182313807751856e-05 -1.1345021684089022e-05 -0.00031596933727327933 -0.00013364897567166029 0.00026583523290954605
leaf_weight=40 399 38 73 34 31 42 105
leaf_count=40 399 38 73 34 31 42 105
internal_value=-0.000209975 0.00175676 0.00010204 0.00310811 -0.000840556 0.00117977 0.00272059
internal_weight=762 185 147 74 577 178 136
internal_count=762 185 147 74 577 178 136
is_linear=0
shrinkage=0.05


Tree=52
num_leaves=8
num_cat=0
split_feature=0 0 2 1 8 14 14
split_gain=0.298728 0.748831 0.548571 0.378479 0.769657 0.320684 1.00743
threshold=0.018776426243718673 0.024173635706193023 0.021578547857495026 -0.022158753535787553 -0.018775347764153624 0.0037598780805861991 0.052213768787031663
decision_type=2 2 2 2 10 2 2
left_child=3 -2 -3 4 5 -1 -7
right_child=1 2 -4 -5 -6 6 -8
leaf_value=-0.00019642096371968676 0.00020928930361138387 -0.00027238889516183244 0.00040066716394588937 -9.3013483088135005e-05 0.0001281060645065102 0.00029251340419471388 -1.6108576182111258e-05
leaf_weight=81 35 40 35 429 49 36 43
leaf_count=81 35 40 35 429 49 36 43
internal_value=-0.000588236 0.00181818 -0.001 -0.00100314 0.000741626 -0.000937501 0.00132911
internal_weight=748 110 75 638 209 160 79
internal_count=748 110 75 638 209 160 79
is_linear=0
shrinkage=0.05


Tree=53
num_leaves=8
num_cat=0
split_feature=3 6 16 16 16 16 0
split_gain=0.313491 0.318703 0.807641 0.875902 0.43917 0.754658 0.361033
threshold=-0.019663792351747974 -0.42492193422720054 -0.011441767973606019 -0.029489940975727155 0.024159211038409904 0.040671965546648543 -0.0045408899078849254
decision_type=2 2 2 2 2 2 2
left_child=-1 2 3 -2 -3 -6 -4
right_child=1 4 6 -5 5 -7 -8
leaf_value=0.0004456984570982526 -0.0004068271920236264 -5.8272665115161115e-05 -0.00018026689112952149 0.00021852684342447057 3.7075123285371109e-05 -0.00047058161115438109 -3.7374652908839347e-06
leaf_weight=27 25 348 74 48 42 27 152
leaf_count=27 25 348 74 48 42 27 152
internal_value=-0.00102961 -0.00122905 1.67212e-05 0.00458904 -0.0021223 0.00152174 -0.00146018
internal_weight=743 716 299 73 417 69 226
internal_count=743 716 299 73 417 69 226
is_linear=0
shrinkage=0.05


Tree=54
num_leaves=8
num_cat=0
split_feature=9 13 13 7 3 4 14
split_gain=0.378892 0.395795 0.324882 0.308796 0.266561 0.745284 0.272578
threshold=inf 15.75500011444092 12.925000190734865 -0.047923122502443675 -0.0050441346028111114 0.025493162358832835 -0.069744182185856193
decision_type=8 2 2 2 2 2 2
left_child=2 -2 -1 -3 5 -4 -6
right_child=1 3 4 -5 6 -7 -8
leaf_value=0.00046864648380550989 0.00042660988178938288 7.5778099617937297e-06 0.00013403648945603872 -1.5563702227655151e-05 1.6621579873523191e-05 -3.5889811675676102e-05 -0.00010892360850757182
leaf_weight=54 49 44 28 61 61 117 333
leaf_count=54 49 44 28 61 61 117 333
internal_value=-0.000716199 0.00149351 -0.00129005 -0.000238096 -0.00166048 0.000172413 -0.00233503
internal_weight=747 154 593 105 539 145 394
internal_count=747 154 593 105 539 145 394
is_linear=0
shrinkage=0.05


Tree=55
num_leaves=8
num_cat=0
split_feature=16 8 12 16 0 1 8
split_gain=0.38459 0.935213 0.480486 0.588112 0.363856 0.465495 0.429817
threshold=0.021131013510433453 -0.063186181863882904 0.017951128324421587 0.029431044656510367 0.007968701652832812 -0.067231428639206378 -0.010585719144744597
decision_type=2 10 2 2 2 2 8
left_child=4 -2 -3 -4 5 -1 -6
right_child=1 2 3 -5 6 -7 -8
leaf_value=6.935788654498809e-05 0.00025400898634550333 -0.00027458024699769082 0.00053014884665147758 -0.00027952441988968586 0.0001762616788338705 -4.9530287846643461e-05 -0.00013908065158443127
leaf_weight=44 26 35 33 45 100 377 103
leaf_count=44 26 35 33 45 100 377 103
internal_value=-0.000543907 0.00183453 -0.000132745 0.00205128 -0.00107372 -0.00191212 0.000665023
internal_weight=763 139 113 78 624 421 203
internal_count=763 139 113 78 624 421 203
is_linear=0
shrinkage=0.05


Tree=56
num_leaves=8
num_cat=0
split_feature=10 3 8 1 5 1 5
split_gain=0.345451 0.735204 0.318573 0.258253 0.559703 0.456521 0.314487
threshold=0.0087442389326247722 0.00015023126117175159 -0.0266771557941019 0.040334596541768304 0.015523282523139044 0.018687369224510867 0.023695383269294875
decision_type=2 2 8 2 2 2 2
left_child=3 -2 -3 5 -5 6 -1
right_child=1 2 -4 4 -6 -7 -8
leaf_value=-1.7615890389518107e-05 0.00034887496846487155 0.00015277192250664966 -0.00029208242229017444 0.00018747783040933829 -1.8901679194822767e-05 -0.00018858272880972496 6.8017704031465148e-05
leaf_weight=405 30 32 42 30 71 93 36
leaf_count=405 30 32 42 30 71 93 36
internal_value=-0.000940461 0.00173077 -0.000945947 -0.00137795 0.000940593 -0.00181648 -0.00114513
internal_weight=739 104 74 635 101 534 441
internal_count=739 104 74 635 101 534 441
is_linear=0
shrinkage=0.05


Tree=57
num_leaves=8
num_cat=0
split_feature=6 6 4 7 2 12 2
split_gain=0.33838 0.314961 0.312878 0.294759 0.266473 0.72705 0.730755
threshold=1.2139441506401276 0.98039437771607096 0.045286436577135165 -0.058479232415981068 -0.010387997934784952 0.020229824127922073 -0.036365850274304272
decision_type=2 2 2 2 2 2 2
left_child=1 2 3 -1 5 -5 -7
right_child=-2 -3 -4 4 -6 6 -8
leaf_value=-0.00030113115091795354 -0.0001775178683243428 0.00041238037335551513 0.00030138383793933083 -1.5263464883129811e-05 -5.0096686943068248e-05 0.00024682243692222578 -0.00010946284445336589
leaf_weight=48 96 26 27 163 293 39 43
leaf_count=48 96 26 27 163 293 39 43
internal_value=-0.00119048 -0.000774649 -0.00100326 -0.00124573 -0.000910782 0.000306121 0.00414634
internal_weight=735 639 613 586 538 245 82
internal_count=735 639 613 586 538 245 82
is_linear=0
shrinkage=0.05


Tree=58
num_leaves=8
num_cat=0
split_feature=2 2 12 1 14 0 5
split_gain=0.365833 0.464023 0.394645 0.32937 0.548094 0.380444 0.364219
threshold=0.10266418661489664 0.1332794150455742 0.037289246294732965 -0.022158753535787553 -0.091137781806863202 -0.0044154903066487275 0.014853502287806642
decision_type=2 2 2 2 2 2 2
left_child=3 2 -2 6 -5 -6 -1
right_child=1 -3 -4 4 5 -7 -8
leaf_value=-0.00032535546599689194 0.00021011596116859863 -4.39884039543922e-05 -1.1232512843299821e-05 0.00014127937101112272 -0.0001836800084427207 -5.272248233819645e-05 9.4631483669933151e-06
leaf_weight=25 32 61 26 31 119 261 195
leaf_count=25 32 61 26 31 119 261 195
internal_value=-0.000400001 0.00214286 0.00534483 -0.000879557 -0.00171533 -0.00223684 0.000681817
internal_weight=750 119 58 631 411 380 220
internal_count=750 119 58 631 411 380 220
is_linear=0
shrinkage=0.05


Tree=59
num_leaves=8
num_cat=0
split_feature=2 10 15 14 16 5 8
split_gain=0.285797 0.5455 0.509684 0.705739 0.544958 0.56574 0.360828
threshold=-0.012261231412918181 -0.0074311148447236399 -0.0064979915840560612 0.049298283120689408 -0.0055487606675242987 0.019491705212819507 -0.098529720417845953
decision_type=2 2 2 2 2 2 8
left_child=2 -2 6 4 5 -4 -1
right_child=1 -3 3 -5 -6 -7 -8
leaf_value=9.9238017605193698e-05 0.00023635852415011899 -8.019174438090821e-05 0.00023964433957571549 2.9840478843273198e-05 -5.4812014242385567e-05 -2.9240899520232153e-05 -0.00027853252179869383
leaf_weight=27 38 345 49 39 148 37 75
leaf_count=27 38 345 49 39 148 37 75
internal_value=-0.000514513 -0.0014752 0.000466665 0.00159341 0.000555554 0.00372093 -0.00254902
internal_weight=758 383 375 273 234 86 102
internal_count=758 383 375 273 234 86 102
is_linear=0
shrinkage=0.05


Tree=60
num_leaves=8
num_cat=0
split_feature=2 1 4 8 14 13 6
split_gain=0.519117 0.593884 0.57475 0.565625 0.549998 0.464421 0.425884
threshold=0.10266418661489664 -0.022158753535787553 0.027421987356654669 -0.018775347764153624 -0.091137781806863202 12.925000190734865 -0.29538682361800089
decision_type=2 2 2 10 2 2 2
left_child=1 3 -2 -1 -3 -6 -4
right_child=2 4 6 -5 5 -7 -8
leaf_value=-1.7275976281481385e-06 0.00018832611809158637 0.00011769202655069206 1.1158401634103317e-05 8.5160718798924439e-05 0.00012019733606710533 -0.00023456290076072828 -0.00021905788439205366
leaf_weight=176 40 33 31 45 30 351 47
leaf_count=176 40 33 31 45 30 351 47
internal_value=-0.000418328 -0.000984253 0.00262712 0.0011086 -0.00210145 -0.0026378 0.000128204
internal_weight=753 635 118 221 414 381 78
internal_count=753 635 118 221 414 381 78
is_linear=0
shrinkage=0.05


Tree=61
num_leaves=8
num_cat=0
split_feature=16 16 16 15 0 7 9
split_gain=0.364742 0.71827 0.585924 0.544218 0.737456 0.703658 0.719943
threshold=-0.028451646858905718 -0.022275569694326366 -0.015578030520268514 0.0095593351821248191 0.018776426243718673 -0.017733260943827208 -0.02235091789769544
decision_type=2 2 2 2 2 2 8
left_child=-1 -2 -3 4 5 6 -4
right_child=1 2 3 -5 -6 -7 -8
leaf_value=-7.2137022603434143e-05 0.00024401227074827335 -0.00022974997065434611 -3.1929727051553168e-07 -0.00022959015903438186 0.00012149359342315636 -3.4176998479092863e-05 0.00012597727635137455
leaf_weight=68 26 54 70 98 45 310 65
leaf_count=68 26 54 70 98 45 310 65
internal_value=-4.07621e-05 0.00031437 -1.55775e-05 0.000442176 0.00112245 0.000505617 0.00351852
internal_weight=736 668 642 588 490 445 135
internal_count=736 668 642 588 490 445 135
is_linear=0
shrinkage=0.05


Tree=62
num_leaves=8
num_cat=0
split_feature=9 13 0 12 0 3 10
split_gain=0.417894 1.00534 0.971385 1.03391 0.591929 0.804741 0.660717
threshold=-0.096698954639729703 18.015000343322757 0.0010861693012489406 0.018300587263459293 -0.0012860443910862605 -0.0062130823798842152 0.0020115949089920542
decision_type=10 2 2 2 2 2 2
left_child=1 2 3 -1 -2 -6 -7
right_child=4 -3 -4 -5 5 6 -8
leaf_value=0.00013002270262307846 -0.0001716156309998991 -2.2498476890572161e-05 -2.2129799384446568e-06 0.00052105148283164188 0.00022617890993919696 1.2777793117804027e-05 -0.00016496895190243774
leaf_weight=39 215 140 65 25 30 86 151
leaf_count=39 215 140 65 25 30 86 151
internal_value=-7.32369e-05 0.00150558 0.00468992 0.0090625 -0.000954358 0.000617976 -0.000358651
internal_weight=751 269 129 64 482 267 237
internal_count=751 269 129 64 482 267 237
is_linear=0
shrinkage=0.05


Tree=63
num_leaves=8
num_cat=0
split_feature=1 1 1 8 3 3 0
split_gain=0.377429 1.18601 0.562663 1.09515 0.475931 0.423024 0.394052
threshold=0.040334596541768304 0.04687888168338062 -0.022158753535787553 -0.011595850059798683 0.0050682800529183733 -0.0086019471162966359 -0.0045408899078849254
decision_type=2 2 2 10 2 2 2
left_child=2 -2 3 4 5 -1 -4
right_child=1 -3 6 -5 -6 -7 -8
leaf_value=0.00012718987945881634 0.00054023533545731613 -1.4653771471389462e-05 -0.00017778463855172566 0.00013141552553356262 5.9016843937931276e-05 -0.00023990993007035589 -1.3894786860284049e-05
leaf_weight=46 28 110 140 47 47 86 248
leaf_count=46 28 110 140 47 47 86 248
internal_value=-0.000478725 0.00188406 -0.00100977 0.00097345 -0.000810057 -0.00234849 -0.00216495
internal_weight=752 138 614 226 179 132 388
internal_count=752 138 614 226 179 132 388
is_linear=0
shrinkage=0.05


Tree=64
num_leaves=8
num_cat=0
split_feature=15 9 8 11 12 14 13
split_gain=0.339158 0.611634 0.726788 0.745732 0.472999 0.603276 0.429363
threshold=0.0051018111528722274 -0.16602666269350327 -0.054316990354208221 -0.0030472958153792136 0.033074860381173139 -0.012700650003930223 18.510000228881839
decision_type=2 10 10 2 2 2 2
left_child=6 -2 -3 -4 -5 -6 -1
right_child=1 2 3 4 5 -7 -8
leaf_value=-5.3842034548791889e-06 -0.00012822561860153188 0.00031411611868771626 0.00010678014628750167 -0.00024580349940148274 -0.00021062203559347447 0.00073959107895707346 -0.00013126578609715263
leaf_weight=362 50 27 26 57 26 28 156
leaf_count=362 50 27 26 57 26 28 156
internal_value=-0.000833335 0.00084112 0.00231707 0.000839415 -0.000945947 0.00240741 -0.0015251
internal_weight=732 214 164 137 111 54 518
internal_count=732 214 164 137 111 54 518
is_linear=0
shrinkage=0.05


Tree=65
num_leaves=8
num_cat=0
split_feature=6 6 8 16 11 8 16
split_gain=0.33367 1.1951 0.618395 0.431026 0.412311 0.530433 0.405513
threshold=-0.71117466600436574 -0.9753145757825612 0.012669217236050747 -0.0018209062022097042 -0.020171834808393903 -0.06353703640453133 0.023757453775392515
decision_type=2 2 10 2 2 8 2
left_child=1 -1 3 -3 5 -2 -6
right_child=4 2 -4 -5 6 -7 -8
leaf_value=-0.00011079416938860329 -1.9360493035318761e-06 -0.0001640225644122119 0.00025259670347432513 0.00011032010295851866 -0.00010686715596683395 0.00016685767934549443 2.3106597144606581e-05
leaf_weight=90 39 25 40 27 409 27 95
leaf_count=90 39 25 40 27 409 27 95
internal_value=-0.000545214 0.00131868 0.00532609 0.00173077 -0.00114035 0.00257576 -0.00162699
internal_weight=752 182 92 52 570 66 504
internal_count=752 182 92 52 570 66 504
is_linear=0
shrinkage=0.05


Tree=66
num_leaves=8
num_cat=0
split_feature=7 2 8 5 5 2 1
split_gain=0.495096 0.302093 0.450941 0.394254 0.741739 0.801734 0.408287
threshold=0.056355883129335822 0.10266418661489664 0.075061943135017697 0.018635102506317967 0.01940992907359514 0.021578547857495026 -0.019744282491446271
decision_type=2 2 8 2 2 2 2
left_child=1 2 3 6 -5 -6 -1
right_child=-2 -3 -4 4 5 -7 -8
leaf_value=1.268802158446755e-05 -5.5210269127313325e-05 0.00017084367432472142 -0.00025821943931593011 0.00017831080174302699 -1.6357457770301347e-05 0.0010618902824886549 -0.00014763723283801053
leaf_weight=109 97 31 67 28 180 25 208
leaf_count=109 97 31 67 28 180 25 208
internal_value=-0.000637585 -0.00013889 -0.000380876 9.09079e-05 0.00165236 0.000609755 -0.00105678
internal_weight=745 648 617 550 233 205 317
internal_count=745 648 617 550 233 205 317
is_linear=0
shrinkage=0.05


Tree=67
num_leaves=8
num_cat=0
split_feature=14 14 1 14 16 15 15
split_gain=0.426559 0.668489 0.517631 0.408415 0.707486 0.40088 0.617026
threshold=0.0080830591469587282 0.016378333086022993 -0.062992821673794483 -0.069744182185856193 0.01594031844496702 -0.0055238713266010367 0.00037071655999265657
decision_type=2 2 2 2 2 2 2
left_child=3 -2 -3 4 -1 -4 -7
right_child=1 2 5 -5 -6 6 -8
leaf_value=-1.1098423562364992e-05 0.00066074252396302571 0.0009588652178623094 -0.00012673002583277548 -9.8750559661528467e-05 0.000393105316596544 0.00017681086696022833 -0.00026279131395781603
leaf_weight=57 37 32 79 381 26 56 94
leaf_count=57 37 32 79 381 26 56 94
internal_value=-0.000603676 0.000872482 -1.91583e-05 -0.00155173 0.0016265 -0.00085153 0.000666665
internal_weight=762 298 261 464 83 229 150
internal_count=762 298 261 464 83 229 150
is_linear=0
shrinkage=0.05


Tree=68
num_leaves=8
num_cat=0
split_feature=14 2 12 9 12 8 6
split_gain=0.489082 0.347356 0.628198 0.541728 0.861538 0.339026 0.710065
threshold=0.021982133330242685 0.043583719584702314 0.033234518551448107 -0.052458427266394152 0.001711050909807055 -0.041814663011536794 -0.31616286793240728
decision_type=2 2 2 10 2 8 2
left_child=5 3 -3 4 -2 6 -1
right_child=1 2 -4 -5 -6 -7 -8
leaf_value=-0.00018099028533561488 -1.1649949662663703e-05 0.00028647513158080616 -9.5527107655300129e-05 -0.00027947160831808503 0.00014653178161535437 -2.8373784802076984e-05 0.00012223868417258183
leaf_weight=77 65 36 34 76 26 351 88
leaf_count=77 65 36 34 76 26 351 88
internal_value=-0.00055113 0.00132911 0.00428571 8.98192e-05 0.00269231 -0.00141473 0.000454544
internal_weight=753 237 70 167 91 516 165
internal_count=753 237 70 167 91 516 165
is_linear=0
shrinkage=0.05


Tree=69
num_leaves=8
num_cat=0
split_feature=11 0 10 6 11 11 11
split_gain=0.443087 0.811668 1.01909 0.671287 0.369664 0.995559 0.248503
threshold=-0.0075284193939237345 -0.0018947910804244514 0.0004408774644957259 0.35296008151744673 0.02573480883905466 0.030772226573239195 -0.0021053442047123667
decision_type=2 2 2 2 2 2 2
left_child=1 3 -3 -1 6 -6 -2
right_child=4 2 -4 -5 5 -7 -8
leaf_value=-0.00012304718033660938 -0.00018931405708013185 0.00031263390491022622 7.6970697111391992e-06 0.00099285629047467846 9.9456042331895413e-05 -0.00022052891711331278 -1.7791092686509495e-05
leaf_weight=66 74 36 46 31 27 51 419
leaf_count=66 74 36 46 31 27 51 419
internal_value=-0.000466668 0.00170391 0.00536585 -0.00139175 -0.00114711 0.00205128 -0.00165315
internal_weight=750 179 82 97 571 78 493
internal_count=750 179 82 97 571 78 493
is_linear=0
shrinkage=0.05


Tree=70
num_leaves=8
num_cat=0
split_feature=14 16 5 6 3 2 4
split_gain=0.454697 0.443384 0.466324 0.692552 0.337205 0.376732 0.733741
threshold=-0.05212825080923577 0.01594031844496702 0.019491705212819507 -0.18775913742298064 0.011922043743029411 0.03408813298001568 0.036530238076898286
decision_type=2 2 2 2 2 2 2
left_child=1 2 3 -1 5 -2 -7
right_child=4 -3 -4 -5 -6 6 -8
leaf_value=9.0015476707834595e-05 -4.9843085136067674e-05 0.00041592607922899907 -0.00035131917934413801 -0.00010301911216892687 1.0605991891596935e-05 -1.2517416932564363e-05 0.0012204992663548634
leaf_weight=29 366 33 40 32 43 171 27
leaf_count=29 366 33 40 32 43 171 27
internal_value=-0.00054656 0.00208955 0.000445543 0.00319672 -0.0011285 -0.0014539 0.000303029
internal_weight=741 134 101 61 607 564 198
internal_count=741 134 101 61 607 564 198
is_linear=0
shrinkage=0.05


Tree=71
num_leaves=8
num_cat=0
split_feature=4 16 16 16 15 15 15
split_gain=0.385747 0.43018 0.558445 0.366079 0.375972 1.01344 0.650583
threshold=0.045286436577135165 -0.028451646858905718 -0.021811984441981343 -0.015578030520268514 0.0095593351821248191 0.0051018111528722274 0.0071253365942107747
decision_type=2 2 2 2 2 2 2
left_child=1 -1 -3 -4 5 -5 -7
right_child=-2 2 3 4 -6 6 -8
leaf_value=-0.00026477726859875479 0.00022997407657331391 0.00011785732414691402 -0.00019719330880875187 -2.0017281444656499e-05 -0.00021584347662356924 0.00041124751667007473 3.1542970090222432e-06
leaf_weight=62 31 26 51 388 96 42 51
leaf_count=62 31 26 51 388 96 42 51
internal_value=-0.000783134 -0.00101955 -0.000642203 -0.000939492 -0.00058059 -1.03962e-05 0.00467742
internal_weight=747 716 654 628 577 481 93
internal_count=747 716 654 628 577 481 93
is_linear=0
shrinkage=0.05


Tree=72
num_leaves=8
num_cat=0
split_feature=10 10 3 16 3 11 2
split_gain=0.438539 0.445046 0.568448 1.46675 0.443967 0.490196 0.397455
threshold=0.0080340527889744013 0.0014013847331743048 0.0050682800529183733 0.0013932002616047214 -0.0014907139536018408 0.0049014316460139771 0.064880863492704402
decision_type=2 2 2 2 2 2 2
left_child=1 2 6 -4 -2 -6 -1
right_child=4 -3 3 -5 5 -7 -8
leaf_value=-8.3362126342228731e-05 0.00024274335424529704 -8.8370838325119321e-05 0.00023008202206070531 -0.0002950224544469533 7.0358309881901396e-05 -0.00012828120370609477 0.00014764998692912373
leaf_weight=244 28 228 39 36 34 68 70
leaf_count=244 28 228 39 36 34 68 70
internal_value=-0.000716199 -0.00127229 -0.000244217 0.00366667 0.00192308 0.000392156 -0.00117835
internal_weight=747 617 389 75 130 102 314
internal_count=747 617 389 75 130 102 314
is_linear=0
shrinkage=0.05


Tree=73
num_leaves=8
num_cat=0
split_feature=16 9 6 11 0 4 15
split_gain=0.340126 1.4694 0.586152 0.441974 0.623359 0.646045 0.393417
threshold=0.021131013510433453 -0.21163513743403903 0.15621164741865765 -0.0075284193939237345 -0.00046504766192717589 0.028134505782805273 -0.010443153659472125
decision_type=2 10 2 2 2 2 2
left_child=3 -2 -3 4 6 -6 -1
right_child=1 2 -4 -5 5 -7 -8
leaf_value=0.00017447938769230584 0.00043580069298972341 -0.00019323216044429215 4.6634334544273436e-05 -5.0286801578919058e-05 0.00017713990620582665 7.1253669504072807e-06 -6.0607870592695114e-05
leaf_weight=42 26 61 49 434 25 49 60
leaf_count=42 26 61 49 434 25 49 60
internal_value=-0.000643433 0.00161765 -0.000909092 -0.00114754 0.000965908 0.00445946 -0.00156863
internal_weight=746 136 110 610 176 74 102
internal_count=746 136 110 610 176 74 102
is_linear=0
shrinkage=0.05


Tree=74
num_leaves=8
num_cat=0
split_feature=6 6 6 6 11 11 11
split_gain=0.372466 0.341275 0.619009 0.487329 0.347121 0.527473 0.380762
threshold=-0.9753145757825612 -0.71117466600436574 -0.79573997305264721 -0.86719560829413955 0.02573480883905466 0.034061336593809395 -0.020171834808393903
decision_type=2 2 2 2 2 2 2
left_child=-1 2 3 -2 6 -6 -3
right_child=1 4 -4 -5 5 -7 -8
leaf_value=-0.00016890483067874269 2.9611576064119029e-05 2.5017021253632187e-05 0.00026773025007122359 -7.7911084620756616e-05 0.00011507500066523483 -0.00015069829910122179 -4.0904832306829902e-05
leaf_weight=93 27 65 40 30 26 28 445
leaf_count=93 27 65 40 30 26 28 445
internal_value=-0.000424404 -7.56549e-06 0.00273196 -0.000614036 -0.000478725 0.00333333 -0.000882354
internal_weight=754 661 97 57 564 54 510
internal_count=754 661 97 57 564 54 510
is_linear=0
shrinkage=0.05


end of trees

feature_importances:
dist_ma50=52
spy_ret_5d=42
overnight_gap=38
sector_ret_1d=36
ret_1d=35
vix_level=35
ret_5d=33
spy_ret_20d=33
vix_chg_1d=32
ret_20d=29
dvol_z_20=29
spy_ret_1d=25
sector_ret_5d=23
dist_ma200=22
parkinson_20=21
atr_pct=20
dist_ma20=20

parameters:
[boosting: gbdt]
[objective: quantile]
[metric: quantile]
[tree_learner: serial]
[device_type: cpu]
[data_sample_strategy: bagging]
[data: ]
[valid: ]
[num_iterations: 80]
[learning_rate: 0.05]
[num_leaves: 8]
[num_threads: 1]
[seed: 0]
[deterministic: 0]
[force_col_wise: 1]
[force_row_wise: 0]
[histogram_pool_size: -1]
[max_depth: -1]
[min_data_in_leaf: 25]
[min_sum_hessian_in_leaf: 0.001]
[bagging_fraction: 0.9]
[pos_bagging_fraction: 1]
[neg_bagging_fraction: 1]
[bagging_freq: 1]
[bagging_seed: 3]
[bagging_by_query: 0]
[feature_fraction: 0.9]
[feature_fraction_bynode: 1]
[feature_fraction_seed: 2]
[extra_trees: 0]
[extra_seed: 6]
[early_stopping_round: 0]
[early_stopping_min_delta: 0]
[first_metric_only: 0]
[max_delta_step: 0]
[lambda_l1: 0]
[lambda_l2: 0]
[linear_lambda: 0]
[min_gain_to_split: 0]
[drop_rate: 0.1]
[max_drop: 50]
[skip_drop: 0.5]
[xgboost_dart_mode: 0]
[uniform_drop: 0]
[drop_seed: 4]
[top_rate: 0.2]
[other_rate: 0.1]
[min_data_per_group: 100]
[max_cat_threshold: 32]
[cat_l2: 10]
[cat_smooth: 10]
[max_cat_to_onehot: 4]
[top_k: 20]
[monotone_constraints: ]
[monotone_constraints_method: basic]
[monotone_penalty: 0]
[feature_contri: ]
[forcedsplits_filename: ]
[refit_decay_rate: 0.9]
[cegb_tradeoff: 1]
[cegb_penalty_split: 0]
[cegb_penalty_feature_lazy: ]
[cegb_penalty_feature_coupled: ]
[path_smooth: 0]
[interaction_constraints: ]
[verbosity: -1]
[saved_feature_importance_type: 0]
[use_quantized_grad: 0]
[num_grad_quant_bins: 4]
[quant_train_renew_leaf: 0]
[stochastic_rounding: 1]
[linear_tree: 0]
[max_bin: 255]
[max_bin_by_feature: ]
[min_data_in_bin: 3]
[bin_construct_sample_cnt: 200000]
[data_random_seed: 1]
[is_enable_sparse: 1]
[enable_bundle: 1]
[use_missing: 1]
[zero_as_missing: 0]
[feature_pre_filter: 1]
[pre_partition: 0]
[two_round: 0]
[header: 0]
[label_column: ]
[weight_column: ]
[group_column: ]
[ignore_column: ]
[categorical_feature: ]
[forcedbins_filename: ]
[precise_float_parser: 0]
[parser_config_file: ]
[objective_seed: 5]
[num_class: 1]
[is_unbalance: 0]
[scale_pos_weight: 1]
[sigmoid: 1]
[boost_from_average: 1]
[reg_sqrt: 0]
[alpha: 0.9]
[fair_c: 1]
[poisson_max_delta_step: 0.7]
[tweedie_variance_power: 1.5]
[lambdarank_truncation_level: 30]
[lambdarank_norm: 1]
[label_gain: ]
[lambdarank_position_bias_regularization: 0]
[eval_at: ]
[multi_error_top_k: 1]
[auc_mu_weights: ]
[num_machines: 1]
[local_listen_port: 12400]
[time_out: 120]
[machine_list_filename: ]
[machines: ]
[gpu_platform_id: -1]
[gpu_device_id: -1]
[gpu_device_id_list: ]
[gpu_use_dp: 0]
[num_gpu: 1]

end of parameters

pandas_categorical:[]
