tree
version=v4
num_class=1
num_tree_per_iteration=1
label_index=0
max_feature_idx=16
objective=quantile
feature_names=ret_1d ret_5d ret_20d overnight_gap atr_pct parkinson_20 dvol_z_20 dist_ma20 dist_ma50 dist_ma200 spy_ret_1d spy_ret_5d spy_ret_20d vix_level vix_chg_1d sector_ret_1d sector_ret_5d
feature_infos=[-0.090995465066178616:0.097393153898023055] [-0.14353715450693283:0.11003026236801339] [-0.17286143311461366:0.18739772938953836] [-0.050944085344207024:0.064045395979723585] [0.01093041721493102:0.057654095984631809] [0.0077234750721328028:0.0321949322620479] [-2.7937754169740852:3.7861938728214319] [-0.14276496751943835:0.10984010114742748] [-0.20180306085849031:0.1484098401945555] [-0.19971894541280433:0.26526346302453985] [-0.058542971330535654:0.10501930183911301] [-0.11496151859245618:0.082843162776128354] [-0.1226559005192206:0.15756591020035837] [11.859999656677246:52.330001831054688] [-0.35753873962348437:0.74039073966007019] [-0.062852571542473257:0.088816390052506744] [-0.11675896877857916:0.085294626879873769]
tree_sizes=846 849 860 868 870 867 858 862 870 866 865 866 866 862 864 864 875 874 872 866 850 872 869 858 868 872 873 866 864 865 872 871 864

Tree=0
num_leaves=8
num_cat=0
split_feature=8 3 6 4 10 15 16
split_gain=1.14163 1.18389 1.20547 0.758893 0.680815 0.942308 0.598943
threshold=0.0057766856377088347 0.0058970144060365168 1.0126072474915797 0.026294266532624105 -0.0066375346949278371 -0.0084738514865007036 0.018343511848057829
decision_type=8 2 2 2 2 2 2
left_child=1 2 -1 -3 5 -2 -6
right_child=4 3 -4 -5 6 -7 -8
leaf_value=0.0017780580475991238 0.001706014706164776 0.0019079302637204725 0.0023199996199933181 0.0021178962902574038 0.0017064170921452461 0.0019397115992241601 0.0018061546187865909
leaf_weight=221 26 44 35 25 269 26 104
leaf_count=221 26 44 35 25 269 26 104
internal_value=0.0017933 0.00402407 0.00245736 0.00983678 8.74149e-05 0.00544714 -0.000659786
internal_weight=750 325 256 69 425 52 373
internal_count=750 325 256 69 425 52 373
is_linear=0
shrinkage=1


Tree=1
num_leaves=8
num_cat=0
split_feature=8 3 13 1 4 16 7
split_gain=1.45525 1.1807 1.59097 1.24526 0.512082 0.486963 0.707973
threshold=-0.024087424482177263 -0.0074925082798645284 18.595000267028812 -0.025241267113558782 0.0204852562009308 0.018343511848057829 0.03381404642569797
decision_type=8 2 2 2 2 2 2
left_child=1 -1 4 -4 -3 -2 -7
right_child=5 2 3 -5 -6 6 -8
leaf_value=-0.00018805753318327956 -5.6575557535809295e-05 -4.7669526483684198e-05 0.00019687776635017194 0.00044724509760315926 0.00030998896008440057 0.0001238007659696334 -9.9118158247318497e-05
leaf_weight=31 425 43 25 38 33 74 65
leaf_count=31 425 43 25 38 33 74 65
internal_value=-0.000231609 0.00382353 0.00579137 0.0116667 0.000921051 -0.0014539 0.00111511
internal_weight=734 170 139 63 76 564 139
internal_count=734 170 139 63 76 564 139
is_linear=0
shrinkage=0.05


Tree=2
num_leaves=8
num_cat=0
split_feature=8 3 12 6 9 14 2
split_gain=1.20338 1.07501 1.12446 1.12443 0.844447 0.620975 0.457625
threshold=0.027133066810942522 0.0076342186094954254 0.04760809957201418 1.0126072474915797 -0.018537069234816125 -0.042837654521053752 -0.033531333619507324
decision_type=8 2 2 2 10 2 2
left_child=1 2 3 6 -5 -3 -1
right_child=-2 5 -4 4 -6 -7 -8
leaf_value=9.2454042978687672e-06 -4.7555841506790344e-05 8.0976814073908861e-05 0.00026637745530512567 7.2798053442524349e-05 0.00057138142399870565 0.00030999710322541488 -9.5085902951977852e-05
leaf_weight=138 321 26 41 28 25 27 143
leaf_count=138 321 26 41 28 25 27 143
internal_value=-0.000193593 0.00154205 0.000599999 -0.000359283 0.00632075 0.00820755 -0.00161922
internal_weight=749 428 375 334 53 53 281
internal_count=749 428 375 334 53 53 281
is_linear=0
shrinkage=0.05


Tree=3
num_leaves=8
num_cat=0
split_feature=0 12 9 4 4 12 13
split_gain=0.981411 0.821686 0.685407 0.796893 0.788957 0.62245 0.569729
threshold=0.0075370476272461637 0.014776442004869829 -0.054867178025466527 0.016922336400462836 0.022482261280713341 0.0090147692043446321 25.319999694824222
decision_type=2 2 10 2 2 2 2
left_child=1 5 4 -4 -2 6 -1
right_child=2 -3 3 -5 -6 -7 -8
leaf_value=-2.7697346300810509e-05 2.8587005116963811e-05 -6.9093766974538768e-05 0.00011743989612678366 -2.2947340160349777e-05 0.00026825411935341978 0.00047069739690341374 0.00027088276665551068
leaf_weight=189 35 294 37 109 27 27 25
leaf_count=189 35 294 37 109 27 27 25
internal_value=-0.000222074 -0.00135514 0.00269231 0.000821917 0.00709677 0.000809127 -9.34591e-05
internal_weight=743 535 208 146 62 241 214
internal_count=743 535 208 146 62 241 214
is_linear=0
shrinkage=0.05


Tree=4
num_leaves=8
num_cat=0
split_feature=8 9 0 14 9 16 14
split_gain=1.01498 0.906616 1.26314 0.841938 0.504322 0.569907 0.686344
threshold=0.0057766856377088347 0.034518673307644139 0.0092953182982119537 -0.014609583018452553 -0.018537069234816125 0.00065190084926847202 0.058009640559056781
decision_type=8 10 2 2 8 2 2
left_child=1 2 -1 -3 -2 -6 -7
right_child=4 3 -4 -5 5 6 -8
leaf_value=-2.9742227965483121e-05 7.7927502476513076e-05 3.2757509167405102e-05 0.00015924342601191899 0.00039528602435378766 -0.00014344906286723919 -2.7755414181868697e-05 0.00014670281317849247
leaf_weight=182 32 35 47 47 122 256 25
leaf_count=182 32 35 47 47 122 256 25
internal_value=-0.00010724 0.00207395 0.000458514 0.00658536 -0.00166667 -0.0021464 -0.000907475
internal_weight=746 311 229 82 435 403 281
internal_count=746 311 229 82 435 403 281
is_linear=0
shrinkage=0.05


Tree=5
num_leaves=8
num_cat=0
split_feature=8 3 1 6 16 11 5
split_gain=1.38514 1.41474 0.749583 0.647405 0.431352 1.30615 0.770939
threshold=-0.0061426396661897744 0.0058970144060365168 -0.012959948750060455 1.0126072474915797 0.00065190084926847202 -0.0041955854167174391 0.010088631405001195
decision_type=8 2 2 2 2 2 2
left_child=1 3 -3 -1 -2 -6 -7
right_child=4 2 -4 -5 5 6 -8
leaf_value=-9.8280939893424606e-06 -9.1857784059224431e-05 0.00022187174348312555 0.00028548553389847272 0.00032290236946795381 0.00033841030362424839 8.0823852859891672e-05 -7.6754155820932279e-05
leaf_weight=178 147 27 26 32 27 69 231
leaf_count=178 147 27 26 32 27 69 231
internal_value=-0.000115334 0.00279468 0.0100943 0.00095238 -0.00172996 -0.000718656 -0.00166667
internal_weight=737 263 53 210 474 327 300
internal_count=737 263 53 210 474 327 300
is_linear=0
shrinkage=0.05


Tree=6
num_leaves=8
num_cat=0
split_feature=13 14 8 3 7 4 6
split_gain=0.971651 0.642325 0.610349 1.61495 1.40997 1.03934 0.616673
threshold=17.744999885559086 -0.077913276979976895 -0.024087424482177263 -0.0074925082798645284 -0.026557838503213912 0.028424619669706348 0.43209935501238589
decision_type=2 2 8 2 2 2 2
left_child=1 -1 3 -2 5 -5 -4
right_child=2 -3 6 4 -6 -7 -8
leaf_value=7.6825363543547314e-05 -0.00022441717628316922 -4.1616263130535714e-05 -9.8355213062943972e-05 -0.00014241065104906477 0.00042048333823386749 0.00025281864202765617 0.00020145460856653446
leaf_weight=36 30 433 129 27 29 25 37
leaf_count=36 30 433 129 27 29 25 37
internal_value=-0.000308312 -0.0016951 0.00203971 0.00490991 0.00858025 0.00365384 0.000120481
internal_weight=746 469 277 111 81 52 166
internal_count=746 469 277 111 81 52 166
is_linear=0
shrinkage=0.05


Tree=7
num_leaves=8
num_cat=0
split_feature=8 1 11 6 9 6 10
split_gain=0.604923 1.0673 0.742976 0.692445 0.590769 0.452443 0.531784
threshold=-0.024087424482177263 -0.024048046617500093 -0.0075284193939237345 -0.81159985049876904 -0.05127771919026624 -0.70255362613813976 -0.0084264331718765222
decision_type=8 2 2 2 8 2 2
left_child=1 -1 -3 -4 -5 -2 -7
right_child=5 2 3 4 -6 6 -8
leaf_value=-3.7114077476171269e-05 -0.00010030258513569436 0.00021679387582598187 -5.4081148673474803e-05 0.00040767471615239781 8.7649224653466701e-05 9.8350313583077696e-05 -1.4958225448494693e-05
leaf_weight=75 140 25 28 27 25 46 379
leaf_count=75 140 25 28 27 25 46 379
internal_value=-0.000302015 0.00222222 0.00547619 0.003125 0.00653846 -0.0011062 -0.000294119
internal_weight=745 180 105 80 52 565 425
internal_count=745 180 105 80 52 565 425
is_linear=0
shrinkage=0.05


Tree=8
num_leaves=8
num_cat=0
split_feature=0 12 6 8 10 15 10
split_gain=1.11548 0.735778 0.727128 0.815578 0.719854 1.08023 0.710774
threshold=0.0075370476272461637 0.014776442004869829 0.66068067680569509 -0.025126720747340289 -0.0072745110629502388 -0.0018369578498858561 0.0018426398432722648
decision_type=2 2 2 10 2 2 2
left_child=1 2 3 4 -1 -6 -2
right_child=6 -3 -4 -5 5 -7 -8
leaf_value=-2.1828143093026559e-05 8.8952249844094969e-05 -3.9841838153179755e-05 0.00047059019013710859 -0.00010061972533770663 0.00029455374691505793 -0.00010509309395997517 1.2093882220859018e-05
leaf_weight=30 49 309 49 105 27 31 164
leaf_count=30 49 309 49 105 27 31 164
internal_value=-9.16242e-05 -0.00127949 0.000785123 -0.000595856 0.00295454 0.0062069 0.00298122
internal_weight=764 551 242 193 88 58 213
internal_count=764 551 242 193 88 58 213
is_linear=0
shrinkage=0.05


Tree=9
num_leaves=8
num_cat=0
split_feature=0 12 6 8 10 10 16
split_gain=0.710853 0.652409 0.739323 0.561567 0.61614 0.710099 0.555685
threshold=0.0075370476272461637 0.014776442004869829 0.66068067680569509 -0.025126720747340289 -0.0067260034259559167 0.0004408774644957259 0.029638080308571072
decision_type=2 2 2 10 2 2 2
left_child=1 2 3 4 -1 -6 -2
right_child=6 -3 -4 -5 5 -7 -8
leaf_value=-2.1039263494128192e-05 6.432926195727781e-05 -4.6185230225208532e-05 0.00046263916901812002 -0.00010451284472560377 0.0003880315739180614 1.3127193653044313e-05 -0.00025023931150045404
leaf_weight=31 174 298 43 105 28 30 35
leaf_count=31 174 298 43 105 28 30 35
internal_value=-0.0002957 -0.00126168 0.000696201 -0.000618558 0.00230337 0.00534483 0.00217703
internal_weight=744 535 237 194 89 58 209
internal_count=744 535 237 194 89 58 209
is_linear=0
shrinkage=0.05


Tree=10
num_leaves=8
num_cat=0
split_feature=8 9 3 5 10 4 4
split_gain=0.707542 1.15534 0.921784 1.08036 0.571141 0.565077 0.523472
threshold=0.0057766856377088347 0.044263989199681782 -1.0000000180025095e-35 0.015384707502878582 -0.0084264331718765222 0.018640258439723258 0.020725468469032327
decision_type=8 10 2 2 2 2 2
left_child=1 2 -1 6 -2 -3 -4
right_child=4 5 3 -5 -6 -7 -8
leaf_value=-0.00011405905153390258 0.00011528317791181351 0.00030014227608769767 4.1908743641113754e-05 0.00023625149706679458 -4.0952596928391479e-05 0.00019973387419442768 -0.00012825783590636797
leaf_weight=120 38 25 63 27 394 51 31
leaf_count=120 38 25 63 27 394 51 31
internal_value=-0.000327104 0.00146688 -0.000228217 0.00285124 -0.00164352 0.0068421 0.000319148
internal_weight=749 317 241 121 432 76 94
internal_count=749 317 241 121 432 76 94
is_linear=0
shrinkage=0.05


Tree=11
num_leaves=8
num_cat=0
split_feature=12 9 9 11 1 1 0
split_gain=0.642838 0.677992 0.941901 0.938829 0.864766 0.954635 0.615716
threshold=0.015576127060618618 0.11814113897345214 0.047357531446893593 -0.0075284193939237345 -0.021663555003034792 0.005065106403505216 0.0075370476272461637
decision_type=2 8 10 2 2 2 2
left_child=1 2 4 -4 -1 -6 -2
right_child=6 -3 3 -5 5 -7 -8
leaf_value=-0.00023727713422475703 -4.6839047645127735e-05 -1.6449221970735413e-05 0.00042786547571940455 5.0358444936450403e-05 0.00027407527157024669 -9.1230309403960493e-05 2.9442899549816228e-05
leaf_weight=42 299 154 27 37 38 34 116
leaf_count=42 299 154 27 37 38 34 116
internal_value=-0.000314593 0.0013253 0.00342697 0.00828125 0.000701753 0.00402778 -0.00162651
internal_weight=747 332 178 64 114 72 415
internal_count=747 332 178 64 114 72 415
is_linear=0
shrinkage=0.05


Tree=12
num_leaves=8
num_cat=0
split_feature=2 8 1 5 3 13 11
split_gain=1.14708 0.673704 0.57289 0.734453 0.830859 1.71591 0.695602
threshold=-0.096268705086134651 0.027133066810942522 -0.019055005482485839 0.010088631405001195 -0.0011231812552868201 18.595000267028812 0.012210489302713847
decision_type=2 8 2 2 2 2 2
left_child=-1 2 -2 -4 -5 6 -6
right_child=1 -3 3 4 5 -7 -8
leaf_value=0.00021563073823551793 -3.6962391572922392e-05 -2.5511667942891803e-05 0.0002563753705370091 -0.00010003242113451301 -0.00011282358361767981 0.00043401463773445328 0.00019985451075750754
leaf_weight=27 133 311 42 81 61 33 46
leaf_count=27 133 311 42 81 61 33 46
internal_value=-0.000299729 -0.000685998 0.000681817 0.00203422 0.000882352 0.00321428 0.000140186
internal_weight=734 707 396 263 221 140 107
internal_count=734 707 396 263 221 140 107
is_linear=0
shrinkage=0.05


Tree=13
num_leaves=8
num_cat=0
split_feature=2 6 6 15 0 0 13
split_gain=1.05824 0.571568 0.551984 0.75665 0.591842 0.85163 0.451249
threshold=-0.096268705086134651 -0.67756561775190038 -0.52275312909531058 0.0031700462590279481 0.015984198935383945 0.021399581899287704 19.295000076293949
decision_type=2 2 2 2 2 2 2
left_child=-1 6 3 -3 -4 -6 -2
right_child=1 2 4 -5 5 -7 -8
leaf_value=0.00019516720281846151 -0.00010799133624875271 0.0002234338226105735 -1.1988212382501913e-05 -5.4317616414833824e-05 0.00010855886207766048 -1.7256818900437365e-05 0.00017697974715660803
leaf_weight=29 144 30 413 28 25 37 39
leaf_count=29 144 30 413 28 25 37 39
internal_value=-0.000570471 -0.000949722 -0.000121952 0.00448276 -0.000684212 0.00387097 -0.00336066
internal_weight=745 716 533 58 475 62 183
internal_count=745 716 533 58 475 62 183
is_linear=0
shrinkage=0.05


Tree=14
num_leaves=8
num_cat=0
split_feature=0 4 8 4 5 0 0
split_gain=0.681443 0.800246 0.315357 0.433591 0.520433 0.753062 0.596311
threshold=0.017094951883789403 0.022197323855809668 0.05121076990225349 0.015613232129125921 0.010073146055514737 -0.0020262110713437638 0.0066632204844160334
decision_type=2 2 8 2 2 2 2
left_child=2 -2 3 -1 5 -5 -6
right_child=1 -3 -4 4 6 -7 -8
leaf_value=-0.00010189756742680159 -1.6162492576336255e-05 0.00018485241700680213 -5.0917453441625001e-05 0.00029286311956892435 -2.7041649561812576e-05 -9.1410057133511783e-06 3.7995643017854408e-05
leaf_weight=47 35 29 152 25 319 26 86
leaf_count=47 35 29 152 25 319 26 86
internal_value=-0.000549375 0.004375 -0.00103054 -0.000427437 4.38585e-05 0.00480392 -0.000555557
internal_weight=719 64 655 503 456 51 405
internal_count=719 64 655 503 456 51 405
is_linear=0
shrinkage=0.05


Tree=15
num_leaves=8
num_cat=0
split_feature=9 7 8 3 14 15 5
split_gain=0.645942 1.28839 0.367123 0.757168 0.360381 0.272148 0.41994
threshold=-0.045642944032133918 -0.023098754678947727 -0.025126720747340289 -1.0000000180025095e-35 -0.077913276979976895 0.0083341531089083948 0.010599735178448677
decision_type=8 2 8 2 2 2 2
left_child=1 -1 3 -2 -4 -6 -7
right_child=2 -3 4 -5 5 6 -8
leaf_value=-7.6323213931052436e-06 -0.00010584169203570879 0.00031317468477890073 5.6043506585950846e-05 0.0001627519851073995 -7.8903510833780156e-05 -0.00013896915975415732 5.9405666055469314e-05
leaf_weight=53 48 41 39 45 432 26 59
leaf_count=53 48 41 39 45 432 26 59
internal_value=-0.000895021 0.00297872 -0.00145609 0.00145161 -0.00194245 -0.00229207 0.000294116
internal_weight=743 94 649 93 556 517 85
internal_count=743 94 649 93 556 517 85
is_linear=0
shrinkage=0.05


Tree=16
num_leaves=8
num_cat=0
split_feature=2 16 11 8 11 3 15
split_gain=0.697526 0.489725 1.09952 0.500577 0.635955 0.710779 0.362322
threshold=-0.096268705086134651 -0.0031855134162837024 -0.0080581821115131552 -0.0061426396661897744 0.010325604265528312 0.0023581827736509635 -0.0074655573919505938
decision_type=2 2 2 8 2 2 2
left_child=-1 -2 -3 4 -4 -6 -5
right_child=1 2 3 6 5 -7 -8
leaf_value=0.00017061328617097755 -3.7700238481169567e-05 0.00012973705022512172 -0.00018085554482827115 7.7026871156317308e-05 0.00018327829829618432 0.00024120341043477737 -2.143155867765527e-05
leaf_weight=28 246 26 37 26 38 26 330
leaf_count=28 246 26 37 26 38 26 330
internal_value=-0.000244387 -0.000541839 0.000383022 -0.000185997 0.00292079 0.0059375 -0.00106742
internal_weight=757 729 483 457 101 64 356
internal_count=757 729 483 457 101 64 356
is_linear=0
shrinkage=0.05


Tree=17
num_leaves=8
num_cat=0
split_feature=2 16 9 11 9 5 3
split_gain=0.501145 0.505983 0.623425 0.567952 0.387657 0.383389 0.595358
threshold=-0.096268705086134651 0.00021032904865880833 -0.054867178025466527 -0.0066204979438934655 0.034518673307644139 0.010346625442913359 0.0010204762728747154
decision_type=2 2 8 2 8 2 2
left_child=-1 -2 -3 -4 -5 6 -6
right_child=1 2 3 4 5 -7 -8
leaf_value=0.0001661715074373936 -4.2432585857885035e-05 0.00029219320617849745 0.00012175849650477083 -7.5485014182391928e-05 0.00014617145445402609 -1.1577129716050356e-05 -3.0552776090636746e-06
leaf_weight=27 292 34 25 83 29 220 36
leaf_count=27 292 34 25 83 29 220 36
internal_value=-0.000576409 -0.000827539 0.00026932 -0.000292622 -0.000788045 8.77181e-05 0.00346154
internal_weight=746 719 427 393 368 285 65
internal_count=746 719 427 393 368 285 65
is_linear=0
shrinkage=0.05


Tree=18
num_leaves=8
num_cat=0
split_feature=12 12 12 9 6 9 0
split_gain=0.589229 0.568062 0.472731 0.455326 0.877726 0.934022 0.413105
threshold=0.015576127060618618 0.0094949334570126904 0.024727553990246513 0.047357531446893593 0.66068067680569509 0.085466094404041973 0.0075370476272461637
decision_type=2 2 2 10 2 10 2
left_child=1 3 -2 -1 5 -5 -4
right_child=2 -3 6 4 -6 -7 -8
leaf_value=-2.2234670280056262e-05 -3.8558955226159022e-05 0.00025226327745999174 -3.4894694273453305e-05 0.00015667916349848741 0.00041444208476187715 -4.0334768778355609e-05 2.0220061766716561e-05
leaf_weight=177 88 44 223 26 25 66 104
leaf_count=177 88 44 223 26 25 66 104
internal_value=-0.000484729 0.00106509 -0.00174699 0.000272108 0.00269231 0.000434781 -0.000871561
internal_weight=753 338 415 294 117 92 327
internal_count=753 338 415 294 117 92 327
is_linear=0
shrinkage=0.05


Tree=19
num_leaves=8
num_cat=0
split_feature=10 15 13 8 8 16 9
split_gain=0.368889 1.28016 0.598662 0.583907 0.756378 0.661212 0.545347
threshold=0.0087442389326247722 0.0091041689469210114 17.945000648498539 -0.048878584873707824 -0.025530183098297184 0.011154169633441293 0.047357531446893593
decision_type=2 2 2 10 10 2 8
left_child=2 -2 -1 -4 -5 6 -6
right_child=1 -3 3 4 5 -7 -8
leaf_value=-2.5557020491774967e-05 0.00017120017105440994 -6.017984154090461e-05 -3.8537443436248753e-05 0.00027221708563420817 6.1808674175609199e-06 0.00013387739661304036 -0.00020594015505672093
leaf_weight=421 38 67 67 35 26 28 57
leaf_count=421 38 67 67 35 26 28 57
internal_value=-0.000602166 0.00214286 -0.00105678 0.00110329 0.00287671 0.000855855 -0.00138554
internal_weight=739 105 634 213 146 111 83
internal_count=739 105 634 213 146 111 83
is_linear=0
shrinkage=0.05


Tree=20
num_leaves=8
num_cat=0
split_feature=13 14 3 7 4 4 9
split_gain=0.585237 0.534159 0.894382 0.60202 0.611519 0.936719 0.571038
threshold=17.744999885559086 -0.030119880421319408 0.0058970144060365168 -0.043167461629803443 0.018948807128865024 0.022952883356602709 0.1118274412387449
decision_type=2 2 2 2 2 2 8
left_child=-1 -2 3 -3 -5 -6 -7
right_child=1 2 -4 4 5 6 -8
leaf_value=-1.3985067062876237e-05 -3.7939042444649348e-05 -0.00011784982073404621 0.00014440706215389514 -2.0323672833635454e-05 0.00029207419191713488 0.00038587588375393319 -0.00018466432342825184
leaf_weight=476 83 30 28 39 37 26 32
leaf_count=476 83 30 28 39 37 26 32
internal_value=-0.000472704 0.00136364 0.0028125 0.00140244 0.00283582 0.005 0.00103448
internal_weight=751 275 192 164 134 95 58
internal_count=751 275 192 164 134 95 58
is_linear=0
shrinkage=0.05


Tree=21
num_leaves=8
num_cat=0
split_feature=8 3 3 6 16 0 0
split_gain=0.46666 0.861634 0.818927 0.613921 0.388503 0.562575 0.336496
threshold=0.0057766856377088347 0.0058970144060365168 0.0096429070403227807 1.5540813879422661 -0.0042942982020739975 -0.011092039480753489 -0.0036426818961438619
decision_type=8 2 2 2 2 2 2
left_child=1 3 -3 -1 -2 -6 -7
right_child=4 2 -4 -5 5 6 -8
leaf_value=-1.4321481747137512e-05 -0.00012224136679954724 0.00013172313681806907 -7.7229762853083724e-06 0.00033312331355216736 9.3380185277191447e-05 -7.7603804684591674e-05 -3.346661805629043e-06
leaf_weight=227 93 38 31 25 27 54 253
leaf_count=227 93 38 31 25 27 54 253
internal_value=-0.000521392 0.000919002 0.00586956 -0.000436509 -0.00160422 -0.000808384 -0.00141694
internal_weight=748 321 69 252 427 334 307
internal_count=748 321 69 252 427 334 307
is_linear=0
shrinkage=0.05


Tree=22
num_leaves=8
num_cat=0
split_feature=10 11 15 13 15 10 12
split_gain=0.396266 0.756234 0.426811 0.768483 0.68221 0.698444 0.534994
threshold=0.0091157709324108955 0.018680382496318208 -0.0032603671898210336 13.525000095367433 0.0074725802166027986 0.0046724296084912362 0.01159583409138454
decision_type=2 2 2 2 2 2 2
left_child=2 -2 3 -1 -4 -6 -5
right_child=1 -3 4 6 5 -7 -8
leaf_value=0.00013073402678741446 -6.709996106498773e-06 0.00020485349042250004 -7.8956475455783666e-05 0.0001012125594514237 0.0001207571354242278 -1.2099596457391789e-05 -7.1545441048490746e-05
leaf_weight=25 68 33 309 122 37 49 99
leaf_count=25 68 33 309 122 37 49 99
internal_value=-0.000485176 0.00242574 -0.000943839 0.000691056 -0.00196203 0.00197674 -0.00024887
internal_weight=742 101 641 246 395 86 221
internal_count=742 101 641 246 395 86 221
is_linear=0
shrinkage=0.05


Tree=23
num_leaves=8
num_cat=0
split_feature=9 1 1 13 13 2 11
split_gain=0.494631 1.37762 1.28907 0.530342 0.599607 0.647379 0.464085
threshold=-0.045642944032133918 -0.016521224411873422 0.005065106403505216 17.744999885559086 18.105000495910648 0.037022421698855286 0.02573480883905466
decision_type=8 2 2 2 2 2 2
left_child=1 -1 -3 6 -5 -6 -2
right_child=3 2 -4 4 5 -7 -8
leaf_value=-5.3638579901392677e-05 -3.0535134784322387e-05 0.00026594546534863703 3.6211883346840847e-05 0.00014527656698735334 0.00010049303501244444 -0.00022686270768978883 7.1324545016699493e-05
leaf_weight=43 393 26 27 27 128 62 45
leaf_count=43 393 26 27 27 128 62 45
internal_value=-0.000539282 0.0028125 0.00820755 -0.00103054 0.000990782 -1.19209e-09 -0.00203196
internal_weight=751 96 53 655 217 190 438
internal_count=751 96 53 655 217 190 438
is_linear=0
shrinkage=0.05


Tree=24
num_leaves=8
num_cat=0
split_feature=13 4 3 14 5 3 2
split_gain=0.424409 0.506323 0.724643 0.646155 0.925231 0.335774 0.405615
threshold=17.744999885559086 0.018482768710208149 -0.0053885318520838213 -0.0054293361358405115 0.01454554563241162 0.0040250968033778154 -0.037337329354422126
decision_type=2 2 2 2 2 2 2
left_child=5 -2 -3 -4 -5 6 -1
right_child=1 2 3 4 -6 -7 -8
leaf_value=0.00012253284814724564 -3.8169993398567501e-05 -5.5386873670517714e-05 3.0947297462011322e-05 0.00032101754469911366 0.00011011074661714845 -6.1150853433799903e-05 -1.1411071911152363e-05
leaf_weight=48 60 63 79 25 44 134 296
leaf_count=48 60 63 79 25 44 134 296
internal_value=-0.000861149 0.000719556 0.00187204 0.00378378 0.00731884 -0.00175732 -0.000930234
internal_weight=749 271 211 148 69 478 344
internal_count=749 271 211 148 69 478 344
is_linear=0
shrinkage=0.05


Tree=25
num_leaves=8
num_cat=0
split_feature=8 3 3 9 8 0 3
split_gain=0.425159 1.16444 0.97421 0.689397 0.299756 0.30069 0.683161
threshold=0.0057766856377088347 0.0058970144060365168 0.0096429070403227807 0.084532590050884329 0.016547557418744478 0.0066632204844160334 -0.00062021422432645401
decision_type=8 2 2 10 8 2 2
left_child=1 3 -3 -1 -2 -6 -7
right_child=4 2 -4 -5 5 6 -8
leaf_value=-1.5307867472164794e-05 -0.00015104530702298303 0.00011110828342355536 1.8679760501985329e-05 0.00021365075206946006 -2.0665279141677952e-05 0.00012647971432060026 -3.1819293947467439e-06
leaf_weight=217 56 34 29 38 256 27 100
leaf_count=217 56 34 29 38 256 27 100
internal_value=-0.000574638 0.000817609 0.00690476 -0.000686276 -0.00158314 -0.00108355 0.000905511
internal_weight=757 318 63 255 439 383 127
internal_count=757 318 63 255 439 383 127
is_linear=0
shrinkage=0.05


Tree=26
num_leaves=8
num_cat=0
split_feature=2 6 6 6 3 16 11
split_gain=0.50345 0.385276 0.399054 0.488173 0.431408 0.54762 0.714405
threshold=-0.092161630446517026 -0.70255362613813976 1.9588963216203772 1.540531891512404 -0.0029840369938585738 -0.0028812439609374181 -0.0022567686082941569
decision_type=2 2 2 2 2 2 2
left_child=-1 -2 3 4 -3 -6 -7
right_child=1 2 -4 -5 5 6 -8
leaf_value=0.00013354264530087884 -4.2771794263042402e-05 -8.1271629360305029e-05 -9.6810840420435531e-05 0.00029550506566043759 -9.9560738044878144e-05 7.1121855561424115e-05 3.0445623574998069e-05
leaf_weight=27 169 140 40 25 106 27 203
leaf_count=27 169 140 40 25 106 27 203
internal_value=-0.000590232 -0.000845072 -0.000194086 0.00018962 -0.000168068 0.00080357 0.00217391
internal_weight=737 710 541 501 476 336 230
internal_count=737 710 541 501 476 336 230
is_linear=0
shrinkage=0.05


Tree=27
num_leaves=8
num_cat=0
split_feature=9 1 11 11 2 9 11
split_gain=0.432559 0.918498 1.04537 0.479503 0.609541 0.323646 0.609242
threshold=-0.0466646487576362 -0.016521224411873422 0.012360939559302066 0.02573480883905466 0.019457737487089347 0.049648285388845588 -0.0075284193939237345
decision_type=8 2 2 2 2 10 2
left_child=1 -1 -3 5 -5 -2 -7
right_child=3 2 -4 4 -6 6 -8
leaf_value=-8.7688300907017813e-05 -6.6993683546160199e-05 0.00031957382157627687 -2.1980677160651963e-05 0.00017388646887645231 -6.1126895570579354e-06 8.6205010261382963e-05 -1.5803126975213483e-05
leaf_weight=47 282 31 25 25 38 70 231
leaf_count=47 282 31 25 25 38 70 231
internal_value=-0.000727638 0.00228155 0.00660714 -0.00120743 0.00293651 -0.00165523 -0.000514951
internal_weight=749 103 56 646 63 583 301
internal_count=749 103 56 646 63 583 301
is_linear=0
shrinkage=0.05


Tree=28
num_leaves=8
num_cat=0
split_feature=4 5 3 4 4 4 0
split_gain=0.390021 0.658785 1.4596 1.02577 0.332231 0.388528 0.377894
threshold=0.014676292171017359 0.010088631405001195 0.0020028107068367222 0.016866247626552196 0.018112051953010928 0.016416522472547736 0.0080293214135395159
decision_type=2 2 2 2 2 2 2
left_child=-1 2 3 -2 5 -3 -6
right_child=1 4 -4 -5 6 -7 -8
leaf_value=-9.0606409580060168e-05 8.6503493102066972e-05 1.2796156458315492e-05 -7.3312899600949349e-05 0.00025753153157810621 -1.1763296701530446e-05 -7.5218485977803624e-05 2.4657251226818348e-05
leaf_weight=45 39 36 33 27 324 136 124
leaf_count=45 39 36 33 27 324 136 124
internal_value=-0.000484294 -0.00020167 0.00358586 0.00787879 -0.000806453 -0.00267442 -8.92869e-05
internal_weight=764 719 99 66 620 172 448
internal_count=764 719 99 66 620 172 448
is_linear=0
shrinkage=0.05


Tree=29
num_leaves=8
num_cat=0
split_feature=13 15 0 14 13 6 9
split_gain=0.484928 0.640775 0.603084 0.359176 0.39014 0.32852 0.358185
threshold=13.554999828338625 -0.0021363395442913764 0.0081010597989091843 0.15436855290822041 25.319999694824222 -0.70255362613813976 -0.068742722025312328
decision_type=2 2 2 2 2 2 8
left_child=1 -1 -3 4 5 -2 -7
right_child=3 2 -4 -5 -6 6 -8
leaf_value=9.3300612496212851e-05 -7.6294986947445317e-05 -5.4424095791983903e-05 0.00015033556852447972 0.00016000056246456211 0.00012991819359951543 0.00014711038477104087 -7.9706982325804252e-06
leaf_weight=28 136 48 26 25 25 32 412
leaf_count=28 136 48 26 25 25 32 412
internal_value=-0.000355192 0.00284314 0.000405404 -0.000873017 -0.0011157 -0.00137931 -0.000720722
internal_weight=732 102 74 630 605 580 444
internal_count=732 102 74 630 605 580 444
is_linear=0
shrinkage=0.05


Tree=30
num_leaves=8
num_cat=0
split_feature=13 15 15 15 5 4 5
split_gain=0.514933 0.440006 0.461826 0.457209 0.526631 0.43882 0.849584
threshold=17.744999885559086 0.0031700462590279481 0.0048229022160620758 -0.0032603671898210336 0.010088631405001195 0.018482768710208149 0.012393988017808283
decision_type=2 2 2 2 2 2 2
left_child=1 3 -3 4 -1 -2 -7
right_child=5 2 -4 -5 -6 6 -8
leaf_value=0.00011612418987780819 -4.4611477633883566e-05 8.0693874105218337e-05 -5.3595058166359413e-06 -0.00011801476631896836 -7.255072321171316e-05 0.00028218997244747494 4.5259512191812348e-05
leaf_weight=37 60 26 171 147 86 25 186
leaf_count=37 60 26 171 147 86 25 186
internal_value=-0.000460706 -0.00146681 0.000329948 -0.00277778 -0.000528456 0.00127306 0.00234597
internal_weight=738 467 197 270 123 271 211
internal_count=738 467 197 270 123 271 211
is_linear=0
shrinkage=0.05


Tree=31
num_leaves=8
num_cat=0
split_feature=8 7 9 8 10 4 15
split_gain=0.443248 0.908639 0.858854 1.02787 0.827306 0.593137 0.352957
threshold=0.0057766856377088347 -0.018665573754275796 0.015365602961361137 -0.024087424482177263 -0.0084264331718765222 0.022151115849432711 -0.0044090441780793568
decision_type=10 2 10 8 2 2 2
left_child=1 6 3 -3 -2 -5 -1
right_child=4 2 -4 5 -6 -7 -8
leaf_value=2.2230499257659153e-05 4.6017257352546964e-05 0.00016352059144998893 0.00027305612375973161 -9.4677360223152944e-05 -3.5207849589166187e-05 4.7910089386241282e-05 -0.00014982400278993767
leaf_weight=85 31 37 40 60 360 25 100
leaf_count=85 31 37 40 60 360 25 100
internal_value=-0.000392955 0.00090778 0.00364197 0.00155738 -0.00154732 -0.00147059 -0.00148649
internal_weight=738 347 162 122 391 85 185
internal_count=738 347 162 122 391 85 185
is_linear=0
shrinkage=0.05


Tree=32
num_leaves=8
num_cat=0
split_feature=8 9 4 3 11 15 7
split_gain=0.580426 0.928346 1.17159 0.46846 0.801515 0.448443 0.335498
threshold=0.0073585718945544673 0.044263989199681782 0.018535535081875432 0.0011653629899943676 0.0074730309850676866 -0.001953690257160245 -0.026557838503213912
decision_type=8 10 2 2 2 2 2
left_child=1 3 -3 -1 6 -4 -5
right_child=-2 2 5 4 -6 -7 -8
leaf_value=-3.2630277303994855e-05 -6.0651909155797459e-06 0.00021267988807969321 0.00018037403935702536 -0.00021023184371440746 0.00010750610472755997 -9.3581192757293929e-05 0.00010038822987782676
leaf_weight=138 421 25 32 31 44 25 35
leaf_count=138 421 25 32 31 44 25 35
internal_value=-0.000206393 0.00136364 0.00597561 -0.000161292 0.00227273 0.00201754 -0.00121212
internal_weight=751 330 82 248 110 57 66
internal_count=751 330 82 248 110 57 66
is_linear=0
shrinkage=0.05


end of trees

feature_importances:
dist_ma50=22
dist_ma200=22
overnight_gap=21
atr_pct=19
ret_1d=16
dvol_z_20=16
spy_ret_5d=14
vix_level=14
sector_ret_1d=14
spy_ret_1d=11
parkinson_20=10
spy_ret_20d=10
sector_ret_5d=10
ret_5d=9
ret_20d=9
vix_chg_1d=8
dist_ma20=6

parameters:
[boosting: gbdt]
[objective: quantile]
[metric: quantile]
[tree_learner: serial]
[device_type: cpu]
[data_sample_strategy: bagging]
[data: ]
[valid: ]
[num_iterations: 80]
[learning_rate: 0.05]
[num_leaves: 8]
[num_threads: 1]
[seed: 0]
[deterministic: 0]
[force_col_wise: 1]
[force_row_wise: 0]
[histogram_pool_size: -1]
[max_depth: -1]
[min_data_in_leaf: 25]
[min_sum_hessian_in_leaf: 0.001]
[bagging_fraction: 0.9]
[pos_bagging_fraction: 1]
[neg_bagging_fraction: 1]
[bagging_freq: 1]
[bagging_seed: 3]
[bagging_by_query: 0]
[feature_fraction: 0.9]
[feature_fraction_bynode: 1]
[feature_fraction_seed: 2]
[extra_trees: 0]
[extra_seed: 6]
[early_stopping_round: 0]
[early_stopping_min_delta: 0]
[first_metric_only: 0]
[max_delta_step: 0]
[lambda_l1: 0]
[lambda_l2: 0]
[linear_lambda: 0]
[min_gain_to_split: 0]
[drop_rate: 0.1]
[max_drop: 50]
[skip_drop: 0.5]
[xgboost_dart_mode: 0]
[uniform_drop: 0]
[drop_seed: 4]
[top_rate: 0.2]
[other_rate: 0.1]
[min_data_per_group: 100]
[max_cat_threshold: 32]
[cat_l2: 10]
[cat_smooth: 10]
[max_cat_to_onehot: 4]
[top_k: 20]
[monotone_constraints: ]
[monotone_constraints_method: basic]
[monotone_penalty: 0]
[feature_contri: ]
[forcedsplits_filename: ]
[refit_decay_rate: 0.9]
[cegb_tradeoff: 1]
[cegb_penalty_split: 0]
[cegb_penalty_feature_lazy: ]
[cegb_penalty_feature_coupled: ]
[path_smooth: 0]
[interaction_constraints: ]
[verbosity: -1]
[saved_feature_importance_type: 0]
[use_quantized_grad: 0]
[num_grad_quant_bins: 4]
[quant_train_renew_leaf: 0]
[stochastic_rounding: 1]
[linear_tree: 0]
[max_bin: 255]
[max_bin_by_feature: ]
[min_data_in_bin: 3]
[bin_construct_sample_cnt: 200000]
[data_random_seed: 1]
[is_enable_sparse: 1]
[enable_bundle: 1]
[use_missing: 1]
[zero_as_missing: 0]
[feature_pre_filter: 1]
[pre_partition: 0]
[two_round: 0]
[header: 0]
[label_column: ]
[weight_column: ]
[group_column: ]
[ignore_column: ]
[categorical_feature: ]
[forcedbins_filename: ]
[precise_float_parser: 0]
[parser_config_file: ]
[objective_seed: 5]
[num_class: 1]
[is_unbalance: 0]
[scale_pos_weight: 1]
[sigmoid: 1]
[boost_from_average: 1]
[reg_sqrt: 0]
[alpha: 0.9]
[fair_c: 1]
[poisson_max_delta_step: 0.7]
[tweedie_variance_power: 1.5]
[lambdarank_truncation_level: 30]
[lambdarank_norm: 1]
[label_gain: ]
[lambdarank_position_bias_regularization: 0]
[eval_at: ]
[multi_error_top_k: 1]
[auc_mu_weights: ]
[num_machines: 1]
[local_listen_port: 12400]
[time_out: 120]
[machine_list_filename: ]
[machines: ]
[gpu_platform_id: -1]
[gpu_device_id: -1]
[gpu_device_id_list: ]
[gpu_use_dp: 0]
[num_gpu: 1]

end of parameters

pandas_categorical:[]
