tree
version=v4
num_class=1
num_tree_per_iteration=1
label_index=0
max_feature_idx=16
objective=quantile
feature_names=ret_1d ret_5d ret_20d overnight_gap atr_pct parkinson_20 dvol_z_20 dist_ma20 dist_ma50 dist_ma200 spy_ret_1d spy_ret_5d spy_ret_20d vix_level vix_chg_1d sector_ret_1d sector_ret_5d
feature_infos=[-0.14067153747129346:0.16105759873102166] [-0.15876532952836753:0.17311187541443251] [-0.29987844196495528:0.41298021092112314] [-0.13567789948799891:0.1113310269124157] [0.019981655282304889:0.074286934414639391] [0.012559020480820363:0.039204729712415294] [-2.050284250730682:4.0889843503632495] [-0.17878324826034553:0.19263899900195036] [-0.21896823164938151:0.27774021424099948] [-0.31855630108579924:0.75668564215452916] [-0.058542971330535654:0.10501930183911301] [-0.11496151859245618:0.082843162776128354] [-0.1226559005192206:0.15756591020035837] [11.859999656677246:52.330001831054688] [-0.35753873962348437:0.74039073966007019] [-0.068247998544687438:0.13425697132599002] [-0.13587196028298487:0.11773217696052685]
tree_sizes=819 857 859 861 865 865 869 866 856 860 870 864 865 868 864 863 869 862 856 862 871 864 862 866 869 871 858 874 871 862 853 866 866 865 861 862 868 870 863 869 869 859 867 872 874 864 863 862 875 866 867 867 867 861 862 863 865 865 862 866 862 861 867 866 878 875 859 869 865 875 865 872 854 869 867 870 868 862 866 868

Tree=0
num_leaves=8
num_cat=0
split_feature=13 12 2 14 5 9 4
split_gain=3.79627 0.907805 1.21899 1.32376 0.552449 0.54754 0.530196
threshold=25.19999980926514 0.017439018002644805 -0.004299678678691631 0.039671535485110161 0.016747181901515092 -0.15206729845456943 0.031367658199485435
decision_type=2 2 2 2 2 10 2
left_child=1 2 5 4 -4 -1 -7
right_child=-2 -3 3 -5 -6 6 -8
leaf_value=0.043191790092840687 0.045130166100440738 0.043452802994355721 0.044226537387968536 0.04439155097502212 0.043852909113994351 0.044339892692366691 0.043389461249238301
leaf_weight=74 32 394 27 41 93 25 60
leaf_count=74 32 394 27 41 93 25 60
internal_value=0.0439521 0.043197 0.0451753 0.048242 0.0455919 0.0420699 0.0448076
internal_weight=746 714 320 161 120 159 85
internal_count=746 714 320 161 120 159 85
is_linear=0
shrinkage=1


Tree=1
num_leaves=8
num_cat=0
split_feature=13 0 4 16 8 10 5
split_gain=3.13877 0.679735 0.732621 0.298618 1.31453 0.427899 0.551186
threshold=25.19999980926514 0.045213301071983632 0.046634360725340468 0.0059513811627999189 0.11602235700766984 -0.0020576212459770811 0.017733033728698864
decision_type=2 2 2 2 10 2 2
left_child=1 2 3 4 -1 6 -5
right_child=-2 -3 -4 5 -6 -7 -8
leaf_value=-0.00035171170312181646 0.0011915904021570002 0.0002742346683156205 0.00070044455450357082 -0.00063216481569479128 0.00046432154007479707 -0.0006380293748868616 0.00067421683343501181
leaf_weight=267 36 30 37 28 43 267 25
leaf_count=267 36 30 37 28 43 267 25
internal_value=4.77478e-05 -0.000695841 -0.00102699 -0.00142857 -0.000322582 -0.0025 0.00160377
internal_weight=733 697 667 630 310 320 53
internal_count=733 697 667 630 310 320 53
is_linear=0
shrinkage=0.05


Tree=2
num_leaves=8
num_cat=0
split_feature=13 3 12 4 2 14 16
split_gain=2.13028 0.744916 0.623007 1.03389 1.12766 1.94694 0.494891
threshold=25.19999980926514 0.029119586077048013 0.017439018002644805 0.025140339651089631 0.03975710799323396 0.024414321868059811 0.0090525107441445946
decision_type=2 2 2 2 2 2 2
left_child=1 2 3 -1 -5 6 -6
right_child=-2 -3 -4 4 5 -7 -8
leaf_value=0.00028385550342323676 0.00092347665334677718 0.00032655797871727552 -0.00046651600161291248 -0.00051481598444884748 0.00027240245452745895 0.00048801371718720251 -0.00077370240282345583
leaf_weight=26 35 28 374 194 27 30 31
leaf_count=26 35 28 374 194 27 30 31
internal_value=0.00010067 -0.000492959 -0.000821116 0.000844155 -3.54622e-05 0.00465909 -0.000689656
internal_weight=745 710 682 308 282 88 58
internal_count=745 710 682 308 282 88 58
is_linear=0
shrinkage=0.05


Tree=3
num_leaves=8
num_cat=0
split_feature=13 12 14 2 10 9 4
split_gain=2.45316 0.620692 1.23926 1.71555 0.910219 1.25978 0.584997
threshold=25.19999980926514 0.017439018002644805 0.0012326341754252958 0.049967790911926498 -0.0084264331718765222 -0.058419173924520666 0.029635132878417705
decision_type=2 2 2 2 2 10 2
left_child=1 2 6 4 -4 -6 -1
right_child=-2 -3 3 -5 5 -7 -8
leaf_value=0.00020693304255169702 0.0010852989310699008 -0.00041217156458929857 -0.00065669204566825212 0.00042907708861180858 -0.00069364422771165247 0.0011525814028941071 -0.00051082184527474826
leaf_weight=44 37 383 50 42 31 28 122
leaf_count=44 37 383 50 42 31 28 122
internal_value=2.03516e-05 -0.000642858 0.00099369 0.00427152 0.000963302 0.00516949 -0.00198795
internal_weight=737 700 317 151 109 59 166
internal_count=737 700 317 151 109 59 166
is_linear=0
shrinkage=0.05


Tree=4
num_leaves=8
num_cat=0
split_feature=12 3 4 14 3 14 12
split_gain=1.24247 1.11745 0.835343 0.797239 0.672128 0.444953 0.940261
threshold=0.0065049739274190008 0.0080523078129173271 0.038019768306309085 -0.0043060965648996632 0.013306844563035438 -0.015515001009757 0.043599285029212627
decision_type=2 2 2 2 2 2 2
left_child=1 2 -1 -4 -3 6 -2
right_child=5 4 3 -5 -6 -7 -8
leaf_value=-0.00044086295984672368 -0.00045205219229955165 0.0010597616815647215 -9.2375831255664192e-05 0.00046097132023837544 0.00017414417652596598 -0.00049392939521693355 0.00057903459032187122
leaf_weight=111 143 26 30 43 44 288 58
leaf_count=111 143 26 30 43 44 288 58
internal_value=-0.000356663 0.00248031 0.000434781 0.00458904 0.00785714 -0.00183027 -2.48768e-05
internal_weight=743 254 184 73 70 489 201
internal_count=743 254 184 73 70 489 201
is_linear=0
shrinkage=0.05


Tree=5
num_leaves=8
num_cat=0
split_feature=1 6 12 12 8 12 8
split_gain=1.69193 0.590283 0.554425 0.749131 0.510821 0.423933 0.510397
threshold=-0.097609196416642494 0.43757248950141675 0.036336469465281469 0.0098181061212317972 -0.0085998314523251778 0.010183672155494096 0.020337958512569369
decision_type=2 2 2 2 10 2 10
left_child=-1 5 3 4 -3 6 -2
right_child=1 2 -4 -5 -6 -7 -8
leaf_value=0.0010699131782676398 -0.0002501965558483759 -0.00027676472057623066 0.00051777263986191075 -0.00073984879656485085 0.00017711504784179039 -0.00044782106989235031 0.0001985391121454293
leaf_weight=26 132 27 48 56 35 332 76
leaf_count=26 132 27 48 56 35 332 76
internal_value=-0.00021858 -0.000679888 0.00192771 8.47446e-05 0.00387097 -0.00148148 0.00028846
internal_weight=732 706 166 118 62 540 208
internal_count=732 706 166 118 62 540 208
is_linear=0
shrinkage=0.05


Tree=6
num_leaves=8
num_cat=0
split_feature=16 4 3 4 0 10 9
split_gain=1.1292 0.777357 0.708395 0.863686 0.28953 0.714286 0.557529
threshold=-0.047562386574093445 0.023433792446288199 0.026609634813429598 0.046634360725340468 -0.0044438731498053765 -0.00018001810557455308 0.046364971273495155
decision_type=2 2 2 2 2 2 10
left_child=-1 -2 3 4 5 -3 -7
right_child=1 2 -4 -5 -6 6 -8
leaf_value=0.00098175265050559082 0.00017973992221913371 -0.00048511663083027973 0.00018732693285289676 0.00032064838762911168 -0.00045148528337572475 -0.00024888117194743709 0.00049326021934625918
leaf_weight=28 29 168 39 45 363 37 35
leaf_count=28 29 168 39 45 363 37 35
internal_value=-0.000564517 -0.000949722 -0.00128821 -0.0016821 -0.00218076 -0.000833335 0.00333333
internal_weight=744 716 687 648 603 240 72
internal_count=744 716 687 648 603 240 72
is_linear=0
shrinkage=0.05


Tree=7
num_leaves=8
num_cat=0
split_feature=1 12 8 14 3 5 14
split_gain=1.22367 0.719036 0.842853 0.993088 0.96052 0.826088 0.351527
threshold=-0.097609196416642494 0.010183672155494096 0.020337958512569369 0.039671535485110161 0.0080523078129173271 0.026028504867195757 -0.015515001009757
decision_type=2 2 10 2 2 2 2
left_child=-1 2 5 4 -4 -2 -3
right_child=1 6 3 -5 -6 -7 -8
leaf_value=0.0013433692402773985 -0.00037853299246509513 -0.00010541769779423302 -0.00016158406769002347 0.00040708556028508629 0.00023393293050793349 0.00048071390607414715 -0.00041542679547882397
leaf_weight=26 139 177 46 32 29 30 261
leaf_count=26 139 177 46 32 29 30 261
internal_value=-0.000270271 -0.000658264 0.00134058 0.00481308 0.00166667 -0.000857989 -0.00191781
internal_weight=740 714 276 107 75 169 438
internal_count=740 714 276 107 75 169 438
is_linear=0
shrinkage=0.05


Tree=8
num_leaves=8
num_cat=0
split_feature=3 4 6 1 11 0 0
split_gain=1.01384 0.81986 0.508954 1.20143 0.582593 0.55807 0.51164
threshold=0.029119586077048013 0.046634360725340468 0.83984503444451708 0.0091762553374729067 0.010968316355360443 0.0068903095515582278 0.0050212067924195756
decision_type=2 2 2 2 2 2 2
left_child=1 2 5 -4 -5 6 -1
right_child=-2 -3 3 4 -6 -7 -8
leaf_value=-8.1206826335652947e-05 0.00053277591222907936 0.00060508764601786488 -0.00065491347358063751 0.0010545871677263769 0.00019068564714655068 -0.00048480167498305912 0.00016569466493257935
leaf_weight=329 34 60 54 25 27 205 27
leaf_count=329 34 60 54 25 27 205 27
internal_value=-0.000203681 -0.000598351 -0.00110195 0.00207547 0.0075 -0.00170232 -0.000505619
internal_weight=761 727 667 106 52 561 356
internal_count=761 727 667 106 52 561 356
is_linear=0
shrinkage=0.05


Tree=9
num_leaves=8
num_cat=0
split_feature=13 5 0 4 6 7 8
split_gain=2.20916 0.5349 0.64528 0.48121 0.249941 0.360879 0.837054
threshold=24.385000228881839 0.014182921635300555 0.045671697481447178 0.046634360725340468 -0.39592091725335127 0.0088572478220421153 0.036557765117519521
decision_type=2 2 2 2 2 2 8
left_child=1 -1 3 4 -3 -6 -7
right_child=-2 2 -4 -5 5 6 -8
leaf_value=0.00024423204844115039 0.00064982074319065502 -0.00044096715085272463 0.00026823372959893231 0.00071012946725765227 -0.00044845199259522346 0.00061543441819994786 -6.906954283586442e-05
leaf_weight=43 46 242 27 33 140 26 181
leaf_count=43 46 242 27 33 140 26 181
internal_value=-0.000392955 -0.00109827 -0.00145609 -0.00178457 -0.00211375 -0.0012536 7.24626e-05
internal_weight=738 692 649 622 589 347 207
internal_count=738 692 649 622 589 347 207
is_linear=0
shrinkage=0.05


Tree=10
num_leaves=8
num_cat=0
split_feature=16 5 9 0 3 12 0
split_gain=1.6462 0.636557 0.491308 0.819476 0.995197 0.790775 0.259661
threshold=-0.047562386574093445 0.014182921635300555 0.20825944273117594 -0.0090108585659605094 -0.0071537163107878157 0.045231398838846089 -0.012894213175795475
decision_type=2 2 10 2 2 2 2
left_child=-1 -2 6 4 -4 -5 -3
right_child=1 2 3 5 -6 -7 -8
leaf_value=0.0011929879325633969 0.00022110921362335974 -0.00045295074769920385 -0.00032997217998409609 -0.00013080072115147836 0.0009513810334099243 0.00036413299968273273 -0.00015611548130392311
leaf_weight=27 46 101 33 147 29 25 340
leaf_count=27 46 101 33 147 29 25 340
internal_value=-0.000454547 -0.000908462 -0.0012963 0.000555554 0.00548387 -0.00122093 -0.00227891
internal_weight=748 721 675 234 62 172 441
internal_count=748 721 675 234 62 172 441
is_linear=0
shrinkage=0.05


Tree=11
num_leaves=8
num_cat=0
split_feature=16 1 16 1 6 5 6
split_gain=1.39857 0.398026 0.608981 1.23509 0.506733 0.880435 0.384088
threshold=-0.047562386574093445 -0.049112441817176604 -0.011593650166969947 0.0041788433157440305 0.83984503444451708 0.016887467370236945 -0.55185514619890708
decision_type=2 2 2 2 2 2 2
left_child=-1 -2 3 6 -4 -6 -3
right_child=1 2 4 -5 5 -7 -8
leaf_value=0.00094261670596591796 -0.00030768733771918412 0.00058551598016934737 -0.00018613691353854808 0.00085015311042293564 0.00045421781340521317 -0.00035335686945581587 -0.00019514366343297257
leaf_weight=30 79 25 436 26 46 46 58
leaf_count=30 79 25 436 26 46 46 58
internal_value=-0.000576409 -0.00101955 -0.000604397 0.00279816 -0.00130682 0.00206522 -0.000180724
internal_weight=746 716 637 109 528 92 83
internal_count=746 716 637 109 528 92 83
is_linear=0
shrinkage=0.05


Tree=12
num_leaves=8
num_cat=0
split_feature=16 4 0 5 1 16 1
split_gain=1.83662 0.650703 0.588337 0.369326 0.260889 1.32218 0.718246
threshold=-0.049138310098659092 0.023433792446288199 0.049191667519113087 0.03023748132031787 0.0010725372708397798 -0.011593650166969947 0.010003684449878316
decision_type=2 2 2 2 2 2 2
left_child=-1 -2 3 4 -3 -6 -7
right_child=1 2 -4 -5 5 6 -8
leaf_value=0.0012133555872831374 6.9901134270444325e-05 -0.00039297841364135423 0.00011730822387912576 0.00043372447934191081 0.00080012958134924772 0.0002590083864439474 -0.00042315106504678759
leaf_weight=25 31 262 27 35 27 43 276
leaf_count=25 31 262 27 35 27 43 276
internal_value=-0.000316806 -0.000791727 -0.0011194 -0.00142302 -0.00171053 -0.00080925 -0.00170847
internal_weight=726 701 670 643 608 346 319
internal_count=726 701 670 643 608 346 319
is_linear=0
shrinkage=0.05


Tree=13
num_leaves=8
num_cat=0
split_feature=8 3 6 5 12 12 12
split_gain=1.25767 0.542752 0.973166 0.907424 0.724312 0.997443 0.751251
threshold=-0.12723438020553104 -0.0089414411184740566 0.57064793698344729 0.016159649642804263 0.0048491257127185614 -0.026522895581630176 -0.0093119022308690274
decision_type=8 2 2 2 2 2 2
left_child=-1 -2 4 -4 5 -3 -7
right_child=1 2 3 -5 -6 6 -8
leaf_value=0.0010181044245460384 -0.00038604643051628351 -0.00034361678993184372 0.00026854394171598297 4.3116094389585129e-05 -0.00031160565886911569 0.0006390649805552009 0.00013464070482075769
leaf_weight=26 157 57 35 82 303 30 52
leaf_count=26 157 57 35 82 303 30 52
internal_value=-0.000417791 -0.000810057 -8.05021e-05 0.00397436 -0.00115385 0.00183453 0.00536585
internal_weight=742 716 559 117 442 139 82
internal_count=742 716 559 117 442 139 82
is_linear=0
shrinkage=0.05


Tree=14
num_leaves=8
num_cat=0
split_feature=6 11 1 5 0 0 15
split_gain=0.952162 0.938889 0.78125 0.797664 0.37245 0.578199 0.634387
threshold=0.43757248950141675 -0.017414661079240442 0.0041788433157440305 0.016159649642804263 0.0072478923617901323 0.0037479910756870187 0.0085355393911062966
decision_type=2 2 2 2 2 2 2
left_child=4 -2 -3 -4 5 6 -1
right_child=1 2 3 -5 -6 -7 -8
leaf_value=-0.00017882767511945478 0.00034542076326515348 -0.00053182777049089484 0.00018985252470442448 1.1544386405856105e-05 -0.00027631110891165438 0.00042376734782474955 0.00031250291525071813
leaf_weight=268 36 48 33 63 206 44 26
leaf_count=268 36 48 33 63 206 44 26
internal_value=-9.66863e-05 0.00305555 0.00125 0.00385417 -0.00113971 -0.000118344 -0.000918369
internal_weight=724 180 144 96 544 338 294
internal_count=724 180 144 96 544 338 294
is_linear=0
shrinkage=0.05


Tree=15
num_leaves=8
num_cat=0
split_feature=3 13 1 16 2 15 3
split_gain=1.40992 1.04219 0.570574 0.576349 0.465243 0.423649 0.69706
threshold=0.029119586077048013 24.385000228881839 0.078361603019617379 0.04101999171987037 0.22429616792313825 -0.0046527122650417132 -0.0010937920158764489
decision_type=2 2 2 2 2 2 2
left_child=1 2 4 -4 5 6 -1
right_child=-2 -3 3 -5 -6 -7 -8
leaf_value=-0.00015365595606611453 0.00059702931470616348 0.00029634292159568768 0.0015223311670958077 -6.9023046270014858e-05 0.00032969915911572491 -0.00035253516649789361 0.00026068709493153524
leaf_weight=107 29 42 30 29 25 413 57
leaf_count=107 29 42 30 29 25 413 57
internal_value=-0.000286886 -0.000732576 -0.00121785 0.00347458 -0.00167774 -0.00196707 0.000182926
internal_weight=732 703 661 59 602 577 164
internal_count=732 703 661 59 602 577 164
is_linear=0
shrinkage=0.05


Tree=16
num_leaves=8
num_cat=0
split_feature=8 1 16 6 13 15 13
split_gain=0.981145 0.430204 0.630544 0.716908 0.787223 0.611994 0.324947
threshold=-0.12723438020553104 0.0010725372708397798 -0.011593650166969947 0.83984503444451708 17.125000000000004 -0.0085431879380862812 15.234999656677248
decision_type=8 2 2 2 2 2 2
left_child=-1 -2 -3 5 -5 -4 -7
right_child=1 2 3 4 -6 6 -8
leaf_value=0.0010184277579462532 -0.00026353338188585311 0.00065534498753268766 0.00041508001425839689 0.00082302263843495201 -0.00028240876209268952 -0.00055907038059994528 -8.1219772943558167e-05
leaf_weight=25 302 29 29 47 26 125 168
leaf_count=25 302 29 29 47 26 125 168
internal_value=-0.000739016 -0.00107438 -4.7171e-05 -0.000569621 0.00390411 -0.00158385 -0.00226963
internal_weight=751 726 424 395 73 322 293
internal_count=751 726 424 395 73 322 293
is_linear=0
shrinkage=0.05


Tree=17
num_leaves=8
num_cat=0
split_feature=1 4 7 5 12 14 14
split_gain=2.18042 0.41359 1.05072 0.312969 0.266447 0.396892 0.824331
threshold=-0.097609196416642494 0.024856107309987718 0.025205266906993876 0.03023748132031787 0.073733903664651171 0.035115678917499234 0.050179471356022971
decision_type=2 2 2 2 2 2 2
left_child=-1 2 -2 4 5 -3 -7
right_child=1 3 -4 -5 -6 6 -8
leaf_value=0.00097409820154143638 -0.00014196130190325925 -0.00031877631661053103 0.00019151142968364511 0.00030131456759118017 0.00027570029545159687 0.00020371817781120107 -0.00015373218324074803
leaf_weight=27 35 439 37 37 32 32 105
leaf_count=27 35 439 37 37 32 32 105
internal_value=-0.000430109 -0.000955371 0.00263889 -0.00135659 -0.00162829 -0.001875 0.000474451
internal_weight=744 717 72 645 608 576 137
internal_count=744 717 72 645 608 576 137
is_linear=0
shrinkage=0.05


Tree=18
num_leaves=8
num_cat=0
split_feature=13 1 8 2 12 2 9
split_gain=1.42404 0.461683 0.862258 0.393419 0.311908 0.558829 0.587814
threshold=25.19999980926514 0.077775828622601809 0.13250813766794625 0.22429616792313825 0.01698171514572289 -0.004299678678691631 -0.058419173924520666
decision_type=2 2 8 2 2 2 10
left_child=1 3 -3 4 5 6 -1
right_child=-2 2 -4 -5 -6 -7 -8
leaf_value=-0.00053684246940742162 0.00053757180446413933 0.00052509356517884927 -0.0004651313274445369 0.00021237224623586309 -0.00032054162859702142 6.0642234467606822e-05 3.0921678918666062e-05
leaf_weight=82 39 44 31 25 345 122 62
leaf_count=82 39 44 31 25 345 122 62
internal_value=-0.000200001 -0.000710268 0.003 -0.0011478 -0.00139935 -0.000112783 -0.00222222
internal_weight=750 711 75 636 611 266 144
internal_count=750 711 75 636 611 266 144
is_linear=0
shrinkage=0.05


Tree=19
num_leaves=8
num_cat=0
split_feature=16 1 1 9 15 9 12
split_gain=1.28472 0.365998 1.23085 0.963134 0.68844 0.88729 0.29451
threshold=-0.049138310098659092 0.0010725372708397798 0.015709931492156274 0.30891161153166818 -0.0019884490361226077 0.27915386287846228 1.0000000180025095e-35
decision_type=2 2 2 8 2 10 2
left_child=-1 -2 3 -3 5 -4 -6
right_child=1 2 4 -5 6 -7 -8
leaf_value=0.0010240983547725366 -0.000163998611825101 0.00063969109798431864 -8.4030220550821333e-05 -6.4158599825928203e-05 1.8064149671543177e-05 0.0015228274525751863 -0.00042702245950031089
leaf_weight=25 302 39 49 37 58 30 201
leaf_count=25 302 39 49 37 58 30 201
internal_value=-0.000141702 -0.000530727 0.000434781 0.00618421 -0.000857989 0.00322785 -0.00210425
internal_weight=741 716 414 76 338 79 259
internal_count=741 716 414 76 338 79 259
is_linear=0
shrinkage=0.05


Tree=20
num_leaves=8
num_cat=0
split_feature=16 1 16 7 9 9 1
split_gain=1.154 0.368714 0.569105 0.691571 0.660539 0.472918 0.701845
threshold=-0.049138310098659092 -0.043252345118234774 0.0063388258994082633 0.075361424022541326 -0.090404878813710607 0.22065282636331365 -0.028858415282528856
decision_type=2 2 2 2 8 8 2
left_child=-1 -2 3 4 -3 -6 -7
right_child=1 2 -4 -5 5 6 -8
leaf_value=0.00087264228977980418 -0.00035501448679665768 0.00066741902674553595 -0.00021948087551264294 0.0012138905119728181 -0.00031899298510998993 0.00047779665054537381 -0.00010104708092994288
leaf_weight=27 101 39 350 29 62 26 105
leaf_count=27 101 39 350 29 62 26 105
internal_value=-0.00033153 -0.000716293 -0.000253684 0.00151341 0.000603447 -0.000595856 0.00110687
internal_weight=739 712 611 261 232 193 131
internal_count=739 712 611 261 232 193 131
is_linear=0
shrinkage=0.05


Tree=21
num_leaves=8
num_cat=0
split_feature=3 13 4 1 4 4 3
split_gain=0.825044 0.451083 1.00663 0.393158 0.308024 0.710919 0.689608
threshold=0.029119586077048013 15.234999656677248 0.024856107309987718 -0.082124471178536704 0.031329317552938739 0.028145373864569913 -0.00065031150414712735
decision_type=2 2 2 2 2 2 2
left_child=1 -1 -3 -4 5 -5 -7
right_child=-2 2 3 4 -6 6 -8
leaf_value=-0.00034033463769009878 0.00034182545967232042 0.00025057285102447958 0.00044669358785592525 -0.00040070390684757796 -0.0001987943899907539 0.00149712627535353 -0.00022346753832973353
leaf_weight=244 34 35 32 55 290 25 31
leaf_count=244 34 35 32 55 290 25 31
internal_value=-0.000844505 -0.00120787 -0.000299146 -0.000958431 -0.00138404 0.000855855 0.00482143
internal_weight=746 712 468 433 401 111 56
internal_count=746 712 468 433 401 111 56
is_linear=0
shrinkage=0.05


Tree=22
num_leaves=8
num_cat=0
split_feature=1 7 2 16 8 7 0
split_gain=0.462452 1.07259 0.661708 0.498885 0.324635 0.58972 0.615681
threshold=0.077775828622601809 0.094685026669064434 0.22429616792313825 -0.047562386574093445 0.058703206167099127 0.026396650259022939 0.0058255875672683652
decision_type=2 2 2 2 10 2 2
left_child=2 -2 3 -1 5 -5 -7
right_child=1 -3 -4 4 -6 6 -8
leaf_value=0.0004818174635912137 0.0009692116407570043 -0.00042576609224673147 0.00032778262227978829 -0.00015399987392603664 -0.00033253507340324671 0.00073536822634479688 -0.00027632116660457833
leaf_weight=30 46 35 25 316 233 28 27
leaf_count=30 46 35 25 316 233 28 27
internal_value=-0.000540542 0.00302469 -0.000978757 -0.00129338 -0.00160596 -0.000687333 0.00409091
internal_weight=740 81 659 634 604 371 55
internal_count=740 81 659 634 604 371 55
is_linear=0
shrinkage=0.05


Tree=23
num_leaves=8
num_cat=0
split_feature=3 14 5 14 15 5 13
split_gain=0.90759 0.345945 0.377091 0.388665 0.39597 0.415149 0.682501
threshold=0.031789735474158094 0.15436855290822041 0.014182921635300555 -0.096084571305829466 0.011247030499200285 0.02112978836819902 19.814999580383304
decision_type=2 2 2 2 2 2 2
left_child=1 2 -1 -4 5 6 -5
right_child=-2 -3 3 4 -6 -7 -8
leaf_value=0.00026866948225878409 0.00028681365653309034 0.00038001431176496006 0.00052459470539593944 -8.5580711850388996e-05 -0.00041731276709200865 -0.00025785919916793192 0.0004107354215520866
leaf_weight=42 26 26 35 348 111 123 36
leaf_count=42 26 26 35 348 111 123 36
internal_value=-0.000716199 -0.00104716 -0.00125899 -0.00155437 -0.00184466 -0.00125247 -0.00044271
internal_weight=747 721 695 653 618 507 384
internal_count=747 721 695 653 618 507 384
is_linear=0
shrinkage=0.05


Tree=24
num_leaves=8
num_cat=0
split_feature=3 4 2 5 14 10 15
split_gain=0.830251 0.468186 0.446603 0.318729 0.252136 0.554131 0.923077
threshold=0.029119586077048013 0.046634360725340468 0.22429616792313825 0.014182921635300555 0.035115678917499234 -0.0080075928939195556 -0.0067207406434357511
decision_type=2 2 2 2 2 2 2
left_child=1 2 3 -1 -5 -6 -7
right_child=-2 -3 -4 4 5 6 -8
leaf_value=9.1697660047996172e-05 0.00027731668457861428 0.00037379551669385281 0.00027047739181148108 -0.00028922889184344148 -0.00025262356884077065 0.00084369637999446255 -0.00012909563747374577
leaf_weight=39 33 61 32 434 67 26 52
leaf_count=39 33 61 32 434 67 26 52
internal_value=-0.000631722 -0.000991562 -0.00138462 -0.00168285 -0.00197755 -0.000172415 0.00269231
internal_weight=744 711 650 618 579 145 78
internal_count=744 711 650 618 579 145 78
is_linear=0
shrinkage=0.05


Tree=25
num_leaves=8
num_cat=0
split_feature=8 3 12 5 5 1 0
split_gain=0.783551 0.409325 0.475393 0.600577 1.46999 1.17131 0.506222
threshold=-0.12723438020553104 -0.0081742784169214194 0.073733903664651171 0.016887467370236945 0.016376376229401399 0.069034424404109687 -0.0073314059873747497
decision_type=8 2 2 2 2 2 2
left_child=-1 -2 3 4 5 -3 -5
right_child=1 2 -4 6 -6 -7 -8
leaf_value=0.00063032459087714108 -0.00031440189133097383 -0.00015980241361182102 0.00064755629411796477 0.00024991849692708229 0.00071544502728330777 0.00056940720278018692 -0.0001703623180190491
leaf_weight=27 166 157 26 73 34 28 239
leaf_count=27 166 157 26 73 34 28 239
internal_value=-0.000400001 -0.000712311 -6.28378e-05 -0.000386065 0.001621 -0.000135136 -0.00179487
internal_weight=750 723 557 531 219 185 312
internal_count=750 723 557 531 219 185 312
is_linear=0
shrinkage=0.05


Tree=26
num_leaves=8
num_cat=0
split_feature=13 5 13 13 1 14 15
split_gain=0.81541 0.428532 0.289571 0.804827 0.700324 0.351234 0.581491
threshold=24.385000228881839 0.01389818264879695 16.085000038146976 16.85000038146973 0.034334541962736227 0.035115678917499234 -0.010133320504243591
decision_type=2 2 2 2 2 2 2
left_child=1 -1 -3 4 -4 -5 -7
right_child=-2 2 3 5 -6 6 -8
leaf_value=4.4971058535959093e-05 0.00026438533380971664 -0.00031519411561429708 0.00070167352623809248 -0.00026013722029561277 -0.00025747917327857407 -0.00016775142706913716 0.0002229988849089885
leaf_weight=33 49 290 36 220 29 55 31
leaf_count=33 49 290 36 220 29 55 31
internal_value=-0.00102961 -0.00146974 -0.00174735 -0.000822104 0.00423077 -0.00189543 0.000813952
internal_weight=743 694 661 371 65 306 86
internal_count=743 694 661 371 65 306 86
is_linear=0
shrinkage=0.05


Tree=27
num_leaves=8
num_cat=0
split_feature=3 15 3 3 9 5 15
split_gain=0.817133 0.514212 0.383877 0.806599 2.22891 1.01564 0.394558
threshold=0.029119586077048013 -0.024986231241789388 -0.0081742784169214194 -0.00065031150414712735 -0.0054668624742042473 0.021280266683673794 -0.0012170593676161798
decision_type=2 2 2 2 10 2 2
left_child=1 -1 -3 4 -4 -6 -5
right_child=-2 2 3 6 5 -7 -8
leaf_value=0.00051196388925503456 0.00022931956630114223 -0.00028481313834248642 -0.00013311218091196052 3.7871571916994534e-05 0.00095478139269701871 2.1333160551535385e-05 -0.0002228235491375867
leaf_weight=28 33 155 62 88 47 26 306
leaf_count=28 33 155 62 88 47 26 306
internal_value=-0.000570471 -0.000926967 -0.00119883 -0.000557657 0.00277778 0.00869863 -0.00170051
internal_weight=745 712 684 529 135 73 394
internal_count=745 712 684 529 135 73 394
is_linear=0
shrinkage=0.05


Tree=28
num_leaves=8
num_cat=0
split_feature=4 14 15 0 3 12 7
split_gain=0.783815 0.457002 0.593204 0.659039 0.462181 0.417737 0.87532
threshold=0.050563725655841128 -0.01759756320211869 -0.0012170593676161798 0.03697863865129359 0.0068150718116793971 0.01698171514572289 0.028410638636502509
decision_type=2 2 2 2 2 2 2
left_child=1 2 -1 -4 5 6 -3
right_child=-2 4 3 -5 -6 -7 -8
leaf_value=0.0011682875576932018 0.00063879266462510647 -5.5865875975218456e-05 -0.0001344364855980821 7.8249594139459056e-05 -0.00029641873201307917 -0.00022779564274849696 0.00078353093770196854
leaf_weight=35 35 102 208 38 113 185 36
leaf_count=35 35 102 208 38 113 185 36
internal_value=-0.000877661 -0.00123431 0.000338077 -0.000528456 -0.00224771 -0.00128483 0.0007971
internal_weight=752 717 281 246 436 323 138
internal_count=752 717 281 246 436 323 138
is_linear=0
shrinkage=0.05


Tree=29
num_leaves=8
num_cat=0
split_feature=13 5 3 14 14 3 2
split_gain=0.620964 0.452507 0.407351 0.557771 0.588295 0.421127 0.475175
threshold=25.505000114440922 0.014182921635300555 -0.0089414411184740566 0.039671535485110161 0.066707247335420675 -0.004932531762146696 0.15926223480374171
decision_type=2 2 2 2 2 2 2
left_child=1 -1 -3 5 -5 -4 -7
right_child=-2 2 3 4 -6 6 -8
leaf_value=0.00010787147193093567 0.00063722306297267072 -0.00032294703674777027 0.00064575500770209149 0.00025232873057025638 -0.0001266902870326278 -0.00014514580811338061 1.667866892982361e-05
leaf_weight=40 33 151 45 36 49 317 59
leaf_count=40 33 151 45 36 49 317 59
internal_value=-0.00109589 -0.0014132 -0.00172755 -0.00104743 0.00264706 -0.00179335 -0.00234043
internal_weight=730 697 657 506 85 421 376
internal_count=730 697 657 506 85 421 376
is_linear=0
shrinkage=0.05


Tree=30
num_leaves=8
num_cat=0
split_feature=16 1 8 11 2 9 12
split_gain=0.896569 0.66785 1.06323 0.541659 0.413823 0.336588 0.20326
threshold=-0.047562386574093445 0.076837657069773538 0.13250813766794625 0.029305093404121577 0.22050037410682258 -0.14298338544432063 0.01698171514572289
decision_type=2 2 8 2 2 8 2
left_child=-1 4 3 -3 5 -2 -7
right_child=1 2 -4 -5 -6 6 -8
leaf_value=0.00072158337784173807 4.2136126690236966e-05 0.00088523431298387757 -0.00038526652783208717 6.0026581498578657e-05 0.0001205082951274269 -3.5268859741603127e-05 -0.0002777454883082765
leaf_weight=26 49 25 35 26 26 227 323
leaf_count=26 49 25 35 26 26 227 323
internal_value=-0.000658074 -0.000991562 0.00313953 0.0077451 -0.00156 -0.00182805 -0.00218182
internal_weight=737 711 86 51 625 599 550
internal_count=737 711 86 51 625 599 550
is_linear=0
shrinkage=0.05


Tree=31
num_leaves=8
num_cat=0
split_feature=16 12 12 3 4 2 6
split_gain=0.615883 0.311221 0.375662 0.919197 0.906901 0.811252 0.567075
threshold=-0.047562386574093445 0.073733903664651171 0.00075812242422568243 0.0045919629637553036 0.031053783624458733 0.045245457089942993 -0.41163718704053348
decision_type=2 2 2 2 2 2 2
left_child=-1 2 3 5 -5 -2 -6
right_child=1 -3 -4 4 6 -7 -8
leaf_value=0.00047536425946097791 -0.00025536136739141992 0.0002700954958146268 -0.00020523404672092576 0.00054813150387400522 0.00035404065638079918 0.00020579174110791775 -0.00014024220746062466
leaf_weight=30 96 33 465 25 25 28 29
leaf_count=30 96 33 465 25 25 28 29
internal_value=-0.000348838 -0.000649074 -0.000883235 0.000911329 0.00512658 -0.00177419 0.00148148
internal_weight=731 701 668 203 79 124 54
internal_count=731 701 668 203 79 124 54
is_linear=0
shrinkage=0.05


Tree=32
num_leaves=8
num_cat=0
split_feature=16 7 16 6 13 2 9
split_gain=0.547148 0.420228 0.415551 0.818635 0.399366 0.466878 0.375163
threshold=-0.049138310098659092 -0.016756257994637699 -0.012258631674857854 -0.31524932055137095 19.520000457763675 0.070510010839027207 0.30439803399302406
decision_type=2 2 2 2 2 2 8
left_child=-1 -2 3 -3 6 -6 -4
right_child=1 2 4 -5 5 -7 -8
leaf_value=0.00060920100860443419 -0.0002292021808759457 -0.00016163125137496552 -1.4192536751868693e-05 0.00056288558966133587 -8.1318717607546448e-05 0.00085619229348666897 -0.00025975152551672049
leaf_weight=27 190 32 189 51 29 28 206
leaf_count=27 190 32 189 51 29 28 206
internal_value=-0.000877661 -0.00113793 -0.000420562 0.00283132 -0.0010177 0.00289474 -0.00158228
internal_weight=752 725 535 83 452 57 395
internal_count=752 725 535 83 452 57 395
is_linear=0
shrinkage=0.05


Tree=33
num_leaves=8
num_cat=0
split_feature=8 3 3 9 15 11 9
split_gain=0.655194 0.353545 0.402418 1.30747 0.595159 0.582593 0.461652
threshold=-0.12723438020553104 -0.0089414411184740566 -0.0032074927540310934 -0.0054668624742042473 -0.0088794462781740507 0.010571725721311933 -0.10098636788589004
decision_type=8 2 2 10 2 2 8
left_child=-1 -2 3 -3 -4 -5 -6
right_child=1 2 4 5 6 -7 -8
leaf_value=0.00068613069146833839 -0.00024490197059035869 -0.0003913723675204723 0.00017845940862337584 0.00059304396122442917 0.00047377857152030157 0.00076701364401478072 -0.00014588467303772707
leaf_weight=25 153 35 59 27 44 25 374
leaf_count=25 153 35 59 27 44 25 374
internal_value=-0.000956875 -0.00123431 -0.00065603 0.00247126 -0.00122642 0.0075 -0.00188995
internal_weight=742 717 564 87 477 52 418
internal_count=742 717 564 87 477 52 418
is_linear=0
shrinkage=0.05


Tree=34
num_leaves=8
num_cat=0
split_feature=5 14 5 14 10 2 6
split_gain=0.417179 0.41824 0.490661 0.504607 0.554108 0.424656 0.731602
threshold=0.014182921635300555 0.035115678917499234 0.020289488004784039 0.082777995482000835 -0.0036518559527396461 0.15926223480374171 0.57064793698344729
decision_type=2 2 2 2 2 2 2
left_child=-1 5 3 4 -3 -2 -7
right_child=1 2 -4 -5 -6 6 -8
leaf_value=0.00016941151013313531 -0.00019134524745315147 0.00039981526735485134 0.00015930903784955335 -0.00020362697284707554 -0.00024360437447267189 -0.00023981443201087874 0.00027687253095161818
leaf_weight=46 445 37 64 48 30 44 33
leaf_count=46 445 37 64 48 30 44 33
internal_value=-0.000917003 -0.00121969 0.000865921 -0.00108696 0.00171642 -0.00193487 0.00149351
internal_weight=747 701 179 115 67 522 77
internal_count=747 701 179 115 67 522 77
is_linear=0
shrinkage=0.05


Tree=35
num_leaves=8
num_cat=0
split_feature=8 1 11 1 7 15 4
split_gain=0.438568 0.555859 0.744615 0.447715 0.524906 0.493308 0.8489
threshold=0.18942994155944717 0.077775828622601809 0.017027234780288007 0.046301728784703296 0.072763537780452872 0.0081748165683938074 0.028628388193272489
decision_type=8 2 2 2 2 2 2
left_child=1 3 -3 4 5 -1 -7
right_child=-2 2 -4 -5 -6 6 -8
leaf_value=-7.024732659460739e-05 -0.0003560671314200947 0.0011268806191344987 -0.00044275332887836545 -0.00032518285383633636 0.00013386134253743614 0.00055936384600110576 -9.1984939192137299e-06
leaf_weight=378 71 25 40 90 25 31 83
leaf_count=378 71 25 40 90 25 31 83
internal_value=-0.000558548 -0.000163692 0.00423077 -0.000634268 -6.76995e-05 -0.00042683 0.00245614
internal_weight=743 672 65 607 517 492 114
internal_count=743 672 65 607 517 492 114
is_linear=0
shrinkage=0.05


Tree=36
num_leaves=8
num_cat=0
split_feature=13 12 12 9 0 13 5
split_gain=0.661871 0.445533 0.695167 0.381906 0.554519 0.894928 1.21474
threshold=25.19999980926514 -0.026522895581630176 -0.016111251712643489 -0.032996326028210225 0.0079679036756870065 14.920000076293947 0.023416198332424094
decision_type=2 2 2 10 2 2 2
left_child=1 -1 -3 -4 5 -5 -7
right_child=-2 2 3 4 -6 6 -8
leaf_value=-0.00025633680787720152 2.3484088888540345e-05 0.00045944485474179778 -0.00017219187614909265 -0.00013247974019479401 -0.00023631095261069298 0.00044436766966189471 -0.00020616092586337798
leaf_weight=73 35 34 243 90 157 89 32
leaf_count=73 35 34 243 90 157 89 32
internal_value=-0.000285526 -0.000612815 -0.0001938 -0.000581016 0.000434781 0.002109 0.00491735
internal_weight=753 718 645 611 368 211 121
internal_count=753 718 645 611 368 211 121
is_linear=0
shrinkage=0.05


Tree=37
num_leaves=8
num_cat=0
split_feature=1 12 7 1 12 8 16
split_gain=0.829015 0.391512 0.678395 0.44709 0.507308 0.617422 0.492406
threshold=-0.097609196416642494 0.015576127060618618 -0.023876299538691411 -0.022235126865212115 -0.034828252855943369 0.14590048953184701 -0.0016374750528953539
decision_type=2 2 2 2 2 8 2
left_child=-1 2 -2 -4 -5 6 -6
right_child=1 -3 3 4 5 -7 -8
leaf_value=0.00052577791443576794 -0.00017844419708078733 -0.00018448843137339904 0.00010442009716059753 -0.00023434963492864527 0.00050140393437821953 -0.00027410863182574289 6.1774250634144293e-05
leaf_weight=27 101 413 27 29 31 45 84
leaf_count=27 101 413 27 29 31 45 84
internal_value=-0.000640688 -0.000958905 0.000362775 0.00194444 0.00108465 0.0021875 0.00413043
internal_weight=757 730 317 216 189 160 115
internal_count=757 730 317 216 189 160 115
is_linear=0
shrinkage=0.05


Tree=38
num_leaves=8
num_cat=0
split_feature=13 14 15 9 3 13 13
split_gain=0.537859 0.398471 0.737327 0.595773 0.74131 0.517866 0.381352
threshold=24.385000228881839 -0.01759756320211869 -0.0012170593676161798 0.21196330136387467 0.002117346565148615 15.295000076293947 13.554999828338625
decision_type=2 2 2 10 2 2 2
left_child=1 2 -1 -3 5 -5 -4
right_child=-2 3 6 4 -6 -7 -8
leaf_value=0.0011092936754759878 0.00010532791790278532 -0.00024411824274356406 0.0002112560028408931 -7.7021442480052253e-05 -0.00022551008538948007 0.00051588265779804483 -8.1378205845713229e-05
leaf_weight=32 48 280 39 27 61 44 209
leaf_count=32 48 280 39 27 61 44 209
internal_value=-0.000743244 -0.00109827 0.000357142 -0.00208738 0.000681817 0.00415493 -0.000564517
internal_weight=740 692 280 412 132 71 248
internal_count=740 692 280 412 132 71 248
is_linear=0
shrinkage=0.05


Tree=39
num_leaves=8
num_cat=0
split_feature=8 12 12 8 11 5 9
split_gain=0.819037 0.263314 0.673766 0.765765 0.251654 0.482978 0.505413
threshold=-0.12723438020553104 -0.036045899235514094 -0.013091202195066818 0.016157177371821988 0.018680382496318208 0.02112978836819902 0.39802978031023423
decision_type=8 2 2 10 2 2 10
left_child=-1 -2 3 -3 5 6 -4
right_child=1 2 4 -5 -6 -7 -8
leaf_value=0.00055077039168914576 -0.00020492873714568038 -3.0007866074440177e-05 -1.107109500831131e-05 0.0010134320607747016 -0.00038340119877687968 -0.00026893403139452708 0.0009161591088517779
leaf_weight=27 58 48 345 25 116 92 25
leaf_count=27 58 48 345 25 116 92 25
internal_value=-0.00058424 -0.000909733 -0.000622121 0.00390411 -0.00119377 -0.000670997 0.000135134
internal_weight=736 709 651 73 578 462 370
internal_count=736 709 651 73 578 462 370
is_linear=0
shrinkage=0.05


Tree=40
num_leaves=8
num_cat=0
split_feature=11 6 12 9 0 15 5
split_gain=0.340649 0.487008 0.966667 0.77367 0.299726 0.8775 0.270808
threshold=0.018680382496318208 0.28173936812317907 0.04024441514895117 -0.27977119760430741 0.0050212067924195756 0.0038745792275354245 0.021630491936423208
decision_type=2 2 2 10 2 2 2
left_child=1 6 3 -3 5 -2 -1
right_child=4 2 -4 -5 -6 -7 -8
leaf_value=-1.0517538849719647e-05 -0.00053195824324545635 0.00030701345627805426 0.00082071484430658835 -0.0001013421715572403 -0.00039313450775248395 0.00023177442789035045 -0.00014759446324215549
leaf_weight=325 39 39 29 106 73 25 107
leaf_count=325 39 39 29 106 73 25 107
internal_value=-0.000558548 -4.95061e-05 0.00218391 0.00051724 -0.00281022 -0.000312501 -0.000949075
internal_weight=743 606 174 145 137 64 432
internal_count=743 606 174 145 137 64 432
is_linear=0
shrinkage=0.05


Tree=41
num_leaves=8
num_cat=0
split_feature=4 2 8 2 1 12 15
split_gain=0.377505 0.319453 0.773438 0.45463 0.350286 0.327661 0.246939
threshold=0.050563725655841128 0.15926223480374171 0.15054417123548561 0.11207039417629185 0.076837657069773538 0.058395968691513429 0.0096674812609049993
decision_type=2 2 10 2 2 2 2
left_child=1 3 -3 4 5 6 -1
right_child=-2 2 -4 -5 -6 -7 -8
leaf_value=-0.00014157595646105197 0.00066857676048670501 0.00022365998390586579 -0.00022167361653718305 -0.00029121865665426893 0.00070076272260250871 0.00063805362756820343 1.7067688647688412e-05
leaf_weight=392 32 37 54 84 26 28 98
leaf_count=392 32 37 54 84 26 28 98
internal_value=-0.00093875 -0.00117524 0.00159341 -0.00157643 -0.0010478 -0.00133205 -0.00163265
internal_weight=751 719 91 628 544 518 490
internal_count=751 719 91 628 544 518 490
is_linear=0
shrinkage=0.05


Tree=42
num_leaves=8
num_cat=0
split_feature=1 9 10 11 3 4 5
split_gain=0.356582 0.862084 0.475152 0.46766 0.289212 0.698568 0.448446
threshold=0.077775828622601809 0.52536198262536016 0.0034066774365857371 0.015629796183489589 -0.0075851291102902998 0.046634360725340468 0.021630491936423208
decision_type=2 8 2 2 2 2 2
left_child=3 2 -2 4 -1 6 -6
right_child=1 -3 -4 -5 5 -7 -8
leaf_value=-0.00012277102370607314 0.00097966265966877453 -0.00032012655192438717 1.404016735457577e-05 -0.00023312996253611136 2.3409527070434521e-05 0.00052997779584990242 -0.00026038898746303708
leaf_weight=152 25 27 30 131 294 27 63
leaf_count=152 25 27 30 131 294 27 63
internal_value=-0.000794394 0.00231707 0.00590909 -0.00117691 -0.000522389 0.000208332 -0.000378152
internal_weight=749 82 55 667 536 384 357
internal_count=749 82 55 667 536 384 357
is_linear=0
shrinkage=0.05


Tree=43
num_leaves=8
num_cat=0
split_feature=11 3 1 11 8 2 11
split_gain=0.398083 0.980265 0.394199 0.38272 0.900294 0.971562 0.678192
threshold=-0.019621569956091153 -0.0019377605335162971 -0.041474511631913284 0.011525613692411897 0.0036364018421790605 0.0017414412069680643 0.0039565944761287284
decision_type=2 2 2 2 10 2 2
left_child=1 -1 -2 4 -4 -6 -7
right_child=2 -3 3 -5 5 6 -8
leaf_value=-7.3524713333685966e-05 -0.00024429273198168578 0.0002629520439450182 -0.00032494406442334169 -0.00018170197551311293 0.00041261362961540955 -8.3887057858826283e-05 0.00054821388978871231
leaf_weight=38 93 45 82 238 25 134 89
leaf_count=38 93 45 82 238 25 134 89
internal_value=-0.00103495 0.00222891 -0.00144478 -0.000950705 0.000151514 0.00165322 0.00060538
internal_weight=744 83 661 568 330 248 223
internal_count=744 83 661 568 330 248 223
is_linear=0
shrinkage=0.05


Tree=44
num_leaves=8
num_cat=0
split_feature=3 0 4 8 1 1 3
split_gain=0.372517 0.566569 0.391014 0.597931 0.389906 1.13785 0.562941
threshold=-0.0089414411184740566 -0.026735010577236814 0.024727722420897932 0.027672731205044768 0.010003684449878316 0.0025982306484155786 -0.0052562623993379068
decision_type=2 2 2 10 2 2 2
left_child=-1 -2 3 -3 5 -4 -6
right_child=1 2 4 -5 6 -7 -8
leaf_value=-0.00018124278615142445 0.00074152608334735251 2.6005881707185449e-05 -3.0943226914843278e-05 -5.5547404420869598e-05 0.00032220660786384456 0.00037679230468286914 -0.00015533765711699907
leaf_weight=175 25 25 204 29 27 32 218
leaf_count=175 25 25 204 29 27 32 218
internal_value=-0.000986396 -0.000357144 -0.000700936 0.00333333 -0.00115385 0.000296609 -0.00255102
internal_weight=735 560 535 54 481 236 245
internal_count=735 560 535 54 481 236 245
is_linear=0
shrinkage=0.05


Tree=45
num_leaves=8
num_cat=0
split_feature=3 3 9 12 4 6 5
split_gain=0.394895 0.582317 1.58092 0.86631 1.21135 0.642857 0.631294
threshold=-0.0075851291102902998 -0.0010383066080950074 0.046364971273495155 0.00075812242422568243 0.028628388193272489 -0.31524932055137095 0.0283573411498791
decision_type=2 2 10 2 2 2 2
left_child=-1 2 -2 4 -3 -4 -6
right_child=1 3 5 -5 6 -7 -8
leaf_value=-0.00013397752985013208 -5.0383519123705694e-05 0.00042953049591505817 0.00023826088049419683 -0.00013395700703785465 -7.0218446849325158e-05 0.00077790994117452137 0.00032201373082124381
leaf_weight=188 68 26 28 308 72 28 25
leaf_count=188 68 26 28 308 72 28 25
internal_value=-0.000625842 4.50439e-05 0.00306451 -0.000823667 0.00272358 0.00928571 0.000154638
internal_weight=743 555 124 431 123 56 97
internal_count=743 555 124 431 123 56 97
is_linear=0
shrinkage=0.05


Tree=46
num_leaves=8
num_cat=0
split_feature=1 14 5 0 14 6 12
split_gain=0.553464 0.348271 0.579011 0.560224 0.489718 0.4818 0.408371
threshold=-0.097609196416642494 -0.01759756320211869 0.016767689696612149 0.018311375371177888 -0.047825209867674183 -0.80415032631909755 0.038171313718868845
decision_type=2 2 2 2 2 2 2
left_child=-1 2 3 4 -2 -4 -7
right_child=1 -3 5 -5 -6 6 -8
leaf_value=0.00043812715738817868 0.00026606401351440796 -8.0228861096067014e-05 0.00011011544605166743 0.00071083652380510894 -0.0002382432352533858 -0.00019773489258575615 0.00010374333924460708
leaf_weight=27 27 429 42 28 41 117 36
leaf_count=27 27 429 42 28 41 117 36
internal_value=-0.000917003 -0.00118056 0.000154638 0.00333333 0.000882352 -0.00141026 -0.00271242
internal_weight=747 720 291 96 68 195 153
internal_count=747 720 291 96 68 195 153
is_linear=0
shrinkage=0.05


Tree=47
num_leaves=8
num_cat=0
split_feature=13 5 14 6 3 8 14
split_gain=0.537408 0.295694 0.498918 0.550053 0.652002 0.523889 0.340632
threshold=25.19999980926514 0.014182921635300555 0.035115678917499234 0.93504836254540868 -0.0010937920158764489 0.035114614061740552 0.01016731697942619
decision_type=2 2 2 2 2 10 2
left_child=1 -1 6 4 5 -4 -3
right_child=-2 2 3 -5 -6 -7 -8
leaf_value=0.00012452954132424082 0.0004296640930429933 -5.2253539987514111e-05 -0.00031082417271095016 -0.00074004840335629854 0.00023597340004995936 6.2842952147991289e-06 -0.00021929424071679641
leaf_weight=45 34 422 32 29 44 41 87
leaf_count=45 34 422 32 29 44 41 87
internal_value=-0.000844688 -0.00114286 -0.00141221 0.00116438 0.00269231 -0.000205481 -0.00215128
internal_weight=734 700 655 146 117 73 509
internal_count=734 700 655 146 117 73 509
is_linear=0
shrinkage=0.05


Tree=48
num_leaves=8
num_cat=0
split_feature=1 1 16 11 13 9 0
split_gain=0.370328 0.339925 0.440659 0.697674 0.521512 0.299337 0.296243
threshold=-0.097609196416642494 -0.043252345118234774 0.0059513811627999189 0.0044457003054257935 14.960000038146974 -0.090404878813710607 -0.0090108585659605094
decision_type=2 2 2 2 2 8 2
left_child=-1 -2 3 4 -3 -6 -7
right_child=1 2 -4 -5 5 6 -8
leaf_value=0.00048830568467691984 -0.00027881090689694724 0.00026990937742839819 -8.7590833318526372e-05 0.00070630832450327798 0.00029345796322523065 -2.7949240519962169e-06 -0.00026229763314637912
leaf_weight=25 96 49 355 43 33 45 88
leaf_count=25 96 49 355 43 33 45 88
internal_value=-0.000980928 -0.00119182 -0.000758566 0.000813952 -0.000348838 -0.00168675 -0.00274436
internal_weight=734 709 613 258 215 166 133
internal_count=734 709 613 258 215 166 133
is_linear=0
shrinkage=0.05


Tree=49
num_leaves=8
num_cat=0
split_feature=12 1 0 6 11 11 8
split_gain=0.393302 0.335926 1.00595 0.327955 0.355615 0.319393 0.290227
threshold=0.073733903664651171 0.078361603019617379 0.011436257636218474 1.1147490468186441 0.015629796183489589 0.012589195808640931 0.016157177371821988
decision_type=2 2 2 2 2 2 10
left_child=1 3 -3 4 5 6 -1
right_child=-2 2 -4 -5 -6 -7 -8
leaf_value=-7.9569051943832519e-05 0.00032559611051940802 0.00034904867306306109 -7.8730214485372497e-05 -0.00020299096714365369 -0.00023281445608989298 0.00044167780144360329 -5.3206094817727968e-06
leaf_weight=191 33 35 40 74 106 34 219
leaf_count=191 33 35 40 74 106 34 219
internal_value=-0.00124317 -0.00149499 0.00166667 -0.001875 -0.00145455 -0.000833335 -0.00121951
internal_weight=732 699 75 624 550 444 410
internal_count=732 699 75 624 550 444 410
is_linear=0
shrinkage=0.05


Tree=50
num_leaves=8
num_cat=0
split_feature=11 4 15 15 7 9 0
split_gain=0.423916 0.320386 0.620428 0.504527 0.937513 0.429415 0.527095
threshold=0.018680382496318208 0.028904749657705502 0.0085355393911062966 -0.0012170593676161798 0.019500221496021933 0.43603515217539074 0.011853550782294555
decision_type=2 2 2 2 2 10 2
left_child=1 2 3 4 -1 -3 -7
right_child=-2 5 -4 -5 -6 6 -8
leaf_value=-1.3339785545933927e-05 -0.00019869008388745933 -4.2344583445888411e-05 0.0002885610803036054 -0.00030111914158648996 0.0005676732359787013 0.00069289577663912412 -0.00010534004304342052
leaf_weight=44 132 357 43 76 26 27 30
leaf_count=44 132 357 43 76 26 27 30
internal_value=-0.000918369 -0.000356552 0.00134921 -0.000205481 0.00285714 -0.00113527 0.00289474
internal_weight=735 603 189 146 70 414 57
internal_count=735 603 189 146 70 414 57
is_linear=0
shrinkage=0.05


Tree=51
num_leaves=8
num_cat=0
split_feature=4 3 5 0 5 0 7
split_gain=0.301555 0.376792 0.313939 0.274373 0.876917 0.788693 0.549451
threshold=0.047377894216105325 0.0072276165130472645 0.014182921635300555 0.0073437201136354888 0.017616645995784715 0.0015458002360724257 0.0088572478220421153
decision_type=2 2 2 2 2 2 2
left_child=2 -2 -1 4 -4 6 -6
right_child=1 -3 3 -5 5 -7 -8
leaf_value=9.0520590866429603e-05 -2.6706752514047669e-05 0.00045335127002564849 -0.00015499744914804239 -7.1030525838666436e-05 -0.00011257083415596738 0.00049499359257061399 9.7152912299570748e-05
leaf_weight=46 37 25 209 247 84 33 72
leaf_count=46 37 25 209 247 84 33 72
internal_value=-0.00108234 0.00225806 -0.00138206 -0.00166667 -0.000854273 0.00161376 0.000128204
internal_weight=753 62 691 645 398 189 156
internal_count=753 62 691 645 398 189 156
is_linear=0
shrinkage=0.05


Tree=52
num_leaves=8
num_cat=0
split_feature=16 1 16 5 5 0 7
split_gain=0.398286 0.29719 0.43395 0.57007 0.722888 0.959368 0.304217
threshold=-0.049138310098659092 -0.043252345118234774 0.0059513811627999189 0.021630491936423208 0.018489812703257481 0.018311375371177888 0.05191661633100076
decision_type=2 2 2 2 2 2 2
left_child=-1 -2 3 4 5 -3 -4
right_child=1 2 6 -5 -6 -7 -8
leaf_value=0.00045863697698607099 -0.0001635353539719963 -2.3118432503206238e-05 -1.5012242393611675e-05 -6.6582338709073871e-05 0.00057891696965083647 0.00050064929455141325 -0.00021826019490451913
leaf_weight=25 98 128 205 66 33 35 161
leaf_count=25 98 128 205 66 33 35 161
internal_value=-0.00120506 -0.00141873 -0.00101911 0.00053435 0.00188775 0.000521471 -0.00213115
internal_weight=751 726 628 262 196 163 366
internal_count=751 726 628 262 196 163 366
is_linear=0
shrinkage=0.05


Tree=53
num_leaves=8
num_cat=0
split_feature=1 0 2 4 4 11 15
split_gain=0.357739 1.02257 0.42465 0.275542 0.315865 0.261853 0.222464
threshold=0.077775828622601809 0.011436257636218474 0.22429616792313825 0.047377894216105325 0.039108368652765381 0.023858955233929894 0.0096674812609049993
decision_type=2 2 2 2 2 2 2
left_child=2 -2 3 4 5 6 -1
right_child=1 -3 -4 -5 -6 -7 -8
leaf_value=-3.336926330229142e-05 0.00043578187689248538 -0.00020292621447179381 9.3907240608321807e-05 2.4849285550930102e-05 -7.3648554077469612e-05 -0.00037856182914659071 7.2224726155638457e-07
leaf_weight=374 38 47 25 41 73 48 90
leaf_count=374 38 47 25 41 73 48 90
internal_value=-0.000991849 0.00205882 -0.00139017 -0.00164537 -0.00192308 -0.00148438 -0.00112069
internal_weight=736 85 651 626 585 512 464
internal_count=736 85 651 626 585 512 464
is_linear=0
shrinkage=0.05


Tree=54
num_leaves=8
num_cat=0
split_feature=5 14 7 8 9 3 14
split_gain=0.245395 0.380696 0.496124 0.863914 0.622749 0.545924 0.425243
threshold=0.01389818264879695 0.035115678917499234 0.04605874171933478 0.020337958512569369 0.33603106423012136 -0.00081139042900163483 0.005094684764536229
decision_type=2 2 2 10 8 2 2
left_child=-1 6 3 5 -5 -3 -2
right_child=1 2 -4 4 -6 -7 -8
leaf_value=5.4608715660677166e-05 -3.0273608939154702e-05 -0.00012432150613768641 -0.00022450620199678217 4.1085134657015373e-05 0.0011169390196359979 0.00019746555321639437 -0.00020483005979651196
leaf_weight=38 415 51 43 28 25 25 116
leaf_count=38 415 51 43 28 25 25 116
internal_value=-0.00101889 -0.00123044 0.000813952 0.00236434 0.00726415 -0.00105263 -0.00189266
internal_weight=741 703 172 129 53 76 531
internal_count=741 703 172 129 53 76 531
is_linear=0
shrinkage=0.05


Tree=55
num_leaves=8
num_cat=0
split_feature=14 4 16 14 3 12 9
split_gain=0.279733 0.776314 0.778451 0.418771 0.48214 1.14684 0.624246
threshold=-0.021911996714153944 0.028273742719841302 0.0099528850879498938 0.03328086000020148 -0.0023275216691062135 0.0061045845958173093 0.30276383989490391
decision_type=2 2 2 2 2 2 10
left_child=1 2 -1 -2 6 -6 -5
right_child=3 -3 -4 4 5 -7 -8
leaf_value=0.00085081225784120081 -0.00023506218889093769 -2.103219313106054e-05 -1.2264057080581259e-05 -9.1692802914295437e-05 0.00020437819098738618 -0.00015597195060853986 0.00034992192462241558
leaf_weight=33 286 211 27 88 40 46 27
leaf_count=33 286 211 27 88 40 46 27
internal_value=-0.00130607 -1.84514e-05 0.005 -0.00202259 -0.000273633 0.00255814 -0.00239131
internal_weight=758 271 60 487 201 86 115
internal_count=758 271 60 487 201 86 115
is_linear=0
shrinkage=0.05


Tree=56
num_leaves=8
num_cat=0
split_feature=0 0 4 2 15 14 1
split_gain=0.507916 0.980117 1.12055 0.663119 0.500721 0.488011 0.299828
threshold=0.0079679036756870065 0.0037479910756870187 0.030625243369520869 0.1876759050073398 0.0085355393911062966 -0.096084571305829466 0.059209623542634267
decision_type=2 2 2 2 2 2 2
left_child=1 3 -3 4 6 -2 -1
right_child=5 2 -4 -5 -6 -7 -8
leaf_value=-9.0577104303928772e-05 0.00031740807755590287 -1.526762271163716e-06 0.00054521675642790377 9.226267138584028e-05 0.00013468480738701642 -5.8868824518273596e-05 0.00026935166660610439
leaf_weight=312 30 32 27 25 31 252 33
leaf_count=312 30 32 27 25 31 252 33
internal_value=-0.00102426 -1.19209e-09 0.00601695 -0.000885288 -0.00140958 -0.00269504 -0.00195652
internal_weight=742 460 59 401 376 282 345
internal_count=742 460 59 401 376 282 345
is_linear=0
shrinkage=0.05


Tree=57
num_leaves=8
num_cat=0
split_feature=9 1 0 13 13 1 1
split_gain=0.475785 0.635337 0.499507 0.332973 0.579917 0.356973 0.543223
threshold=0.53149038192501641 0.077775828622601809 0.0090278041271300031 16.095000267028812 16.85000038146973 0.016421378208265728 -0.0085377272587235358
decision_type=8 2 2 2 2 2 2
left_child=1 3 -3 -1 -5 6 -6
right_child=-2 2 -4 4 5 -7 -8
leaf_value=-0.00022477761256197424 -5.7343067633201234e-05 0.0010408375068032825 -1.5090480656484042e-05 0.00017530010482570127 -2.5628204061224518e-05 -4.8649454386185356e-05 0.00036600916972692006
leaf_weight=219 205 28 30 43 117 60 31
leaf_count=219 205 28 30 43 117 60 31
internal_value=-0.0012483 -0.000454547 0.00448276 -0.00106383 0.000179282 -0.000913463 0.000405404
internal_weight=733 528 58 470 251 208 148
internal_count=733 528 58 470 251 208 148
is_linear=0
shrinkage=0.05


Tree=58
num_leaves=8
num_cat=0
split_feature=5 13 13 0 9 3 3
split_gain=0.523395 0.319611 0.570591 0.429872 0.313439 0.251632 0.357868
threshold=0.014182921635300555 16.085000038146976 16.375000000000004 -0.026735010577236814 0.04258422920667549 -0.012774118692147172 -0.0080013929246428566
decision_type=2 2 2 2 10 2 2
left_child=-1 -2 -3 4 -4 -5 -7
right_child=1 2 3 5 -6 6 -8
leaf_value=8.7649599230812323e-05 -0.00017260140608558379 9.6102820239422047e-05 -2.3616158015317806e-05 -0.00023897385608058925 0.00017837251711668421 0.00034472686739048957 -2.9121735540130022e-05
leaf_weight=44 294 26 26 52 31 27 250
leaf_count=44 294 26 26 52 31 27 250
internal_value=-0.0012 -0.00152975 -0.000631069 -0.00111399 0.00289474 -0.00180851 -0.00120939
internal_weight=750 706 412 386 57 329 277
internal_count=750 706 412 386 57 329 277
is_linear=0
shrinkage=0.05


Tree=59
num_leaves=8
num_cat=0
split_feature=5 12 15 14 7 5 5
split_gain=0.360273 0.381317 0.328282 0.266185 0.20999 0.28467 0.526169
threshold=0.014182921635300555 0.066825641747697576 -0.024986231241789388 -0.096084571305829466 -0.053989246367145131 0.016835641294562973 0.016376376229401399
decision_type=2 2 2 2 2 2 2
left_child=-1 2 -2 -4 -5 6 -6
right_child=1 -3 3 4 5 -7 -8
leaf_value=0.00011480307201139356 0.00022853375412293221 6.373160292970603e-05 0.00011091722775790951 2.404792150012599e-05 -0.0001595707053633626 -9.8412044613998997e-05 0.00053687096886052062
leaf_weight=41 29 42 43 50 173 326 37
leaf_count=41 29 42 43 50 173 326 37
internal_value=-0.00101889 -0.00128572 -0.00158055 -0.00182035 -0.00209898 -0.00238806 -0.000952382
internal_weight=741 700 658 629 586 536 210
internal_count=741 700 658 629 586 536 210
is_linear=0
shrinkage=0.05


Tree=60
num_leaves=8
num_cat=0
split_feature=9 2 3 1 6 7 0
split_gain=0.321109 0.530974 0.637959 0.789049 0.69407 0.742424 0.508833
threshold=-0.029318087305642112 -0.065730318952076136 0.00017363791091884465 0.0091762553374729067 -0.02053401143844431 0.050931212727184157 -0.0092953351077787443
decision_type=10 2 2 2 2 2 2
left_child=-1 -2 3 6 5 -5 -3
right_child=1 2 -4 4 -6 -7 -8
leaf_value=-4.918435232062309e-05 0.0001202291765709904 -0.00010902824889119903 -0.00013780588468006449 8.133347111776561e-05 0.00071424752554977362 -0.00020168071538371839 5.0574811755695107e-05
leaf_weight=335 26 53 214 30 32 25 31
leaf_count=335 26 53 214 30 32 25 31
internal_value=-0.00131367 -0.00037713 -0.000844157 0.00143275 0.00477011 0.00136364 -0.00202381
internal_weight=746 411 385 171 87 55 84
internal_count=746 411 385 171 87 55 84
is_linear=0
shrinkage=0.05


Tree=61
num_leaves=8
num_cat=0
split_feature=13 7 7 14 10 11 11
split_gain=0.442179 0.537528 0.839493 0.519947 0.921436 0.457725 0.547578
threshold=15.234999656677248 0.028410638636502509 0.051654422994770084 0.035115678917499234 -0.0077272897241722474 0.011525613692411897 0.0060643629866489199
decision_type=2 2 2 2 2 2 2
left_child=-1 3 -3 -2 -5 6 -4
right_child=1 2 5 4 -6 -7 -8
leaf_value=-0.00015925894050736308 -5.5509446294618652e-05 0.00042013589404967715 -8.5137763736989038e-05 -3.2373572249906339e-05 0.00043951030417682419 -0.00032971301878262111 0.00035760578582158379
leaf_weight=259 208 47 54 65 34 59 26
leaf_count=259 208 47 54 65 34 59 26
internal_value=-0.00101064 -0.000131847 0.00198925 -0.00141694 0.00156566 3.597e-05 0.0025
internal_weight=752 493 186 307 99 139 80
internal_count=752 493 186 307 99 139 80
is_linear=0
shrinkage=0.05


Tree=62
num_leaves=8
num_cat=0
split_feature=3 14 0 0 13 12 16
split_gain=0.391773 0.295129 0.305188 0.630836 0.494604 0.420574 0.350238
threshold=0.029119586077048013 -0.096084571305829466 0.0079679036756870065 0.0015458002360724257 13.194999694824221 0.025371468948423018 -0.047562386574093445
decision_type=2 2 2 2 2 2 2
left_child=1 -1 3 4 -3 -5 -6
right_child=-2 2 -4 5 6 -7 -8
leaf_value=0.00013991830051789382 4.2311193822333463e-05 0.00017427658453051124 -0.00015711922358086424 -8.0687043729529456e-06 8.4979704246712271e-05 0.00023466322097866676 -0.0001606534484026874
leaf_weight=40 34 35 223 45 25 39 299
leaf_count=40 34 35 223 45 25 39 299
internal_value=-0.00141892 -0.00167139 -0.00192192 -0.00116253 -0.00207521 0.00273809 -0.00268519
internal_weight=740 706 666 443 359 84 324
internal_count=740 706 666 443 359 84 324
is_linear=0
shrinkage=0.05


Tree=63
num_leaves=8
num_cat=0
split_feature=3 0 4 6 1 1 3
split_gain=0.358619 0.393118 0.445133 0.887835 0.333228 0.9589 0.536921
threshold=-0.0089414411184740566 -0.028293666130129732 0.024856107309987718 -0.25196294467670105 0.011885208616882361 0.0025982306484155786 -0.0051335711395509845
decision_type=2 2 2 2 2 2 2
left_child=-1 -2 3 -3 5 -4 -6
right_child=1 2 4 -5 6 -7 -8
leaf_value=-8.6548361281828495e-05 0.00055842363270081996 -7.0402855947620088e-06 -1.9318151836886197e-05 0.00023640233673554364 0.00018710440187140657 0.000227806857426109 -0.00012516212185510191
leaf_weight=170 29 33 205 26 27 35 223
leaf_count=170 29 33 205 26 27 35 223
internal_value=-0.000922461 -0.000328721 -0.000628416 0.00347458 -0.00112245 0.000208332 -0.0024
internal_weight=748 578 549 59 490 240 250
internal_count=748 578 549 59 490 240 250
is_linear=0
shrinkage=0.05


Tree=64
num_leaves=8
num_cat=0
split_feature=3 0 14 5 14 12 3
split_gain=0.3195 0.53007 0.526579 0.867351 0.726658 0.594297 0.519676
threshold=-0.0065497916147435045 -0.026735010577236814 -0.024483541073895273 0.015330216730073707 -0.034191014747727892 -0.018675976456826889 0.0068150718116793971
decision_type=2 2 2 2 2 2 2
left_child=-1 -2 3 -3 5 -5 -4
right_child=1 2 6 4 -6 -7 -8
leaf_value=-8.7363951670749065e-05 0.00051268271303913922 0.00024393784805593099 -1.9564504401812524e-06 0.00013741568692645563 0.00068933654793905093 -0.0001340006203722323 -0.00017558168324800273
leaf_weight=197 25 32 200 30 28 118 109
leaf_count=197 25 32 200 30 28 118 109
internal_value=-0.000737484 -0.000110702 -0.000454547 0.00149038 0.000113635 -0.00128378 -0.00176376
internal_weight=739 542 517 208 176 148 309
internal_count=739 542 517 208 176 148 309
is_linear=0
shrinkage=0.05


Tree=65
num_leaves=8
num_cat=0
split_feature=9 4 3 3 0 12 11
split_gain=0.494717 0.833817 0.595541 1.00393 0.568079 0.463334 0.749318
threshold=-0.0054668624742042473 0.024727722420897932 -0.00065031150414712735 -0.0053304995280343262 0.0025757081687391996 0.00075812242422568243 -0.010447917606839994
decision_type=10 2 2 2 2 2 2
left_child=1 -1 3 4 -2 6 -4
right_child=2 -3 5 -5 -6 -7 -8
leaf_value=7.9277119022800347e-06 -5.0140777940186808e-05 -0.00013674346575451949 -4.7527916873679899e-05 0.00050831108242742101 0.0002682816531479765 -0.00021277082805918704 0.00018326621882887024
leaf_weight=26 87 315 27 46 25 183 30
leaf_count=26 87 315 27 46 25 183 30
internal_value=-0.000669825 -0.00206745 0.000527637 0.00291139 0.000357142 -0.00104167 0.00289474
internal_weight=739 341 398 158 112 240 57
internal_count=739 341 398 158 112 240 57
is_linear=0
shrinkage=0.05


Tree=66
num_leaves=8
num_cat=0
split_feature=12 13 13 3 14 10 2
split_gain=0.564485 0.635434 0.952341 0.732826 0.594062 0.545865 0.260765
threshold=0.015576127060618618 16.875000000000004 16.085000038146976 0.0045919629637553036 0.035115678917499234 -0.012001983030752781 -0.004299678678691631
decision_type=2 2 2 2 2 2 2
left_child=1 2 3 -1 6 -6 -3
right_child=-2 4 -4 -5 5 -7 -8
leaf_value=-0.00019353236839889494 -0.00012218227676065406 -0.00034143124393968952 7.7213151209263326e-05 4.4817949664617725e-05 -6.6217307368298426e-06 0.00015687732886272314 -2.1086411513849934e-05
leaf_weight=49 409 72 31 29 42 38 70
leaf_count=49 409 72 31 29 42 38 70
internal_value=-0.000945947 0.000589123 0.0037156 0.00076923 -0.000945947 0.0025 -0.00288733
internal_weight=740 331 109 78 222 80 142
internal_count=740 331 109 78 222 80 142
is_linear=0
shrinkage=0.05


Tree=67
num_leaves=8
num_cat=0
split_feature=15 10 7 11 14 9 2
split_gain=0.402976 0.615607 1.02997 0.677338 0.736306 0.482887 0.434886
threshold=-0.00081429508006464191 -0.0013159673486659027 0.025205266906993876 -0.016546519308648141 0.11927434384443127 0.34099605067857325 0.15926223480374171
decision_type=2 2 2 2 2 10 2
left_child=1 3 -3 4 -1 -5 -2
right_child=6 2 -4 5 -6 -7 -8
leaf_value=0.00012364198268124534 -6.1310940403060932e-05 -0.00025807511466174009 0.00066864089380201219 -0.00012676330792867082 -1.1112195694877618e-05 0.00036955844838524232 2.5133014953105652e-06
leaf_weight=43 399 33 25 143 25 28 62
leaf_count=43 399 33 25 143 25 28 62
internal_value=-0.000712402 0.000723905 0.00534483 -0.000397491 0.00382353 -0.00207602 -0.00163775
internal_weight=758 297 58 239 68 171 461
internal_count=758 297 58 239 68 171 461
is_linear=0
shrinkage=0.05


Tree=68
num_leaves=8
num_cat=0
split_feature=3 1 8 2 16 1 9
split_gain=0.453948 0.201532 0.602562 0.293934 0.327474 0.562963 0.356229
threshold=0.029119586077048013 0.085269826927896544 0.12373776136783922 0.22429616792313825 -0.012258631674857854 -0.012653611112372785 -0.22795306724767642
decision_type=2 2 8 2 2 2 10
left_child=1 3 -3 4 5 6 -1
right_child=-2 2 -4 -5 -6 -7 -8
leaf_value=0.00036220157298426657 5.0988272139822301e-05 0.00027365957555294687 -0.00032271635631938363 3.2842004569411887e-05 -5.4964619843972682e-05 0.00023206112422423548 -0.00021019977393167412
leaf_weight=36 35 29 28 28 452 36 99
leaf_count=36 35 29 28 28 452 36 99
internal_value=-0.000558548 -0.000833335 0.00201754 -0.00108295 -0.00130819 0.000555554 -0.000925927
internal_weight=743 708 57 651 623 171 135
internal_count=743 708 57 651 623 171 135
is_linear=0
shrinkage=0.05


Tree=69
num_leaves=8
num_cat=0
split_feature=1 12 12 0 11 1 15
split_gain=0.480382 0.402809 1.05547 1.09447 0.360873 0.567967 0.99492
threshold=-0.097609196416642494 -0.036045899235514094 -0.018675976456826889 0.0041114853019122996 0.029571955445533264 0.030834747364068774 -0.0019884490361226077
decision_type=2 2 2 2 2 2 2
left_child=-1 -2 3 -3 5 -4 -7
right_child=1 2 4 -5 -6 6 -8
leaf_value=0.00022224826284628109 -0.00010587614261010888 -0.00047302704612858229 -2.7997688069330079e-05 0.00038908136157880379 -0.00030610376587274322 0.00052183865039981436 -1.3173866259413777e-05
leaf_weight=27 70 25 371 27 49 40 136
leaf_count=27 70 25 371 27 49 40 136
internal_value=-0.000436243 -0.000682452 -0.000293211 0.00653846 -0.000889263 -0.000521025 0.00181818
internal_weight=745 718 648 52 596 547 176
internal_count=745 718 648 52 596 547 176
is_linear=0
shrinkage=0.05


Tree=70
num_leaves=8
num_cat=0
split_feature=6 11 2 9 2 5 16
split_gain=0.373435 0.711487 0.773237 0.496241 0.616146 0.553552 0.690831
threshold=0.48711629268432338 -0.021243807178240256 0.15926223480374171 -0.16454809055927064 0.0169679610422846 0.021678717818694626 0.005144736739167822
decision_type=2 2 2 10 2 2 2
left_child=3 -2 -3 -1 5 6 -5
right_child=1 2 -4 4 -6 -7 -8
leaf_value=-0.00014517910520099031 0.00034155994574204296 -9.3852546406655296e-05 0.00014812144137294815 0.00029319526186879379 -4.9744089820284148e-05 -4.0801680800474485e-05 -0.0001425470116795939
leaf_weight=163 25 118 35 48 251 52 49
leaf_count=163 25 118 35 48 251 52 49
internal_value=-0.000816465 0.00117977 -9.80404e-05 -0.0014476 -0.000500001 0.00204698 0.00427835
internal_weight=741 178 153 563 400 149 97
internal_count=741 178 153 563 400 149 97
is_linear=0
shrinkage=0.05


Tree=71
num_leaves=8
num_cat=0
split_feature=8 14 12 11 5 9 8
split_gain=0.344056 0.317018 0.285805 0.259397 0.377049 0.847992 0.398362
threshold=-0.12723438020553104 -0.096084571305829466 -0.019977149001015378 0.021590279744903355 0.02112978836819902 0.38966647029466844 0.056654408820924436
decision_type=8 2 2 2 2 10 10
left_child=-1 -2 -3 4 5 6 -4
right_child=1 2 3 -5 -6 -7 -8
leaf_value=0.00037578703127707629 0.00012483760195654945 -0.00017614850083451828 9.9800075304046422e-06 -0.0001892421179407485 -5.1369575474562862e-05 0.00049558402770192732 -6.0644691136116773e-05
leaf_weight=26 36 98 189 96 95 25 179
leaf_count=26 36 98 189 96 95 25 179
internal_value=-0.00103495 -0.00123956 -0.00148094 -0.00106165 -0.000594263 8.90573e-05 -0.000516306
internal_weight=744 718 682 584 488 393 368
internal_count=744 718 682 584 488 393 368
is_linear=0
shrinkage=0.05


Tree=72
num_leaves=8
num_cat=0
split_feature=3 12 4 6 14 4 0
split_gain=0.458772 1.23621 1.04914 0.635799 0.442118 0.60242 0.441225
threshold=0.0045919629637553036 0.0061045845958173093 0.030219542288886951 -0.56577760160441415 -0.015515001009757 0.035168113793831675 0.0097259906626981935
decision_type=2 2 2 2 2 2 2
left_child=-1 2 -2 -4 5 6 -3
right_child=1 4 3 -5 -6 -7 -8
leaf_value=-3.6127822366329603e-05 0.00023867104242252183 0.0001775568727349686 0.00047670336612284155 -2.0348076315724426e-05 -0.00022718911930865644 -0.00030856858765983985 -2.9217300278076084e-05
leaf_weight=455 26 25 25 48 102 28 44
leaf_count=455 26 25 25 48 102 28 44
internal_value=-0.000484729 0.00104027 0.00560606 0.00253425 -0.00123116 0.00118557 0.00369565
internal_weight=753 298 99 73 199 97 69
internal_count=753 298 99 73 199 97 69
is_linear=0
shrinkage=0.05


Tree=73
num_leaves=8
num_cat=0
split_feature=9 3 3 15 15 12 13
split_gain=0.440722 0.674234 1.11758 1.06673 0.519601 0.513406 0.802468
threshold=-0.0054668624742042473 -0.00065031150414712735 -0.0075851291102902998 0.0028508252936871874 0.014636150279945139 0.0098181061212317972 17.914999961853031
decision_type=10 2 2 2 2 2 2
left_child=4 2 -2 -4 -1 6 -3
right_child=1 5 3 -5 -6 -7 -8
leaf_value=-5.8940065330939384e-05 -4.4542137819673052e-06 8.3411340556474573e-05 0.00023697089600536209 0.0005952093147816302 0.00024723054360995135 -0.00020036553430263185 -2.5253869521726763e-05
leaf_weight=291 94 37 35 27 46 162 45
leaf_count=291 94 37 35 27 46 162 45
internal_value=-0.000997287 0.000124999 0.00269231 0.00790322 -0.00232938 -0.00151639 0.00170732
internal_weight=737 400 156 62 337 244 82
internal_count=737 400 156 62 337 244 82
is_linear=0
shrinkage=0.05


Tree=74
num_leaves=8
num_cat=0
split_feature=16 2 7 7 2 3 12
split_gain=0.401423 0.254174 0.257793 0.308756 0.477229 0.865285 0.47651
threshold=-0.049138310098659092 -0.10834659319173272 -0.056529040878610541 -0.027659404047688182 0.0091597039107875772 0.0045919629637553036 0.0061045845958173093
decision_type=2 2 2 2 2 2 2
left_child=-1 -2 -3 -4 5 -5 -7
right_child=1 2 3 4 -6 6 -8
leaf_value=0.00026001150476119935 -0.00032219644987094341 5.0819665763542124e-05 -0.00019247545604962371 -0.00015924414173110256 -2.2608982701786005e-05 0.00031217526261581661 -2.9524013362346793e-05
leaf_weight=25 47 30 78 79 439 33 25
leaf_count=25 47 30 78 79 439 33 25
internal_value=-0.00123016 -0.00144323 -0.00119883 -0.00140673 -0.00100695 0.00156934 0.0062069
internal_weight=756 731 684 654 576 137 58
internal_count=756 731 684 654 576 137 58
is_linear=0
shrinkage=0.05


Tree=75
num_leaves=8
num_cat=0
split_feature=9 9 5 2 15 2 15
split_gain=0.418375 0.742427 0.351643 0.285396 0.490045 0.577262 0.471332
threshold=0.53434056970315402 0.40828395401353507 0.015234251826465534 0.088168223090022604 0.014636150279945139 0.070510010839027207 -0.0088794462781740507
decision_type=8 10 2 2 2 2 2
left_child=1 3 -2 4 5 6 -1
right_child=2 -3 -4 -5 -6 -7 -8
leaf_value=6.9036242039252176e-06 1.2726651573975021e-05 0.00041629799889021684 -0.00020738290147625222 -5.239068506534075e-05 0.00016141610354153353 0.00012238229310492329 -7.0811702233502627e-05
leaf_weight=78 26 45 172 127 45 26 202
leaf_count=78 26 45 172 127 45 26 202
internal_value=-0.000769765 -2.86819e-05 -0.00272727 -0.000606696 0.000128204 -0.000588236 -0.00125
internal_weight=721 523 198 478 351 306 280
internal_count=721 523 198 478 351 306 280
is_linear=0
shrinkage=0.05


Tree=76
num_leaves=8
num_cat=0
split_feature=14 14 12 14 15 5 15
split_gain=0.485617 0.702232 1.91208 0.383894 0.9199 0.608929 0.639076
threshold=0.035115678917499234 0.066707247335420675 0.0086975784270316731 -0.021911996714153944 -0.0012170593676161798 0.016722926036221535 0.0082721161046126496
decision_type=2 2 2 2 2 2 2
left_child=3 2 -2 4 -1 6 -6
right_child=1 -3 -4 -5 5 -7 -8
leaf_value=0.001547583568723344 0.00031909601244806775 -1.9963425046597814e-05 -1.5886030097106549e-05 -0.00014795787068959157 -0.00031321977121173423 -2.9873620626292637e-05 0.0004362747867624725
leaf_weight=25 26 113 47 290 34 172 36
leaf_count=25 26 113 47 290 34 172 36
internal_value=-0.000760432 0.00145161 0.00527397 -0.0014991 -0.000131087 -0.00107438 0.00285714
internal_weight=743 186 73 557 267 242 70
internal_count=743 186 73 557 267 242 70
is_linear=0
shrinkage=0.05


Tree=77
num_leaves=8
num_cat=0
split_feature=8 7 13 12 8 9 12
split_gain=0.387235 0.298146 0.377694 0.429894 0.535425 0.340909 0.698781
threshold=-0.12384211037893932 -0.023876299538691411 19.520000457763675 -0.028469935291830225 0.10021310413168839 -0.15206729845456943 0.015576127060618618
decision_type=8 2 2 2 8 10 2
left_child=-1 -2 5 -4 -5 -3 -7
right_child=1 2 3 4 -6 6 -8
leaf_value=0.0003450930296215424 -0.00018005579388587916 -8.0758427688347237e-05 -4.7386007513755538e-05 0.00037186041510268384 -2.8021949343734543e-05 9.5453900583352923e-05 -9.0765585572933813e-05
leaf_weight=25 149 117 27 38 26 92 273
leaf_count=25 149 117 27 38 26 92 273
internal_value=-0.00111781 -0.00132964 -0.00081152 0.00214286 0.004375 -0.0013693 -0.00061644
internal_weight=747 722 573 91 64 482 365
internal_count=747 722 573 91 64 482 365
is_linear=0
shrinkage=0.05


Tree=78
num_leaves=8
num_cat=0
split_feature=2 16 4 14 14 6 7
split_gain=0.353465 0.358298 0.541558 1.30959 0.568965 0.440566 0.348632
threshold=0.22599835215975397 0.0063388258994082633 0.028273742719841302 -0.021011062487688355 0.022257963056534272 -0.93167952854134228 0.062488901890565891
decision_type=2 2 2 2 2 2 2
left_child=1 2 3 -1 -5 -4 -3
right_child=-2 6 5 4 -6 -7 -8
leaf_value=0.00086011716020660068 2.0781380336423952e-05 -3.1098956775243959e-05 0.00025841838194404882 -0.00029490159953205679 1.143167907435179e-05 -2.7157617357190825e-05 -0.00020584051300881888
leaf_weight=25 33 250 32 33 25 254 92
leaf_count=25 33 250 32 33 25 254 92
internal_value=-0.000967743 -0.00120253 -0.000121952 0.00343373 -0.000689656 -0.00115385 -0.00236842
internal_weight=744 711 369 83 58 286 342
internal_count=744 711 369 83 58 286 342
is_linear=0
shrinkage=0.05


Tree=79
num_leaves=8
num_cat=0
split_feature=15 3 4 6 8 9 9
split_gain=0.369521 0.562002 0.804138 0.489635 1.25208 0.362658 0.282694
threshold=-0.0012170593676161798 0.0028451864106491258 0.031762342494368385 -0.14833454023862599 0.074070527234805464 0.51845132348495104 0.19089436806956142
decision_type=2 2 2 2 10 8 10
left_child=1 3 -3 -1 -5 6 -2
right_child=5 2 -4 4 -6 -7 -8
leaf_value=-0.00013287843532910402 -8.4672292181045016e-05 0.00020488532156981841 -7.5237005099826138e-06 -3.2819884080314407e-05 0.00038375927940390649 -0.00018563415158314234 5.6202237487424796e-06
leaf_weight=100 203 34 37 71 30 130 132
leaf_count=100 203 34 37 71 30 130 132
internal_value=-0.00113297 0.000330881 0.00415493 -0.0010199 0.00143564 -0.00198925 -0.0011194
internal_weight=737 272 71 201 101 465 335
internal_count=737 272 71 201 101 465 335
is_linear=0
shrinkage=0.05


end of trees

feature_importances:
overnight_gap=52
ret_5d=47
spy_ret_20d=47
vix_chg_1d=42
parkinson_20=41
dist_ma200=38
ret_1d=36
atr_pct=34
vix_level=33
ret_20d=29
sector_ret_1d=29
dist_ma50=28
sector_ret_5d=28
spy_ret_5d=23
dvol_z_20=22
dist_ma20=22
spy_ret_1d=9

parameters:
[boosting: gbdt]
[objective: quantile]
[metric: quantile]
[tree_learner: serial]
[device_type: cpu]
[data_sample_strategy: bagging]
[data: ]
[valid: ]
[num_iterations: 80]
[learning_rate: 0.05]
[num_leaves: 8]
[num_threads: 1]
[seed: 0]
[deterministic: 0]
[force_col_wise: 1]
[force_row_wise: 0]
[histogram_pool_size: -1]
[max_depth: -1]
[min_data_in_leaf: 25]
[min_sum_hessian_in_leaf: 0.001]
[bagging_fraction: 0.9]
[pos_bagging_fraction: 1]
[neg_bagging_fraction: 1]
[bagging_freq: 1]
[bagging_seed: 3]
[bagging_by_query: 0]
[feature_fraction: 0.9]
[feature_fraction_bynode: 1]
[feature_fraction_seed: 2]
[extra_trees: 0]
[extra_seed: 6]
[early_stopping_round: 0]
[early_stopping_min_delta: 0]
[first_metric_only: 0]
[max_delta_step: 0]
[lambda_l1: 0]
[lambda_l2: 0]
[linear_lambda: 0]
[min_gain_to_split: 0]
[drop_rate: 0.1]
[max_drop: 50]
[skip_drop: 0.5]
[xgboost_dart_mode: 0]
[uniform_drop: 0]
[drop_seed: 4]
[top_rate: 0.2]
[other_rate: 0.1]
[min_data_per_group: 100]
[max_cat_threshold: 32]
[cat_l2: 10]
[cat_smooth: 10]
[max_cat_to_onehot: 4]
[top_k: 20]
[monotone_constraints: ]
[monotone_constraints_method: basic]
[monotone_penalty: 0]
[feature_contri: ]
[forcedsplits_filename: ]
[refit_decay_rate: 0.9]
[cegb_tradeoff: 1]
[cegb_penalty_split: 0]
[cegb_penalty_feature_lazy: ]
[cegb_penalty_feature_coupled: ]
[path_smooth: 0]
[interaction_constraints: ]
[verbosity: -1]
[saved_feature_importance_type: 0]
[use_quantized_grad: 0]
[num_grad_quant_bins: 4]
[quant_train_renew_leaf: 0]
[stochastic_rounding: 1]
[linear_tree: 0]
[max_bin: 255]
[max_bin_by_feature: ]
[min_data_in_bin: 3]
[bin_construct_sample_cnt: 200000]
[data_random_seed: 1]
[is_enable_sparse: 1]
[enable_bundle: 1]
[use_missing: 1]
[zero_as_missing: 0]
[feature_pre_filter: 1]
[pre_partition: 0]
[two_round: 0]
[header: 0]
[label_column: ]
[weight_column: ]
[group_column: ]
[ignore_column: ]
[categorical_feature: ]
[forcedbins_filename: ]
[precise_float_parser: 0]
[parser_config_file: ]
[objective_seed: 5]
[num_class: 1]
[is_unbalance: 0]
[scale_pos_weight: 1]
[sigmoid: 1]
[boost_from_average: 1]
[reg_sqrt: 0]
[alpha: 0.9]
[fair_c: 1]
[poisson_max_delta_step: 0.7]
[tweedie_variance_power: 1.5]
[lambdarank_truncation_level: 30]
[lambdarank_norm: 1]
[label_gain: ]
[lambdarank_position_bias_regularization: 0]
[eval_at: ]
[multi_error_top_k: 1]
[auc_mu_weights: ]
[num_machines: 1]
[local_listen_port: 12400]
[time_out: 120]
[machine_list_filename: ]
[machines: ]
[gpu_platform_id: -1]
[gpu_device_id: -1]
[gpu_device_id_list: ]
[gpu_use_dp: 0]
[num_gpu: 1]

end of parameters

pandas_categorical:[]
