tree
version=v4
num_class=1
num_tree_per_iteration=1
label_index=0
max_feature_idx=16
objective=quantile
feature_names=ret_1d ret_5d ret_20d overnight_gap atr_pct parkinson_20 dvol_z_20 dist_ma20 dist_ma50 dist_ma200 spy_ret_1d spy_ret_5d spy_ret_20d vix_level vix_chg_1d sector_ret_1d sector_ret_5d
feature_infos=[-0.05032510130194745:0.098831406177149805] [-0.098870084546035297:0.13852728629838484] [-0.10105241791170139:0.24338863447598991] [-0.05952123730326353:0.05555555555555558] [0.012019601947713919:0.035918800524906015] [0.0077309187229549275:0.020322785842986905] [-2.2545412488373184:4.1602588477666833] [-0.079459966877278188:0.1533464300893228] [-0.079223182668298975:0.18937829106425452] [-0.12599889532045139:0.2314442048685974] [-0.058542971330535654:0.10501930183911301] [-0.11496151859245618:0.082843162776128354] [-0.1226559005192206:0.15756591020035837] [11.859999656677246:52.330001831054688] [-0.35753873962348437:0.74039073966007019] [-0.043404019803684024:0.038768816550480256] [-0.066511827613557339:0.073218486155716356]
tree_sizes=839 856 860 864 861 866 866 861 868 863 857 863 865 872 872 863 865 870 874 868 869 874 864 869 872 870 867 868 869 862 862 860 850 874 857 877 871 878 867 862 865 865 866 872 873 862 860 870 856 869 866 863 867 861 860 866 860 857 855 859 869 850 871 871 869 852 872 860 872 866 864 870

Tree=0
num_leaves=8
num_cat=0
split_feature=8 2 6 10 13 7 2
split_gain=1.25558 1.07527 1.00595 0.972691 1.08646 0.912064 1.36676
threshold=0.048200678125183367 0.073994823460610051 -0.19429827296688465 0.00040263082252767207 18.214999198913578 -0.0045504319852782129 0.012427342103638607
decision_type=10 2 2 2 2 2 2
left_child=3 2 -2 -1 5 -5 -7
right_child=1 -3 -4 4 -6 6 -8
leaf_value=-0.015945414720944628 -0.016537662044269145 -0.01620922518120756 -0.016220772116474613 -0.015887086044983817 -0.016513633541685561 -0.016740870464749258 -0.016020968975264328
leaf_weight=263 40 80 35 136 71 40 81
leaf_count=263 40 80 35 136 71 40 81
internal_value=-0.0162298 -0.0202353 -0.0245364 -0.0151793 -0.0169957 -0.0154832 -0.018641
internal_weight=746 155 75 591 328 257 121
internal_count=746 155 75 591 328 257 121
is_linear=0
shrinkage=1


Tree=1
num_leaves=8
num_cat=0
split_feature=8 2 7 11 11 12 8
split_gain=1.34581 1.43227 0.834982 0.788284 0.54316 0.45003 0.74697
threshold=0.046987817570582242 0.063170560090627395 0.02927818877602895 -0.002084976205571742 0.034061336593809395 0.017439018002644805 0.015801267599661054
decision_type=10 2 2 2 2 2 8
left_child=4 2 -2 -3 5 6 -1
right_child=1 3 -4 -5 -6 -7 -8
leaf_value=-0.00019237825000434185 -0.00054109501770597645 -0.0002494814336174987 -8.4484921722882521e-05 0.00017468146232373362 -0.0003851027147636111 0.00016029049504631362 0.00018403999471131721
leaf_weight=141 34 34 28 64 27 309 96
leaf_count=141 34 34 28 64 27 309 96
internal_value=-0.0003206 -0.004375 -0.0103226 -0.000612245 0.000811518 0.00115385 -0.000485232
internal_weight=733 160 62 98 573 546 237
internal_count=733 160 62 98 573 546 237
is_linear=0
shrinkage=0.05


Tree=2
num_leaves=8
num_cat=0
split_feature=8 11 16 8 14 13 8
split_gain=1.2793 1.07454 2.13105 0.704903 0.621593 0.770906 1.34937
threshold=0.048200678125183367 -0.002084976205571742 -0.010075601407533939 0.06323748787921192 0.023814289245349455 18.214999198913578 0.016273657123679567
decision_type=10 2 2 10 2 2 8
left_child=4 2 -2 -3 5 -1 -7
right_child=1 3 -4 -5 -6 6 -8
leaf_value=0.00010847501194370999 7.5903469245092877e-05 -0.00012599233209412735 -0.00040854244444208325 0.00029239066361468963 0.00023711944192993139 -0.00030427446657113209 0.00019596494007334108
leaf_weight=321 29 37 40 54 170 41 53
leaf_count=321 29 37 40 54 170 41 53
internal_value=-0.000100671 -0.0040625 -0.00876812 -0.000494505 0.000982906 -6.02408e-05 -0.00404255
internal_weight=745 160 69 91 585 415 94
internal_count=745 160 69 91 585 415 94
is_linear=0
shrinkage=0.05


Tree=3
num_leaves=8
num_cat=0
split_feature=8 7 12 7 3 7 8
split_gain=1.24649 1.38443 0.952948 1.11746 0.633028 0.523036 0.903552
threshold=0.046987817570582242 0.027095720081000477 0.018681855298992137 0.044414367119252181 -0.0080030603854320797 -0.019115793319070647 0.016273657123679567
decision_type=10 2 2 2 2 2 8
left_child=4 -2 3 -3 -1 -6 -7
right_child=1 2 -4 -5 5 6 -8
leaf_value=-0.00040887751788401452 -0.00039299498665205305 0.00013889590135868687 0.00029969606903403284 -0.00034065622565818864 0.00023968923055176281 -0.00017831967742142372 0.00016544822322912272
leaf_weight=31 49 30 49 33 161 199 185
leaf_count=31 49 30 49 33 161 199 185
internal_value=-0.000427408 -0.00431677 -0.00125 -0.00531746 0.000659722 0.00105505 5.20835e-05
internal_weight=737 161 112 63 576 545 384
internal_count=737 161 112 63 576 545 384
is_linear=0
shrinkage=0.05


Tree=4
num_leaves=8
num_cat=0
split_feature=8 14 2 6 3 15 9
split_gain=1.33271 0.802476 0.869853 1.01613 0.471455 0.53949 0.514242
threshold=0.046987817570582242 -0.061929277885563232 0.063170560090627395 -0.32875558582601921 -0.0080030603854320797 -0.0099636586672705568 -0.028079608517789231
decision_type=10 2 2 2 2 2 8
left_child=4 -2 3 -3 -1 -6 -7
right_child=1 2 -4 -5 5 6 -8
leaf_value=-0.0004323006542812662 -0.00049339341824212221 -0.00040879800664668373 7.977461021916922e-05 -1.1126955107373927e-05 -0.00013400689205118416 -0.00016298651958665544 0.00013783740212309459
leaf_weight=29 26 25 80 31 36 87 429
leaf_count=29 26 25 80 31 36 87 429
internal_value=-0.00024899 -0.00425926 -0.00272059 -0.0075 0.000869191 0.00119565 0.00160853
internal_weight=743 162 136 56 581 552 516
internal_count=743 162 136 56 581 552 516
is_linear=0
shrinkage=0.05


Tree=5
num_leaves=8
num_cat=0
split_feature=7 16 14 1 5 7 10
split_gain=0.786481 0.896055 1.71073 0.888843 0.694637 0.546808 1.26562
threshold=-0.0054253935816929158 0.0074069148931592563 -0.066405515647089006 0.015263596033272655 0.013935543560306332 0.0054830720226074501 -3.2316766858164751e-05
decision_type=2 2 2 2 2 2 2
left_child=4 5 -3 -4 -1 6 -2
right_child=1 2 3 -5 -6 -7 -8
leaf_value=0.00020612140484754132 0.0003702120617680132 -0.000608400259754776 -0.00041428193463801565 0.0001551144361976934 -0.00015665413871604039 9.8074643279080363e-05 -0.00058825207382919562
leaf_weight=231 32 30 62 77 57 211 32
leaf_count=231 32 30 62 77 57 211 32
internal_value=1.36614e-05 -0.00130631 -0.0041716 -0.00183453 0.00204861 0.000454546 -0.00359375
internal_weight=732 444 169 139 288 275 64
internal_count=732 444 169 139 288 275 64
is_linear=0
shrinkage=0.05


Tree=6
num_leaves=8
num_cat=0
split_feature=2 14 11 8 15 9 4
split_gain=0.88715 0.928818 1.0242 0.837167 0.920158 0.708972 0.454219
threshold=-0.01797161204981856 -0.093449770795740669 -0.0237759721784318 0.013206340038738997 -0.003773491176193799 -0.028079608517789231 0.029080320381500716
decision_type=2 2 2 8 2 8 2
left_child=-1 -2 -3 4 -4 -6 -5
right_child=1 2 3 6 5 -7 -8
leaf_value=0.00011055683869792273 -0.00029385007133857894 -0.00027638224193126418 -0.00032785519634403239 9.1719220336785554e-05 -0.0007079361798739682 0.00015320801297581872 -7.8223878978048237e-05
leaf_weight=257 36 37 27 286 29 47 25
leaf_count=257 36 37 27 286 29 47 25
internal_value=9.40862e-05 -0.00116016 -0.000543237 0.000169082 -0.00373786 -0.000921052 0.00146302
internal_weight=744 487 451 414 103 76 311
internal_count=744 487 451 414 103 76 311
is_linear=0
shrinkage=0.05


Tree=7
num_leaves=8
num_cat=0
split_feature=7 14 11 9 9 7 9
split_gain=0.704663 0.850132 1.01913 1.30979 0.940585 0.553649 0.528634
threshold=-0.0080371746443366737 0.035115678917499234 -0.002084976205571742 0.069510426865103017 0.10716935420935371 0.034918888527910148 0.13035137823845103
decision_type=2 2 2 8 10 2 10
left_child=-1 2 3 -2 -5 -3 -4
right_child=1 5 6 4 -6 -7 -8
leaf_value=0.00010533165662752484 -0.00028747529470622544 0.00024911979395355688 -0.00013892889492054473 2.6968974595423902e-05 -0.00055556749475026948 -6.3198442260345547e-05 3.33460383866396e-05
leaf_weight=271 26 94 194 49 25 30 51
leaf_count=271 26 94 194 49 25 30 51
internal_value=0.000202703 -0.000970149 -0.00224638 -0.0065 -0.00310811 0.00258065 -0.000510204
internal_weight=740 469 345 100 74 124 245
internal_count=740 469 345 100 74 124 245
is_linear=0
shrinkage=0.05


Tree=8
num_leaves=8
num_cat=0
split_feature=7 13 14 6 6 9 8
split_gain=0.687374 0.55051 0.588725 0.720115 0.604313 0.483482 0.629445
threshold=-0.019115793319070647 25.19999980926514 0.040951993391927573 0.65091103898733937 -1.1676201503457857 0.09837465259997237 0.049322260430066052
decision_type=2 2 2 2 2 10 10
left_child=-1 2 3 4 -2 6 -6
right_child=1 -3 -4 -5 5 -7 -8
leaf_value=0.00011935723555382916 -0.00045729795746929781 -0.00028364911346253849 8.0662083134458567e-05 -0.00064950792431691566 5.8872784636274602e-05 3.1911591206188212e-05 -0.00015760891631831658
leaf_weight=189 29 34 119 70 197 96 27
leaf_count=189 29 34 119 70 197 96 27
internal_value=0.000269383 -0.000594405 -0.000204461 -0.00108592 -0.000157593 0.00046875 -0.000803571
internal_weight=761 572 538 419 349 320 224
internal_count=761 572 538 419 349 320 224
is_linear=0
shrinkage=0.05


Tree=9
num_leaves=8
num_cat=0
split_feature=14 13 12 6 7 9 16
split_gain=0.496371 0.534406 0.646731 0.622613 0.995145 0.635069 0.570652
threshold=0.031250907350716124 18.214999198913578 0.035955415841074874 0.73291635934803689 -0.0042883616829280094 -0.031526760637705313 0.010601061290375526
decision_type=2 2 2 2 2 8 2
left_child=1 3 6 5 -5 -1 -3
right_child=-2 2 -4 4 -6 -7 -8
leaf_value=-0.00025296646851860236 0.0001805353524244799 1.0664117880651312e-05 -0.00016184632486866809 9.8633610700133315e-05 -0.00072345391528137726 9.3340562995677433e-05 -0.00052629472329764526
leaf_weight=45 195 92 27 36 34 281 28
leaf_count=45 195 92 27 36 34 281 28
internal_value=0.000528455 -0.000248619 -0.00282313 0.000707071 -0.00357143 0.00162577 -0.00125
internal_weight=738 543 147 396 70 326 120
internal_count=738 543 147 396 70 326 120
is_linear=0
shrinkage=0.05


Tree=10
num_leaves=8
num_cat=0
split_feature=12 16 5 14 9 11 5
split_gain=0.61971 0.86603 0.613982 0.874994 1.21879 1.09363 0.604326
threshold=0.017439018002644805 0.019223298609254206 0.01208329859053121 0.06920052511090892 0.09837465259997237 0.0028224739741974374 0.010136918907009795
decision_type=2 2 2 2 8 2 2
left_child=2 -2 6 4 5 -4 -1
right_child=1 -3 3 -5 -6 -7 -8
leaf_value=-0.0002404137853525799 9.2076320835527407e-05 -0.00044235401528795455 -0.00041610804434378287 0.00023882517643742255 1.0978384576738812e-06 -0.00026001640908334349 0.00019384014691890695
leaf_weight=47 360 37 40 47 76 46 95
leaf_count=47 360 37 40 47 76 46 95
internal_value=0.000120321 0.00147355 -0.00141026 -0.00313397 -0.00487654 -0.00895349 0.00112676
internal_weight=748 397 351 209 162 86 142
internal_count=748 397 351 209 162 86 142
is_linear=0
shrinkage=0.05


Tree=11
num_leaves=8
num_cat=0
split_feature=12 1 4 10 11 8 9
split_gain=0.582927 0.777778 0.578021 0.933344 0.52975 1.37205 0.517094
threshold=0.01609265809314964 0.028345049292112904 0.017043362865178126 0.0017576086312266483 0.023193318891049478 -0.015611417919908886 0.078475189332730136
decision_type=2 2 2 2 2 10 8
left_child=1 2 3 -1 -2 -6 -4
right_child=4 -3 6 -5 5 -7 -8
leaf_value=1.8462033824880973e-05 8.9737563647839175e-05 -0.00017213066515722012 -0.0001666705497369767 -0.00062973575066570546 0.00039790078585920239 -0.00046079765524044137 0.00022766188081272499
leaf_weight=45 352 62 93 28 28 29 109
leaf_count=45 352 62 93 28 28 29 109
internal_value=0.000308311 -0.00123145 -9.09089e-05 -0.00390411 0.00157702 -0.00289474 0.00128713
internal_weight=746 337 275 73 409 57 202
internal_count=746 337 275 73 409 57 202
is_linear=0
shrinkage=0.05


Tree=12
num_leaves=8
num_cat=0
split_feature=3 13 16 2 4 13 11
split_gain=0.818174 0.553274 0.629338 1.12295 0.98579 0.788897 0.514697
threshold=-0.0085799213908891985 16.404999732971195 0.0063320303106909623 0.038127747427935572 0.017043362865178126 19.814999580383304 -0.0019949818348388155
decision_type=2 2 2 2 2 2 2
left_child=-1 -2 4 6 -3 -5 -4
right_child=1 2 3 5 -6 -7 -8
leaf_value=-0.00026619044022554013 0.00011627376770883451 -0.0001598932042051049 -0.00014706810934298235 -0.00042521958851392705 0.00010223335179313143 -0.00018524404244716486 0.00025954714021563847
leaf_weight=32 333 40 25 28 191 31 46
leaf_count=32 333 40 25 28 191 31 46
internal_value=0.000316805 0.000677234 -0.00067867 -0.00346154 0.000887446 -0.00855932 0.000774648
internal_weight=726 694 361 130 231 59 71
internal_count=726 694 361 130 231 59 71
is_linear=0
shrinkage=0.05


Tree=13
num_leaves=8
num_cat=0
split_feature=7 14 16 7 14 8 2
split_gain=0.709649 0.683307 1.62976 0.546691 0.845496 0.515322 1.97933
threshold=-0.0080371746443366737 -0.066405515647089006 0.0084636255105238218 0.005303209519179509 -0.0092544987085180757 0.051454973525185695 0.063170560090627395
decision_type=2 2 2 2 2 10 2
left_child=-1 2 -2 4 -3 -5 -7
right_child=1 3 -4 5 -6 6 -8
leaf_value=6.8069157440877448e-05 0.00014465320863298576 -0.00062419864652882989 -0.00046630546977002326 0.00016567669091005274 9.1062715025855138e-06 -0.0003292726855399844 5.3313279655762607e-05
leaf_weight=281 32 34 28 197 69 27 74
leaf_count=281 32 34 28 197 69 27 74
internal_value=0.000350404 -0.000856833 -0.00583333 -0.000112219 -0.00325243 0.000973155 -0.00193069
internal_weight=742 461 60 401 103 298 101
internal_count=742 461 60 401 103 298 101
is_linear=0
shrinkage=0.05


Tree=14
num_leaves=8
num_cat=0
split_feature=3 2 8 6 4 16 16
split_gain=0.869407 0.563591 0.80769 0.777778 0.670635 0.528164 0.310651
threshold=-0.0080030603854320797 -0.01797161204981856 0.016273657123679567 0.073685462555717243 0.020035247554382542 0.019223298609254206 -0.0034213591589845045
decision_type=2 2 8 2 2 2 2
left_child=-1 -2 3 4 -3 6 -4
right_child=1 2 5 -5 -6 -7 -8
leaf_value=-0.00024559033800350925 0.00014725626220995106 0.00017853750809256248 -7.5624770212264572e-06 -0.0005233885264241591 -0.00029171539591568181 -0.00033442531143964654 8.3253749295287367e-05
leaf_weight=37 237 48 112 42 36 36 176
leaf_count=37 237 48 112 42 36 36 176
internal_value=0.000303868 0.000705968 -0.000333333 -0.00373016 -0.000952381 0.000987654 0.00170139
internal_weight=724 687 450 126 84 324 288
internal_count=724 687 450 126 84 324 288
is_linear=0
shrinkage=0.05


Tree=15
num_leaves=8
num_cat=0
split_feature=13 14 16 11 7 7 9
split_gain=0.755179 1.20425 1.53651 0.75984 0.450354 0.844049 0.469112
threshold=16.894999504089359 -0.060408912479391223 0.0082235913214701046 -0.0237759721784318 -0.0050517601536769199 0.0014636265843709364 -0.025689463112281759
decision_type=2 2 2 2 2 2 8
left_child=4 2 -2 -3 -1 -6 -7
right_child=1 3 -4 -5 5 6 -8
leaf_value=0.00025929978958791024 4.7392280842307536e-05 -0.0001626391400298972 -0.00043253411578033697 3.8121249684604735e-05 -0.00054329587160012233 -0.00028759140356867367 0.00011305421116685431
leaf_weight=163 35 46 28 223 27 25 185
leaf_count=163 35 46 28 223 27 25 185
internal_value=0.000286885 -0.0014759 -0.00769841 -1.85872e-05 0.00175 0.00035865 0.00142857
internal_weight=732 332 63 269 400 237 210
internal_count=732 332 63 269 400 237 210
is_linear=0
shrinkage=0.05


Tree=16
num_leaves=8
num_cat=0
split_feature=6 11 1 0 14 13 14
split_gain=0.591577 0.479895 0.764275 0.735826 0.473338 0.653176 0.61419
threshold=2.6511501580140702 0.023193318891049478 -0.014178073590271621 0.00021189227724838225 0.023814289245349455 16.644999504089359 -0.00064785032559577782
decision_type=2 2 2 2 2 2 2
left_child=1 4 -3 -4 5 -1 -7
right_child=-2 2 3 -5 -6 6 -8
leaf_value=9.4949820978679341e-05 -0.00058985400235258146 0.00023380931772791028 -0.0003694848542711665 -7.036256088793789e-05 0.00012159737332485331 -1.001424693436071e-05 -0.00028001862594688351
leaf_weight=238 31 33 26 33 201 154 35
leaf_count=238 31 33 26 33 201 154 35
internal_value=0.000472703 0.000763889 -0.0026087 -0.00601695 0.00125796 0.000316159 -0.00187831
internal_weight=751 720 92 59 628 427 189
internal_count=751 720 92 59 628 427 189
is_linear=0
shrinkage=0.05


Tree=17
num_leaves=8
num_cat=0
split_feature=14 11 1 14 9 5 3
split_gain=0.527233 0.541995 0.981449 1.19893 0.467434 0.505894 0.702529
threshold=0.040951993391927573 -0.0032135973316774753 -0.011731948429413329 -0.014609583018452553 0.13968175853423295 0.014480572975202189 0.00071243674759691189
decision_type=2 2 2 2 10 2 2
left_child=1 2 -1 -4 5 -3 -7
right_child=-2 4 3 -5 -6 6 -8
leaf_value=9.2041868396814332e-05 0.00013926268912822437 2.6044030359348346e-05 -0.00037757761523153893 1.0690254769884442e-05 9.0360217884734352e-05 5.8214739235352533e-05 -0.00037383657961406074
leaf_weight=48 167 312 49 48 53 41 26
leaf_count=48 167 312 49 48 53 41 26
internal_value=0.000430108 -0.000285962 -0.00293103 -0.00582474 0.000601852 -1.31924e-05 -0.00395522
internal_weight=744 577 145 97 432 379 67
internal_count=744 577 145 97 432 379 67
is_linear=0
shrinkage=0.05


Tree=18
num_leaves=8
num_cat=0
split_feature=2 6 12 8 14 15 8
split_gain=0.603963 0.627637 0.446108 0.707575 0.623095 0.543817 0.767365
threshold=-0.035904744421477001 -1.0952316018128883 0.01609265809314964 -0.022869621958786886 -0.049735428455543622 -0.0075395183980163641 0.069304419789421381
decision_type=2 2 2 8 2 2 10
left_child=-1 -2 3 -3 -4 -5 -7
right_child=1 2 4 5 -6 6 -8
leaf_value=0.00012294419414670706 -0.00027849296579849514 -0.00049926314159892628 -0.00014397049499217297 -0.00017893287132327308 9.6334369980194704e-05 0.0002397303681129215 -0.00032288553926192691
leaf_weight=161 41 25 39 44 233 169 38
leaf_count=161 41 25 39 44 233 169 38
internal_value=0.000733334 -8.48878e-06 0.000437956 -0.000978261 0.001875 -0.000179283 0.00089372
internal_weight=750 589 548 276 272 251 207
internal_count=750 589 548 276 272 251 207
is_linear=0
shrinkage=0.05


Tree=19
num_leaves=8
num_cat=0
split_feature=3 11 11 7 7 10 16
split_gain=0.70032 0.489536 0.574555 0.37037 1.19671 0.590769 0.453561
threshold=0.008300704889059542 -0.023324981642921735 -0.030384470516343128 -0.0054253935816929158 0.0018799981390718037 -3.2316766858164751e-05 0.017025035648313817
decision_type=2 2 2 2 2 2 2
left_child=1 2 -1 -3 5 -5 -6
right_child=-2 3 -4 4 6 -7 -8
leaf_value=2.4376074826326537e-05 -0.00030350540268222397 8.0264611876600632e-05 -0.00014478189801102635 0.00015529763013887141 8.3875183575786699e-05 -0.00052910826666058568 -0.00015877307543589876
leaf_weight=28 30 267 25 25 277 27 62
leaf_count=28 30 267 25 25 277 27 62
internal_value=0.000816464 0.00113221 -0.00349057 0.00150456 0.000524297 -0.00653846 0.00160767
internal_weight=741 711 53 658 391 52 339
internal_count=741 711 53 658 391 52 339
is_linear=0
shrinkage=0.05


Tree=20
num_leaves=8
num_cat=0
split_feature=7 7 16 1 14 5 16
split_gain=0.651794 0.88217 0.869436 1.84149 0.676758 0.479903 0.466878
threshold=-0.0054253935816929158 0.0032059289429867692 0.0074069148931592563 0.0043261893488194545 -0.0082882010072965456 0.014727251578965218 0.019430535478031422
decision_type=2 2 2 2 2 2 2
left_child=-1 4 -3 -4 -2 6 -5
right_child=1 2 3 5 -6 -7 -8
leaf_value=6.410185470751413e-05 -0.00053114699574851134 0.00012871510821268109 -0.00033547786015609342 0.00011195287148767821 -0.00013882462872268097 -0.00017585211563670049 -5.8881314649719285e-05
leaf_weight=302 26 215 33 53 48 29 33
leaf_count=302 26 215 33 53 48 29 33
internal_value=0.000399188 -0.00083524 0.000179064 -0.00277027 -0.00581081 0.000217391 0.00209302
internal_weight=739 437 363 148 74 115 86
internal_count=739 437 363 148 74 115 86
is_linear=0
shrinkage=0.05


Tree=21
num_leaves=8
num_cat=0
split_feature=7 11 16 10 4 8 11
split_gain=0.562889 0.436896 1.16811 0.987304 0.683405 0.515492 0.389849
threshold=-0.018080695406023358 -0.0037732110910037582 0.0061730327778938285 -0.0066318377960538624 0.024610316730141232 0.055026072320177984 0.023193318891049478
decision_type=2 2 2 2 2 10 2
left_child=-1 2 5 -4 6 -2 -3
right_child=1 4 3 -5 -6 -7 -8
leaf_value=0.00013299009856669979 9.9496356030571463e-05 7.1150816643614773e-05 2.2891369087342758e-06 -0.00031907063292474882 -0.00025463852319705546 -0.00011938921885312946 -0.00021093025556580722
leaf_weight=198 99 277 25 31 44 28 44
leaf_count=198 99 277 25 31 44 28 44
internal_value=0.000442359 -0.000383211 -0.00237705 -0.00839286 0.000616439 0.000275591 0.00141745
internal_weight=746 548 183 56 365 127 321
internal_count=746 548 183 56 365 127 321
is_linear=0
shrinkage=0.05


Tree=22
num_leaves=8
num_cat=0
split_feature=16 13 16 14 15 9 5
split_gain=0.437907 0.606322 0.557192 0.451252 0.446732 0.601252 1.20502
threshold=0.017025035648313817 16.935000419616703 -0.0030214235100665117 0.030785511680663128 0.0035059239741485064 0.077718949406803586 0.015044942006509014
decision_type=2 2 2 2 2 8 2
left_child=2 -2 3 4 5 -1 -7
right_child=1 -3 -4 -5 -6 6 -8
leaf_value=5.796850589612432e-05 4.1494906473303747e-05 -0.00025351017808760963 5.5480868767372533e-05 8.5738300743897869e-05 0.00012732826443072166 -0.00032414590008633822 6.7871748203128564e-05
leaf_weight=75 61 42 350 96 33 57 26
leaf_count=75 61 42 350 96 33 57 26
internal_value=0.000743243 -0.00228155 0.00123234 -0.000400697 -0.00180628 -0.00291139 -0.00584337
internal_weight=740 103 637 287 191 158 83
internal_count=740 103 637 287 191 158 83
is_linear=0
shrinkage=0.05


Tree=23
num_leaves=8
num_cat=0
split_feature=3 7 13 6 11 14 2
split_gain=0.654781 0.477642 0.652416 0.75622 0.565663 0.830966 0.370997
threshold=-0.0080030603854320797 -0.020809521170852659 14.734999656677248 -1.0952316018128883 0.0019507060207528684 -0.019478059273714762 0.076609363485246398
decision_type=2 2 2 2 2 2 2
left_child=-1 -2 -3 -4 5 -5 -7
right_child=1 2 3 4 -6 6 -8
leaf_value=-0.00015750017467662463 0.00017973842443302695 0.00012470949772959951 -0.00023750325661798686 -0.00017584494293996938 9.885902140154568e-05 1.7816398559119e-05 -0.00014827577099223106
leaf_weight=39 163 157 31 55 169 108 25
leaf_count=39 163 157 31 55 169 108 25
internal_value=0.00105087 0.00139831 0.000688074 -0.000412371 0.000238095 -0.00164894 0.000488722
internal_weight=747 708 545 388 357 188 133
internal_count=747 708 545 388 357 188 133
is_linear=0
shrinkage=0.05


Tree=24
num_leaves=8
num_cat=0
split_feature=2 15 8 8 11 8 16
split_gain=0.700213 0.468904 0.890798 1.054 0.720588 0.543812 0.482325
threshold=-0.035904744421477001 -0.0048790455156075821 -0.012693125147098359 0.015991311845204418 -0.0043088808342565113 -0.025808475307751596 0.0074069148931592563
decision_type=2 2 10 10 2 8 2
left_child=-1 2 -2 -4 -5 -3 -7
right_child=1 5 3 4 -6 6 -8
leaf_value=0.00015203767376663214 0.00016036505144021145 -0.00049713395625734021 -0.00021356902339505777 0.0001977711536778584 -9.1153022043362035e-05 0.00012232512885576778 -8.7235891232012358e-05
leaf_weight=166 28 40 31 34 34 231 180
leaf_count=166 28 40 31 34 34 231 180
internal_value=0.000631721 -0.000190311 -0.00287402 -0.00510101 -0.00161765 0.00056541 0.00110706
internal_weight=744 578 127 99 68 451 411
internal_count=744 578 127 99 68 451 411
is_linear=0
shrinkage=0.05


Tree=25
num_leaves=8
num_cat=0
split_feature=3 3 6 13 15 2 6
split_gain=0.613471 0.677488 0.468649 0.411991 0.496006 0.573766 0.608751
threshold=-0.0080030603854320797 0.008300704889059542 -1.1676201503457857 16.894999504089359 -0.0011093868605375199 0.078579605885678819 -0.52568807275596108
decision_type=2 2 2 2 2 2 2
left_child=-1 2 -2 -4 -5 6 -6
right_child=1 -3 3 4 5 -7 -8
leaf_value=-0.00016252590010990789 -0.00023425675165985997 -0.00024361195687084476 0.00010576576061131314 1.8688427959644811e-05 8.6639195495073968e-05 -0.00027203420468621588 -9.3957096145441945e-05
leaf_weight=43 37 30 355 137 34 25 89
leaf_count=43 37 30 355 137 34 25 89
internal_value=0.000333334 0.000685997 0.00101182 0.00132813 -8.77191e-05 -0.00209459 -0.000691057
internal_weight=750 707 677 640 285 148 123
internal_count=750 707 677 640 285 148 123
is_linear=0
shrinkage=0.05


Tree=26
num_leaves=8
num_cat=0
split_feature=3 16 8 8 16 9 14
split_gain=0.558111 0.886012 0.793061 1.28688 0.668532 0.554295 1.30994
threshold=0.0016732314063431233 -0.0030214235100665117 0.064415491505288483 0.038540763408294827 0.019223298609254206 0.074311809472136461 -0.016820561404990383
decision_type=2 2 8 10 2 8 2
left_child=1 2 3 5 -2 -1 -7
right_child=4 -3 -4 -5 -6 6 -8
leaf_value=3.543201677229248e-05 5.5164528149584338e-05 3.7124269887360316e-05 0.00028998785798318874 -0.00016502640459925834 -0.00021882612655623824 -0.00038607001075780331 1.4961387410026507e-05
leaf_weight=74 240 285 25 25 31 25 38
leaf_count=74 240 285 25 25 31 25 38
internal_value=0.000423957 -0.000614407 -0.00328877 -0.0045679 0.00223247 -0.00266423 -0.00611111
internal_weight=743 472 187 162 271 137 63
internal_count=743 472 187 162 271 137 63
is_linear=0
shrinkage=0.05


Tree=27
num_leaves=8
num_cat=0
split_feature=6 16 10 10 10 1 2
split_gain=0.554835 0.483596 0.619352 0.994934 0.645691 0.636068 1.47176
threshold=2.6511501580140702 0.0063320303106909623 -0.0035395277323598258 -0.0066318377960538624 0.00063379839939814453 0.0080012607334801773 0.0008589144689924445
decision_type=2 2 2 2 2 2 2
left_child=1 -1 3 -3 -4 6 -6
right_child=-2 2 4 -5 5 -7 -8
leaf_value=5.2536494922587877e-05 -0.00040819416533882739 1.141205536923957e-05 0.00020448130852638723 -0.00029589357319502165 2.6065140558800874e-05 2.9726577899968486e-05 -0.00045829762020172253
leaf_weight=451 32 32 55 25 46 78 26
leaf_count=451 32 32 55 25 46 78 26
internal_value=0.000503356 0.000792427 -0.00091603 -0.00552632 0.000365854 -0.00133333 -0.00472222
internal_weight=745 713 262 57 205 150 72
internal_count=745 713 262 57 205 150 72
is_linear=0
shrinkage=0.05


Tree=28
num_leaves=8
num_cat=0
split_feature=16 3 1 11 10 11 14
split_gain=0.566565 0.484968 0.393349 0.63682 0.773858 0.653369 0.614291
threshold=-0.025720427038904366 -0.0083661178107499717 -0.015471957640594834 0.023193318891049478 0.0034066774365857371 -0.014526458794264228 0.06920052511090892
decision_type=2 2 2 2 2 2 2
left_child=-1 -2 -3 5 -5 6 -4
right_child=1 2 3 4 -6 -7 -8
leaf_value=-0.00014930744121669713 -0.00014484301455559791 0.00014045871283559786 -0.00015802381642496141 -0.00026825357159741917 1.8997872564829088e-05 3.3228163108577461e-05 0.00013637069121231441
leaf_weight=39 36 158 41 25 34 386 33
leaf_count=39 36 158 41 25 34 386 33
internal_value=0.000611702 0.000932679 0.00123338 0.000568401 -0.00432203 0.00119565 -0.00310811
internal_weight=752 713 677 519 59 460 74
internal_count=752 713 677 519 59 460 74
is_linear=0
shrinkage=0.05


Tree=29
num_leaves=8
num_cat=0
split_feature=5 9 5 4 2 4 9
split_gain=0.521937 0.641487 0.67379 0.707492 0.569121 0.815481 0.631538
threshold=0.014183872033468615 0.1321065623793877 0.015044942006509014 0.029203329764806368 -0.017700359719456989 0.021070938867410679 -0.029588605661438446
decision_type=2 10 2 2 2 2 8
left_child=4 2 -2 -4 -1 6 -6
right_child=1 -3 3 -5 5 -7 -8
leaf_value=0.00017079934186986772 -0.00019820158584165547 5.7037643975409235e-05 1.4345683840698195e-05 -0.00016136798145083872 -0.00026112564003226917 -0.00020796105441604602 3.9494907268547452e-05
leaf_weight=211 40 54 72 27 27 39 260
leaf_count=211 40 54 72 27 27 39 260
internal_value=0.000753425 -0.00147668 -0.00327338 -0.00106061 0.00155493 0.000245399 0.00116725
internal_weight=730 193 139 99 537 326 287
internal_count=730 193 139 99 537 326 287
is_linear=0
shrinkage=0.05


Tree=30
num_leaves=8
num_cat=0
split_feature=6 13 13 16 9 2 2
split_gain=0.708956 0.413864 0.380818 0.366098 0.570658 0.736558 0.937447
threshold=2.6511501580140702 25.19999980926514 19.585000038146976 -0.024367077995259608 0.13968175853423295 -0.01797161204981856 0.018057811792678517
decision_type=2 2 2 2 8 2 2
left_child=1 2 3 -1 5 -5 -7
right_child=-2 -3 -4 4 -6 6 -8
leaf_value=-0.00027642860435858873 -0.00040941128331491633 -0.00012606720980951942 0.0001942749829024925 7.7753011954603146e-05 6.8256243540672795e-05 -0.00023181939421494907 6.2309316858704945e-06
leaf_weight=25 30 32 112 153 173 75 137
leaf_count=25 30 32 112 153 173 75 137
internal_value=0.000861601 0.00118105 0.00144444 0.000914743 0.00118959 6.84933e-05 -0.00183962
internal_weight=737 707 675 563 538 365 212
internal_count=737 707 675 563 538 365 212
is_linear=0
shrinkage=0.05


Tree=31
num_leaves=8
num_cat=0
split_feature=3 6 13 15 9 8 6
split_gain=0.647314 0.38713 0.402422 0.397258 0.366775 0.625158 0.468833
threshold=-0.0080030603854320797 -1.1676201503457857 25.19999980926514 0.010894893497081505 0.09837465259997237 0.049322260430066052 0.30329321718185437
decision_type=2 2 2 2 8 10 2
left_child=-1 -2 3 4 5 6 -3
right_child=1 2 -4 -5 -6 -7 -8
leaf_value=-0.00017701135249018171 -0.00020763062001002302 0.00013881343663332002 -0.00015021827893539478 -0.00021773258474323357 4.2254932925073727e-05 -0.00011488217547941926 -4.3813190878762609e-06
leaf_weight=38 41 193 34 36 279 26 84
leaf_count=38 41 193 34 36 279 26 84
internal_value=0.000827634 0.00117605 0.00147239 0.00176375 0.00207904 0.000874588 0.0015704
internal_weight=731 693 652 618 582 303 277
internal_count=731 693 652 618 582 303 277
is_linear=0
shrinkage=0.05


Tree=32
num_leaves=8
num_cat=0
split_feature=3 13 14 8 2 8 7
split_gain=0.78352 0.436922 1.17175 0.837633 0.72 0.464651 0.765625
threshold=0.008300704889059542 17.945000648498539 0.030785511680663128 0.016273657123679567 -0.030089580566516502 0.035575245957454545 0.028574009137362858
decision_type=2 2 2 8 2 10 2
left_child=1 -1 3 4 -3 -5 -7
right_child=-2 2 -4 5 -6 6 -8
leaf_value=3.2953759851503862e-05 -0.00016627820228078897 -3.0308120426387668e-05 0.00012439710923668116 0.00034194416895407122 -0.00036959516837387996 -0.00016017214241352331 0.00012183642647550135
leaf_weight=476 33 25 94 35 25 32 32
leaf_count=476 33 25 94 35 25 32 32
internal_value=0.000412234 0.000757997 -0.000967078 -0.00372483 -0.009 -0.00106061 -0.00359375
internal_weight=752 719 243 149 50 99 64
internal_count=752 719 243 149 50 99 64
is_linear=0
shrinkage=0.05


Tree=33
num_leaves=8
num_cat=0
split_feature=16 16 16 3 16 4 16
split_gain=0.334736 0.438554 0.659057 0.93986 0.67462 0.897423 0.537711
threshold=-0.028050249141703284 -0.015009283599134613 -0.003520268868147491 0.0028191055240199829 0.0063320303106909623 0.026212651215341585 0.0076351778368529697
decision_type=2 2 2 2 2 2 2
left_child=-1 -2 3 -3 -4 6 -6
right_child=1 2 4 -5 5 -7 -8
leaf_value=-0.00023933466681116575 0.00016669012796574601 -0.0001452162068283164 0.00016350282147752537 0.00011457235576935739 -0.00012109425405715004 -0.0001865517505232881 1.1302764738076586e-05
leaf_weight=25 80 130 191 35 28 30 223
leaf_count=25 80 130 191 35 28 30 223
internal_value=0.000687332 0.000885635 0.00044741 -0.00227273 0.00139831 -0.000160142 0.000816733
internal_weight=742 717 637 165 472 281 251
internal_count=742 717 637 165 472 281 251
is_linear=0
shrinkage=0.05


Tree=34
num_leaves=8
num_cat=0
split_feature=11 2 14 3 3 3 8
split_gain=0.757916 0.66 0.50534 0.402712 0.383262 0.47991 0.352464
threshold=-0.0237759721784318 0.0051755271773648035 0.040951993391927573 -0.0080030603854320797 0.0070696291595393488 0.0028191055240199829 0.048200678125183367
decision_type=2 2 2 2 2 2 10
left_child=1 -1 3 -2 5 6 -5
right_child=2 -3 -4 4 -6 -7 -8
leaf_value=9.1352651972761669e-05 -0.00014867212878350152 -0.00013752374464352812 0.00018928787440942579 1.3585807544467703e-05 -0.0001514928930055244 9.510101475144301e-05 -6.532252293969061e-05
leaf_weight=30 29 25 150 300 31 105 77
leaf_count=30 29 25 150 300 31 105 77
internal_value=0.000649264 -0.005 0.00109827 0.000387454 0.000711501 0.00105809 0.000225464
internal_weight=747 55 692 542 513 482 377
internal_count=747 55 692 542 513 482 377
is_linear=0
shrinkage=0.05


Tree=35
num_leaves=8
num_cat=0
split_feature=11 10 11 10 12 1 11
split_gain=0.629857 0.57594 0.591274 0.577105 0.51856 0.576206 0.416522
threshold=-0.023324981642921735 0.00040263082252767207 -0.0088251851150741283 0.006220969349569617 0.012875909391154241 0.028345049292112904 0.0086496038184588082
decision_type=2 2 2 2 2 2 2
left_child=-1 -2 -3 4 -4 6 -6
right_child=1 2 3 -5 5 -7 -8
leaf_value=-5.5597961281694331e-05 6.0453404102957475e-05 -0.00025183303360513433 -0.0002558735673729391 4.0873142713647798e-05 0.00018995364416917417 -8.7834873768908111e-05 -3.5695823141418548e-05
leaf_weight=51 295 41 45 152 48 25 86
leaf_count=51 295 41 45 152 48 25 86
internal_value=0.000558547 0.000953757 -0.000289672 0.000365169 -0.00137255 -3.14464e-05 0.00126866
internal_weight=743 692 397 356 204 159 134
internal_count=743 692 397 356 204 159 134
is_linear=0
shrinkage=0.05


Tree=36
num_leaves=8
num_cat=0
split_feature=6 3 7 11 7 10 11
split_gain=0.441681 0.35217 0.483455 0.452207 0.61072 0.535876 0.426338
threshold=2.6511501580140702 -0.0080030603854320797 -0.019115793319070647 -0.0038922440129086073 0.0028582716578501315 -0.0059409935065934385 0.023193318891049478
decision_type=2 2 2 2 2 2 2
left_child=1 -1 -3 4 5 -4 -5
right_child=-2 2 3 6 -6 -7 -8
leaf_value=-0.00010926982643847934 -0.00025303769907091911 0.00012718523472275288 1.5928993953896562e-05 2.8249311606769501e-05 4.329284332562876e-06 -0.00011146218293365473 -0.00014514143241152529
leaf_weight=32 35 158 25 302 114 28 59
leaf_count=32 35 158 25 302 114 28 59
internal_value=0.000484728 0.000752089 0.000991254 0.000265152 -0.00188623 -0.00632075 0.00126039
internal_weight=753 718 686 528 167 53 361
internal_count=753 718 686 528 167 53 361
is_linear=0
shrinkage=0.05


Tree=37
num_leaves=8
num_cat=0
split_feature=11 1 10 15 15 10 4
split_gain=0.398086 0.669262 0.575259 0.550282 0.832335 0.612611 0.917662
threshold=-0.023324981642921735 -0.00070172484947506042 0.00040263082252767207 0.0027574835572165006 0.001175370582155222 0.0059366515309086107 0.019703090994200784
decision_type=2 2 2 2 2 2 2
left_child=1 -1 -2 4 5 6 -4
right_child=2 -3 3 -5 -6 -7 -8
leaf_value=0.00015554528469414778 6.7231035170569589e-05 -0.00013100708541432773 2.5863495095497531e-05 8.3798929442393112e-05 -0.00048231867855356059 3.9582806341091575e-05 -0.00012767257807357599
leaf_weight=31 292 29 50 183 41 74 57
leaf_count=31 292 29 50 183 41 74 57
internal_value=0.000574637 -0.00333333 0.000911048 -0.000308642 -0.00198198 -0.000524862 -0.00294392
internal_weight=757 60 697 405 222 181 107
internal_count=757 60 697 405 222 181 107
is_linear=0
shrinkage=0.05


Tree=38
num_leaves=8
num_cat=0
split_feature=16 3 16 3 1 12 9
split_gain=0.456028 0.402522 0.485031 0.397092 0.504545 0.616917 1.01663
threshold=0.024275116787047638 0.008300704889059542 -0.025720427038904366 0.002701351096195848 -0.019963814125301401 0.015576127060618618 0.09837465259997237
decision_type=2 2 2 2 2 2 8
left_child=1 2 -1 4 -4 6 -6
right_child=-2 -3 3 -5 5 -7 -8
leaf_value=-0.00018025486560085965 -0.0001475352871930505 -0.00014527877942640871 0.00011580985099673473 0.00019683569661072269 -0.00014802777118746186 8.6435281547380568e-06 4.3093161178813869e-05
leaf_weight=36 48 30 107 141 76 231 71
leaf_count=36 48 30 107 141 76 231 71
internal_value=0.000337838 0.00066474 0.00092145 0.00124601 0.00056701 -0.000291005 -0.00282313
internal_weight=740 692 662 626 485 378 147
internal_count=740 692 662 626 485 378 147
is_linear=0
shrinkage=0.05


Tree=39
num_leaves=8
num_cat=0
split_feature=11 8 2 6 7 5 14
split_gain=0.527207 0.739443 1.62976 0.53194 0.400919 0.409836 0.434286
threshold=0.023193318891049478 -0.015611417919908886 0.012048407468547852 2.7831078469323294 -0.020809521170852659 0.011641076143194441 0.031770832380203846
decision_type=2 10 2 2 2 2 2
left_child=3 -2 -3 4 -1 -6 -7
right_child=1 2 -4 -5 5 6 -8
leaf_value=0.00013990316927785335 0.00013184950153540323 -0.00026338055889370168 0.00027561327795217269 -0.00032809207375464306 3.0748025957856867e-05 -1.4306310140516481e-05 0.00017931864828545926
leaf_weight=133 33 28 32 30 193 196 91
leaf_count=133 33 28 32 30 193 196 91
internal_value=0.000991848 -0.00252688 -0.00583333 0.00150078 0.00181892 0.00114583 -5.22646e-05
internal_weight=736 93 60 643 613 480 287
internal_count=736 93 60 643 613 480 287
is_linear=0
shrinkage=0.05


Tree=40
num_leaves=8
num_cat=0
split_feature=7 7 14 9 5 1 2
split_gain=0.724339 0.925541 0.810077 0.903475 0.607056 0.516462 0.409697
threshold=-0.0082625957498957941 0.0032059289429867692 -0.01786915050429105 0.083504870007282142 0.013935543560306332 0.062200853034051436 -0.035382501203119802
decision_type=2 2 2 8 2 2 2
left_child=4 2 -2 -4 -1 -3 -6
right_child=1 5 3 -5 6 -7 -8
leaf_value=0.00013368589347849665 -0.00039647964692786624 5.3381332131696191e-06 -0.00018695049516973238 0.00028557405015106448 8.0873655850971638e-06 -2.3953074054682196e-05 -0.00026132641476787162
leaf_weight=216 29 354 37 26 30 26 25
leaf_count=216 29 354 37 26 30 26 25
internal_value=0.000356662 -0.000826271 -0.00532609 -0.00214286 0.00241697 0.000263158 -0.00227273
internal_weight=743 472 92 63 271 380 55
internal_count=743 472 92 63 271 380 55
is_linear=0
shrinkage=0.05


Tree=41
num_leaves=8
num_cat=0
split_feature=1 3 0 0 12 9 11
split_gain=0.608934 0.454087 0.358908 1.08723 1.6461 0.389265 0.435441
threshold=0.06369998398031286 -0.0080030603854320797 -0.013706402743313638 -0.0082224866027835169 0.019709843636474437 0.095580380485611585 -0.011803471640552064
decision_type=2 2 2 2 2 8 2
left_child=1 -1 -3 4 -4 6 -5
right_child=-2 2 3 5 -6 -7 -8
leaf_value=-0.00011657353931700612 -2.613148889183296e-05 6.1152380187413669e-05 -0.00028631098442919248 -7.2032102009369204e-05 5.4581806183509704e-05 5.1621414636867632e-05 2.0067925383892753e-05
leaf_weight=37 25 80 33 43 44 254 235
leaf_count=37 25 80 33 43 44 254 235
internal_value=0.000672437 0.000936639 0.00122642 0.000812808 -0.00474026 0.00161654 0.000323741
internal_weight=751 726 689 609 77 532 278
internal_count=751 726 689 609 77 532 278
is_linear=0
shrinkage=0.05


Tree=42
num_leaves=8
num_cat=0
split_feature=3 3 13 10 6 5 11
split_gain=0.551541 0.394248 0.304704 0.551678 0.668965 0.383362 0.321007
threshold=0.008300704889059542 -0.0080030603854320797 19.329999923706058 -0.0084264331718765222 -0.35051836334492037 0.013785436175209229 0.0093718282563531891
decision_type=2 2 2 2 2 2 2
left_child=1 -1 6 -4 -5 -6 -3
right_child=-2 2 3 4 5 -7 -8
leaf_value=-1.4523037999369854e-05 -9.4344611268904841e-05 4.1260194108335093e-05 0.00018744575117816227 5.2941488582890231e-05 -0.00025849402147639196 -5.6359030792808753e-05 5.2903844528234796e-06
leaf_weight=41 34 298 47 46 25 27 231
leaf_count=41 34 298 47 46 25 27 231
internal_value=0.000927904 0.00122378 0.00151335 -0.000517241 -0.00265306 -0.00653846 0.00206994
internal_weight=749 715 674 145 98 52 529
internal_count=749 715 674 145 98 52 529
is_linear=0
shrinkage=0.05


Tree=43
num_leaves=8
num_cat=0
split_feature=3 1 1 10 11 10 13
split_gain=0.56086 0.411592 0.475356 0.467705 0.42915 0.484119 0.557634
threshold=-0.0080030603854320797 -0.014178073590271621 -0.011230182451256674 0.00048355916176134889 -0.0088251851150741283 0.0051414850262681009 17.289999961853031
decision_type=2 2 2 2 2 2 2
left_child=-1 -2 -3 -4 -5 -6 -7
right_child=1 2 3 4 5 6 -8
leaf_value=-0.00022575795429648823 3.0271775959823186e-05 -0.00018090300228623929 2.6069502233156373e-05 -0.0002192716902203516 -7.7032396115248475e-05 0.00026499913906064497 -1.5633395199242215e-05
leaf_weight=33 184 27 240 31 107 84 38
leaf_count=33 184 27 240 31 107 84 38
internal_value=0.000766129 0.00106188 0.000351044 0.0007 -0.000769231 -2.18339e-05 0.00213115
internal_weight=744 711 527 500 260 229 122
internal_count=744 711 527 500 260 229 122
is_linear=0
shrinkage=0.05


Tree=44
num_leaves=8
num_cat=0
split_feature=1 14 3 10 16 4 16
split_gain=0.616056 0.417658 0.545684 0.470407 0.330295 0.54789 0.453639
threshold=0.06369998398031286 0.024414321868059811 -0.0080030603854320797 -0.0035395277323598258 -0.0030214235100665117 0.017149347006886469 0.0075371766563943074
decision_type=2 2 2 2 2 2 2
left_child=1 2 -1 -4 5 -5 -6
right_child=-2 -3 3 4 6 -7 -8
leaf_value=-0.00018587654016089146 -2.5566644307757279e-05 3.0032338494115468e-05 -0.00015243957151336504 -0.00025028584880204443 9.8437046625831918e-05 3.1082563140287791e-05 7.8506349953273289e-06
leaf_weight=25 25 210 35 42 129 112 157
leaf_count=25 25 210 35 42 129 112 157
internal_value=0.000714286 0.000985916 0.0002 0.000578948 0.00102273 -0.000844156 0.00202797
internal_weight=735 710 500 475 440 154 286
internal_count=735 710 500 475 440 154 286
is_linear=0
shrinkage=0.05


Tree=45
num_leaves=8
num_cat=0
split_feature=16 5 12 16 6 6 1
split_gain=0.61549 0.836338 0.607048 0.38478 0.503125 0.402682 0.719616
threshold=0.0070514619470996029 0.014183872033468615 -0.00052816856958670655 -0.0030214235100665117 1.4645391838607258 -0.59451951661148461 -0.014956700635746832
decision_type=2 2 2 2 2 2 2
left_child=3 -2 -3 4 5 6 -1
right_child=1 2 -4 -5 -6 -7 -8
leaf_value=8.7842634694517111e-06 1.0880290295084065e-05 1.0560852364202503e-06 -9.5949191412990017e-05 5.6992119047078408e-05 -0.00012750138033153357 3.2640264732683487e-05 -0.00017326353226561916
leaf_weight=25 208 26 31 192 36 183 42
leaf_count=25 208 26 31 192 36 183 42
internal_value=0.00089502 -0.00103774 -0.00640351 0.00196653 0.000804196 0.0016 -0.00171642
internal_weight=743 265 57 478 286 250 67
internal_count=743 265 57 478 286 250 67
is_linear=0
shrinkage=0.05


Tree=46
num_leaves=8
num_cat=0
split_feature=0 14 1 0 12 9 1
split_gain=0.463162 0.377092 0.44601 0.43418 0.793357 1.14981 0.42122
threshold=-0.013706402743313638 -0.073802250117532039 0.055032812200408128 -0.0044812569682331485 0.018878621288125678 0.09191983004128769 -0.015471957640594834
decision_type=2 2 2 2 2 8 2
left_child=-1 -2 3 4 5 -3 -5
right_child=1 2 -4 6 -6 -7 -8
leaf_value=2.8926671561368063e-05 4.39389883304024e-05 -0.00042597641210887486 -1.6408186730379473e-05 0.00024009693780743194 1.9745364872505827e-05 1.4951758461866561e-06 1.1627739183226925e-05
leaf_weight=96 57 34 26 76 79 33 346
leaf_count=96 57 34 26 76 79 33 346
internal_value=0.000716198 0.000238095 -0.00013468 0.000158451 -0.00219178 -0.00619403 0.000971564
internal_weight=747 651 594 568 146 67 422
internal_count=747 651 594 568 146 67 422
is_linear=0
shrinkage=0.05


Tree=47
num_leaves=8
num_cat=0
split_feature=3 11 1 1 11 14 13
split_gain=0.631947 1.01792 0.399839 0.812612 0.729293 0.481997 0.542118
threshold=0.0061425277550133392 0.01079875175925993 -0.015471957640594834 -0.0095013950892375836 0.023193318891049478 -0.0092544987085180757 19.115000724792484
decision_type=2 2 2 2 2 2 2
left_child=2 -2 -1 -4 5 6 -5
right_child=1 -3 3 4 -6 -7 -8
leaf_value=2.7356139774456221e-05 -0.00022255438581634344 0.00011970353893271751 -0.00014236920768422726 1.9613203688729678e-05 -0.00018232728076559884 0.00010751312193717626 -0.00011374517912126936
leaf_weight=182 33 26 52 125 45 226 45
leaf_count=182 33 26 52 125 45 226 45
internal_value=0.000640327 -0.00432203 0.00107407 0.000334686 0.00103175 0.00171717 -0.000294117
internal_weight=734 59 675 493 441 396 170
internal_count=734 59 675 493 441 396 170
is_linear=0
shrinkage=0.05


Tree=48
num_leaves=8
num_cat=0
split_feature=16 4 4 16 16 13 13
split_gain=0.452709 0.606665 0.581178 0.264772 0.810151 1.10094 1.09854
threshold=0.017025035648313817 0.022893709406401428 0.018551140848605152 0.010743422569203577 0.0061730327778938285 14.734999656677248 19.085000038146976
decision_type=2 2 2 2 2 2 2
left_child=3 2 -2 4 -1 -6 -7
right_child=1 -3 -4 -5 5 6 -8
leaf_value=2.1343852530745643e-05 -0.00013068343960141387 -0.00037453720820737949 0.00034984185333514542 5.4157421516619884e-05 0.00012998842443827401 -0.00012035420886984076 1.2721537312957151e-05
leaf_weight=452 46 25 33 89 27 37 25
leaf_count=452 46 25 33 89 27 37 25
internal_value=0.000844687 -0.00221154 -6.3291e-05 0.00134921 0.000933457 -0.00342697 -0.00709677
internal_weight=734 104 79 630 541 89 62
internal_count=734 104 79 630 541 89 62
is_linear=0
shrinkage=0.05


Tree=49
num_leaves=8
num_cat=0
split_feature=10 8 4 15 15 6 5
split_gain=0.455236 0.823109 0.67831 0.590356 0.793778 0.738992 0.426768
threshold=0.00040263082252767207 0.050837690967220135 0.023065592375242572 0.0027574835572165006 0.001175370582155222 -0.67783029566582909 0.014480572975202189
decision_type=2 10 2 2 2 2 2
left_child=1 -1 -3 4 5 -2 -7
right_child=3 2 -4 -5 -6 6 -8
leaf_value=4.875727178011816e-05 -0.00010274314976132788 -0.00023693815488107152 1.0353016455198941e-05 4.8633461256867648e-05 -0.00044017875713787805 4.3712329866109103e-05 -2.4608584230080555e-05
leaf_weight=270 37 35 34 184 40 99 33
leaf_count=270 37 35 34 184 40 99 33
internal_value=0.000560109 0.00190266 -0.00297101 -0.000597964 -0.00241627 -0.00091716 0.000833334
internal_weight=732 339 69 393 209 169 132
internal_count=732 339 69 393 209 169 132
is_linear=0
shrinkage=0.05


Tree=50
num_leaves=8
num_cat=0
split_feature=6 8 5 10 7 7 9
split_gain=0.599617 0.491756 0.58035 0.563675 0.543512 1.26951 0.433484
threshold=2.6511501580140702 -0.016500387349414832 0.011303120153881704 -0.010705879931759586 0.0028582716578501315 -0.018080695406023358 0.18730240660759315
decision_type=2 10 2 2 2 2 8
left_child=1 -1 -3 -4 5 -5 -6
right_child=-2 2 3 4 6 -7 -8
leaf_value=4.9968364929311203e-05 -0.00018908305546754033 6.5461038174664617e-05 0.00014929585689780711 2.2161995261221687e-05 -1.5143484388151409e-05 -0.00030452831216150767 9.8967603950758589e-05
leaf_weight=224 34 170 38 25 161 36 47
leaf_count=224 34 170 38 25 161 36 47
internal_value=0.00119048 0.00150499 0.000597484 -0.000700326 -0.00150558 -0.00565574 -0.000288461
internal_weight=735 701 477 307 269 61 208
internal_count=735 701 477 307 269 61 208
is_linear=0
shrinkage=0.05


Tree=51
num_leaves=8
num_cat=0
split_feature=3 2 6 7 15 7 9
split_gain=0.569488 0.38147 0.508683 0.355476 0.33337 0.441424 0.590244
threshold=0.008300704889059542 -0.027503087908240461 -1.1676201503457857 -0.026680437407659515 0.010894893497081505 0.020434087954268158 0.12761560210445991
decision_type=2 2 2 2 2 2 8
left_child=1 -1 -3 -4 5 -5 -7
right_child=-2 2 3 4 -6 6 -8
leaf_value=1.9879488615879843e-05 -4.4283034014027403e-05 -0.00019750197214985616 -0.00041133376186619367 4.5949930618719608e-05 -0.00020029554010419587 -3.5378026491961422e-05 4.4067744369773926e-05
leaf_weight=198 33 33 25 267 35 82 80
leaf_count=198 33 33 25 267 35 82 80
internal_value=0.000816733 0.00111111 0.000402299 0.000807771 0.00112069 0.0015035 -0.000555555
internal_weight=753 720 522 489 464 429 162
internal_count=753 720 522 489 464 429 162
is_linear=0
shrinkage=0.05


Tree=52
num_leaves=8
num_cat=0
split_feature=1 1 7 6 6 16 4
split_gain=0.661266 0.519892 0.570411 0.671312 0.423374 0.467086 0.460779
threshold=-0.015471957640594834 -0.011230182451256674 -0.0067607042036258993 2.0324987893184088 -1.1137377316086996 0.0061730327778938285 0.021070938867410679
decision_type=2 2 2 2 2 2 2
left_child=-1 -2 -3 4 -4 -6 -7
right_child=1 2 3 -5 5 6 -8
leaf_value=4.410020841465019e-05 -0.00013617133646521431 2.9638203978143275e-05 -0.00021140537910524236 -0.00029335435643841037 7.3271103373446695e-05 8.2544108372193345e-06 -0.00020073660484267272
leaf_weight=198 38 113 28 27 189 110 48
leaf_count=198 38 113 28 27 189 110 48
internal_value=0.00100533 0.000117541 0.000533981 -0.000348259 0.0002 0.000677234 -0.00132911
internal_weight=751 553 515 402 375 347 158
internal_count=751 553 515 402 375 347 158
is_linear=0
shrinkage=0.05


Tree=53
num_leaves=8
num_cat=0
split_feature=1 15 14 5 6 9 5
split_gain=0.565271 0.57798 0.7514 0.538278 0.450389 0.494631 1.05881
threshold=-0.015471957640594834 -0.0048790455156075821 0.070306169308441371 0.013315064413357955 0.5448720460812152 0.10807505355017812 0.01488979098386793
decision_type=2 2 2 2 2 8 2
left_child=-1 2 3 -2 5 6 -3
right_child=1 4 -4 -5 -6 -7 -8
leaf_value=3.3777624156102703e-05 -0.0001635866595205873 1.423719534678612e-05 0.000266431194094578 -5.4891123285971222e-08 -0.00020058893949230681 5.6279415453135003e-05 -0.00012108397693636794
leaf_weight=192 44 157 29 32 102 146 34
leaf_count=192 44 157 29 32 102 146 34
internal_value=0.000584239 -0.00023897 -0.00357143 -0.00618421 0.000558087 0.00143917 -0.000235602
internal_weight=736 544 105 76 439 337 191
internal_count=736 544 105 76 439 337 191
is_linear=0
shrinkage=0.05


Tree=54
num_leaves=8
num_cat=0
split_feature=8 4 15 10 10 12 6
split_gain=0.371198 0.768 0.441088 0.499506 0.750183 0.866649 0.651905
threshold=0.049322260430066052 0.01765173666135372 0.0027574835572165006 0.0012830782027211109 0.0059756471813912091 0.013329890655183642 -0.36730850169249557
decision_type=10 2 2 2 2 2 2
left_child=2 -2 3 -1 5 -5 -7
right_child=1 -3 -4 4 -6 6 -8
leaf_value=1.5376439799384895e-05 -9.7976275680742352e-05 1.1118800892108618e-05 0.00019022685702418916 -0.00023589213320115087 1.6856403495954933e-05 -0.00011759395276720085 4.573657427238519e-05
leaf_weight=221 25 125 214 31 65 25 35
leaf_count=221 25 125 214 31 65 25 35
internal_value=0.00122132 -0.001 0.00178511 0.000755968 -0.00141026 -0.00434066 -0.000833333
internal_weight=741 150 591 377 156 91 60
internal_count=741 150 591 377 156 91 60
is_linear=0
shrinkage=0.05


Tree=55
num_leaves=8
num_cat=0
split_feature=16 0 0 0 12 12 6
split_gain=0.631179 0.659495 0.354529 0.406233 0.577345 1.00169 0.545455
threshold=0.017025035648313817 0.0060813544376440163 -0.00055566941400791981 -0.013706402743313638 0.017439018002644805 0.001711050909807055 -0.90718802547087052
decision_type=2 2 2 2 2 2 2
left_child=2 -2 3 -1 5 -5 -6
right_child=1 -3 -4 4 6 -7 -8
leaf_value=1.6986985441853623e-05 0.00013199417614219149 -0.00014582710923699731 2.7781693117618497e-05 2.3676738142688719e-06 -0.00013502277257880835 -0.00045879289152068531 0.00012352923212098808
leaf_weight=96 55 47 330 63 25 32 110
leaf_count=96 55 47 330 63 25 32 110
internal_value=0.00130607 -0.00235294 0.001875 0.000705522 -0.000434782 -0.00342105 0.00166667
internal_weight=758 102 656 326 230 95 135
internal_count=758 102 656 326 230 95 135
is_linear=0
shrinkage=0.05


Tree=56
num_leaves=8
num_cat=0
split_feature=6 4 8 1 1 5 2
split_gain=0.342789 0.306313 0.759796 0.676444 0.98 0.496384 0.639474
threshold=-1.2156645469934564 0.017043362865178126 0.048512661767687766 -0.0084610730207273482 -0.021169246985109854 0.014183872033468615 -0.0014156680068962422
decision_type=2 2 8 2 2 2 2
left_child=-1 2 3 4 -2 -3 -7
right_child=1 5 -4 -5 -6 6 -8
leaf_value=-0.00014593084603392822 4.5731711831028746e-05 5.6863304294574063e-05 -0.00015526159418451232 3.2530391195549717e-05 -0.00019505802954160296 -8.5690459756581602e-05 1.1309599628267764e-05
leaf_weight=26 25 344 26 104 25 57 135
leaf_count=26 25 344 26 104 25 57 135
internal_value=0.00102426 0.00122905 -0.000555555 0.000779221 -0.004 0.00182836 -0.000208333
internal_weight=742 716 180 154 50 536 192
internal_count=742 716 180 154 50 536 192
is_linear=0
shrinkage=0.05


Tree=57
num_leaves=8
num_cat=0
split_feature=6 6 16 12 13 12 15
split_gain=0.388182 0.330367 0.346995 0.489118 0.621212 0.246993 0.523636
threshold=-1.2156645469934564 2.6511501580140702 0.017322960024963144 0.032286287605225568 18.974999427795414 0.01609265809314964 -0.007211542952523963
decision_type=2 2 2 2 2 2 2
left_child=-1 2 5 4 -4 6 -2
right_child=1 -3 3 -5 -6 -7 -8
leaf_value=-0.00013863430373223175 -0.00010111149904230458 -8.5783273817716807e-05 0.00026539303315288018 -0.00034347390612582895 -0.00013880236946775003 4.2081475332217671e-05 1.6537316893617031e-05
leaf_weight=26 55 29 41 25 25 312 220
leaf_count=26 55 29 41 25 25 312 220
internal_value=0.00138472 0.00160537 0.00182891 -0.00104396 0.00121212 0.00227428 0.00118182
internal_weight=733 707 678 91 66 587 275
internal_count=733 707 678 91 66 587 275
is_linear=0
shrinkage=0.05


Tree=58
num_leaves=8
num_cat=0
split_feature=6 6 4 15 4 5 3
split_gain=0.312439 0.318582 0.664563 1.66703 0.368666 0.40714 0.338113
threshold=-1.1676201503457857 0.38275426561038678 0.018182782497419041 0.0012244411694816162 0.024610316730141232 0.016866809690171701 -0.0011810888282978158
decision_type=2 2 2 2 2 2 2
left_child=-1 4 3 6 -2 -6 -3
right_child=1 2 -4 -5 5 -7 -8
leaf_value=-5.476036977926668e-05 2.3512978892504691e-05 -9.3823389258121937e-05 1.5491364456305495e-05 -0.00051132828897511263 -9.6436636444610145e-05 2.8592734408259372e-05 0.00031173922837760448
leaf_weight=44 399 25 143 26 43 42 28
leaf_count=44 399 25 143 26 43 42 28
internal_value=0.00113333 0.0013881 -0.00018018 -0.00386076 0.00210744 -0.000882353 0.00122642
internal_weight=750 706 222 79 484 85 53
internal_count=750 706 222 79 484 85 53
is_linear=0
shrinkage=0.05


Tree=59
num_leaves=8
num_cat=0
split_feature=2 9 14 13 4 6 15
split_gain=0.475974 0.376678 0.724232 1.78474 0.513867 0.485368 0.312806
threshold=-0.027503087908240461 0.039587324099288453 0.022797718540964799 16.644999504089359 0.017302365875715733 1.4645391838607258 -0.0048790455156075821
decision_type=2 8 2 2 2 2 2
left_child=-1 2 3 4 -2 6 -3
right_child=1 5 -4 -5 -6 -7 -8
leaf_value=2.9949992996646831e-05 -0.00017096317858924408 -3.7023650970602878e-06 0.00016797462461541146 -0.00037889735404004636 0.00025242622041893401 -0.00017424284800487348 2.7352245313780366e-05
leaf_weight=196 31 78 43 28 42 48 275
leaf_count=196 31 78 43 28 42 48 275
internal_value=0.00135628 0.00059633 -0.00159722 -0.00391089 0.00020548 0.00138404 0.0020255
internal_weight=741 545 144 101 73 401 353
internal_count=741 545 144 101 73 401 353
is_linear=0
shrinkage=0.05


Tree=60
num_leaves=8
num_cat=0
split_feature=7 6 3 10 15 3 15
split_gain=0.355808 0.440489 0.374673 0.330764 0.423624 0.668398 0.552749
threshold=-0.014470885757130845 -0.7103982348615917 0.0070696291595393488 -0.012508695077667052 -0.0048790455156075821 -1.0000000180025095e-35 0.0010880498644592065
decision_type=2 2 2 2 2 2 2
left_child=1 -1 3 -2 5 -5 -6
right_child=2 -3 -4 4 6 -7 -8
leaf_value=-6.7946086938193084e-05 0.00022255936909125105 5.566681821529507e-05 -0.00022327684342425539 -0.00012199805483171032 2.2458178141240875e-05 1.2762960996074878e-05 -2.13219890112733e-06
leaf_weight=34 42 176 30 53 141 38 232
leaf_count=34 42 176 30 53 141 38 232
internal_value=0.0011126 0.00285714 0.000429105 0.000750988 0.000366379 -0.00269231 0.0011126
internal_weight=746 210 536 506 464 91 373
internal_count=746 210 536 506 464 91 373
is_linear=0
shrinkage=0.05


Tree=61
num_leaves=8
num_cat=0
split_feature=6 16 12 16 0 15 1
split_gain=0.350003 0.308626 0.637952 0.54 0.348278 0.485035 0.434236
threshold=2.6511501580140702 0.016760343524539482 0.03275596351688493 0.020263375136079457 0.01392150405435877 0.0092057194632432244 0.030722539038753219
decision_type=2 2 2 2 2 2 2
left_child=1 4 3 -3 5 6 -1
right_child=-2 2 -4 -5 -6 -7 -8
leaf_value=1.6574717150396753e-05 -0.00013876597270521797 -4.1225233051831833e-05 -0.00031104370114040176 0.00023804658493840045 0.00020259240119920962 -0.00019493569681269668 -5.7696637138390696e-05
leaf_weight=469 33 25 27 50 67 30 51
leaf_count=469 33 25 27 50 67 30 51
internal_value=0.000944149 0.00117524 -0.00137255 0.001 0.00159643 0.00118182 0.00153846
internal_weight=752 719 102 75 617 550 520
internal_count=752 719 102 75 617 550 520
is_linear=0
shrinkage=0.05


Tree=62
num_leaves=8
num_cat=0
split_feature=11 16 9 10 9 10 11
split_gain=0.42964 0.682761 0.576944 0.419701 0.322298 0.541543 0.552423
threshold=-0.0088251851150741283 0.0063320303106909623 0.17365363821482585 0.0077632939110665608 0.13035137823845103 0.0056131556755568699 0.0093718282563531891
decision_type=2 2 8 2 8 2 2
left_child=1 2 -1 4 5 6 -2
right_child=3 -3 -4 -5 -6 -7 -8
leaf_value=0.00010776200800926536 7.6657233286656643e-05 -0.00014000711881079146 -5.4883640015006632e-05 0.00014169441549722892 3.6261105110264748e-05 -0.00015047444494769904 -1.810327573241632e-05
leaf_weight=84 140 44 38 115 154 39 126
leaf_count=84 140 44 38 115 154 39 126
internal_value=0.00121622 -0.0010241 0.00090164 0.00186411 0.00118736 0.000245902 0.00105263
internal_weight=740 166 122 574 459 305 266
internal_count=740 166 122 574 459 305 266
is_linear=0
shrinkage=0.05


Tree=63
num_leaves=8
num_cat=0
split_feature=1 1 3 14 10 14 14
split_gain=0.613643 0.701925 0.925641 0.478496 0.827643 0.567949 0.460248
threshold=-0.015471957640594834 -0.0087009296666717955 -0.00079187592362889292 -0.022450840204273455 0.0042845596589152777 -0.041810588725082691 -0.068623004427642229
decision_type=2 2 2 2 2 2 2
left_child=-1 2 -2 4 5 -3 -6
right_child=1 3 -4 -5 6 -7 -8
leaf_value=3.5568482935586929e-05 -0.00014468719265940937 -3.6992639340443123e-05 0.00023314727357294802 1.0358207171555088e-05 -7.1187728674399695e-06 -0.00035099569452699727 0.00026358011908262795
leaf_weight=191 26 25 39 327 54 31 55
leaf_count=191 26 25 39 327 54 31 55
internal_value=0.000721925 -0.000116696 -0.005 0.000528455 -0.00166667 -0.00660714 0.00087156
internal_weight=748 557 65 492 165 56 109
internal_count=748 557 65 492 165 56 109
is_linear=0
shrinkage=0.05


Tree=64
num_leaves=8
num_cat=0
split_feature=11 3 6 3 4 8 4
split_gain=0.451222 0.543878 0.424203 0.435344 0.370642 0.435236 0.354339
threshold=-0.028186654574093969 0.00089869378114815223 -1.1137377316086996 -0.0080030603854320797 0.017302365875715733 0.0056615150138915613 0.019703090994200784
decision_type=2 2 2 2 2 8 2
left_child=-1 2 -2 -4 5 -5 -6
right_child=1 -3 3 4 6 -7 -8
leaf_value=-3.5955788029001235e-05 -0.00014580027271236061 2.6649239474097408e-05 -0.00013382501889397985 2.6523041961649714e-05 0.00020488270597930451 -0.00013470160902137113 4.5684998403305459e-06
leaf_weight=36 33 297 35 46 88 50 154
leaf_count=36 33 297 35 46 88 50 154
internal_value=0.000737483 0.00101707 -0.000172414 0.000308311 0.000857988 -0.00177083 0.00190083
internal_weight=739 703 406 373 338 96 242
internal_count=739 703 406 373 338 96 242
is_linear=0
shrinkage=0.05


Tree=65
num_leaves=8
num_cat=0
split_feature=6 16 1 4 3 3 6
split_gain=0.480803 0.434802 0.670037 0.609621 0.377874 0.489479 0.634723
threshold=2.0324987893184088 0.017025035648313817 0.029548080244082068 0.01872926826486055 0.0023521191848765448 0.00086682361745260572 -0.5139555813859068
decision_type=2 2 2 2 2 2 2
left_child=1 4 3 -3 5 -1 -7
right_child=-2 2 -4 -5 -6 6 -8
leaf_value=1.0239626777187026e-05 -0.00014543977087360502 -0.00015417994607476722 4.4302476652012684e-05 -6.4553050891113511e-05 5.5431757082576486e-05 -0.00013288253392676212 1.356189469913009e-05
leaf_weight=352 49 29 34 35 165 29 46
leaf_count=352 49 29 34 35 165 29 46
internal_value=0.000602165 0.000942029 -0.00214286 -0.00515625 0.0014527 0.000667447 -0.003
internal_weight=739 690 98 64 592 427 75
internal_count=739 690 98 64 592 427 75
is_linear=0
shrinkage=0.05


Tree=66
num_leaves=8
num_cat=0
split_feature=12 7 6 3 1 12 16
split_gain=0.602145 0.447312 0.442794 0.426491 0.408046 0.392853 0.671219
threshold=0.017439018002644805 -0.032097479171607095 -0.92838934427969411 0.0058891997336507637 -0.019963814125301401 -0.0062518932096157767 -0.019157039381033466
decision_type=2 2 2 2 2 2 2
left_child=1 -1 -2 4 -3 6 -6
right_child=2 3 -4 -5 5 -7 -8
leaf_value=-0.00036618719028951339 -3.81838252971904e-05 5.1150673040850086e-05 2.527741249460909e-05 -1.0243390640480658e-05 0.00023464969845430527 6.9512959556765571e-06 -1.838077776075088e-05
leaf_weight=31 49 45 340 34 25 124 92
leaf_count=31 49 45 340 34 25 124 92
internal_value=0.000945946 -0.000555555 0.00230077 1.86265e-10 0.000629371 -0.000186722 -0.00226496
internal_weight=740 351 389 320 286 241 117
internal_count=740 351 389 320 286 241 117
is_linear=0
shrinkage=0.05


Tree=67
num_leaves=8
num_cat=0
split_feature=12 13 13 15 8 7 13
split_gain=0.502978 0.436161 0.892533 0.541055 0.576002 0.651855 0.449047
threshold=0.010183672155494096 19.72500038146973 18.564999580383304 0.0026514364083117807 0.018843826464802985 -0.014470885757130845 25.19999980926514
decision_type=2 2 2 2 8 2 2
left_child=1 2 3 4 5 -1 -3
right_child=-2 6 -4 -5 -6 -7 -8
leaf_value=-2.2476267861427436e-07 1.2281233968105625e-05 0.00018009675839399756 -0.00015283643219031484 0.00038826682383051912 1.6282616409828444e-05 -0.00019351256954630927 -4.9550788735718134e-05
leaf_weight=25 461 88 29 53 40 26 36
leaf_count=25 461 88 29 53 40 26 36
internal_value=0.000712401 -0.000892256 -0.00251445 -0.000902778 -0.00324176 -0.00676471 0.00137097
internal_weight=758 297 173 144 91 51 124
internal_count=758 297 173 144 91 51 124
is_linear=0
shrinkage=0.05


Tree=68
num_leaves=8
num_cat=0
split_feature=1 1 11 11 12 12 8
split_gain=0.305891 0.963171 0.404282 0.538477 0.501695 0.429451 0.585039
threshold=-0.015471957640594834 -0.011230182451256674 -0.0088251851150741283 -0.012951361499321188 0.03275596351688493 0.049504532457416379 -0.0059171698771006689
decision_type=2 2 2 2 2 2 10
left_child=-1 -2 3 -3 -4 6 -6
right_child=1 2 4 -5 5 -7 -8
leaf_value=2.1376101430330714e-05 -0.00011330373080694367 1.2926317728330321e-05 3.3408507070561676e-05 -0.00013590488149417022 -0.00027494910671659929 6.4113314677029891e-05 6.1839748964644866e-06
leaf_weight=194 37 79 257 28 25 54 69
leaf_count=194 37 79 257 28 25 54 69
internal_value=0.00123149 0.000628415 0.00119141 -0.00154206 0.00191358 -0.000405405 -0.00244681
internal_weight=743 549 512 107 405 148 94
internal_count=743 549 512 107 405 148 94
is_linear=0
shrinkage=0.05


Tree=69
num_leaves=8
num_cat=0
split_feature=16 11 0 13 3 15 15
split_gain=0.532581 0.606665 0.789873 0.488392 0.307999 0.263555 0.339613
threshold=0.017025035648313817 0.022655260909184464 0.0063476010510854506 25.19999980926514 -0.0080030603854320797 0.010894893497081505 0.0029218218185944615
decision_type=2 2 2 2 2 2 2
left_child=3 2 -2 4 -1 6 -6
right_child=1 -3 -4 -5 5 -7 -8
leaf_value=-2.3733770989535356e-05 0.00024341178534534227 -0.00032178426130042236 -1.7436734010593748e-05 -7.2094389252127063e-05 1.0286349774287648e-05 -0.00010573872038943206 0.00019716816455570517
leaf_weight=32 39 25 40 32 389 26 162
leaf_count=32 39 25 40 32 389 26 162
internal_value=0.00110738 -0.00221154 -6.3291e-05 0.00164587 0.00196223 0.00222704 0.00245917
internal_weight=745 104 79 641 609 577 551
internal_count=745 104 79 641 609 577 551
is_linear=0
shrinkage=0.05


Tree=70
num_leaves=8
num_cat=0
split_feature=1 14 8 10 11 11 8
split_gain=0.399769 0.588377 1.1968 0.927744 0.678299 0.487008 0.38645
threshold=-0.015471957640594834 -0.022450840204273455 0.016273657123679567 0.0045502623367793546 0.028003232862589215 -0.023324981642921735 0.043555630089552218
decision_type=2 2 8 2 2 2 10
left_child=-1 2 3 -2 5 -3 -4
right_child=1 4 6 -5 -6 -7 -8
leaf_value=1.6237206352406656e-05 -0.0002698629907280416 -8.226409243905742e-06 0.00028480390899723586 -2.1869370987271326e-05 -0.00010069250487612884 3.691153357085979e-05 -2.1291701574252953e-05
leaf_weight=195 25 34 54 49 26 299 59
leaf_count=195 25 34 54 49 26 299 59
internal_value=0.000748988 5.49452e-05 -0.00221925 -0.00716216 0.00123955 0.00184685 0.0010177
internal_weight=741 546 187 74 359 333 113
internal_count=741 546 187 74 359 333 113
is_linear=0
shrinkage=0.05


Tree=71
num_leaves=8
num_cat=0
split_feature=16 11 16 4 12 1 9
split_gain=0.501647 0.94895 0.762192 0.596397 0.907355 0.717673 0.521571
threshold=0.0061730327778938285 -0.0086028412340181642 -0.0030214235100665117 0.017043362865178126 0.013329890655183642 0.030722539038753219 0.13035137823845103
decision_type=2 2 2 2 2 2 8
left_child=2 -2 3 4 -1 -5 -3
right_child=1 6 -4 5 -6 -7 -8
leaf_value=-0.00014448392598369594 -0.00014099370848457074 -5.9595221267485902e-06 0.0001209770417834435 1.4482885827557331e-05 3.5178978795982207e-06 -5.3666913076232486e-05 6.5196120428273084e-05
leaf_weight=34 43 154 168 188 41 27 89
leaf_count=34 43 154 168 188 41 27 89
internal_value=0.000698925 -0.000944056 0.00172489 0.000172414 -0.00366667 0.00151163 0.00026749
internal_weight=744 286 458 290 75 215 243
internal_count=744 286 458 290 75 215 243
is_linear=0
shrinkage=0.05


end of trees

feature_importances:
sector_ret_5d=46
spy_ret_5d=41
dvol_z_20=40
overnight_gap=37
dist_ma50=36
dist_ma20=35
ret_5d=34
vix_chg_1d=34
dist_ma200=28
spy_ret_1d=27
vix_level=26
ret_20d=23
atr_pct=23
spy_ret_20d=23
sector_ret_1d=23
parkinson_20=18
ret_1d=10

parameters:
[boosting: gbdt]
[objective: quantile]
[metric: quantile]
[tree_learner: serial]
[device_type: cpu]
[data_sample_strategy: bagging]
[data: ]
[valid: ]
[num_iterations: 80]
[learning_rate: 0.05]
[num_leaves: 8]
[num_threads: 1]
[seed: 0]
[deterministic: 0]
[force_col_wise: 1]
[force_row_wise: 0]
[histogram_pool_size: -1]
[max_depth: -1]
[min_data_in_leaf: 25]
[min_sum_hessian_in_leaf: 0.001]
[bagging_fraction: 0.9]
[pos_bagging_fraction: 1]
[neg_bagging_fraction: 1]
[bagging_freq: 1]
[bagging_seed: 3]
[bagging_by_query: 0]
[feature_fraction: 0.9]
[feature_fraction_bynode: 1]
[feature_fraction_seed: 2]
[extra_trees: 0]
[extra_seed: 6]
[early_stopping_round: 0]
[early_stopping_min_delta: 0]
[first_metric_only: 0]
[max_delta_step: 0]
[lambda_l1: 0]
[lambda_l2: 0]
[linear_lambda: 0]
[min_gain_to_split: 0]
[drop_rate: 0.1]
[max_drop: 50]
[skip_drop: 0.5]
[xgboost_dart_mode: 0]
[uniform_drop: 0]
[drop_seed: 4]
[top_rate: 0.2]
[other_rate: 0.1]
[min_data_per_group: 100]
[max_cat_threshold: 32]
[cat_l2: 10]
[cat_smooth: 10]
[max_cat_to_onehot: 4]
[top_k: 20]
[monotone_constraints: ]
[monotone_constraints_method: basic]
[monotone_penalty: 0]
[feature_contri: ]
[forcedsplits_filename: ]
[refit_decay_rate: 0.9]
[cegb_tradeoff: 1]
[cegb_penalty_split: 0]
[cegb_penalty_feature_lazy: ]
[cegb_penalty_feature_coupled: ]
[path_smooth: 0]
[interaction_constraints: ]
[verbosity: -1]
[saved_feature_importance_type: 0]
[use_quantized_grad: 0]
[num_grad_quant_bins: 4]
[quant_train_renew_leaf: 0]
[stochastic_rounding: 1]
[linear_tree: 0]
[max_bin: 255]
[max_bin_by_feature: ]
[min_data_in_bin: 3]
[bin_construct_sample_cnt: 200000]
[data_random_seed: 1]
[is_enable_sparse: 1]
[enable_bundle: 1]
[use_missing: 1]
[zero_as_missing: 0]
[feature_pre_filter: 1]
[pre_partition: 0]
[two_round: 0]
[header: 0]
[label_column: ]
[weight_column: ]
[group_column: ]
[ignore_column: ]
[categorical_feature: ]
[forcedbins_filename: ]
[precise_float_parser: 0]
[parser_config_file: ]
[objective_seed: 5]
[num_class: 1]
[is_unbalance: 0]
[scale_pos_weight: 1]
[sigmoid: 1]
[boost_from_average: 1]
[reg_sqrt: 0]
[alpha: 0.1]
[fair_c: 1]
[poisson_max_delta_step: 0.7]
[tweedie_variance_power: 1.5]
[lambdarank_truncation_level: 30]
[lambdarank_norm: 1]
[label_gain: ]
[lambdarank_position_bias_regularization: 0]
[eval_at: ]
[multi_error_top_k: 1]
[auc_mu_weights: ]
[num_machines: 1]
[local_listen_port: 12400]
[time_out: 120]
[machine_list_filename: ]
[machines: ]
[gpu_platform_id: -1]
[gpu_device_id: -1]
[gpu_device_id_list: ]
[gpu_use_dp: 0]
[num_gpu: 1]

end of parameters

pandas_categorical:[]
