tree
version=v4
num_class=1
num_tree_per_iteration=1
label_index=0
max_feature_idx=16
objective=quantile
feature_names=ret_1d ret_5d ret_20d overnight_gap atr_pct parkinson_20 dvol_z_20 dist_ma20 dist_ma50 dist_ma200 spy_ret_1d spy_ret_5d spy_ret_20d vix_level vix_chg_1d sector_ret_1d sector_ret_5d
feature_infos=[-0.18986675890553528:0.31618414872047662] [-0.23185090952034815:0.37897065237446448] [-0.39706388959575045:0.49020075724271917] [-0.15371937028399285:0.31702929796999757] [0.01851853048980125:0.093606363791301703] [0.012022645129931278:0.047163510958427461] [-2.012047754453643:4.2969542538592282] [-0.25159236227418114:0.40633461932678117] [-0.33642083249829491:0.50347899131198903] [-0.3853003509764259:1.0087812711669368] [-0.058542971330535654:0.10501930183911301] [-0.11496151859245618:0.082843162776128354] [-0.1226559005192206:0.15756591020035837] [11.859999656677246:52.330001831054688] [-0.35753873962348437:0.74039073966007019] [-0.068247998544687438:0.13425697132599002] [-0.13587196028298487:0.11773217696052685]
tree_sizes=842 858 850 851 854 860 856 857 852 852 866 847 868 866 848 859 858 853 853 854 868

Tree=0
num_leaves=8
num_cat=0
split_feature=7 16 6 12 12 16 7
split_gain=2.68081 2.04495 1.84191 1.54953 2.02168 1.46174 2.33424
threshold=0.047000572248073975 0.043520562271840875 1.7107796607957162 0.038489722412374701 -0.0093119022308690274 0.023070011686967765 0.063615247362043395
decision_type=2 2 2 2 2 2 2
left_child=1 2 -1 4 -2 -6 -7
right_child=3 -3 -4 -5 5 6 -8
leaf_value=0.0014005078992340714 0.0018501147918868811 0.001988740131491795 0.00074721174896694718 0.0013544660730985924 0.0008561598660890013 0.0017278342565987259 0.00083412868552841242
leaf_weight=427 26 32 29 82 81 28 41
leaf_count=427 26 32 29 82 81 28 41
internal_value=0.000964162 0.00314355 0.00228612 -0.00315808 -0.00580299 -0.00803405 -0.00268622
internal_weight=746 488 456 258 176 150 69
internal_count=746 488 456 258 176 150 69
is_linear=0
shrinkage=1


Tree=1
num_leaves=8
num_cat=0
split_feature=7 13 12 8 9 12 7
split_gain=2.9043 1.37172 2.07011 1.48623 1.56087 1.44423 1.33283
threshold=0.022537140902587075 19.214999198913578 -0.0033130043707785268 0.086720285151077006 0.18553881385920915 0.038489722412374701 -0.025519027936178103
decision_type=2 2 2 8 8 2 2
left_child=6 2 -2 -4 -5 -6 -1
right_child=1 -3 3 4 5 -7 -8
leaf_value=-4.521855735220015e-06 -0.00070212303107837222 0.00016800413053715604 7.1687218660372313e-05 -0.0004044314212660538 -0.00032395530404755852 0.00019890516348823443 0.00033192784030688927
leaf_weight=172 28 70 92 46 94 58 173
leaf_count=172 28 70 92 46 94 58 173
internal_value=-0.000511596 -0.00347938 -0.00487421 -0.00362069 -0.00606061 -0.00361842 0.00282609
internal_weight=733 388 318 290 198 152 345
internal_count=733 388 318 290 198 152 345
is_linear=0
shrinkage=0.05


Tree=2
num_leaves=8
num_cat=0
split_feature=8 7 16 13 9 12 2
split_gain=3.37598 3.45134 1.50416 1.38533 2.09038 2.09708 1.43352
threshold=0.39131861818645591 0.047000572248073975 0.043520562271840875 23.965000152587894 0.20317953274717573 0.038572714980084973 0.10088900446059725
decision_type=8 2 2 2 8 2 2
left_child=1 2 -1 4 -3 6 -6
right_child=-2 3 -4 -5 5 -7 -8
leaf_value=0.00011018167829024607 -0.00048523037761333406 -0.00019978083157548099 0.0006696460042530817 0.00046943339087010826 3.6044946351466933e-05 0.00027204862959115416 -0.00041366936625854576
leaf_weight=430 30 83 28 25 31 55 63
leaf_count=430 30 83 28 25 31 55 63
internal_value=-0.000234899 0.000454545 0.00305677 -0.00418288 -0.00538793 -0.00184564 -0.00638298
internal_weight=745 715 458 257 232 149 94
internal_count=745 715 458 257 232 149 94
is_linear=0
shrinkage=0.05


Tree=3
num_leaves=8
num_cat=0
split_feature=7 10 3 6 10 16 6
split_gain=3.4204 1.62868 1.69057 1.61468 1.54176 1.48503 1.90071
threshold=0.032817570749440368 0.006684196327708559 0.0044804465652283918 -0.16511360933898075 0.000540884636322292 -0.024149137194696465 -0.034061007579459207
decision_type=2 2 2 2 2 2 2
left_child=1 2 5 -3 -4 -1 -7
right_child=-2 3 4 -5 -6 6 -8
leaf_value=-0.00030289221850107425 -0.0001473570714095331 0.00077959972493554233 0.000264146580027591 1.1174455883156046e-05 -0.00058356951067421497 0.00010145653705112637 0.00062734809346293337
leaf_weight=58 335 43 49 41 44 120 47
leaf_count=58 335 43 49 41 44 120 47
internal_value=-0.000373134 0.00273632 0.00110063 0.00892857 -0.00456989 0.00344444 0.00583832
internal_weight=737 402 318 84 93 225 167
internal_count=737 402 318 84 93 225 167
is_linear=0
shrinkage=0.05


Tree=4
num_leaves=8
num_cat=0
split_feature=7 12 9 12 9 7 15
split_gain=2.87476 1.62451 1.86374 1.69781 1.64091 1.56845 1.75571
threshold=0.046599272029607348 0.038489722412374701 0.018714142548298288 -0.0093119022308690274 0.40642715622392062 0.063615247362043395 0.0035889971211937603
decision_type=2 2 10 2 10 2 2
left_child=-1 3 -3 -2 -4 -5 -7
right_child=1 2 4 5 -6 6 -8
leaf_value=9.6383710198570053e-05 0.00045332957489707952 0.00066102426601963998 -0.00022520734771870593 -0.00013979900507484671 0.0003613165770518117 -0.00016403453619387621 -0.00081151137188981918
leaf_weight=468 29 25 30 66 36 50 39
leaf_count=468 29 25 30 66 36 50 39
internal_value=-3.36474e-05 -0.00409091 0.00137363 -0.00679348 -0.0030303 -0.00887097 -0.0132022
internal_weight=743 275 91 184 66 155 89
internal_count=743 275 91 184 66 155 89
is_linear=0
shrinkage=0.05


Tree=5
num_leaves=8
num_cat=0
split_feature=8 4 16 16 5 15 0
split_gain=2.61157 1.51617 1.2616 1.86137 1.27961 1.571 1.51145
threshold=0.089814575545934208 0.026780522480489882 0.045115839100076556 0.034945768918470684 0.021830837080822538 -0.0014198125814788851 0.0084633384738953561
decision_type=8 2 2 2 2 2 2
left_child=2 -2 3 4 5 -1 -6
right_child=1 -3 -4 -5 6 -7 -8
leaf_value=-3.8943568422629139e-05 -0.00035549030660659767 -0.00010417922871843621 0.0003670572863894902 -0.00031652027904515855 7.5559597736850277e-05 0.00030799892117788118 -0.00062946405200496516
leaf_weight=88 59 233 38 29 107 122 56
leaf_count=88 59 233 38 29 107 122 56
internal_value=-0.000614754 -0.00428082 0.00181818 0.000995025 0.0019437 0.00452381 -0.00138037
internal_weight=732 292 440 402 373 210 163
internal_count=732 292 440 402 373 210 163
is_linear=0
shrinkage=0.05


Tree=6
num_leaves=8
num_cat=0
split_feature=7 11 12 12 8 14 0
split_gain=2.95536 2.85166 2.41812 2.30265 1.60286 1.76422 2.08141
threshold=0.063615247362043395 0.030023740679380188 0.038572714980084973 -0.008121323465966555 0.20886839908202096 -0.022450840204273455 0.013869111500759647
decision_type=2 2 2 2 8 2 2
left_child=1 4 3 -2 5 6 -1
right_child=2 -3 -4 -5 -6 -7 -8
leaf_value=0.00058177059649820132 0.0001557865255934469 0.00071527129632274181 8.6611784926652322e-05 -0.00049436690832121641 -0.00027695750158773585 -2.7030675896372054e-05 1.3930008590207813e-05
leaf_weight=94 25 30 63 84 33 325 90
leaf_count=94 25 30 63 84 33 325 90
internal_value=-6.72043e-05 0.00166084 -0.00581395 -0.0103211 0.000830258 0.00152259 0.00543478
internal_weight=744 572 172 109 542 509 184
internal_count=744 572 172 109 542 509 184
is_linear=0
shrinkage=0.05


Tree=7
num_leaves=8
num_cat=0
split_feature=8 7 11 12 12 0 3
split_gain=2.90607 1.78479 1.75493 1.27476 1.54056 1.42466 1.75379
threshold=0.39131861818645591 0.046599272029607348 0.026101740885835282 0.038489722412374701 -0.0093119022308690274 0.0013207550657842184 0.0048483622129502644
decision_type=8 2 2 2 2 2 2
left_child=1 2 -1 4 -3 -5 -7
right_child=-2 3 -4 5 -6 6 -8
leaf_value=7.3133151644826368e-05 -0.00040723692693753834 0.00049026980086644238 0.00054255825560821282 -0.00013637916347977467 -0.00015942233921406514 0.00063794913064892144 -4.895079762006304e-05
leaf_weight=417 31 28 31 26 148 27 32
leaf_count=417 31 28 31 26 148 27 32
internal_value=-0.000337838 0.000317348 0.00223214 -0.00296935 -0.00539773 0.00205882 0.00635593
internal_weight=740 709 448 261 176 85 59
internal_count=740 709 448 261 176 85 59
is_linear=0
shrinkage=0.05


Tree=8
num_leaves=8
num_cat=0
split_feature=8 7 1 0 4 6 2
split_gain=3.14108 2.19332 1.5119 1.64889 1.89109 1.52315 1.96078
threshold=0.39131861818645591 0.022537140902587075 -0.045186107265984814 -0.009679889546802543 0.033681150172333439 -0.43906293939372271 -0.090723939868634237
decision_type=8 2 2 2 2 2 2
left_child=1 2 -1 4 -4 6 -5
right_child=-2 -3 3 5 -6 -7 -8
leaf_value=-8.6008424821582569e-05 -0.00038687508059066138 -8.7636123610041716e-05 0.00010138807794125208 -0.00051792930367416154 0.00092282256663395179 -0.00010761039212576167 0.00041034599084837801
leaf_weight=107 33 390 30 25 43 73 60
leaf_count=107 33 390 30 25 43 73 60
internal_value=-0.000821288 -0.000137363 0.00281065 0.00508658 0.0113014 0.00221519 0.00676471
internal_weight=761 728 338 231 73 158 85
internal_count=761 728 338 231 73 158 85
is_linear=0
shrinkage=0.05


Tree=9
num_leaves=8
num_cat=0
split_feature=8 16 7 9 12 9 11
split_gain=2.53539 1.70654 2.29366 2.13474 1.77231 1.70855 1.18872
threshold=0.30756617791064439 0.045115839100076556 0.058757892735635371 -0.063070434982593723 -0.014960350168733092 0.0055581343431935224 0.016901262896916184
decision_type=8 2 2 8 2 8 2
left_child=1 3 -3 4 -1 -5 -7
right_child=-2 2 -4 5 -6 6 -8
leaf_value=7.6455546425514768e-07 -0.00036753132656112833 0.00060599398695095237 -0.00012304098307244649 -0.00057064737246872814 0.00084194843948252234 1.1412709385184524e-06 -0.00015430417675516589
leaf_weight=50 49 35 29 52 41 403 79
leaf_count=50 49 35 29 52 41 403 79
internal_value=-0.000745257 3.62845e-05 0.0078125 -0.00076 0.00631868 -0.00196629 -0.00103734
internal_weight=738 689 64 625 91 534 482
internal_count=738 689 64 625 91 534 482
is_linear=0
shrinkage=0.05


Tree=10
num_leaves=8
num_cat=0
split_feature=8 7 1 12 16 11 0
split_gain=2.75806 2.27739 2.02737 1.31195 2.08463 1.92837 1.86859
threshold=0.30756617791064439 0.022537140902587075 -0.045186107265984814 0.028022434597805738 0.028835116586018342 0.00066761306825102739 0.011561071640457722
decision_type=8 2 2 2 2 2 2
left_child=1 2 -1 4 5 -3 -5
right_child=-2 3 -4 6 -6 -7 -8
leaf_value=-8.6475644766929925e-05 -0.00029411250463077805 -8.7105467720374001e-05 0.00027832608942594372 -7.0863100008411223e-05 8.8773662845535755e-05 -0.00052679130945727229 0.00018447965598976051
leaf_weight=109 49 79 224 101 51 54 81
leaf_count=109 49 79 224 101 51 54 81
internal_value=-0.00026738 0.000536481 0.00352853 -0.00218579 -0.00516304 -0.00845865 0.000824176
internal_weight=748 699 333 366 184 133 182
internal_count=748 699 333 366 184 133 182
is_linear=0
shrinkage=0.05


Tree=11
num_leaves=8
num_cat=0
split_feature=8 14 11 7 8 0 0
split_gain=2.73319 2.06834 1.90466 1.78 1.443 1.60859 2.25091
threshold=0.24637766835354849 -0.022227674526148929 -0.022024026906729662 0.066537733898622067 0.11840415961749963 0.013869111500759647 0.001105384915072616
decision_type=8 2 2 2 10 2 2
left_child=1 3 -3 4 5 6 -1
right_child=-2 2 -4 -5 -6 -7 -8
leaf_value=0.00025990800203115426 -0.00030692800720038605 0.00072349194445173507 -7.3469771391720192e-05 -8.3374227157862011e-05 0.000731316050435533 -1.7514410674109172e-05 0.00088985048290649786
leaf_weight=52 66 43 391 48 30 81 35
leaf_count=52 66 43 391 48 30 81 35
internal_value=-0.000134048 0.000808824 -0.00126728 0.00447154 0.00656566 0.0047619 0.00948276
internal_weight=746 680 434 246 198 168 87
internal_count=746 680 434 246 198 168 87
is_linear=0
shrinkage=0.05


Tree=12
num_leaves=8
num_cat=0
split_feature=8 8 16 15 8 16 11
split_gain=1.68368 1.37969 1.6634 1.57094 1.32279 1.16499 1.55773
threshold=0.39131861818645591 -0.077151906985343396 -0.013642674793240937 -0.0077238681917041743 -0.04921264239346828 -0.024733136194870883 0.00066761306825102739
decision_type=8 10 2 2 10 2 2
left_child=1 2 3 -1 -3 -6 -7
right_child=-2 4 -4 -5 5 6 -8
leaf_value=0.0004433452232068645 -0.00028203706063979501 -0.00060217746953942608 0.00043334187055172626 -0.00081241720937293019 -0.00030035438478375203 0.00021599586245493372 -2.8601313773556358e-05
leaf_weight=33 30 46 56 26 48 131 356
leaf_count=33 30 46 56 26 48 131 356
internal_value=-6.88705e-05 0.000431034 0.00543478 -0.000423729 -0.00055938 0.000140187 0.00087269
internal_weight=726 696 115 59 581 535 487
internal_count=726 696 115 59 581 535 487
is_linear=0
shrinkage=0.05


Tree=13
num_leaves=8
num_cat=0
split_feature=8 0 14 4 8 14 10
split_gain=2.32816 1.84902 2.01184 2.39255 3.13678 2.38766 2.0288
threshold=0.24637766835354849 0.039685082691073521 -0.016284077904727075 0.033681150172333439 0.10632626717428063 -0.0049345356588886271 0.0023061717874046654
decision_type=8 2 2 2 10 2 2
left_child=1 2 -1 4 -4 -5 -7
right_child=-2 -3 3 5 -6 6 -8
leaf_value=0.00018534564845675803 -0.00033394086881674231 -0.00045276209234652702 -5.1320363836786711e-05 -0.00053934875492734843 -0.00029468161462096039 0.00037003650440980577 -0.00044363441229175688
leaf_weight=247 68 43 124 29 48 158 25
leaf_count=247 68 43 124 29 48 158 25
internal_value=-0.00074124 0.000148368 0.000832013 -0.00143229 -0.00581395 0.00212264 0.00423497
internal_weight=742 674 631 384 172 212 183
internal_count=742 674 631 384 172 212 183
is_linear=0
shrinkage=0.05


Tree=14
num_leaves=8
num_cat=0
split_feature=8 14 5 5 14 6 5
split_gain=1.52199 1.38287 2.29387 1.81258 1.95048 1.6625 1.76846
threshold=0.29849993172564787 -0.022450840204273455 0.026375697005320553 0.022903253521325103 -0.035874657899562339 -0.16511360933898075 0.019299445701932431
decision_type=8 2 2 2 2 2 2
left_child=1 3 -3 5 -5 6 -1
right_child=-2 2 -4 4 -6 -7 -8
leaf_value=0.00023617330185141499 -0.00023326158256639298 -0.00010352926057047045 0.00024314331418278008 -0.00020489956127796541 0.00045922498808184995 2.0016118013485607e-05 0.00061474846825168832
leaf_weight=50 53 321 105 80 25 64 26
leaf_count=50 53 321 105 80 25 64 26
internal_value=0.000138122 0.000782414 -0.000938967 0.00377551 -0.00119048 0.0075 0.0125
internal_weight=724 671 426 245 105 140 76
internal_count=724 671 426 245 105 140 76
is_linear=0
shrinkage=0.05


Tree=15
num_leaves=8
num_cat=0
split_feature=7 11 12 14 15 9 14
split_gain=1.5438 2.00486 1.81291 1.62891 1.58434 1.72654 1.39445
threshold=0.063615247362043395 0.030023740679380188 0.038572714980084973 -0.067583665573298909 0.0051791763290226509 0.038797245858742786 -0.054330610723124943
decision_type=2 2 2 2 2 10 2
left_child=1 3 4 -1 5 -2 -5
right_child=2 -3 -4 6 -6 -7 -8
leaf_value=0.00026106833119433583 -0.00028517008085979028 0.00046638259745358855 4.8764046933125107e-05 -0.00044014667935046264 -0.0007058073367243213 7.8518359457475852e-05 1.3526959552889361e-05
leaf_weight=69 25 29 58 28 41 40 442
leaf_count=69 25 29 58 28 41 40 442
internal_value=0.000614754 0.00184859 -0.00365854 0.00115955 -0.00754717 -0.00269231 0.000106383
internal_weight=732 568 164 539 106 65 470
internal_count=732 568 164 539 106 65 470
is_linear=0
shrinkage=0.05


Tree=16
num_leaves=8
num_cat=0
split_feature=0 11 14 14 14 12 11
split_gain=1.36173 2.39564 1.20384 2.1277 2.51696 1.98284 2.01524
threshold=-0.040877364661779485 -0.019621569956091153 -0.015974596701323503 0.047142331582309634 0.072802606011034846 0.04024441514895117 0.011634052199270497
decision_type=2 2 2 2 2 2 2
left_child=-1 -2 -3 5 -5 -4 -7
right_child=1 2 3 4 -6 6 -8
leaf_value=-0.00030441314619306808 0.00060835096530691417 5.4613670006321556e-05 -0.0002554157034333999 0.0003580475788000294 -0.00012557846796137822 0.00036817103145892372 -0.00019531370562265288
leaf_weight=45 68 276 189 45 53 40 35
leaf_count=45 68 276 189 45 53 40 35
internal_value=9.98668e-05 0.000637394 -0.00031348 -0.00220994 0.00408163 -0.00454545 0.00233333
internal_weight=751 706 638 362 98 264 75
internal_count=751 706 638 362 98 264 75
is_linear=0
shrinkage=0.05


Tree=17
num_leaves=8
num_cat=0
split_feature=7 6 16 16 9 2 9
split_gain=1.97953 1.72969 1.43255 1.69127 1.37894 1.40375 1.30463
threshold=0.046599272029607348 1.8539390133297327 0.043520562271840875 0.02781390015284391 -0.063070434982593723 -0.077087905133898724 0.20317953274717573
decision_type=2 2 2 2 8 2 8
left_child=1 2 3 4 -1 -6 -2
right_child=6 -3 -4 -5 5 -7 -8
leaf_value=0.00054956640530245797 -0.00011989400003557944 -0.00050689373511585254 0.0005408271148154999 -0.00046397682726721741 -0.00036386851931865345 6.4054877521268805e-05 -5.3641297694669185e-05
leaf_weight=67 102 26 31 47 50 254 167
leaf_count=67 102 26 31 47 50 254 167
internal_value=-0.00094086 0.001 0.00172606 0.000956938 0.00208895 0.000657895 -0.00436803
internal_weight=744 475 449 418 371 304 269
internal_count=744 475 449 418 371 304 269
is_linear=0
shrinkage=0.05


Tree=18
num_leaves=8
num_cat=0
split_feature=8 6 0 11 15 8 4
split_gain=2.22299 1.14926 2.47577 1.67314 3.03123 2.67942 1.64035
threshold=0.39131861818645591 -0.38531975413716596 -0.016255169260834753 -0.0013567736689930052 0.0025177852704698638 0.057449108232850106 0.034588857077606991
decision_type=8 2 2 2 2 10 2
left_child=1 2 -1 -4 6 -6 -5
right_child=-2 -3 3 4 5 -7 -8
leaf_value=-0.00045313981348012102 -0.00026186425696160819 -3.8302769033444151e-05 0.00041353656019578678 -0.0001926427599491899 -8.9119060496901852e-05 0.00057814684334671124 1.2348291444465374e-05
leaf_weight=41 31 413 83 34 52 61 35
leaf_count=41 31 413 83 34 52 61 35
internal_value=-0.0006 -3.47705e-05 0.00228758 0.0040566 0.00137363 0.00641593 -0.00688406
internal_weight=750 719 306 265 182 113 69
internal_count=750 719 306 265 182 113 69
is_linear=0
shrinkage=0.05


Tree=19
num_leaves=8
num_cat=0
split_feature=7 12 2 9 9 7 15
split_gain=1.9942 1.55852 2.33823 1.74178 1.35821 1.44743 1.5044
threshold=0.036312889739201444 -0.014960350168733092 -0.1265615934437683 -0.11804159518959499 -0.063070434982593723 -0.025519027936178103 -0.0034730253522038397
decision_type=2 2 2 10 8 2 2
left_child=1 2 -1 -4 -3 6 -6
right_child=-2 4 3 -5 5 -7 -8
leaf_value=0.00060764724003649687 -7.3272867411543037e-05 0.000755183036816895 -0.00046884400968640538 2.6687298866282007e-05 0.00055748266950524181 0.00030509943383258474 -0.00030065903983953141
leaf_weight=39 330 34 54 25 26 168 65
leaf_count=39 330 34 54 25 26 168 65
internal_value=-0.000438596 0.00188564 -0.0029661 -0.00791139 0.00383959 0.00260618 -0.00247253
internal_weight=741 411 118 79 293 259 91
internal_count=741 411 118 79 293 259 91
is_linear=0
shrinkage=0.05


Tree=20
num_leaves=8
num_cat=0
split_feature=7 16 16 14 16 4 15
split_gain=1.70003 2.23217 1.36197 1.72178 1.87972 1.08097 2.51155
threshold=0.046599272029607348 0.038626385256018365 0.02781390015284391 -0.01759756320211869 -0.018612540947356201 0.031825825345130627 0.015759998124847189
decision_type=2 2 2 2 2 2 2
left_child=1 2 3 4 -1 -2 -7
right_child=5 -3 -4 -5 -6 6 -8
leaf_value=-0.00040691755054868902 -0.00014781171681190511 0.00057466776627367597 -0.00068694110504261973 -2.9635388231595296e-05 0.00023751797876819813 2.1946705061612771e-05 -0.00093256488064178376
leaf_weight=35 96 42 38 246 108 147 27
leaf_count=35 96 42 38 246 108 147 27
internal_value=-0.000913396 0.000906183 -0.000175644 0.000706941 0.00506993 -0.00407407 -0.00172414
internal_weight=739 469 427 389 143 270 174
internal_count=739 469 427 389 143 270 174
is_linear=0
shrinkage=0.05


end of trees

feature_importances:
dist_ma20=19
dist_ma50=18
spy_ret_20d=16
sector_ret_5d=15
vix_chg_1d=12
dist_ma200=11
ret_1d=10
spy_ret_5d=10
dvol_z_20=7
sector_ret_1d=7
atr_pct=5
ret_20d=4
parkinson_20=4
spy_ret_1d=3
ret_5d=2
overnight_gap=2
vix_level=2

parameters:
[boosting: gbdt]
[objective: quantile]
[metric: quantile]
[tree_learner: serial]
[device_type: cpu]
[data_sample_strategy: bagging]
[data: ]
[valid: ]
[num_iterations: 80]
[learning_rate: 0.05]
[num_leaves: 8]
[num_threads: 1]
[seed: 0]
[deterministic: 0]
[force_col_wise: 1]
[force_row_wise: 0]
[histogram_pool_size: -1]
[max_depth: -1]
[min_data_in_leaf: 25]
[min_sum_hessian_in_leaf: 0.001]
[bagging_fraction: 0.9]
[pos_bagging_fraction: 1]
[neg_bagging_fraction: 1]
[bagging_freq: 1]
[bagging_seed: 3]
[bagging_by_query: 0]
[feature_fraction: 0.9]
[feature_fraction_bynode: 1]
[feature_fraction_seed: 2]
[extra_trees: 0]
[extra_seed: 6]
[early_stopping_round: 0]
[early_stopping_min_delta: 0]
[first_metric_only: 0]
[max_delta_step: 0]
[lambda_l1: 0]
[lambda_l2: 0]
[linear_lambda: 0]
[min_gain_to_split: 0]
[drop_rate: 0.1]
[max_drop: 50]
[skip_drop: 0.5]
[xgboost_dart_mode: 0]
[uniform_drop: 0]
[drop_seed: 4]
[top_rate: 0.2]
[other_rate: 0.1]
[min_data_per_group: 100]
[max_cat_threshold: 32]
[cat_l2: 10]
[cat_smooth: 10]
[max_cat_to_onehot: 4]
[top_k: 20]
[monotone_constraints: ]
[monotone_constraints_method: basic]
[monotone_penalty: 0]
[feature_contri: ]
[forcedsplits_filename: ]
[refit_decay_rate: 0.9]
[cegb_tradeoff: 1]
[cegb_penalty_split: 0]
[cegb_penalty_feature_lazy: ]
[cegb_penalty_feature_coupled: ]
[path_smooth: 0]
[interaction_constraints: ]
[verbosity: -1]
[saved_feature_importance_type: 0]
[use_quantized_grad: 0]
[num_grad_quant_bins: 4]
[quant_train_renew_leaf: 0]
[stochastic_rounding: 1]
[linear_tree: 0]
[max_bin: 255]
[max_bin_by_feature: ]
[min_data_in_bin: 3]
[bin_construct_sample_cnt: 200000]
[data_random_seed: 1]
[is_enable_sparse: 1]
[enable_bundle: 1]
[use_missing: 1]
[zero_as_missing: 0]
[feature_pre_filter: 1]
[pre_partition: 0]
[two_round: 0]
[header: 0]
[label_column: ]
[weight_column: ]
[group_column: ]
[ignore_column: ]
[categorical_feature: ]
[forcedbins_filename: ]
[precise_float_parser: 0]
[parser_config_file: ]
[objective_seed: 5]
[num_class: 1]
[is_unbalance: 0]
[scale_pos_weight: 1]
[sigmoid: 1]
[boost_from_average: 1]
[reg_sqrt: 0]
[alpha: 0.5]
[fair_c: 1]
[poisson_max_delta_step: 0.7]
[tweedie_variance_power: 1.5]
[lambdarank_truncation_level: 30]
[lambdarank_norm: 1]
[label_gain: ]
[lambdarank_position_bias_regularization: 0]
[eval_at: ]
[multi_error_top_k: 1]
[auc_mu_weights: ]
[num_machines: 1]
[local_listen_port: 12400]
[time_out: 120]
[machine_list_filename: ]
[machines: ]
[gpu_platform_id: -1]
[gpu_device_id: -1]
[gpu_device_id_list: ]
[gpu_use_dp: 0]
[num_gpu: 1]

end of parameters

pandas_categorical:[]
