tree
version=v4
num_class=1
num_tree_per_iteration=1
label_index=0
max_feature_idx=16
objective=quantile
feature_names=ret_1d ret_5d ret_20d overnight_gap atr_pct parkinson_20 dvol_z_20 dist_ma20 dist_ma50 dist_ma200 spy_ret_1d spy_ret_5d spy_ret_20d vix_level vix_chg_1d sector_ret_1d sector_ret_5d
feature_infos=[-0.18986675890553528:0.31618414872047662] [-0.23185090952034815:0.37897065237446448] [-0.39706388959575045:0.49020075724271917] [-0.15371937028399285:0.31702929796999757] [0.01851853048980125:0.093606363791301703] [0.012022645129931278:0.047163510958427461] [-2.012047754453643:4.2969542538592282] [-0.25159236227418114:0.40633461932678117] [-0.33642083249829491:0.50347899131198903] [-0.3853003509764259:1.0087812711669368] [-0.058542971330535654:0.10501930183911301] [-0.11496151859245618:0.082843162776128354] [-0.1226559005192206:0.15756591020035837] [11.859999656677246:52.330001831054688] [-0.35753873962348437:0.74039073966007019] [-0.068247998544687438:0.13425697132599002] [-0.13587196028298487:0.11773217696052685]
tree_sizes=820 847 859 847 857 859 854 855 852 858 858 865 855 864 857 867 855 856 863 867 863 869 861 852 863 871 860

Tree=0
num_leaves=8
num_cat=0
split_feature=2 6 16 5 16 14 12
split_gain=3.20754 1.76112 1.39636 1.10868 1.02428 0.846797 0.463129
threshold=-0.17550361848181392 1.9667594489687636 0.0039606467991071268 0.021504808413355322 0.048443358893376483 0.10157519013318318 -0.032606247407298776
decision_type=2 2 2 2 2 2 2
left_child=-1 3 -3 -2 5 6 -5
right_child=1 2 -4 4 -6 -7 -8
leaf_value=0.048608022655831681 0.04655157795873921 0.047012174065463694 0.050541292810428608 0.047916860137978287 0.048818576908836599 0.04755835960586894 0.04698255638998354
leaf_weight=32 372 25 30 25 37 27 198
leaf_count=32 372 25 30 25 37 27 198
internal_value=0.0470575 0.0463634 0.0549591 0.045646 0.0479809 0.0468318 0.0458192
internal_weight=746 714 55 659 287 250 223
internal_count=746 714 55 659 287 250 223
is_linear=0
shrinkage=1


Tree=1
num_leaves=8
num_cat=0
split_feature=8 5 0 14 9 12 10
split_gain=2.60924 1.68001 0.948462 0.882886 0.823362 0.780375 0.714152
threshold=-0.1618891420903 0.021504808413355322 0.0350240007741578 0.06028471113356227 0.1899195229335047 0.028194980259768524 0.00090086479202544656
decision_type=8 2 2 2 10 2 2
left_child=-1 -2 3 5 -4 -3 -7
right_child=1 2 4 -5 -6 6 -8
leaf_value=0.001486879484381063 -0.00051523601284340643 -0.00023576881435348961 0.00014177679654564615 0.00071670086090267306 0.0017715134251634049 0.0013554951706912953 0.00028735153940818813
leaf_weight=27 398 130 27 44 25 26 56
leaf_count=27 398 130 27 44 25 26 56
internal_value=0.000115961 -0.000467423 0.00230519 0.00105469 0.00846154 -0.00028302 0.00353658
internal_weight=733 706 308 256 52 212 82
internal_count=733 706 308 256 52 212 82
is_linear=0
shrinkage=0.05


Tree=2
num_leaves=8
num_cat=0
split_feature=4 6 16 16 5 12 12
split_gain=2.31816 2.55334 1.14026 0.713733 0.570677 0.594068 0.517866
threshold=0.06845498389407341 1.9667594489687636 -0.029864869151533021 0.0043293657204419586 0.021681069391031014 0.033859916134082464 -0.027198413534659901
decision_type=2 2 2 2 2 2 2
left_child=1 2 6 -3 -4 -6 -1
right_child=-2 3 4 -5 5 -7 -8
leaf_value=-0.00019316899780422189 0.0018550230518647748 6.9328072479029612e-05 -0.00067830551993394239 0.0024317546048628776 -0.00021881808197775875 0.0012795189028720808 0.00057459667280490209
leaf_weight=27 26 25 348 31 187 57 44
leaf_count=27 26 25 348 31 187 57 44
internal_value=-0.000436243 -0.000966621 -0.00183258 0.00928571 -0.00255068 -0.000696723 0.00415493
internal_weight=745 719 663 56 592 244 71
internal_count=745 719 663 56 592 244 71
is_linear=0
shrinkage=0.05


Tree=3
num_leaves=8
num_cat=0
split_feature=4 6 13 10 9 9 2
split_gain=2.02119 1.27094 0.987395 0.651855 0.640212 0.497567 0.779549
threshold=0.06845498389407341 1.9667594489687636 21.82499980926514 0.0010681623083543814 -0.13382419813845334 -0.047609257065824744 -0.072091702079504036
decision_type=2 2 2 2 10 8 2
left_child=1 2 5 -3 -4 6 -1
right_child=-2 3 4 -5 -6 -7 -8
leaf_value=-0.00030830795139185653 0.0015173270675179567 0.0019353258327188918 -0.00024442224196875471 0.00030087704160081341 0.001116513620097824 -0.00042809608848074746 0.0007177934331800361
leaf_weight=38 28 26 27 25 36 532 25
leaf_count=38 28 26 27 25 36 532 25
internal_value=-0.000318861 -0.000839211 -0.00142857 0.0067647 0.00452381 -0.00205882 0.00214286
internal_weight=737 709 658 51 63 595 63
internal_count=737 709 658 51 63 595 63
is_linear=0
shrinkage=0.05


Tree=4
num_leaves=8
num_cat=0
split_feature=2 6 16 4 16 1 1
split_gain=2.15763 1.36219 1.16932 0.882903 0.939225 0.64782 0.84652
threshold=-0.17550361848181392 1.9667594489687636 0.0043293657204419586 0.035552974738436285 0.048443358893376483 -0.027020326198133989 0.052227907303923689
decision_type=2 2 2 2 2 2 2
left_child=-1 3 -3 -2 5 -5 -7
right_child=1 2 -4 4 -6 6 -8
leaf_value=0.0012273120959266992 -0.0006585121317804959 -3.1377847695924429e-05 0.0028471417022074988 -0.00050931153946256048 0.0015660319605242706 0.00052822025743603314 -0.00061133142096829777
leaf_weight=27 331 26 30 98 40 124 67
leaf_count=27 331 26 30 98 40 124 67
internal_value=-0.000356663 -0.000879889 0.00660714 -0.00151515 0.000319148 -0.000674742 0.00102094
internal_weight=743 716 56 660 329 289 191
internal_count=743 716 56 660 329 289 191
is_linear=0
shrinkage=0.05


Tree=5
num_leaves=8
num_cat=0
split_feature=4 6 16 9 9 12 9
split_gain=2.25131 1.36682 1.12061 0.542173 1.29908 0.535275 0.472598
threshold=0.06845498389407341 1.9667594489687636 0.0043293657204419586 -0.14695833715663106 -0.082216290441587389 -0.022997185287748575 0.56012925441416084
decision_type=2 2 2 10 10 2 10
left_child=1 3 -3 -1 -5 -6 -7
right_child=-2 2 -4 4 5 6 -8
leaf_value=-0.00070773631138543332 0.0014762809001142886 -0.00010456442010189013 0.0027047846170971234 0.0008994518802056614 0.00051314240254436564 -0.00023009480095070541 0.0022190984372905571
leaf_weight=187 26 25 30 26 36 369 33
leaf_count=187 26 25 30 26 36 369 33
internal_value=-0.00021858 -0.000750709 0.00681818 -0.00139017 -0.000474139 -0.00111872 -0.00164179
internal_weight=732 706 55 651 464 438 402
internal_count=732 706 55 651 464 438 402
is_linear=0
shrinkage=0.05


Tree=6
num_leaves=8
num_cat=0
split_feature=4 3 14 4 6 3 0
split_gain=1.57358 1.18659 0.686486 0.483727 0.596983 1.09642 1.04195
threshold=0.06845498389407341 -0.014079056204616578 -0.00064785032559577782 0.035552974738436285 0.012501095081133571 0.0058522379253256327 -0.020152297829337081
decision_type=2 2 2 2 2 2 2
left_child=1 2 -1 -3 6 -6 -5
right_child=-2 3 -4 4 5 -7 -8
leaf_value=0.0017971332761329999 0.0012020297529191507 -0.00058883821218462409 4.3072659432725685e-06 0.00051511943364665382 -0.00032453634288202502 0.0012150612227501344 -0.00022910977372193227
leaf_weight=29 29 322 51 31 41 59 182
leaf_count=29 29 322 51 31 41 59 182
internal_value=-0.000900539 -0.00136364 0.004375 -0.00208662 -0.000686902 0.0025 -0.0021831
internal_weight=744 715 80 635 313 100 213
internal_count=744 715 80 635 313 100 213
is_linear=0
shrinkage=0.05


Tree=7
num_leaves=8
num_cat=0
split_feature=4 5 6 1 1 8 0
split_gain=2.17459 0.819096 0.802339 0.417285 0.783217 1.37892 0.466949
threshold=0.06845498389407341 0.021332259514316967 1.6437296838302096 0.012222805077363065 0.052227907303923689 0.048992187873015521 -0.022484533861380104
decision_type=2 2 2 2 2 10 2
left_child=1 -1 3 6 5 -5 -3
right_child=-2 2 -4 4 -6 -7 -8
leaf_value=-0.00044676860991627981 0.0014256510061980466 0.0004893634126476304 0.0010481794717744947 -2.4235042417909823e-05 -0.00015728490943535606 0.0020381802954885985 -0.00021952182243570157
leaf_weight=397 28 41 30 27 91 25 101
leaf_count=397 28 41 30 27 91 25 101
internal_value=-0.000810812 -0.00134832 0.000555554 -0.000263159 0.00164336 0.00653846 -0.0021831
internal_weight=740 712 315 285 143 52 142
internal_count=740 712 315 285 143 52 142
is_linear=0
shrinkage=0.05


Tree=8
num_leaves=8
num_cat=0
split_feature=4 3 1 2 3 14 9
split_gain=1.2449 1.20734 0.936786 1.06745 0.45176 0.725593 0.683601
threshold=0.06845498389407341 -0.014079056204616578 -0.040452325151495043 0.035344813648931724 0.0095568795912133204 0.038811658900465458 0.24663794966994548
decision_type=2 2 2 2 2 2 10
left_child=1 2 -1 -4 -3 6 -6
right_child=-2 4 3 -5 5 -7 -8
leaf_value=-0.00050023505365724545 0.0013786371603979972 -0.00029492184733004024 0.00090507517594692281 0.0012728210698341564 -0.00040643652281426306 0.00095186438824123578 0.0010484640360262762
leaf_weight=27 27 496 27 30 82 27 45
leaf_count=27 27 496 27 30 82 27 45
internal_value=-0.000729305 -0.00111717 0.00452381 0.00815789 -0.00184616 0.000519479 -0.00106299
internal_weight=761 734 84 57 650 154 127
internal_count=761 734 84 57 650 154 127
is_linear=0
shrinkage=0.05


Tree=9
num_leaves=8
num_cat=0
split_feature=4 5 12 5 15 9 5
split_gain=1.6593 0.88703 0.53882 0.560042 0.446673 0.585544 0.438422
threshold=0.06845498389407341 0.021332259514316967 0.033859916134082464 0.029080862996263179 -0.0059524290389580395 -0.042852871984000056 0.029493256832854864
decision_type=2 2 2 2 2 10 2
left_child=1 -1 4 -4 5 -3 -6
right_child=-2 2 3 -5 6 -7 -8
leaf_value=-0.00050521737086122451 0.0012854365978682445 0.00055294556404678183 0.0024917680545468415 0.00011105136191693807 -0.00021871153239801271 -3.6243905478557299e-05 0.00091312647393029648
leaf_weight=389 28 25 31 37 137 53 38
leaf_count=389 28 25 31 37 137 53 38
internal_value=-0.00086721 -0.00133803 0.000607475 0.00455882 -0.000454547 0.00269231 -0.00185714
internal_weight=738 710 321 68 253 78 175
internal_count=738 710 321 68 253 78 175
is_linear=0
shrinkage=0.05


Tree=10
num_leaves=8
num_cat=0
split_feature=4 4 6 0 6 6 7
split_gain=1.41029 0.798277 0.818077 0.676183 0.686512 0.659202 0.499959
threshold=0.066564491861971692 0.036263862891844585 2.1578244963070432 -0.020152297829337081 0.13051015652315098 0.071734049972326713 0.074198301021445659
decision_type=2 2 2 2 2 2 2
left_child=1 -1 3 5 6 -3 -5
right_child=-2 2 -4 4 -6 -7 -8
leaf_value=-0.00036100867496955915 0.0012697021769945383 0.00053921025203374287 0.00086687181036792279 -0.00034317427055820471 0.00031455291356008273 -0.00035656778811858815 0.00074418941725261411
leaf_weight=382 26 43 25 151 45 31 45
leaf_count=382 26 43 25 151 45 31 45
internal_value=-0.00105615 -0.00146815 0.000294116 -0.000396827 -0.0016805 0.00378378 -0.00295918
internal_weight=748 722 340 315 241 74 196
internal_count=748 722 340 315 241 74 196
is_linear=0
shrinkage=0.05


Tree=11
num_leaves=8
num_cat=0
split_feature=4 6 16 15 10 10 6
split_gain=1.17843 0.767283 0.714285 0.409352 0.591963 0.263746 0.411236
threshold=0.06845498389407341 2.1725504131588722 -0.046290294771689826 0.0018874120505504301 -0.00038724572548481934 0.012161923601447857 0.66158660918470336
decision_type=2 2 2 2 2 2 2
left_child=1 2 -1 -4 -5 6 -6
right_child=-2 -3 3 4 5 -7 -8
leaf_value=0.00042592795525602786 0.0011576796591251052 0.00073891348951154079 -0.00033021350949828074 0.001185631072203639 -0.00021878404848211407 -0.0004594462673974157 0.0001751677749567554
leaf_weight=26 28 44 310 26 239 42 31
leaf_count=26 28 44 310 26 239 42 31
internal_value=-0.000777481 -0.00116992 -0.00158754 -0.00191358 -0.00071006 -0.0013141 -0.000740742
internal_weight=746 718 674 648 338 312 270
internal_count=746 718 674 648 338 312 270
is_linear=0
shrinkage=0.05


Tree=12
num_leaves=8
num_cat=0
split_feature=4 4 6 0 6 8 12
split_gain=1.25066 0.713273 0.900038 0.500209 0.941176 0.53404 0.637401
threshold=0.03422393211329483 0.06845498389407341 2.1725504131588722 -0.021660663742692262 0.10130968462559618 0.051028063025064914 0.033123011585089464
decision_type=2 2 2 2 2 10 2
left_child=-1 2 3 4 -2 -5 -7
right_child=1 -3 -4 5 -6 6 -8
leaf_value=-0.00055072384978440542 0.00051003454388197421 0.0010755269716589968 0.0010833139130350022 -0.00030064655737031186 -0.00031626971207129 -0.00018312176608166882 0.001469400256114128
leaf_weight=317 34 29 28 150 34 102 32
leaf_count=317 34 29 28 150 34 102 32
internal_value=-0.000592288 0.00123472 0.000657894 -2.84103e-05 0.00382353 -0.000950705 0.00134328
internal_weight=726 409 380 352 68 284 134
internal_count=726 409 380 352 68 284 134
is_linear=0
shrinkage=0.05


Tree=13
num_leaves=8
num_cat=0
split_feature=4 6 4 4 0 16 16
split_gain=0.901509 0.724339 0.755938 0.561214 0.567217 0.502045 0.678788
threshold=0.028958176303706149 2.1725504131588722 0.06845498389407341 0.030214439346242631 -0.022484533861380104 -0.00095110220205207863 -0.029864869151533021
decision_type=2 2 2 2 2 2 2
left_child=-1 2 3 -2 5 6 -5
right_child=1 -3 -4 4 -6 -7 -8
leaf_value=-0.00064823833938047011 0.00052792667280427319 0.00062529939013760522 0.0010945567366056059 0.00045302643383316138 -0.00019936929469690346 0.00078052884276596059 -0.00035015817391661341
leaf_weight=202 25 36 26 27 373 25 28
leaf_count=202 25 36 26 27 373 25 28
internal_value=-0.000417791 0.000648147 0.000158729 -0.000292888 -0.000695365 0.003125 0.000454544
internal_weight=742 540 504 478 453 80 55
internal_count=742 540 504 478 453 80 55
is_linear=0
shrinkage=0.05


Tree=14
num_leaves=8
num_cat=0
split_feature=13 6 16 11 8 2 12
split_gain=0.639298 0.513406 0.624257 0.913303 0.585064 1.32255 1.68056
threshold=25.505000114440922 2.1725504131588722 0.048443358893376483 0.036250382984596159 0.086037642955761454 0.064693195136433138 0.035732365029541142
decision_type=2 2 2 2 8 2 2
left_child=1 2 4 -4 5 -1 -7
right_child=-2 -3 3 -5 -6 6 -8
leaf_value=-0.00019748426865640845 0.0011037757236548314 0.00061653714987733343 0.0021986973604604817 -0.00025399245373676108 -0.0004604796408056231 0.00071454361448645618 -0.00053234947012777872
leaf_weight=283 25 44 26 25 249 36 36
leaf_count=283 25 44 26 25 249 36 36
internal_value=-0.000856355 -0.00113734 -0.00148855 0.00382353 -0.00193709 -0.000633804 0.00541667
internal_weight=724 699 655 51 604 355 72
internal_count=724 699 655 51 604 355 72
is_linear=0
shrinkage=0.05


Tree=15
num_leaves=8
num_cat=0
split_feature=4 1 16 3 4 11 16
split_gain=0.803567 0.741544 0.937503 0.810698 0.983559 0.645347 1.15418
threshold=0.035005658205250402 -0.022890371956098495 -0.045426613673476827 -0.015930063232377164 0.053454007515481128 0.0019507060207528684 -0.013281438354785234
decision_type=2 2 2 2 2 2 2
left_child=-1 2 -2 -3 5 6 -5
right_child=1 3 -4 4 -6 -7 -8
leaf_value=-0.00026926033081296964 0.00048942713365428877 0.001218937326864777 -0.00030032610546199424 -4.3229004557977059e-05 0.00083789388479231269 -0.00025325727308281694 0.00099459927751843389
leaf_weight=345 26 29 106 32 40 128 26
leaf_count=345 26 29 106 32 40 128 26
internal_value=-0.000491804 0.00107235 -0.0019697 0.00264706 0.00163717 0.000107526 0.00448276
internal_weight=732 387 132 255 226 186 58
internal_count=732 387 132 255 226 186 58
is_linear=0
shrinkage=0.05


Tree=16
num_leaves=8
num_cat=0
split_feature=16 7 3 16 1 7 0
split_gain=0.894131 0.947434 0.849943 0.996076 0.801335 0.55702 0.933838
threshold=0.048443358893376483 0.058024379362432217 -0.014079056204616578 -0.035579500804644275 0.0013345842509379093 0.092521430670980967 0.02057249592333699
decision_type=2 2 2 2 2 2 2
left_child=2 -2 4 -4 -1 -5 -7
right_child=1 -3 3 5 -6 6 -8
leaf_value=-9.1959261806598175e-05 0.001153849879803897 -0.00023391383680383161 0.00035473196012621356 -0.00037269789916817922 0.0011756932043705598 -0.0004225555538167182 0.00062102302098996785
leaf_weight=57 26 33 51 493 25 36 30
leaf_count=57 26 33 51 493 25 36 30
internal_value=-0.000739016 0.00516949 -0.00124278 -0.00188525 0.00353658 -0.00249553 0.00181818
internal_weight=751 59 692 610 82 559 66
internal_count=751 59 692 610 82 559 66
is_linear=0
shrinkage=0.05


Tree=17
num_leaves=8
num_cat=0
split_feature=2 9 9 9 2 10 16
split_gain=1.31487 0.724703 0.491409 0.662567 0.875 0.65192 0.583328
threshold=-0.17550361848181392 0.59231921857841285 0.32791479195793033 0.23925919423996658 0.068177428635159201 0.010510737947986739 0.048443358893376483
decision_type=2 10 8 10 2 2 2
left_child=-1 2 3 5 -5 -2 -4
right_child=1 -3 6 4 -6 -7 -8
leaf_value=0.00057977753256183812 -0.0002172651156143548 0.0012141559536728869 -0.00045722307563511252 -0.00046218176950876111 0.001311507995863952 0.00046471900004263077 0.00079699373021719679
leaf_weight=31 304 37 262 28 28 26 28
leaf_count=31 304 37 262 28 28 26 28
internal_value=-0.000564517 -0.00100281 -0.00137574 -0.000207255 0.00482143 -0.00106061 -0.00293104
internal_weight=744 713 676 386 56 330 290
internal_count=744 713 676 386 56 330 290
is_linear=0
shrinkage=0.05


Tree=18
num_leaves=8
num_cat=0
split_feature=4 6 14 16 3 4 2
split_gain=0.910424 0.825809 0.516027 0.582717 0.457578 0.767093 0.531942
threshold=0.03422393211329483 2.1725504131588722 0.11365091649526195 0.048443358893376483 0.0044804465652283918 0.039589164469930938 -0.08658921803928675
decision_type=2 2 2 2 2 2 2
left_child=-1 2 3 4 -2 -6 -7
right_child=1 -3 -4 -5 5 6 -8
leaf_value=-0.00034960989265622901 -0.00020810066394953052 0.00084282500836887109 0.00050259718850538873 0.00097697697537817477 0.00023504952102864423 0.00056992212123879206 -0.00021684710900181435
leaf_weight=324 183 28 36 44 42 25 68
leaf_count=324 183 28 36 44 42 25 68
internal_value=-0.000533335 0.000985914 0.000402009 -0.000165747 -0.000911951 0.0012963 -0.00123656
internal_weight=750 426 398 362 318 135 93
internal_count=750 426 398 362 318 135 93
is_linear=0
shrinkage=0.05


Tree=19
num_leaves=8
num_cat=0
split_feature=5 1 7 16 9 5 7
split_gain=0.982912 0.951163 0.754126 0.685541 0.646377 0.538287 0.462642
threshold=0.021681069391031014 -0.027020326198133989 0.0036295824602419207 -0.043074199358928138 0.59231921857841285 0.023123498879050682 0.020827842867942595
decision_type=2 2 2 2 10 2 2
left_child=6 3 -3 -2 5 -4 -1
right_child=1 2 4 -5 -6 -7 -8
leaf_value=-2.215066821248263e-05 0.00042522176632914374 0.00054190530934596613 0.00032460074380463873 -0.00048701310180002144 0.002057837305446657 -0.00016486149746120418 -0.00044783334149790083
leaf_weight=187 27 52 25 77 30 126 217
leaf_count=187 27 52 25 77 30 126 217
internal_value=-0.000614036 0.00137982 0.00315451 -0.00259616 0.00162983 0.000298012 -0.00227723
internal_weight=741 337 233 104 181 151 404
internal_count=741 337 233 104 181 151 404
is_linear=0
shrinkage=0.05


Tree=20
num_leaves=8
num_cat=0
split_feature=2 9 15 3 9 5 16
split_gain=1.24979 0.874937 0.480907 0.751062 0.412265 0.719302 0.345882
threshold=-0.17550361848181392 0.59231921857841285 0.0082721161046126496 -0.0027227445849812844 0.30787689210843266 0.021504808413355322 -0.045426613673476827
decision_type=2 10 2 2 8 2 2
left_child=-1 2 6 -4 5 -5 -2
right_child=1 -3 3 4 -6 -7 -8
leaf_value=0.00059693974275225109 0.00021631041240559057 0.0011902570575596091 0.00055891220411681531 0.00085632266107381967 -0.00030777225812887932 -0.00019264340776920446 -0.00028308891517952122
leaf_weight=28 25 36 27 40 77 47 459
leaf_count=28 25 36 27 40 77 47 459
internal_value=-0.00107578 -0.00148383 -0.00188889 0.000235601 -0.00103659 0.00132184 -0.00272727
internal_weight=739 711 675 191 164 87 484
internal_count=739 711 675 191 164 87 484
is_linear=0
shrinkage=0.05


Tree=21
num_leaves=8
num_cat=0
split_feature=16 4 1 11 6 4 16
split_gain=0.893299 0.502271 0.681907 1.20414 1.17666 0.970876 0.712363
threshold=-0.049138310098659092 0.028958176303706149 -0.022890371956098495 0.0019507060207528684 -0.30369035297141772 0.049801420455658531 0.028835116586018342
decision_type=2 2 2 2 2 2 2
left_child=-1 -2 -3 4 -4 -5 -7
right_child=1 2 3 5 -6 6 -8
leaf_value=0.00043295792915496443 -0.00047953640829614431 -0.00020626567805467666 0.0011308205752257057 -0.00030310049180263404 1.8444902953294375e-05 -0.00015232081482656021 0.00066360696115137004
leaf_weight=26 206 149 45 207 59 25 29
leaf_count=26 206 149 45 207 59 25 29
internal_value=-0.000643433 -0.000972223 -0.000136188 0.0010274 0.00557692 -0.000785442 0.00518518
internal_weight=746 720 514 365 104 261 54
internal_count=746 720 514 365 104 261 54
is_linear=0
shrinkage=0.05


Tree=22
num_leaves=8
num_cat=0
split_feature=4 1 1 11 16 13 12
split_gain=0.607871 0.717837 0.934791 1.77585 0.845639 0.823421 0.895812
threshold=0.028958176303706149 0.009910293571735897 0.0552789908500897 0.00053831818388905283 -0.049138310098659092 15.050000190734865 0.025773504554040153
decision_type=2 2 2 2 2 2 2
left_child=-1 4 3 -3 -2 -5 -7
right_child=1 2 -4 5 -6 6 -8
leaf_value=-0.00045770569612934854 0.00034364608256734112 0.0012890230063471175 -0.0001968270161741558 -0.00043066931432881163 -0.00011384238714512721 -4.993605259210506e-05 0.00055785182430596002
leaf_weight=199 25 25 144 29 254 38 26
leaf_count=199 25 25 144 29 254 38 26
internal_value=-0.00087838 -9.24334e-06 0.00187023 0.00516949 -0.00177419 0.00198925 0.00515625
internal_weight=740 541 262 118 279 93 64
internal_count=740 541 262 118 279 93 64
is_linear=0
shrinkage=0.05


Tree=23
num_leaves=8
num_cat=0
split_feature=3 1 16 7 9 3 3
split_gain=1.11053 0.894188 0.828578 0.809157 0.558903 0.748826 0.378885
threshold=-0.014079056204616578 0.0022260611836437687 0.048443358893376483 0.058024379362432217 -0.036834089731811508 0.007202512113433813 0.025611347448211922
decision_type=2 2 2 2 8 2 2
left_child=1 -1 4 -4 5 -2 -6
right_child=2 -3 3 -5 6 -7 -8
leaf_value=2.3328706527561812e-05 -5.6338368010589547e-05 0.001374348596534062 0.0009418655669041166 -0.0003442709521661294 -0.00035648980648037378 0.0015670530778485682 0.00022171454424470068
leaf_weight=61 50 27 26 30 502 26 25
leaf_count=61 50 27 26 30 502 26 25
internal_value=-0.00118474 0.00409091 -0.00188923 0.00392857 -0.00242952 0.00157895 -0.00300759
internal_weight=747 88 659 56 603 76 527
internal_count=747 88 659 56 603 76 527
is_linear=0
shrinkage=0.05


Tree=24
num_leaves=8
num_cat=0
split_feature=0 15 15 16 4 3 1
split_gain=0.725684 0.690722 1.30994 0.578792 0.561497 0.519337 0.720764
threshold=0.019374931635320006 0.0056427515142557514 0.0020880976128720978 -0.046290294771689826 0.036263862891844585 -0.014079056204616578 0.015925441183891834
decision_type=2 2 2 2 2 2 2
left_child=3 2 -2 -1 -3 6 -5
right_child=1 4 -4 5 -6 -7 -8
leaf_value=0.00040075435044700119 2.2312258022353933e-05 -0.00032007778215693969 0.00091822815008256627 -8.8031423172459962e-05 0.00035687707008943536 -0.00027192632613712352 0.0013275288085128891
leaf_weight=30 38 42 25 48 68 467 26
leaf_count=30 38 42 25 48 68 467 26
internal_value=-0.000900539 0.00193641 0.00611111 -0.00176007 -0.000454547 -0.00213494 0.00175676
internal_weight=744 173 63 571 110 541 74
internal_count=744 173 63 571 110 541 74
is_linear=0
shrinkage=0.05


Tree=25
num_leaves=8
num_cat=0
split_feature=3 3 5 12 3 14 14
split_gain=0.506621 0.677258 0.649078 0.44009 0.445242 1.06604 0.552986
threshold=-0.014079056204616578 -0.019384351372018212 0.03171353035306762 -0.0093119022308690274 0.0044804465652283918 0.035942894407802857 -0.012410493039419599
decision_type=2 2 2 2 2 2 2
left_child=1 -1 3 -2 -5 6 -6
right_child=2 -3 -4 4 5 -7 -8
leaf_value=-8.5284051318064482e-05 -0.00021210847049012507 0.00090162170159204338 0.00080570559188171257 -0.0002807626427824361 9.1993897467370099e-05 0.00075296683834727754 -0.00054101078339420083
leaf_weight=52 116 40 49 277 103 38 75
leaf_count=52 116 40 49 277 103 38 75
internal_value=-0.000866668 0.00260869 -0.00135258 -0.00179803 -0.00114605 0.000555554 -0.00106742
internal_weight=750 92 658 609 493 216 178
internal_count=750 92 658 609 493 216 178
is_linear=0
shrinkage=0.05


Tree=26
num_leaves=8
num_cat=0
split_feature=13 1 7 6 9 13 14
split_gain=0.633162 0.649573 0.869258 0.621622 0.321926 0.547157 0.405614
threshold=25.505000114440922 0.01643621262923212 0.012197771578261187 2.1578244963070432 0.076542224976198572 16.355000495910648 -0.012700650003930223
decision_type=2 2 2 2 10 2 2
left_child=1 -1 -3 4 -4 -6 -7
right_child=-2 2 3 -5 5 6 -8
leaf_value=-0.00013718097145722576 0.00071755102916211844 0.0003803818416946923 -0.00041169383480101648 0.00077103205897835047 -0.00032353251512819609 0.0007876078929922374 -0.00029811156895845521
leaf_weight=393 33 42 109 26 83 32 25
leaf_count=393 33 42 109 26 83 32 25
internal_value=-0.0011642 -0.00147887 0.000205046 -0.000818183 -0.00158635 -1.19209e-09 0.00377193
internal_weight=743 710 317 275 249 140 57
internal_count=743 710 317 275 249 140 57
is_linear=0
shrinkage=0.05


end of trees

feature_importances:
atr_pct=25
sector_ret_5d=24
dvol_z_20=19
dist_ma200=16
overnight_gap=15
ret_5d=14
parkinson_20=11
spy_ret_20d=10
ret_20d=9
ret_1d=8
vix_chg_1d=8
dist_ma20=7
spy_ret_1d=5
vix_level=5
sector_ret_1d=5
dist_ma50=4
spy_ret_5d=4

parameters:
[boosting: gbdt]
[objective: quantile]
[metric: quantile]
[tree_learner: serial]
[device_type: cpu]
[data_sample_strategy: bagging]
[data: ]
[valid: ]
[num_iterations: 80]
[learning_rate: 0.05]
[num_leaves: 8]
[num_threads: 1]
[seed: 0]
[deterministic: 0]
[force_col_wise: 1]
[force_row_wise: 0]
[histogram_pool_size: -1]
[max_depth: -1]
[min_data_in_leaf: 25]
[min_sum_hessian_in_leaf: 0.001]
[bagging_fraction: 0.9]
[pos_bagging_fraction: 1]
[neg_bagging_fraction: 1]
[bagging_freq: 1]
[bagging_seed: 3]
[bagging_by_query: 0]
[feature_fraction: 0.9]
[feature_fraction_bynode: 1]
[feature_fraction_seed: 2]
[extra_trees: 0]
[extra_seed: 6]
[early_stopping_round: 0]
[early_stopping_min_delta: 0]
[first_metric_only: 0]
[max_delta_step: 0]
[lambda_l1: 0]
[lambda_l2: 0]
[linear_lambda: 0]
[min_gain_to_split: 0]
[drop_rate: 0.1]
[max_drop: 50]
[skip_drop: 0.5]
[xgboost_dart_mode: 0]
[uniform_drop: 0]
[drop_seed: 4]
[top_rate: 0.2]
[other_rate: 0.1]
[min_data_per_group: 100]
[max_cat_threshold: 32]
[cat_l2: 10]
[cat_smooth: 10]
[max_cat_to_onehot: 4]
[top_k: 20]
[monotone_constraints: ]
[monotone_constraints_method: basic]
[monotone_penalty: 0]
[feature_contri: ]
[forcedsplits_filename: ]
[refit_decay_rate: 0.9]
[cegb_tradeoff: 1]
[cegb_penalty_split: 0]
[cegb_penalty_feature_lazy: ]
[cegb_penalty_feature_coupled: ]
[path_smooth: 0]
[interaction_constraints: ]
[verbosity: -1]
[saved_feature_importance_type: 0]
[use_quantized_grad: 0]
[num_grad_quant_bins: 4]
[quant_train_renew_leaf: 0]
[stochastic_rounding: 1]
[linear_tree: 0]
[max_bin: 255]
[max_bin_by_feature: ]
[min_data_in_bin: 3]
[bin_construct_sample_cnt: 200000]
[data_random_seed: 1]
[is_enable_sparse: 1]
[enable_bundle: 1]
[use_missing: 1]
[zero_as_missing: 0]
[feature_pre_filter: 1]
[pre_partition: 0]
[two_round: 0]
[header: 0]
[label_column: ]
[weight_column: ]
[group_column: ]
[ignore_column: ]
[categorical_feature: ]
[forcedbins_filename: ]
[precise_float_parser: 0]
[parser_config_file: ]
[objective_seed: 5]
[num_class: 1]
[is_unbalance: 0]
[scale_pos_weight: 1]
[sigmoid: 1]
[boost_from_average: 1]
[reg_sqrt: 0]
[alpha: 0.9]
[fair_c: 1]
[poisson_max_delta_step: 0.7]
[tweedie_variance_power: 1.5]
[lambdarank_truncation_level: 30]
[lambdarank_norm: 1]
[label_gain: ]
[lambdarank_position_bias_regularization: 0]
[eval_at: ]
[multi_error_top_k: 1]
[auc_mu_weights: ]
[num_machines: 1]
[local_listen_port: 12400]
[time_out: 120]
[machine_list_filename: ]
[machines: ]
[gpu_platform_id: -1]
[gpu_device_id: -1]
[gpu_device_id_list: ]
[gpu_use_dp: 0]
[num_gpu: 1]

end of parameters

pandas_categorical:[]
