tree
version=v4
num_class=1
num_tree_per_iteration=1
label_index=0
max_feature_idx=16
objective=quantile
feature_names=ret_1d ret_5d ret_20d overnight_gap atr_pct parkinson_20 dvol_z_20 dist_ma20 dist_ma50 dist_ma200 spy_ret_1d spy_ret_5d spy_ret_20d vix_level vix_chg_1d sector_ret_1d sector_ret_5d
feature_infos=[-0.18986675890553528:0.31618414872047662] [-0.23185090952034815:0.37897065237446448] [-0.39706388959575045:0.49020075724271917] [-0.15371937028399285:0.31702929796999757] [0.01851853048980125:0.093606363791301703] [0.012022645129931278:0.047163510958427461] [-2.012047754453643:4.2969542538592282] [-0.25159236227418114:0.40633461932678117] [-0.33642083249829491:0.50347899131198903] [-0.3853003509764259:1.0087812711669368] [-0.058542971330535654:0.10501930183911301] [-0.11496151859245618:0.082843162776128354] [-0.1226559005192206:0.15756591020035837] [11.859999656677246:52.330001831054688] [-0.35753873962348437:0.74039073966007019] [-0.068247998544687438:0.13425697132599002] [-0.13587196028298487:0.11773217696052685]
tree_sizes=824 858 849 855 855 863 850 851 855 861 861 856 858 868 847 857 855 850 862 845 859 856 861 857 859 845 855 858 862 855 855 849 869 863 869 858 864 862 854 850 855 862 852 851 860 859 862 853 855 856 851 849 866 840 852 850 863 850 857 852 857 856 868 844

Tree=0
num_leaves=8
num_cat=0
split_feature=4 7 1 12 12 6 10
split_gain=4.87125 3.51911 1.86746 2.42661 2.02977 1.78244 2.59066
threshold=0.031606373176057342 0.054503845313998663 -0.013651076550264428 0.046585170844293929 0.0062346359643689073 -0.67314472958838867 0.012161923601447857
decision_type=2 2 2 2 2 2 2
left_child=1 2 -1 4 -4 -2 -7
right_child=5 -3 3 -5 -6 6 -8
leaf_value=0.015740207210183144 0.015781743312254549 0.01548003030475229 0.015736589580774306 0.01549928451422602 0.016154998540878297 0.016148678865283726 0.015669029764831068
leaf_weight=61 114 71 35 32 69 339 25
leaf_count=61 114 71 35 32 69 339 25
internal_value=0.0156999 0.0103039 0.0137436 0.0170039 0.0207086 0.0187252 0.0204339
internal_weight=746 268 197 136 104 478 364
internal_count=746 268 197 136 104 478 364
is_linear=0
shrinkage=1


Tree=1
num_leaves=8
num_cat=0
split_feature=4 8 7 8 13 7 3
split_gain=4.98531 2.0143 1.87247 1.82934 1.73006 1.74134 1.41804
threshold=0.031606373176057342 -0.095276059917115061 0.054503845313998663 1.0000000180025095e-35 16.345000267028812 0.074198301021445659 -0.0010530677513670981
decision_type=2 8 2 10 2 2 2
left_child=2 6 -1 -3 -5 -6 -2
right_child=1 3 -4 4 5 -7 -8
leaf_value=-0.00013357930816709998 0.00025163870770484215 -0.00014354544226080173 -0.00041338216862641275 -9.6918037161230354e-06 0.00044620191212743529 7.4705299921333859e-05 0.00046120053622871648
leaf_weight=191 35 131 69 127 80 57 43
leaf_count=191 35 131 69 127 80 57 43
internal_value=-0.000784447 0.00227273 -0.00634615 0.000822785 0.0032197 0.00711679 0.00961538
internal_weight=733 473 260 395 264 137 78
internal_count=733 473 260 395 264 137 78
is_linear=0
shrinkage=0.05


Tree=2
num_leaves=8
num_cat=0
split_feature=4 14 12 1 13 13 3
split_gain=4.29389 1.98424 1.7435 1.73934 1.602 2.16285 1.48551
threshold=0.038106268107938226 -0.022227674526148929 0.04253795446102749 0.11310460040817662 15.905000209808351 17.494999885559086 -0.0011539035864101541
decision_type=2 2 2 2 2 2 2
left_child=1 2 6 4 -2 -6 -1
right_child=3 -3 -4 -5 5 -7 -8
leaf_value=0.00032544824850629089 2.5427696295082619e-05 -0.0001554383120965213 -0.00023871674702968454 -0.0001644638881552963 0.00049053080589510519 0.00040923649654723719 2.2768103051930714e-05
leaf_weight=28 102 279 36 39 47 133 81
leaf_count=28 102 279 36 39 47 133 81
internal_value=-0.000234899 -0.00353774 0.0012069 0.00412773 0.00549645 0.00833333 0.0043578
internal_weight=745 424 145 321 282 180 109
internal_count=745 424 145 321 282 180 109
is_linear=0
shrinkage=0.05


Tree=3
num_leaves=8
num_cat=0
split_feature=4 7 13 1 3 9 3
split_gain=4.18556 2.36682 1.99244 2.29793 1.92205 1.70918 1.63483
threshold=0.031606373176057342 0.054503845313998663 16.355000495910648 0.1053502339457625 -0.0019148867271460699 0.37160330221345966 0.0032625164569543012
decision_type=2 2 2 2 2 8 2
left_child=1 4 6 -4 5 -1 -2
right_child=2 -3 3 -5 -6 -7 -8
leaf_value=0.00047279892025471783 -0.00021216965924249965 -0.00037504463151562955 0.00038168960168259231 -0.00015624069374753152 -0.00017019672011374501 -9.1711291729006976e-05 0.00013226889572979421
leaf_weight=30 109 71 246 25 124 38 94
leaf_count=30 109 71 246 25 124 38 94
internal_value=-0.000169607 -0.00522814 0.00263713 0.0054428 -0.00234375 0.00441176 -0.00110837
internal_weight=737 263 474 271 192 68 203
internal_count=737 263 474 271 192 68 203
is_linear=0
shrinkage=0.05


Tree=4
num_leaves=8
num_cat=0
split_feature=4 7 1 12 3 8 6
split_gain=3.65123 2.36485 2.5833 1.97167 1.89243 1.79894 1.85741
threshold=0.031606373176057342 0.050414103099285741 -0.013651076550264428 0.048021249302454556 0.0057169982475109302 -0.11643407751464545 -0.68209898165508565
decision_type=2 2 2 2 2 10 2
left_child=1 2 -1 -4 -3 -2 -7
right_child=5 4 3 -5 -6 6 -8
leaf_value=-0.00017155888477253029 0.00041490510124196601 -0.00019074530382757072 0.00019001176856938394 -0.00035859755620156652 -0.00048755068263752036 -0.00020156117628037469 0.00015161045395725541
leaf_weight=58 56 61 92 26 26 97 327
leaf_count=58 56 61 92 26 26 97 327
internal_value=-0.000302826 -0.00503802 -0.00170455 0.00254237 -0.0117816 0.00229167 0.00117925
internal_weight=743 263 176 118 87 480 424
internal_count=743 263 176 118 87 480 424
is_linear=0
shrinkage=0.05


Tree=5
num_leaves=8
num_cat=0
split_feature=4 14 15 10 0 6 1
split_gain=2.63068 2.42203 1.89394 2.95154 1.84437 1.76167 1.67182
threshold=0.038106268107938226 -0.015515001009757 0.00048704878962169135 0.011081127961662387 -0.021466204748546099 -0.30369035297141772 0.1053502339457625
decision_type=2 2 2 2 2 2 2
left_child=1 2 -1 -4 -3 -6 -2
right_child=6 4 3 -5 5 -7 -8
leaf_value=-0.00037016622657525303 0.00019556501336726804 8.1498829515741847e-05 0.00017069909423806531 -0.00017647885177985521 -0.00012434390000611164 -0.00030974476539895118 -0.00021167785942703644
leaf_weight=30 273 34 103 32 116 103 41
leaf_count=30 273 34 103 32 116 103 41
internal_value=-0.000751366 -0.00334928 0.00136364 0.00388889 -0.00642292 -0.00810502 0.00270701
internal_weight=732 418 165 135 253 219 314
internal_count=732 418 165 135 253 219 314
is_linear=0
shrinkage=0.05


Tree=6
num_leaves=8
num_cat=0
split_feature=4 7 14 2 6 7 6
split_gain=2.82217 2.58148 1.87175 1.72038 1.396 2.08007 1.37358
threshold=0.02814593521575072 0.050414103099285741 -0.029587498132827402 -0.14270633713546413 -0.68209898165508565 -0.013195945844767019 -0.52799996902918289
decision_type=2 2 2 2 2 2 2
left_child=1 2 -1 -2 5 -5 -6
right_child=3 -3 -4 4 6 -7 -8
leaf_value=0.00015677527351915809 0.00051949935182071393 -0.00026817049995720934 -0.00012711646470826011 -0.00027767142266428915 0.00023529698835255306 2.2467536526947585e-05 4.50737125955497e-05
leaf_weight=42 57 53 81 36 45 78 352
leaf_count=42 57 53 81 36 45 78 352
internal_value=0.000134409 -0.00539773 -0.00142276 0.00184859 0.00092955 -0.00394737 0.00232997
internal_weight=744 176 123 568 511 114 397
internal_count=744 176 123 568 511 114 397
is_linear=0
shrinkage=0.05


Tree=7
num_leaves=8
num_cat=0
split_feature=5 7 6 15 11 9 15
split_gain=4.04225 1.97177 2.14892 2.01667 1.53277 1.65992 1.7094
threshold=0.017780122724799938 0.056032354624775411 -0.30093212805085895 -0.0011390527484494981 -0.021243807178240256 0.40303219999794476 0.011456531813648587
decision_type=2 2 2 2 2 10 2
left_child=1 2 3 -1 -2 -6 -7
right_child=4 -3 -4 -5 5 6 -8
leaf_value=-0.00023094691896695209 0.0005222501256525973 -0.00034628530701355195 -0.00014494285139474028 0.00021671548733581474 -2.3957127696733194e-06 0.00050127863677019763 -0.000352461152452784
leaf_weight=36 57 45 97 54 353 72 26
leaf_count=36 57 45 97 54 353 72 26
internal_value=-0.000135135 -0.00560345 -0.00334225 0.00222222 0.0023622 0.00138581 0.00714286
internal_weight=740 232 187 90 508 451 98
internal_count=740 232 187 90 508 451 98
is_linear=0
shrinkage=0.05


Tree=8
num_leaves=8
num_cat=0
split_feature=4 14 6 10 13 6 11
split_gain=2.9254 1.9364 1.74164 1.74472 1.51899 1.48205 1.33046
threshold=0.031606373176057342 -0.029587498132827402 -0.8194880940487671 0.012161923601447857 16.32499980926514 -0.23028541273356709 0.019998306186617913
decision_type=2 2 2 2 2 2 2
left_child=1 -1 -2 4 6 -3 -4
right_child=2 5 3 -5 -6 -7 -8
leaf_value=3.4390430419991255e-05 -0.00022230088301521367 -9.5099415840361242e-05 -1.1953839291301873e-05 -0.00021411347792961997 0.0003107100137489138 -0.0003254081105738345 0.00023815737927369341
leaf_weight=73 69 105 141 28 224 91 30
leaf_count=73 69 105 141 28 224 91 30
internal_value=-0.000361367 -0.0045539 0.00193089 0.00313239 0.00398734 -0.00714286 0.000438596
internal_weight=761 269 492 423 395 196 171
internal_count=761 269 492 423 395 196 171
is_linear=0
shrinkage=0.05


Tree=9
num_leaves=8
num_cat=0
split_feature=4 14 14 12 7 4 3
split_gain=2.85433 2.64143 2.18938 1.57365 2.055 1.38234 1.25413
threshold=0.037750631602122643 -0.022227674526148929 0.048234950984074383 0.018878621288125678 0.0050657309054549246 0.026780522480489882 -0.0024926552037645706
decision_type=2 2 2 2 2 2 2
left_child=1 6 3 -3 -5 -6 -1
right_child=-2 2 -4 4 5 -7 -8
leaf_value=0.00039529370226774316 0.0001760225098210458 -0.00022759884196888589 1.3750069129704093e-05 0.0001341113849027179 -0.00035837579965874202 -8.8333990478189046e-05 -1.0414329041763277e-05
leaf_weight=29 325 71 71 25 40 63 114
leaf_count=29 325 71 71 25 40 63 114
internal_value=-0.000813008 -0.00357143 -0.00648148 -0.00917085 -0.00585938 -0.00898058 0.00192308
internal_weight=738 413 270 199 128 103 143
internal_count=738 413 270 199 128 103 143
is_linear=0
shrinkage=0.05


Tree=10
num_leaves=8
num_cat=0
split_feature=5 7 3 8 14 7 14
split_gain=2.51438 1.56048 1.53371 1.37586 1.55485 2.23163 1.41778
threshold=0.017780122724799938 0.056032354624775411 -0.0050085771841399387 -0.11643407751464545 -0.051474636784154308 0.040652749247228954 -0.021011062487688355
decision_type=2 2 2 10 2 2 2
left_child=1 2 -1 -2 5 -5 -6
right_child=3 -3 -4 4 6 -7 -8
leaf_value=0.00025738060500030802 0.00042450500443925559 -0.00029478184615124557 -0.00012263162666896599 0.00010728710205613509 0.00017988710102979767 -0.00028929260297205615 1.0913417651413349e-05
leaf_weight=38 59 51 150 49 87 35 279
leaf_count=38 59 51 150 49 87 35 279
internal_value=-0.00026738 -0.00449791 -0.00239362 0.00171906 0.000777778 -0.00535714 0.00218579
internal_weight=748 239 188 509 450 84 366
internal_count=748 239 188 509 450 84 366
is_linear=0
shrinkage=0.05


Tree=11
num_leaves=8
num_cat=0
split_feature=9 5 0 14 14 14 10
split_gain=2.50623 1.3804 1.84975 2.29954 1.76975 2.29357 1.52679
threshold=-0.086551706655582858 0.02353193179254752 -0.021466204748546099 -0.021447279396770266 0.030785511680663128 0.066707247335420675 0.0033239655967035602
decision_type=8 2 2 2 2 2 2
left_child=-1 2 -2 6 -3 -6 -4
right_child=1 4 3 -5 5 -7 -8
leaf_value=0.00030415707908210777 0.00028359992182789938 -4.3432827771996022e-05 0.00019937148512821123 -0.0001870306954309349 0.00068493510717322929 9.2616679640111261e-05 -1.7665314154469062e-05
leaf_weight=75 44 160 48 256 28 37 98
leaf_count=75 44 160 48 256 28 37 98
internal_value=-0.000335121 -0.00130402 -0.0029148 -0.0039801 0.00188889 0.00884615 0.0010274
internal_weight=746 671 446 402 225 65 146
internal_count=746 671 446 402 225 65 146
is_linear=0
shrinkage=0.05


Tree=12
num_leaves=8
num_cat=0
split_feature=4 3 4 6 8 10 8
split_gain=2.37316 2.05109 2.30841 1.37524 1.37855 1.35555 1.42641
threshold=0.027885731961212003 -0.0012218877889049737 0.02404568461770553 0.23667452449516729 0.077622682170614091 0.012161923601447857 1.0000000180025095e-35
decision_type=2 2 2 2 10 2 10
left_child=1 2 -1 4 -3 6 -2
right_child=5 3 -4 -5 -6 -7 -8
leaf_value=0.00015328692316869303 -9.3836836425301336e-06 6.4337941568322568e-05 -0.00017546337033707781 -0.00035737475338271801 -0.00038500598048135166 -0.00017001784862507639 0.00012693138306865988
leaf_weight=33 208 36 36 30 39 37 307
leaf_count=33 208 36 36 30 39 37 307
internal_value=0.000206612 -0.00488506 0.00181159 -0.00928571 -0.00566667 0.00181159 0.00247573
internal_weight=726 174 69 105 75 552 515
internal_count=726 174 69 105 75 552 515
is_linear=0
shrinkage=0.05


Tree=13
num_leaves=8
num_cat=0
split_feature=5 6 10 14 15 16 7
split_gain=2.29352 1.63699 1.73196 1.63253 1.46428 1.43975 1.3651
threshold=0.017780122724799938 -0.8194880940487671 0.0012069827106450106 -0.029587498132827402 -0.016502450579683022 0.017202817988670297 0.050414103099285741
decision_type=2 2 2 2 2 2 2
left_child=3 -2 4 -1 -3 -4 -5
right_child=1 2 5 6 -6 -7 -8
leaf_value=7.5729433526277546e-05 -0.00016636591510923047 -0.00013604208628966875 -7.7593488288633038e-05 -9.3486335036566679e-05 0.00028517192352755101 0.00011658382631554773 -0.00032065641008977768
leaf_weight=62 74 55 106 120 168 107 50
leaf_count=62 74 55 106 120 168 107 50
internal_value=-0.000404313 0.00147059 0.00263761 -0.00452586 0.00571749 -0.000586854 -0.00705882
internal_weight=742 510 436 232 223 213 170
internal_count=742 510 436 232 223 213 170
is_linear=0
shrinkage=0.05


Tree=14
num_leaves=8
num_cat=0
split_feature=13 8 16 15 6 8 4
split_gain=1.69822 1.74246 1.80247 1.62607 1.23707 1.27807 2.09796
threshold=14.870000362396242 -0.095276059917115061 -0.013281438354785234 0.016337079786972523 -0.67314472958838867 0.064777272238375386 0.027405218916493689
decision_type=2 8 2 2 2 10 2
left_child=4 2 -2 -3 -1 -6 -7
right_child=1 3 -4 -5 5 6 -8
leaf_value=-0.00026705330004342484 0.00020837115093069554 5.6381822246383625e-05 0.00030421637731757107 -0.00012890439944024699 5.8556517448869492e-05 -0.00029284998874409233 -8.8588378942110891e-07
leaf_weight=49 50 386 26 48 58 32 75
leaf_count=49 50 386 26 48 58 32 75
internal_value=0 0.00156863 0.00855263 0.000345622 -0.00373832 -0.00166667 -0.00490654
internal_weight=724 510 76 434 214 165 107
internal_count=724 510 76 434 214 165 107
is_linear=0
shrinkage=0.05


Tree=15
num_leaves=8
num_cat=0
split_feature=5 14 5 14 12 10 12
split_gain=2.21968 2.27681 1.78639 1.50281 2.07957 2.29146 1.81151
threshold=0.026720092538253373 0.0091478412114857095 0.030267529043194321 -0.015515001009757 -0.013091202195066818 -0.0055565432698074782 0.053746423182394205
decision_type=2 2 2 2 2 2 2
left_child=3 -2 -3 6 -5 -6 -1
right_child=1 2 -4 4 5 -7 -8
leaf_value=9.2027063941432273e-05 2.8868798895712468e-05 0.00071359129474858011 0.0002092433411794043 -0.00028646109613116814 0.00018033569030832539 -6.3661207278876977e-05 -0.00028838833028767605
leaf_weight=183 122 40 43 44 58 215 27
leaf_count=183 122 40 43 44 58 215 27
internal_value=0.00034153 0.0047561 0.0111446 -0.00137571 -0.0035489 -0.00192308 0.00190476
internal_weight=732 205 83 527 317 273 210
internal_count=732 205 83 527 317 273 210
is_linear=0
shrinkage=0.05


Tree=16
num_leaves=8
num_cat=0
split_feature=11 4 14 11 14 10 6
split_gain=1.99676 1.62298 2.16063 1.62366 1.67733 2.41789 1.48205
threshold=-0.020171834808393903 0.037750631602122643 -0.021447279396770266 -0.010867382103134591 -0.035596703045515869 0.0079905561282167543 -0.45750502426447953
decision_type=2 2 2 2 2 2 2
left_child=6 2 -2 -3 5 -5 -1
right_child=1 3 -4 4 -6 -7 -8
leaf_value=0.00051893340526970122 5.0070829526737428e-05 -0.000241013987447534 -0.00014129874604513066 -0.00023849201993789409 0.0002246999194473176 0.00024458502830784551 6.8940015051502336e-05
leaf_weight=26 134 33 260 42 166 36 54
leaf_count=26 134 33 260 42 166 36 54
internal_value=3.32889e-05 -0.00085693 -0.00291878 0.00207581 0.00348361 -0.0025641 0.0075
internal_weight=751 671 394 277 244 78 80
internal_count=751 671 394 277 244 78 80
is_linear=0
shrinkage=0.05


Tree=17
num_leaves=8
num_cat=0
split_feature=4 6 3 4 6 2 8
split_gain=1.90603 1.69427 2.14427 1.68864 1.58538 1.36687 1.15924
threshold=0.02814593521575072 -0.26863404121895351 -0.0037177866554872758 0.02404568461770553 -0.68209898165508565 -0.14549724593742056 0.024361124697027007
decision_type=2 2 2 2 2 2 10
left_child=1 2 -1 -3 -4 -2 -7
right_child=5 3 4 -5 -6 6 -8
leaf_value=0.00028436466034073284 0.00037950075252349698 -0.00012439638014827663 -0.0002464207766869009 -0.00027513154299950779 4.8550580553007212e-05 -4.66713632718269e-05 6.3293118282852553e-05
leaf_weight=25 56 43 29 51 36 210 294
leaf_count=25 56 43 29 51 36 210 294
internal_value=6.72043e-05 -0.00434783 0.000555556 -0.00904255 -0.00423077 0.00151786 0.000694444
internal_weight=744 184 90 94 65 560 504
internal_count=744 184 90 94 65 560 504
is_linear=0
shrinkage=0.05


Tree=18
num_leaves=8
num_cat=0
split_feature=9 14 11 11 13 8 2
split_gain=1.53168 1.73483 1.65079 2.22549 1.79183 1.65754 1.40776
threshold=0.76711728500855936 -0.027760594315615391 0.0013310128060490813 -0.0060160798927795791 14.904999732971193 0.089009442632426619 -0.11958709679952943
decision_type=8 2 2 2 2 10 2
left_child=2 -2 3 6 5 -4 -1
right_child=1 -3 4 -5 -6 -7 -8
leaf_value=0.00040528482613422429 8.2469994877561314e-05 -0.00016576847824070903 -0.0002466172932891958 0.00044596638651050086 7.5053962821115128e-05 6.2417521521078436e-06 -0.00010442167791205856
leaf_weight=35 50 113 87 78 224 47 116
leaf_count=35 50 113 87 78 224 47 116
internal_value=-0.000466667 -0.0047546 0.00072402 0.0040393 -0.00139665 -0.00597015 0.000496689
internal_weight=750 163 587 229 358 134 151
internal_count=750 163 587 229 358 134 151
is_linear=0
shrinkage=0.05


Tree=19
num_leaves=8
num_cat=0
split_feature=7 4 14 9 13 9 16
split_gain=1.90217 2.44692 1.61121 2.0575 1.61678 2.48608 1.584
threshold=0.036722039226331112 0.026780522480489882 -0.05546753287916955 0.012899668866226512 16.73499965667725 0.18009013384138253 0.012751938088195082
decision_type=2 2 2 8 2 8 2
left_child=-1 6 -3 -4 5 -5 -2
right_child=1 2 3 4 -6 -7 -8
leaf_value=5.138625230298368e-05 -0.00012362365241801038 -0.000165626713370161 -0.00028090029866124439 -0.00040104917133025906 0.00027752393360015504 6.9333084034153234e-05 -0.00035699309190732957
leaf_weight=413 39 31 26 34 83 80 35
leaf_count=413 39 31 26 34 83 80 35
internal_value=0.000708502 -0.00213415 0.00019685 0.00168161 0.0034264 -0.000438596 -0.0101351
internal_weight=741 328 254 223 197 114 74
internal_count=741 328 254 223 197 114 74
is_linear=0
shrinkage=0.05


Tree=20
num_leaves=8
num_cat=0
split_feature=9 3 11 16 4 9 16
split_gain=1.59579 1.59045 2.3522 2.04344 3.08131 2.01203 1.87838
threshold=-0.063070434982593723 -0.003982725706599132 0.0026615433569360252 0.0034513432243998836 0.048981193315387285 0.28465508620270269 -0.025119205696318144
decision_type=8 2 2 2 2 10 2
left_child=-1 2 6 4 5 -3 -2
right_child=1 3 -4 -5 -6 -7 -8
leaf_value=0.00027320670710502651 -9.3739083148602049e-05 -0.000157345377701653 -0.00013074798090102229 9.3661092067545519e-06 0.00046163068281269732 -0.0005094002089446511 0.00028798161664314467
leaf_weight=96 26 125 96 272 36 28 60
leaf_count=96 26 125 96 272 36 28 60
internal_value=0.000236806 -0.000660964 0.0032967 -0.00222343 -0.00621693 -0.00931373 0.00930233
internal_weight=739 643 182 461 189 153 86
internal_count=739 643 182 461 189 153 86
is_linear=0
shrinkage=0.05


Tree=21
num_leaves=8
num_cat=0
split_feature=13 14 7 14 1 6 6
split_gain=1.41681 1.51215 2.53666 2.36529 2.34113 1.44556 1.52269
threshold=23.965000152587894 -0.015515001009757 0.066537733898622067 -1.0000000180025095e-35 0.06674649989872862 -0.32295834382076555 -0.66550841047219966
decision_type=2 2 2 2 2 2 2
left_child=1 2 5 -3 -4 6 -1
right_child=-2 3 4 -5 -6 -7 -8
leaf_value=2.53695123997351e-05 0.00037488638557148793 -0.00025755361185023963 -0.00031720945647196916 -4.3518431333619203e-06 0.00021673871182261613 1.2948999567594099e-05 0.00022040012395001599
leaf_weight=68 52 105 28 303 27 120 43
leaf_count=68 52 105 28 303 27 120 43
internal_value=-0.000268097 -0.000864553 0.00192308 -0.00281863 -0.00772727 0.00422078 0.00833333
internal_weight=746 694 286 408 55 231 111
internal_count=746 694 286 408 55 231 111
is_linear=0
shrinkage=0.05


Tree=22
num_leaves=8
num_cat=0
split_feature=13 12 7 4 10 8 14
split_gain=1.52234 1.25848 1.98055 1.81643 1.58645 1.72097 1.42307
threshold=25.505000114440922 0.024709772202027306 0.025380320934662474 0.026408906181282936 0.009431747271499093 0.0050567483012906598 -0.019792958121071843
decision_type=2 2 2 2 2 8 2
left_child=1 2 6 -3 5 -5 -1
right_child=-2 3 -4 4 -6 -7 -8
leaf_value=0.0001173570168194413 0.00090581834458075159 -0.00018298227165652425 -0.00015657715522309412 -1.7203584947694287e-05 -0.00021693271772471446 0.0001763178591518042 -3.7582542210505383e-05
leaf_weight=80 32 70 161 51 30 168 148
leaf_count=80 32 70 161 51 30 168 148
internal_value=0.00027027 -0.000211864 -0.00212082 0.00211599 0.00411647 0.00559361 0.000877193
internal_weight=740 708 389 319 249 219 228
internal_count=740 708 389 319 249 219 228
is_linear=0
shrinkage=0.05


Tree=23
num_leaves=8
num_cat=0
split_feature=13 9 6 1 14 3 10
split_gain=1.98305 2.02575 1.47947 1.01946 1.14467 2.74571 2.1589
threshold=14.870000362396242 0.42375271145363408 -0.75310010273951511 0.11310460040817662 -0.016284077904727075 0.018644881373609316 0.0039560273734108318
decision_type=2 10 2 2 2 2 2
left_child=1 2 -1 4 5 -2 -6
right_child=3 -3 -4 -5 6 -7 -8
leaf_value=-0.00024655342033557895 0.00014927872007589328 0.0001994742749558974 -0.00010299675115114003 -0.00018562514550369091 1.0133116193274594e-05 -0.00030265074527664385 -7.5891227984091833e-05
leaf_weight=28 175 60 142 34 256 25 27
leaf_count=28 175 60 142 34 256 25 27
internal_value=-0.000702811 -0.00456522 -0.00735294 0.00101547 0.00160455 0.0045 -0.000441696
internal_weight=747 230 170 517 483 200 283
internal_count=747 230 170 517 483 200 283
is_linear=0
shrinkage=0.05


Tree=24
num_leaves=8
num_cat=0
split_feature=4 3 8 8 4 8 16
split_gain=1.45152 1.05831 2.50999 2.64922 2.48837 1.93612 2.6672
threshold=0.06845498389407341 -0.003982725706599132 -0.075174981947306582 0.082341310875205145 0.02684346697430106 -0.053084407943198068 0.005144736739167822
decision_type=2 2 8 10 2 10 2
left_child=1 5 -3 -4 -5 -1 -7
right_child=-2 2 3 4 -6 6 -8
leaf_value=-0.0001543861496207904 0.00075985772234053294 0.00020165598907732324 -0.00013113363795178181 -0.00021661215940795551 0.0001150558004945128 0.00038031303242721284 -6.819253782708468e-05
leaf_weight=72 26 61 212 46 188 75 64
leaf_count=72 26 61 212 46 188 75 64
internal_value=-6.72043e-05 -0.000487465 -0.00172584 -0.00302691 0.000641026 0.00248815 0.00593525
internal_weight=744 718 507 446 234 211 139
internal_count=744 718 507 446 234 211 139
is_linear=0
shrinkage=0.05


Tree=25
num_leaves=8
num_cat=0
split_feature=2 9 9 9 0 8 13
split_gain=1.47376 2.0347 1.49741 2.5985 1.69635 1.21905 1.23843
threshold=-0.13092371502194841 -0.045798530103162975 0.46382030634543953 0.57640800450469543 0.015908034108180428 0.1212713795923004 14.765000343322756
decision_type=2 10 10 10 2 10 2
left_child=1 -1 4 -4 -2 6 -6
right_child=2 -3 3 -5 5 -7 -8
leaf_value=0.00066662015473320328 -1.4068056481219248e-05 -6.132344303082559e-05 0.00051589364394817323 -0.00029545947030528482 -0.0002514174329072125 -9.1530820143248717e-06 -5.3701153843761182e-05
leaf_weight=37 435 30 38 42 26 60 82
leaf_count=37 435 30 38 42 26 60 82
internal_value=-0.000733333 0.00634328 -0.00142753 0.005 -0.00228027 -0.00654762 -0.00972222
internal_weight=750 67 683 80 603 168 108
internal_count=750 67 683 80 603 168 108
is_linear=0
shrinkage=0.05


Tree=26
num_leaves=8
num_cat=0
split_feature=9 2 9 16 7 14 14
split_gain=1.06876 1.45667 2.10299 1.40112 1.88137 1.19284 1.56474
threshold=-0.063070434982593723 -0.14549724593742056 -0.14695833715663106 0.044384404802744755 0.056629140756706893 -0.098691693357393515 -0.015515001009757
decision_type=8 2 10 2 2 2 2
left_child=1 -1 -3 5 -5 -2 -7
right_child=3 2 -4 4 -6 6 -8
leaf_value=0.00052179307716232503 -0.00012215243766893177 -0.00030348224944121534 0.00048467244347444647 0.00038781281562755938 -3.7989020899440766e-05 4.408290411132025e-05 -5.1016096151573161e-05
leaf_weight=28 27 31 37 33 37 202 348
leaf_count=28 27 31 37 33 37 202 348
internal_value=-0.000235532 0.0046875 0.000735294 -0.000965997 0.00571429 -0.00177643 -0.00127273
internal_weight=743 96 68 647 70 577 550
internal_count=743 96 68 647 70 577 550
is_linear=0
shrinkage=0.05


Tree=27
num_leaves=8
num_cat=0
split_feature=9 0 12 13 13 1 11
split_gain=1.50762 1.70337 1.71429 1.65375 1.94808 1.77223 1.98063
threshold=0.47040463666995674 -0.021660663742692262 -0.014960350168733092 14.50500011444092 14.059999942779543 0.098240800199496783 0.012210489302713847
decision_type=10 2 2 2 2 2 2
left_child=1 2 -1 4 -3 6 -5
right_child=-2 3 -4 5 -6 -7 -8
leaf_value=-0.00010102742609529791 0.00021958378804844798 -0.00011394969030747109 0.00041605063605596436 -1.9178720923048768e-05 -0.0004214739115963846 -0.00019708270834525103 0.00015339358103198307
leaf_weight=30 80 107 70 297 26 31 104
leaf_count=30 80 107 70 297 26 31 104
internal_value=-0.000234899 -0.00101504 0.005 -0.00207965 -0.00695489 -0.000578704 0.000311721
internal_weight=745 665 100 565 133 432 401
internal_count=745 665 100 565 133 432 401
is_linear=0
shrinkage=0.05


Tree=28
num_leaves=8
num_cat=0
split_feature=7 4 12 16 14 14 10
split_gain=1.54485 2.46193 2.10798 1.78783 1.67764 2.03393 2.78504
threshold=0.036722039226331112 0.026780522480489882 0.019854443093846989 0.043520562271840875 0.11365091649526195 -0.015515001009757 0.011081127961662387
decision_type=2 2 2 2 2 2 2
left_child=3 -2 -3 4 5 6 -1
right_child=1 2 -4 -5 -6 -7 -8
leaf_value=0.00014245576001999913 -0.00018528806735054824 -0.00014255737857236475 6.1097371784691291e-05 0.0011257119953868714 0.0003559440684971877 -7.21142700504075e-05 -0.00011707213084496066
leaf_weight=126 78 102 158 27 33 196 32
leaf_count=126 78 102 158 27 33 196 32
internal_value=-0.000598404 -0.00310651 -0.000769231 0.00144928 0.000581395 -0.000423729 0.00379747
internal_weight=752 338 260 414 387 354 158
internal_count=752 338 260 414 387 354 158
is_linear=0
shrinkage=0.05


Tree=29
num_leaves=8
num_cat=0
split_feature=9 1 13 0 13 15 15
split_gain=1.17183 1.73841 1.68433 1.91303 1.47631 1.71692 1.96923
threshold=0.47040463666995674 0.098240800199496783 23.965000152587894 0.038299223544885581 14.870000362396242 0.011247030499200285 0.0012677310499032981
decision_type=10 2 2 2 2 2 2
left_child=1 2 3 4 5 6 -1
right_child=-2 -3 -4 -5 -6 -7 -8
leaf_value=-0.00022939846378026448 0.00018794216256211253 -0.00021064602206871392 0.00059445366101833251 -0.0002389565255600946 2.3773414468935414e-05 -0.00016564692460091133 5.7200447601470436e-05
leaf_weight=65 82 38 43 28 384 25 65
leaf_count=65 82 38 43 28 384 25 65
internal_value=-0.000753425 -0.00146605 -0.000819672 -0.00154321 -0.000881262 -0.005 -0.00269231
internal_weight=730 648 610 567 539 155 130
internal_count=730 648 610 567 539 155 130
is_linear=0
shrinkage=0.05


Tree=30
num_leaves=8
num_cat=0
split_feature=15 16 1 4 11 5 6
split_gain=1.42062 1.06972 2.16346 1.07141 2.06152 2.86963 1.1899
threshold=0.022105603645886988 0.043520562271840875 0.083574706546894376 0.02814593521575072 0.0081473860033931551 0.015681943253854549 -0.8194880940487671
decision_type=2 2 2 2 2 2 2
left_child=1 3 -3 4 5 -1 -5
right_child=-2 2 -4 6 -6 -7 -8
leaf_value=0.00011086410686840287 -0.00014769254498095982 0.00054899504352073675 -0.0001407382462471322 -0.00011240719502615947 -0.00015422522127893584 -9.6952953096649241e-05 3.4793335467453103e-05
leaf_weight=48 41 40 25 70 53 61 399
leaf_count=48 41 40 25 70 53 61 399
internal_value=-0.000101764 0.000431034 0.00653846 -0.000198098 -0.0037037 0.000229358 0.00101279
internal_weight=737 696 65 631 162 109 469
internal_count=737 696 65 631 162 109 469
is_linear=0
shrinkage=0.05


Tree=31
num_leaves=8
num_cat=0
split_feature=9 9 13 6 6 10 6
split_gain=1.48631 2.13243 1.77652 2.61776 1.6869 1.47583 1.52607
threshold=0.46382030634543953 0.57640800450469543 14.904999732971193 -0.8194880940487671 -1.067298835117098 0.0020357959095680393 -0.43906293939372271
decision_type=10 10 2 2 2 2 2
left_child=2 -2 3 -1 -4 -5 -7
right_child=1 -3 4 5 -6 6 -8
leaf_value=-0.00038042248685564076 0.0004173964433670668 -9.8861164195738129e-05 0.00026469021817507321 1.1522894858100823e-05 -9.5586096987546408e-06 1.5943350615559362e-05 -0.00021966820736462386
leaf_weight=25 40 42 27 76 453 25 43
leaf_count=25 40 42 27 76 453 25 43
internal_value=-0.000854993 0.0054878 -0.00165639 -0.00606509 -0.000104167 -0.00347222 -0.00882353
internal_weight=731 82 649 169 480 144 68
internal_count=731 82 649 169 480 144 68
is_linear=0
shrinkage=0.05


Tree=32
num_leaves=8
num_cat=0
split_feature=3 3 6 6 10 4 6
split_gain=1.26077 1.9117 1.26292 1.92735 1.789 1.61451 1.69639
threshold=-0.003982725706599132 -0.0070662120223829996 -0.72133822932248071 -0.30565294384126424 0.0053939228347296151 0.031672852904365396 1.0000000180025095e-35
decision_type=2 2 2 2 2 2 2
left_child=1 -1 -2 4 -4 -5 -7
right_child=2 -3 3 5 -6 6 -8
leaf_value=-2.7930555727712775e-07 -0.00012595218452541727 0.00023178063739170298 -7.3969465077222511e-06 -0.00014103865017744819 0.00015508361274913559 -8.2397304407648249e-05 0.00010377582465681198
leaf_weight=166 108 55 99 107 51 50 116
leaf_count=166 108 55 99 107 51 50 116
internal_value=-0.000797872 0.00237557 -0.00211864 -0.000886525 0.00366667 -0.00338828 -0.000301205
internal_weight=752 221 531 423 150 273 166
internal_count=752 221 531 423 150 273 166
is_linear=0
shrinkage=0.05


Tree=33
num_leaves=8
num_cat=0
split_feature=11 8 3 10 1 11 9
split_gain=1.22304 1.80373 1.82366 1.49537 1.4881 1.4865 1.43323
threshold=0.0026615433569360252 0.1212713795923004 -0.014079056204616578 0.0060226165635326465 0.0081473444810791235 0.0069117178035681412 0.044926251607501529
decision_type=2 10 2 2 2 2 8
left_child=-1 2 -2 5 -5 -4 -7
right_child=1 -3 3 4 -6 6 -8
leaf_value=3.1196275059798205e-05 0.00026957842545077099 6.0988006893291161e-05 -0.00039931469376675802 0.0001166290676407146 -3.141821470835828e-05 -0.00022037629088689529 -3.3360787117983191e-05
leaf_weight=325 26 115 39 30 54 29 124
leaf_count=325 26 115 39 30 54 29 124
internal_value=-0.00114555 -0.00293765 -0.00496689 -0.00615942 -0.000595238 -0.00859375 -0.00637255
internal_weight=742 417 302 276 84 192 153
internal_count=742 417 302 276 84 192 153
is_linear=0
shrinkage=0.05


Tree=34
num_leaves=8
num_cat=0
split_feature=10 14 14 2 5 10 3
split_gain=1.08848 1.09219 2.01806 1.8173 1.73575 1.71779 1.36854
threshold=0.014545936349149692 -0.021447279396770266 -1.0000000180025095e-35 0.14237442436513517 0.021260311638871134 -0.013932241848525038 0.0028691422682567418
decision_type=2 2 2 2 2 2 2
left_child=1 -1 3 -3 6 -6 -4
right_child=-2 2 4 -5 5 -7 -8
leaf_value=4.1372330113916349e-05 -0.0001120026402219595 -0.00022216626726217272 3.4410553531030382e-08 9.9658126871532418e-05 -0.00025504508916035328 0.00023561208072903647 -0.00021065298720141618
leaf_weight=239 33 112 118 27 26 129 63
leaf_count=239 33 112 118 27 26 129 63
internal_value=-0.000970549 -0.000560224 -0.00194737 -0.00701439 0.00014881 0.00403226 -0.0031768
internal_weight=747 714 475 139 336 155 181
internal_count=747 714 475 139 336 155 181
is_linear=0
shrinkage=0.05


Tree=35
num_leaves=8
num_cat=0
split_feature=4 7 8 1 3 14 14
split_gain=1.30276 1.657 1.31386 1.2569 1.38273 1.23087 1.19379
threshold=0.038106268107938226 0.054503845313998663 0.1025064721573853 0.074138119251801485 0.0065059307607487913 -0.0015377949631008578 -0.035596703045515869
decision_type=2 2 10 2 2 2 2
left_child=1 2 5 4 -3 -1 -2
right_child=6 3 -4 -5 -6 -7 -8
leaf_value=2.5916329806061763e-06 -5.5290350211727356e-05 -9.2819061912159407e-05 0.00011598484471474664 -7.2683641472635469e-06 -0.00018334690765754952 -0.0001009365323916385 0.00012249124122174867
leaf_weight=133 92 55 58 36 25 114 230
leaf_count=133 92 55 58 36 25 114 230
internal_value=-0.000841184 -0.00267221 -0.000737705 -0.00775862 -0.01125 -0.00232794 0.0015528
internal_weight=743 421 305 116 80 247 322
internal_count=743 421 305 116 80 247 322
is_linear=0
shrinkage=0.05


Tree=36
num_leaves=8
num_cat=0
split_feature=10 4 3 5 15 6 12
split_gain=1.11676 1.14875 1.73227 1.54636 1.13426 1.08152 1.58802
threshold=0.01436534903475606 0.02814593521575072 -0.0048788595865349995 0.015681943253854549 0.00057923249945746058 0.10130968462559618 0.024709772202027306
decision_type=2 2 2 2 2 2 2
left_child=1 2 -1 4 -4 6 -3
right_child=-2 5 3 -5 -6 -7 -8
leaf_value=5.9402960750487913e-05 -0.00010782674924262864 -6.2859226423451876e-05 -0.00022531628466980976 -0.00013391791654158549 7.0950588405972821e-05 0.00017562908776472247 5.2137643785212659e-05
leaf_weight=39 35 220 28 70 45 165 151
leaf_count=39 35 220 28 70 45 165 151
internal_value=-0.000564409 -0.000139276 -0.00357143 -0.00611888 -0.0010274 0.00102612 -0.000471698
internal_weight=753 718 182 143 73 536 371
internal_count=753 718 182 143 73 536 371
is_linear=0
shrinkage=0.05


Tree=37
num_leaves=8
num_cat=0
split_feature=2 9 10 15 3 14 9
split_gain=1.24096 1.63222 1.59529 1.47914 1.7449 1.55152 1.37506
threshold=-0.13092371502194841 -0.045798530103162975 0.013844778774777857 0.0082721161046126496 -0.0010530677513670981 -0.0059106162699663059 0.47040463666995674
decision_type=2 10 2 2 2 2 10
left_child=1 -1 3 6 -5 -6 -2
right_child=2 -3 -4 4 5 -7 -8
leaf_value=0.00036306759348517291 -7.4474664169304005e-05 -5.1149704946568988e-05 -0.00014553568533116486 0.00015425232561331952 3.4289528064522255e-05 -6.397951212780153e-05 0.00010566729850542463
leaf_weight=39 435 30 32 31 99 36 55
leaf_count=39 435 30 32 31 99 36 55
internal_value=-0.000957728 0.00543478 -0.00159884 -0.00106707 0.00301205 0.000555556 -0.00244898
internal_weight=757 69 688 656 166 135 490
internal_count=757 69 688 656 166 135 490
is_linear=0
shrinkage=0.05


Tree=38
num_leaves=8
num_cat=0
split_feature=13 0 6 7 15 12 11
split_gain=1.35324 1.77843 1.68804 1.4144 1.51399 1.2158 1.98317
threshold=14.904999732971193 0.039152418260378637 -0.843088298801004 0.093265770435605924 0.010127901556715948 0.029429838614500662 0.0026615433569360252
decision_type=2 2 2 2 2 2 2
left_child=2 3 -1 4 -2 -4 -7
right_child=1 -3 5 -5 -6 6 -8
leaf_value=-0.00030655482994719664 9.3808634086096042e-06 -0.00012835396762431105 -0.00014859463790320578 -0.00020977866414614317 0.0001086182727811083 0.00028705985157526917 -6.769103138367528e-05
leaf_weight=30 332 46 76 42 92 28 94
leaf_count=30 332 46 76 42 92 28 94
internal_value=-0.000743243 0.000683594 -0.00394737 0.00160944 0.00247642 -0.00227273 0.000819672
internal_weight=740 512 228 466 424 198 122
internal_count=740 512 228 466 424 198 122
is_linear=0
shrinkage=0.05


Tree=39
num_leaves=8
num_cat=0
split_feature=11 5 11 13 6 8 9
split_gain=1.25745 1.27094 1.26599 1.00878 2.33335 1.34344 1.65815
threshold=-0.020171834808393903 0.025102708421203497 -0.015548352361618832 14.824999809265138 -0.843088298801004 0.23290324287825206 0.30787689210843266
decision_type=2 2 2 2 2 8 10
left_child=1 -1 -2 4 -4 6 -5
right_child=2 -3 3 5 -6 -7 -8
leaf_value=0.00033717685265789938 -0.00023360166210772883 0.00021980532732878528 -0.00022701824324545552 1.2383308257477759e-05 -6.0192290143412047e-06 -0.00014012560891621482 0.00038043984955660578
leaf_weight=32 33 46 28 338 180 48 31
leaf_count=32 33 46 28 338 180 48 31
internal_value=0.000407609 0.00641026 -0.000303951 0.0002 -0.00264423 0.00161871 0.00264228
internal_weight=736 78 658 625 208 417 369
internal_count=736 78 658 625 208 417 369
is_linear=0
shrinkage=0.05


Tree=40
num_leaves=8
num_cat=0
split_feature=10 13 6 1 8 15 15
split_gain=1.22133 1.19805 2.52629 1.61649 1.78821 1.61038 1.50416
threshold=0.013844778774777857 15.194999694824221 -0.843088298801004 0.066198900408636976 0.064777272238375386 0.0017888909441960978 0.012830553502539368
decision_type=2 2 2 2 10 2 2
left_child=1 2 -1 6 -5 -6 -3
right_child=-2 3 -4 4 5 -7 -8
leaf_value=-0.00030482206923100407 -0.0001335658913941465 4.389993012588632e-05 -4.7375516812201215e-06 -0.00024279604463814028 0.00041220866029400042 -0.00012869216574394848 0.00023399716097896464
leaf_weight=32 35 328 217 26 26 31 48
leaf_count=32 35 328 217 26 26 31 48
internal_value=-0.000168237 0.000282486 -0.00251004 0.00179739 -0.00451807 0.000438596 0.00319149
internal_weight=743 708 249 459 83 57 376
internal_count=743 708 249 459 83 57 376
is_linear=0
shrinkage=0.05


Tree=41
num_leaves=8
num_cat=0
split_feature=8 16 0 0 12 1 3
split_gain=1.05876 1.28863 1.62899 1.21972 1.08146 1.98044 2.11064
threshold=-0.13443108193286382 -0.024149137194696465 -0.01040948415864079 -0.027207255021414464 0.012544135938263425 0.047921263753021422 0.012639883855359526
decision_type=8 2 2 2 2 2 2
left_child=-1 2 -2 -3 5 6 -5
right_child=1 3 -4 4 -6 -7 -8
leaf_value=0.00048213615223224936 -0.00034030400097432391 0.00022038772934419721 3.204388920901632e-05 -5.2313921736448728e-05 5.6056482055134168e-06 -0.00024643882626236915 0.00054038571925133232
leaf_weight=36 45 52 47 116 375 55 25
leaf_count=36 45 52 47 116 375 55 25
internal_value=-3.32889e-05 -0.000454545 -0.00597826 0.000361156 -0.00030648 -0.00331633 -0.000177305
internal_weight=751 715 92 623 571 196 141
internal_count=751 715 92 623 571 196 141
is_linear=0
shrinkage=0.05


Tree=42
num_leaves=8
num_cat=0
split_feature=15 7 6 1 1 13 4
split_gain=1.4764 1.52044 1.05235 2.46298 1.3307 1.20988 1.05407
threshold=0.016337079786972523 0.053028472277610102 -0.7182232106355072 0.043939608450144114 -0.020309739733168849 15.464999675750734 0.033881637293163035
decision_type=2 2 2 2 2 2 2
left_child=2 -2 3 4 -1 -6 -4
right_child=1 -3 6 -5 5 -7 -8
leaf_value=-9.6885542799297729e-05 -4.7809565074347781e-06 -0.00016116350743848007 -5.7616723898387769e-06 -0.00057132433874802074 -0.00010888431872253194 0.00020592990852283936 8.9003427585862376e-05
leaf_weight=37 49 33 234 28 27 54 287
leaf_count=37 49 33 234 28 27 54 287
internal_value=0.000233645 -0.00609756 0.00101199 -0.00273973 0.000423729 0.00401235 0.00206334
internal_weight=749 82 667 146 118 81 521
internal_count=749 82 667 146 118 81 521
is_linear=0
shrinkage=0.05


Tree=43
num_leaves=8
num_cat=0
split_feature=6 1 1 6 8 7 14
split_gain=1.13792 1.54746 1.87081 1.40068 1.14336 1.7507 1.46507
threshold=-0.7182232106355072 0.049352576683019296 -0.020309739733168849 -0.37102286697839798 0.11315233842994922 0.048717605203236321 -0.030119880421319408
decision_type=2 2 2 2 10 2 2
left_child=1 2 -1 4 5 6 -2
right_child=3 -3 -4 -5 -6 -7 -8
leaf_value=-9.4571646581064893e-05 0.00026856239102756918 -0.00029517996249637358 0.00012233845028883605 -9.522845426422926e-06 0.00031010219016619576 -8.1033883661389526e-05 4.9341677267958784e-05
leaf_weight=43 27 28 88 424 37 25 72
leaf_count=43 27 28 88 424 37 25 72
internal_value=0.000134409 -0.00361635 -0.00133588 0.00115385 0.00512422 0.00282258 0.00580808
internal_weight=744 159 131 585 161 124 99
internal_count=744 159 131 585 161 124 99
is_linear=0
shrinkage=0.05


Tree=44
num_leaves=8
num_cat=0
split_feature=4 3 13 13 8 1 11
split_gain=0.681597 1.95531 1.36045 1.46417 1.07883 1.99475 1.71679
threshold=0.027885731961212003 -0.0048788595865349995 18.335000038146976 14.904999732971193 1.0000000180025095e-35 0.053880141682223111 -0.0057500660136146622
decision_type=2 2 2 2 10 2 2
left_child=1 -1 3 -3 5 -2 -6
right_child=4 2 -4 -5 6 -7 -8
leaf_value=5.7702684741746002e-05 -2.0475076029346196e-05 -0.00018324277366959867 -0.000192669051740188 3.1201046944920405e-05 -6.2890947377310975e-05 -0.00023348145339047987 5.0914873173745975e-05
leaf_weight=38 201 57 28 51 76 32 252
leaf_count=38 201 57 28 51 76 32 252
internal_value=-0.000714286 -0.00344828 -0.00625 -0.0037037 0.00013369 -0.00246781 0.00198171
internal_weight=735 174 136 108 561 233 328
internal_count=735 174 136 108 561 233 328
is_linear=0
shrinkage=0.05


Tree=45
num_leaves=8
num_cat=0
split_feature=15 15 2 2 12 13 13
split_gain=0.904763 1.39537 2.89435 2.03954 1.57859 1.80629 1.04304
threshold=0.016337079786972523 0.0082721161046126496 1.0000000180025095e-35 -0.13092371502194841 -0.037333160893422583 21.555000305175785 15.425000190734865
decision_type=2 2 2 2 2 2 2
left_child=1 3 -3 -1 -5 -6 -4
right_child=-2 2 6 4 5 -7 -8
leaf_value=0.00064789835867520558 -5.2416947165725118e-05 -9.7502679118525402e-05 5.535398803832494e-06 -0.00012230961417253658 -3.0982723505645209e-05 0.00034866142578873793 0.00048987465828778036
leaf_weight=43 78 45 33 26 433 34 51
leaf_count=43 78 45 33 26 433 34 51
internal_value=-3.36474e-05 0.00056391 0.00523256 -0.000559701 -0.00147059 -0.000802998 0.0107143
internal_weight=743 665 129 536 493 467 84
internal_count=743 665 129 536 493 467 84
is_linear=0
shrinkage=0.05


Tree=46
num_leaves=8
num_cat=0
split_feature=10 2 8 1 16 15 14
split_gain=1.20673 1.21436 1.41238 3.45795 1.4646 1.40015 2.22418
threshold=0.013844778774777857 -0.17550361848181392 -0.0016712487580978206 0.047921263753021422 0.018371032737191321 -0.0081102883599564173 -0.018674174310541299
decision_type=2 2 8 2 2 2 2
left_child=1 -1 3 4 5 -3 -7
right_child=-2 2 -4 -5 -6 6 -8
leaf_value=0.0011098395342803416 -8.611776354523629e-05 0.00017361238810682957 8.375926009506017e-06 -0.00074050650815797505 9.3422007085937862e-05 1.6268262178022318e-05 -0.00026167573390890007
leaf_weight=25 40 46 501 29 33 34 39
leaf_count=25 40 46 501 29 33 34 39
internal_value=-0.000301205 0.000176803 -0.000219941 -0.00400552 -0.000986842 -0.00357143 -0.00787671
internal_weight=747 707 682 181 152 119 73
internal_count=747 707 682 181 152 119 73
is_linear=0
shrinkage=0.05


Tree=47
num_leaves=8
num_cat=0
split_feature=6 6 7 12 0 12 0
split_gain=1.15785 1.99616 1.71458 2.21073 1.33294 3.14308 2.21543
threshold=0.88368271779326413 1.5631067109796157 0.085717890307315261 0.048302189377787193 0.024825909356420931 0.0082902171521933594 0.015299404114104799
decision_type=2 2 2 2 2 2 2
left_child=2 -2 4 -4 6 -6 -1
right_child=1 -3 3 -5 5 -7 -8
leaf_value=2.5617408383506182e-07 0.00029584917573044153 -8.3851969388350998e-05 -0.00034264166045897205 7.7860881931517308e-05 -4.5367244543702977e-05 0.00015201772465169225 -8.1749899785468077e-05
leaf_weight=409 36 79 43 25 33 38 71
leaf_count=409 36 79 43 25 33 38 71
internal_value=-0.000476839 0.00413043 -0.00133279 -0.00882353 -0.000408348 0.00598592 -0.00135417
internal_weight=734 115 619 68 551 71 480
internal_count=734 115 619 68 551 71 480
is_linear=0
shrinkage=0.05


Tree=48
num_leaves=8
num_cat=0
split_feature=7 4 9 14 14 16 16
split_gain=1.22737 1.91738 1.7143 1.73613 1.61 1.18357 1.50231
threshold=0.036722039226331112 0.026780522480489882 0.073091723670898792 -0.051474636784154308 -0.010794703163862494 0.043520562271840875 0.03056756125971383
decision_type=2 2 8 2 2 2 2
left_child=5 -2 -3 -4 -5 6 -1
right_child=1 2 3 4 -6 -7 -8
leaf_value=1.6566442204963683e-05 -0.00015775016058397216 -0.00010346147233799789 -6.660702134144228e-05 0.00027995699054784252 -6.5118424360824555e-06 0.00070687050507447558 -0.00027987525860813134
leaf_weight=357 75 63 32 57 96 28 26
leaf_count=357 75 63 32 57 96 28 26
internal_value=-0.0010218 -0.00332817 -0.00120968 0.00121622 0.00343137 0.000790754 6.52742e-05
internal_weight=734 323 248 185 153 411 383
internal_count=734 323 248 185 153 411 383
is_linear=0
shrinkage=0.05


Tree=49
num_leaves=8
num_cat=0
split_feature=15 4 6 5 10 5 5
split_gain=0.927847 1.14455 1.67974 1.29078 1.44192 1.51868 1.53859
threshold=0.000839332905669954 0.038106268107938226 -0.076562392869790261 0.020957948955272549 -0.0019771286698093134 0.01834695392882088 0.015802184501345181
decision_type=2 2 2 2 2 2 2
left_child=1 3 -3 4 5 6 -1
right_child=-2 2 -4 -5 -6 -7 -8
leaf_value=2.694506337932133e-05 5.1381547391133377e-06 -0.00011579258709901158 0.00027498878310652569 -0.00047682799615913601 -0.0002129052250239105 0.000251204860407225 -0.00017605030238942887
leaf_weight=27 414 84 58 27 52 31 39
leaf_count=27 414 84 58 27 52 31 39
internal_value=-0.000956284 -0.00298742 0.000352113 -0.00568182 -0.00385906 -0.000257732 -0.00454545
internal_weight=732 318 142 176 149 97 66
internal_count=732 318 142 176 149 97 66
is_linear=0
shrinkage=0.05


Tree=50
num_leaves=8
num_cat=0
split_feature=9 13 0 7 11 9 2
split_gain=0.954818 1.50285 1.53929 1.45163 2.12468 1.4342 1.40948
threshold=0.46382030634543953 14.904999732971193 0.015675036836764748 0.085717890307315261 0.021459782264152908 0.54025440531158353 0.21204772284391496
decision_type=10 2 2 2 2 10 2
left_child=1 2 -1 4 -3 -2 -5
right_child=5 3 -4 6 -6 -7 -8
leaf_value=-2.9223824097815519e-05 0.00051786909585968511 5.606458815027348e-06 -0.0001696150244257388 -0.00025794516869613322 0.00026570223328349472 3.5031060885386268e-05 1.0612276366400373e-06
leaf_weight=141 25 376 36 26 51 53 27
leaf_count=141 25 376 36 26 51 53 27
internal_value=-0.000102041 -0.000722983 -0.00466102 0.000729167 0.00169789 0.00512821 -0.00707547
internal_weight=735 657 177 480 427 78 53
internal_count=735 657 177 480 427 78 53
is_linear=0
shrinkage=0.05


Tree=51
num_leaves=8
num_cat=0
split_feature=10 6 7 13 7 2 16
split_gain=0.86018 1.15222 1.15095 1.30188 0.947706 1.79637 1.85215
threshold=0.012396496477192877 0.88368271779326413 0.090056943813911064 16.894999504089359 0.049078856208567674 0.1400102878494727 0.032438032132950496
decision_type=2 2 2 2 2 2 2
left_child=1 4 3 -3 -1 6 -6
right_child=-2 2 -4 -5 5 -7 -8
leaf_value=6.4560404652917912e-06 -7.7049839146279943e-05 -0.00018803874041506616 0.00093740091572119355 0.00020811445894577596 -0.00019476240324605858 3.6135516767333425e-06 1.3536445066851794e-05
leaf_weight=416 47 37 27 34 67 93 32
leaf_count=416 47 37 27 34 67 93 32
internal_value=-0.000365206 7.08215e-05 0.00510204 0.00176056 -0.000740132 -0.00364583 -0.00833333
internal_weight=753 706 98 71 608 192 99
internal_count=753 706 98 71 608 192 99
is_linear=0
shrinkage=0.05


Tree=52
num_leaves=8
num_cat=0
split_feature=16 10 10 14 14 2 0
split_gain=1.10693 1.42996 0.970851 1.47645 1.74663 1.7034 2.0267
threshold=0.040580458402017634 0.0047289362595872584 0.012727043065882683 -0.022450840204273455 -0.00064785032559577782 0.11561992530898137 0.015908034108180428
decision_type=2 2 2 2 2 2 2
left_child=2 -2 3 5 -5 6 -1
right_child=1 -3 -4 4 -6 -7 -8
leaf_value=0.00026077147367811716 0.00025579508076363136 -1.4179164852400756e-05 -0.00010426988193124997 -0.00018646057492774181 -9.0538486617487007e-06 -5.1771709286555423e-05 -2.1794347705000797e-05
leaf_weight=84 46 45 30 125 311 60 50
leaf_count=84 46 45 30 125 311 60 50
internal_value=-0.000499334 0.00467033 -0.00121212 -0.000793651 -0.00240826 0.00283505 0.00597015
internal_weight=751 91 660 630 436 194 134
internal_count=751 91 660 630 436 194 134
is_linear=0
shrinkage=0.05


Tree=53
num_leaves=8
num_cat=0
split_feature=3 0 9 9 14 3 9
split_gain=0.678225 2.33295 2.62384 2.55002 2.16501 1.30019 0.678803
threshold=0.0098156536453508653 0.015299404114104799 0.16856927293039595 0.11254128331115744 -0.075454415356713087 0.0083985416846521516 0.57032641531695183
decision_type=2 2 8 10 2 2 10
left_child=4 3 -3 -2 -1 6 -6
right_child=1 2 -4 -5 5 -7 -8
leaf_value=0.00024925712777859799 0.00060634697556310926 -0.0001304588739360315 0.00023819132295175026 -8.4750920517817119e-06 -8.6011562286613531e-06 -0.000251997165925364 -0.00038804178324410526
leaf_weight=36 32 45 48 25 495 30 25
leaf_count=36 32 45 48 25 495 30 25
internal_value=0 0.003 -0.00188172 0.0109649 -0.000767918 -0.00154545 -0.000961538
internal_weight=736 150 93 57 586 550 520
internal_count=736 150 93 57 586 550 520
is_linear=0
shrinkage=0.05


Tree=54
num_leaves=8
num_cat=0
split_feature=8 1 13 4 6 6 6
split_gain=0.943316 1.67502 1.8748 1.47505 1.43329 1.24677 1.29181
threshold=0.1212713795923004 0.078662501660948694 14.50500011444092 0.023946432043056774 -0.5207581745357871 -0.75310010273951511 0.21898390258271341
decision_type=10 2 2 2 2 2 2
left_child=1 2 5 -4 -2 -1 -7
right_child=4 -3 3 -5 -6 6 -8
leaf_value=-0.00011141196336962827 0.0001287038953695945 -0.00016558425266495724 0.00016303279590058019 6.4387062766649473e-06 1.9463732988237328e-06 5.1134976031627474e-06 -0.00013744026548039701
leaf_weight=26 40 29 25 350 156 79 36
leaf_count=26 40 29 25 350 156 79 36
internal_value=-0.000168691 -0.00123853 -0.000581395 0.00126667 0.00280612 -0.00549645 -0.00326087
internal_weight=741 545 516 375 196 141 115
internal_count=741 545 516 375 196 141 115
is_linear=0
shrinkage=0.05


Tree=55
num_leaves=8
num_cat=0
split_feature=9 6 7 8 4 8 3
split_gain=1.05729 1.829 1.02469 1.14439 1.38534 1.4095 1.17436
threshold=0.46382030634543953 -0.27827005638227981 0.097232121106486727 0.1212713795923004 0.030370447161743887 0.15943130246163975 -0.0048788595865349995
decision_type=10 2 2 10 2 10 2
left_child=2 -2 3 6 -5 -6 -1
right_child=1 -3 -4 4 5 -7 -8
leaf_value=2.9842884970491829e-05 0.00039070008563617411 -6.9679570735085855e-05 -0.00012424305527667786 -2.7310804357840934e-05 0.00027761583708405197 -2.5308228695918122e-05 -2.8751678776184517e-05
leaf_weight=161 40 44 55 35 36 26 361
leaf_count=161 40 44 55 35 36 26 361
internal_value=-0.000527704 0.0047619 -0.00118694 -0.000605816 0.00438144 0.00887097 -0.00153257
internal_weight=758 84 674 619 97 62 522
internal_count=758 84 674 619 97 62 522
is_linear=0
shrinkage=0.05


Tree=56
num_leaves=8
num_cat=0
split_feature=14 14 8 1 11 7 1
split_gain=0.799196 1.5985 1.1549 1.24362 1.52143 1.53404 1.48544
threshold=-0.098691693357393515 -0.075454415356713087 0.1212713795923004 0.078662501660948694 0.028626427066600128 0.068495324758878331 0.018959050153234517
decision_type=2 2 10 2 2 2 2
left_child=-1 -2 3 4 5 6 -3
right_child=1 2 -4 -5 -6 -7 -8
leaf_value=-2.6685387667818236e-05 0.00024067301470217484 -4.8491083040818132e-05 1.7976796663604242e-05 -0.00035185471316774542 0.00024890655532470529 -4.7680806343419326e-05 3.8856717371583884e-05
leaf_weight=37 27 304 178 27 25 26 118
leaf_count=37 27 304 178 27 25 26 118
internal_value=-0.000269542 0.000106383 -0.000368732 -0.0016 -0.00100423 -0.00167411 -0.000947867
internal_weight=742 705 678 500 473 448 422
internal_count=742 705 678 500 473 448 422
is_linear=0
shrinkage=0.05


Tree=57
num_leaves=8
num_cat=0
split_feature=2 2 2 12 13 1 13
split_gain=1.0281 1.71625 1.54237 2.36287 1.72876 1.40826 1.15329
threshold=-0.14549724593742056 -0.084374582931141348 -0.0039961477060851394 0.011040694977268452 18.444999694824222 -0.011821032233127469 15.400000095367433
decision_type=2 2 2 2 2 2 2
left_child=-1 5 3 4 -3 -2 -5
right_child=1 2 -4 6 -6 -7 -8
leaf_value=0.00026600908165887155 -0.00037464141404109052 0.00011443668850406294 -1.0429369531191751e-05 0.0001055797972746984 -0.00013885705700822921 -3.1949762568862177e-05 0.00029657810982782422
leaf_weight=50 34 32 487 32 36 32 30
leaf_count=50 34 32 487 32 36 32 30
internal_value=-0.000920873 -0.00142753 -0.00060778 0.00423077 -0.00220588 -0.00909091 0.0112903
internal_weight=733 683 617 130 68 66 62
internal_count=733 683 617 130 68 66 62
is_linear=0
shrinkage=0.05


Tree=58
num_leaves=8
num_cat=0
split_feature=5 14 12 15 7 2 1
split_gain=1.15088 2.17917 1.25763 1.22166 2.21393 2.28923 1.22093
threshold=0.026606019802775539 0.0091478412114857095 -0.014960350168733092 0.0020880976128720978 0.075082317482382158 0.033049725389830094 -0.024522992242235638
decision_type=2 2 2 2 2 2 2
left_child=2 3 6 -2 5 -5 -1
right_child=1 -3 -4 4 -6 -7 -8
leaf_value=-1.3992382842867303e-05 -0.00030118935412917476 0.00032455705663022856 -4.8637366515639704e-06 -3.7373324687840338e-05 -0.00015038736797136874 0.00030229884019468065 -0.00024775694313070251
leaf_weight=33 33 86 461 40 30 27 40
leaf_count=33 33 86 461 40 30 27 40
internal_value=-0.000533333 0.0025463 -0.00177903 -0.00153846 0.00128866 0.00634328 -0.00787671
internal_weight=750 216 534 130 97 67 73
internal_count=750 216 534 130 97 67 73
is_linear=0
shrinkage=0.05


Tree=59
num_leaves=8
num_cat=0
split_feature=13 9 0 4 2 8 5
split_gain=0.913522 1.63554 1.26456 2.02226 2.12103 1.91023 1.27849
threshold=14.50500011444092 0.3956352247167883 -0.014427797656749617 0.049801420455658531 0.075947634633972819 0.016987275262457694 0.021681069391031014
decision_type=2 10 2 2 2 8 2
left_child=1 -1 3 4 5 -2 -4
right_child=2 -3 6 -5 -6 -7 -8
leaf_value=-9.6708909264973125e-05 -0.00013870212746215188 3.5322456295360069e-05 2.6283871638053393e-05 0.00044298467013562798 -0.00039289166069491016 0.00011777271405487107 -1.5965416139674966e-05
leaf_weight=120 43 68 226 39 31 32 182
leaf_count=120 43 68 226 39 31 32 182
internal_value=-0.000978408 -0.00398936 4.5208e-05 -0.00396552 -0.00754717 -0.003 0.00147059
internal_weight=741 188 553 145 106 75 408
internal_count=741 188 553 145 106 75 408
is_linear=0
shrinkage=0.05


Tree=60
num_leaves=8
num_cat=0
split_feature=13 3 9 3 7 10 6
split_gain=0.893774 2.50509 2.14444 1.94626 2.02029 1.27185 1.1746
threshold=16.73499965667725 0.005372691722554058 0.059876413696775217 -0.003982725706599132 0.0085057972729910575 -0.015857538372193832 -0.5367503081961057
decision_type=2 2 8 2 2 2 2
left_child=1 2 -1 -4 -5 -2 -6
right_child=5 -3 3 4 6 -7 -8
leaf_value=-0.00010534296117605344 -0.0002337510677267929 8.6044345309294144e-06 5.3881214766415401e-05 8.23157706863328e-05 -0.00025596138579611697 1.9591026366539129e-05 -0.00020408583973425013
leaf_weight=45 28 134 63 34 33 335 74
leaf_count=45 28 134 63 34 33 335 74
internal_value=-0.000469169 -0.00215405 -0.00512048 -0.00294118 -0.00620567 0.00130854 -0.00957944
internal_weight=746 383 249 204 141 363 107
internal_count=746 383 249 204 141 363 107
is_linear=0
shrinkage=0.05


Tree=61
num_leaves=8
num_cat=0
split_feature=13 8 15 0 8 5 5
split_gain=1.559 2.62787 0.957832 1.04755 1.83388 1.67484 1.1224
threshold=14.904999732971193 -0.031280003142446437 0.013461771571417371 0.0084633384738953561 0.070280088460912063 0.017152046337554867 0.017805090746948828
decision_type=2 10 2 2 10 2 2
left_child=1 -1 3 4 -3 -5 -6
right_child=-2 2 -4 5 6 -7 -8
leaf_value=-0.00026750266614603842 7.9890362642737453e-06 0.00010272630211983136 -0.00022352814176314855 -0.00020990562333377005 -9.8931673137940372e-05 1.1490396364870898e-06 1.8477477294086364e-05
leaf_weight=25 522 42 25 26 25 45 42
leaf_count=25 522 42 25 26 25 45 42
internal_value=-0.000265957 -0.00369565 -0.00182927 -0.000555556 0.00252294 -0.00528169 -0.00261194
internal_weight=752 230 205 180 109 71 67
internal_count=752 230 205 180 109 71 67
is_linear=0
shrinkage=0.05


Tree=62
num_leaves=8
num_cat=0
split_feature=3 8 7 8 8 16 16
split_gain=0.830943 1.62356 2.46347 1.47986 2.01431 1.39232 2.01949
threshold=-0.0048788595865349995 -0.053084407943198068 0.052002637799670078 -0.075174981947306582 -0.021628564659922075 0.0025778113120625838 -0.0088257972786735511
decision_type=2 10 2 8 8 2 2
left_child=1 -1 -3 -2 -5 6 -6
right_child=3 2 -4 4 5 -7 -8
leaf_value=-6.3838383693696357e-05 9.4892369136265024e-05 0.0003305995630706101 -4.9186750946319044e-05 -0.00035006387056442671 -6.7554980763788814e-06 3.6877733590783003e-06 -0.00026374014945712625
leaf_weight=77 73 82 54 50 87 255 62
leaf_count=77 73 82 54 50 87 255 62
internal_value=-0.000405405 0.00223005 0.00551471 -0.00147059 -0.00253304 -0.00136139 -0.00520134
internal_weight=740 213 136 527 454 404 149
internal_count=740 213 136 527 454 404 149
is_linear=0
shrinkage=0.05


Tree=63
num_leaves=8
num_cat=0
split_feature=13 8 1 3 3 7 1
split_gain=1.18949 1.68544 1.22369 1.70271 3.543 1.83333 1.20399
threshold=14.870000362396242 -0.021628564659922075 -0.015089413955114648 0.0042870309418983074 -0.0015066437148358312 0.047390622178092652 0.11310460040817662
decision_type=2 10 2 2 2 2 2
left_child=1 -1 -3 4 5 -4 -2
right_child=6 2 3 -5 -6 -7 -8
leaf_value=-0.0002603995546671575 1.46201498787483e-05 -6.7948440580099022e-05 0.00040839575548633629 7.3973086976262582e-05 -0.00036183149567956826 -0.00016282748788386139 -8.7615953925807791e-05
leaf_weight=25 489 43 30 62 42 25 32
leaf_count=25 489 43 30 62 42 25 32
internal_value=0.00026738 -0.0027533 -0.00123762 0.000786164 -0.00335052 0.005 0.00158349
internal_weight=748 227 202 159 97 55 521
internal_count=748 227 202 159 97 55 521
is_linear=0
shrinkage=0.05


end of trees

feature_importances:
vix_chg_1d=41
dvol_z_20=40
dist_ma50=34
vix_level=34
atr_pct=33
dist_ma20=32
dist_ma200=31
overnight_gap=29
ret_5d=27
spy_ret_1d=25
sector_ret_1d=20
ret_20d=18
spy_ret_20d=18
parkinson_20=17
spy_ret_5d=17
sector_ret_5d=17
ret_1d=15

parameters:
[boosting: gbdt]
[objective: quantile]
[metric: quantile]
[tree_learner: serial]
[device_type: cpu]
[data_sample_strategy: bagging]
[data: ]
[valid: ]
[num_iterations: 80]
[learning_rate: 0.05]
[num_leaves: 8]
[num_threads: 1]
[seed: 0]
[deterministic: 0]
[force_col_wise: 1]
[force_row_wise: 0]
[histogram_pool_size: -1]
[max_depth: -1]
[min_data_in_leaf: 25]
[min_sum_hessian_in_leaf: 0.001]
[bagging_fraction: 0.9]
[pos_bagging_fraction: 1]
[neg_bagging_fraction: 1]
[bagging_freq: 1]
[bagging_seed: 3]
[bagging_by_query: 0]
[feature_fraction: 0.9]
[feature_fraction_bynode: 1]
[feature_fraction_seed: 2]
[extra_trees: 0]
[extra_seed: 6]
[early_stopping_round: 0]
[early_stopping_min_delta: 0]
[first_metric_only: 0]
[max_delta_step: 0]
[lambda_l1: 0]
[lambda_l2: 0]
[linear_lambda: 0]
[min_gain_to_split: 0]
[drop_rate: 0.1]
[max_drop: 50]
[skip_drop: 0.5]
[xgboost_dart_mode: 0]
[uniform_drop: 0]
[drop_seed: 4]
[top_rate: 0.2]
[other_rate: 0.1]
[min_data_per_group: 100]
[max_cat_threshold: 32]
[cat_l2: 10]
[cat_smooth: 10]
[max_cat_to_onehot: 4]
[top_k: 20]
[monotone_constraints: ]
[monotone_constraints_method: basic]
[monotone_penalty: 0]
[feature_contri: ]
[forcedsplits_filename: ]
[refit_decay_rate: 0.9]
[cegb_tradeoff: 1]
[cegb_penalty_split: 0]
[cegb_penalty_feature_lazy: ]
[cegb_penalty_feature_coupled: ]
[path_smooth: 0]
[interaction_constraints: ]
[verbosity: -1]
[saved_feature_importance_type: 0]
[use_quantized_grad: 0]
[num_grad_quant_bins: 4]
[quant_train_renew_leaf: 0]
[stochastic_rounding: 1]
[linear_tree: 0]
[max_bin: 255]
[max_bin_by_feature: ]
[min_data_in_bin: 3]
[bin_construct_sample_cnt: 200000]
[data_random_seed: 1]
[is_enable_sparse: 1]
[enable_bundle: 1]
[use_missing: 1]
[zero_as_missing: 0]
[feature_pre_filter: 1]
[pre_partition: 0]
[two_round: 0]
[header: 0]
[label_column: ]
[weight_column: ]
[group_column: ]
[ignore_column: ]
[categorical_feature: ]
[forcedbins_filename: ]
[precise_float_parser: 0]
[parser_config_file: ]
[objective_seed: 5]
[num_class: 1]
[is_unbalance: 0]
[scale_pos_weight: 1]
[sigmoid: 1]
[boost_from_average: 1]
[reg_sqrt: 0]
[alpha: 0.5]
[fair_c: 1]
[poisson_max_delta_step: 0.7]
[tweedie_variance_power: 1.5]
[lambdarank_truncation_level: 30]
[lambdarank_norm: 1]
[label_gain: ]
[lambdarank_position_bias_regularization: 0]
[eval_at: ]
[multi_error_top_k: 1]
[auc_mu_weights: ]
[num_machines: 1]
[local_listen_port: 12400]
[time_out: 120]
[machine_list_filename: ]
[machines: ]
[gpu_platform_id: -1]
[gpu_device_id: -1]
[gpu_device_id_list: ]
[gpu_use_dp: 0]
[num_gpu: 1]

end of parameters

pandas_categorical:[]
